Spectral Irradiance, W m-2 nm-1
values at z =      0.000 km
Columns: wavelength (nm), times (hrs.) or sza (deg.)
    wc, nm     11.000     11.500     12.000     12.500     13.000
    sza =      13.533      8.568      8.629     13.650     20.223
  280.5000  2.242E-13  3.546E-13  3.531E-13  2.212E-13  8.389E-14
  281.5000  5.801E-12  8.816E-12  8.781E-12  5.731E-12  2.366E-12
  282.5000  6.490E-11  9.528E-11  9.494E-11  6.418E-11  2.850E-11
  283.5000  2.822E-10  4.051E-10  4.038E-10  2.793E-10  1.301E-10
  284.5000  2.479E-09  3.417E-09  3.407E-09  2.456E-09  1.247E-09
  285.5000  7.741E-09  1.035E-08  1.032E-08  7.676E-09  4.154E-09
  286.5000  8.376E-08  1.094E-07  1.092E-07  8.312E-08  4.725E-08
  287.5000  4.356E-07  5.547E-07  5.535E-07  4.326E-07  2.597E-07
  288.5000  1.964E-06  2.432E-06  2.427E-06  1.952E-06  1.243E-06
  289.5000  9.990E-06  1.212E-05  1.210E-05  9.935E-06  6.604E-06
  290.5000  3.750E-05  4.475E-05  4.468E-05  3.731E-05  2.570E-05
  291.5000  1.097E-04  1.284E-04  1.282E-04  1.092E-04  7.832E-05
  292.5000  2.468E-04  2.844E-04  2.840E-04  2.458E-04  1.822E-04
  293.5000  6.675E-04  7.581E-04  7.572E-04  6.651E-04  5.087E-04
  294.5000  1.205E-03  1.352E-03  1.351E-03  1.201E-03  9.410E-04
  295.5000  2.864E-03  3.176E-03  3.173E-03  2.855E-03  2.297E-03
  296.5000  4.772E-03  5.239E-03  5.234E-03  4.759E-03  3.912E-03
  297.5000  8.782E-03  9.555E-03  9.547E-03  8.761E-03  7.338E-03
  298.5000  1.012E-02  1.093E-02  1.092E-02  1.010E-02  8.593E-03
  299.5000  2.185E-02  2.343E-02  2.341E-02  2.181E-02  1.884E-02
  300.5000  1.999E-02  2.132E-02  2.130E-02  1.995E-02  1.744E-02
  301.5000  3.865E-02  4.097E-02  4.095E-02  3.858E-02  3.414E-02
  302.5000  4.735E-02  5.000E-02  4.998E-02  4.728E-02  4.218E-02
  303.5000  7.920E-02  8.324E-02  8.320E-02  7.908E-02  7.125E-02
  304.5000  8.569E-02  8.983E-02  8.979E-02  8.557E-02  7.753E-02
  305.5000  1.114E-01  1.163E-01  1.163E-01  1.113E-01  1.016E-01
  306.5000  1.156E-01  1.205E-01  1.204E-01  1.154E-01  1.058E-01
  307.5000  1.646E-01  1.710E-01  1.710E-01  1.644E-01  1.518E-01
  308.5000  1.834E-01  1.903E-01  1.902E-01  1.832E-01  1.696E-01
  309.5000  1.603E-01  1.660E-01  1.659E-01  1.601E-01  1.489E-01
  310.5000  2.170E-01  2.243E-01  2.242E-01  2.168E-01  2.022E-01
  311.5000  2.781E-01  2.872E-01  2.871E-01  2.778E-01  2.598E-01
  312.5000  2.693E-01  2.776E-01  2.776E-01  2.691E-01  2.526E-01
  313.5000  3.049E-01  3.142E-01  3.141E-01  3.046E-01  2.862E-01
  314.5000  3.027E-01  3.114E-01  3.113E-01  3.024E-01  2.851E-01
  315.5000  3.122E-01  3.211E-01  3.211E-01  3.120E-01  2.942E-01
  316.5000  3.093E-01  3.177E-01  3.176E-01  3.090E-01  2.922E-01
  317.5000  4.372E-01  4.491E-01  4.490E-01  4.369E-01  4.131E-01
  318.5000  3.421E-01  3.510E-01  3.509E-01  3.418E-01  3.240E-01
  319.5000  4.169E-01  4.276E-01  4.275E-01  4.165E-01  3.950E-01
  320.5000  5.064E-01  5.194E-01  5.193E-01  5.061E-01  4.802E-01
  321.5000  4.277E-01  4.382E-01  4.381E-01  4.274E-01  4.064E-01
  322.5000  4.322E-01  4.431E-01  4.430E-01  4.319E-01  4.101E-01
  323.5000  4.421E-01  4.527E-01  4.526E-01  4.418E-01  4.206E-01
  324.5000  5.188E-01  5.312E-01  5.311E-01  5.184E-01  4.935E-01
  325.5000  5.818E-01  5.959E-01  5.958E-01  5.815E-01  5.534E-01
  326.5000  7.001E-01  7.164E-01  7.162E-01  6.996E-01  6.670E-01
  327.5000  6.530E-01  6.683E-01  6.682E-01  6.525E-01  6.219E-01
  328.5000  6.027E-01  6.168E-01  6.167E-01  6.023E-01  5.740E-01
  329.5000  7.772E-01  7.950E-01  7.948E-01  7.767E-01  7.413E-01
  330.5000  7.078E-01  7.241E-01  7.240E-01  7.074E-01  6.748E-01
  331.5000  6.995E-01  7.156E-01  7.155E-01  6.991E-01  6.669E-01
  332.5000  6.860E-01  7.015E-01  7.014E-01  6.856E-01  6.546E-01
  333.5000  6.455E-01  6.601E-01  6.600E-01  6.451E-01  6.158E-01
  334.5000  7.203E-01  7.366E-01  7.364E-01  7.199E-01  6.873E-01
  335.5000  7.284E-01  7.447E-01  7.445E-01  7.280E-01  6.954E-01
  336.5000  5.696E-01  5.823E-01  5.822E-01  5.692E-01  5.438E-01
  337.5000  6.259E-01  6.399E-01  6.398E-01  6.255E-01  5.974E-01
  338.5000  6.589E-01  6.736E-01  6.734E-01  6.586E-01  6.293E-01
  339.5000  7.159E-01  7.317E-01  7.316E-01  7.154E-01  6.837E-01
  340.5000  7.656E-01  7.826E-01  7.824E-01  7.652E-01  7.312E-01
  341.5000  6.790E-01  6.939E-01  6.938E-01  6.786E-01  6.486E-01
  342.5000  7.517E-01  7.682E-01  7.681E-01  7.513E-01  7.182E-01
  343.5000  7.808E-01  7.979E-01  7.978E-01  7.803E-01  7.460E-01
  344.5000  5.473E-01  5.593E-01  5.592E-01  5.470E-01  5.229E-01
  345.5000  7.487E-01  7.650E-01  7.649E-01  7.482E-01  7.155E-01
  346.5000  7.005E-01  7.158E-01  7.157E-01  7.001E-01  6.695E-01
  347.5000  6.841E-01  6.990E-01  6.989E-01  6.837E-01  6.539E-01
  348.5000  7.514E-01  7.677E-01  7.675E-01  7.509E-01  7.182E-01
  349.5000  6.294E-01  6.431E-01  6.430E-01  6.291E-01  6.017E-01
  350.5000  8.808E-01  8.999E-01  8.998E-01  8.803E-01  8.421E-01
  351.5000  7.589E-01  7.753E-01  7.752E-01  7.585E-01  7.256E-01
  352.5000  6.841E-01  6.989E-01  6.987E-01  6.837E-01  6.541E-01
  353.5000  8.230E-01  8.407E-01  8.406E-01  8.225E-01  7.870E-01
  354.5000  8.902E-01  9.094E-01  9.092E-01  8.897E-01  8.514E-01
  355.5000  8.316E-01  8.494E-01  8.493E-01  8.311E-01  7.954E-01
  356.5000  7.714E-01  7.879E-01  7.878E-01  7.710E-01  7.378E-01
  357.5000  6.557E-01  6.697E-01  6.696E-01  6.553E-01  6.272E-01
  358.5000  5.057E-01  5.165E-01  5.164E-01  5.054E-01  4.838E-01
  359.5000  8.507E-01  8.689E-01  8.687E-01  8.503E-01  8.139E-01
  360.5000  7.882E-01  8.050E-01  8.048E-01  7.878E-01  7.541E-01
  361.5000  7.103E-01  7.254E-01  7.253E-01  7.099E-01  6.796E-01
  362.5000  8.337E-01  8.514E-01  8.513E-01  8.333E-01  7.978E-01
  363.5000  7.413E-01  7.570E-01  7.569E-01  7.409E-01  7.094E-01
  364.5000  8.084E-01  8.255E-01  8.253E-01  8.079E-01  7.736E-01
  365.5000  9.846E-01  1.005E+00  1.005E+00  9.841E-01  9.424E-01
  366.5000  1.042E+00  1.064E+00  1.063E+00  1.041E+00  9.970E-01
  367.5000  9.885E-01  1.009E+00  1.009E+00  9.880E-01  9.462E-01
  368.5000  8.680E-01  8.863E-01  8.861E-01  8.675E-01  8.310E-01
  369.5000  1.041E+00  1.063E+00  1.062E+00  1.040E+00  9.964E-01
  370.5000  9.439E-01  9.637E-01  9.635E-01  9.434E-01  9.037E-01
  371.5000  1.080E+00  1.102E+00  1.102E+00  1.079E+00  1.034E+00
  372.5000  7.971E-01  8.138E-01  8.136E-01  7.967E-01  7.633E-01
  373.5000  7.202E-01  7.353E-01  7.351E-01  7.198E-01  6.897E-01
  374.5000  7.902E-01  8.066E-01  8.065E-01  7.897E-01  7.567E-01
  375.5000  8.912E-01  9.097E-01  9.096E-01  8.907E-01  8.535E-01
  376.5000  8.896E-01  9.080E-01  9.079E-01  8.891E-01  8.520E-01
  377.5000  1.059E+00  1.081E+00  1.081E+00  1.058E+00  1.014E+00
  378.5000  1.154E+00  1.178E+00  1.177E+00  1.153E+00  1.105E+00
  379.5000  8.532E-01  8.709E-01  8.707E-01  8.527E-01  8.173E-01
  380.5000  1.026E+00  1.047E+00  1.047E+00  1.025E+00  9.826E-01
  381.5000  9.635E-01  9.834E-01  9.832E-01  9.630E-01  9.231E-01
  382.5000  6.418E-01  6.550E-01  6.549E-01  6.414E-01  6.149E-01
  383.5000  5.634E-01  5.750E-01  5.749E-01  5.631E-01  5.398E-01
  384.5000  8.452E-01  8.625E-01  8.624E-01  8.447E-01  8.098E-01
  385.5000  8.359E-01  8.530E-01  8.529E-01  8.354E-01  8.010E-01
  386.5000  8.518E-01  8.692E-01  8.691E-01  8.513E-01  8.162E-01
  387.5000  7.913E-01  8.075E-01  8.074E-01  7.909E-01  7.584E-01
  388.5000  7.929E-01  8.091E-01  8.090E-01  7.925E-01  7.599E-01
  389.5000  9.996E-01  1.020E+00  1.020E+00  9.991E-01  9.581E-01
  390.5000  9.815E-01  1.002E+00  1.001E+00  9.810E-01  9.408E-01
  391.5000  1.164E+00  1.188E+00  1.188E+00  1.163E+00  1.116E+00
  392.5000  8.727E-01  8.904E-01  8.903E-01  8.722E-01  8.365E-01
  393.5000  3.793E-01  3.870E-01  3.869E-01  3.791E-01  3.636E-01
  394.5000  8.922E-01  9.103E-01  9.102E-01  8.917E-01  8.554E-01
  395.5000  1.148E+00  1.171E+00  1.171E+00  1.147E+00  1.100E+00
  396.5000  6.737E-01  6.873E-01  6.872E-01  6.733E-01  6.459E-01
  397.5000  7.772E-01  7.929E-01  7.928E-01  7.768E-01  7.452E-01
  398.5000  1.335E+00  1.362E+00  1.362E+00  1.334E+00  1.280E+00
  399.5000  1.388E+00  1.416E+00  1.416E+00  1.388E+00  1.331E+00
  400.5000  1.459E+00  1.489E+00  1.488E+00  1.458E+00  1.399E+00
  401.5000  1.501E+00  1.531E+00  1.531E+00  1.500E+00  1.439E+00
  402.5000  1.558E+00  1.589E+00  1.589E+00  1.557E+00  1.494E+00
  403.5000  1.425E+00  1.454E+00  1.454E+00  1.425E+00  1.367E+00
  404.5000  1.398E+00  1.426E+00  1.426E+00  1.397E+00  1.341E+00
  405.5000  1.452E+00  1.481E+00  1.480E+00  1.451E+00  1.392E+00
  406.5000  1.367E+00  1.394E+00  1.394E+00  1.366E+00  1.311E+00
  407.5000  1.378E+00  1.405E+00  1.405E+00  1.377E+00  1.322E+00
  408.5000  1.534E+00  1.565E+00  1.565E+00  1.533E+00  1.472E+00
  409.5000  1.504E+00  1.534E+00  1.533E+00  1.503E+00  1.443E+00
  410.5000  1.304E+00  1.330E+00  1.329E+00  1.303E+00  1.251E+00
  411.5000  1.567E+00  1.598E+00  1.597E+00  1.566E+00  1.503E+00
  412.5000  1.552E+00  1.583E+00  1.583E+00  1.551E+00  1.489E+00
  413.5000  1.505E+00  1.535E+00  1.535E+00  1.504E+00  1.444E+00
  414.5000  1.547E+00  1.577E+00  1.577E+00  1.546E+00  1.484E+00
  415.5000  1.479E+00  1.508E+00  1.508E+00  1.478E+00  1.419E+00
  416.5000  1.609E+00  1.641E+00  1.641E+00  1.609E+00  1.545E+00
  417.5000  1.471E+00  1.500E+00  1.500E+00  1.470E+00  1.412E+00
  418.5000  1.482E+00  1.512E+00  1.511E+00  1.481E+00  1.423E+00
  419.5000  1.531E+00  1.561E+00  1.561E+00  1.530E+00  1.469E+00
------------------------------------------------------------
Dose rates, W m-2
   1 = UV-B, 280-315 nm                                  
   2 = UV-A, 315-400 nm                                  
   3 = Gaussian, 320 nm, 10 nm FWHM                      
   4 = RB Meter, model 501                               
   5 = DNA damage, in vitro (Setlow, 1974)               
   6 = UV index (WMO, 1994; Webb et al., 2011)           
   7 = Previtamin-D3 (CIE 2006)                          
values at z =      0.000 km
Columns: time, sza, weighting spectra
time, hrs.  sza, deg.          1          2          3          4          5          6          7
   11.0000     13.533  2.429E+00  6.481E+01  4.276E-01  7.426E-01  1.020E-02  1.455E+01  7.325E-01
   11.5000      8.568  2.519E+00  6.621E+01  4.386E-01  7.733E-01  1.082E-02  1.520E+01  7.654E-01
   12.0000      8.629  2.518E+00  6.620E+01  4.385E-01  7.730E-01  1.082E-02  1.520E+01  7.651E-01
   12.5000     13.650  2.426E+00  6.478E+01  4.273E-01  7.417E-01  1.019E-02  1.454E+01  7.316E-01
   13.0000     20.223  2.249E+00  6.198E+01  4.054E-01  6.820E-01  9.018E-03  1.328E+01  6.677E-01
------------------------------------------------------------
