Spectral Irradiance, W m-2 nm-1
values at z =      0.000 km
Columns: wavelength (nm), times (hrs.) or sza (deg.)
    wc, nm     11.000     11.500     12.000     12.500     13.000
    sza =      83.633     83.518     83.499     83.577     83.754
  280.5000  1.100E-20  1.112E-20  1.115E-20  1.106E-20  1.087E-20
  281.5000  7.280E-19  7.363E-19  7.377E-19  7.321E-19  7.194E-19
  282.5000  1.830E-17  1.851E-17  1.854E-17  1.840E-17  1.808E-17
  283.5000  1.341E-16  1.357E-16  1.359E-16  1.349E-16  1.325E-16
  284.5000  3.107E-15  3.144E-15  3.150E-15  3.125E-15  3.069E-15
  285.5000  1.996E-14  2.019E-14  2.023E-14  2.007E-14  1.971E-14
  286.5000  3.765E-13  3.810E-13  3.817E-13  3.787E-13  3.718E-13
  287.5000  3.653E-12  3.698E-12  3.705E-12  3.675E-12  3.607E-12
  288.5000  3.281E-11  3.322E-11  3.329E-11  3.301E-11  3.239E-11
  289.5000  2.748E-10  2.783E-10  2.789E-10  2.765E-10  2.712E-10
  290.5000  1.576E-09  1.596E-09  1.600E-09  1.586E-09  1.555E-09
  291.5000  7.527E-09  7.627E-09  7.644E-09  7.576E-09  7.424E-09
  292.5000  2.554E-08  2.589E-08  2.595E-08  2.571E-08  2.518E-08
  293.5000  1.028E-07  1.042E-07  1.045E-07  1.035E-07  1.013E-07
  294.5000  2.559E-07  2.596E-07  2.602E-07  2.577E-07  2.520E-07
  295.5000  8.670E-07  8.800E-07  8.823E-07  8.733E-07  8.535E-07
  296.5000  1.970E-06  2.000E-06  2.006E-06  1.985E-06  1.938E-06
  297.5000  4.823E-06  4.902E-06  4.915E-06  4.861E-06  4.742E-06
  298.5000  7.182E-06  7.303E-06  7.324E-06  7.241E-06  7.056E-06
  299.5000  2.007E-05  2.042E-05  2.048E-05  2.024E-05  1.970E-05
  300.5000  2.277E-05  2.319E-05  2.326E-05  2.298E-05  2.234E-05
  301.5000  5.692E-05  5.804E-05  5.823E-05  5.746E-05  5.577E-05
  302.5000  8.395E-05  8.569E-05  8.599E-05  8.479E-05  8.217E-05
  303.5000  1.801E-04  1.842E-04  1.848E-04  1.821E-04  1.760E-04
  304.5000  2.288E-04  2.342E-04  2.352E-04  2.314E-04  2.233E-04
  305.5000  3.932E-04  4.035E-04  4.053E-04  3.982E-04  3.828E-04
  306.5000  4.661E-04  4.789E-04  4.811E-04  4.723E-04  4.531E-04
  307.5000  8.984E-04  9.250E-04  9.296E-04  9.112E-04  8.713E-04
  308.5000  1.138E-03  1.173E-03  1.179E-03  1.155E-03  1.103E-03
  309.5000  1.278E-03  1.319E-03  1.325E-03  1.298E-03  1.237E-03
  310.5000  2.111E-03  2.178E-03  2.190E-03  2.144E-03  2.043E-03
  311.5000  3.109E-03  3.207E-03  3.224E-03  3.156E-03  3.008E-03
  312.5000  3.958E-03  4.080E-03  4.101E-03  4.017E-03  3.832E-03
  313.5000  4.783E-03  4.930E-03  4.955E-03  4.854E-03  4.632E-03
  314.5000  6.149E-03  6.329E-03  6.359E-03  6.236E-03  5.963E-03
  315.5000  6.616E-03  6.808E-03  6.840E-03  6.709E-03  6.418E-03
  316.5000  8.116E-03  8.338E-03  8.375E-03  8.223E-03  7.886E-03
  317.5000  1.147E-02  1.178E-02  1.184E-02  1.162E-02  1.114E-02
  318.5000  1.101E-02  1.129E-02  1.134E-02  1.115E-02  1.072E-02
  319.5000  1.395E-02  1.430E-02  1.436E-02  1.412E-02  1.359E-02
  320.5000  1.778E-02  1.822E-02  1.830E-02  1.800E-02  1.733E-02
  321.5000  1.826E-02  1.867E-02  1.874E-02  1.846E-02  1.783E-02
  322.5000  1.585E-02  1.624E-02  1.630E-02  1.604E-02  1.545E-02
  323.5000  2.063E-02  2.107E-02  2.115E-02  2.084E-02  2.016E-02
  324.5000  2.399E-02  2.451E-02  2.459E-02  2.424E-02  2.344E-02
  325.5000  2.607E-02  2.665E-02  2.674E-02  2.635E-02  2.547E-02
  326.5000  3.703E-02  3.777E-02  3.790E-02  3.739E-02  3.625E-02
  327.5000  3.274E-02  3.342E-02  3.354E-02  3.307E-02  3.203E-02
  328.5000  3.029E-02  3.092E-02  3.103E-02  3.060E-02  2.964E-02
  329.5000  4.425E-02  4.510E-02  4.525E-02  4.466E-02  4.336E-02
  330.5000  3.829E-02  3.906E-02  3.918E-02  3.866E-02  3.750E-02
  331.5000  3.747E-02  3.823E-02  3.835E-02  3.784E-02  3.669E-02
  332.5000  4.025E-02  4.101E-02  4.114E-02  4.062E-02  3.945E-02
  333.5000  3.646E-02  3.717E-02  3.729E-02  3.680E-02  3.572E-02
  334.5000  4.154E-02  4.234E-02  4.247E-02  4.193E-02  4.071E-02
  335.5000  4.391E-02  4.473E-02  4.486E-02  4.430E-02  4.305E-02
  336.5000  3.393E-02  3.457E-02  3.468E-02  3.424E-02  3.327E-02
  337.5000  3.620E-02  3.689E-02  3.701E-02  3.653E-02  3.547E-02
  338.5000  3.993E-02  4.067E-02  4.080E-02  4.029E-02  3.915E-02
  339.5000  4.369E-02  4.450E-02  4.463E-02  4.408E-02  4.284E-02
  340.5000  4.599E-02  4.685E-02  4.700E-02  4.641E-02  4.509E-02
  341.5000  4.179E-02  4.256E-02  4.269E-02  4.216E-02  4.099E-02
  342.5000  4.651E-02  4.737E-02  4.751E-02  4.693E-02  4.562E-02
  343.5000  4.797E-02  4.886E-02  4.901E-02  4.840E-02  4.704E-02
  344.5000  3.335E-02  3.398E-02  3.408E-02  3.366E-02  3.271E-02
  345.5000  4.673E-02  4.759E-02  4.773E-02  4.714E-02  4.583E-02
  346.5000  4.316E-02  4.396E-02  4.410E-02  4.355E-02  4.233E-02
  347.5000  4.226E-02  4.304E-02  4.318E-02  4.264E-02  4.145E-02
  348.5000  4.669E-02  4.755E-02  4.770E-02  4.711E-02  4.579E-02
  349.5000  3.913E-02  3.985E-02  3.997E-02  3.948E-02  3.837E-02
  350.5000  5.487E-02  5.588E-02  5.605E-02  5.536E-02  5.381E-02
  351.5000  4.723E-02  4.810E-02  4.825E-02  4.765E-02  4.632E-02
  352.5000  4.268E-02  4.347E-02  4.360E-02  4.306E-02  4.186E-02
  353.5000  5.153E-02  5.248E-02  5.264E-02  5.199E-02  5.054E-02
  354.5000  5.591E-02  5.694E-02  5.711E-02  5.641E-02  5.484E-02
  355.5000  5.228E-02  5.325E-02  5.341E-02  5.275E-02  5.128E-02
  356.5000  4.854E-02  4.943E-02  4.958E-02  4.897E-02  4.760E-02
  357.5000  4.128E-02  4.204E-02  4.216E-02  4.164E-02  4.048E-02
  358.5000  3.190E-02  3.249E-02  3.259E-02  3.218E-02  3.129E-02
  359.5000  5.371E-02  5.470E-02  5.487E-02  5.419E-02  5.268E-02
  360.5000  4.981E-02  5.073E-02  5.089E-02  5.026E-02  4.886E-02
  361.5000  4.496E-02  4.579E-02  4.593E-02  4.536E-02  4.410E-02
  362.5000  5.285E-02  5.382E-02  5.398E-02  5.332E-02  5.183E-02
  363.5000  4.704E-02  4.791E-02  4.805E-02  4.746E-02  4.614E-02
  364.5000  5.133E-02  5.228E-02  5.244E-02  5.179E-02  5.034E-02
  365.5000  6.256E-02  6.371E-02  6.391E-02  6.312E-02  6.135E-02
  366.5000  6.626E-02  6.748E-02  6.769E-02  6.685E-02  6.498E-02
  367.5000  6.296E-02  6.413E-02  6.432E-02  6.353E-02  6.175E-02
  368.5000  5.534E-02  5.636E-02  5.653E-02  5.583E-02  5.427E-02
  369.5000  6.641E-02  6.764E-02  6.785E-02  6.701E-02  6.513E-02
  370.5000  6.028E-02  6.140E-02  6.159E-02  6.082E-02  5.912E-02
  371.5000  6.901E-02  7.029E-02  7.051E-02  6.963E-02  6.768E-02
  372.5000  5.101E-02  5.195E-02  5.211E-02  5.147E-02  5.002E-02
  373.5000  4.612E-02  4.698E-02  4.712E-02  4.654E-02  4.523E-02
  374.5000  5.064E-02  5.158E-02  5.174E-02  5.110E-02  4.967E-02
  375.5000  5.717E-02  5.824E-02  5.841E-02  5.769E-02  5.607E-02
  376.5000  5.713E-02  5.819E-02  5.837E-02  5.764E-02  5.602E-02
  377.5000  6.806E-02  6.933E-02  6.954E-02  6.868E-02  6.675E-02
  378.5000  7.422E-02  7.560E-02  7.583E-02  7.489E-02  7.278E-02
  379.5000  5.494E-02  5.596E-02  5.613E-02  5.543E-02  5.387E-02
  380.5000  6.610E-02  6.733E-02  6.754E-02  6.670E-02  6.482E-02
  381.5000  6.215E-02  6.331E-02  6.350E-02  6.271E-02  6.095E-02
  382.5000  4.144E-02  4.221E-02  4.234E-02  4.181E-02  4.063E-02
  383.5000  3.640E-02  3.708E-02  3.720E-02  3.673E-02  3.570E-02
  384.5000  5.466E-02  5.568E-02  5.585E-02  5.516E-02  5.360E-02
  385.5000  5.411E-02  5.512E-02  5.529E-02  5.460E-02  5.306E-02
  386.5000  5.519E-02  5.622E-02  5.639E-02  5.569E-02  5.411E-02
  387.5000  5.132E-02  5.228E-02  5.244E-02  5.178E-02  5.032E-02
  388.5000  5.147E-02  5.243E-02  5.259E-02  5.193E-02  5.046E-02
  389.5000  6.494E-02  6.616E-02  6.636E-02  6.553E-02  6.367E-02
  390.5000  6.382E-02  6.502E-02  6.522E-02  6.440E-02  6.258E-02
  391.5000  7.576E-02  7.718E-02  7.742E-02  7.645E-02  7.428E-02
  392.5000  5.685E-02  5.791E-02  5.809E-02  5.736E-02  5.574E-02
  393.5000  2.473E-02  2.519E-02  2.527E-02  2.495E-02  2.424E-02
  394.5000  5.822E-02  5.932E-02  5.950E-02  5.875E-02  5.708E-02
  395.5000  7.496E-02  7.637E-02  7.661E-02  7.564E-02  7.349E-02
  396.5000  4.404E-02  4.487E-02  4.501E-02  4.444E-02  4.318E-02
  397.5000  5.086E-02  5.181E-02  5.198E-02  5.132E-02  4.986E-02
  398.5000  8.744E-02  8.910E-02  8.937E-02  8.824E-02  8.573E-02
  399.5000  9.101E-02  9.273E-02  9.302E-02  9.185E-02  8.922E-02
  400.5000  9.574E-02  9.755E-02  9.786E-02  9.662E-02  9.386E-02
  401.5000  9.857E-02  1.004E-01  1.007E-01  9.947E-02  9.663E-02
  402.5000  1.024E-01  1.043E-01  1.047E-01  1.033E-01  1.004E-01
  403.5000  9.378E-02  9.557E-02  9.586E-02  9.465E-02  9.193E-02
  404.5000  9.205E-02  9.380E-02  9.409E-02  9.290E-02  9.023E-02
  405.5000  9.569E-02  9.751E-02  9.781E-02  9.657E-02  9.380E-02
  406.5000  9.019E-02  9.190E-02  9.219E-02  9.102E-02  8.840E-02
  407.5000  9.098E-02  9.271E-02  9.301E-02  9.182E-02  8.918E-02
  408.5000  1.014E-01  1.033E-01  1.036E-01  1.023E-01  9.938E-02
  409.5000  9.946E-02  1.014E-01  1.017E-01  1.004E-01  9.748E-02
  410.5000  8.631E-02  8.796E-02  8.824E-02  8.711E-02  8.460E-02
  411.5000  1.038E-01  1.058E-01  1.061E-01  1.048E-01  1.018E-01
  412.5000  1.030E-01  1.050E-01  1.053E-01  1.039E-01  1.009E-01
  413.5000  9.995E-02  1.019E-01  1.022E-01  1.009E-01  9.796E-02
  414.5000  1.028E-01  1.048E-01  1.051E-01  1.038E-01  1.008E-01
  415.5000  9.840E-02  1.003E-01  1.006E-01  9.931E-02  9.643E-02
  416.5000  1.072E-01  1.092E-01  1.096E-01  1.082E-01  1.050E-01
  417.5000  9.803E-02  9.992E-02  1.002E-01  9.895E-02  9.607E-02
  418.5000  9.888E-02  1.008E-01  1.011E-01  9.980E-02  9.690E-02
  419.5000  1.022E-01  1.042E-01  1.045E-01  1.032E-01  1.002E-01
------------------------------------------------------------
Dose rates, W m-2
   1 = UV-B, 280-315 nm                                  
   2 = UV-A, 315-400 nm                                  
   3 = Gaussian, 320 nm, 10 nm FWHM                      
   4 = RB Meter, model 501                               
   5 = DNA damage, in vitro (Setlow, 1974)               
   6 = UV index (WMO, 1994; Webb et al., 2011)           
   7 = Previtamin-D3 (CIE 2006)                          
values at z =      0.000 km
Columns: time, sza, weighting spectra
time, hrs.  sza, deg.          1          2          3          4          5          6          7
   11.0000     83.633  2.489E-02  3.937E+00  1.566E-02  8.463E-03  4.322E-05  1.916E-01  4.705E-03
   11.5000     83.518  2.565E-02  4.011E+00  1.603E-02  8.688E-03  4.432E-05  1.962E-01  4.840E-03
   12.0000     83.499  2.577E-02  4.024E+00  1.609E-02  8.727E-03  4.451E-05  1.969E-01  4.863E-03
   12.5000     83.577  2.526E-02  3.973E+00  1.583E-02  8.572E-03  4.375E-05  1.938E-01  4.770E-03
   13.0000     83.754  2.412E-02  3.859E+00  1.527E-02  8.232E-03  4.209E-05  1.869E-01  4.566E-03
------------------------------------------------------------
