Spectral Irradiance, W m-2 nm-1
values at z =      0.000 km
Columns: wavelength (nm), times (hrs.) or sza (deg.)
    wc, nm     11.000     11.500     12.000     12.500     13.000
    sza =      95.493     95.038     94.822     94.848     95.113
  280.5000  3.339E-38  4.180E-35  1.630E-34  1.385E-34  2.000E-35
  281.5000  5.771E-35  3.883E-32  1.354E-31  1.165E-31  1.980E-32
  282.5000  2.431E-32  9.441E-30  2.983E-29  2.596E-29  5.088E-30
  283.5000  1.116E-30  3.016E-28  8.937E-28  7.838E-28  1.686E-28
  284.5000  6.774E-28  1.002E-25  2.668E-25  2.369E-25  5.951E-26
  285.5000  5.025E-26  4.628E-24  1.134E-23  1.017E-23  2.880E-24
  286.5000  6.216E-24  3.965E-22  9.120E-22  8.236E-22  2.559E-22
  287.5000  4.743E-22  2.046E-20  4.400E-20  4.005E-20  1.372E-20
  288.5000  3.994E-20  1.124E-18  2.248E-18  2.063E-18  7.856E-19
  289.5000  1.675E-18  3.430E-17  6.511E-17  6.011E-17  2.473E-17
  290.5000  3.679E-17  5.804E-16  1.056E-15  9.793E-16  4.290E-16
  291.5000  7.865E-16  9.364E-15  1.627E-14  1.517E-14  7.109E-15
  292.5000  9.146E-15  8.574E-14  1.434E-13  1.344E-13  6.657E-14
  293.5000  1.155E-13  8.712E-13  1.409E-12  1.325E-12  6.902E-13
  294.5000  7.075E-13  4.463E-12  7.022E-12  6.625E-12  3.594E-12
  295.5000  6.098E-12  3.221E-11  4.934E-11  4.670E-11  2.636E-11
  296.5000  3.001E-11  1.362E-10  2.040E-10  1.936E-10  1.130E-10
  297.5000  1.426E-10  5.693E-10  8.373E-10  7.964E-10  4.777E-10
  298.5000  3.684E-10  1.320E-09  1.911E-09  1.821E-09  1.118E-09
  299.5000  1.697E-09  5.529E-09  7.902E-09  7.543E-09  4.722E-09
  300.5000  2.808E-09  8.481E-09  1.200E-08  1.147E-08  7.292E-09
  301.5000  1.034E-08  2.893E-08  4.050E-08  3.878E-08  2.504E-08
  302.5000  1.946E-08  5.177E-08  7.198E-08  6.899E-08  4.499E-08
  303.5000  5.440E-08  1.369E-07  1.889E-07  1.812E-07  1.195E-07
  304.5000  7.970E-08  1.939E-07  2.664E-07  2.558E-07  1.698E-07
  305.5000  1.635E-07  3.806E-07  5.198E-07  4.998E-07  3.346E-07
  306.5000  2.075E-07  4.735E-07  6.449E-07  6.204E-07  4.169E-07
  307.5000  4.374E-07  9.660E-07  1.310E-06  1.261E-06  8.530E-07
  308.5000  5.713E-07  1.244E-06  1.683E-06  1.622E-06  1.100E-06
  309.5000  6.582E-07  1.404E-06  1.893E-06  1.826E-06  1.244E-06
  310.5000  1.100E-06  2.310E-06  3.108E-06  3.000E-06  2.050E-06
  311.5000  1.623E-06  3.376E-06  4.535E-06  4.380E-06  2.998E-06
  312.5000  2.062E-06  4.221E-06  5.652E-06  5.465E-06  3.755E-06
  313.5000  2.510E-06  5.111E-06  6.836E-06  6.612E-06  4.549E-06
  314.5000  3.233E-06  6.496E-06  8.663E-06  8.390E-06  5.792E-06
  315.5000  3.526E-06  7.057E-06  9.403E-06  9.110E-06  6.295E-06
  316.5000  4.430E-06  8.767E-06  1.165E-05  1.130E-05  7.834E-06
  317.5000  6.310E-06  1.247E-05  1.656E-05  1.607E-05  1.115E-05
  318.5000  6.392E-06  1.249E-05  1.653E-05  1.606E-05  1.118E-05
  319.5000  8.301E-06  1.616E-05  2.137E-05  2.077E-05  1.448E-05
  320.5000  1.079E-05  2.094E-05  2.766E-05  2.689E-05  1.876E-05
  321.5000  1.284E-05  2.457E-05  3.230E-05  3.146E-05  2.207E-05
  322.5000  9.889E-06  1.912E-05  2.522E-05  2.453E-05  1.714E-05
  323.5000  1.594E-05  3.027E-05  3.970E-05  3.869E-05  2.722E-05
  324.5000  1.847E-05  3.507E-05  4.600E-05  4.483E-05  3.154E-05
  325.5000  1.918E-05  3.651E-05  4.793E-05  4.670E-05  3.283E-05
  326.5000  3.523E-05  6.606E-05  8.632E-05  8.424E-05  5.952E-05
  327.5000  2.832E-05  5.333E-05  6.978E-05  6.807E-05  4.802E-05
  328.5000  2.593E-05  4.882E-05  6.388E-05  6.231E-05  4.397E-05
  329.5000  4.965E-05  9.236E-05  1.205E-04  1.176E-04  8.329E-05
  330.5000  3.788E-05  7.078E-05  9.241E-05  9.021E-05  6.380E-05
  331.5000  3.594E-05  6.722E-05  8.779E-05  8.569E-05  6.059E-05
  332.5000  4.857E-05  9.003E-05  1.173E-04  1.146E-04  8.122E-05
  333.5000  3.938E-05  7.325E-05  9.554E-05  9.331E-05  6.606E-05
  334.5000  4.708E-05  8.739E-05  1.139E-04  1.113E-04  7.883E-05
  335.5000  5.677E-05  1.049E-04  1.367E-04  1.336E-04  9.468E-05
  336.5000  4.196E-05  7.763E-05  1.012E-04  9.885E-05  7.005E-05
  337.5000  4.071E-05  7.551E-05  9.844E-05  9.616E-05  6.812E-05
  338.5000  5.152E-05  9.514E-05  1.240E-04  1.211E-04  8.585E-05
  339.5000  5.729E-05  1.057E-04  1.378E-04  1.346E-04  9.542E-05
  340.5000  5.692E-05  1.052E-04  1.371E-04  1.339E-04  9.491E-05
  341.5000  5.585E-05  1.030E-04  1.342E-04  1.311E-04  9.293E-05
  342.5000  6.287E-05  1.159E-04  1.510E-04  1.476E-04  1.046E-04
  343.5000  6.279E-05  1.158E-04  1.509E-04  1.475E-04  1.045E-04
  344.5000  4.221E-05  7.788E-05  1.015E-04  9.918E-05  7.028E-05
  345.5000  6.400E-05  1.179E-04  1.535E-04  1.501E-04  1.063E-04
  346.5000  5.602E-05  1.033E-04  1.345E-04  1.315E-04  9.318E-05
  347.5000  5.497E-05  1.013E-04  1.320E-04  1.290E-04  9.141E-05
  348.5000  6.164E-05  1.135E-04  1.479E-04  1.446E-04  1.024E-04
  349.5000  5.132E-05  9.452E-05  1.232E-04  1.204E-04  8.530E-05
  350.5000  7.201E-05  1.326E-04  1.728E-04  1.689E-04  1.197E-04
  351.5000  6.131E-05  1.129E-04  1.471E-04  1.438E-04  1.019E-04
  352.5000  5.554E-05  1.023E-04  1.333E-04  1.303E-04  9.228E-05
  353.5000  6.746E-05  1.242E-04  1.619E-04  1.582E-04  1.121E-04
  354.5000  7.353E-05  1.353E-04  1.764E-04  1.724E-04  1.221E-04
  355.5000  6.856E-05  1.261E-04  1.644E-04  1.608E-04  1.138E-04
  356.5000  6.336E-05  1.166E-04  1.520E-04  1.486E-04  1.052E-04
  357.5000  5.358E-05  9.859E-05  1.285E-04  1.257E-04  8.896E-05
  358.5000  4.143E-05  7.621E-05  9.938E-05  9.715E-05  6.877E-05
  359.5000  6.948E-05  1.278E-04  1.667E-04  1.629E-04  1.153E-04
  360.5000  6.423E-05  1.182E-04  1.541E-04  1.506E-04  1.066E-04
  361.5000  5.793E-05  1.066E-04  1.390E-04  1.358E-04  9.614E-05
  362.5000  6.794E-05  1.250E-04  1.630E-04  1.593E-04  1.127E-04
  363.5000  6.028E-05  1.109E-04  1.446E-04  1.414E-04  1.000E-04
  364.5000  6.547E-05  1.204E-04  1.571E-04  1.536E-04  1.086E-04
  365.5000  7.937E-05  1.460E-04  1.904E-04  1.862E-04  1.317E-04
  366.5000  8.386E-05  1.542E-04  2.012E-04  1.967E-04  1.392E-04
  367.5000  7.950E-05  1.462E-04  1.908E-04  1.865E-04  1.319E-04
  368.5000  6.960E-05  1.280E-04  1.670E-04  1.633E-04  1.155E-04
  369.5000  8.320E-05  1.530E-04  1.997E-04  1.952E-04  1.380E-04
  370.5000  7.522E-05  1.383E-04  1.806E-04  1.765E-04  1.248E-04
  371.5000  8.581E-05  1.578E-04  2.060E-04  2.014E-04  1.424E-04
  372.5000  6.319E-05  1.162E-04  1.517E-04  1.483E-04  1.048E-04
  373.5000  5.689E-05  1.046E-04  1.366E-04  1.335E-04  9.438E-05
  374.5000  6.219E-05  1.144E-04  1.494E-04  1.460E-04  1.032E-04
  375.5000  6.996E-05  1.287E-04  1.680E-04  1.642E-04  1.161E-04
  376.5000  6.964E-05  1.281E-04  1.673E-04  1.635E-04  1.155E-04
  377.5000  8.264E-05  1.520E-04  1.985E-04  1.941E-04  1.371E-04
  378.5000  8.974E-05  1.651E-04  2.156E-04  2.108E-04  1.489E-04
  379.5000  6.614E-05  1.217E-04  1.589E-04  1.554E-04  1.097E-04
  380.5000  7.926E-05  1.458E-04  1.905E-04  1.862E-04  1.315E-04
  381.5000  7.422E-05  1.365E-04  1.784E-04  1.744E-04  1.231E-04
  382.5000  4.928E-05  9.066E-05  1.185E-04  1.158E-04  8.176E-05
  383.5000  4.311E-05  7.932E-05  1.037E-04  1.013E-04  7.153E-05
  384.5000  6.447E-05  1.186E-04  1.551E-04  1.515E-04  1.070E-04
  385.5000  6.356E-05  1.169E-04  1.529E-04  1.494E-04  1.055E-04
  386.5000  6.455E-05  1.188E-04  1.553E-04  1.518E-04  1.071E-04
  387.5000  5.977E-05  1.100E-04  1.438E-04  1.406E-04  9.919E-05
  388.5000  5.969E-05  1.098E-04  1.437E-04  1.404E-04  9.905E-05
  389.5000  7.499E-05  1.380E-04  1.805E-04  1.764E-04  1.245E-04
  390.5000  7.340E-05  1.351E-04  1.767E-04  1.727E-04  1.218E-04
  391.5000  8.676E-05  1.597E-04  2.090E-04  2.042E-04  1.440E-04
  392.5000  6.482E-05  1.193E-04  1.561E-04  1.526E-04  1.076E-04
  393.5000  2.807E-05  5.169E-05  6.764E-05  6.611E-05  4.660E-05
  394.5000  6.581E-05  1.212E-04  1.586E-04  1.550E-04  1.092E-04
  395.5000  8.435E-05  1.553E-04  2.033E-04  1.987E-04  1.400E-04
  396.5000  4.935E-05  9.089E-05  1.190E-04  1.163E-04  8.194E-05
  397.5000  5.675E-05  1.045E-04  1.369E-04  1.337E-04  9.423E-05
  398.5000  9.717E-05  1.790E-04  2.344E-04  2.291E-04  1.614E-04
  399.5000  1.007E-04  1.855E-04  2.430E-04  2.374E-04  1.672E-04
  400.5000  1.055E-04  1.943E-04  2.545E-04  2.487E-04  1.751E-04
  401.5000  1.081E-04  1.991E-04  2.609E-04  2.549E-04  1.795E-04
  402.5000  1.118E-04  2.060E-04  2.699E-04  2.637E-04  1.857E-04
  403.5000  1.019E-04  1.879E-04  2.462E-04  2.406E-04  1.693E-04
  404.5000  9.961E-05  1.836E-04  2.407E-04  2.352E-04  1.655E-04
  405.5000  1.031E-04  1.901E-04  2.492E-04  2.435E-04  1.713E-04
  406.5000  9.672E-05  1.784E-04  2.338E-04  2.285E-04  1.607E-04
  407.5000  9.710E-05  1.791E-04  2.348E-04  2.294E-04  1.614E-04
  408.5000  1.077E-04  1.986E-04  2.605E-04  2.545E-04  1.790E-04
  409.5000  1.051E-04  1.939E-04  2.544E-04  2.485E-04  1.748E-04
  410.5000  9.082E-05  1.676E-04  2.198E-04  2.148E-04  1.510E-04
  411.5000  1.088E-04  2.007E-04  2.634E-04  2.573E-04  1.809E-04
  412.5000  1.075E-04  1.983E-04  2.603E-04  2.543E-04  1.787E-04
  413.5000  1.039E-04  1.917E-04  2.516E-04  2.458E-04  1.727E-04
  414.5000  1.063E-04  1.963E-04  2.577E-04  2.518E-04  1.769E-04
  415.5000  1.013E-04  1.870E-04  2.455E-04  2.398E-04  1.685E-04
  416.5000  1.097E-04  2.027E-04  2.661E-04  2.600E-04  1.826E-04
  417.5000  9.991E-05  1.845E-04  2.424E-04  2.368E-04  1.662E-04
  418.5000  1.003E-04  1.853E-04  2.435E-04  2.378E-04  1.669E-04
  419.5000  1.033E-04  1.908E-04  2.507E-04  2.449E-04  1.719E-04
------------------------------------------------------------
Dose rates, W m-2
   1 = UV-B, 280-315 nm                                  
   2 = UV-A, 315-400 nm                                  
   3 = Gaussian, 320 nm, 10 nm FWHM                      
   4 = RB Meter, model 501                               
   5 = DNA damage, in vitro (Setlow, 1974)               
   6 = UV index (WMO, 1994; Webb et al., 2011)           
   7 = Previtamin-D3 (CIE 2006)                          
values at z =      0.000 km
Columns: time, sza, weighting spectra
time, hrs.  sza, deg.          1          2          3          4          5          6          7
   11.0000     95.493  1.273E-05  4.680E-03  1.101E-05  5.236E-06  2.449E-08  1.557E-04  2.332E-06
   11.5000     95.038  2.641E-05  8.634E-03  2.112E-05  1.043E-05  5.019E-08  2.992E-04  4.927E-06
   12.0000     94.822  3.544E-05  1.127E-02  2.780E-05  1.385E-05  6.701E-08  3.941E-04  6.627E-06
   12.5000     94.848  3.424E-05  1.102E-02  2.706E-05  1.344E-05  6.492E-08  3.836E-04  6.401E-06
   13.0000     95.113  2.347E-05  7.787E-03  1.897E-05  9.316E-06  4.471E-08  2.685E-04  4.370E-06
------------------------------------------------------------
