Spectral Irradiance, W m-2 nm-1
values at z =      0.000 km
Columns: wavelength (nm), times (hrs.) or sza (deg.)
    wc, nm     11.000     11.500     12.000     12.500     13.000
    sza =      72.127     71.875     71.754     71.767     71.914
  280.5000  1.984E-25  2.021E-25  2.040E-25  2.038E-25  2.015E-25
  281.5000  3.914E-23  3.988E-23  4.025E-23  4.021E-23  3.977E-23
  282.5000  2.516E-21  2.565E-21  2.589E-21  2.587E-21  2.557E-21
  283.5000  3.396E-20  3.464E-20  3.497E-20  3.493E-20  3.453E-20
  284.5000  2.403E-18  2.452E-18  2.477E-18  2.474E-18  2.445E-18
  285.5000  3.534E-17  3.608E-17  3.645E-17  3.641E-17  3.596E-17
  286.5000  1.262E-15  1.290E-15  1.303E-15  1.302E-15  1.285E-15
  287.5000  2.497E-14  2.553E-14  2.580E-14  2.577E-14  2.544E-14
  288.5000  4.887E-13  5.001E-13  5.057E-13  5.051E-13  4.983E-13
  289.5000  7.173E-12  7.346E-12  7.432E-12  7.423E-12  7.318E-12
  290.5000  6.620E-11  6.786E-11  6.868E-11  6.859E-11  6.759E-11
  291.5000  5.463E-10  5.607E-10  5.679E-10  5.671E-10  5.584E-10
  292.5000  2.921E-09  3.003E-09  3.044E-09  3.040E-09  2.990E-09
  293.5000  1.824E-08  1.880E-08  1.908E-08  1.905E-08  1.871E-08
  294.5000  6.477E-08  6.697E-08  6.808E-08  6.796E-08  6.661E-08
  295.5000  3.274E-07  3.402E-07  3.466E-07  3.460E-07  3.381E-07
  296.5000  1.065E-06  1.112E-06  1.137E-06  1.134E-06  1.105E-06
  297.5000  3.687E-06  3.875E-06  3.971E-06  3.961E-06  3.845E-06
  298.5000  7.571E-06  7.996E-06  8.214E-06  8.191E-06  7.928E-06
  299.5000  2.955E-05  3.133E-05  3.224E-05  3.214E-05  3.104E-05
  300.5000  4.398E-05  4.670E-05  4.809E-05  4.794E-05  4.627E-05
  301.5000  1.495E-04  1.587E-04  1.634E-04  1.629E-04  1.573E-04
  302.5000  2.699E-04  2.863E-04  2.945E-04  2.936E-04  2.836E-04
  303.5000  7.286E-04  7.707E-04  7.918E-04  7.895E-04  7.640E-04
  304.5000  1.046E-03  1.105E-03  1.134E-03  1.131E-03  1.095E-03
  305.5000  2.103E-03  2.211E-03  2.265E-03  2.259E-03  2.194E-03
  306.5000  2.637E-03  2.766E-03  2.831E-03  2.824E-03  2.746E-03
  307.5000  5.450E-03  5.694E-03  5.814E-03  5.802E-03  5.655E-03
  308.5000  7.010E-03  7.310E-03  7.459E-03  7.443E-03  7.263E-03
  309.5000  7.878E-03  8.190E-03  8.343E-03  8.327E-03  8.140E-03
  310.5000  1.278E-02  1.325E-02  1.349E-02  1.346E-02  1.318E-02
  311.5000  1.846E-02  1.912E-02  1.944E-02  1.940E-02  1.902E-02
  312.5000  2.219E-02  2.291E-02  2.325E-02  2.322E-02  2.279E-02
  313.5000  2.644E-02  2.728E-02  2.768E-02  2.764E-02  2.715E-02
  314.5000  3.161E-02  3.252E-02  3.297E-02  3.292E-02  3.238E-02
  315.5000  3.364E-02  3.460E-02  3.506E-02  3.501E-02  3.445E-02
  316.5000  3.851E-02  3.951E-02  4.000E-02  3.995E-02  3.935E-02
  317.5000  5.454E-02  5.596E-02  5.666E-02  5.659E-02  5.574E-02
  318.5000  4.873E-02  4.991E-02  5.048E-02  5.042E-02  4.972E-02
  319.5000  6.097E-02  6.242E-02  6.312E-02  6.305E-02  6.219E-02
  320.5000  7.645E-02  7.823E-02  7.909E-02  7.900E-02  7.795E-02
  321.5000  7.288E-02  7.444E-02  7.519E-02  7.511E-02  7.419E-02
  322.5000  6.725E-02  6.879E-02  6.954E-02  6.946E-02  6.855E-02
  323.5000  7.968E-02  8.132E-02  8.212E-02  8.203E-02  8.106E-02
  324.5000  9.314E-02  9.507E-02  9.600E-02  9.590E-02  9.476E-02
  325.5000  1.027E-01  1.048E-01  1.059E-01  1.058E-01  1.045E-01
  326.5000  1.365E-01  1.391E-01  1.404E-01  1.403E-01  1.387E-01
  327.5000  1.235E-01  1.260E-01  1.272E-01  1.270E-01  1.256E-01
  328.5000  1.143E-01  1.166E-01  1.177E-01  1.176E-01  1.162E-01
  329.5000  1.587E-01  1.617E-01  1.632E-01  1.630E-01  1.613E-01
  330.5000  1.405E-01  1.432E-01  1.445E-01  1.444E-01  1.428E-01
  331.5000  1.383E-01  1.409E-01  1.422E-01  1.421E-01  1.405E-01
  332.5000  1.431E-01  1.458E-01  1.470E-01  1.469E-01  1.453E-01
  333.5000  1.319E-01  1.344E-01  1.356E-01  1.355E-01  1.340E-01
  334.5000  1.491E-01  1.519E-01  1.533E-01  1.531E-01  1.515E-01
  335.5000  1.549E-01  1.577E-01  1.591E-01  1.589E-01  1.573E-01
  336.5000  1.204E-01  1.227E-01  1.237E-01  1.236E-01  1.223E-01
  337.5000  1.303E-01  1.327E-01  1.339E-01  1.338E-01  1.323E-01
  338.5000  1.410E-01  1.436E-01  1.449E-01  1.447E-01  1.432E-01
  339.5000  1.540E-01  1.568E-01  1.582E-01  1.581E-01  1.564E-01
  340.5000  1.635E-01  1.665E-01  1.679E-01  1.678E-01  1.660E-01
  341.5000  1.472E-01  1.498E-01  1.511E-01  1.510E-01  1.494E-01
  342.5000  1.636E-01  1.666E-01  1.680E-01  1.679E-01  1.661E-01
  343.5000  1.695E-01  1.726E-01  1.741E-01  1.739E-01  1.721E-01
  344.5000  1.184E-01  1.206E-01  1.216E-01  1.215E-01  1.202E-01
  345.5000  1.643E-01  1.673E-01  1.688E-01  1.686E-01  1.669E-01
  346.5000  1.529E-01  1.557E-01  1.570E-01  1.569E-01  1.552E-01
  347.5000  1.497E-01  1.524E-01  1.537E-01  1.536E-01  1.520E-01
  348.5000  1.652E-01  1.682E-01  1.696E-01  1.695E-01  1.677E-01
  349.5000  1.386E-01  1.411E-01  1.423E-01  1.422E-01  1.407E-01
  350.5000  1.944E-01  1.979E-01  1.996E-01  1.994E-01  1.974E-01
  351.5000  1.676E-01  1.706E-01  1.721E-01  1.720E-01  1.702E-01
  352.5000  1.515E-01  1.542E-01  1.556E-01  1.554E-01  1.538E-01
  353.5000  1.828E-01  1.861E-01  1.878E-01  1.876E-01  1.856E-01
  354.5000  1.984E-01  2.019E-01  2.037E-01  2.035E-01  2.014E-01
  355.5000  1.856E-01  1.890E-01  1.906E-01  1.905E-01  1.885E-01
  356.5000  1.725E-01  1.756E-01  1.771E-01  1.770E-01  1.751E-01
  357.5000  1.468E-01  1.495E-01  1.508E-01  1.507E-01  1.491E-01
  358.5000  1.135E-01  1.156E-01  1.166E-01  1.165E-01  1.153E-01
  359.5000  1.913E-01  1.948E-01  1.965E-01  1.963E-01  1.942E-01
  360.5000  1.776E-01  1.808E-01  1.824E-01  1.822E-01  1.803E-01
  361.5000  1.604E-01  1.633E-01  1.647E-01  1.646E-01  1.628E-01
  362.5000  1.886E-01  1.921E-01  1.937E-01  1.935E-01  1.915E-01
  363.5000  1.681E-01  1.711E-01  1.726E-01  1.724E-01  1.706E-01
  364.5000  1.836E-01  1.869E-01  1.885E-01  1.883E-01  1.864E-01
  365.5000  2.239E-01  2.280E-01  2.299E-01  2.297E-01  2.274E-01
  366.5000  2.374E-01  2.417E-01  2.437E-01  2.435E-01  2.410E-01
  367.5000  2.257E-01  2.298E-01  2.318E-01  2.316E-01  2.292E-01
  368.5000  1.986E-01  2.021E-01  2.039E-01  2.037E-01  2.016E-01
  369.5000  2.385E-01  2.428E-01  2.449E-01  2.447E-01  2.421E-01
  370.5000  2.167E-01  2.206E-01  2.225E-01  2.223E-01  2.200E-01
  371.5000  2.483E-01  2.528E-01  2.549E-01  2.547E-01  2.521E-01
  372.5000  1.837E-01  1.870E-01  1.886E-01  1.884E-01  1.864E-01
  373.5000  1.662E-01  1.692E-01  1.707E-01  1.705E-01  1.688E-01
  374.5000  1.827E-01  1.860E-01  1.876E-01  1.874E-01  1.855E-01
  375.5000  2.064E-01  2.101E-01  2.119E-01  2.117E-01  2.095E-01
  376.5000  2.064E-01  2.101E-01  2.119E-01  2.117E-01  2.095E-01
  377.5000  2.461E-01  2.506E-01  2.527E-01  2.525E-01  2.499E-01
  378.5000  2.686E-01  2.735E-01  2.758E-01  2.756E-01  2.727E-01
  379.5000  1.990E-01  2.026E-01  2.043E-01  2.041E-01  2.020E-01
  380.5000  2.397E-01  2.440E-01  2.461E-01  2.458E-01  2.433E-01
  381.5000  2.255E-01  2.296E-01  2.315E-01  2.313E-01  2.289E-01
  382.5000  1.505E-01  1.532E-01  1.545E-01  1.544E-01  1.528E-01
  383.5000  1.323E-01  1.347E-01  1.358E-01  1.357E-01  1.343E-01
  384.5000  1.989E-01  2.024E-01  2.041E-01  2.040E-01  2.019E-01
  385.5000  1.970E-01  2.005E-01  2.023E-01  2.021E-01  2.000E-01
  386.5000  2.011E-01  2.047E-01  2.064E-01  2.063E-01  2.041E-01
  387.5000  1.872E-01  1.905E-01  1.921E-01  1.920E-01  1.900E-01
  388.5000  1.879E-01  1.912E-01  1.928E-01  1.927E-01  1.907E-01
  389.5000  2.372E-01  2.415E-01  2.435E-01  2.433E-01  2.408E-01
  390.5000  2.333E-01  2.375E-01  2.395E-01  2.393E-01  2.368E-01
  391.5000  2.772E-01  2.821E-01  2.845E-01  2.843E-01  2.814E-01
  392.5000  2.082E-01  2.119E-01  2.137E-01  2.135E-01  2.113E-01
  393.5000  9.062E-02  9.223E-02  9.301E-02  9.293E-02  9.198E-02
  394.5000  2.135E-01  2.173E-01  2.192E-01  2.190E-01  2.167E-01
  395.5000  2.751E-01  2.800E-01  2.824E-01  2.821E-01  2.792E-01
  396.5000  1.618E-01  1.646E-01  1.660E-01  1.659E-01  1.642E-01
  397.5000  1.869E-01  1.902E-01  1.919E-01  1.917E-01  1.897E-01
  398.5000  3.216E-01  3.274E-01  3.301E-01  3.298E-01  3.265E-01
  399.5000  3.350E-01  3.410E-01  3.438E-01  3.435E-01  3.400E-01
  400.5000  3.527E-01  3.589E-01  3.620E-01  3.616E-01  3.580E-01
  401.5000  3.634E-01  3.698E-01  3.729E-01  3.726E-01  3.688E-01
  402.5000  3.777E-01  3.844E-01  3.876E-01  3.873E-01  3.834E-01
  403.5000  3.462E-01  3.523E-01  3.553E-01  3.550E-01  3.514E-01
  404.5000  3.400E-01  3.460E-01  3.489E-01  3.486E-01  3.451E-01
  405.5000  3.537E-01  3.599E-01  3.630E-01  3.626E-01  3.590E-01
  406.5000  3.336E-01  3.395E-01  3.423E-01  3.420E-01  3.386E-01
  407.5000  3.368E-01  3.427E-01  3.456E-01  3.453E-01  3.418E-01
  408.5000  3.755E-01  3.822E-01  3.854E-01  3.850E-01  3.811E-01
  409.5000  3.686E-01  3.751E-01  3.783E-01  3.779E-01  3.741E-01
  410.5000  3.201E-01  3.257E-01  3.285E-01  3.282E-01  3.249E-01
  411.5000  3.853E-01  3.921E-01  3.953E-01  3.950E-01  3.910E-01
  412.5000  3.824E-01  3.891E-01  3.923E-01  3.920E-01  3.880E-01
  413.5000  3.714E-01  3.779E-01  3.810E-01  3.807E-01  3.768E-01
  414.5000  3.822E-01  3.889E-01  3.921E-01  3.918E-01  3.878E-01
  415.5000  3.660E-01  3.724E-01  3.755E-01  3.752E-01  3.714E-01
  416.5000  3.988E-01  4.058E-01  4.092E-01  4.088E-01  4.047E-01
  417.5000  3.651E-01  3.715E-01  3.745E-01  3.742E-01  3.705E-01
  418.5000  3.684E-01  3.749E-01  3.780E-01  3.776E-01  3.738E-01
  419.5000  3.811E-01  3.877E-01  3.909E-01  3.906E-01  3.867E-01
------------------------------------------------------------
Dose rates, W m-2
   1 = UV-B, 280-315 nm                                  
   2 = UV-A, 315-400 nm                                  
   3 = Gaussian, 320 nm, 10 nm FWHM                      
   4 = RB Meter, model 501                               
   5 = DNA damage, in vitro (Setlow, 1974)               
   6 = UV index (WMO, 1994; Webb et al., 2011)           
   7 = Previtamin-D3 (CIE 2006)                          
values at z =      0.000 km
Columns: time, sza, weighting spectra
time, hrs.  sza, deg.          1          2          3          4          5          6          7
   11.0000     72.127  1.388E-01  1.429E+01  6.529E-02  4.110E-02  2.007E-04  8.418E-01  2.532E-02
   11.5000     71.875  1.437E-01  1.455E+01  6.678E-02  4.239E-02  2.083E-04  8.655E-01  2.628E-02
   12.0000     71.754  1.460E-01  1.468E+01  6.750E-02  4.302E-02  2.120E-04  8.771E-01  2.676E-02
   12.5000     71.767  1.458E-01  1.467E+01  6.742E-02  4.295E-02  2.116E-04  8.758E-01  2.671E-02
   13.0000     71.914  1.429E-01  1.451E+01  6.654E-02  4.218E-02  2.071E-04  8.617E-01  2.613E-02
------------------------------------------------------------
