Spectral Irradiance, W m-2 nm-1
values at z =      0.000 km
Columns: wavelength (nm), times (hrs.) or sza (deg.)
    wc, nm     11.000     11.500     12.000     12.500     13.000
    sza =      30.729     29.153     28.660     29.307     31.020
  280.5000  7.188E-18  1.289E-17  1.534E-17  1.220E-17  6.421E-18
  281.5000  4.747E-16  8.084E-16  9.470E-16  7.688E-16  4.283E-16
  282.5000  1.188E-14  1.935E-14  2.237E-14  1.848E-14  1.081E-14
  283.5000  8.716E-14  1.379E-13  1.581E-13  1.321E-13  7.978E-14
  284.5000  1.985E-12  2.979E-12  3.361E-12  2.867E-12  1.836E-12
  285.5000  1.255E-11  1.811E-11  2.020E-11  1.683E-11  1.169E-11
  286.5000  2.335E-10  3.270E-10  3.615E-10  3.168E-10  2.188E-10
  287.5000  2.217E-09  3.003E-09  3.286E-09  2.918E-09  2.091E-09
  288.5000  1.921E-08  2.510E-08  2.718E-08  2.448E-08  1.825E-08
  289.5000  1.561E-07  1.987E-07  2.136E-07  1.943E-07  1.490E-07
  290.5000  8.691E-07  1.083E-06  1.130E-06  1.060E-06  8.330E-07
  291.5000  3.972E-06  4.827E-06  5.115E-06  4.739E-06  3.825E-06
  292.5000  1.288E-05  1.534E-05  1.616E-05  1.509E-05  1.245E-05
  293.5000  4.917E-05  5.746E-05  6.018E-05  5.662E-05  4.771E-05
  294.5000  1.162E-04  1.338E-04  1.396E-04  1.320E-04  1.131E-04
  295.5000  3.681E-04  4.172E-04  4.330E-04  4.123E-04  3.593E-04
  296.5000  7.785E-04  8.708E-04  9.004E-04  8.617E-04  7.619E-04
  297.5000  1.766E-03  1.927E-03  2.012E-03  1.935E-03  1.732E-03
  298.5000  2.428E-03  2.659E-03  2.732E-03  2.636E-03  2.386E-03
  299.5000  6.194E-03  6.722E-03  6.887E-03  6.670E-03  6.098E-03
  300.5000  6.438E-03  6.938E-03  7.094E-03  6.889E-03  6.347E-03
  301.5000  1.430E-02  1.529E-02  1.560E-02  1.519E-02  1.411E-02
  302.5000  1.919E-02  2.042E-02  2.080E-02  2.030E-02  1.896E-02
  303.5000  3.573E-02  3.780E-02  3.844E-02  3.760E-02  3.535E-02
  304.5000  4.114E-02  4.338E-02  4.407E-02  4.316E-02  4.073E-02
  305.5000  5.866E-02  6.154E-02  6.242E-02  6.126E-02  5.812E-02
  306.5000  6.333E-02  6.630E-02  6.721E-02  6.601E-02  6.278E-02
  307.5000  9.731E-02  1.014E-01  1.027E-01  1.010E-01  9.653E-02
  308.5000  1.117E-01  1.162E-01  1.176E-01  1.158E-01  1.108E-01
  309.5000  1.026E-01  1.065E-01  1.077E-01  1.061E-01  1.019E-01
  310.5000  1.440E-01  1.492E-01  1.507E-01  1.487E-01  1.430E-01
  311.5000  1.890E-01  1.955E-01  1.975E-01  1.949E-01  1.878E-01
  312.5000  1.909E-01  1.970E-01  1.989E-01  1.965E-01  1.897E-01
  313.5000  2.184E-01  2.253E-01  2.274E-01  2.246E-01  2.171E-01
  314.5000  2.247E-01  2.314E-01  2.334E-01  2.307E-01  2.235E-01
  315.5000  2.333E-01  2.401E-01  2.422E-01  2.395E-01  2.320E-01
  316.5000  2.376E-01  2.442E-01  2.462E-01  2.435E-01  2.363E-01
  317.5000  3.361E-01  3.454E-01  3.483E-01  3.445E-01  3.344E-01
  318.5000  2.698E-01  2.769E-01  2.790E-01  2.762E-01  2.685E-01
  319.5000  3.305E-01  3.391E-01  3.417E-01  3.383E-01  3.282E-01
  320.5000  4.040E-01  4.144E-01  4.175E-01  4.134E-01  4.021E-01
  321.5000  3.493E-01  3.577E-01  3.603E-01  3.569E-01  3.477E-01
  322.5000  3.470E-01  3.557E-01  3.584E-01  3.549E-01  3.453E-01
  323.5000  3.650E-01  3.736E-01  3.763E-01  3.728E-01  3.634E-01
  324.5000  4.281E-01  4.382E-01  4.413E-01  4.373E-01  4.262E-01
  325.5000  4.786E-01  4.900E-01  4.935E-01  4.889E-01  4.765E-01
  326.5000  5.870E-01  6.003E-01  6.044E-01  5.990E-01  5.845E-01
  327.5000  5.444E-01  5.570E-01  5.608E-01  5.558E-01  5.421E-01
  328.5000  5.028E-01  5.143E-01  5.178E-01  5.132E-01  5.006E-01
  329.5000  6.577E-01  6.723E-01  6.767E-01  6.709E-01  6.549E-01
  330.5000  5.958E-01  6.092E-01  6.133E-01  6.079E-01  5.933E-01
  331.5000  5.883E-01  6.016E-01  6.056E-01  6.003E-01  5.855E-01
  332.5000  5.830E-01  5.957E-01  5.996E-01  5.945E-01  5.806E-01
  333.5000  5.464E-01  5.584E-01  5.621E-01  5.573E-01  5.441E-01
  334.5000  6.112E-01  6.247E-01  6.287E-01  6.234E-01  6.087E-01
  335.5000  6.213E-01  6.348E-01  6.388E-01  6.335E-01  6.188E-01
  336.5000  4.853E-01  4.958E-01  4.990E-01  4.948E-01  4.833E-01
  337.5000  5.317E-01  5.433E-01  5.468E-01  5.422E-01  5.295E-01
  338.5000  5.628E-01  5.749E-01  5.786E-01  5.737E-01  5.605E-01
  339.5000  6.120E-01  6.251E-01  6.291E-01  6.239E-01  6.095E-01
  340.5000  6.536E-01  6.676E-01  6.719E-01  6.663E-01  6.509E-01
  341.5000  5.813E-01  5.937E-01  5.974E-01  5.925E-01  5.789E-01
  342.5000  6.440E-01  6.577E-01  6.619E-01  6.564E-01  6.414E-01
  343.5000  6.686E-01  6.828E-01  6.872E-01  6.815E-01  6.659E-01
  344.5000  4.683E-01  4.783E-01  4.814E-01  4.774E-01  4.665E-01
  345.5000  6.424E-01  6.560E-01  6.601E-01  6.547E-01  6.399E-01
  346.5000  6.004E-01  6.132E-01  6.170E-01  6.120E-01  5.980E-01
  347.5000  5.867E-01  5.991E-01  6.029E-01  5.979E-01  5.843E-01
  348.5000  6.449E-01  6.585E-01  6.626E-01  6.572E-01  6.423E-01
  349.5000  5.403E-01  5.517E-01  5.552E-01  5.506E-01  5.382E-01
  350.5000  7.565E-01  7.724E-01  7.772E-01  7.709E-01  7.535E-01
  351.5000  6.519E-01  6.655E-01  6.697E-01  6.642E-01  6.493E-01
  352.5000  5.879E-01  6.002E-01  6.039E-01  5.990E-01  5.855E-01
  353.5000  7.076E-01  7.224E-01  7.269E-01  7.210E-01  7.048E-01
  354.5000  7.658E-01  7.818E-01  7.867E-01  7.803E-01  7.628E-01
  355.5000  7.156E-01  7.305E-01  7.350E-01  7.291E-01  7.128E-01
  356.5000  6.640E-01  6.778E-01  6.820E-01  6.765E-01  6.614E-01
  357.5000  5.645E-01  5.762E-01  5.798E-01  5.751E-01  5.623E-01
  358.5000  4.356E-01  4.446E-01  4.474E-01  4.437E-01  4.339E-01
  359.5000  7.329E-01  7.481E-01  7.527E-01  7.467E-01  7.301E-01
  360.5000  6.793E-01  6.933E-01  6.976E-01  6.920E-01  6.766E-01
  361.5000  6.123E-01  6.250E-01  6.288E-01  6.238E-01  6.099E-01
  362.5000  7.190E-01  7.338E-01  7.383E-01  7.324E-01  7.162E-01
  363.5000  6.395E-01  6.526E-01  6.566E-01  6.514E-01  6.370E-01
  364.5000  6.975E-01  7.118E-01  7.162E-01  7.104E-01  6.948E-01
  365.5000  8.497E-01  8.672E-01  8.725E-01  8.655E-01  8.465E-01
  366.5000  8.992E-01  9.176E-01  9.232E-01  9.159E-01  8.957E-01
  367.5000  8.536E-01  8.711E-01  8.764E-01  8.694E-01  8.503E-01
  368.5000  7.498E-01  7.651E-01  7.698E-01  7.636E-01  7.469E-01
  369.5000  8.992E-01  9.176E-01  9.232E-01  9.158E-01  8.958E-01
  370.5000  8.157E-01  8.323E-01  8.374E-01  8.308E-01  8.126E-01
  371.5000  9.332E-01  9.522E-01  9.580E-01  9.504E-01  9.296E-01
  372.5000  6.892E-01  7.032E-01  7.075E-01  7.019E-01  6.866E-01
  373.5000  6.229E-01  6.355E-01  6.394E-01  6.343E-01  6.205E-01
  374.5000  6.836E-01  6.974E-01  7.016E-01  6.961E-01  6.809E-01
  375.5000  7.711E-01  7.867E-01  7.915E-01  7.852E-01  7.682E-01
  376.5000  7.699E-01  7.855E-01  7.902E-01  7.840E-01  7.670E-01
  377.5000  9.167E-01  9.352E-01  9.408E-01  9.334E-01  9.132E-01
  378.5000  9.990E-01  1.019E+00  1.025E+00  1.017E+00  9.952E-01
  379.5000  7.390E-01  7.539E-01  7.584E-01  7.525E-01  7.362E-01
  380.5000  8.886E-01  9.065E-01  9.119E-01  9.048E-01  8.853E-01
  381.5000  8.349E-01  8.517E-01  8.568E-01  8.501E-01  8.318E-01
  382.5000  5.563E-01  5.674E-01  5.708E-01  5.664E-01  5.542E-01
  383.5000  4.884E-01  4.982E-01  5.012E-01  4.973E-01  4.866E-01
  384.5000  7.329E-01  7.475E-01  7.520E-01  7.461E-01  7.301E-01
  385.5000  7.250E-01  7.395E-01  7.439E-01  7.381E-01  7.223E-01
  386.5000  7.389E-01  7.537E-01  7.582E-01  7.523E-01  7.362E-01
  387.5000  6.867E-01  7.003E-01  7.045E-01  6.990E-01  6.841E-01
  388.5000  6.882E-01  7.019E-01  7.061E-01  7.006E-01  6.856E-01
  389.5000  8.678E-01  8.850E-01  8.903E-01  8.834E-01  8.645E-01
  390.5000  8.523E-01  8.692E-01  8.743E-01  8.676E-01  8.491E-01
  391.5000  1.011E+00  1.031E+00  1.037E+00  1.029E+00  1.007E+00
  392.5000  7.581E-01  7.731E-01  7.776E-01  7.716E-01  7.552E-01
  393.5000  3.295E-01  3.361E-01  3.380E-01  3.354E-01  3.283E-01
  394.5000  7.754E-01  7.907E-01  7.953E-01  7.892E-01  7.725E-01
  395.5000  9.975E-01  1.017E+00  1.023E+00  1.015E+00  9.938E-01
  396.5000  5.857E-01  5.973E-01  6.008E-01  5.961E-01  5.835E-01
  397.5000  6.758E-01  6.891E-01  6.932E-01  6.879E-01  6.733E-01
  398.5000  1.161E+00  1.184E+00  1.191E+00  1.182E+00  1.157E+00
  399.5000  1.208E+00  1.231E+00  1.239E+00  1.229E+00  1.203E+00
  400.5000  1.270E+00  1.295E+00  1.302E+00  1.292E+00  1.265E+00
  401.5000  1.306E+00  1.332E+00  1.340E+00  1.329E+00  1.301E+00
  402.5000  1.356E+00  1.382E+00  1.391E+00  1.380E+00  1.351E+00
  403.5000  1.241E+00  1.265E+00  1.273E+00  1.263E+00  1.236E+00
  404.5000  1.217E+00  1.241E+00  1.248E+00  1.239E+00  1.213E+00
  405.5000  1.264E+00  1.289E+00  1.296E+00  1.287E+00  1.260E+00
  406.5000  1.191E+00  1.214E+00  1.221E+00  1.212E+00  1.186E+00
  407.5000  1.200E+00  1.224E+00  1.231E+00  1.222E+00  1.196E+00
  408.5000  1.337E+00  1.363E+00  1.371E+00  1.360E+00  1.332E+00
  409.5000  1.310E+00  1.336E+00  1.344E+00  1.334E+00  1.306E+00
  410.5000  1.136E+00  1.158E+00  1.165E+00  1.156E+00  1.132E+00
  411.5000  1.366E+00  1.392E+00  1.400E+00  1.390E+00  1.361E+00
  412.5000  1.354E+00  1.380E+00  1.388E+00  1.377E+00  1.349E+00
  413.5000  1.313E+00  1.338E+00  1.346E+00  1.336E+00  1.308E+00
  414.5000  1.349E+00  1.375E+00  1.383E+00  1.373E+00  1.344E+00
  415.5000  1.291E+00  1.315E+00  1.323E+00  1.313E+00  1.286E+00
  416.5000  1.404E+00  1.432E+00  1.440E+00  1.429E+00  1.399E+00
  417.5000  1.284E+00  1.309E+00  1.316E+00  1.306E+00  1.279E+00
  418.5000  1.294E+00  1.319E+00  1.326E+00  1.316E+00  1.289E+00
  419.5000  1.337E+00  1.362E+00  1.370E+00  1.360E+00  1.332E+00
------------------------------------------------------------
Dose rates, W m-2
   1 = UV-B, 280-315 nm                                  
   2 = UV-A, 315-400 nm                                  
   3 = Gaussian, 320 nm, 10 nm FWHM                      
   4 = RB Meter, model 501                               
   5 = DNA damage, in vitro (Setlow, 1974)               
   6 = UV index (WMO, 1994; Webb et al., 2011)           
   7 = Previtamin-D3 (CIE 2006)                          
values at z =      0.000 km
Columns: time, sza, weighting spectra
time, hrs.  sza, deg.          1          2          3          4          5          6          7
   11.0000     30.729  1.529E+00  5.552E+01  3.406E-01  4.376E-01  4.233E-03  8.184E+00  3.962E-01
   11.5000     29.153  1.587E+00  5.669E+01  3.493E-01  4.553E-01  4.474E-03  8.524E+00  4.143E-01
   12.0000     28.660  1.605E+00  5.704E+01  3.520E-01  4.607E-01  4.551E-03  8.631E+00  4.199E-01
   12.5000     29.307  1.581E+00  5.658E+01  3.485E-01  4.536E-01  4.452E-03  8.492E+00  4.126E-01
   13.0000     31.020  1.518E+00  5.530E+01  3.389E-01  4.343E-01  4.189E-03  8.120E+00  3.929E-01
------------------------------------------------------------
