Spectral Irradiance, W m-2 nm-1
values at z =      0.000 km
Columns: wavelength (nm), times (hrs.) or sza (deg.)
    wc, nm     11.000     11.500     12.000     12.500     13.000
    sza =      17.214     11.862      9.242     11.428     16.617
  280.5000  4.673E-14  9.305E-14  1.181E-13  9.722E-14  5.118E-14
  281.5000  1.380E-12  2.588E-12  3.217E-12  2.693E-12  1.500E-12
  282.5000  1.731E-11  3.081E-11  3.761E-11  3.196E-11  1.867E-11
  283.5000  8.107E-11  1.395E-10  1.684E-10  1.363E-10  8.709E-11
  284.5000  8.151E-10  1.319E-09  1.559E-09  1.360E-09  8.685E-10
  285.5000  2.813E-09  4.278E-09  5.061E-09  4.474E-09  2.980E-09
  286.5000  3.289E-08  4.913E-08  5.646E-08  5.040E-08  3.468E-08
  287.5000  1.864E-07  2.678E-07  3.037E-07  2.741E-07  1.955E-07
  288.5000  9.226E-07  1.271E-06  1.400E-06  1.297E-06  9.624E-07
  289.5000  5.020E-06  6.711E-06  7.421E-06  6.836E-06  5.216E-06
  290.5000  1.995E-05  2.600E-05  2.850E-05  2.644E-05  2.065E-05
  291.5000  6.221E-05  7.879E-05  8.552E-05  7.999E-05  6.418E-05
  292.5000  1.476E-04  1.825E-04  1.965E-04  1.850E-04  1.518E-04
  293.5000  4.197E-04  5.078E-04  5.425E-04  5.140E-04  4.303E-04
  294.5000  7.879E-04  9.369E-04  9.949E-04  9.473E-04  8.061E-04
  295.5000  1.953E-03  2.280E-03  2.406E-03  2.303E-03  1.994E-03
  296.5000  3.371E-03  3.876E-03  4.068E-03  3.911E-03  3.434E-03
  297.5000  6.400E-03  7.259E-03  7.584E-03  7.318E-03  6.507E-03
  298.5000  7.570E-03  8.490E-03  8.836E-03  8.553E-03  7.685E-03
  299.5000  1.676E-02  1.860E-02  1.928E-02  1.872E-02  1.699E-02
  300.5000  1.563E-02  1.720E-02  1.778E-02  1.731E-02  1.583E-02
  301.5000  3.086E-02  3.366E-02  3.469E-02  3.385E-02  3.121E-02
  302.5000  3.833E-02  4.157E-02  4.276E-02  4.179E-02  3.874E-02
  303.5000  6.517E-02  7.019E-02  7.203E-02  7.052E-02  6.581E-02
  304.5000  7.119E-02  7.637E-02  7.826E-02  7.671E-02  7.185E-02
  305.5000  9.387E-02  1.001E-01  1.024E-01  1.005E-01  9.467E-02
  306.5000  9.799E-02  1.042E-01  1.065E-01  1.047E-01  9.879E-02
  307.5000  1.412E-01  1.495E-01  1.525E-01  1.500E-01  1.423E-01
  308.5000  1.581E-01  1.670E-01  1.702E-01  1.676E-01  1.592E-01
  309.5000  1.392E-01  1.466E-01  1.493E-01  1.471E-01  1.402E-01
  310.5000  1.896E-01  1.992E-01  2.026E-01  1.998E-01  1.908E-01
  311.5000  2.439E-01  2.559E-01  2.602E-01  2.566E-01  2.454E-01
  312.5000  2.378E-01  2.488E-01  2.527E-01  2.495E-01  2.392E-01
  313.5000  2.697E-01  2.819E-01  2.864E-01  2.827E-01  2.712E-01
  314.5000  2.693E-01  2.808E-01  2.850E-01  2.816E-01  2.708E-01
  315.5000  2.781E-01  2.899E-01  2.942E-01  2.907E-01  2.796E-01
  316.5000  2.767E-01  2.879E-01  2.920E-01  2.887E-01  2.781E-01
  317.5000  3.912E-01  4.071E-01  4.128E-01  4.081E-01  3.932E-01
  318.5000  3.073E-01  3.193E-01  3.236E-01  3.201E-01  3.089E-01
  319.5000  3.749E-01  3.893E-01  3.945E-01  3.903E-01  3.767E-01
  320.5000  4.559E-01  4.733E-01  4.795E-01  4.744E-01  4.582E-01
  321.5000  3.865E-01  4.007E-01  4.057E-01  4.015E-01  3.883E-01
  322.5000  3.896E-01  4.042E-01  4.095E-01  4.052E-01  3.915E-01
  323.5000  4.003E-01  4.146E-01  4.197E-01  4.155E-01  4.021E-01
  324.5000  4.698E-01  4.865E-01  4.926E-01  4.876E-01  4.712E-01
  325.5000  5.266E-01  5.455E-01  5.523E-01  5.468E-01  5.291E-01
  326.5000  6.356E-01  6.576E-01  6.656E-01  6.591E-01  6.385E-01
  327.5000  5.924E-01  6.131E-01  6.205E-01  6.145E-01  5.951E-01
  328.5000  5.468E-01  5.659E-01  5.727E-01  5.672E-01  5.493E-01
  329.5000  7.069E-01  7.309E-01  7.395E-01  7.325E-01  7.100E-01
  330.5000  6.433E-01  6.653E-01  6.732E-01  6.668E-01  6.461E-01
  331.5000  6.357E-01  6.575E-01  6.653E-01  6.589E-01  6.385E-01
  332.5000  6.245E-01  6.455E-01  6.530E-01  6.469E-01  6.272E-01
  333.5000  5.873E-01  6.071E-01  6.143E-01  6.084E-01  5.898E-01
  334.5000  6.556E-01  6.777E-01  6.856E-01  6.791E-01  6.585E-01
  335.5000  6.636E-01  6.857E-01  6.936E-01  6.871E-01  6.665E-01
  336.5000  5.189E-01  5.361E-01  5.423E-01  5.373E-01  5.211E-01
  337.5000  5.699E-01  5.890E-01  5.958E-01  5.902E-01  5.724E-01
  338.5000  6.006E-01  6.204E-01  6.276E-01  6.217E-01  6.031E-01
  339.5000  6.526E-01  6.741E-01  6.818E-01  6.755E-01  6.554E-01
  340.5000  6.979E-01  7.209E-01  7.292E-01  7.224E-01  7.008E-01
  341.5000  6.192E-01  6.395E-01  6.468E-01  6.408E-01  6.218E-01
  342.5000  6.857E-01  7.081E-01  7.161E-01  7.096E-01  6.886E-01
  343.5000  7.122E-01  7.355E-01  7.438E-01  7.370E-01  7.152E-01
  344.5000  4.992E-01  5.155E-01  5.214E-01  5.166E-01  5.013E-01
  345.5000  6.832E-01  7.054E-01  7.134E-01  7.069E-01  6.861E-01
  346.5000  6.392E-01  6.600E-01  6.675E-01  6.614E-01  6.419E-01
  347.5000  6.243E-01  6.446E-01  6.519E-01  6.459E-01  6.269E-01
  348.5000  6.858E-01  7.081E-01  7.160E-01  7.095E-01  6.887E-01
  349.5000  5.746E-01  5.932E-01  5.998E-01  5.944E-01  5.770E-01
  350.5000  8.042E-01  8.302E-01  8.395E-01  8.319E-01  8.075E-01
  351.5000  6.929E-01  7.153E-01  7.233E-01  7.168E-01  6.958E-01
  352.5000  6.247E-01  6.448E-01  6.520E-01  6.461E-01  6.273E-01
  353.5000  7.517E-01  7.758E-01  7.845E-01  7.774E-01  7.548E-01
  354.5000  8.132E-01  8.393E-01  8.486E-01  8.410E-01  8.165E-01
  355.5000  7.597E-01  7.840E-01  7.928E-01  7.856E-01  7.628E-01
  356.5000  7.048E-01  7.273E-01  7.354E-01  7.288E-01  7.077E-01
  357.5000  5.991E-01  6.183E-01  6.251E-01  6.195E-01  6.016E-01
  358.5000  4.622E-01  4.769E-01  4.822E-01  4.779E-01  4.641E-01
  359.5000  7.775E-01  8.023E-01  8.112E-01  8.039E-01  7.807E-01
  360.5000  7.205E-01  7.434E-01  7.516E-01  7.449E-01  7.234E-01
  361.5000  6.493E-01  6.699E-01  6.773E-01  6.713E-01  6.520E-01
  362.5000  7.622E-01  7.864E-01  7.951E-01  7.880E-01  7.653E-01
  363.5000  6.778E-01  6.993E-01  7.070E-01  7.007E-01  6.806E-01
  364.5000  7.392E-01  7.626E-01  7.709E-01  7.641E-01  7.422E-01
  365.5000  9.005E-01  9.289E-01  9.391E-01  9.307E-01  9.041E-01
  366.5000  9.527E-01  9.827E-01  9.934E-01  9.846E-01  9.565E-01
  367.5000  9.042E-01  9.327E-01  9.429E-01  9.345E-01  9.079E-01
  368.5000  7.941E-01  8.190E-01  8.280E-01  8.207E-01  7.973E-01
  369.5000  9.522E-01  9.821E-01  9.928E-01  9.841E-01  9.561E-01
  370.5000  8.637E-01  8.907E-01  9.004E-01  8.925E-01  8.671E-01
  371.5000  9.879E-01  1.019E+00  1.030E+00  1.021E+00  9.919E-01
  372.5000  7.295E-01  7.523E-01  7.605E-01  7.538E-01  7.324E-01
  373.5000  6.592E-01  6.798E-01  6.871E-01  6.811E-01  6.618E-01
  374.5000  7.233E-01  7.458E-01  7.539E-01  7.473E-01  7.262E-01
  375.5000  8.158E-01  8.412E-01  8.503E-01  8.429E-01  8.191E-01
  376.5000  8.144E-01  8.397E-01  8.488E-01  8.414E-01  8.177E-01
  377.5000  9.695E-01  9.996E-01  1.010E+00  1.002E+00  9.734E-01
  378.5000  1.056E+00  1.089E+00  1.101E+00  1.091E+00  1.061E+00
  379.5000  7.814E-01  8.056E-01  8.142E-01  8.071E-01  7.845E-01
  380.5000  9.394E-01  9.685E-01  9.789E-01  9.704E-01  9.432E-01
  381.5000  8.825E-01  9.098E-01  9.195E-01  9.116E-01  8.860E-01
  382.5000  5.879E-01  6.060E-01  6.125E-01  6.072E-01  5.902E-01
  383.5000  5.161E-01  5.320E-01  5.377E-01  5.330E-01  5.182E-01
  384.5000  7.743E-01  7.982E-01  8.067E-01  7.997E-01  7.774E-01
  385.5000  7.659E-01  7.894E-01  7.979E-01  7.910E-01  7.689E-01
  386.5000  7.805E-01  8.045E-01  8.131E-01  8.060E-01  7.836E-01
  387.5000  7.252E-01  7.474E-01  7.554E-01  7.489E-01  7.281E-01
  388.5000  7.267E-01  7.490E-01  7.570E-01  7.504E-01  7.296E-01
  389.5000  9.162E-01  9.443E-01  9.543E-01  9.461E-01  9.199E-01
  390.5000  8.997E-01  9.272E-01  9.371E-01  9.290E-01  9.033E-01
  391.5000  1.067E+00  1.100E+00  1.111E+00  1.102E+00  1.071E+00
  392.5000  8.001E-01  8.245E-01  8.332E-01  8.261E-01  8.032E-01
  393.5000  3.478E-01  3.584E-01  3.621E-01  3.590E-01  3.491E-01
  394.5000  8.181E-01  8.430E-01  8.519E-01  8.447E-01  8.213E-01
  395.5000  1.052E+00  1.084E+00  1.096E+00  1.087E+00  1.057E+00
  396.5000  6.179E-01  6.366E-01  6.433E-01  6.378E-01  6.203E-01
  397.5000  7.128E-01  7.344E-01  7.422E-01  7.359E-01  7.156E-01
  398.5000  1.225E+00  1.262E+00  1.275E+00  1.264E+00  1.229E+00
  399.5000  1.274E+00  1.312E+00  1.326E+00  1.315E+00  1.279E+00
  400.5000  1.339E+00  1.379E+00  1.394E+00  1.382E+00  1.344E+00
  401.5000  1.377E+00  1.419E+00  1.433E+00  1.421E+00  1.382E+00
  402.5000  1.429E+00  1.472E+00  1.488E+00  1.475E+00  1.435E+00
  403.5000  1.308E+00  1.347E+00  1.362E+00  1.350E+00  1.313E+00
  404.5000  1.283E+00  1.321E+00  1.335E+00  1.324E+00  1.288E+00
  405.5000  1.332E+00  1.372E+00  1.387E+00  1.375E+00  1.337E+00
  406.5000  1.255E+00  1.292E+00  1.306E+00  1.295E+00  1.260E+00
  407.5000  1.265E+00  1.303E+00  1.316E+00  1.305E+00  1.270E+00
  408.5000  1.408E+00  1.451E+00  1.466E+00  1.453E+00  1.414E+00
  409.5000  1.380E+00  1.422E+00  1.436E+00  1.424E+00  1.386E+00
  410.5000  1.197E+00  1.233E+00  1.245E+00  1.235E+00  1.202E+00
  411.5000  1.438E+00  1.481E+00  1.497E+00  1.484E+00  1.444E+00
  412.5000  1.425E+00  1.468E+00  1.483E+00  1.471E+00  1.431E+00
  413.5000  1.382E+00  1.423E+00  1.438E+00  1.426E+00  1.388E+00
  414.5000  1.420E+00  1.463E+00  1.478E+00  1.466E+00  1.426E+00
  415.5000  1.358E+00  1.399E+00  1.413E+00  1.402E+00  1.364E+00
  416.5000  1.478E+00  1.522E+00  1.538E+00  1.525E+00  1.484E+00
  417.5000  1.351E+00  1.391E+00  1.406E+00  1.394E+00  1.356E+00
  418.5000  1.362E+00  1.402E+00  1.416E+00  1.405E+00  1.367E+00
  419.5000  1.406E+00  1.448E+00  1.463E+00  1.451E+00  1.412E+00
------------------------------------------------------------
Dose rates, W m-2
   1 = UV-B, 280-315 nm                                  
   2 = UV-A, 315-400 nm                                  
   3 = Gaussian, 320 nm, 10 nm FWHM                      
   4 = RB Meter, model 501                               
   5 = DNA damage, in vitro (Setlow, 1974)               
   6 = UV index (WMO, 1994; Webb et al., 2011)           
   7 = Previtamin-D3 (CIE 2006)                          
values at z =      0.000 km
Columns: time, sza, weighting spectra
time, hrs.  sza, deg.          1          2          3          4          5          6          7
   11.0000     17.214  2.099E+00  5.918E+01  3.848E-01  6.333E-01  8.170E-03  1.228E+01  6.168E-01
   11.5000     11.862  2.215E+00  6.109E+01  3.996E-01  6.720E-01  8.898E-03  1.309E+01  6.579E-01
   12.0000      9.242  2.257E+00  6.177E+01  4.048E-01  6.861E-01  9.168E-03  1.338E+01  6.729E-01
   12.5000     11.428  2.223E+00  6.121E+01  4.005E-01  6.746E-01  8.947E-03  1.314E+01  6.606E-01
   13.0000     16.617  2.114E+00  5.943E+01  3.867E-01  6.383E-01  8.262E-03  1.238E+01  6.220E-01
------------------------------------------------------------
