Spectral Irradiance, W m-2 nm-1
values at z =      0.000 km
Columns: wavelength (nm), times (hrs.) or sza (deg.)
    wc, nm     11.000     11.500     12.000     12.500     13.000
    sza =      24.420     21.403     20.690     22.501     26.318
  280.5000  1.986E-14  3.803E-14  4.366E-14  3.040E-14  1.246E-14
  281.5000  6.361E-13  1.151E-12  1.305E-12  9.380E-13  4.157E-13
  282.5000  8.548E-12  1.472E-11  1.653E-11  1.221E-11  5.788E-12
  283.5000  4.188E-11  6.987E-11  7.789E-11  5.857E-11  2.902E-11
  284.5000  4.571E-10  7.195E-10  7.923E-10  6.153E-10  3.301E-10
  285.5000  1.676E-09  2.527E-09  2.757E-09  2.193E-09  1.248E-09
  286.5000  2.052E-08  2.993E-08  3.244E-08  2.628E-08  1.565E-08
  287.5000  1.224E-07  1.721E-07  1.851E-07  1.530E-07  9.585E-08
  288.5000  6.402E-07  8.652E-07  9.225E-07  7.799E-07  5.160E-07
  289.5000  3.623E-06  4.759E-06  5.043E-06  4.332E-06  2.980E-06
  290.5000  1.488E-05  1.908E-05  2.012E-05  1.751E-05  1.245E-05
  291.5000  4.817E-05  6.012E-05  6.302E-05  5.569E-05  4.111E-05
  292.5000  1.178E-04  1.437E-04  1.472E-04  1.342E-04  1.021E-04
  293.5000  3.445E-04  4.118E-04  4.277E-04  3.872E-04  3.033E-04
  294.5000  6.612E-04  7.773E-04  8.046E-04  7.351E-04  5.889E-04
  295.5000  1.678E-03  1.938E-03  1.999E-03  1.844E-03  1.513E-03
  296.5000  2.951E-03  3.361E-03  3.455E-03  3.213E-03  2.689E-03
  297.5000  5.638E-03  6.404E-03  6.566E-03  6.150E-03  5.238E-03
  298.5000  6.830E-03  7.599E-03  7.774E-03  7.324E-03  6.330E-03
  299.5000  1.532E-02  1.687E-02  1.722E-02  1.632E-02  1.430E-02
  300.5000  1.442E-02  1.576E-02  1.607E-02  1.529E-02  1.354E-02
  301.5000  2.878E-02  3.119E-02  3.173E-02  3.034E-02  2.718E-02
  302.5000  3.600E-02  3.880E-02  3.942E-02  3.781E-02  3.412E-02
  303.5000  6.169E-02  6.606E-02  6.703E-02  6.451E-02  5.875E-02
  304.5000  6.769E-02  7.221E-02  7.322E-02  7.062E-02  6.464E-02
  305.5000  8.986E-02  9.533E-02  9.655E-02  9.341E-02  8.616E-02
  306.5000  9.407E-02  9.956E-02  1.008E-01  9.763E-02  9.036E-02
  307.5000  1.363E-01  1.436E-01  1.452E-01  1.410E-01  1.314E-01
  308.5000  1.529E-01  1.608E-01  1.625E-01  1.580E-01  1.475E-01
  309.5000  1.352E-01  1.417E-01  1.431E-01  1.394E-01  1.307E-01
  310.5000  1.845E-01  1.930E-01  1.948E-01  1.900E-01  1.787E-01
  311.5000  2.377E-01  2.483E-01  2.507E-01  2.446E-01  2.305E-01
  312.5000  2.325E-01  2.422E-01  2.443E-01  2.388E-01  2.258E-01
  313.5000  2.638E-01  2.747E-01  2.771E-01  2.709E-01  2.564E-01
  314.5000  2.640E-01  2.743E-01  2.766E-01  2.707E-01  2.570E-01
  315.5000  2.728E-01  2.833E-01  2.843E-01  2.796E-01  2.656E-01
  316.5000  2.719E-01  2.819E-01  2.841E-01  2.784E-01  2.651E-01
  317.5000  3.845E-01  3.986E-01  4.017E-01  3.937E-01  3.748E-01
  318.5000  3.026E-01  3.132E-01  3.155E-01  3.090E-01  2.953E-01
  319.5000  3.692E-01  3.820E-01  3.848E-01  3.775E-01  3.604E-01
  320.5000  4.492E-01  4.646E-01  4.680E-01  4.592E-01  4.386E-01
  321.5000  3.814E-01  3.939E-01  3.966E-01  3.895E-01  3.728E-01
  322.5000  3.840E-01  3.970E-01  3.998E-01  3.924E-01  3.750E-01
  323.5000  3.952E-01  4.079E-01  4.107E-01  4.035E-01  3.865E-01
  324.5000  4.638E-01  4.787E-01  4.819E-01  4.735E-01  4.536E-01
  325.5000  5.199E-01  5.366E-01  5.403E-01  5.308E-01  5.083E-01
  326.5000  6.282E-01  6.477E-01  6.520E-01  6.409E-01  6.147E-01
  327.5000  5.853E-01  6.036E-01  6.076E-01  5.972E-01  5.726E-01
  328.5000  5.403E-01  5.572E-01  5.609E-01  5.513E-01  5.287E-01
  329.5000  6.990E-01  7.203E-01  7.249E-01  7.129E-01  6.844E-01
  330.5000  6.359E-01  6.554E-01  6.597E-01  6.486E-01  6.225E-01
  331.5000  6.284E-01  6.475E-01  6.519E-01  6.410E-01  6.152E-01
  332.5000  6.177E-01  6.363E-01  6.404E-01  6.298E-01  6.050E-01
  333.5000  5.808E-01  5.984E-01  6.022E-01  5.922E-01  5.687E-01
  334.5000  6.485E-01  6.680E-01  6.723E-01  6.612E-01  6.351E-01
  335.5000  6.566E-01  6.761E-01  6.804E-01  6.693E-01  6.432E-01
  336.5000  5.134E-01  5.286E-01  5.320E-01  5.233E-01  5.028E-01
  337.5000  5.638E-01  5.806E-01  5.843E-01  5.747E-01  5.522E-01
  338.5000  5.943E-01  6.119E-01  6.157E-01  6.057E-01  5.822E-01
  339.5000  6.458E-01  6.649E-01  6.690E-01  6.582E-01  6.327E-01
  340.5000  6.906E-01  7.110E-01  7.154E-01  7.038E-01  6.766E-01
  341.5000  6.128E-01  6.308E-01  6.347E-01  6.245E-01  6.005E-01
  342.5000  6.787E-01  6.985E-01  7.029E-01  6.916E-01  6.650E-01
  343.5000  7.049E-01  7.255E-01  7.300E-01  7.183E-01  6.907E-01
  344.5000  4.941E-01  5.085E-01  5.117E-01  5.035E-01  4.841E-01
  345.5000  6.763E-01  6.960E-01  7.003E-01  6.891E-01  6.628E-01
  346.5000  6.327E-01  6.511E-01  6.551E-01  6.447E-01  6.201E-01
  347.5000  6.180E-01  6.360E-01  6.399E-01  6.297E-01  6.057E-01
  348.5000  6.789E-01  6.986E-01  7.029E-01  6.917E-01  6.654E-01
  349.5000  5.688E-01  5.853E-01  5.889E-01  5.795E-01  5.575E-01
  350.5000  7.962E-01  8.191E-01  8.241E-01  8.111E-01  7.804E-01
  351.5000  6.860E-01  7.058E-01  7.101E-01  6.989E-01  6.724E-01
  352.5000  6.185E-01  6.363E-01  6.402E-01  6.301E-01  6.063E-01
  353.5000  7.442E-01  7.656E-01  7.703E-01  7.581E-01  7.296E-01
  354.5000  8.052E-01  8.282E-01  8.333E-01  8.202E-01  7.893E-01
  355.5000  7.523E-01  7.737E-01  7.784E-01  7.662E-01  7.375E-01
  356.5000  6.979E-01  7.178E-01  7.222E-01  7.109E-01  6.842E-01
  357.5000  5.933E-01  6.102E-01  6.139E-01  6.043E-01  5.817E-01
  358.5000  4.577E-01  4.707E-01  4.735E-01  4.661E-01  4.487E-01
  359.5000  7.700E-01  7.919E-01  7.966E-01  7.842E-01  7.550E-01
  360.5000  7.135E-01  7.337E-01  7.381E-01  7.267E-01  6.996E-01
  361.5000  6.431E-01  6.612E-01  6.652E-01  6.549E-01  6.305E-01
  362.5000  7.549E-01  7.762E-01  7.809E-01  7.688E-01  7.402E-01
  363.5000  6.713E-01  6.903E-01  6.944E-01  6.837E-01  6.583E-01
  364.5000  7.321E-01  7.527E-01  7.573E-01  7.456E-01  7.179E-01
  365.5000  8.919E-01  9.169E-01  9.224E-01  9.082E-01  8.746E-01
  366.5000  9.436E-01  9.701E-01  9.759E-01  9.608E-01  9.253E-01
  367.5000  8.956E-01  9.207E-01  9.262E-01  9.120E-01  8.783E-01
  368.5000  7.866E-01  8.086E-01  8.134E-01  8.009E-01  7.714E-01
  369.5000  9.432E-01  9.696E-01  9.753E-01  9.604E-01  9.251E-01
  370.5000  8.555E-01  8.794E-01  8.846E-01  8.710E-01  8.391E-01
  371.5000  9.786E-01  1.006E+00  1.012E+00  9.963E-01  9.598E-01
  372.5000  7.226E-01  7.427E-01  7.471E-01  7.357E-01  7.088E-01
  373.5000  6.530E-01  6.711E-01  6.751E-01  6.648E-01  6.405E-01
  374.5000  7.165E-01  7.364E-01  7.407E-01  7.294E-01  7.028E-01
  375.5000  8.082E-01  8.306E-01  8.355E-01  8.228E-01  7.928E-01
  376.5000  8.068E-01  8.291E-01  8.340E-01  8.213E-01  7.914E-01
  377.5000  9.605E-01  9.870E-01  9.928E-01  9.778E-01  9.422E-01
  378.5000  1.047E+00  1.075E+00  1.082E+00  1.065E+00  1.027E+00
  379.5000  7.741E-01  7.954E-01  8.001E-01  7.880E-01  7.594E-01
  380.5000  9.307E-01  9.563E-01  9.619E-01  9.474E-01  9.131E-01
  381.5000  8.744E-01  8.984E-01  9.036E-01  8.900E-01  8.578E-01
  382.5000  5.825E-01  5.985E-01  6.019E-01  5.929E-01  5.715E-01
  383.5000  5.114E-01  5.254E-01  5.284E-01  5.205E-01  5.017E-01
  384.5000  7.672E-01  7.882E-01  7.928E-01  7.809E-01  7.527E-01
  385.5000  7.589E-01  7.796E-01  7.841E-01  7.724E-01  7.446E-01
  386.5000  7.734E-01  7.945E-01  7.991E-01  7.871E-01  7.588E-01
  387.5000  7.186E-01  7.382E-01  7.424E-01  7.313E-01  7.051E-01
  388.5000  7.201E-01  7.397E-01  7.440E-01  7.328E-01  7.066E-01
  389.5000  9.079E-01  9.326E-01  9.380E-01  9.240E-01  8.909E-01
  390.5000  8.916E-01  9.158E-01  9.210E-01  9.073E-01  8.749E-01
  391.5000  1.057E+00  1.086E+00  1.092E+00  1.076E+00  1.038E+00
  392.5000  7.928E-01  8.143E-01  8.190E-01  8.068E-01  7.780E-01
  393.5000  3.446E-01  3.539E-01  3.560E-01  3.507E-01  3.382E-01
  394.5000  8.107E-01  8.326E-01  8.374E-01  8.250E-01  7.956E-01
  395.5000  1.043E+00  1.071E+00  1.077E+00  1.061E+00  1.024E+00
  396.5000  6.123E-01  6.288E-01  6.324E-01  6.230E-01  6.009E-01
  397.5000  7.064E-01  7.254E-01  7.296E-01  7.188E-01  6.933E-01
  398.5000  1.214E+00  1.246E+00  1.253E+00  1.235E+00  1.191E+00
  399.5000  1.262E+00  1.296E+00  1.303E+00  1.284E+00  1.239E+00
  400.5000  1.327E+00  1.362E+00  1.370E+00  1.350E+00  1.302E+00
  401.5000  1.365E+00  1.401E+00  1.409E+00  1.389E+00  1.340E+00
  402.5000  1.417E+00  1.454E+00  1.463E+00  1.441E+00  1.390E+00
  403.5000  1.296E+00  1.331E+00  1.339E+00  1.319E+00  1.272E+00
  404.5000  1.271E+00  1.305E+00  1.313E+00  1.293E+00  1.248E+00
  405.5000  1.320E+00  1.356E+00  1.363E+00  1.343E+00  1.296E+00
  406.5000  1.243E+00  1.277E+00  1.284E+00  1.265E+00  1.221E+00
  407.5000  1.253E+00  1.287E+00  1.294E+00  1.275E+00  1.230E+00
  408.5000  1.396E+00  1.433E+00  1.441E+00  1.420E+00  1.370E+00
  409.5000  1.368E+00  1.404E+00  1.412E+00  1.392E+00  1.343E+00
  410.5000  1.186E+00  1.218E+00  1.225E+00  1.207E+00  1.165E+00
  411.5000  1.426E+00  1.463E+00  1.472E+00  1.450E+00  1.400E+00
  412.5000  1.413E+00  1.450E+00  1.458E+00  1.437E+00  1.387E+00
  413.5000  1.370E+00  1.406E+00  1.414E+00  1.394E+00  1.345E+00
  414.5000  1.408E+00  1.445E+00  1.453E+00  1.432E+00  1.382E+00
  415.5000  1.346E+00  1.382E+00  1.390E+00  1.370E+00  1.322E+00
  416.5000  1.465E+00  1.504E+00  1.512E+00  1.490E+00  1.439E+00
  417.5000  1.339E+00  1.375E+00  1.382E+00  1.362E+00  1.315E+00
  418.5000  1.350E+00  1.385E+00  1.393E+00  1.373E+00  1.325E+00
  419.5000  1.394E+00  1.431E+00  1.439E+00  1.418E+00  1.369E+00
------------------------------------------------------------
Dose rates, W m-2
   1 = UV-B, 280-315 nm                                  
   2 = UV-A, 315-400 nm                                  
   3 = Gaussian, 320 nm, 10 nm FWHM                      
   4 = RB Meter, model 501                               
   5 = DNA damage, in vitro (Setlow, 1974)               
   6 = UV index (WMO, 1994; Webb et al., 2011)           
   7 = Previtamin-D3 (CIE 2006)                          
values at z =      0.000 km
Columns: time, sza, weighting spectra
time, hrs.  sza, deg.          1          2          3          4          5          6          7
   11.0000     24.420  2.033E+00  5.859E+01  3.791E-01  6.096E-01  7.636E-03  1.176E+01  5.902E-01
   11.5000     21.403  2.135E+00  6.027E+01  3.921E-01  6.434E-01  8.256E-03  1.246E+01  6.261E-01
   12.0000     20.690  2.158E+00  6.064E+01  3.949E-01  6.508E-01  8.394E-03  1.262E+01  6.340E-01
   12.5000     22.501  2.099E+00  5.968E+01  3.875E-01  6.315E-01  8.037E-03  1.222E+01  6.135E-01
   13.0000     26.318  1.964E+00  5.743E+01  3.701E-01  5.869E-01  7.233E-03  1.130E+01  5.662E-01
------------------------------------------------------------
