Spectral Irradiance, W m-2 nm-1
values at z =      0.000 km
Columns: wavelength (nm), times (hrs.) or sza (deg.)
    wc, nm     11.000     11.500     12.000     12.500     13.000
    sza =      28.895     26.946     26.970     28.964     32.568
  280.5000  8.144E-15  1.399E-14  1.390E-14  7.982E-15  2.523E-15
  281.5000  2.813E-13  4.606E-13  4.579E-13  2.762E-13  9.661E-14
  282.5000  4.034E-12  6.340E-12  6.306E-12  3.966E-12  1.514E-12
  283.5000  2.062E-11  3.156E-11  3.140E-11  2.029E-11  8.196E-12
  284.5000  2.429E-10  3.543E-10  3.527E-10  2.395E-10  1.073E-10
  285.5000  9.430E-10  1.327E-09  1.321E-09  9.311E-10  4.406E-10
  286.5000  1.206E-08  1.651E-08  1.645E-08  1.192E-08  6.114E-09
  287.5000  7.556E-08  1.003E-07  9.998E-08  7.477E-08  4.092E-08
  288.5000  4.168E-07  5.354E-07  5.338E-07  4.130E-07  2.426E-07
  289.5000  2.451E-06  3.074E-06  3.066E-06  2.430E-06  1.502E-06
  290.5000  1.039E-05  1.278E-05  1.275E-05  1.032E-05  6.651E-06
  291.5000  3.491E-05  4.195E-05  4.186E-05  3.467E-05  2.346E-05
  292.5000  8.794E-05  1.038E-04  1.036E-04  8.741E-05  6.153E-05
  293.5000  2.647E-04  3.069E-04  3.064E-04  2.633E-04  1.923E-04
  294.5000  5.195E-04  5.941E-04  5.932E-04  5.169E-04  3.887E-04
  295.5000  1.350E-03  1.522E-03  1.520E-03  1.344E-03  1.042E-03
  296.5000  2.422E-03  2.698E-03  2.695E-03  2.413E-03  1.920E-03
  297.5000  4.757E-03  5.244E-03  5.237E-03  4.740E-03  3.858E-03
  298.5000  5.791E-03  6.326E-03  6.320E-03  5.772E-03  4.788E-03
  299.5000  1.317E-02  1.427E-02  1.426E-02  1.313E-02  1.109E-02
  300.5000  1.254E-02  1.350E-02  1.348E-02  1.250E-02  1.070E-02
  301.5000  2.531E-02  2.705E-02  2.703E-02  2.525E-02  2.194E-02
  302.5000  3.191E-02  3.395E-02  3.392E-02  3.130E-02  2.793E-02
  303.5000  5.518E-02  5.840E-02  5.836E-02  5.507E-02  4.886E-02
  304.5000  6.088E-02  6.423E-02  6.419E-02  6.076E-02  5.428E-02
  305.5000  8.147E-02  8.555E-02  8.551E-02  8.132E-02  7.336E-02
  306.5000  8.559E-02  8.970E-02  8.966E-02  8.544E-02  7.741E-02
  307.5000  1.248E-01  1.303E-01  1.303E-01  1.246E-01  1.138E-01
  308.5000  1.404E-01  1.464E-01  1.463E-01  1.402E-01  1.284E-01
  309.5000  1.247E-01  1.297E-01  1.296E-01  1.245E-01  1.147E-01
  310.5000  1.707E-01  1.772E-01  1.771E-01  1.705E-01  1.576E-01
  311.5000  2.205E-01  2.286E-01  2.285E-01  2.202E-01  2.041E-01
  312.5000  2.164E-01  2.239E-01  2.238E-01  2.161E-01  2.013E-01
  313.5000  2.459E-01  2.542E-01  2.541E-01  2.456E-01  2.289E-01
  314.5000  2.469E-01  2.548E-01  2.547E-01  2.466E-01  2.308E-01
  315.5000  2.552E-01  2.633E-01  2.632E-01  2.549E-01  2.388E-01
  316.5000  2.551E-01  2.628E-01  2.623E-01  2.548E-01  2.394E-01
  317.5000  3.608E-01  3.717E-01  3.716E-01  3.604E-01  3.386E-01
  318.5000  2.846E-01  2.928E-01  2.927E-01  2.843E-01  2.678E-01
  319.5000  3.474E-01  3.574E-01  3.573E-01  3.471E-01  3.272E-01
  320.5000  4.230E-01  4.350E-01  4.348E-01  4.226E-01  3.986E-01
  321.5000  3.599E-01  3.697E-01  3.695E-01  3.595E-01  3.400E-01
  322.5000  3.618E-01  3.720E-01  3.718E-01  3.615E-01  3.413E-01
  323.5000  3.734E-01  3.833E-01  3.832E-01  3.731E-01  3.532E-01
  324.5000  4.382E-01  4.499E-01  4.497E-01  4.378E-01  4.146E-01
  325.5000  4.911E-01  5.042E-01  5.041E-01  4.903E-01  4.645E-01
  326.5000  5.945E-01  6.098E-01  6.096E-01  5.940E-01  5.634E-01
  327.5000  5.537E-01  5.680E-01  5.679E-01  5.532E-01  5.244E-01
  328.5000  5.112E-01  5.244E-01  5.243E-01  5.101E-01  4.842E-01
  329.5000  6.623E-01  6.790E-01  6.788E-01  6.617E-01  6.283E-01
  330.5000  6.023E-01  6.176E-01  6.175E-01  6.018E-01  5.711E-01
  331.5000  5.952E-01  6.103E-01  6.102E-01  5.947E-01  5.644E-01
  332.5000  5.857E-01  6.002E-01  6.001E-01  5.852E-01  5.560E-01
  333.5000  5.505E-01  5.643E-01  5.641E-01  5.500E-01  5.224E-01
  334.5000  6.149E-01  6.302E-01  6.300E-01  6.144E-01  5.837E-01
  335.5000  6.229E-01  6.383E-01  6.381E-01  6.224E-01  5.916E-01
  336.5000  4.870E-01  4.990E-01  4.989E-01  4.866E-01  4.625E-01
  337.5000  5.348E-01  5.480E-01  5.478E-01  5.343E-01  5.077E-01
  338.5000  5.640E-01  5.779E-01  5.777E-01  5.636E-01  5.359E-01
  339.5000  6.131E-01  6.280E-01  6.278E-01  6.125E-01  5.825E-01
  340.5000  6.555E-01  6.715E-01  6.714E-01  6.549E-01  6.228E-01
  341.5000  5.819E-01  5.961E-01  5.959E-01  5.814E-01  5.531E-01
  342.5000  6.445E-01  6.602E-01  6.600E-01  6.440E-01  6.127E-01
  343.5000  6.695E-01  6.857E-01  6.855E-01  6.689E-01  6.364E-01
  344.5000  4.692E-01  4.806E-01  4.805E-01  4.689E-01  4.460E-01
  345.5000  6.426E-01  6.581E-01  6.579E-01  6.420E-01  6.110E-01
  346.5000  6.012E-01  6.156E-01  6.155E-01  6.006E-01  5.716E-01
  347.5000  5.873E-01  6.014E-01  6.012E-01  5.868E-01  5.584E-01
  348.5000  6.453E-01  6.607E-01  6.606E-01  6.447E-01  6.136E-01
  349.5000  5.407E-01  5.536E-01  5.535E-01  5.402E-01  5.142E-01
  350.5000  7.569E-01  7.750E-01  7.748E-01  7.562E-01  7.199E-01
  351.5000  6.522E-01  6.678E-01  6.676E-01  6.517E-01  6.204E-01
  352.5000  5.881E-01  6.021E-01  6.020E-01  5.876E-01  5.595E-01
  353.5000  7.078E-01  7.246E-01  7.244E-01  7.072E-01  6.734E-01
  354.5000  7.658E-01  7.840E-01  7.838E-01  7.652E-01  7.287E-01
  355.5000  7.156E-01  7.325E-01  7.323E-01  7.150E-01  6.809E-01
  356.5000  6.639E-01  6.797E-01  6.795E-01  6.634E-01  6.318E-01
  357.5000  5.645E-01  5.778E-01  5.777E-01  5.640E-01  5.372E-01
  358.5000  4.355E-01  4.458E-01  4.457E-01  4.351E-01  4.145E-01
  359.5000  7.328E-01  7.501E-01  7.499E-01  7.322E-01  6.975E-01
  360.5000  6.791E-01  6.951E-01  6.949E-01  6.785E-01  6.464E-01
  361.5000  6.121E-01  6.265E-01  6.263E-01  6.116E-01  5.827E-01
  362.5000  7.187E-01  7.355E-01  7.353E-01  7.181E-01  6.842E-01
  363.5000  6.392E-01  6.542E-01  6.540E-01  6.387E-01  6.086E-01
  364.5000  6.971E-01  7.135E-01  7.133E-01  6.966E-01  6.638E-01
  365.5000  8.493E-01  8.692E-01  8.689E-01  8.486E-01  8.088E-01
  366.5000  8.987E-01  9.196E-01  9.194E-01  8.980E-01  8.558E-01
  367.5000  8.531E-01  8.730E-01  8.727E-01  8.524E-01  8.125E-01
  368.5000  7.493E-01  7.667E-01  7.665E-01  7.487E-01  7.137E-01
  369.5000  8.986E-01  9.195E-01  9.192E-01  8.979E-01  8.559E-01
  370.5000  8.151E-01  8.340E-01  8.338E-01  8.145E-01  7.765E-01
  371.5000  9.325E-01  9.541E-01  9.539E-01  9.318E-01  8.884E-01
  372.5000  6.887E-01  7.046E-01  7.044E-01  6.881E-01  6.561E-01
  373.5000  6.224E-01  6.368E-01  6.366E-01  6.219E-01  5.930E-01
  374.5000  6.830E-01  6.987E-01  6.986E-01  6.824E-01  6.508E-01
  375.5000  7.705E-01  7.882E-01  7.880E-01  7.698E-01  7.342E-01
  376.5000  7.692E-01  7.869E-01  7.867E-01  7.686E-01  7.330E-01
  377.5000  9.158E-01  9.369E-01  9.366E-01  9.151E-01  8.728E-01
  378.5000  9.980E-01  1.021E+00  1.021E+00  9.972E-01  9.512E-01
  379.5000  7.383E-01  7.552E-01  7.550E-01  7.377E-01  7.037E-01
  380.5000  8.877E-01  9.080E-01  9.078E-01  8.870E-01  8.462E-01
  381.5000  8.340E-01  8.531E-01  8.529E-01  8.334E-01  7.951E-01
  382.5000  5.557E-01  5.683E-01  5.682E-01  5.552E-01  5.297E-01
  383.5000  4.879E-01  4.990E-01  4.989E-01  4.875E-01  4.651E-01
  384.5000  7.320E-01  7.487E-01  7.485E-01  7.315E-01  6.979E-01
  385.5000  7.242E-01  7.406E-01  7.404E-01  7.236E-01  6.905E-01
  386.5000  7.381E-01  7.548E-01  7.546E-01  7.375E-01  7.038E-01
  387.5000  6.858E-01  7.014E-01  7.012E-01  6.853E-01  6.540E-01
  388.5000  6.873E-01  7.029E-01  7.027E-01  6.868E-01  6.555E-01
  389.5000  8.667E-01  8.863E-01  8.861E-01  8.660E-01  8.266E-01
  390.5000  8.512E-01  8.704E-01  8.702E-01  8.505E-01  8.118E-01
  391.5000  1.010E+00  1.032E+00  1.032E+00  1.009E+00  9.630E-01
  392.5000  7.570E-01  7.741E-01  7.739E-01  7.564E-01  7.221E-01
  393.5000  3.291E-01  3.365E-01  3.364E-01  3.288E-01  3.139E-01
  394.5000  7.743E-01  7.917E-01  7.915E-01  7.737E-01  7.386E-01
  395.5000  9.961E-01  1.018E+00  1.018E+00  9.953E-01  9.503E-01
  396.5000  5.849E-01  5.980E-01  5.978E-01  5.844E-01  5.580E-01
  397.5000  6.748E-01  6.899E-01  6.898E-01  6.743E-01  6.439E-01
  398.5000  1.159E+00  1.185E+00  1.185E+00  1.159E+00  1.106E+00
  399.5000  1.206E+00  1.233E+00  1.233E+00  1.205E+00  1.151E+00
  400.5000  1.268E+00  1.296E+00  1.296E+00  1.267E+00  1.210E+00
  401.5000  1.304E+00  1.333E+00  1.333E+00  1.303E+00  1.245E+00
  402.5000  1.354E+00  1.384E+00  1.384E+00  1.353E+00  1.292E+00
  403.5000  1.239E+00  1.267E+00  1.266E+00  1.238E+00  1.183E+00
  404.5000  1.215E+00  1.242E+00  1.242E+00  1.214E+00  1.160E+00
  405.5000  1.262E+00  1.290E+00  1.290E+00  1.261E+00  1.205E+00
  406.5000  1.189E+00  1.215E+00  1.215E+00  1.188E+00  1.135E+00
  407.5000  1.198E+00  1.225E+00  1.225E+00  1.197E+00  1.144E+00
  408.5000  1.335E+00  1.364E+00  1.364E+00  1.334E+00  1.274E+00
  409.5000  1.308E+00  1.337E+00  1.337E+00  1.307E+00  1.249E+00
  410.5000  1.134E+00  1.159E+00  1.159E+00  1.134E+00  1.083E+00
  411.5000  1.363E+00  1.394E+00  1.393E+00  1.362E+00  1.302E+00
  412.5000  1.351E+00  1.381E+00  1.381E+00  1.350E+00  1.290E+00
  413.5000  1.310E+00  1.339E+00  1.339E+00  1.309E+00  1.251E+00
  414.5000  1.347E+00  1.376E+00  1.376E+00  1.346E+00  1.286E+00
  415.5000  1.288E+00  1.316E+00  1.316E+00  1.287E+00  1.230E+00
  416.5000  1.402E+00  1.433E+00  1.432E+00  1.401E+00  1.339E+00
  417.5000  1.281E+00  1.310E+00  1.309E+00  1.280E+00  1.224E+00
  418.5000  1.291E+00  1.320E+00  1.319E+00  1.290E+00  1.234E+00
  419.5000  1.334E+00  1.363E+00  1.363E+00  1.333E+00  1.274E+00
------------------------------------------------------------
Dose rates, W m-2
   1 = UV-B, 280-315 nm                                  
   2 = UV-A, 315-400 nm                                  
   3 = Gaussian, 320 nm, 10 nm FWHM                      
   4 = RB Meter, model 501                               
   5 = DNA damage, in vitro (Setlow, 1974)               
   6 = UV index (WMO, 1994; Webb et al., 2011)           
   7 = Previtamin-D3 (CIE 2006)                          
values at z =      0.000 km
Columns: time, sza, weighting spectra
time, hrs.  sza, deg.          1          2          3          4          5          6          7
   11.0000     28.895  1.872E+00  5.573E+01  3.569E-01  5.576E-01  6.760E-03  1.071E+01  5.358E-01
   11.5000     26.946  1.949E+00  5.706E+01  3.671E-01  5.828E-01  7.201E-03  1.123E+01  5.624E-01
   12.0000     26.970  1.948E+00  5.705E+01  3.669E-01  5.824E-01  7.195E-03  1.122E+01  5.620E-01
   12.5000     28.964  1.868E+00  5.569E+01  3.565E-01  5.564E-01  6.736E-03  1.068E+01  5.344E-01
   13.0000     32.568  1.718E+00  5.302E+01  3.363E-01  5.078E-01  5.916E-03  9.700E+00  4.834E-01
------------------------------------------------------------
