Spectral Irradiance, W m-2 nm-1
values at z =      0.000 km
Columns: wavelength (nm), times (hrs.) or sza (deg.)
    wc, nm     11.000     11.500     12.000     12.500     13.000
    sza =      15.510      9.344      6.248      9.784     16.041
  280.5000  2.565E-13  4.845E-13  5.892E-13  4.682E-13  2.389E-13
  281.5000  6.510E-12  1.163E-11  1.391E-11  1.127E-11  6.101E-12
  282.5000  7.163E-11  1.220E-10  1.438E-10  1.186E-10  6.749E-11
  283.5000  3.083E-10  5.091E-10  5.941E-10  4.955E-10  2.914E-10
  284.5000  2.656E-09  4.146E-09  4.754E-09  4.047E-09  2.527E-09
  285.5000  8.177E-09  1.224E-08  1.386E-08  1.198E-08  7.816E-09
  286.5000  8.754E-08  1.269E-07  1.423E-07  1.244E-07  8.398E-08
  287.5000  4.499E-07  6.294E-07  6.979E-07  6.181E-07  4.334E-07
  288.5000  2.003E-06  2.695E-06  2.953E-06  2.652E-06  1.937E-06
  289.5000  1.010E-05  1.322E-05  1.436E-05  1.303E-05  9.798E-06
  290.5000  3.763E-05  4.812E-05  5.190E-05  4.748E-05  3.661E-05
  291.5000  1.092E-04  1.359E-04  1.454E-04  1.343E-04  1.065E-04
  292.5000  2.439E-04  2.973E-04  3.159E-04  2.941E-04  2.386E-04
  293.5000  6.558E-04  7.831E-04  8.270E-04  7.756E-04  6.430E-04
  294.5000  1.178E-03  1.384E-03  1.455E-03  1.372E-03  1.157E-03
  295.5000  2.787E-03  3.220E-03  3.366E-03  3.195E-03  2.743E-03
  296.5000  4.626E-03  5.270E-03  5.486E-03  5.233E-03  4.560E-03
  297.5000  8.486E-03  9.547E-03  9.901E-03  9.486E-03  8.375E-03
  298.5000  9.751E-03  1.086E-02  1.122E-02  1.079E-02  9.635E-03
  299.5000  2.101E-02  2.316E-02  2.387E-02  2.304E-02  2.078E-02
  300.5000  1.918E-02  2.099E-02  2.158E-02  2.088E-02  1.899E-02
  301.5000  3.701E-02  4.017E-02  4.120E-02  3.999E-02  3.667E-02
  302.5000  4.529E-02  4.889E-02  5.006E-02  4.869E-02  4.491E-02
  303.5000  7.565E-02  8.114E-02  8.292E-02  8.083E-02  7.506E-02
  304.5000  8.179E-02  8.741E-02  8.922E-02  8.709E-02  8.118E-02
  305.5000  1.062E-01  1.129E-01  1.150E-01  1.125E-01  1.055E-01
  306.5000  1.102E-01  1.168E-01  1.189E-01  1.164E-01  1.094E-01
  307.5000  1.567E-01  1.655E-01  1.683E-01  1.650E-01  1.558E-01
  308.5000  1.746E-01  1.840E-01  1.870E-01  1.835E-01  1.736E-01
  309.5000  1.525E-01  1.602E-01  1.627E-01  1.598E-01  1.517E-01
  310.5000  2.064E-01  2.164E-01  2.196E-01  2.158E-01  2.053E-01
  311.5000  2.645E-01  2.769E-01  2.809E-01  2.762E-01  2.632E-01
  312.5000  2.561E-01  2.674E-01  2.710E-01  2.668E-01  2.549E-01
  313.5000  2.899E-01  3.026E-01  3.066E-01  3.018E-01  2.886E-01
  314.5000  2.878E-01  2.997E-01  3.034E-01  2.990E-01  2.865E-01
  315.5000  2.968E-01  3.089E-01  3.128E-01  3.083E-01  2.955E-01
  316.5000  2.940E-01  3.055E-01  3.091E-01  3.048E-01  2.927E-01
  317.5000  4.156E-01  4.319E-01  4.370E-01  4.310E-01  4.139E-01
  318.5000  3.252E-01  3.373E-01  3.412E-01  3.367E-01  3.238E-01
  319.5000  3.963E-01  4.110E-01  4.156E-01  4.101E-01  3.946E-01
  320.5000  4.814E-01  4.991E-01  5.047E-01  4.981E-01  4.795E-01
  321.5000  4.065E-01  4.208E-01  4.254E-01  4.201E-01  4.049E-01
  322.5000  4.109E-01  4.258E-01  4.305E-01  4.250E-01  4.091E-01
  323.5000  4.202E-01  4.347E-01  4.393E-01  4.339E-01  4.186E-01
  324.5000  4.932E-01  5.102E-01  5.157E-01  5.093E-01  4.914E-01
  325.5000  5.532E-01  5.724E-01  5.785E-01  5.713E-01  5.511E-01
  326.5000  6.656E-01  6.879E-01  6.950E-01  6.866E-01  6.631E-01
  327.5000  6.209E-01  6.418E-01  6.486E-01  6.407E-01  6.186E-01
  328.5000  5.731E-01  5.924E-01  5.986E-01  5.914E-01  5.710E-01
  329.5000  7.391E-01  7.634E-01  7.711E-01  7.620E-01  7.364E-01
  330.5000  6.732E-01  6.955E-01  7.026E-01  6.943E-01  6.707E-01
  331.5000  6.654E-01  6.875E-01  6.944E-01  6.862E-01  6.629E-01
  332.5000  6.525E-01  6.737E-01  6.805E-01  6.725E-01  6.502E-01
  333.5000  6.140E-01  6.341E-01  6.405E-01  6.330E-01  6.118E-01
  334.5000  6.852E-01  7.075E-01  7.146E-01  7.062E-01  6.828E-01
  335.5000  6.930E-01  7.153E-01  7.223E-01  7.140E-01  6.905E-01
  336.5000  5.419E-01  5.594E-01  5.649E-01  5.584E-01  5.400E-01
  337.5000  5.955E-01  6.148E-01  6.209E-01  6.137E-01  5.934E-01
  338.5000  6.270E-01  6.471E-01  6.535E-01  6.460E-01  6.248E-01
  339.5000  6.812E-01  7.030E-01  7.099E-01  7.017E-01  6.788E-01
  340.5000  7.287E-01  7.520E-01  7.593E-01  7.506E-01  7.261E-01
  341.5000  6.462E-01  6.667E-01  6.733E-01  6.656E-01  6.440E-01
  342.5000  7.155E-01  7.382E-01  7.454E-01  7.369E-01  7.130E-01
  343.5000  7.433E-01  7.668E-01  7.743E-01  7.655E-01  7.407E-01
  344.5000  5.210E-01  5.375E-01  5.427E-01  5.366E-01  5.192E-01
  345.5000  7.128E-01  7.352E-01  7.423E-01  7.340E-01  7.103E-01
  346.5000  6.670E-01  6.880E-01  6.947E-01  6.868E-01  6.647E-01
  347.5000  6.514E-01  6.719E-01  6.784E-01  6.708E-01  6.492E-01
  348.5000  7.155E-01  7.379E-01  7.451E-01  7.367E-01  7.130E-01
  349.5000  5.994E-01  6.182E-01  6.242E-01  6.172E-01  5.974E-01
  350.5000  8.389E-01  8.651E-01  8.735E-01  8.637E-01  8.360E-01
  351.5000  7.228E-01  7.454E-01  7.526E-01  7.442E-01  7.204E-01
  352.5000  6.516E-01  6.719E-01  6.784E-01  6.708E-01  6.494E-01
  353.5000  7.840E-01  8.084E-01  8.161E-01  8.070E-01  7.813E-01
  354.5000  8.481E-01  8.744E-01  8.828E-01  8.730E-01  8.452E-01
  355.5000  7.923E-01  8.168E-01  8.246E-01  8.155E-01  7.896E-01
  356.5000  7.350E-01  7.577E-01  7.649E-01  7.565E-01  7.325E-01
  357.5000  6.248E-01  6.441E-01  6.502E-01  6.430E-01  6.226E-01
  358.5000  4.819E-01  4.968E-01  5.015E-01  4.960E-01  4.803E-01
  359.5000  8.108E-01  8.357E-01  8.437E-01  8.343E-01  8.080E-01
  360.5000  7.512E-01  7.743E-01  7.816E-01  7.730E-01  7.487E-01
  361.5000  6.770E-01  6.978E-01  7.044E-01  6.966E-01  6.747E-01
  362.5000  7.947E-01  8.191E-01  8.268E-01  8.177E-01  7.920E-01
  363.5000  7.067E-01  7.283E-01  7.352E-01  7.271E-01  7.043E-01
  364.5000  7.706E-01  7.942E-01  8.017E-01  7.929E-01  7.680E-01
  365.5000  9.387E-01  9.674E-01  9.764E-01  9.657E-01  9.355E-01
  366.5000  9.931E-01  1.023E+00  1.033E+00  1.022E+00  9.897E-01
  367.5000  9.425E-01  9.712E-01  9.803E-01  9.696E-01  9.394E-01
  368.5000  8.277E-01  8.529E-01  8.608E-01  8.515E-01  8.249E-01
  369.5000  9.925E-01  1.023E+00  1.032E+00  1.021E+00  9.892E-01
  370.5000  9.002E-01  9.274E-01  9.361E-01  9.259E-01  8.971E-01
  371.5000  1.030E+00  1.061E+00  1.071E+00  1.059E+00  1.026E+00
  372.5000  7.603E-01  7.833E-01  7.905E-01  7.820E-01  7.577E-01
  373.5000  6.870E-01  7.077E-01  7.143E-01  7.066E-01  6.847E-01
  374.5000  7.537E-01  7.765E-01  7.837E-01  7.752E-01  7.512E-01
  375.5000  8.501E-01  8.757E-01  8.838E-01  8.743E-01  8.473E-01
  376.5000  8.487E-01  8.742E-01  8.823E-01  8.727E-01  8.458E-01
  377.5000  1.010E+00  1.041E+00  1.050E+00  1.039E+00  1.007E+00
  378.5000  1.101E+00  1.134E+00  1.144E+00  1.132E+00  1.097E+00
  379.5000  8.141E-01  8.385E-01  8.462E-01  8.371E-01  8.114E-01
  380.5000  9.788E-01  1.008E+00  1.017E+00  1.006E+00  9.756E-01
  381.5000  9.195E-01  9.469E-01  9.556E-01  9.454E-01  9.164E-01
  382.5000  6.125E-01  6.308E-01  6.366E-01  6.297E-01  6.105E-01
  383.5000  5.377E-01  5.537E-01  5.588E-01  5.528E-01  5.359E-01
  384.5000  8.067E-01  8.307E-01  8.383E-01  8.293E-01  8.040E-01
  385.5000  7.979E-01  8.216E-01  8.291E-01  8.202E-01  7.952E-01
  386.5000  8.131E-01  8.372E-01  8.448E-01  8.358E-01  8.104E-01
  387.5000  7.554E-01  7.778E-01  7.849E-01  7.766E-01  7.529E-01
  388.5000  7.570E-01  7.794E-01  7.865E-01  7.781E-01  7.545E-01
  389.5000  9.544E-01  9.826E-01  9.915E-01  9.810E-01  9.512E-01
  390.5000  9.372E-01  9.648E-01  9.736E-01  9.633E-01  9.341E-01
  391.5000  1.112E+00  1.144E+00  1.155E+00  1.142E+00  1.108E+00
  392.5000  8.333E-01  8.578E-01  8.656E-01  8.565E-01  8.306E-01
  393.5000  3.622E-01  3.728E-01  3.762E-01  3.723E-01  3.610E-01
  394.5000  8.521E-01  8.771E-01  8.850E-01  8.757E-01  8.493E-01
  395.5000  1.096E+00  1.128E+00  1.138E+00  1.126E+00  1.092E+00
  396.5000  6.434E-01  6.623E-01  6.683E-01  6.613E-01  6.413E-01
  397.5000  7.423E-01  7.641E-01  7.710E-01  7.628E-01  7.399E-01
  398.5000  1.275E+00  1.313E+00  1.324E+00  1.310E+00  1.271E+00
  399.5000  1.326E+00  1.365E+00  1.377E+00  1.363E+00  1.322E+00
  400.5000  1.394E+00  1.435E+00  1.448E+00  1.432E+00  1.389E+00
  401.5000  1.434E+00  1.476E+00  1.489E+00  1.473E+00  1.429E+00
  402.5000  1.488E+00  1.532E+00  1.545E+00  1.529E+00  1.483E+00
  403.5000  1.362E+00  1.402E+00  1.414E+00  1.399E+00  1.358E+00
  404.5000  1.335E+00  1.374E+00  1.387E+00  1.372E+00  1.331E+00
  405.5000  1.387E+00  1.427E+00  1.440E+00  1.425E+00  1.383E+00
  406.5000  1.306E+00  1.344E+00  1.356E+00  1.342E+00  1.302E+00
  407.5000  1.317E+00  1.355E+00  1.367E+00  1.353E+00  1.312E+00
  408.5000  1.466E+00  1.509E+00  1.522E+00  1.506E+00  1.461E+00
  409.5000  1.437E+00  1.479E+00  1.492E+00  1.476E+00  1.432E+00
  410.5000  1.246E+00  1.282E+00  1.293E+00  1.280E+00  1.242E+00
  411.5000  1.497E+00  1.541E+00  1.554E+00  1.538E+00  1.493E+00
  412.5000  1.484E+00  1.527E+00  1.540E+00  1.524E+00  1.479E+00
  413.5000  1.439E+00  1.480E+00  1.493E+00  1.478E+00  1.434E+00
  414.5000  1.479E+00  1.521E+00  1.535E+00  1.519E+00  1.474E+00
  415.5000  1.414E+00  1.455E+00  1.467E+00  1.452E+00  1.409E+00
  416.5000  1.539E+00  1.583E+00  1.597E+00  1.580E+00  1.534E+00
  417.5000  1.406E+00  1.447E+00  1.459E+00  1.444E+00  1.402E+00
  418.5000  1.417E+00  1.458E+00  1.471E+00  1.455E+00  1.413E+00
  419.5000  1.464E+00  1.506E+00  1.519E+00  1.503E+00  1.459E+00
------------------------------------------------------------
Dose rates, W m-2
   1 = UV-B, 280-315 nm                                  
   2 = UV-A, 315-400 nm                                  
   3 = Gaussian, 320 nm, 10 nm FWHM                      
   4 = RB Meter, model 501                               
   5 = DNA damage, in vitro (Setlow, 1974)               
   6 = UV index (WMO, 1994; Webb et al., 2011)           
   7 = Previtamin-D3 (CIE 2006)                          
values at z =      0.000 km
Columns: time, sza, weighting spectra
time, hrs.  sza, deg.          1          2          3          4          5          6          7
   11.0000     15.510  2.313E+00  6.177E+01  4.065E-01  7.080E-01  9.780E-03  1.389E+01  6.988E-01
   11.5000      9.344  2.436E+00  6.370E+01  4.215E-01  7.498E-01  1.063E-02  1.478E+01  7.436E-01
   12.0000      6.248  2.475E+00  6.431E+01  4.263E-01  7.633E-01  1.091E-02  1.507E+01  7.581E-01
   12.5000      9.784  2.429E+00  6.359E+01  4.206E-01  7.474E-01  1.058E-02  1.473E+01  7.411E-01
   13.0000     16.041  2.299E+00  6.156E+01  4.048E-01  7.035E-01  9.690E-03  1.380E+01  6.940E-01
------------------------------------------------------------
