Spectral Irradiance, W m-2 nm-1
values at z =      0.000 km
Columns: wavelength (nm), times (hrs.) or sza (deg.)
    wc, nm     11.000     11.500     12.000     12.500     13.000
    sza =      75.484     74.612     74.177     74.189     74.645
  280.5000  2.418E-36  2.562E-36  2.637E-36  2.635E-36  2.557E-36
  281.5000  4.638E-33  4.918E-33  5.063E-33  5.059E-33  4.907E-33
  282.5000  2.100E-30  2.228E-30  2.295E-30  2.293E-30  2.223E-30
  283.5000  1.005E-28  1.067E-28  1.099E-28  1.099E-28  1.065E-28
  284.5000  7.141E-26  7.590E-26  7.824E-26  7.818E-26  7.572E-26
  285.5000  5.763E-24  6.132E-24  6.325E-24  6.320E-24  6.117E-24
  286.5000  7.602E-22  8.097E-22  8.356E-22  8.349E-22  8.077E-22
  287.5000  6.388E-20  6.813E-20  7.037E-20  7.031E-20  6.797E-20
  288.5000  5.994E-18  6.406E-18  6.623E-18  6.617E-18  6.389E-18
  289.5000  2.691E-16  2.880E-16  2.981E-16  2.978E-16  2.873E-16
  290.5000  6.334E-15  6.792E-15  7.035E-15  7.028E-15  6.774E-15
  291.5000  1.501E-13  1.614E-13  1.674E-13  1.672E-13  1.609E-13
  292.5000  1.893E-12  2.040E-12  2.118E-12  2.116E-12  2.034E-12
  293.5000  2.624E-11  2.836E-11  2.950E-11  2.947E-11  2.828E-11
  294.5000  1.722E-10  1.866E-10  1.944E-10  1.942E-10  1.861E-10
  295.5000  1.638E-09  1.783E-09  1.861E-09  1.858E-09  1.777E-09
  296.5000  8.791E-09  9.605E-09  1.005E-08  1.004E-08  9.572E-09
  297.5000  4.589E-08  5.040E-08  5.288E-08  5.281E-08  5.022E-08
  298.5000  1.298E-07  1.435E-07  1.512E-07  1.509E-07  1.429E-07
  299.5000  6.696E-07  7.477E-07  7.924E-07  7.911E-07  7.445E-07
  300.5000  1.225E-06  1.384E-06  1.477E-06  1.474E-06  1.377E-06
  301.5000  5.229E-06  6.020E-06  6.491E-06  6.478E-06  5.987E-06
  302.5000  1.112E-05  1.300E-05  1.413E-05  1.410E-05  1.292E-05
  303.5000  3.758E-05  4.488E-05  4.927E-05  4.915E-05  4.458E-05
  304.5000  6.283E-05  7.591E-05  8.373E-05  8.351E-05  7.536E-05
  305.5000  1.654E-04  2.024E-04  2.241E-04  2.235E-04  2.008E-04
  306.5000  2.365E-04  2.901E-04  3.215E-04  3.206E-04  2.879E-04
  307.5000  6.525E-04  7.994E-04  8.834E-04  8.811E-04  7.933E-04
  308.5000  9.461E-04  1.156E-03  1.275E-03  1.272E-03  1.147E-03
  309.5000  1.330E-03  1.610E-03  1.767E-03  1.762E-03  1.599E-03
  310.5000  2.556E-03  3.067E-03  3.349E-03  3.341E-03  3.047E-03
  311.5000  4.143E-03  4.938E-03  5.372E-03  5.360E-03  4.906E-03
  312.5000  6.178E-03  7.252E-03  7.830E-03  7.815E-03  7.210E-03
  313.5000  7.748E-03  9.062E-03  9.767E-03  9.748E-03  9.010E-03
  314.5000  1.123E-02  1.294E-02  1.384E-02  1.382E-02  1.287E-02
  315.5000  1.234E-02  1.418E-02  1.515E-02  1.512E-02  1.410E-02
  316.5000  1.647E-02  1.867E-02  1.983E-02  1.980E-02  1.859E-02
  317.5000  2.333E-02  2.646E-02  2.809E-02  2.805E-02  2.633E-02
  318.5000  2.406E-02  2.695E-02  2.844E-02  2.840E-02  2.683E-02
  319.5000  3.093E-02  3.456E-02  3.643E-02  3.638E-02  3.442E-02
  320.5000  4.009E-02  4.466E-02  4.702E-02  4.695E-02  4.448E-02
  321.5000  4.369E-02  4.807E-02  5.032E-02  5.026E-02  4.790E-02
  322.5000  3.634E-02  4.038E-02  4.246E-02  4.240E-02  4.022E-02
  323.5000  5.070E-02  5.548E-02  5.793E-02  5.786E-02  5.530E-02
  324.5000  5.888E-02  6.448E-02  6.734E-02  6.727E-02  6.427E-02
  325.5000  6.352E-02  6.970E-02  7.287E-02  7.278E-02  6.946E-02
  326.5000  9.438E-02  1.025E-01  1.066E-01  1.065E-01  1.022E-01
  327.5000  8.237E-02  8.976E-02  9.353E-02  9.343E-02  8.948E-02
  328.5000  7.631E-02  8.316E-02  8.665E-02  8.655E-02  8.289E-02
  329.5000  1.152E-01  1.245E-01  1.293E-01  1.291E-01  1.241E-01
  330.5000  9.846E-02  1.068E-01  1.111E-01  1.109E-01  1.065E-01
  331.5000  9.618E-02  1.044E-01  1.086E-01  1.085E-01  1.041E-01
  332.5000  1.057E-01  1.141E-01  1.184E-01  1.183E-01  1.138E-01
  333.5000  9.493E-02  1.027E-01  1.067E-01  1.066E-01  1.024E-01
  334.5000  1.088E-01  1.176E-01  1.220E-01  1.219E-01  1.172E-01
  335.5000  1.163E-01  1.253E-01  1.299E-01  1.298E-01  1.250E-01
  336.5000  8.963E-02  9.669E-02  1.003E-01  1.002E-01  9.642E-02
  337.5000  9.500E-02  1.027E-01  1.066E-01  1.065E-01  1.024E-01
  338.5000  1.060E-01  1.142E-01  1.184E-01  1.183E-01  1.139E-01
  339.5000  1.162E-01  1.252E-01  1.298E-01  1.297E-01  1.249E-01
  340.5000  1.220E-01  1.316E-01  1.364E-01  1.363E-01  1.312E-01
  341.5000  1.115E-01  1.201E-01  1.245E-01  1.243E-01  1.198E-01
  342.5000  1.243E-01  1.339E-01  1.387E-01  1.386E-01  1.335E-01
  343.5000  1.281E-01  1.380E-01  1.430E-01  1.429E-01  1.376E-01
  344.5000  8.895E-02  9.589E-02  9.941E-02  9.932E-02  9.563E-02
  345.5000  1.253E-01  1.349E-01  1.398E-01  1.396E-01  1.345E-01
  346.5000  1.155E-01  1.245E-01  1.290E-01  1.289E-01  1.241E-01
  347.5000  1.132E-01  1.220E-01  1.264E-01  1.263E-01  1.217E-01
  348.5000  1.253E-01  1.350E-01  1.399E-01  1.398E-01  1.346E-01
  349.5000  1.051E-01  1.132E-01  1.173E-01  1.172E-01  1.129E-01
  350.5000  1.475E-01  1.589E-01  1.647E-01  1.645E-01  1.585E-01
  351.5000  1.270E-01  1.369E-01  1.418E-01  1.417E-01  1.365E-01
  352.5000  1.149E-01  1.238E-01  1.283E-01  1.282E-01  1.235E-01
  353.5000  1.389E-01  1.496E-01  1.551E-01  1.549E-01  1.492E-01
  354.5000  1.509E-01  1.625E-01  1.684E-01  1.683E-01  1.621E-01
  355.5000  1.413E-01  1.521E-01  1.576E-01  1.575E-01  1.517E-01
  356.5000  1.312E-01  1.413E-01  1.465E-01  1.463E-01  1.410E-01
  357.5000  1.117E-01  1.203E-01  1.247E-01  1.245E-01  1.200E-01
  358.5000  8.641E-02  9.306E-02  9.643E-02  9.634E-02  9.280E-02
  359.5000  1.456E-01  1.568E-01  1.625E-01  1.623E-01  1.564E-01
  360.5000  1.352E-01  1.456E-01  1.508E-01  1.507E-01  1.452E-01
  361.5000  1.221E-01  1.315E-01  1.363E-01  1.362E-01  1.312E-01
  362.5000  1.437E-01  1.547E-01  1.603E-01  1.602E-01  1.543E-01
  363.5000  1.280E-01  1.378E-01  1.428E-01  1.427E-01  1.375E-01
  364.5000  1.398E-01  1.505E-01  1.560E-01  1.558E-01  1.501E-01
  365.5000  1.705E-01  1.836E-01  1.903E-01  1.901E-01  1.831E-01
  366.5000  1.807E-01  1.947E-01  2.017E-01  2.015E-01  1.941E-01
  367.5000  1.719E-01  1.852E-01  1.919E-01  1.917E-01  1.846E-01
  368.5000  1.512E-01  1.629E-01  1.688E-01  1.686E-01  1.624E-01
  369.5000  1.816E-01  1.956E-01  2.027E-01  2.025E-01  1.951E-01
  370.5000  1.650E-01  1.777E-01  1.842E-01  1.840E-01  1.772E-01
  371.5000  1.891E-01  2.037E-01  2.110E-01  2.108E-01  2.031E-01
  372.5000  1.399E-01  1.507E-01  1.561E-01  1.560E-01  1.502E-01
  373.5000  1.266E-01  1.363E-01  1.413E-01  1.412E-01  1.360E-01
  374.5000  1.391E-01  1.498E-01  1.553E-01  1.551E-01  1.494E-01
  375.5000  1.572E-01  1.693E-01  1.754E-01  1.753E-01  1.688E-01
  376.5000  1.572E-01  1.693E-01  1.754E-01  1.753E-01  1.689E-01
  377.5000  1.874E-01  2.019E-01  2.092E-01  2.090E-01  2.014E-01
  378.5000  2.046E-01  2.204E-01  2.283E-01  2.281E-01  2.198E-01
  379.5000  1.516E-01  1.632E-01  1.692E-01  1.690E-01  1.628E-01
  380.5000  1.825E-01  1.966E-01  2.037E-01  2.035E-01  1.961E-01
  381.5000  1.718E-01  1.850E-01  1.917E-01  1.915E-01  1.845E-01
  382.5000  1.146E-01  1.235E-01  1.279E-01  1.278E-01  1.231E-01
  383.5000  1.008E-01  1.086E-01  1.125E-01  1.124E-01  1.083E-01
  384.5000  1.515E-01  1.631E-01  1.690E-01  1.689E-01  1.627E-01
  385.5000  1.501E-01  1.616E-01  1.675E-01  1.673E-01  1.612E-01
  386.5000  1.532E-01  1.650E-01  1.710E-01  1.708E-01  1.645E-01
  387.5000  1.426E-01  1.536E-01  1.591E-01  1.590E-01  1.531E-01
  388.5000  1.431E-01  1.541E-01  1.597E-01  1.595E-01  1.537E-01
  389.5000  1.807E-01  1.946E-01  2.017E-01  2.015E-01  1.941E-01
  390.5000  1.778E-01  1.915E-01  1.984E-01  1.982E-01  1.909E-01
  391.5000  2.112E-01  2.275E-01  2.357E-01  2.355E-01  2.268E-01
  392.5000  1.586E-01  1.708E-01  1.770E-01  1.768E-01  1.703E-01
  393.5000  6.904E-02  7.436E-02  7.705E-02  7.698E-02  7.416E-02
  394.5000  1.627E-01  1.752E-01  1.815E-01  1.814E-01  1.747E-01
  395.5000  2.096E-01  2.258E-01  2.339E-01  2.337E-01  2.252E-01
  396.5000  1.233E-01  1.328E-01  1.376E-01  1.374E-01  1.324E-01
  397.5000  1.425E-01  1.534E-01  1.590E-01  1.588E-01  1.530E-01
  398.5000  2.451E-01  2.640E-01  2.735E-01  2.733E-01  2.633E-01
  399.5000  2.554E-01  2.750E-01  2.849E-01  2.846E-01  2.743E-01
  400.5000  2.688E-01  2.895E-01  2.999E-01  2.997E-01  2.887E-01
  401.5000  2.770E-01  2.983E-01  3.090E-01  3.087E-01  2.975E-01
  402.5000  2.880E-01  3.101E-01  3.213E-01  3.210E-01  3.093E-01
  403.5000  2.640E-01  2.843E-01  2.945E-01  2.942E-01  2.835E-01
  404.5000  2.593E-01  2.792E-01  2.892E-01  2.890E-01  2.784E-01
  405.5000  2.697E-01  2.904E-01  3.009E-01  3.006E-01  2.897E-01
  406.5000  2.544E-01  2.739E-01  2.838E-01  2.835E-01  2.732E-01
  407.5000  2.568E-01  2.766E-01  2.865E-01  2.862E-01  2.758E-01
  408.5000  2.864E-01  3.084E-01  3.195E-01  3.192E-01  3.076E-01
  409.5000  2.812E-01  3.028E-01  3.136E-01  3.133E-01  3.019E-01
  410.5000  2.442E-01  2.629E-01  2.723E-01  2.721E-01  2.622E-01
  411.5000  2.939E-01  3.165E-01  3.278E-01  3.275E-01  3.156E-01
  412.5000  2.918E-01  3.141E-01  3.254E-01  3.251E-01  3.133E-01
  413.5000  2.834E-01  3.051E-01  3.160E-01  3.157E-01  3.043E-01
  414.5000  2.917E-01  3.140E-01  3.253E-01  3.250E-01  3.132E-01
  415.5000  2.794E-01  3.007E-01  3.115E-01  3.112E-01  2.999E-01
  416.5000  3.044E-01  3.277E-01  3.395E-01  3.391E-01  3.268E-01
  417.5000  2.787E-01  3.000E-01  3.107E-01  3.104E-01  2.992E-01
  418.5000  2.813E-01  3.028E-01  3.136E-01  3.133E-01  3.020E-01
  419.5000  2.910E-01  3.132E-01  3.244E-01  3.241E-01  3.124E-01
------------------------------------------------------------
Dose rates, W m-2
   1 = UV-B, 280-315 nm                                  
   2 = UV-A, 315-400 nm                                  
   3 = Gaussian, 320 nm, 10 nm FWHM                      
   4 = RB Meter, model 501                               
   5 = DNA damage, in vitro (Setlow, 1974)               
   6 = UV index (WMO, 1994; Webb et al., 2011)           
   7 = Previtamin-D3 (CIE 2006)                          
values at z =      0.000 km
Columns: time, sza, weighting spectra
time, hrs.  sza, deg.          1          2          3          4          5          6          7
   11.0000     75.484  3.531E-02  1.064E+01  3.623E-02  1.488E-02  5.622E-05  3.906E-01  5.699E-03
   11.5000     74.612  4.146E-02  1.148E+01  4.008E-02  1.683E-02  6.384E-05  4.327E-01  6.669E-03
   12.0000     74.177  4.479E-02  1.190E+01  4.206E-02  1.787E-02  6.795E-05  4.548E-01  7.198E-03
   12.5000     74.189  4.470E-02  1.189E+01  4.201E-02  1.784E-02  6.783E-05  4.542E-01  7.184E-03
   13.0000     74.645  4.121E-02  1.145E+01  3.993E-02  1.676E-02  6.354E-05  4.311E-01  6.631E-03
------------------------------------------------------------
