Spectral Irradiance, W m-2 nm-1
values at z =      0.000 km
Columns: wavelength (nm), times (hrs.) or sza (deg.)
    wc, nm     11.000     11.500     12.000     12.500     13.000
    sza =      36.707     34.545     33.867     34.758     37.106
  280.5000  4.200E-15  9.507E-15  1.208E-14  8.806E-15  3.578E-15
  281.5000  1.529E-13  3.222E-13  4.009E-13  3.004E-13  1.322E-13
  282.5000  2.295E-12  4.545E-12  5.553E-12  4.262E-12  2.008E-12
  283.5000  1.208E-11  2.298E-11  2.775E-11  2.164E-11  1.065E-11
  284.5000  1.502E-10  2.655E-10  3.138E-10  2.517E-10  1.344E-10
  285.5000  6.067E-10  1.016E-09  1.182E-09  9.678E-10  5.484E-10
  286.5000  8.003E-09  1.285E-08  1.477E-08  1.229E-08  7.294E-09
  287.5000  5.184E-08  7.950E-08  9.013E-08  7.637E-08  4.768E-08
  288.5000  2.967E-07  4.326E-07  4.834E-07  4.176E-07  2.755E-07
  289.5000  1.791E-06  2.519E-06  2.785E-06  2.440E-06  1.675E-06
  290.5000  7.762E-06  1.060E-05  1.161E-05  1.029E-05  7.303E-06
  291.5000  2.672E-05  3.525E-05  3.825E-05  3.435E-05  2.531E-05
  292.5000  6.870E-05  8.814E-05  9.484E-05  8.610E-05  6.544E-05
  293.5000  2.108E-04  2.634E-04  2.812E-04  2.579E-04  2.018E-04
  294.5000  4.197E-04  5.138E-04  5.453E-04  5.041E-04  4.035E-04
  295.5000  1.108E-03  1.327E-03  1.399E-03  1.305E-03  1.070E-03
  296.5000  2.014E-03  2.369E-03  2.485E-03  2.333E-03  1.951E-03
  297.5000  4.000E-03  4.631E-03  4.835E-03  4.567E-03  3.888E-03
  298.5000  4.915E-03  5.614E-03  5.839E-03  5.545E-03  4.789E-03
  299.5000  1.128E-02  1.272E-02  1.318E-02  1.258E-02  1.102E-02
  300.5000  1.081E-02  1.207E-02  1.247E-02  1.195E-02  1.058E-02
  301.5000  2.198E-02  2.430E-02  2.503E-02  2.407E-02  2.155E-02
  302.5000  2.784E-02  3.056E-02  3.142E-02  3.029E-02  2.733E-02
  303.5000  4.841E-02  5.272E-02  5.407E-02  5.230E-02  4.761E-02
  304.5000  5.359E-02  5.809E-02  5.949E-02  5.765E-02  5.275E-02
  305.5000  7.205E-02  7.757E-02  7.927E-02  7.703E-02  7.103E-02
  306.5000  7.586E-02  8.142E-02  8.314E-02  8.088E-02  7.483E-02
  307.5000  1.111E-01  1.186E-01  1.209E-01  1.178E-01  1.097E-01
  308.5000  1.252E-01  1.333E-01  1.358E-01  1.325E-01  1.236E-01
  309.5000  1.114E-01  1.182E-01  1.203E-01  1.176E-01  1.102E-01
  310.5000  1.529E-01  1.617E-01  1.645E-01  1.609E-01  1.512E-01
  311.5000  1.977E-01  2.088E-01  2.122E-01  2.077E-01  1.957E-01
  312.5000  1.945E-01  2.048E-01  2.079E-01  2.038E-01  1.926E-01
  313.5000  2.212E-01  2.326E-01  2.361E-01  2.315E-01  2.190E-01
  314.5000  2.225E-01  2.334E-01  2.367E-01  2.323E-01  2.205E-01
  315.5000  2.302E-01  2.412E-01  2.447E-01  2.402E-01  2.281E-01
  316.5000  2.304E-01  2.410E-01  2.443E-01  2.400E-01  2.284E-01
  317.5000  3.259E-01  3.409E-01  3.455E-01  3.394E-01  3.230E-01
  318.5000  2.574E-01  2.688E-01  2.722E-01  2.677E-01  2.553E-01
  319.5000  3.144E-01  3.281E-01  3.323E-01  3.268E-01  3.118E-01
  320.5000  3.823E-01  3.995E-01  4.045E-01  3.979E-01  3.799E-01
  321.5000  3.260E-01  3.397E-01  3.438E-01  3.384E-01  3.237E-01
  322.5000  3.278E-01  3.417E-01  3.460E-01  3.404E-01  3.252E-01
  323.5000  3.388E-01  3.524E-01  3.566E-01  3.511E-01  3.362E-01
  324.5000  3.976E-01  4.137E-01  4.186E-01  4.121E-01  3.946E-01
  325.5000  4.456E-01  4.637E-01  4.692E-01  4.620E-01  4.420E-01
  326.5000  5.400E-01  5.611E-01  5.675E-01  5.591E-01  5.360E-01
  327.5000  5.029E-01  5.227E-01  5.288E-01  5.208E-01  4.991E-01
  328.5000  4.644E-01  4.827E-01  4.883E-01  4.809E-01  4.609E-01
  329.5000  6.021E-01  6.251E-01  6.322E-01  6.229E-01  5.978E-01
  330.5000  5.476E-01  5.687E-01  5.751E-01  5.667E-01  5.436E-01
  331.5000  5.412E-01  5.621E-01  5.685E-01  5.601E-01  5.372E-01
  332.5000  5.328E-01  5.530E-01  5.591E-01  5.511E-01  5.290E-01
  333.5000  5.008E-01  5.199E-01  5.257E-01  5.181E-01  4.972E-01
  334.5000  5.596E-01  5.808E-01  5.872E-01  5.787E-01  5.556E-01
  335.5000  5.671E-01  5.883E-01  5.948E-01  5.863E-01  5.631E-01
  336.5000  4.434E-01  4.601E-01  4.651E-01  4.585E-01  4.403E-01
  337.5000  4.869E-01  5.053E-01  5.109E-01  5.035E-01  4.835E-01
  338.5000  5.138E-01  5.329E-01  5.388E-01  5.311E-01  5.102E-01
  339.5000  5.586E-01  5.793E-01  5.856E-01  5.773E-01  5.546E-01
  340.5000  5.973E-01  6.195E-01  6.263E-01  6.174E-01  5.931E-01
  341.5000  5.304E-01  5.500E-01  5.560E-01  5.481E-01  5.267E-01
  342.5000  5.876E-01  6.093E-01  6.159E-01  6.072E-01  5.835E-01
  343.5000  6.104E-01  6.329E-01  6.398E-01  6.308E-01  6.062E-01
  344.5000  4.279E-01  4.437E-01  4.485E-01  4.422E-01  4.249E-01
  345.5000  5.862E-01  6.076E-01  6.142E-01  6.056E-01  5.821E-01
  346.5000  5.484E-01  5.685E-01  5.747E-01  5.666E-01  5.446E-01
  347.5000  5.359E-01  5.555E-01  5.614E-01  5.536E-01  5.321E-01
  348.5000  5.889E-01  6.104E-01  6.169E-01  6.083E-01  5.848E-01
  349.5000  4.935E-01  5.115E-01  5.170E-01  5.098E-01  4.901E-01
  350.5000  6.910E-01  7.161E-01  7.238E-01  7.137E-01  6.862E-01
  351.5000  5.956E-01  6.172E-01  6.238E-01  6.151E-01  5.915E-01
  352.5000  5.371E-01  5.566E-01  5.625E-01  5.547E-01  5.334E-01
  353.5000  6.465E-01  6.699E-01  6.770E-01  6.677E-01  6.421E-01
  354.5000  6.997E-01  7.250E-01  7.326E-01  7.225E-01  6.949E-01
  355.5000  6.539E-01  6.775E-01  6.846E-01  6.752E-01  6.494E-01
  356.5000  6.068E-01  6.286E-01  6.353E-01  6.265E-01  6.026E-01
  357.5000  5.160E-01  5.345E-01  5.402E-01  5.328E-01  5.125E-01
  358.5000  3.981E-01  4.124E-01  4.168E-01  4.111E-01  3.954E-01
  359.5000  6.700E-01  6.941E-01  7.014E-01  6.918E-01  6.655E-01
  360.5000  6.210E-01  6.433E-01  6.500E-01  6.412E-01  6.168E-01
  361.5000  5.599E-01  5.799E-01  5.860E-01  5.780E-01  5.561E-01
  362.5000  6.575E-01  6.809E-01  6.881E-01  6.787E-01  6.530E-01
  363.5000  5.848E-01  6.057E-01  6.120E-01  6.037E-01  5.809E-01
  364.5000  6.380E-01  6.607E-01  6.676E-01  6.585E-01  6.337E-01
  365.5000  7.774E-01  8.050E-01  8.134E-01  8.023E-01  7.721E-01
  366.5000  8.227E-01  8.519E-01  8.607E-01  8.491E-01  8.171E-01
  367.5000  7.811E-01  8.087E-01  8.172E-01  8.061E-01  7.758E-01
  368.5000  6.861E-01  7.104E-01  7.178E-01  7.081E-01  6.815E-01
  369.5000  8.230E-01  8.521E-01  8.609E-01  8.493E-01  8.175E-01
  370.5000  7.467E-01  7.730E-01  7.810E-01  7.705E-01  7.417E-01
  371.5000  8.543E-01  8.844E-01  8.936E-01  8.815E-01  8.486E-01
  372.5000  6.310E-01  6.532E-01  6.600E-01  6.511E-01  6.268E-01
  373.5000  5.704E-01  5.904E-01  5.965E-01  5.885E-01  5.666E-01
  374.5000  6.260E-01  6.479E-01  6.546E-01  6.458E-01  6.218E-01
  375.5000  7.062E-01  7.310E-01  7.385E-01  7.286E-01  7.016E-01
  376.5000  7.052E-01  7.299E-01  7.374E-01  7.275E-01  7.006E-01
  377.5000  8.398E-01  8.691E-01  8.780E-01  8.663E-01  8.342E-01
  378.5000  9.153E-01  9.472E-01  9.569E-01  9.441E-01  9.092E-01
  379.5000  6.771E-01  7.007E-01  7.079E-01  6.985E-01  6.727E-01
  380.5000  8.143E-01  8.427E-01  8.513E-01  8.400E-01  8.090E-01
  381.5000  7.652E-01  7.918E-01  7.999E-01  7.892E-01  7.602E-01
  382.5000  5.099E-01  5.276E-01  5.330E-01  5.259E-01  5.065E-01
  383.5000  4.477E-01  4.632E-01  4.680E-01  4.618E-01  4.448E-01
  384.5000  6.719E-01  6.952E-01  7.022E-01  6.929E-01  6.675E-01
  385.5000  6.647E-01  6.877E-01  6.947E-01  6.855E-01  6.604E-01
  386.5000  6.776E-01  7.010E-01  7.081E-01  6.988E-01  6.732E-01
  387.5000  6.297E-01  6.515E-01  6.581E-01  6.494E-01  6.256E-01
  388.5000  6.312E-01  6.530E-01  6.596E-01  6.509E-01  6.271E-01
  389.5000  7.960E-01  8.234E-01  8.317E-01  8.208E-01  7.908E-01
  390.5000  7.819E-01  8.087E-01  8.169E-01  8.062E-01  7.768E-01
  391.5000  9.276E-01  9.594E-01  9.691E-01  9.564E-01  9.215E-01
  392.5000  6.956E-01  7.194E-01  7.267E-01  7.171E-01  6.911E-01
  393.5000  3.024E-01  3.128E-01  3.159E-01  3.118E-01  3.004E-01
  394.5000  7.116E-01  7.359E-01  7.433E-01  7.336E-01  7.070E-01
  395.5000  9.156E-01  9.469E-01  9.564E-01  9.439E-01  9.097E-01
  396.5000  5.377E-01  5.560E-01  5.616E-01  5.542E-01  5.342E-01
  397.5000  6.204E-01  6.416E-01  6.480E-01  6.396E-01  6.164E-01
  398.5000  1.066E+00  1.102E+00  1.113E+00  1.099E+00  1.059E+00
  399.5000  1.109E+00  1.147E+00  1.158E+00  1.143E+00  1.102E+00
  400.5000  1.166E+00  1.206E+00  1.218E+00  1.202E+00  1.158E+00
  401.5000  1.200E+00  1.240E+00  1.253E+00  1.236E+00  1.192E+00
  402.5000  1.245E+00  1.288E+00  1.300E+00  1.284E+00  1.237E+00
  403.5000  1.140E+00  1.179E+00  1.190E+00  1.175E+00  1.133E+00
  404.5000  1.118E+00  1.156E+00  1.167E+00  1.152E+00  1.111E+00
  405.5000  1.162E+00  1.201E+00  1.213E+00  1.197E+00  1.154E+00
  406.5000  1.094E+00  1.131E+00  1.142E+00  1.127E+00  1.087E+00
  407.5000  1.103E+00  1.140E+00  1.152E+00  1.137E+00  1.096E+00
  408.5000  1.229E+00  1.270E+00  1.283E+00  1.266E+00  1.221E+00
  409.5000  1.205E+00  1.245E+00  1.257E+00  1.241E+00  1.197E+00
  410.5000  1.045E+00  1.080E+00  1.090E+00  1.076E+00  1.038E+00
  411.5000  1.256E+00  1.298E+00  1.311E+00  1.294E+00  1.248E+00
  412.5000  1.245E+00  1.286E+00  1.299E+00  1.282E+00  1.237E+00
  413.5000  1.207E+00  1.248E+00  1.260E+00  1.244E+00  1.199E+00
  414.5000  1.241E+00  1.282E+00  1.295E+00  1.278E+00  1.233E+00
  415.5000  1.187E+00  1.226E+00  1.238E+00  1.223E+00  1.179E+00
  416.5000  1.292E+00  1.335E+00  1.348E+00  1.331E+00  1.284E+00
  417.5000  1.181E+00  1.220E+00  1.232E+00  1.216E+00  1.173E+00
  418.5000  1.190E+00  1.230E+00  1.242E+00  1.226E+00  1.183E+00
  419.5000  1.230E+00  1.270E+00  1.283E+00  1.267E+00  1.222E+00
------------------------------------------------------------
Dose rates, W m-2
   1 = UV-B, 280-315 nm                                  
   2 = UV-A, 315-400 nm                                  
   3 = Gaussian, 320 nm, 10 nm FWHM                      
   4 = RB Meter, model 501                               
   5 = DNA damage, in vitro (Setlow, 1974)               
   6 = UV index (WMO, 1994; Webb et al., 2011)           
   7 = Previtamin-D3 (CIE 2006)                          
values at z =      0.000 km
Columns: time, sza, weighting spectra
time, hrs.  sza, deg.          1          2          3          4          5          6          7
   11.0000     36.707  1.671E+00  5.096E+01  3.231E-01  4.960E-01  5.896E-03  9.505E+00  4.744E-01
   11.5000     34.545  1.776E+00  5.281E+01  3.371E-01  5.300E-01  6.479E-03  1.020E+01  5.101E-01
   12.0000     33.867  1.808E+00  5.337E+01  3.414E-01  5.405E-01  6.663E-03  1.041E+01  5.212E-01
   12.5000     34.758  1.765E+00  5.263E+01  3.357E-01  5.267E-01  6.421E-03  1.013E+01  5.066E-01
   13.0000     37.106  1.652E+00  5.061E+01  3.205E-01  4.897E-01  5.790E-03  9.377E+00  4.678E-01
------------------------------------------------------------
