Spectral Irradiance, W m-2 nm-1
values at z =      0.000 km
Columns: wavelength (nm), times (hrs.) or sza (deg.)
    wc, nm     11.000     11.500     12.000     12.500     13.000
    sza =      27.043     24.897     24.842     26.890     30.622
  280.5000  3.894E-14  6.553E-14  6.637E-14  4.049E-14  1.426E-14
  281.5000  1.171E-12  1.882E-12  1.904E-12  1.213E-12  4.683E-13
  282.5000  1.490E-11  2.304E-11  2.328E-11  1.540E-11  6.430E-12
  283.5000  7.049E-11  1.062E-10  1.073E-10  7.269E-11  3.196E-11
  284.5000  7.213E-10  1.038E-09  1.047E-09  7.412E-10  3.577E-10
  285.5000  2.522E-09  3.505E-09  3.534E-09  2.585E-09  1.337E-09
  286.5000  2.977E-08  4.030E-08  4.060E-08  3.046E-08  1.661E-08
  287.5000  1.706E-07  2.242E-07  2.257E-07  1.741E-07  1.007E-07
  288.5000  8.539E-07  1.087E-06  1.094E-06  8.695E-07  5.361E-07
  289.5000  4.683E-06  5.829E-06  5.860E-06  4.761E-06  3.073E-06
  290.5000  1.873E-05  2.287E-05  2.298E-05  1.901E-05  1.275E-05
  291.5000  5.886E-05  7.033E-05  7.063E-05  5.966E-05  4.180E-05
  292.5000  1.404E-04  1.648E-04  1.655E-04  1.421E-04  1.032E-04
  293.5000  4.016E-04  4.635E-04  4.651E-04  4.059E-04  3.048E-04
  294.5000  7.569E-04  8.622E-04  8.650E-04  7.644E-04  5.893E-04
  295.5000  1.885E-03  2.117E-03  2.123E-03  1.901E-03  1.507E-03
  296.5000  3.263E-03  3.624E-03  3.633E-03  3.289E-03  2.669E-03
  297.5000  6.212E-03  6.828E-03  6.844E-03  6.256E-03  5.181E-03
  298.5000  7.364E-03  8.026E-03  8.043E-03  7.412E-03  6.244E-03
  299.5000  1.634E-02  1.766E-02  1.770E-02  1.643E-02  1.407E-02
  300.5000  1.525E-02  1.639E-02  1.642E-02  1.534E-02  1.329E-02
  301.5000  3.016E-02  3.219E-02  3.224E-02  3.031E-02  2.663E-02
  302.5000  3.750E-02  3.985E-02  3.991E-02  3.767E-02  3.339E-02
  303.5000  6.382E-02  6.746E-02  6.756E-02  6.408E-02  5.739E-02
  304.5000  6.975E-02  7.351E-02  7.361E-02  7.003E-02  6.309E-02
  305.5000  9.205E-02  9.658E-02  9.670E-02  9.238E-02  8.397E-02
  306.5000  9.612E-02  1.007E-01  1.008E-01  9.646E-02  8.802E-02
  307.5000  1.386E-01  1.446E-01  1.448E-01  1.390E-01  1.278E-01
  308.5000  1.552E-01  1.617E-01  1.619E-01  1.557E-01  1.435E-01
  309.5000  1.368E-01  1.422E-01  1.423E-01  1.372E-01  1.271E-01
  310.5000  1.862E-01  1.932E-01  1.934E-01  1.868E-01  1.736E-01
  311.5000  2.397E-01  2.484E-01  2.486E-01  2.403E-01  2.239E-01
  312.5000  2.337E-01  2.418E-01  2.420E-01  2.343E-01  2.193E-01
  313.5000  2.641E-01  2.741E-01  2.743E-01  2.658E-01  2.489E-01
  314.5000  2.648E-01  2.732E-01  2.734E-01  2.654E-01  2.495E-01
  315.5000  2.734E-01  2.821E-01  2.823E-01  2.741E-01  2.578E-01
  316.5000  2.721E-01  2.803E-01  2.805E-01  2.727E-01  2.572E-01
  317.5000  3.848E-01  3.964E-01  3.967E-01  3.857E-01  3.638E-01
  318.5000  3.024E-01  3.111E-01  3.113E-01  3.030E-01  2.865E-01
  319.5000  3.688E-01  3.794E-01  3.796E-01  3.696E-01  3.497E-01
  320.5000  4.486E-01  4.613E-01  4.616E-01  4.496E-01  4.256E-01
  321.5000  3.803E-01  3.906E-01  3.909E-01  3.811E-01  3.616E-01
  322.5000  3.834E-01  3.941E-01  3.943E-01  3.842E-01  3.640E-01
  323.5000  3.940E-01  4.044E-01  4.047E-01  3.947E-01  3.750E-01
  324.5000  4.624E-01  4.746E-01  4.749E-01  4.633E-01  4.401E-01
  325.5000  5.184E-01  5.314E-01  5.326E-01  5.195E-01  4.933E-01
  326.5000  6.258E-01  6.418E-01  6.422E-01  6.269E-01  5.965E-01
  327.5000  5.832E-01  5.983E-01  5.987E-01  5.844E-01  5.557E-01
  328.5000  5.384E-01  5.524E-01  5.527E-01  5.395E-01  5.131E-01
  329.5000  6.961E-01  7.136E-01  7.140E-01  6.974E-01  6.642E-01
  330.5000  6.335E-01  6.496E-01  6.500E-01  6.348E-01  6.042E-01
  331.5000  6.262E-01  6.421E-01  6.425E-01  6.273E-01  5.972E-01
  332.5000  6.151E-01  6.304E-01  6.308E-01  6.163E-01  5.872E-01
  333.5000  5.785E-01  5.930E-01  5.934E-01  5.796E-01  5.521E-01
  334.5000  6.460E-01  6.620E-01  6.624E-01  6.472E-01  6.166E-01
  335.5000  6.539E-01  6.699E-01  6.704E-01  6.551E-01  6.245E-01
  336.5000  5.113E-01  5.239E-01  5.242E-01  5.122E-01  4.883E-01
  337.5000  5.617E-01  5.755E-01  5.759E-01  5.627E-01  5.363E-01
  338.5000  5.919E-01  6.064E-01  6.068E-01  5.930E-01  5.655E-01
  339.5000  6.433E-01  6.589E-01  6.593E-01  6.444E-01  6.146E-01
  340.5000  6.880E-01  7.048E-01  7.052E-01  6.892E-01  6.573E-01
  341.5000  6.105E-01  6.253E-01  6.256E-01  6.116E-01  5.834E-01
  342.5000  6.761E-01  6.924E-01  6.928E-01  6.773E-01  6.462E-01
  343.5000  7.023E-01  7.193E-01  7.197E-01  7.035E-01  6.712E-01
  344.5000  4.923E-01  5.042E-01  5.045E-01  4.932E-01  4.705E-01
  345.5000  6.738E-01  6.900E-01  6.904E-01  6.750E-01  6.442E-01
  346.5000  6.305E-01  6.457E-01  6.460E-01  6.316E-01  6.028E-01
  347.5000  6.159E-01  6.307E-01  6.310E-01  6.170E-01  5.888E-01
  348.5000  6.766E-01  6.928E-01  6.932E-01  6.778E-01  6.470E-01
  349.5000  5.669E-01  5.805E-01  5.808E-01  5.679E-01  5.421E-01
  350.5000  7.935E-01  8.125E-01  8.130E-01  7.949E-01  7.589E-01
  351.5000  6.838E-01  7.001E-01  7.005E-01  6.850E-01  6.540E-01
  352.5000  6.165E-01  6.312E-01  6.316E-01  6.176E-01  5.897E-01
  353.5000  7.419E-01  7.595E-01  7.600E-01  7.432E-01  7.097E-01
  354.5000  8.027E-01  8.217E-01  8.222E-01  8.041E-01  7.679E-01
  355.5000  7.500E-01  7.677E-01  7.682E-01  7.513E-01  7.175E-01
  356.5000  6.958E-01  7.123E-01  7.127E-01  6.970E-01  6.658E-01
  357.5000  5.916E-01  6.055E-01  6.059E-01  5.926E-01  5.660E-01
  358.5000  4.564E-01  4.671E-01  4.674E-01  4.572E-01  4.367E-01
  359.5000  7.678E-01  7.859E-01  7.864E-01  7.692E-01  7.348E-01
  360.5000  7.115E-01  7.282E-01  7.287E-01  7.128E-01  6.810E-01
  361.5000  6.413E-01  6.564E-01  6.567E-01  6.424E-01  6.138E-01
  362.5000  7.529E-01  7.705E-01  7.710E-01  7.542E-01  7.207E-01
  363.5000  6.696E-01  6.853E-01  6.856E-01  6.708E-01  6.410E-01
  364.5000  7.303E-01  7.473E-01  7.478E-01  7.316E-01  6.991E-01
  365.5000  8.897E-01  9.104E-01  9.109E-01  8.912E-01  8.518E-01
  366.5000  9.413E-01  9.632E-01  9.638E-01  9.430E-01  9.013E-01
  367.5000  8.935E-01  9.143E-01  9.148E-01  8.951E-01  8.556E-01
  368.5000  7.848E-01  8.030E-01  8.034E-01  7.861E-01  7.515E-01
  369.5000  9.411E-01  9.629E-01  9.634E-01  9.427E-01  9.012E-01
  370.5000  8.536E-01  8.734E-01  8.739E-01  8.551E-01  8.175E-01
  371.5000  9.765E-01  9.991E-01  9.996E-01  9.782E-01  9.353E-01
  372.5000  7.211E-01  7.378E-01  7.382E-01  7.224E-01  6.907E-01
  373.5000  6.517E-01  6.667E-01  6.671E-01  6.528E-01  6.242E-01
  374.5000  7.151E-01  7.315E-01  7.320E-01  7.163E-01  6.850E-01
  375.5000  8.066E-01  8.252E-01  8.256E-01  8.080E-01  7.728E-01
  376.5000  8.053E-01  8.238E-01  8.243E-01  8.067E-01  7.715E-01
  377.5000  9.588E-01  9.807E-01  9.813E-01  9.604E-01  9.186E-01
  378.5000  1.045E+00  1.069E+00  1.069E+00  1.047E+00  1.001E+00
  379.5000  7.728E-01  7.904E-01  7.909E-01  7.741E-01  7.405E-01
  380.5000  9.292E-01  9.504E-01  9.509E-01  9.308E-01  8.904E-01
  381.5000  8.730E-01  8.929E-01  8.934E-01  8.745E-01  8.366E-01
  382.5000  5.816E-01  5.948E-01  5.951E-01  5.826E-01  5.574E-01
  383.5000  5.106E-01  5.222E-01  5.225E-01  5.115E-01  4.894E-01
  384.5000  7.661E-01  7.835E-01  7.839E-01  7.674E-01  7.343E-01
  385.5000  7.578E-01  7.750E-01  7.754E-01  7.591E-01  7.264E-01
  386.5000  7.723E-01  7.898E-01  7.902E-01  7.736E-01  7.403E-01
  387.5000  7.176E-01  7.339E-01  7.343E-01  7.189E-01  6.880E-01
  388.5000  7.192E-01  7.354E-01  7.358E-01  7.204E-01  6.895E-01
  389.5000  9.068E-01  9.272E-01  9.278E-01  9.083E-01  8.694E-01
  390.5000  8.905E-01  9.106E-01  9.111E-01  8.920E-01  8.538E-01
  391.5000  1.056E+00  1.080E+00  1.081E+00  1.058E+00  1.013E+00
  392.5000  7.920E-01  8.098E-01  8.102E-01  7.933E-01  7.594E-01
  393.5000  3.443E-01  3.520E-01  3.522E-01  3.448E-01  3.301E-01
  394.5000  8.100E-01  8.281E-01  8.286E-01  8.113E-01  7.767E-01
  395.5000  1.042E+00  1.065E+00  1.066E+00  1.044E+00  9.993E-01
  396.5000  6.118E-01  6.254E-01  6.258E-01  6.128E-01  5.867E-01
  397.5000  7.058E-01  7.216E-01  7.220E-01  7.070E-01  6.770E-01
  398.5000  1.213E+00  1.240E+00  1.240E+00  1.215E+00  1.163E+00
  399.5000  1.261E+00  1.289E+00  1.290E+00  1.263E+00  1.210E+00
  400.5000  1.326E+00  1.355E+00  1.356E+00  1.328E+00  1.272E+00
  401.5000  1.364E+00  1.394E+00  1.395E+00  1.366E+00  1.308E+00
  402.5000  1.416E+00  1.447E+00  1.448E+00  1.418E+00  1.358E+00
  403.5000  1.296E+00  1.324E+00  1.325E+00  1.298E+00  1.243E+00
  404.5000  1.271E+00  1.299E+00  1.299E+00  1.273E+00  1.219E+00
  405.5000  1.320E+00  1.349E+00  1.350E+00  1.322E+00  1.266E+00
  406.5000  1.243E+00  1.270E+00  1.271E+00  1.245E+00  1.193E+00
  407.5000  1.253E+00  1.281E+00  1.281E+00  1.255E+00  1.202E+00
  408.5000  1.395E+00  1.426E+00  1.427E+00  1.398E+00  1.339E+00
  409.5000  1.368E+00  1.398E+00  1.399E+00  1.370E+00  1.313E+00
  410.5000  1.186E+00  1.212E+00  1.213E+00  1.188E+00  1.138E+00
  411.5000  1.425E+00  1.457E+00  1.457E+00  1.428E+00  1.368E+00
  412.5000  1.413E+00  1.444E+00  1.444E+00  1.415E+00  1.356E+00
  413.5000  1.370E+00  1.400E+00  1.401E+00  1.372E+00  1.315E+00
  414.5000  1.408E+00  1.439E+00  1.439E+00  1.410E+00  1.351E+00
  415.5000  1.346E+00  1.376E+00  1.377E+00  1.349E+00  1.292E+00
  416.5000  1.465E+00  1.497E+00  1.498E+00  1.468E+00  1.407E+00
  417.5000  1.339E+00  1.369E+00  1.369E+00  1.341E+00  1.286E+00
  418.5000  1.350E+00  1.379E+00  1.380E+00  1.352E+00  1.296E+00
  419.5000  1.394E+00  1.424E+00  1.425E+00  1.396E+00  1.338E+00
------------------------------------------------------------
Dose rates, W m-2
   1 = UV-B, 280-315 nm                                  
   2 = UV-A, 315-400 nm                                  
   3 = Gaussian, 320 nm, 10 nm FWHM                      
   4 = RB Meter, model 501                               
   5 = DNA damage, in vitro (Setlow, 1974)               
   6 = UV index (WMO, 1994; Webb et al., 2011)           
   7 = Previtamin-D3 (CIE 2006)                          
values at z =      0.000 km
Columns: time, sza, weighting spectra
time, hrs.  sza, deg.          1          2          3          4          5          6          7
   11.0000     27.043  2.060E+00  5.845E+01  3.786E-01  6.213E-01  7.984E-03  1.204E+01  6.046E-01
   11.5000     24.897  2.146E+00  5.984E+01  3.894E-01  6.495E-01  8.509E-03  1.263E+01  6.345E-01
   12.0000     24.842  2.148E+00  5.987E+01  3.897E-01  6.502E-01  8.522E-03  1.264E+01  6.353E-01
   12.5000     26.890  2.067E+00  5.855E+01  3.795E-01  6.235E-01  8.022E-03  1.209E+01  6.069E-01
   13.0000     30.622  1.910E+00  5.591E+01  3.592E-01  5.716E-01  7.082E-03  1.102E+01  5.519E-01
------------------------------------------------------------
