Spectral Irradiance, W m-2 nm-1
values at z =      0.000 km
Columns: wavelength (nm), times (hrs.) or sza (deg.)
    wc, nm     11.000     11.500     12.000     12.500     13.000
    sza =      23.960     20.512     19.052     20.023     23.122
  280.5000  8.760E-15  1.831E-14  2.399E-14  2.009E-14  1.062E-14
  281.5000  3.016E-13  5.907E-13  7.560E-13  6.431E-13  3.595E-13
  282.5000  4.313E-12  7.989E-12  1.002E-11  8.637E-12  5.066E-12
  283.5000  2.200E-11  3.931E-11  4.864E-11  4.230E-11  2.560E-11
  284.5000  2.584E-10  4.322E-10  5.221E-10  4.613E-10  2.956E-10
  285.5000  1.001E-09  1.594E-09  1.891E-09  1.691E-09  1.050E-09
  286.5000  1.278E-08  1.961E-08  2.294E-08  2.070E-08  1.429E-08
  287.5000  7.985E-08  1.175E-07  1.354E-07  1.234E-07  8.833E-08
  288.5000  4.395E-07  6.183E-07  7.008E-07  6.456E-07  4.804E-07
  289.5000  2.580E-06  3.513E-06  3.936E-06  3.653E-06  2.796E-06
  290.5000  1.092E-05  1.448E-05  1.606E-05  1.500E-05  1.176E-05
  291.5000  3.662E-05  4.706E-05  5.161E-05  4.858E-05  3.910E-05
  292.5000  9.213E-05  1.154E-04  1.254E-04  1.188E-04  9.771E-05
  293.5000  2.769E-04  3.388E-04  3.650E-04  3.476E-04  2.919E-04
  294.5000  5.428E-04  6.520E-04  6.974E-04  6.673E-04  5.694E-04
  295.5000  1.409E-03  1.659E-03  1.762E-03  1.694E-03  1.470E-03
  296.5000  2.526E-03  2.926E-03  3.088E-03  2.981E-03  2.624E-03
  297.5000  4.956E-03  5.659E-03  5.942E-03  5.755E-03  5.131E-03
  298.5000  6.028E-03  6.800E-03  7.070E-03  6.905E-03  6.221E-03
  299.5000  1.370E-02  1.528E-02  1.591E-02  1.549E-02  1.410E-02
  300.5000  1.304E-02  1.441E-02  1.495E-02  1.459E-02  1.338E-02
  301.5000  2.630E-02  2.880E-02  2.978E-02  2.913E-02  2.693E-02
  302.5000  3.314E-02  3.606E-02  3.720E-02  3.645E-02  3.388E-02
  303.5000  5.728E-02  6.188E-02  6.367E-02  6.249E-02  5.845E-02
  304.5000  6.318E-02  6.796E-02  6.981E-02  6.859E-02  6.439E-02
  305.5000  8.451E-02  9.032E-02  9.257E-02  9.109E-02  8.598E-02
  306.5000  8.876E-02  9.461E-02  9.687E-02  9.538E-02  9.025E-02
  307.5000  1.294E-01  1.372E-01  1.402E-01  1.382E-01  1.314E-01
  308.5000  1.455E-01  1.540E-01  1.572E-01  1.551E-01  1.477E-01
  309.5000  1.292E-01  1.362E-01  1.389E-01  1.371E-01  1.310E-01
  310.5000  1.768E-01  1.860E-01  1.895E-01  1.872E-01  1.792E-01
  311.5000  2.283E-01  2.398E-01  2.441E-01  2.413E-01  2.312E-01
  312.5000  2.240E-01  2.346E-01  2.386E-01  2.360E-01  2.267E-01
  313.5000  2.545E-01  2.663E-01  2.708E-01  2.678E-01  2.575E-01
  314.5000  2.554E-01  2.666E-01  2.709E-01  2.681E-01  2.583E-01
  315.5000  2.640E-01  2.755E-01  2.798E-01  2.770E-01  2.670E-01
  316.5000  2.638E-01  2.747E-01  2.789E-01  2.761E-01  2.666E-01
  317.5000  3.731E-01  3.884E-01  3.943E-01  3.904E-01  3.770E-01
  318.5000  2.942E-01  3.058E-01  3.102E-01  3.073E-01  2.972E-01
  319.5000  3.592E-01  3.732E-01  3.785E-01  3.750E-01  3.627E-01
  320.5000  4.372E-01  4.540E-01  4.605E-01  4.562E-01  4.415E-01
  321.5000  3.719E-01  3.856E-01  3.908E-01  3.874E-01  3.754E-01
  322.5000  3.739E-01  3.881E-01  3.935E-01  3.900E-01  3.776E-01
  323.5000  3.858E-01  3.997E-01  4.050E-01  4.015E-01  3.894E-01
  324.5000  4.527E-01  4.690E-01  4.752E-01  4.711E-01  4.569E-01
  325.5000  5.073E-01  5.256E-01  5.326E-01  5.281E-01  5.120E-01
  326.5000  6.140E-01  6.354E-01  6.431E-01  6.382E-01  6.195E-01
  327.5000  5.718E-01  5.912E-01  5.995E-01  5.945E-01  5.769E-01
  328.5000  5.278E-01  5.464E-01  5.534E-01  5.488E-01  5.326E-01
  329.5000  6.838E-01  7.071E-01  7.159E-01  7.101E-01  6.898E-01
  330.5000  6.218E-01  6.432E-01  6.513E-01  6.460E-01  6.272E-01
  331.5000  6.144E-01  6.356E-01  6.436E-01  6.383E-01  6.198E-01
  332.5000  6.045E-01  6.248E-01  6.326E-01  6.275E-01  6.097E-01
  333.5000  5.681E-01  5.874E-01  5.947E-01  5.899E-01  5.730E-01
  334.5000  6.345E-01  6.559E-01  6.640E-01  6.587E-01  6.400E-01
  335.5000  6.427E-01  6.641E-01  6.723E-01  6.669E-01  6.482E-01
  336.5000  5.024E-01  5.192E-01  5.256E-01  5.214E-01  5.067E-01
  337.5000  5.516E-01  5.701E-01  5.771E-01  5.725E-01  5.564E-01
  338.5000  5.818E-01  6.010E-01  6.084E-01  6.036E-01  5.867E-01
  339.5000  6.322E-01  6.531E-01  6.611E-01  6.559E-01  6.376E-01
  340.5000  6.760E-01  6.983E-01  7.068E-01  7.012E-01  6.817E-01
  341.5000  6.000E-01  6.197E-01  6.272E-01  6.223E-01  6.051E-01
  342.5000  6.645E-01  6.863E-01  6.946E-01  6.891E-01  6.701E-01
  343.5000  6.901E-01  7.128E-01  7.214E-01  7.157E-01  6.960E-01
  344.5000  4.837E-01  4.995E-01  5.056E-01  5.016E-01  4.878E-01
  345.5000  6.623E-01  6.838E-01  6.920E-01  6.867E-01  6.678E-01
  346.5000  6.195E-01  6.397E-01  6.474E-01  6.424E-01  6.247E-01
  347.5000  6.051E-01  6.248E-01  6.323E-01  6.274E-01  6.102E-01
  348.5000  6.648E-01  6.864E-01  6.946E-01  6.892E-01  6.704E-01
  349.5000  5.570E-01  5.751E-01  5.819E-01  5.774E-01  5.617E-01
  350.5000  7.797E-01  8.049E-01  8.145E-01  8.082E-01  7.861E-01
  351.5000  6.718E-01  6.935E-01  7.018E-01  6.964E-01  6.774E-01
  352.5000  6.057E-01  6.252E-01  6.327E-01  6.278E-01  6.107E-01
  353.5000  7.289E-01  7.523E-01  7.612E-01  7.554E-01  7.349E-01
  354.5000  7.886E-01  8.139E-01  8.235E-01  8.172E-01  7.951E-01
  355.5000  7.368E-01  7.604E-01  7.694E-01  7.635E-01  7.428E-01
  356.5000  6.835E-01  7.054E-01  7.137E-01  7.083E-01  6.892E-01
  357.5000  5.811E-01  5.997E-01  6.067E-01  6.021E-01  5.859E-01
  358.5000  4.483E-01  4.626E-01  4.680E-01  4.644E-01  4.519E-01
  359.5000  7.542E-01  7.782E-01  7.874E-01  7.814E-01  7.604E-01
  360.5000  6.989E-01  7.211E-01  7.295E-01  7.240E-01  7.046E-01
  361.5000  6.299E-01  6.499E-01  6.575E-01  6.525E-01  6.350E-01
  362.5000  7.395E-01  7.629E-01  7.718E-01  7.660E-01  7.455E-01
  363.5000  6.576E-01  6.784E-01  6.863E-01  6.812E-01  6.630E-01
  364.5000  7.172E-01  7.399E-01  7.485E-01  7.428E-01  7.230E-01
  365.5000  8.737E-01  9.012E-01  9.117E-01  9.048E-01  8.807E-01
  366.5000  9.243E-01  9.535E-01  9.645E-01  9.573E-01  9.318E-01
  367.5000  8.774E-01  9.050E-01  9.155E-01  9.086E-01  8.845E-01
  368.5000  7.705E-01  7.948E-01  8.040E-01  7.979E-01  7.768E-01
  369.5000  9.240E-01  9.530E-01  9.640E-01  9.568E-01  9.315E-01
  370.5000  8.381E-01  8.644E-01  8.744E-01  8.678E-01  8.449E-01
  371.5000  9.587E-01  9.887E-01  1.000E+00  9.926E-01  9.664E-01
  372.5000  7.080E-01  7.301E-01  7.385E-01  7.330E-01  7.137E-01
  373.5000  6.398E-01  6.597E-01  6.673E-01  6.623E-01  6.449E-01
  374.5000  7.020E-01  7.239E-01  7.322E-01  7.267E-01  7.076E-01
  375.5000  7.918E-01  8.165E-01  8.258E-01  8.197E-01  7.982E-01
  376.5000  7.905E-01  8.151E-01  8.244E-01  8.183E-01  7.968E-01
  377.5000  9.411E-01  9.703E-01  9.814E-01  9.741E-01  9.486E-01
  378.5000  1.025E+00  1.057E+00  1.069E+00  1.061E+00  1.034E+00
  379.5000  7.585E-01  7.820E-01  7.909E-01  7.850E-01  7.645E-01
  380.5000  9.120E-01  9.402E-01  9.509E-01  9.438E-01  9.192E-01
  381.5000  8.568E-01  8.832E-01  8.932E-01  8.867E-01  8.636E-01
  382.5000  5.708E-01  5.883E-01  5.950E-01  5.906E-01  5.753E-01
  383.5000  5.011E-01  5.165E-01  5.224E-01  5.185E-01  5.050E-01
  384.5000  7.518E-01  7.749E-01  7.837E-01  7.779E-01  7.577E-01
  385.5000  7.436E-01  7.665E-01  7.751E-01  7.694E-01  7.495E-01
  386.5000  7.578E-01  7.811E-01  7.899E-01  7.841E-01  7.638E-01
  387.5000  7.042E-01  7.257E-01  7.339E-01  7.285E-01  7.097E-01
  388.5000  7.057E-01  7.273E-01  7.355E-01  7.301E-01  7.112E-01
  389.5000  8.897E-01  9.169E-01  9.272E-01  9.204E-01  8.967E-01
  390.5000  8.737E-01  9.004E-01  9.105E-01  9.039E-01  8.806E-01
  391.5000  1.036E+00  1.068E+00  1.080E+00  1.072E+00  1.044E+00
  392.5000  7.770E-01  8.006E-01  8.096E-01  8.037E-01  7.831E-01
  393.5000  3.377E-01  3.480E-01  3.519E-01  3.493E-01  3.404E-01
  394.5000  7.946E-01  8.187E-01  8.279E-01  8.218E-01  8.008E-01
  395.5000  1.022E+00  1.053E+00  1.065E+00  1.057E+00  1.030E+00
  396.5000  6.001E-01  6.183E-01  6.252E-01  6.206E-01  6.048E-01
  397.5000  6.924E-01  7.133E-01  7.213E-01  7.160E-01  6.977E-01
  398.5000  1.189E+00  1.225E+00  1.239E+00  1.230E+00  1.199E+00
  399.5000  1.237E+00  1.274E+00  1.289E+00  1.279E+00  1.247E+00
  400.5000  1.300E+00  1.340E+00  1.354E+00  1.345E+00  1.310E+00
  401.5000  1.338E+00  1.378E+00  1.393E+00  1.383E+00  1.348E+00
  402.5000  1.388E+00  1.430E+00  1.446E+00  1.436E+00  1.399E+00
  403.5000  1.271E+00  1.309E+00  1.323E+00  1.314E+00  1.281E+00
  404.5000  1.246E+00  1.283E+00  1.298E+00  1.288E+00  1.256E+00
  405.5000  1.294E+00  1.333E+00  1.348E+00  1.338E+00  1.304E+00
  406.5000  1.219E+00  1.255E+00  1.269E+00  1.260E+00  1.228E+00
  407.5000  1.229E+00  1.265E+00  1.279E+00  1.270E+00  1.238E+00
  408.5000  1.368E+00  1.409E+00  1.425E+00  1.414E+00  1.379E+00
  409.5000  1.341E+00  1.381E+00  1.396E+00  1.386E+00  1.351E+00
  410.5000  1.163E+00  1.198E+00  1.211E+00  1.202E+00  1.172E+00
  411.5000  1.398E+00  1.439E+00  1.455E+00  1.445E+00  1.408E+00
  412.5000  1.385E+00  1.426E+00  1.442E+00  1.432E+00  1.396E+00
  413.5000  1.343E+00  1.383E+00  1.398E+00  1.388E+00  1.353E+00
  414.5000  1.380E+00  1.421E+00  1.437E+00  1.427E+00  1.391E+00
  415.5000  1.320E+00  1.359E+00  1.374E+00  1.364E+00  1.330E+00
  416.5000  1.436E+00  1.479E+00  1.495E+00  1.485E+00  1.447E+00
  417.5000  1.313E+00  1.352E+00  1.367E+00  1.357E+00  1.323E+00
  418.5000  1.323E+00  1.362E+00  1.377E+00  1.367E+00  1.333E+00
  419.5000  1.367E+00  1.407E+00  1.422E+00  1.412E+00  1.377E+00
------------------------------------------------------------
Dose rates, W m-2
   1 = UV-B, 280-315 nm                                  
   2 = UV-A, 315-400 nm                                  
   3 = Gaussian, 320 nm, 10 nm FWHM                      
   4 = RB Meter, model 501                               
   5 = DNA damage, in vitro (Setlow, 1974)               
   6 = UV index (WMO, 1994; Webb et al., 2011)           
   7 = Previtamin-D3 (CIE 2006)                          
values at z =      0.000 km
Columns: time, sza, weighting spectra
time, hrs.  sza, deg.          1          2          3          4          5          6          7
   11.0000     23.960  1.939E+00  5.736E+01  3.689E-01  5.778E-01  7.020E-03  1.110E+01  5.556E-01
   11.5000     20.512  2.048E+00  5.921E+01  3.831E-01  6.136E-01  7.652E-03  1.183E+01  5.934E-01
   12.0000     19.052  2.090E+00  5.991E+01  3.886E-01  6.274E-01  7.899E-03  1.212E+01  6.081E-01
   12.5000     20.023  2.063E+00  5.945E+01  3.850E-01  6.183E-01  7.737E-03  1.193E+01  5.984E-01
   13.0000     23.122  1.967E+00  5.783E+01  3.726E-01  5.869E-01  7.179E-03  1.128E+01  5.652E-01
------------------------------------------------------------
