Spectral Irradiance, W m-2 nm-1
values at z =      0.000 km
Columns: wavelength (nm), times (hrs.) or sza (deg.)
    wc, nm     11.000     11.500     12.000     12.500     13.000
    sza =      27.076     25.018     24.415     25.376     27.731
  280.5000  4.321E-14  7.618E-14  8.725E-14  7.013E-14  3.911E-14
  281.5000  1.362E-12  2.144E-12  2.426E-12  1.988E-12  1.167E-12
  282.5000  1.700E-11  2.578E-11  2.888E-11  2.406E-11  1.476E-11
  283.5000  7.944E-11  1.175E-10  1.308E-10  1.101E-10  6.951E-11
  284.5000  7.946E-10  1.125E-09  1.237E-09  1.062E-09  7.058E-10
  285.5000  2.732E-09  3.604E-09  4.078E-09  3.551E-09  2.454E-09
  286.5000  3.184E-08  4.253E-08  4.603E-08  4.053E-08  2.885E-08
  287.5000  1.798E-07  2.336E-07  2.508E-07  2.236E-07  1.645E-07
  288.5000  8.866E-07  1.117E-06  1.190E-06  1.075E-06  8.195E-07
  289.5000  4.810E-06  5.930E-06  6.279E-06  5.727E-06  4.479E-06
  290.5000  1.907E-05  2.308E-05  2.431E-05  2.235E-05  1.786E-05
  291.5000  5.930E-05  7.030E-05  7.365E-05  6.834E-05  5.596E-05
  292.5000  1.403E-04  1.635E-04  1.705E-04  1.594E-04  1.332E-04
  293.5000  3.981E-04  4.566E-04  4.630E-04  4.463E-04  3.799E-04
  294.5000  7.458E-04  8.449E-04  8.742E-04  8.275E-04  7.148E-04
  295.5000  1.845E-03  2.062E-03  2.126E-03  2.024E-03  1.776E-03
  296.5000  3.178E-03  3.471E-03  3.612E-03  3.456E-03  3.071E-03
  297.5000  6.022E-03  6.594E-03  6.759E-03  6.495E-03  5.839E-03
  298.5000  7.112E-03  7.724E-03  7.900E-03  7.618E-03  6.915E-03
  299.5000  1.572E-02  1.694E-02  1.729E-02  1.673E-02  1.533E-02
  300.5000  1.464E-02  1.569E-02  1.598E-02  1.551E-02  1.430E-02
  301.5000  2.886E-02  3.073E-02  3.126E-02  3.041E-02  2.825E-02
  302.5000  3.582E-02  3.797E-02  3.859E-02  3.760E-02  3.511E-02
  303.5000  6.082E-02  6.416E-02  6.511E-02  6.359E-02  5.973E-02
  304.5000  6.640E-02  6.984E-02  7.082E-02  6.925E-02  6.526E-02
  305.5000  8.746E-02  9.161E-02  9.278E-02  9.090E-02  8.609E-02
  306.5000  9.126E-02  9.542E-02  9.659E-02  9.471E-02  8.989E-02
  307.5000  1.314E-01  1.369E-01  1.384E-01  1.360E-01  1.296E-01
  308.5000  1.470E-01  1.530E-01  1.547E-01  1.520E-01  1.451E-01
  309.5000  1.295E-01  1.344E-01  1.358E-01  1.335E-01  1.278E-01
  310.5000  1.762E-01  1.826E-01  1.844E-01  1.815E-01  1.741E-01
  311.5000  2.266E-01  2.346E-01  2.368E-01  2.332E-01  2.240E-01
  312.5000  2.209E-01  2.282E-01  2.302E-01  2.269E-01  2.184E-01
  313.5000  2.505E-01  2.586E-01  2.598E-01  2.572E-01  2.478E-01
  314.5000  2.500E-01  2.577E-01  2.599E-01  2.564E-01  2.474E-01
  315.5000  2.582E-01  2.660E-01  2.682E-01  2.647E-01  2.555E-01
  316.5000  2.568E-01  2.643E-01  2.664E-01  2.616E-01  2.543E-01
  317.5000  3.631E-01  3.737E-01  3.767E-01  3.719E-01  3.596E-01
  318.5000  2.852E-01  2.932E-01  2.954E-01  2.918E-01  2.826E-01
  319.5000  3.479E-01  3.575E-01  3.602E-01  3.559E-01  3.447E-01
  320.5000  4.231E-01  4.347E-01  4.379E-01  4.327E-01  4.193E-01
  321.5000  3.586E-01  3.680E-01  3.706E-01  3.664E-01  3.554E-01
  322.5000  3.616E-01  3.713E-01  3.741E-01  3.697E-01  3.583E-01
  323.5000  3.714E-01  3.809E-01  3.836E-01  3.793E-01  3.682E-01
  324.5000  4.359E-01  4.471E-01  4.502E-01  4.452E-01  4.321E-01
  325.5000  4.887E-01  5.014E-01  5.049E-01  4.992E-01  4.845E-01
  326.5000  5.897E-01  6.044E-01  6.085E-01  6.019E-01  5.848E-01
  327.5000  5.497E-01  5.636E-01  5.674E-01  5.612E-01  5.451E-01
  328.5000  5.075E-01  5.203E-01  5.238E-01  5.181E-01  5.033E-01
  329.5000  6.560E-01  6.720E-01  6.764E-01  6.693E-01  6.506E-01
  330.5000  5.971E-01  6.116E-01  6.159E-01  6.093E-01  5.922E-01
  331.5000  5.901E-01  6.047E-01  6.088E-01  6.022E-01  5.853E-01
  332.5000  5.797E-01  5.937E-01  5.976E-01  5.913E-01  5.750E-01
  333.5000  5.452E-01  5.585E-01  5.622E-01  5.562E-01  5.408E-01
  334.5000  6.088E-01  6.235E-01  6.276E-01  6.210E-01  6.039E-01
  335.5000  6.162E-01  6.309E-01  6.350E-01  6.284E-01  6.113E-01
  336.5000  4.819E-01  4.934E-01  4.966E-01  4.914E-01  4.780E-01
  337.5000  5.294E-01  5.421E-01  5.456E-01  5.399E-01  5.251E-01
  338.5000  5.579E-01  5.711E-01  5.748E-01  5.689E-01  5.534E-01
  339.5000  6.063E-01  6.206E-01  6.246E-01  6.182E-01  6.015E-01
  340.5000  6.484E-01  6.638E-01  6.681E-01  6.612E-01  6.433E-01
  341.5000  5.754E-01  5.889E-01  5.927E-01  5.866E-01  5.708E-01
  342.5000  6.372E-01  6.522E-01  6.564E-01  6.496E-01  6.322E-01
  343.5000  6.619E-01  6.775E-01  6.818E-01  6.749E-01  6.567E-01
  344.5000  4.640E-01  4.749E-01  4.780E-01  4.731E-01  4.604E-01
  345.5000  6.351E-01  6.500E-01  6.541E-01  6.474E-01  6.301E-01
  346.5000  5.943E-01  6.082E-01  6.121E-01  6.058E-01  5.896E-01
  347.5000  5.805E-01  5.941E-01  5.979E-01  5.918E-01  5.760E-01
  348.5000  6.378E-01  6.526E-01  6.568E-01  6.501E-01  6.328E-01
  349.5000  5.344E-01  5.468E-01  5.503E-01  5.447E-01  5.302E-01
  350.5000  7.480E-01  7.654E-01  7.702E-01  7.625E-01  7.422E-01
  351.5000  6.446E-01  6.596E-01  6.637E-01  6.570E-01  6.396E-01
  352.5000  5.812E-01  5.947E-01  5.984E-01  5.924E-01  5.767E-01
  353.5000  6.994E-01  7.156E-01  7.201E-01  7.128E-01  6.940E-01
  354.5000  7.567E-01  7.742E-01  7.790E-01  7.712E-01  7.509E-01
  355.5000  7.070E-01  7.233E-01  7.278E-01  7.205E-01  7.016E-01
  356.5000  6.560E-01  6.711E-01  6.753E-01  6.685E-01  6.509E-01
  357.5000  5.577E-01  5.705E-01  5.741E-01  5.683E-01  5.534E-01
  358.5000  4.303E-01  4.401E-01  4.429E-01  4.384E-01  4.270E-01
  359.5000  7.239E-01  7.405E-01  7.451E-01  7.377E-01  7.184E-01
  360.5000  6.709E-01  6.862E-01  6.905E-01  6.836E-01  6.657E-01
  361.5000  6.047E-01  6.185E-01  6.223E-01  6.161E-01  6.001E-01
  362.5000  7.099E-01  7.261E-01  7.306E-01  7.233E-01  7.045E-01
  363.5000  6.314E-01  6.457E-01  6.497E-01  6.433E-01  6.266E-01
  364.5000  6.886E-01  7.042E-01  7.086E-01  7.016E-01  6.834E-01
  365.5000  8.389E-01  8.579E-01  8.632E-01  8.547E-01  8.325E-01
  366.5000  8.876E-01  9.077E-01  9.133E-01  9.043E-01  8.809E-01
  367.5000  8.426E-01  8.616E-01  8.669E-01  8.584E-01  8.362E-01
  368.5000  7.400E-01  7.567E-01  7.614E-01  7.539E-01  7.344E-01
  369.5000  8.875E-01  9.075E-01  9.131E-01  9.041E-01  8.808E-01
  370.5000  8.050E-01  8.231E-01  8.282E-01  8.201E-01  7.989E-01
  371.5000  9.209E-01  9.416E-01  9.474E-01  9.381E-01  9.140E-01
  372.5000  6.801E-01  6.954E-01  6.996E-01  6.928E-01  6.750E-01
  373.5000  6.146E-01  6.284E-01  6.322E-01  6.260E-01  6.100E-01
  374.5000  6.744E-01  6.895E-01  6.937E-01  6.870E-01  6.694E-01
  375.5000  7.608E-01  7.778E-01  7.825E-01  7.749E-01  7.551E-01
  376.5000  7.595E-01  7.765E-01  7.812E-01  7.736E-01  7.539E-01
  377.5000  9.043E-01  9.244E-01  9.301E-01  9.210E-01  8.975E-01
  378.5000  9.854E-01  1.007E+00  1.013E+00  1.004E+00  9.780E-01
  379.5000  7.289E-01  7.451E-01  7.496E-01  7.424E-01  7.235E-01
  380.5000  8.764E-01  8.959E-01  9.013E-01  8.926E-01  8.699E-01
  381.5000  8.234E-01  8.417E-01  8.468E-01  8.386E-01  8.173E-01
  382.5000  5.486E-01  5.607E-01  5.641E-01  5.587E-01  5.445E-01
  383.5000  4.816E-01  4.923E-01  4.953E-01  4.905E-01  4.781E-01
  384.5000  7.227E-01  7.386E-01  7.431E-01  7.359E-01  7.173E-01
  385.5000  7.148E-01  7.306E-01  7.350E-01  7.280E-01  7.096E-01
  386.5000  7.286E-01  7.446E-01  7.491E-01  7.419E-01  7.232E-01
  387.5000  6.770E-01  6.919E-01  6.960E-01  6.894E-01  6.720E-01
  388.5000  6.785E-01  6.934E-01  6.975E-01  6.909E-01  6.735E-01
  389.5000  8.555E-01  8.742E-01  8.795E-01  8.711E-01  8.492E-01
  390.5000  8.401E-01  8.586E-01  8.637E-01  8.554E-01  8.340E-01
  391.5000  9.965E-01  1.018E+00  1.024E+00  1.015E+00  9.892E-01
  392.5000  7.472E-01  7.635E-01  7.681E-01  7.608E-01  7.417E-01
  393.5000  3.248E-01  3.319E-01  3.339E-01  3.307E-01  3.224E-01
  394.5000  7.642E-01  7.809E-01  7.855E-01  7.780E-01  7.586E-01
  395.5000  9.831E-01  1.005E+00  1.010E+00  1.001E+00  9.759E-01
  396.5000  5.772E-01  5.898E-01  5.933E-01  5.876E-01  5.730E-01
  397.5000  6.660E-01  6.805E-01  6.845E-01  6.780E-01  6.611E-01
  398.5000  1.144E+00  1.169E+00  1.176E+00  1.165E+00  1.136E+00
  399.5000  1.190E+00  1.216E+00  1.223E+00  1.211E+00  1.181E+00
  400.5000  1.251E+00  1.278E+00  1.286E+00  1.273E+00  1.242E+00
  401.5000  1.287E+00  1.315E+00  1.323E+00  1.310E+00  1.278E+00
  402.5000  1.336E+00  1.365E+00  1.373E+00  1.360E+00  1.326E+00
  403.5000  1.223E+00  1.249E+00  1.256E+00  1.245E+00  1.214E+00
  404.5000  1.199E+00  1.225E+00  1.232E+00  1.220E+00  1.190E+00
  405.5000  1.245E+00  1.272E+00  1.280E+00  1.268E+00  1.236E+00
  406.5000  1.173E+00  1.198E+00  1.205E+00  1.194E+00  1.164E+00
  407.5000  1.182E+00  1.208E+00  1.215E+00  1.204E+00  1.174E+00
  408.5000  1.317E+00  1.345E+00  1.353E+00  1.340E+00  1.307E+00
  409.5000  1.291E+00  1.318E+00  1.326E+00  1.314E+00  1.281E+00
  410.5000  1.119E+00  1.143E+00  1.150E+00  1.139E+00  1.111E+00
  411.5000  1.345E+00  1.374E+00  1.382E+00  1.369E+00  1.335E+00
  412.5000  1.333E+00  1.362E+00  1.370E+00  1.357E+00  1.324E+00
  413.5000  1.293E+00  1.320E+00  1.328E+00  1.316E+00  1.284E+00
  414.5000  1.329E+00  1.357E+00  1.365E+00  1.352E+00  1.319E+00
  415.5000  1.271E+00  1.298E+00  1.305E+00  1.293E+00  1.262E+00
  416.5000  1.383E+00  1.412E+00  1.421E+00  1.407E+00  1.373E+00
  417.5000  1.264E+00  1.291E+00  1.299E+00  1.286E+00  1.255E+00
  418.5000  1.274E+00  1.301E+00  1.309E+00  1.296E+00  1.265E+00
  419.5000  1.316E+00  1.344E+00  1.352E+00  1.339E+00  1.306E+00
------------------------------------------------------------
Dose rates, W m-2
   1 = UV-B, 280-315 nm                                  
   2 = UV-A, 315-400 nm                                  
   3 = Gaussian, 320 nm, 10 nm FWHM                      
   4 = RB Meter, model 501                               
   5 = DNA damage, in vitro (Setlow, 1974)               
   6 = UV index (WMO, 1994; Webb et al., 2011)           
   7 = Previtamin-D3 (CIE 2006)                          
values at z =      0.000 km
Columns: time, sza, weighting spectra
time, hrs.  sza, deg.          1          2          3          4          5          6          7
   11.0000     27.076  1.953E+00  5.512E+01  3.571E-01  5.896E-01  7.638E-03  1.145E+01  5.747E-01
   11.5000     25.018  2.030E+00  5.639E+01  3.670E-01  6.153E-01  8.118E-03  1.198E+01  6.020E-01
   12.0000     24.415  2.050E+00  5.675E+01  3.697E-01  6.225E-01  8.258E-03  1.213E+01  6.097E-01
   12.5000     25.376  2.017E+00  5.617E+01  3.652E-01  6.109E-01  8.038E-03  1.189E+01  5.973E-01
   13.0000     27.731  1.927E+00  5.469E+01  3.539E-01  5.812E-01  7.481E-03  1.127E+01  5.657E-01
------------------------------------------------------------
