Spectral Irradiance, W m-2 nm-1
values at z =      0.000 km
Columns: wavelength (nm), times (hrs.) or sza (deg.)
    wc, nm     11.000     11.500     12.000     12.500     13.000
    sza =      31.760     29.530     28.427     28.589     29.996
  280.5000  1.914E-17  4.368E-17  6.360E-17  6.026E-17  3.702E-17
  281.5000  1.154E-15  2.447E-15  3.447E-15  3.282E-15  2.105E-15
  282.5000  2.671E-14  5.319E-14  7.279E-14  6.958E-14  4.633E-14
  283.5000  1.863E-13  3.561E-13  4.784E-13  4.586E-13  3.128E-13
  284.5000  3.868E-12  6.863E-12  8.913E-12  8.584E-12  6.118E-12
  285.5000  2.283E-11  3.833E-11  4.855E-11  4.693E-11  3.455E-11
  286.5000  4.031E-10  6.488E-10  8.060E-10  7.813E-10  5.898E-10
  287.5000  3.609E-09  5.543E-09  6.740E-09  6.553E-09  5.086E-09
  288.5000  2.935E-08  4.284E-08  5.090E-08  4.965E-08  3.971E-08
  289.5000  2.279E-07  3.207E-07  3.747E-07  3.664E-07  2.995E-07
  290.5000  1.221E-06  1.666E-06  1.920E-06  1.881E-06  1.565E-06
  291.5000  5.343E-06  7.041E-06  7.986E-06  7.843E-06  6.662E-06
  292.5000  1.672E-05  2.142E-05  2.398E-05  2.359E-05  2.038E-05
  293.5000  6.173E-05  7.697E-05  8.513E-05  8.390E-05  7.364E-05
  294.5000  1.421E-04  1.735E-04  1.901E-04  1.876E-04  1.667E-04
  295.5000  4.377E-04  5.227E-04  5.668E-04  5.602E-04  5.044E-04
  296.5000  8.851E-04  1.060E-03  1.140E-03  1.128E-03  1.027E-03
  297.5000  2.011E-03  2.319E-03  2.475E-03  2.452E-03  2.253E-03
  298.5000  2.716E-03  3.091E-03  3.278E-03  3.251E-03  3.012E-03
  299.5000  6.818E-03  7.658E-03  8.076E-03  8.014E-03  7.481E-03
  300.5000  6.998E-03  7.784E-03  8.171E-03  8.114E-03  7.619E-03
  301.5000  1.533E-02  1.687E-02  1.762E-02  1.751E-02  1.655E-02
  302.5000  2.039E-02  2.228E-02  2.320E-02  2.307E-02  2.189E-02
  303.5000  3.757E-02  4.072E-02  4.225E-02  4.202E-02  4.007E-02
  304.5000  4.300E-02  4.638E-02  4.801E-02  4.777E-02  4.568E-02
  305.5000  6.075E-02  6.506E-02  6.713E-02  6.683E-02  6.417E-02
  306.5000  6.533E-02  6.975E-02  7.188E-02  7.157E-02  6.884E-02
  307.5000  9.963E-02  1.058E-01  1.087E-01  1.083E-01  1.045E-01
  308.5000  1.140E-01  1.207E-01  1.240E-01  1.235E-01  1.193E-01
  309.5000  1.043E-01  1.100E-01  1.127E-01  1.123E-01  1.083E-01
  310.5000  1.458E-01  1.534E-01  1.570E-01  1.565E-01  1.518E-01
  311.5000  1.909E-01  2.005E-01  2.050E-01  2.044E-01  1.985E-01
  312.5000  1.920E-01  2.010E-01  2.053E-01  2.046E-01  1.992E-01
  313.5000  2.195E-01  2.295E-01  2.343E-01  2.336E-01  2.275E-01
  314.5000  2.250E-01  2.347E-01  2.393E-01  2.386E-01  2.327E-01
  315.5000  2.335E-01  2.434E-01  2.481E-01  2.474E-01  2.414E-01
  316.5000  2.371E-01  2.467E-01  2.512E-01  2.505E-01  2.447E-01
  317.5000  3.355E-01  3.490E-01  3.553E-01  3.544E-01  3.462E-01
  318.5000  2.686E-01  2.788E-01  2.837E-01  2.830E-01  2.767E-01
  319.5000  3.289E-01  3.413E-01  3.471E-01  3.463E-01  3.388E-01
  320.5000  4.019E-01  4.168E-01  4.239E-01  4.228E-01  4.137E-01
  321.5000  3.466E-01  3.588E-01  3.646E-01  3.637E-01  3.563E-01
  322.5000  3.449E-01  3.575E-01  3.635E-01  3.626E-01  3.549E-01
  323.5000  3.618E-01  3.743E-01  3.802E-01  3.793E-01  3.717E-01
  324.5000  4.244E-01  4.390E-01  4.460E-01  4.449E-01  4.361E-01
  325.5000  4.747E-01  4.911E-01  4.989E-01  4.978E-01  4.878E-01
  326.5000  5.811E-01  6.003E-01  6.094E-01  6.081E-01  5.964E-01
  327.5000  5.393E-01  5.574E-01  5.659E-01  5.647E-01  5.537E-01
  328.5000  4.980E-01  5.147E-01  5.226E-01  5.214E-01  5.113E-01
  329.5000  6.505E-01  6.716E-01  6.815E-01  6.801E-01  6.673E-01
  330.5000  5.897E-01  6.090E-01  6.181E-01  6.168E-01  6.050E-01
  331.5000  5.824E-01  6.014E-01  6.105E-01  6.092E-01  5.975E-01
  332.5000  5.765E-01  5.949E-01  6.036E-01  6.023E-01  5.911E-01
  333.5000  5.405E-01  5.579E-01  5.662E-01  5.650E-01  5.544E-01
  334.5000  6.046E-01  6.239E-01  6.330E-01  6.317E-01  6.200E-01
  335.5000  6.142E-01  6.336E-01  6.428E-01  6.414E-01  6.296E-01
  336.5000  4.799E-01  4.950E-01  5.022E-01  5.012E-01  4.919E-01
  337.5000  5.259E-01  5.426E-01  5.505E-01  5.494E-01  5.392E-01
  338.5000  5.564E-01  5.738E-01  5.821E-01  5.809E-01  5.703E-01
  339.5000  6.050E-01  6.239E-01  6.329E-01  6.316E-01  6.200E-01
  340.5000  6.462E-01  6.665E-01  6.761E-01  6.747E-01  6.624E-01
  341.5000  5.746E-01  5.925E-01  6.009E-01  5.997E-01  5.888E-01
  342.5000  6.366E-01  6.564E-01  6.657E-01  6.644E-01  6.523E-01
  343.5000  6.610E-01  6.815E-01  6.912E-01  6.898E-01  6.773E-01
  344.5000  4.630E-01  4.774E-01  4.842E-01  4.832E-01  4.745E-01
  345.5000  6.350E-01  6.546E-01  6.639E-01  6.625E-01  6.506E-01
  346.5000  5.936E-01  6.120E-01  6.206E-01  6.194E-01  6.082E-01
  347.5000  5.800E-01  5.979E-01  6.063E-01  6.051E-01  5.942E-01
  348.5000  6.375E-01  6.571E-01  6.664E-01  6.650E-01  6.531E-01
  349.5000  5.342E-01  5.506E-01  5.583E-01  5.572E-01  5.473E-01
  350.5000  7.479E-01  7.708E-01  7.816E-01  7.801E-01  7.661E-01
  351.5000  6.445E-01  6.642E-01  6.735E-01  6.721E-01  6.602E-01
  352.5000  5.812E-01  5.989E-01  6.073E-01  6.061E-01  5.953E-01
  353.5000  6.996E-01  7.209E-01  7.310E-01  7.295E-01  7.166E-01
  354.5000  7.571E-01  7.802E-01  7.910E-01  7.894E-01  7.754E-01
  355.5000  7.075E-01  7.290E-01  7.391E-01  7.376E-01  7.246E-01
  356.5000  6.565E-01  6.764E-01  6.858E-01  6.844E-01  6.723E-01
  357.5000  5.581E-01  5.750E-01  5.830E-01  5.818E-01  5.716E-01
  358.5000  4.306E-01  4.437E-01  4.498E-01  4.489E-01  4.410E-01
  359.5000  7.247E-01  7.465E-01  7.569E-01  7.554E-01  7.421E-01
  360.5000  6.716E-01  6.918E-01  7.014E-01  7.000E-01  6.877E-01
  361.5000  6.054E-01  6.236E-01  6.322E-01  6.310E-01  6.199E-01
  362.5000  7.109E-01  7.322E-01  7.423E-01  7.408E-01  7.279E-01
  363.5000  6.323E-01  6.512E-01  6.602E-01  6.589E-01  6.474E-01
  364.5000  6.896E-01  7.103E-01  7.200E-01  7.186E-01  7.061E-01
  365.5000  8.402E-01  8.653E-01  8.772E-01  8.755E-01  8.602E-01
  366.5000  8.891E-01  9.157E-01  9.282E-01  9.263E-01  9.102E-01
  367.5000  8.441E-01  8.692E-01  8.811E-01  8.794E-01  8.641E-01
  368.5000  7.414E-01  7.635E-01  7.739E-01  7.724E-01  7.589E-01
  369.5000  8.892E-01  9.156E-01  9.281E-01  9.263E-01  9.102E-01
  370.5000  8.066E-01  8.306E-01  8.418E-01  8.402E-01  8.257E-01
  371.5000  9.228E-01  9.502E-01  9.631E-01  9.612E-01  9.446E-01
  372.5000  6.816E-01  7.017E-01  7.112E-01  7.099E-01  6.976E-01
  373.5000  6.160E-01  6.342E-01  6.428E-01  6.415E-01  6.305E-01
  374.5000  6.760E-01  6.959E-01  7.053E-01  7.040E-01  6.918E-01
  375.5000  7.626E-01  7.850E-01  7.956E-01  7.941E-01  7.805E-01
  376.5000  7.614E-01  7.838E-01  7.944E-01  7.928E-01  7.792E-01
  377.5000  9.065E-01  9.332E-01  9.458E-01  9.439E-01  9.278E-01
  378.5000  9.879E-01  1.017E+00  1.031E+00  1.029E+00  1.011E+00
  379.5000  7.308E-01  7.523E-01  7.624E-01  7.609E-01  7.479E-01
  380.5000  8.788E-01  9.046E-01  9.167E-01  9.149E-01  8.993E-01
  381.5000  8.257E-01  8.499E-01  8.612E-01  8.596E-01  8.449E-01
  382.5000  5.501E-01  5.662E-01  5.738E-01  5.727E-01  5.629E-01
  383.5000  4.830E-01  4.971E-01  5.038E-01  5.028E-01  4.942E-01
  384.5000  7.248E-01  7.459E-01  7.559E-01  7.544E-01  7.416E-01
  385.5000  7.170E-01  7.379E-01  7.477E-01  7.463E-01  7.336E-01
  386.5000  7.308E-01  7.521E-01  7.621E-01  7.606E-01  7.477E-01
  387.5000  6.791E-01  6.988E-01  7.081E-01  7.068E-01  6.948E-01
  388.5000  6.807E-01  7.004E-01  7.097E-01  7.083E-01  6.963E-01
  389.5000  8.583E-01  8.831E-01  8.948E-01  8.931E-01  8.780E-01
  390.5000  8.429E-01  8.673E-01  8.788E-01  8.771E-01  8.623E-01
  391.5000  9.999E-01  1.029E+00  1.042E+00  1.040E+00  1.023E+00
  392.5000  7.498E-01  7.714E-01  7.816E-01  7.801E-01  7.670E-01
  393.5000  3.259E-01  3.353E-01  3.398E-01  3.391E-01  3.334E-01
  394.5000  7.669E-01  7.890E-01  7.994E-01  7.979E-01  7.845E-01
  395.5000  9.867E-01  1.015E+00  1.028E+00  1.026E+00  1.009E+00
  396.5000  5.793E-01  5.960E-01  6.038E-01  6.027E-01  5.926E-01
  397.5000  6.685E-01  6.876E-01  6.967E-01  6.953E-01  6.837E-01
  398.5000  1.149E+00  1.181E+00  1.197E+00  1.195E+00  1.175E+00
  399.5000  1.195E+00  1.229E+00  1.245E+00  1.243E+00  1.222E+00
  400.5000  1.256E+00  1.292E+00  1.309E+00  1.306E+00  1.284E+00
  401.5000  1.292E+00  1.329E+00  1.346E+00  1.344E+00  1.321E+00
  402.5000  1.341E+00  1.379E+00  1.397E+00  1.395E+00  1.372E+00
  403.5000  1.228E+00  1.263E+00  1.279E+00  1.277E+00  1.255E+00
  404.5000  1.204E+00  1.238E+00  1.254E+00  1.252E+00  1.231E+00
  405.5000  1.251E+00  1.286E+00  1.303E+00  1.300E+00  1.279E+00
  406.5000  1.178E+00  1.211E+00  1.227E+00  1.225E+00  1.204E+00
  407.5000  1.187E+00  1.221E+00  1.237E+00  1.235E+00  1.214E+00
  408.5000  1.322E+00  1.360E+00  1.378E+00  1.375E+00  1.352E+00
  409.5000  1.296E+00  1.333E+00  1.350E+00  1.348E+00  1.326E+00
  410.5000  1.124E+00  1.156E+00  1.171E+00  1.169E+00  1.149E+00
  411.5000  1.351E+00  1.389E+00  1.407E+00  1.405E+00  1.382E+00
  412.5000  1.339E+00  1.377E+00  1.395E+00  1.392E+00  1.369E+00
  413.5000  1.299E+00  1.335E+00  1.353E+00  1.350E+00  1.328E+00
  414.5000  1.335E+00  1.372E+00  1.390E+00  1.387E+00  1.365E+00
  415.5000  1.277E+00  1.313E+00  1.329E+00  1.327E+00  1.305E+00
  416.5000  1.389E+00  1.428E+00  1.447E+00  1.444E+00  1.420E+00
  417.5000  1.270E+00  1.306E+00  1.323E+00  1.320E+00  1.298E+00
  418.5000  1.280E+00  1.316E+00  1.333E+00  1.330E+00  1.309E+00
  419.5000  1.322E+00  1.359E+00  1.377E+00  1.374E+00  1.352E+00
------------------------------------------------------------
Dose rates, W m-2
   1 = UV-B, 280-315 nm                                  
   2 = UV-A, 315-400 nm                                  
   3 = Gaussian, 320 nm, 10 nm FWHM                      
   4 = RB Meter, model 501                               
   5 = DNA damage, in vitro (Setlow, 1974)               
   6 = UV index (WMO, 1994; Webb et al., 2011)           
   7 = Previtamin-D3 (CIE 2006)                          
values at z =      0.000 km
Columns: time, sza, weighting spectra
time, hrs.  sza, deg.          1          2          3          4          5          6          7
   11.0000     31.760  1.554E+00  5.493E+01  3.388E-01  4.466E-01  4.446E-03  8.373E+00  4.079E-01
   11.5000     29.530  1.639E+00  5.661E+01  3.514E-01  4.731E-01  4.823E-03  8.888E+00  4.351E-01
   12.0000     28.427  1.680E+00  5.740E+01  3.574E-01  4.858E-01  5.007E-03  9.137E+00  4.482E-01
   12.5000     28.589  1.674E+00  5.728E+01  3.565E-01  4.839E-01  4.980E-03  9.100E+00  4.463E-01
   13.0000     29.996  1.621E+00  5.626E+01  3.488E-01  4.675E-01  4.744E-03  8.780E+00  4.293E-01
------------------------------------------------------------
