Spectral Irradiance, W m-2 nm-1
values at z =      0.000 km
Columns: wavelength (nm), times (hrs.) or sza (deg.)
    wc, nm     11.000     11.500     12.000     12.500     13.000
    sza =      57.068     56.716     56.616     56.768     57.168
  280.5000  3.040E-25  4.384E-25  4.882E-25  4.148E-25  2.748E-25
  281.5000  8.940E-23  1.262E-22  1.395E-22  1.198E-22  8.119E-23
  282.5000  8.097E-21  1.119E-20  1.229E-20  1.066E-20  7.392E-21
  283.5000  1.369E-19  1.865E-19  2.040E-19  1.781E-19  1.255E-19
  284.5000  1.447E-17  1.914E-17  2.075E-17  1.836E-17  1.336E-17
  285.5000  2.845E-16  3.679E-16  3.960E-16  3.541E-16  2.644E-16
  286.5000  1.267E-14  1.609E-14  1.722E-14  1.553E-14  1.183E-14
  287.5000  3.175E-13  3.946E-13  4.198E-13  3.821E-13  2.983E-13
  288.5000  7.912E-12  9.599E-12  1.014E-11  9.329E-12  7.484E-12
  289.5000  1.367E-10  1.629E-10  1.713E-10  1.588E-10  1.299E-10
  290.5000  1.435E-09  1.685E-09  1.763E-09  1.645E-09  1.370E-09
  291.5000  1.347E-08  1.554E-08  1.618E-08  1.522E-08  1.292E-08
  292.5000  7.866E-08  8.944E-08  9.276E-08  8.777E-08  7.578E-08
  293.5000  5.222E-07  5.857E-07  6.050E-07  5.759E-07  5.051E-07
  294.5000  1.902E-06  2.110E-06  2.172E-06  2.078E-06  1.845E-06
  295.5000  9.534E-06  1.045E-05  1.073E-05  1.031E-05  9.283E-06
  296.5000  2.950E-05  3.203E-05  3.278E-05  3.164E-05  2.880E-05
  297.5000  9.339E-05  1.005E-04  1.026E-04  9.945E-05  9.142E-05
  298.5000  1.699E-04  1.815E-04  1.850E-04  1.798E-04  1.666E-04
  299.5000  5.646E-04  5.992E-04  6.094E-04  5.940E-04  5.550E-04
  300.5000  7.181E-04  7.580E-04  7.697E-04  7.520E-04  7.069E-04
  301.5000  1.985E-03  2.083E-03  2.112E-03  2.069E-03  1.957E-03
  302.5000  3.074E-03  3.214E-03  3.255E-03  3.193E-03  3.035E-03
  303.5000  6.780E-03  7.056E-03  7.137E-03  7.015E-03  6.702E-03
  304.5000  8.605E-03  8.933E-03  9.028E-03  8.884E-03  8.512E-03
  305.5000  1.418E-02  1.467E-02  1.481E-02  1.459E-02  1.405E-02
  306.5000  1.630E-02  1.683E-02  1.698E-02  1.675E-02  1.615E-02
  307.5000  2.823E-02  2.905E-02  2.928E-02  2.893E-02  2.800E-02
  308.5000  3.392E-02  3.486E-02  3.513E-02  3.472E-02  3.365E-02
  309.5000  3.374E-02  3.460E-02  3.485E-02  3.447E-02  3.349E-02
  310.5000  5.011E-02  5.130E-02  5.165E-02  5.113E-02  4.976E-02
  311.5000  6.828E-02  6.984E-02  7.029E-02  6.961E-02  6.783E-02
  312.5000  7.370E-02  7.525E-02  7.570E-02  7.502E-02  7.325E-02
  313.5000  8.569E-02  8.746E-02  8.796E-02  8.719E-02  8.518E-02
  314.5000  9.332E-02  9.510E-02  9.560E-02  9.483E-02  9.281E-02
  315.5000  9.786E-02  9.969E-02  1.002E-01  9.942E-02  9.733E-02
  316.5000  1.041E-01  1.060E-01  1.065E-01  1.057E-01  1.036E-01
  317.5000  1.475E-01  1.501E-01  1.508E-01  1.497E-01  1.467E-01
  318.5000  1.232E-01  1.253E-01  1.258E-01  1.250E-01  1.226E-01
  319.5000  1.522E-01  1.547E-01  1.554E-01  1.543E-01  1.515E-01
  320.5000  1.880E-01  1.910E-01  1.918E-01  1.905E-01  1.871E-01
  321.5000  1.685E-01  1.710E-01  1.717E-01  1.706E-01  1.678E-01
  322.5000  1.630E-01  1.656E-01  1.663E-01  1.652E-01  1.623E-01
  323.5000  1.792E-01  1.818E-01  1.825E-01  1.814E-01  1.785E-01
  324.5000  2.100E-01  2.131E-01  2.140E-01  2.126E-01  2.092E-01
  325.5000  2.338E-01  2.372E-01  2.382E-01  2.367E-01  2.328E-01
  326.5000  2.953E-01  2.994E-01  3.005E-01  2.988E-01  2.941E-01
  327.5000  2.716E-01  2.755E-01  2.765E-01  2.749E-01  2.705E-01
  328.5000  2.512E-01  2.547E-01  2.557E-01  2.542E-01  2.502E-01
  329.5000  3.359E-01  3.404E-01  3.417E-01  3.397E-01  3.346E-01
  330.5000  3.019E-01  3.060E-01  3.072E-01  3.054E-01  3.007E-01
  331.5000  2.979E-01  3.020E-01  3.031E-01  3.014E-01  2.967E-01
  332.5000  3.000E-01  3.040E-01  3.051E-01  3.034E-01  2.988E-01
  333.5000  2.796E-01  2.833E-01  2.844E-01  2.828E-01  2.785E-01
  334.5000  3.141E-01  3.183E-01  3.195E-01  3.177E-01  3.129E-01
  335.5000  3.219E-01  3.261E-01  3.273E-01  3.255E-01  3.207E-01
  336.5000  2.512E-01  2.545E-01  2.554E-01  2.540E-01  2.502E-01
  337.5000  2.740E-01  2.777E-01  2.787E-01  2.771E-01  2.730E-01
  338.5000  2.925E-01  2.963E-01  2.974E-01  2.958E-01  2.914E-01
  339.5000  3.187E-01  3.229E-01  3.240E-01  3.222E-01  3.175E-01
  340.5000  3.398E-01  3.442E-01  3.455E-01  3.435E-01  3.385E-01
  341.5000  3.036E-01  3.075E-01  3.087E-01  3.070E-01  3.025E-01
  342.5000  3.370E-01  3.413E-01  3.425E-01  3.406E-01  3.357E-01
  343.5000  3.497E-01  3.542E-01  3.555E-01  3.535E-01  3.484E-01
  344.5000  2.448E-01  2.480E-01  2.489E-01  2.475E-01  2.439E-01
  345.5000  3.374E-01  3.417E-01  3.429E-01  3.410E-01  3.361E-01
  346.5000  3.149E-01  3.189E-01  3.201E-01  3.183E-01  3.137E-01
  347.5000  3.080E-01  3.120E-01  3.131E-01  3.114E-01  3.069E-01
  348.5000  3.392E-01  3.435E-01  3.447E-01  3.429E-01  3.379E-01
  349.5000  2.844E-01  2.881E-01  2.891E-01  2.875E-01  2.834E-01
  350.5000  3.986E-01  4.037E-01  4.052E-01  4.030E-01  3.972E-01
  351.5000  3.437E-01  3.481E-01  3.493E-01  3.474E-01  3.424E-01
  352.5000  3.103E-01  3.142E-01  3.154E-01  3.137E-01  3.092E-01
  353.5000  3.740E-01  3.788E-01  3.801E-01  3.780E-01  3.726E-01
  354.5000  4.053E-01  4.104E-01  4.119E-01  4.096E-01  4.038E-01
  355.5000  3.790E-01  3.838E-01  3.852E-01  3.831E-01  3.776E-01
  356.5000  3.520E-01  3.564E-01  3.577E-01  3.558E-01  3.507E-01
  357.5000  2.995E-01  3.033E-01  3.043E-01  3.027E-01  2.984E-01
  358.5000  2.313E-01  2.342E-01  2.351E-01  2.338E-01  2.305E-01
  359.5000  3.896E-01  3.945E-01  3.959E-01  3.938E-01  3.882E-01
  360.5000  3.614E-01  3.659E-01  3.672E-01  3.652E-01  3.601E-01
  361.5000  3.261E-01  3.302E-01  3.313E-01  3.296E-01  3.249E-01
  362.5000  3.832E-01  3.880E-01  3.894E-01  3.873E-01  3.818E-01
  363.5000  3.411E-01  3.454E-01  3.466E-01  3.448E-01  3.399E-01
  364.5000  3.724E-01  3.770E-01  3.783E-01  3.763E-01  3.710E-01
  365.5000  4.540E-01  4.597E-01  4.613E-01  4.588E-01  4.524E-01
  366.5000  4.809E-01  4.868E-01  4.885E-01  4.860E-01  4.791E-01
  367.5000  4.569E-01  4.626E-01  4.642E-01  4.617E-01  4.553E-01
  368.5000  4.016E-01  4.066E-01  4.080E-01  4.059E-01  4.002E-01
  369.5000  4.821E-01  4.881E-01  4.898E-01  4.872E-01  4.804E-01
  370.5000  4.377E-01  4.431E-01  4.446E-01  4.423E-01  4.361E-01
  371.5000  5.011E-01  5.073E-01  5.091E-01  5.064E-01  4.993E-01
  372.5000  3.704E-01  3.750E-01  3.763E-01  3.743E-01  3.691E-01
  373.5000  3.350E-01  3.391E-01  3.403E-01  3.385E-01  3.338E-01
  374.5000  3.679E-01  3.725E-01  3.737E-01  3.718E-01  3.666E-01
  375.5000  4.154E-01  4.205E-01  4.220E-01  4.197E-01  4.139E-01
  376.5000  4.151E-01  4.202E-01  4.216E-01  4.194E-01  4.136E-01
  377.5000  4.946E-01  5.007E-01  5.024E-01  4.998E-01  4.928E-01
  378.5000  5.394E-01  5.460E-01  5.479E-01  5.450E-01  5.375E-01
  379.5000  3.993E-01  4.042E-01  4.056E-01  4.035E-01  3.979E-01
  380.5000  4.805E-01  4.864E-01  4.881E-01  4.855E-01  4.788E-01
  381.5000  4.518E-01  4.573E-01  4.589E-01  4.565E-01  4.502E-01
  382.5000  3.013E-01  3.049E-01  3.060E-01  3.044E-01  3.002E-01
  383.5000  2.647E-01  2.679E-01  2.688E-01  2.674E-01  2.638E-01
  384.5000  3.975E-01  4.023E-01  4.037E-01  4.016E-01  3.961E-01
  385.5000  3.935E-01  3.983E-01  3.996E-01  3.976E-01  3.921E-01
  386.5000  4.014E-01  4.062E-01  4.076E-01  4.055E-01  4.000E-01
  387.5000  3.732E-01  3.778E-01  3.790E-01  3.771E-01  3.719E-01
  388.5000  3.744E-01  3.789E-01  3.802E-01  3.782E-01  3.730E-01
  389.5000  4.724E-01  4.781E-01  4.797E-01  4.772E-01  4.707E-01
  390.5000  4.643E-01  4.699E-01  4.714E-01  4.690E-01  4.626E-01
  391.5000  5.511E-01  5.577E-01  5.596E-01  5.568E-01  5.492E-01
  392.5000  4.135E-01  4.185E-01  4.199E-01  4.177E-01  4.121E-01
  393.5000  1.799E-01  1.820E-01  1.827E-01  1.817E-01  1.793E-01
  394.5000  4.235E-01  4.286E-01  4.301E-01  4.279E-01  4.221E-01
  395.5000  5.453E-01  5.518E-01  5.537E-01  5.508E-01  5.434E-01
  396.5000  3.204E-01  3.242E-01  3.253E-01  3.236E-01  3.193E-01
  397.5000  3.699E-01  3.743E-01  3.756E-01  3.737E-01  3.686E-01
  398.5000  6.360E-01  6.436E-01  6.458E-01  6.425E-01  6.338E-01
  399.5000  6.619E-01  6.698E-01  6.721E-01  6.687E-01  6.597E-01
  400.5000  6.963E-01  7.046E-01  7.070E-01  7.034E-01  6.939E-01
  401.5000  7.168E-01  7.254E-01  7.278E-01  7.241E-01  7.144E-01
  402.5000  7.446E-01  7.535E-01  7.560E-01  7.521E-01  7.421E-01
  403.5000  6.820E-01  6.900E-01  6.923E-01  6.888E-01  6.796E-01
  404.5000  6.693E-01  6.772E-01  6.794E-01  6.760E-01  6.670E-01
  405.5000  6.956E-01  7.039E-01  7.062E-01  7.026E-01  6.932E-01
  406.5000  6.556E-01  6.633E-01  6.655E-01  6.622E-01  6.533E-01
  407.5000  6.613E-01  6.691E-01  6.713E-01  6.680E-01  6.591E-01
  408.5000  7.369E-01  7.456E-01  7.481E-01  7.443E-01  7.344E-01
  409.5000  7.228E-01  7.313E-01  7.338E-01  7.301E-01  7.204E-01
  410.5000  6.272E-01  6.346E-01  6.367E-01  6.335E-01  6.251E-01
  411.5000  7.543E-01  7.632E-01  7.657E-01  7.618E-01  7.517E-01
  412.5000  7.480E-01  7.568E-01  7.593E-01  7.555E-01  7.455E-01
  413.5000  7.259E-01  7.344E-01  7.368E-01  7.331E-01  7.234E-01
  414.5000  7.465E-01  7.552E-01  7.577E-01  7.539E-01  7.440E-01
  415.5000  7.144E-01  7.227E-01  7.251E-01  7.215E-01  7.120E-01
  416.5000  7.779E-01  7.870E-01  7.896E-01  7.856E-01  7.753E-01
  417.5000  7.115E-01  7.198E-01  7.222E-01  7.186E-01  7.091E-01
  418.5000  7.175E-01  7.258E-01  7.282E-01  7.246E-01  7.151E-01
  419.5000  7.416E-01  7.502E-01  7.526E-01  7.489E-01  7.391E-01
------------------------------------------------------------
Dose rates, W m-2
   1 = UV-B, 280-315 nm                                  
   2 = UV-A, 315-400 nm                                  
   3 = Gaussian, 320 nm, 10 nm FWHM                      
   4 = RB Meter, model 501                               
   5 = DNA damage, in vitro (Setlow, 1974)               
   6 = UV index (WMO, 1994; Webb et al., 2011)           
   7 = Previtamin-D3 (CIE 2006)                          
values at z =      0.000 km
Columns: time, sza, weighting spectra
time, hrs.  sza, deg.          1          2          3          4          5          6          7
   11.0000     57.068  5.195E-01  2.933E+01  1.587E-01  1.443E-01  9.705E-04  2.709E+00  1.127E-01
   11.5000     56.716  5.319E-01  2.970E+01  1.612E-01  1.477E-01  1.001E-03  2.771E+00  1.159E-01
   12.0000     56.616  5.355E-01  2.981E+01  1.619E-01  1.487E-01  1.010E-03  2.789E+00  1.168E-01
   12.5000     56.768  5.301E-01  2.965E+01  1.608E-01  1.472E-01  9.968E-04  2.762E+00  1.154E-01
   13.0000     57.168  5.159E-01  2.922E+01  1.580E-01  1.433E-01  9.617E-04  2.691E+00  1.118E-01
------------------------------------------------------------
