Spectral Irradiance, W m-2 nm-1
values at z =      0.000 km
Columns: wavelength (nm), times (hrs.) or sza (deg.)
    wc, nm     11.000     11.500     12.000     12.500     13.000
    sza =      69.573     68.677     68.431     68.841     69.898
  280.5000  9.777E-28  1.051E-27  1.073E-27  1.037E-27  9.530E-28
  281.5000  3.179E-25  3.425E-25  3.498E-25  3.378E-25  3.097E-25
  282.5000  3.141E-23  3.390E-23  3.465E-23  3.342E-23  3.058E-23
  283.5000  5.606E-22  6.060E-22  6.195E-22  5.972E-22  5.455E-22
  284.5000  6.608E-20  7.164E-20  7.330E-20  7.056E-20  6.423E-20
  285.5000  1.418E-18  1.541E-18  1.579E-18  1.518E-18  1.377E-18
  286.5000  6.780E-17  7.387E-17  7.570E-17  7.269E-17  6.579E-17
  287.5000  1.854E-15  2.027E-15  2.079E-15  1.994E-15  1.798E-15
  288.5000  5.171E-14  5.678E-14  5.833E-14  5.579E-14  5.005E-14
  289.5000  9.793E-13  1.080E-12  1.111E-12  1.060E-12  9.466E-13
  290.5000  1.122E-11  1.244E-11  1.282E-11  1.220E-11  1.083E-11
  291.5000  1.187E-10  1.329E-10  1.374E-10  1.301E-10  1.143E-10
  292.5000  7.827E-10  8.867E-10  9.203E-10  8.657E-10  7.506E-10
  293.5000  6.003E-09  6.920E-09  7.222E-09  6.732E-09  5.726E-09
  294.5000  2.527E-08  2.968E-08  3.115E-08  2.877E-08  2.396E-08
  295.5000  1.548E-07  1.864E-07  1.969E-07  1.798E-07  1.456E-07
  296.5000  5.961E-07  7.325E-07  7.781E-07  7.043E-07  5.561E-07
  297.5000  2.401E-06  2.995E-06  3.192E-06  2.873E-06  2.225E-06
  298.5000  5.576E-06  7.009E-06  7.476E-06  6.717E-06  5.147E-06
  299.5000  2.424E-05  3.048E-05  3.248E-05  2.922E-05  2.234E-05
  300.5000  3.879E-05  4.854E-05  5.162E-05  4.659E-05  3.577E-05
  301.5000  1.410E-04  1.745E-04  1.850E-04  1.679E-04  1.304E-04
  302.5000  2.642E-04  3.237E-04  3.421E-04  3.121E-04  2.451E-04
  303.5000  7.394E-04  8.927E-04  9.391E-04  8.629E-04  6.895E-04
  304.5000  1.081E-03  1.292E-03  1.356E-03  1.251E-03  1.011E-03
  305.5000  2.218E-03  2.609E-03  2.725E-03  2.534E-03  2.088E-03
  306.5000  2.803E-03  3.272E-03  3.411E-03  3.183E-03  2.645E-03
  307.5000  5.862E-03  6.740E-03  6.996E-03  6.573E-03  5.564E-03
  308.5000  7.570E-03  8.652E-03  8.965E-03  8.447E-03  7.201E-03
  309.5000  8.555E-03  9.671E-03  9.992E-03  9.460E-03  8.171E-03
  310.5000  1.392E-02  1.561E-02  1.610E-02  1.530E-02  1.334E-02
  311.5000  2.016E-02  2.249E-02  2.315E-02  2.205E-02  1.935E-02
  312.5000  2.429E-02  2.683E-02  2.755E-02  2.635E-02  2.340E-02
  313.5000  2.897E-02  3.192E-02  3.276E-02  3.137E-02  2.793E-02
  314.5000  3.469E-02  3.790E-02  3.880E-02  3.730E-02  3.356E-02
  315.5000  3.693E-02  4.030E-02  4.125E-02  3.967E-02  3.575E-02
  316.5000  4.231E-02  4.586E-02  4.685E-02  4.520E-02  4.106E-02
  317.5000  5.994E-02  6.496E-02  6.637E-02  6.403E-02  5.816E-02
  318.5000  5.360E-02  5.773E-02  5.888E-02  5.697E-02  5.214E-02
  319.5000  6.707E-02  7.215E-02  7.357E-02  7.121E-02  6.526E-02
  320.5000  8.412E-02  9.036E-02  9.211E-02  8.921E-02  8.189E-02
  321.5000  8.024E-02  8.570E-02  8.722E-02  8.469E-02  7.829E-02
  322.5000  7.401E-02  7.941E-02  8.091E-02  7.841E-02  7.209E-02
  323.5000  8.775E-02  9.348E-02  9.508E-02  9.242E-02  8.570E-02
  324.5000  1.026E-01  1.093E-01  1.112E-01  1.081E-01  1.002E-01
  325.5000  1.130E-01  1.206E-01  1.227E-01  1.192E-01  1.103E-01
  326.5000  1.503E-01  1.595E-01  1.621E-01  1.578E-01  1.470E-01
  327.5000  1.360E-01  1.446E-01  1.470E-01  1.430E-01  1.329E-01
  328.5000  1.259E-01  1.338E-01  1.360E-01  1.323E-01  1.230E-01
  329.5000  1.748E-01  1.852E-01  1.881E-01  1.833E-01  1.711E-01
  330.5000  1.547E-01  1.642E-01  1.668E-01  1.624E-01  1.513E-01
  331.5000  1.522E-01  1.615E-01  1.641E-01  1.598E-01  1.489E-01
  332.5000  1.576E-01  1.668E-01  1.694E-01  1.651E-01  1.542E-01
  333.5000  1.452E-01  1.538E-01  1.563E-01  1.522E-01  1.421E-01
  334.5000  1.641E-01  1.738E-01  1.765E-01  1.721E-01  1.607E-01
  335.5000  1.705E-01  1.803E-01  1.831E-01  1.785E-01  1.669E-01
  336.5000  1.325E-01  1.402E-01  1.424E-01  1.388E-01  1.298E-01
  337.5000  1.433E-01  1.518E-01  1.541E-01  1.502E-01  1.403E-01
  338.5000  1.551E-01  1.641E-01  1.666E-01  1.625E-01  1.519E-01
  339.5000  1.694E-01  1.792E-01  1.819E-01  1.774E-01  1.659E-01
  340.5000  1.797E-01  1.902E-01  1.931E-01  1.883E-01  1.760E-01
  341.5000  1.618E-01  1.711E-01  1.737E-01  1.694E-01  1.585E-01
  342.5000  1.798E-01  1.901E-01  1.930E-01  1.882E-01  1.761E-01
  343.5000  1.862E-01  1.970E-01  1.999E-01  1.950E-01  1.824E-01
  344.5000  1.301E-01  1.376E-01  1.397E-01  1.362E-01  1.274E-01
  345.5000  1.806E-01  1.909E-01  1.937E-01  1.890E-01  1.768E-01
  346.5000  1.679E-01  1.776E-01  1.802E-01  1.758E-01  1.644E-01
  347.5000  1.644E-01  1.738E-01  1.764E-01  1.721E-01  1.610E-01
  348.5000  1.813E-01  1.917E-01  1.946E-01  1.898E-01  1.776E-01
  349.5000  1.521E-01  1.608E-01  1.632E-01  1.592E-01  1.490E-01
  350.5000  2.133E-01  2.255E-01  2.289E-01  2.233E-01  2.089E-01
  351.5000  1.839E-01  1.944E-01  1.973E-01  1.925E-01  1.801E-01
  352.5000  1.662E-01  1.757E-01  1.783E-01  1.739E-01  1.628E-01
  353.5000  2.005E-01  2.120E-01  2.151E-01  2.099E-01  1.964E-01
  354.5000  2.175E-01  2.299E-01  2.333E-01  2.276E-01  2.130E-01
  355.5000  2.035E-01  2.151E-01  2.183E-01  2.130E-01  1.993E-01
  356.5000  1.891E-01  1.998E-01  2.028E-01  1.978E-01  1.852E-01
  357.5000  1.609E-01  1.701E-01  1.726E-01  1.684E-01  1.576E-01
  358.5000  1.244E-01  1.315E-01  1.334E-01  1.302E-01  1.218E-01
  359.5000  2.096E-01  2.215E-01  2.248E-01  2.193E-01  2.053E-01
  360.5000  1.945E-01  2.055E-01  2.086E-01  2.035E-01  1.905E-01
  361.5000  1.756E-01  1.856E-01  1.883E-01  1.837E-01  1.720E-01
  362.5000  2.065E-01  2.182E-01  2.214E-01  2.160E-01  2.022E-01
  363.5000  1.839E-01  1.943E-01  1.972E-01  1.924E-01  1.801E-01
  364.5000  2.008E-01  2.122E-01  2.154E-01  2.101E-01  1.967E-01
  365.5000  2.449E-01  2.588E-01  2.627E-01  2.563E-01  2.399E-01
  366.5000  2.595E-01  2.743E-01  2.783E-01  2.716E-01  2.542E-01
  367.5000  2.468E-01  2.607E-01  2.646E-01  2.582E-01  2.417E-01
  368.5000  2.170E-01  2.293E-01  2.327E-01  2.270E-01  2.126E-01
  369.5000  2.606E-01  2.754E-01  2.794E-01  2.726E-01  2.553E-01
  370.5000  2.367E-01  2.501E-01  2.538E-01  2.476E-01  2.319E-01
  371.5000  2.711E-01  2.865E-01  2.907E-01  2.837E-01  2.656E-01
  372.5000  2.005E-01  2.119E-01  2.150E-01  2.098E-01  1.964E-01
  373.5000  1.814E-01  1.917E-01  1.945E-01  1.898E-01  1.777E-01
  374.5000  1.994E-01  2.106E-01  2.137E-01  2.086E-01  1.953E-01
  375.5000  2.252E-01  2.379E-01  2.414E-01  2.356E-01  2.206E-01
  376.5000  2.251E-01  2.378E-01  2.414E-01  2.355E-01  2.206E-01
  377.5000  2.684E-01  2.835E-01  2.877E-01  2.808E-01  2.629E-01
  378.5000  2.929E-01  3.094E-01  3.139E-01  3.063E-01  2.869E-01
  379.5000  2.169E-01  2.291E-01  2.325E-01  2.269E-01  2.125E-01
  380.5000  2.612E-01  2.759E-01  2.799E-01  2.732E-01  2.559E-01
  381.5000  2.457E-01  2.595E-01  2.633E-01  2.570E-01  2.407E-01
  382.5000  1.639E-01  1.731E-01  1.757E-01  1.714E-01  1.606E-01
  383.5000  1.441E-01  1.522E-01  1.544E-01  1.507E-01  1.412E-01
  384.5000  2.165E-01  2.286E-01  2.320E-01  2.264E-01  2.121E-01
  385.5000  2.144E-01  2.264E-01  2.298E-01  2.242E-01  2.101E-01
  386.5000  2.188E-01  2.311E-01  2.345E-01  2.288E-01  2.144E-01
  387.5000  2.036E-01  2.150E-01  2.182E-01  2.129E-01  1.995E-01
  388.5000  2.043E-01  2.157E-01  2.189E-01  2.136E-01  2.001E-01
  389.5000  2.579E-01  2.723E-01  2.763E-01  2.697E-01  2.527E-01
  390.5000  2.536E-01  2.678E-01  2.717E-01  2.652E-01  2.485E-01
  391.5000  3.012E-01  3.181E-01  3.227E-01  3.150E-01  2.951E-01
  392.5000  2.261E-01  2.388E-01  2.423E-01  2.364E-01  2.216E-01
  393.5000  9.842E-02  1.039E-01  1.054E-01  1.029E-01  9.643E-02
  394.5000  2.318E-01  2.448E-01  2.484E-01  2.424E-01  2.272E-01
  395.5000  2.986E-01  3.153E-01  3.199E-01  3.122E-01  2.926E-01
  396.5000  1.756E-01  1.853E-01  1.881E-01  1.835E-01  1.720E-01
  397.5000  2.028E-01  2.141E-01  2.172E-01  2.120E-01  1.987E-01
  398.5000  3.489E-01  3.683E-01  3.737E-01  3.648E-01  3.419E-01
  399.5000  3.633E-01  3.835E-01  3.891E-01  3.798E-01  3.560E-01
  400.5000  3.824E-01  4.036E-01  4.095E-01  3.997E-01  3.747E-01
  401.5000  3.938E-01  4.157E-01  4.218E-01  4.117E-01  3.859E-01
  402.5000  4.093E-01  4.321E-01  4.383E-01  4.279E-01  4.011E-01
  403.5000  3.751E-01  3.959E-01  4.016E-01  3.921E-01  3.675E-01
  404.5000  3.683E-01  3.887E-01  3.944E-01  3.850E-01  3.609E-01
  405.5000  3.830E-01  4.042E-01  4.101E-01  4.003E-01  3.753E-01
  406.5000  3.611E-01  3.811E-01  3.867E-01  3.775E-01  3.539E-01
  407.5000  3.645E-01  3.847E-01  3.902E-01  3.810E-01  3.572E-01
  408.5000  4.064E-01  4.288E-01  4.350E-01  4.247E-01  3.982E-01
  409.5000  3.988E-01  4.208E-01  4.269E-01  4.168E-01  3.908E-01
  410.5000  3.462E-01  3.653E-01  3.706E-01  3.618E-01  3.393E-01
  411.5000  4.166E-01  4.396E-01  4.459E-01  4.354E-01  4.083E-01
  412.5000  4.134E-01  4.362E-01  4.424E-01  4.320E-01  4.051E-01
  413.5000  4.013E-01  4.235E-01  4.296E-01  4.194E-01  3.934E-01
  414.5000  4.129E-01  4.357E-01  4.420E-01  4.315E-01  4.047E-01
  415.5000  3.954E-01  4.171E-01  4.231E-01  4.131E-01  3.875E-01
  416.5000  4.308E-01  4.544E-01  4.610E-01  4.501E-01  4.222E-01
  417.5000  3.942E-01  4.159E-01  4.218E-01  4.119E-01  3.864E-01
  418.5000  3.977E-01  4.195E-01  4.256E-01  4.155E-01  3.898E-01
  419.5000  4.113E-01  4.338E-01  4.401E-01  4.297E-01  4.031E-01
------------------------------------------------------------
Dose rates, W m-2
   1 = UV-B, 280-315 nm                                  
   2 = UV-A, 315-400 nm                                  
   3 = Gaussian, 320 nm, 10 nm FWHM                      
   4 = RB Meter, model 501                               
   5 = DNA damage, in vitro (Setlow, 1974)               
   6 = UV index (WMO, 1994; Webb et al., 2011)           
   7 = Previtamin-D3 (CIE 2006)                          
values at z =      0.000 km
Columns: time, sza, weighting spectra
time, hrs.  sza, deg.          1          2          3          4          5          6          7
   11.0000     69.573  1.513E-01  1.562E+01  7.184E-02  4.480E-02  2.153E-04  9.177E-01  2.737E-02
   11.5000     68.677  1.685E-01  1.653E+01  7.705E-02  4.938E-02  2.423E-04  1.002E+00  3.082E-02
   12.0000     68.431  1.734E-01  1.678E+01  7.851E-02  5.069E-02  2.501E-04  1.025E+00  3.182E-02
   12.5000     68.841  1.653E-01  1.636E+01  7.609E-02  4.852E-02  2.372E-04  9.859E-01  3.017E-02
   13.0000     69.898  1.454E-01  1.530E+01  6.998E-02  4.321E-02  2.061E-04  8.885E-01  2.618E-02
------------------------------------------------------------
