Spectral Irradiance, W m-2 nm-1
values at z =      0.000 km
Columns: wavelength (nm), times (hrs.) or sza (deg.)
    wc, nm     11.000     11.500     12.000     12.500     13.000
    sza =      80.836     80.544     80.414     80.448     80.643
  280.5000  5.083E-24  5.204E-24  5.257E-24  5.243E-24  5.163E-24
  281.5000  6.937E-22  7.103E-22  7.177E-22  7.157E-22  7.046E-22
  282.5000  3.246E-20  3.324E-20  3.359E-20  3.350E-20  3.298E-20
  283.5000  3.563E-19  3.650E-19  3.688E-19  3.678E-19  3.620E-19
  284.5000  1.724E-17  1.767E-17  1.786E-17  1.781E-17  1.752E-17
  285.5000  1.910E-16  1.958E-16  1.979E-16  1.974E-16  1.941E-16
  286.5000  5.478E-15  5.618E-15  5.681E-15  5.664E-15  5.570E-15
  287.5000  8.469E-14  8.689E-14  8.788E-14  8.762E-14  8.613E-14
  288.5000  1.263E-12  1.296E-12  1.311E-12  1.307E-12  1.285E-12
  289.5000  1.521E-11  1.562E-11  1.581E-11  1.576E-11  1.548E-11
  290.5000  1.184E-10  1.217E-10  1.232E-10  1.228E-10  1.206E-10
  291.5000  8.009E-10  8.241E-10  8.345E-10  8.317E-10  8.161E-10
  292.5000  3.617E-09  3.725E-09  3.774E-09  3.761E-09  3.688E-09
  293.5000  1.908E-08  1.967E-08  1.993E-08  1.986E-08  1.946E-08
  294.5000  5.874E-08  6.063E-08  6.148E-08  6.125E-08  5.998E-08
  295.5000  2.500E-07  2.583E-07  2.621E-07  2.611E-07  2.554E-07
  296.5000  6.873E-07  7.113E-07  7.222E-07  7.193E-07  7.030E-07
  297.5000  1.994E-06  2.067E-06  2.100E-06  2.091E-06  2.041E-06
  298.5000  3.431E-06  3.563E-06  3.623E-06  3.607E-06  3.517E-06
  299.5000  1.103E-05  1.148E-05  1.168E-05  1.163E-05  1.132E-05
  300.5000  1.397E-05  1.458E-05  1.486E-05  1.479E-05  1.437E-05
  301.5000  3.962E-05  4.151E-05  4.239E-05  4.216E-05  4.086E-05
  302.5000  6.382E-05  6.710E-05  6.863E-05  6.823E-05  6.596E-05
  303.5000  1.532E-04  1.620E-04  1.661E-04  1.650E-04  1.590E-04
  304.5000  2.087E-04  2.215E-04  2.275E-04  2.259E-04  2.171E-04
  305.5000  4.011E-04  4.281E-04  4.407E-04  4.374E-04  4.187E-04
  306.5000  4.997E-04  5.346E-04  5.509E-04  5.466E-04  5.224E-04
  307.5000  1.060E-03  1.137E-03  1.173E-03  1.164E-03  1.110E-03
  308.5000  1.391E-03  1.494E-03  1.541E-03  1.529E-03  1.458E-03
  309.5000  1.654E-03  1.775E-03  1.831E-03  1.816E-03  1.733E-03
  310.5000  2.832E-03  3.035E-03  3.129E-03  3.104E-03  2.965E-03
  311.5000  4.260E-03  4.560E-03  4.698E-03  4.662E-03  4.456E-03
  312.5000  5.594E-03  5.967E-03  6.137E-03  6.092E-03  5.838E-03
  313.5000  6.806E-03  7.253E-03  7.457E-03  7.403E-03  7.099E-03
  314.5000  8.906E-03  9.449E-03  9.696E-03  9.631E-03  9.262E-03
  315.5000  9.610E-03  1.019E-02  1.045E-02  1.038E-02  9.990E-03
  316.5000  1.189E-02  1.255E-02  1.285E-02  1.277E-02  1.232E-02
  317.5000  1.681E-02  1.775E-02  1.817E-02  1.806E-02  1.743E-02
  318.5000  1.621E-02  1.704E-02  1.742E-02  1.732E-02  1.676E-02
  319.5000  2.056E-02  2.159E-02  2.206E-02  2.194E-02  2.124E-02
  320.5000  2.622E-02  2.752E-02  2.810E-02  2.795E-02  2.707E-02
  321.5000  2.693E-02  2.813E-02  2.867E-02  2.853E-02  2.772E-02
  322.5000  2.340E-02  2.453E-02  2.504E-02  2.491E-02  2.414E-02
  323.5000  3.040E-02  3.170E-02  3.228E-02  3.212E-02  3.125E-02
  324.5000  3.537E-02  3.688E-02  3.756E-02  3.738E-02  3.637E-02
  325.5000  3.847E-02  4.015E-02  4.090E-02  4.070E-02  3.957E-02
  326.5000  5.450E-02  5.666E-02  5.762E-02  5.737E-02  5.592E-02
  327.5000  4.825E-02  5.023E-02  5.111E-02  5.088E-02  4.955E-02
  328.5000  4.465E-02  4.648E-02  4.729E-02  4.708E-02  4.585E-02
  329.5000  6.506E-02  6.752E-02  6.861E-02  6.832E-02  6.667E-02
  330.5000  5.638E-02  5.858E-02  5.957E-02  5.931E-02  5.783E-02
  331.5000  5.519E-02  5.737E-02  5.834E-02  5.808E-02  5.662E-02
  332.5000  5.915E-02  6.135E-02  6.233E-02  6.207E-02  6.060E-02
  333.5000  5.364E-02  5.569E-02  5.660E-02  5.636E-02  5.498E-02
  334.5000  6.109E-02  6.339E-02  6.442E-02  6.415E-02  6.261E-02
  335.5000  6.450E-02  6.685E-02  6.791E-02  6.763E-02  6.605E-02
  336.5000  4.987E-02  5.170E-02  5.253E-02  5.231E-02  5.107E-02
  337.5000  5.325E-02  5.525E-02  5.615E-02  5.591E-02  5.457E-02
  338.5000  5.866E-02  6.080E-02  6.176E-02  6.151E-02  6.007E-02
  339.5000  6.417E-02  6.650E-02  6.755E-02  6.727E-02  6.571E-02
  340.5000  6.760E-02  7.009E-02  7.120E-02  7.091E-02  6.923E-02
  341.5000  6.138E-02  6.361E-02  6.460E-02  6.434E-02  6.284E-02
  342.5000  6.831E-02  7.078E-02  7.188E-02  7.159E-02  6.993E-02
  343.5000  7.048E-02  7.304E-02  7.418E-02  7.388E-02  7.216E-02
  344.5000  4.902E-02  5.082E-02  5.162E-02  5.141E-02  5.020E-02
  345.5000  6.863E-02  7.110E-02  7.220E-02  7.191E-02  7.025E-02
  346.5000  6.343E-02  6.574E-02  6.677E-02  6.650E-02  6.495E-02
  347.5000  6.211E-02  6.436E-02  6.537E-02  6.511E-02  6.359E-02
  348.5000  6.861E-02  7.110E-02  7.221E-02  7.192E-02  7.025E-02
  349.5000  5.750E-02  5.958E-02  6.052E-02  6.027E-02  5.887E-02
  350.5000  8.064E-02  8.356E-02  8.487E-02  8.453E-02  8.256E-02
  351.5000  6.942E-02  7.194E-02  7.307E-02  7.277E-02  7.108E-02
  352.5000  6.274E-02  6.502E-02  6.604E-02  6.577E-02  6.424E-02
  353.5000  7.574E-02  7.849E-02  7.972E-02  7.939E-02  7.755E-02
  354.5000  8.218E-02  8.516E-02  8.649E-02  8.614E-02  8.414E-02
  355.5000  7.686E-02  7.965E-02  8.089E-02  8.056E-02  7.869E-02
  356.5000  7.136E-02  7.395E-02  7.510E-02  7.480E-02  7.306E-02
  357.5000  6.069E-02  6.289E-02  6.388E-02  6.362E-02  6.214E-02
  358.5000  4.691E-02  4.861E-02  4.937E-02  4.917E-02  4.803E-02
  359.5000  7.899E-02  8.186E-02  8.314E-02  8.280E-02  8.087E-02
  360.5000  7.327E-02  7.593E-02  7.712E-02  7.680E-02  7.502E-02
  361.5000  6.614E-02  6.854E-02  6.961E-02  6.933E-02  6.772E-02
  362.5000  7.774E-02  8.057E-02  8.183E-02  8.150E-02  7.960E-02
  363.5000  6.921E-02  7.172E-02  7.285E-02  7.255E-02  7.086E-02
  364.5000  7.553E-02  7.828E-02  7.951E-02  7.918E-02  7.734E-02
  365.5000  9.206E-02  9.541E-02  9.691E-02  9.652E-02  9.426E-02
  366.5000  9.752E-02  1.011E-01  1.027E-01  1.022E-01  9.986E-02
  367.5000  9.268E-02  9.606E-02  9.757E-02  9.717E-02  9.490E-02
  368.5000  8.147E-02  8.444E-02  8.577E-02  8.542E-02  8.342E-02
  369.5000  9.778E-02  1.014E-01  1.030E-01  1.025E-01  1.001E-01
  370.5000  8.877E-02  9.201E-02  9.346E-02  9.308E-02  9.090E-02
  371.5000  1.016E-01  1.054E-01  1.070E-01  1.066E-01  1.041E-01
  372.5000  7.513E-02  7.788E-02  7.911E-02  7.879E-02  7.694E-02
  373.5000  6.795E-02  7.044E-02  7.155E-02  7.126E-02  6.959E-02
  374.5000  7.462E-02  7.736E-02  7.858E-02  7.826E-02  7.642E-02
  375.5000  8.426E-02  8.735E-02  8.873E-02  8.836E-02  8.629E-02
  376.5000  8.420E-02  8.729E-02  8.867E-02  8.831E-02  8.623E-02
  377.5000  1.003E-01  1.040E-01  1.057E-01  1.052E-01  1.028E-01
  378.5000  1.094E-01  1.134E-01  1.152E-01  1.148E-01  1.121E-01
  379.5000  8.101E-02  8.399E-02  8.532E-02  8.497E-02  8.297E-02
  380.5000  9.749E-02  1.011E-01  1.027E-01  1.023E-01  9.985E-02
  381.5000  9.167E-02  9.505E-02  9.656E-02  9.617E-02  9.390E-02
  382.5000  6.113E-02  6.338E-02  6.439E-02  6.413E-02  6.261E-02
  383.5000  5.371E-02  5.570E-02  5.659E-02  5.635E-02  5.502E-02
  384.5000  8.067E-02  8.365E-02  8.498E-02  8.463E-02  8.263E-02
  385.5000  7.987E-02  8.282E-02  8.414E-02  8.380E-02  8.181E-02
  386.5000  8.147E-02  8.449E-02  8.584E-02  8.548E-02  8.345E-02
  387.5000  7.577E-02  7.858E-02  7.984E-02  7.950E-02  7.762E-02
  388.5000  7.600E-02  7.882E-02  8.008E-02  7.975E-02  7.786E-02
  389.5000  9.592E-02  9.948E-02  1.011E-01  1.007E-01  9.826E-02
  390.5000  9.429E-02  9.779E-02  9.935E-02  9.894E-02  9.659E-02
  391.5000  1.119E-01  1.161E-01  1.180E-01  1.175E-01  1.147E-01
  392.5000  8.401E-02  8.713E-02  8.853E-02  8.816E-02  8.606E-02
  393.5000  3.655E-02  3.791E-02  3.852E-02  3.836E-02  3.745E-02
  394.5000  8.607E-02  8.928E-02  9.072E-02  9.034E-02  8.818E-02
  395.5000  1.108E-01  1.150E-01  1.168E-01  1.163E-01  1.135E-01
  396.5000  6.513E-02  6.756E-02  6.865E-02  6.837E-02  6.673E-02
  397.5000  7.522E-02  7.803E-02  7.929E-02  7.896E-02  7.707E-02
  398.5000  1.294E-01  1.342E-01  1.364E-01  1.358E-01  1.325E-01
  399.5000  1.347E-01  1.397E-01  1.420E-01  1.414E-01  1.380E-01
  400.5000  1.417E-01  1.470E-01  1.494E-01  1.488E-01  1.452E-01
  401.5000  1.459E-01  1.514E-01  1.538E-01  1.532E-01  1.495E-01
  402.5000  1.516E-01  1.573E-01  1.598E-01  1.592E-01  1.553E-01
  403.5000  1.389E-01  1.441E-01  1.464E-01  1.458E-01  1.423E-01
  404.5000  1.363E-01  1.414E-01  1.437E-01  1.431E-01  1.397E-01
  405.5000  1.417E-01  1.471E-01  1.495E-01  1.488E-01  1.452E-01
  406.5000  1.336E-01  1.386E-01  1.409E-01  1.403E-01  1.369E-01
  407.5000  1.348E-01  1.399E-01  1.422E-01  1.416E-01  1.382E-01
  408.5000  1.503E-01  1.559E-01  1.585E-01  1.578E-01  1.540E-01
  409.5000  1.474E-01  1.530E-01  1.555E-01  1.548E-01  1.511E-01
  410.5000  1.280E-01  1.328E-01  1.350E-01  1.344E-01  1.311E-01
  411.5000  1.540E-01  1.598E-01  1.624E-01  1.617E-01  1.578E-01
  412.5000  1.527E-01  1.585E-01  1.611E-01  1.604E-01  1.565E-01
  413.5000  1.483E-01  1.539E-01  1.564E-01  1.557E-01  1.520E-01
  414.5000  1.525E-01  1.583E-01  1.609E-01  1.602E-01  1.563E-01
  415.5000  1.460E-01  1.516E-01  1.540E-01  1.534E-01  1.497E-01
  416.5000  1.590E-01  1.651E-01  1.678E-01  1.671E-01  1.630E-01
  417.5000  1.455E-01  1.510E-01  1.535E-01  1.529E-01  1.492E-01
  418.5000  1.468E-01  1.524E-01  1.549E-01  1.542E-01  1.505E-01
  419.5000  1.518E-01  1.576E-01  1.602E-01  1.595E-01  1.556E-01
------------------------------------------------------------
Dose rates, W m-2
   1 = UV-B, 280-315 nm                                  
   2 = UV-A, 315-400 nm                                  
   3 = Gaussian, 320 nm, 10 nm FWHM                      
   4 = RB Meter, model 501                               
   5 = DNA damage, in vitro (Setlow, 1974)               
   6 = UV index (WMO, 1994; Webb et al., 2011)           
   7 = Previtamin-D3 (CIE 2006)                          
values at z =      0.000 km
Columns: time, sza, weighting spectra
time, hrs.  sza, deg.          1          2          3          4          5          6          7
   11.0000     80.836  3.390E-02  5.799E+00  2.303E-02  1.167E-02  5.267E-05  2.677E-01  5.991E-03
   11.5000     80.544  3.616E-02  6.016E+00  2.411E-02  1.233E-02  5.570E-05  2.810E-01  6.383E-03
   12.0000     80.414  3.719E-02  6.113E+00  2.460E-02  1.263E-02  5.709E-05  2.870E-01  6.563E-03
   12.5000     80.448  3.692E-02  6.087E+00  2.447E-02  1.255E-02  5.672E-05  2.854E-01  6.515E-03
   13.0000     80.643  3.538E-02  5.942E+00  2.374E-02  1.210E-02  5.465E-05  2.764E-01  6.247E-03
------------------------------------------------------------
