Spectral Irradiance, W m-2 nm-1
values at z =      0.000 km
Columns: wavelength (nm), times (hrs.) or sza (deg.)
    wc, nm     11.000     11.500     12.000     12.500     13.000
    sza =      64.727     63.320     62.649     62.739     63.584
  280.5000  6.590E-29  7.807E-29  8.561E-29  8.452E-29  7.545E-29
  281.5000  2.905E-26  3.461E-26  3.809E-26  3.758E-26  3.341E-26
  282.5000  3.733E-24  4.473E-24  4.942E-24  4.874E-24  4.312E-24
  283.5000  7.909E-23  9.522E-23  1.056E-22  1.040E-22  9.170E-23
  284.5000  1.279E-20  1.558E-20  1.743E-20  1.716E-20  1.496E-20
  285.5000  3.480E-19  4.294E-19  4.857E-19  4.772E-19  4.111E-19
  286.5000  2.003E-17  2.509E-17  2.872E-17  2.816E-17  2.393E-17
  287.5000  6.780E-16  8.700E-16  1.014E-15  9.921E-16  8.248E-16
  288.5000  2.416E-14  3.228E-14  3.867E-14  3.767E-14  3.032E-14
  289.5000  5.542E-13  7.703E-13  9.434E-13  9.164E-13  7.174E-13
  290.5000  7.590E-12  1.098E-11  1.370E-11  1.327E-11  1.015E-11
  291.5000  1.011E-10  1.532E-10  1.943E-10  1.880E-10  1.405E-10
  292.5000  8.249E-10  1.292E-09  1.650E-09  1.596E-09  1.179E-09
  293.5000  7.885E-09  1.259E-08  1.606E-08  1.554E-08  1.147E-08
  294.5000  3.961E-08  6.342E-08  8.035E-08  7.783E-08  5.787E-08
  295.5000  2.903E-07  4.596E-07  5.747E-07  5.578E-07  4.209E-07
  296.5000  1.266E-06  1.961E-06  2.416E-06  2.350E-06  1.806E-06
  297.5000  5.520E-06  8.323E-06  1.009E-05  9.835E-06  7.708E-06
  298.5000  1.332E-05  1.951E-05  2.329E-05  2.275E-05  1.818E-05
  299.5000  5.837E-05  8.285E-05  9.733E-05  9.528E-05  7.766E-05
  300.5000  9.222E-05  1.274E-04  1.478E-04  1.449E-04  1.201E-04
  301.5000  3.245E-04  4.346E-04  4.964E-04  4.878E-04  4.119E-04
  302.5000  5.897E-04  7.730E-04  8.740E-04  8.600E-04  7.356E-04
  303.5000  1.576E-03  2.012E-03  2.247E-03  2.214E-03  1.924E-03
  304.5000  2.236E-03  2.809E-03  3.115E-03  3.073E-03  2.695E-03
  305.5000  4.361E-03  5.348E-03  5.864E-03  5.793E-03  5.152E-03
  306.5000  5.387E-03  6.537E-03  7.133E-03  7.052E-03  6.310E-03
  307.5000  1.074E-02  1.276E-02  1.379E-02  1.365E-02  1.236E-02
  308.5000  1.361E-02  1.605E-02  1.729E-02  1.712E-02  1.557E-02
  309.5000  1.486E-02  1.728E-02  1.850E-02  1.833E-02  1.681E-02
  310.5000  2.359E-02  2.715E-02  2.894E-02  2.869E-02  2.646E-02
  311.5000  3.359E-02  3.841E-02  4.081E-02  4.048E-02  3.748E-02
  312.5000  3.923E-02  4.432E-02  4.684E-02  4.650E-02  4.334E-02
  313.5000  4.646E-02  5.235E-02  5.525E-02  5.486E-02  5.122E-02
  314.5000  5.414E-02  6.037E-02  6.342E-02  6.301E-02  5.918E-02
  315.5000  5.741E-02  6.390E-02  6.708E-02  6.665E-02  6.266E-02
  316.5000  6.437E-02  7.108E-02  7.435E-02  7.391E-02  6.980E-02
  317.5000  9.121E-02  1.007E-01  1.053E-01  1.047E-01  9.890E-02
  318.5000  7.996E-02  8.764E-02  9.136E-02  9.086E-02  8.618E-02
  319.5000  9.970E-02  1.091E-01  1.137E-01  1.131E-01  1.073E-01
  320.5000  1.245E-01  1.360E-01  1.416E-01  1.408E-01  1.338E-01
  321.5000  1.166E-01  1.265E-01  1.313E-01  1.307E-01  1.246E-01
  322.5000  1.091E-01  1.190E-01  1.238E-01  1.232E-01  1.171E-01
  323.5000  1.265E-01  1.368E-01  1.418E-01  1.412E-01  1.349E-01
  324.5000  1.480E-01  1.602E-01  1.660E-01  1.652E-01  1.579E-01
  325.5000  1.636E-01  1.772E-01  1.838E-01  1.829E-01  1.747E-01
  326.5000  2.142E-01  2.308E-01  2.388E-01  2.377E-01  2.277E-01
  327.5000  1.949E-01  2.103E-01  2.177E-01  2.167E-01  2.074E-01
  328.5000  1.803E-01  1.946E-01  2.014E-01  2.005E-01  1.919E-01
  329.5000  2.477E-01  2.662E-01  2.750E-01  2.739E-01  2.627E-01
  330.5000  2.202E-01  2.371E-01  2.452E-01  2.441E-01  2.339E-01
  331.5000  2.168E-01  2.335E-01  2.415E-01  2.404E-01  2.304E-01
  332.5000  2.226E-01  2.390E-01  2.469E-01  2.458E-01  2.359E-01
  333.5000  2.059E-01  2.213E-01  2.287E-01  2.277E-01  2.184E-01
  334.5000  2.323E-01  2.496E-01  2.578E-01  2.567E-01  2.463E-01
  335.5000  2.403E-01  2.578E-01  2.662E-01  2.651E-01  2.545E-01
  336.5000  1.871E-01  2.007E-01  2.073E-01  2.064E-01  1.982E-01
  337.5000  2.029E-01  2.179E-01  2.251E-01  2.241E-01  2.150E-01
  338.5000  2.187E-01  2.345E-01  2.421E-01  2.411E-01  2.315E-01
  339.5000  2.386E-01  2.559E-01  2.641E-01  2.630E-01  2.526E-01
  340.5000  2.536E-01  2.720E-01  2.809E-01  2.797E-01  2.685E-01
  341.5000  2.278E-01  2.441E-01  2.520E-01  2.509E-01  2.411E-01
  342.5000  2.531E-01  2.712E-01  2.799E-01  2.787E-01  2.678E-01
  343.5000  2.623E-01  2.811E-01  2.902E-01  2.889E-01  2.776E-01
  344.5000  1.833E-01  1.966E-01  2.029E-01  2.020E-01  1.941E-01
  345.5000  2.539E-01  2.720E-01  2.807E-01  2.795E-01  2.686E-01
  346.5000  2.364E-01  2.534E-01  2.615E-01  2.604E-01  2.502E-01
  347.5000  2.314E-01  2.480E-01  2.559E-01  2.548E-01  2.449E-01
  348.5000  2.552E-01  2.734E-01  2.821E-01  2.809E-01  2.699E-01
  349.5000  2.140E-01  2.293E-01  2.366E-01  2.356E-01  2.264E-01
  350.5000  3.001E-01  3.215E-01  3.317E-01  3.303E-01  3.174E-01
  351.5000  2.587E-01  2.771E-01  2.860E-01  2.848E-01  2.737E-01
  352.5000  2.337E-01  2.504E-01  2.583E-01  2.572E-01  2.472E-01
  353.5000  2.820E-01  3.020E-01  3.115E-01  3.103E-01  2.982E-01
  354.5000  3.057E-01  3.274E-01  3.378E-01  3.364E-01  3.233E-01
  355.5000  2.861E-01  3.063E-01  3.160E-01  3.147E-01  3.025E-01
  356.5000  2.657E-01  2.845E-01  2.935E-01  2.923E-01  2.810E-01
  357.5000  2.261E-01  2.421E-01  2.498E-01  2.487E-01  2.391E-01
  358.5000  1.748E-01  1.871E-01  1.930E-01  1.922E-01  1.848E-01
  359.5000  2.944E-01  3.152E-01  3.251E-01  3.238E-01  3.113E-01
  360.5000  2.732E-01  2.924E-01  3.016E-01  3.004E-01  2.888E-01
  361.5000  2.466E-01  2.640E-01  2.723E-01  2.712E-01  2.607E-01
  362.5000  2.900E-01  3.103E-01  3.201E-01  3.188E-01  3.065E-01
  363.5000  2.582E-01  2.764E-01  2.850E-01  2.839E-01  2.729E-01
  364.5000  2.820E-01  3.017E-01  3.112E-01  3.099E-01  2.980E-01
  365.5000  3.439E-01  3.680E-01  3.795E-01  3.779E-01  3.634E-01
  366.5000  3.643E-01  3.898E-01  4.020E-01  4.004E-01  3.850E-01
  367.5000  3.463E-01  3.705E-01  3.821E-01  3.806E-01  3.660E-01
  368.5000  3.045E-01  3.258E-01  3.360E-01  3.346E-01  3.218E-01
  369.5000  3.657E-01  3.912E-01  4.034E-01  4.017E-01  3.864E-01
  370.5000  3.321E-01  3.552E-01  3.663E-01  3.648E-01  3.509E-01
  371.5000  3.804E-01  4.069E-01  4.195E-01  4.178E-01  4.019E-01
  372.5000  2.813E-01  3.008E-01  3.102E-01  3.089E-01  2.971E-01
  373.5000  2.545E-01  2.721E-01  2.806E-01  2.795E-01  2.688E-01
  374.5000  2.795E-01  2.990E-01  3.082E-01  3.070E-01  2.953E-01
  375.5000  3.157E-01  3.376E-01  3.481E-01  3.467E-01  3.335E-01
  376.5000  3.156E-01  3.375E-01  3.479E-01  3.465E-01  3.333E-01
  377.5000  3.762E-01  4.022E-01  4.146E-01  4.130E-01  3.973E-01
  378.5000  4.104E-01  4.388E-01  4.523E-01  4.505E-01  4.334E-01
  379.5000  3.039E-01  3.249E-01  3.349E-01  3.336E-01  3.210E-01
  380.5000  3.659E-01  3.911E-01  4.032E-01  4.015E-01  3.864E-01
  381.5000  3.441E-01  3.679E-01  3.792E-01  3.777E-01  3.634E-01
  382.5000  2.295E-01  2.453E-01  2.529E-01  2.519E-01  2.424E-01
  383.5000  2.017E-01  2.156E-01  2.222E-01  2.214E-01  2.130E-01
  384.5000  3.031E-01  3.239E-01  3.338E-01  3.325E-01  3.200E-01
  385.5000  3.001E-01  3.207E-01  3.305E-01  3.292E-01  3.168E-01
  386.5000  3.062E-01  3.272E-01  3.372E-01  3.359E-01  3.233E-01
  387.5000  2.849E-01  3.044E-01  3.137E-01  3.124E-01  3.007E-01
  388.5000  2.858E-01  3.054E-01  3.147E-01  3.134E-01  3.017E-01
  389.5000  3.608E-01  3.854E-01  3.972E-01  3.956E-01  3.808E-01
  390.5000  3.547E-01  3.789E-01  3.904E-01  3.889E-01  3.743E-01
  391.5000  4.212E-01  4.499E-01  4.636E-01  4.618E-01  4.445E-01
  392.5000  3.161E-01  3.377E-01  3.479E-01  3.466E-01  3.336E-01
  393.5000  1.376E-01  1.469E-01  1.514E-01  1.508E-01  1.452E-01
  394.5000  3.240E-01  3.460E-01  3.565E-01  3.551E-01  3.419E-01
  395.5000  4.173E-01  4.456E-01  4.591E-01  4.573E-01  4.403E-01
  396.5000  2.453E-01  2.619E-01  2.698E-01  2.688E-01  2.588E-01
  397.5000  2.833E-01  3.025E-01  3.116E-01  3.104E-01  2.989E-01
  398.5000  4.872E-01  5.202E-01  5.359E-01  5.338E-01  5.140E-01
  399.5000  5.072E-01  5.416E-01  5.579E-01  5.557E-01  5.351E-01
  400.5000  5.338E-01  5.699E-01  5.870E-01  5.847E-01  5.631E-01
  401.5000  5.497E-01  5.868E-01  6.045E-01  6.021E-01  5.798E-01
  402.5000  5.712E-01  6.097E-01  6.280E-01  6.256E-01  6.024E-01
  403.5000  5.233E-01  5.585E-01  5.753E-01  5.731E-01  5.519E-01
  404.5000  5.137E-01  5.483E-01  5.647E-01  5.625E-01  5.418E-01
  405.5000  5.341E-01  5.700E-01  5.871E-01  5.849E-01  5.633E-01
  406.5000  5.035E-01  5.374E-01  5.535E-01  5.513E-01  5.310E-01
  407.5000  5.081E-01  5.422E-01  5.584E-01  5.563E-01  5.358E-01
  408.5000  5.664E-01  6.043E-01  6.224E-01  6.200E-01  5.972E-01
  409.5000  5.557E-01  5.929E-01  6.106E-01  6.083E-01  5.859E-01
  410.5000  4.823E-01  5.146E-01  5.300E-01  5.279E-01  5.085E-01
  411.5000  5.803E-01  6.191E-01  6.375E-01  6.350E-01  6.118E-01
  412.5000  5.757E-01  6.141E-01  6.324E-01  6.299E-01  6.069E-01
  413.5000  5.588E-01  5.961E-01  6.138E-01  6.114E-01  5.891E-01
  414.5000  5.748E-01  6.131E-01  6.314E-01  6.289E-01  6.059E-01
  415.5000  5.503E-01  5.869E-01  6.043E-01  6.020E-01  5.800E-01
  416.5000  5.994E-01  6.393E-01  6.582E-01  6.557E-01  6.318E-01
  417.5000  5.484E-01  5.849E-01  6.022E-01  5.999E-01  5.780E-01
  418.5000  5.532E-01  5.899E-01  6.074E-01  6.050E-01  5.830E-01
  419.5000  5.719E-01  6.099E-01  6.279E-01  6.255E-01  6.027E-01
------------------------------------------------------------
Dose rates, W m-2
   1 = UV-B, 280-315 nm                                  
   2 = UV-A, 315-400 nm                                  
   3 = Gaussian, 320 nm, 10 nm FWHM                      
   4 = RB Meter, model 501                               
   5 = DNA damage, in vitro (Setlow, 1974)               
   6 = UV index (WMO, 1994; Webb et al., 2011)           
   7 = Previtamin-D3 (CIE 2006)                          
values at z =      0.000 km
Columns: time, sza, weighting spectra
time, hrs.  sza, deg.          1          2          3          4          5          6          7
   11.0000     64.727  2.509E-01  2.200E+01  1.058E-01  7.211E-02  3.708E-04  1.433E+00  4.713E-02
   11.5000     63.320  2.868E-01  2.358E+01  1.155E-01  8.170E-02  4.340E-04  1.606E+00  5.486E-02
   12.0000     62.649  3.048E-01  2.433E+01  1.201E-01  8.651E-02  4.666E-04  1.693E+00  5.880E-02
   12.5000     62.739  3.024E-01  2.423E+01  1.195E-01  8.586E-02  4.621E-04  1.681E+00  5.826E-02
   13.0000     63.584  2.799E-01  2.328E+01  1.136E-01  7.985E-02  4.215E-04  1.573E+00  5.335E-02
------------------------------------------------------------
