Spectral Irradiance, W m-2 nm-1
values at z =      0.000 km
Columns: wavelength (nm), times (hrs.) or sza (deg.)
    wc, nm     11.000     11.500     12.000     12.500     13.000
    sza =      46.197     45.458     45.248     45.577     46.430
  280.5000  4.972E-26  1.021E-25  1.246E-25  9.106E-26  3.944E-26
  281.5000  1.818E-23  3.498E-23  4.192E-23  3.151E-23  1.473E-23
  282.5000  1.977E-21  3.597E-21  4.245E-21  3.270E-21  1.631E-21
  283.5000  3.766E-20  6.608E-20  7.719E-20  6.038E-20  3.144E-20
  284.5000  4.882E-18  8.015E-18  9.193E-18  7.406E-18  4.162E-18
  285.5000  1.116E-16  1.744E-16  1.973E-16  1.624E-16  9.663E-17
  286.5000  5.574E-15  8.392E-15  9.398E-15  7.862E-15  4.887E-15
  287.5000  1.582E-13  2.285E-13  2.529E-13  2.155E-13  1.381E-13
  288.5000  4.506E-12  6.219E-12  6.798E-12  5.908E-12  4.063E-12
  289.5000  8.572E-11  1.145E-10  1.241E-10  1.094E-10  7.809E-11
  290.5000  9.755E-10  1.268E-09  1.364E-09  1.216E-09  8.965E-10
  291.5000  1.002E-08  1.263E-08  1.347E-08  1.217E-08  9.299E-09
  292.5000  6.303E-08  7.750E-08  8.206E-08  7.498E-08  5.898E-08
  293.5000  4.487E-07  5.388E-07  5.668E-07  5.233E-07  4.230E-07
  294.5000  1.727E-06  2.036E-06  2.131E-06  1.983E-06  1.638E-06
  295.5000  9.177E-06  1.061E-05  1.104E-05  1.037E-05  8.759E-06
  296.5000  2.981E-05  3.391E-05  3.514E-05  3.322E-05  2.861E-05
  297.5000  9.853E-05  1.105E-04  1.140E-04  1.085E-04  9.498E-05
  298.5000  1.859E-04  2.060E-04  2.119E-04  2.026E-04  1.799E-04
  299.5000  6.393E-04  7.004E-04  7.183E-04  6.902E-04  6.208E-04
  300.5000  8.348E-04  9.068E-04  9.278E-04  8.949E-04  8.129E-04
  301.5000  2.374E-03  2.555E-03  2.607E-03  2.525E-03  2.319E-03
  302.5000  3.746E-03  4.007E-03  4.083E-03  3.964E-03  3.666E-03
  303.5000  8.445E-03  8.969E-03  9.120E-03  8.883E-03  8.283E-03
  304.5000  1.086E-02  1.148E-02  1.166E-02  1.138E-02  1.066E-02
  305.5000  1.823E-02  1.916E-02  1.943E-02  1.901E-02  1.794E-02
  306.5000  2.112E-02  2.214E-02  2.243E-02  2.197E-02  2.080E-02
  307.5000  3.711E-02  3.871E-02  3.917E-02  3.845E-02  3.661E-02
  308.5000  4.484E-02  4.669E-02  4.721E-02  4.639E-02  4.420E-02
  309.5000  4.502E-02  4.672E-02  4.720E-02  4.644E-02  4.449E-02
  310.5000  6.730E-02  6.966E-02  7.033E-02  6.927E-02  6.655E-02
  311.5000  9.209E-02  9.517E-02  9.605E-02  9.467E-02  9.112E-02
  312.5000  1.001E-01  1.032E-01  1.041E-01  1.027E-01  9.916E-02
  313.5000  1.166E-01  1.201E-01  1.211E-01  1.195E-01  1.155E-01
  314.5000  1.278E-01  1.313E-01  1.323E-01  1.307E-01  1.266E-01
  315.5000  1.341E-01  1.377E-01  1.388E-01  1.371E-01  1.329E-01
  316.5000  1.433E-01  1.465E-01  1.480E-01  1.464E-01  1.422E-01
  317.5000  2.030E-01  2.081E-01  2.096E-01  2.073E-01  2.014E-01
  318.5000  1.703E-01  1.743E-01  1.754E-01  1.737E-01  1.690E-01
  319.5000  2.105E-01  2.154E-01  2.168E-01  2.146E-01  2.090E-01
  320.5000  2.601E-01  2.660E-01  2.677E-01  2.651E-01  2.583E-01
  321.5000  2.341E-01  2.391E-01  2.404E-01  2.383E-01  2.325E-01
  322.5000  2.257E-01  2.308E-01  2.322E-01  2.299E-01  2.241E-01
  323.5000  2.493E-01  2.544E-01  2.558E-01  2.536E-01  2.477E-01
  324.5000  2.921E-01  2.981E-01  2.995E-01  2.971E-01  2.902E-01
  325.5000  3.247E-01  3.314E-01  3.333E-01  3.303E-01  3.226E-01
  326.5000  4.116E-01  4.195E-01  4.218E-01  4.182E-01  4.090E-01
  327.5000  3.780E-01  3.854E-01  3.875E-01  3.842E-01  3.756E-01
  328.5000  3.493E-01  3.562E-01  3.582E-01  3.551E-01  3.472E-01
  329.5000  4.684E-01  4.771E-01  4.796E-01  4.757E-01  4.656E-01
  330.5000  4.203E-01  4.283E-01  4.306E-01  4.270E-01  4.177E-01
  331.5000  4.144E-01  4.223E-01  4.246E-01  4.210E-01  4.119E-01
  332.5000  4.180E-01  4.257E-01  4.279E-01  4.245E-01  4.156E-01
  333.5000  3.891E-01  3.963E-01  3.984E-01  3.952E-01  3.868E-01
  334.5000  4.371E-01  4.452E-01  4.475E-01  4.439E-01  4.346E-01
  335.5000  4.482E-01  4.564E-01  4.587E-01  4.551E-01  4.456E-01
  336.5000  3.494E-01  3.558E-01  3.576E-01  3.548E-01  3.474E-01
  337.5000  3.808E-01  3.878E-01  3.898E-01  3.867E-01  3.786E-01
  338.5000  4.068E-01  4.141E-01  4.162E-01  4.129E-01  4.044E-01
  339.5000  4.431E-01  4.510E-01  4.533E-01  4.497E-01  4.405E-01
  340.5000  4.719E-01  4.805E-01  4.829E-01  4.791E-01  4.692E-01
  341.5000  4.217E-01  4.293E-01  4.314E-01  4.281E-01  4.193E-01
  342.5000  4.679E-01  4.762E-01  4.786E-01  4.749E-01  4.652E-01
  343.5000  4.852E-01  4.939E-01  4.963E-01  4.925E-01  4.825E-01
  344.5000  3.395E-01  3.456E-01  3.473E-01  3.446E-01  3.376E-01
  345.5000  4.678E-01  4.761E-01  4.784E-01  4.748E-01  4.652E-01
  346.5000  4.364E-01  4.441E-01  4.463E-01  4.429E-01  4.339E-01
  347.5000  4.267E-01  4.342E-01  4.364E-01  4.330E-01  4.243E-01
  348.5000  4.696E-01  4.779E-01  4.803E-01  4.766E-01  4.670E-01
  349.5000  3.936E-01  4.006E-01  4.025E-01  3.995E-01  3.914E-01
  350.5000  5.515E-01  5.612E-01  5.639E-01  5.596E-01  5.484E-01
  351.5000  4.752E-01  4.836E-01  4.859E-01  4.822E-01  4.726E-01
  352.5000  4.289E-01  4.364E-01  4.385E-01  4.352E-01  4.265E-01
  353.5000  5.167E-01  5.258E-01  5.283E-01  5.243E-01  5.138E-01
  354.5000  5.597E-01  5.694E-01  5.722E-01  5.678E-01  5.566E-01
  355.5000  5.232E-01  5.323E-01  5.349E-01  5.308E-01  5.203E-01
  356.5000  4.856E-01  4.941E-01  4.965E-01  4.927E-01  4.830E-01
  357.5000  4.130E-01  4.202E-01  4.222E-01  4.190E-01  4.108E-01
  358.5000  3.189E-01  3.244E-01  3.260E-01  3.235E-01  3.171E-01
  359.5000  5.368E-01  5.461E-01  5.487E-01  5.446E-01  5.338E-01
  360.5000  4.977E-01  5.063E-01  5.087E-01  5.049E-01  4.950E-01
  361.5000  4.489E-01  4.566E-01  4.588E-01  4.554E-01  4.464E-01
  362.5000  5.273E-01  5.364E-01  5.389E-01  5.349E-01  5.244E-01
  363.5000  4.692E-01  4.773E-01  4.795E-01  4.760E-01  4.666E-01
  364.5000  5.119E-01  5.207E-01  5.232E-01  5.193E-01  5.091E-01
  365.5000  6.239E-01  6.346E-01  6.376E-01  6.329E-01  6.205E-01
  366.5000  6.605E-01  6.718E-01  6.750E-01  6.700E-01  6.569E-01
  367.5000  6.273E-01  6.380E-01  6.410E-01  6.363E-01  6.239E-01
  368.5000  5.512E-01  5.606E-01  5.632E-01  5.591E-01  5.482E-01
  369.5000  6.613E-01  6.726E-01  6.757E-01  6.707E-01  6.577E-01
  370.5000  6.001E-01  6.103E-01  6.132E-01  6.087E-01  5.969E-01
  371.5000  6.868E-01  6.985E-01  7.018E-01  6.966E-01  6.831E-01
  372.5000  5.074E-01  5.160E-01  5.185E-01  5.147E-01  5.047E-01
  373.5000  4.588E-01  4.665E-01  4.687E-01  4.653E-01  4.563E-01
  374.5000  5.036E-01  5.121E-01  5.145E-01  5.107E-01  5.009E-01
  375.5000  5.683E-01  5.779E-01  5.806E-01  5.764E-01  5.653E-01
  376.5000  5.677E-01  5.772E-01  5.799E-01  5.757E-01  5.646E-01
  377.5000  6.761E-01  6.875E-01  6.907E-01  6.856E-01  6.725E-01
  378.5000  7.370E-01  7.494E-01  7.529E-01  7.474E-01  7.331E-01
  379.5000  5.454E-01  5.546E-01  5.571E-01  5.531E-01  5.425E-01
  380.5000  6.561E-01  6.671E-01  6.701E-01  6.653E-01  6.526E-01
  381.5000  6.166E-01  6.269E-01  6.298E-01  6.253E-01  6.133E-01
  382.5000  4.110E-01  4.178E-01  4.198E-01  4.167E-01  4.088E-01
  383.5000  3.609E-01  3.670E-01  3.687E-01  3.660E-01  3.590E-01
  384.5000  5.418E-01  5.508E-01  5.533E-01  5.493E-01  5.389E-01
  385.5000  5.361E-01  5.451E-01  5.476E-01  5.436E-01  5.333E-01
  386.5000  5.466E-01  5.557E-01  5.583E-01  5.542E-01  5.437E-01
  387.5000  5.081E-01  5.165E-01  5.189E-01  5.152E-01  5.054E-01
  388.5000  5.094E-01  5.178E-01  5.202E-01  5.165E-01  5.067E-01
  389.5000  6.425E-01  6.532E-01  6.561E-01  6.514E-01  6.391E-01
  390.5000  6.312E-01  6.417E-01  6.446E-01  6.400E-01  6.279E-01
  391.5000  7.490E-01  7.614E-01  7.649E-01  7.594E-01  7.451E-01
  392.5000  5.618E-01  5.711E-01  5.737E-01  5.696E-01  5.589E-01
  393.5000  2.443E-01  2.483E-01  2.494E-01  2.477E-01  2.430E-01
  394.5000  5.750E-01  5.844E-01  5.871E-01  5.829E-01  5.720E-01
  395.5000  7.399E-01  7.521E-01  7.555E-01  7.501E-01  7.361E-01
  396.5000  4.346E-01  4.417E-01  4.437E-01  4.406E-01  4.323E-01
  397.5000  5.016E-01  5.098E-01  5.121E-01  5.085E-01  4.990E-01
  398.5000  8.621E-01  8.762E-01  8.801E-01  8.739E-01  8.576E-01
  399.5000  8.969E-01  9.115E-01  9.156E-01  9.092E-01  8.922E-01
  400.5000  9.431E-01  9.585E-01  9.628E-01  9.560E-01  9.382E-01
  401.5000  9.705E-01  9.863E-01  9.908E-01  9.838E-01  9.655E-01
  402.5000  1.008E+00  1.024E+00  1.029E+00  1.022E+00  1.003E+00
  403.5000  9.226E-01  9.376E-01  9.418E-01  9.352E-01  9.179E-01
  404.5000  9.051E-01  9.198E-01  9.239E-01  9.174E-01  9.004E-01
  405.5000  9.404E-01  9.557E-01  9.599E-01  9.532E-01  9.356E-01
  406.5000  8.860E-01  9.003E-01  9.043E-01  8.980E-01  8.814E-01
  407.5000  8.934E-01  9.078E-01  9.119E-01  9.055E-01  8.888E-01
  408.5000  9.952E-01  1.011E+00  1.016E+00  1.009E+00  9.901E-01
  409.5000  9.758E-01  9.915E-01  9.959E-01  9.890E-01  9.708E-01
  410.5000  8.464E-01  8.600E-01  8.638E-01  8.578E-01  8.420E-01
  411.5000  1.018E+00  1.034E+00  1.039E+00  1.031E+00  1.012E+00
  412.5000  1.009E+00  1.025E+00  1.029E+00  1.022E+00  1.004E+00
  413.5000  9.785E-01  9.943E-01  9.987E-01  9.917E-01  9.735E-01
  414.5000  1.006E+00  1.022E+00  1.027E+00  1.019E+00  1.001E+00
  415.5000  9.623E-01  9.778E-01  9.821E-01  9.753E-01  9.574E-01
  416.5000  1.048E+00  1.064E+00  1.069E+00  1.062E+00  1.042E+00
  417.5000  9.578E-01  9.731E-01  9.774E-01  9.707E-01  9.530E-01
  418.5000  9.655E-01  9.810E-01  9.853E-01  9.785E-01  9.606E-01
  419.5000  9.976E-01  1.014E+00  1.018E+00  1.011E+00  9.925E-01
------------------------------------------------------------
Dose rates, W m-2
   1 = UV-B, 280-315 nm                                  
   2 = UV-A, 315-400 nm                                  
   3 = Gaussian, 320 nm, 10 nm FWHM                      
   4 = RB Meter, model 501                               
   5 = DNA damage, in vitro (Setlow, 1974)               
   6 = UV index (WMO, 1994; Webb et al., 2011)           
   7 = Previtamin-D3 (CIE 2006)                          
values at z =      0.000 km
Columns: time, sza, weighting spectra
time, hrs.  sza, deg.          1          2          3          4          5          6          7
   11.0000     46.197  6.974E-01  4.031E+01  2.197E-01  1.935E-01  1.258E-03  3.635E+00  1.487E-01
   11.5000     45.458  7.218E-01  4.102E+01  2.246E-01  2.002E-01  1.317E-03  3.756E+00  1.548E-01
   12.0000     45.248  7.287E-01  4.122E+01  2.260E-01  2.021E-01  1.334E-03  3.790E+00  1.566E-01
   12.5000     45.577  7.178E-01  4.090E+01  2.238E-01  1.991E-01  1.307E-03  3.736E+00  1.538E-01
   13.0000     46.430  6.897E-01  4.008E+01  2.181E-01  1.914E-01  1.240E-03  3.597E+00  1.468E-01
------------------------------------------------------------
