Spectral Irradiance, W m-2 nm-1
values at z =      0.000 km
Columns: wavelength (nm), times (hrs.) or sza (deg.)
    wc, nm     11.000     11.500     12.000     12.500     13.000
    sza =      11.743      5.380      5.471     11.869     19.019
  280.5000  3.048E-13  4.772E-13  4.753E-13  3.010E-13  1.168E-13
  281.5000  7.672E-12  1.155E-11  1.151E-11  7.586E-12  3.197E-12
  282.5000  8.382E-11  1.220E-10  1.216E-10  8.296E-11  3.755E-11
  283.5000  3.590E-10  5.113E-10  5.096E-10  3.555E-10  1.685E-10
  284.5000  3.066E-09  4.197E-09  4.185E-09  3.040E-09  1.568E-09
  285.5000  9.379E-09  1.246E-08  1.243E-08  9.306E-09  5.109E-09
  286.5000  9.989E-08  1.298E-07  1.295E-07  9.917E-08  5.712E-08
  287.5000  5.104E-07  6.466E-07  6.452E-07  5.071E-07  3.080E-07
  288.5000  2.257E-06  2.782E-06  2.777E-06  2.244E-06  1.444E-06
  289.5000  1.133E-05  1.343E-05  1.322E-05  1.127E-05  7.559E-06
  290.5000  4.203E-05  4.997E-05  4.990E-05  4.184E-05  2.906E-05
  291.5000  1.214E-04  1.416E-04  1.414E-04  1.208E-04  8.731E-05
  292.5000  2.701E-04  3.104E-04  3.100E-04  2.691E-04  2.008E-04
  293.5000  7.233E-04  8.193E-04  8.184E-04  7.209E-04  5.546E-04
  294.5000  1.295E-03  1.450E-03  1.449E-03  1.291E-03  1.017E-03
  295.5000  3.053E-03  3.379E-03  3.376E-03  3.044E-03  2.460E-03
  296.5000  5.052E-03  5.414E-03  5.444E-03  5.039E-03  4.159E-03
  297.5000  9.241E-03  1.004E-02  1.003E-02  9.220E-03  7.751E-03
  298.5000  1.059E-02  1.142E-02  1.141E-02  1.057E-02  9.026E-03
  299.5000  2.277E-02  2.438E-02  2.436E-02  2.272E-02  1.969E-02
  300.5000  2.075E-02  2.210E-02  2.208E-02  2.071E-02  1.815E-02
  301.5000  3.995E-02  4.231E-02  4.228E-02  3.989E-02  3.538E-02
  302.5000  4.854E-02  5.150E-02  5.148E-02  4.812E-02  4.359E-02
  303.5000  8.139E-02  8.548E-02  8.544E-02  8.129E-02  7.338E-02
  304.5000  8.791E-02  9.208E-02  9.204E-02  8.780E-02  7.969E-02
  305.5000  1.140E-01  1.189E-01  1.189E-01  1.139E-01  1.042E-01
  306.5000  1.181E-01  1.230E-01  1.230E-01  1.180E-01  1.083E-01
  307.5000  1.678E-01  1.743E-01  1.742E-01  1.677E-01  1.550E-01
  308.5000  1.868E-01  1.938E-01  1.937E-01  1.867E-01  1.730E-01
  309.5000  1.631E-01  1.688E-01  1.687E-01  1.629E-01  1.517E-01
  310.5000  2.205E-01  2.279E-01  2.278E-01  2.203E-01  2.058E-01
  311.5000  2.824E-01  2.915E-01  2.915E-01  2.822E-01  2.641E-01
  312.5000  2.732E-01  2.815E-01  2.814E-01  2.730E-01  2.565E-01
  313.5000  3.092E-01  3.185E-01  3.184E-01  3.089E-01  2.905E-01
  314.5000  3.066E-01  3.153E-01  3.153E-01  3.064E-01  2.891E-01
  315.5000  3.162E-01  3.251E-01  3.250E-01  3.160E-01  2.983E-01
  316.5000  3.130E-01  3.214E-01  3.213E-01  3.127E-01  2.960E-01
  317.5000  4.424E-01  4.543E-01  4.542E-01  4.421E-01  4.185E-01
  318.5000  3.459E-01  3.548E-01  3.547E-01  3.457E-01  3.279E-01
  319.5000  4.215E-01  4.322E-01  4.321E-01  4.212E-01  3.990E-01
  320.5000  5.119E-01  5.249E-01  5.247E-01  5.116E-01  4.859E-01
  321.5000  4.320E-01  4.425E-01  4.424E-01  4.318E-01  4.109E-01
  322.5000  4.368E-01  4.477E-01  4.476E-01  4.365E-01  4.148E-01
  323.5000  4.464E-01  4.570E-01  4.569E-01  4.461E-01  4.250E-01
  324.5000  5.239E-01  5.363E-01  5.362E-01  5.236E-01  4.988E-01
  325.5000  5.876E-01  6.016E-01  6.015E-01  5.872E-01  5.593E-01
  326.5000  7.066E-01  7.229E-01  7.227E-01  7.062E-01  6.738E-01
  327.5000  6.592E-01  6.745E-01  6.744E-01  6.588E-01  6.283E-01
  328.5000  6.084E-01  6.225E-01  6.224E-01  6.080E-01  5.799E-01
  329.5000  7.843E-01  8.020E-01  8.018E-01  7.839E-01  7.485E-01
  330.5000  7.144E-01  7.306E-01  7.305E-01  7.140E-01  6.815E-01
  331.5000  7.060E-01  7.221E-01  7.220E-01  7.055E-01  6.736E-01
  332.5000  6.922E-01  7.076E-01  7.075E-01  6.918E-01  6.610E-01
  333.5000  6.513E-01  6.660E-01  6.658E-01  6.510E-01  6.218E-01
  334.5000  7.268E-01  7.430E-01  7.428E-01  7.264E-01  6.940E-01
  335.5000  7.349E-01  7.511E-01  7.509E-01  7.345E-01  7.020E-01
  336.5000  5.746E-01  5.873E-01  5.872E-01  5.743E-01  5.490E-01
  337.5000  6.315E-01  6.455E-01  6.453E-01  6.311E-01  6.031E-01
  338.5000  6.647E-01  6.793E-01  6.792E-01  6.644E-01  6.352E-01
  339.5000  7.221E-01  7.379E-01  7.378E-01  7.217E-01  6.902E-01
  340.5000  7.724E-01  7.893E-01  7.891E-01  7.719E-01  7.381E-01
  341.5000  6.849E-01  6.998E-01  6.997E-01  6.845E-01  6.547E-01
  342.5000  7.582E-01  7.747E-01  7.746E-01  7.578E-01  7.249E-01
  343.5000  7.876E-01  8.047E-01  8.045E-01  7.872E-01  7.530E-01
  344.5000  5.520E-01  5.640E-01  5.639E-01  5.517E-01  5.278E-01
  345.5000  7.551E-01  7.714E-01  7.713E-01  7.547E-01  7.222E-01
  346.5000  7.066E-01  7.218E-01  7.217E-01  7.062E-01  6.757E-01
  347.5000  6.900E-01  7.049E-01  7.048E-01  6.897E-01  6.599E-01
  348.5000  7.578E-01  7.741E-01  7.740E-01  7.574E-01  7.249E-01
  349.5000  6.348E-01  6.485E-01  6.483E-01  6.345E-01  6.073E-01
  350.5000  8.884E-01  9.074E-01  9.072E-01  8.879E-01  8.499E-01
  351.5000  7.654E-01  7.818E-01  7.816E-01  7.650E-01  7.323E-01
  352.5000  6.899E-01  7.047E-01  7.045E-01  6.896E-01  6.601E-01
  353.5000  8.300E-01  8.477E-01  8.475E-01  8.296E-01  7.942E-01
  354.5000  8.978E-01  9.169E-01  9.167E-01  8.973E-01  8.592E-01
  355.5000  8.387E-01  8.564E-01  8.563E-01  8.382E-01  8.026E-01
  356.5000  7.779E-01  7.944E-01  7.943E-01  7.775E-01  7.446E-01
  357.5000  6.612E-01  6.752E-01  6.751E-01  6.609E-01  6.329E-01
  358.5000  5.100E-01  5.208E-01  5.207E-01  5.097E-01  4.882E-01
  359.5000  8.579E-01  8.760E-01  8.759E-01  8.575E-01  8.213E-01
  360.5000  7.949E-01  8.116E-01  8.114E-01  7.944E-01  7.610E-01
  361.5000  7.163E-01  7.313E-01  7.312E-01  7.159E-01  6.858E-01
  362.5000  8.407E-01  8.584E-01  8.582E-01  8.403E-01  8.050E-01
  363.5000  7.476E-01  7.632E-01  7.631E-01  7.472E-01  7.158E-01
  364.5000  8.151E-01  8.322E-01  8.320E-01  8.147E-01  7.806E-01
  365.5000  9.929E-01  1.014E+00  1.013E+00  9.923E-01  9.508E-01
  366.5000  1.050E+00  1.072E+00  1.072E+00  1.050E+00  1.006E+00
  367.5000  9.968E-01  1.018E+00  1.017E+00  9.962E-01  9.547E-01
  368.5000  8.753E-01  8.934E-01  8.933E-01  8.748E-01  8.384E-01
  369.5000  1.049E+00  1.071E+00  1.071E+00  1.049E+00  1.005E+00
  370.5000  9.517E-01  9.714E-01  9.713E-01  9.512E-01  9.118E-01
  371.5000  1.089E+00  1.111E+00  1.111E+00  1.088E+00  1.043E+00
  372.5000  8.037E-01  8.203E-01  8.202E-01  8.033E-01  7.701E-01
  373.5000  7.262E-01  7.412E-01  7.410E-01  7.258E-01  6.958E-01
  374.5000  7.967E-01  8.131E-01  8.130E-01  7.963E-01  7.634E-01
  375.5000  8.985E-01  9.170E-01  9.168E-01  8.981E-01  8.610E-01
  376.5000  8.969E-01  9.153E-01  9.152E-01  8.964E-01  8.595E-01
  377.5000  1.068E+00  1.089E+00  1.089E+00  1.067E+00  1.023E+00
  378.5000  1.163E+00  1.187E+00  1.187E+00  1.163E+00  1.115E+00
  379.5000  8.602E-01  8.778E-01  8.777E-01  8.598E-01  8.245E-01
  380.5000  1.034E+00  1.055E+00  1.055E+00  1.034E+00  9.913E-01
  381.5000  9.714E-01  9.912E-01  9.910E-01  9.709E-01  9.312E-01
  382.5000  6.470E-01  6.602E-01  6.601E-01  6.467E-01  6.203E-01
  383.5000  5.680E-01  5.795E-01  5.794E-01  5.677E-01  5.445E-01
  384.5000  8.521E-01  8.694E-01  8.692E-01  8.516E-01  8.169E-01
  385.5000  8.427E-01  8.598E-01  8.596E-01  8.423E-01  8.080E-01
  386.5000  8.587E-01  8.761E-01  8.759E-01  8.582E-01  8.234E-01
  387.5000  7.978E-01  8.139E-01  8.138E-01  7.974E-01  7.650E-01
  388.5000  7.994E-01  8.155E-01  8.154E-01  7.990E-01  7.666E-01
  389.5000  1.008E+00  1.028E+00  1.028E+00  1.007E+00  9.664E-01
  390.5000  9.895E-01  1.009E+00  1.009E+00  9.890E-01  9.490E-01
  391.5000  1.174E+00  1.197E+00  1.197E+00  1.173E+00  1.126E+00
  392.5000  8.797E-01  8.974E-01  8.973E-01  8.793E-01  8.438E-01
  393.5000  3.823E-01  3.900E-01  3.900E-01  3.821E-01  3.668E-01
  394.5000  8.994E-01  9.175E-01  9.173E-01  8.990E-01  8.628E-01
  395.5000  1.157E+00  1.180E+00  1.180E+00  1.156E+00  1.110E+00
  396.5000  6.791E-01  6.927E-01  6.926E-01  6.788E-01  6.515E-01
  397.5000  7.834E-01  7.991E-01  7.990E-01  7.830E-01  7.516E-01
  398.5000  1.346E+00  1.373E+00  1.372E+00  1.345E+00  1.291E+00
  399.5000  1.399E+00  1.427E+00  1.427E+00  1.399E+00  1.343E+00
  400.5000  1.471E+00  1.500E+00  1.500E+00  1.470E+00  1.411E+00
  401.5000  1.513E+00  1.543E+00  1.543E+00  1.512E+00  1.452E+00
  402.5000  1.570E+00  1.601E+00  1.601E+00  1.569E+00  1.507E+00
  403.5000  1.437E+00  1.465E+00  1.465E+00  1.436E+00  1.379E+00
  404.5000  1.409E+00  1.437E+00  1.437E+00  1.408E+00  1.352E+00
  405.5000  1.463E+00  1.492E+00  1.492E+00  1.462E+00  1.404E+00
  406.5000  1.378E+00  1.405E+00  1.405E+00  1.377E+00  1.322E+00
  407.5000  1.389E+00  1.416E+00  1.416E+00  1.388E+00  1.333E+00
  408.5000  1.546E+00  1.577E+00  1.577E+00  1.546E+00  1.484E+00
  409.5000  1.516E+00  1.545E+00  1.545E+00  1.515E+00  1.455E+00
  410.5000  1.314E+00  1.340E+00  1.340E+00  1.313E+00  1.261E+00
  411.5000  1.579E+00  1.610E+00  1.610E+00  1.578E+00  1.516E+00
  412.5000  1.565E+00  1.595E+00  1.595E+00  1.564E+00  1.502E+00
  413.5000  1.517E+00  1.547E+00  1.547E+00  1.516E+00  1.457E+00
  414.5000  1.559E+00  1.590E+00  1.589E+00  1.558E+00  1.497E+00
  415.5000  1.491E+00  1.520E+00  1.520E+00  1.490E+00  1.431E+00
  416.5000  1.622E+00  1.654E+00  1.654E+00  1.621E+00  1.558E+00
  417.5000  1.483E+00  1.512E+00  1.511E+00  1.482E+00  1.424E+00
  418.5000  1.494E+00  1.523E+00  1.523E+00  1.493E+00  1.435E+00
  419.5000  1.543E+00  1.573E+00  1.573E+00  1.542E+00  1.482E+00
------------------------------------------------------------
Dose rates, W m-2
   1 = UV-B, 280-315 nm                                  
   2 = UV-A, 315-400 nm                                  
   3 = Gaussian, 320 nm, 10 nm FWHM                      
   4 = RB Meter, model 501                               
   5 = DNA damage, in vitro (Setlow, 1974)               
   6 = UV index (WMO, 1994; Webb et al., 2011)           
   7 = Previtamin-D3 (CIE 2006)                          
values at z =      0.000 km
Columns: time, sza, weighting spectra
time, hrs.  sza, deg.          1          2          3          4          5          6          7
   11.0000     11.743  2.473E+00  6.537E+01  4.323E-01  7.582E-01  1.055E-02  1.489E+01  7.496E-01
   11.5000      5.380  2.564E+00  6.677E+01  4.432E-01  7.893E-01  1.117E-02  1.555E+01  7.829E-01
   12.0000      5.471  2.564E+00  6.675E+01  4.431E-01  7.890E-01  1.117E-02  1.555E+01  7.827E-01
   12.5000     11.869  2.471E+00  6.534E+01  4.320E-01  7.572E-01  1.052E-02  1.487E+01  7.484E-01
   13.0000     19.019  2.293E+00  6.255E+01  4.101E-01  6.974E-01  9.342E-03  1.361E+01  6.845E-01
------------------------------------------------------------
