Spectral Irradiance, W m-2 nm-1
values at z =      0.000 km
Columns: wavelength (nm), times (hrs.) or sza (deg.)
    wc, nm     11.000     11.500     12.000     12.500     13.000
    sza =      33.423     31.505     30.872     31.602     33.602
  280.5000  6.122E-18  1.340E-17  1.709E-17  1.290E-17  5.667E-18
  281.5000  4.074E-16  8.319E-16  1.038E-15  8.035E-16  3.797E-16
  282.5000  1.026E-14  1.974E-14  2.417E-14  1.912E-14  9.620E-15
  283.5000  7.562E-14  1.399E-13  1.693E-13  1.358E-13  7.117E-14
  284.5000  1.736E-12  2.939E-12  3.541E-12  2.913E-12  1.645E-12
  285.5000  1.103E-11  1.804E-11  2.102E-11  1.762E-11  1.051E-11
  286.5000  2.062E-10  3.239E-10  3.727E-10  3.169E-10  1.972E-10
  287.5000  1.967E-09  2.955E-09  3.352E-09  2.897E-09  1.890E-09
  288.5000  1.714E-08  2.452E-08  2.741E-08  2.410E-08  1.654E-08
  289.5000  1.398E-07  1.932E-07  2.136E-07  1.902E-07  1.354E-07
  290.5000  7.805E-07  1.048E-06  1.148E-06  1.033E-06  7.582E-07
  291.5000  3.579E-06  4.648E-06  5.041E-06  4.590E-06  3.488E-06
  292.5000  1.164E-05  1.471E-05  1.582E-05  1.455E-05  1.137E-05
  293.5000  4.455E-05  5.387E-05  5.857E-05  5.435E-05  4.364E-05
  294.5000  1.055E-04  1.275E-04  1.352E-04  1.263E-04  1.036E-04
  295.5000  3.349E-04  3.961E-04  4.173E-04  3.929E-04  3.294E-04
  296.5000  7.096E-04  8.245E-04  8.639E-04  8.185E-04  6.992E-04
  297.5000  1.612E-03  1.845E-03  1.924E-03  1.833E-03  1.591E-03
  298.5000  2.219E-03  2.506E-03  2.603E-03  2.491E-03  2.193E-03
  299.5000  5.668E-03  6.323E-03  6.543E-03  6.290E-03  5.607E-03
  300.5000  5.896E-03  6.517E-03  6.723E-03  6.485E-03  5.838E-03
  301.5000  1.310E-02  1.434E-02  1.475E-02  1.428E-02  1.299E-02
  302.5000  1.760E-02  1.913E-02  1.963E-02  1.905E-02  1.745E-02
  303.5000  3.279E-02  3.536E-02  3.620E-02  3.523E-02  3.255E-02
  304.5000  3.777E-02  4.055E-02  4.146E-02  4.041E-02  3.751E-02
  305.5000  5.387E-02  5.745E-02  5.861E-02  5.727E-02  5.353E-02
  306.5000  5.818E-02  6.187E-02  6.306E-02  6.168E-02  5.783E-02
  307.5000  8.944E-02  9.458E-02  9.624E-02  9.432E-02  8.895E-02
  308.5000  1.027E-01  1.083E-01  1.101E-01  1.080E-01  1.021E-01
  309.5000  9.436E-02  9.921E-02  1.008E-01  9.896E-02  9.390E-02
  310.5000  1.324E-01  1.389E-01  1.409E-01  1.386E-01  1.318E-01
  311.5000  1.739E-01  1.820E-01  1.846E-01  1.816E-01  1.731E-01
  312.5000  1.757E-01  1.833E-01  1.858E-01  1.829E-01  1.749E-01
  313.5000  2.010E-01  2.096E-01  2.123E-01  2.088E-01  2.002E-01
  314.5000  2.069E-01  2.151E-01  2.178E-01  2.147E-01  2.061E-01
  315.5000  2.148E-01  2.233E-01  2.260E-01  2.228E-01  2.140E-01
  316.5000  2.188E-01  2.270E-01  2.296E-01  2.266E-01  2.180E-01
  317.5000  3.096E-01  3.211E-01  3.248E-01  3.205E-01  3.084E-01
  318.5000  2.485E-01  2.573E-01  2.601E-01  2.568E-01  2.476E-01
  319.5000  3.044E-01  3.151E-01  3.185E-01  3.146E-01  3.034E-01
  320.5000  3.722E-01  3.851E-01  3.892E-01  3.844E-01  3.710E-01
  321.5000  3.218E-01  3.323E-01  3.357E-01  3.318E-01  3.208E-01
  322.5000  3.197E-01  3.306E-01  3.340E-01  3.300E-01  3.186E-01
  323.5000  3.363E-01  3.471E-01  3.505E-01  3.465E-01  3.353E-01
  324.5000  3.945E-01  4.071E-01  4.111E-01  4.065E-01  3.931E-01
  325.5000  4.411E-01  4.553E-01  4.598E-01  4.546E-01  4.397E-01
  326.5000  5.410E-01  5.576E-01  5.629E-01  5.568E-01  5.394E-01
  327.5000  5.018E-01  5.174E-01  5.224E-01  5.166E-01  5.003E-01
  328.5000  4.635E-01  4.778E-01  4.824E-01  4.771E-01  4.618E-01
  329.5000  6.063E-01  6.245E-01  6.303E-01  6.236E-01  6.045E-01
  330.5000  5.493E-01  5.659E-01  5.713E-01  5.651E-01  5.476E-01
  331.5000  5.424E-01  5.589E-01  5.642E-01  5.581E-01  5.408E-01
  332.5000  5.375E-01  5.534E-01  5.585E-01  5.526E-01  5.360E-01
  333.5000  5.038E-01  5.188E-01  5.236E-01  5.181E-01  5.023E-01
  334.5000  5.637E-01  5.804E-01  5.857E-01  5.795E-01  5.620E-01
  335.5000  5.730E-01  5.897E-01  5.951E-01  5.889E-01  5.713E-01
  336.5000  4.476E-01  4.607E-01  4.649E-01  4.600E-01  4.463E-01
  337.5000  4.904E-01  5.048E-01  5.095E-01  5.041E-01  4.890E-01
  338.5000  5.191E-01  5.342E-01  5.390E-01  5.334E-01  5.176E-01
  339.5000  5.645E-01  5.809E-01  5.861E-01  5.800E-01  5.629E-01
  340.5000  6.029E-01  6.204E-01  6.260E-01  6.196E-01  6.012E-01
  341.5000  5.362E-01  5.517E-01  5.566E-01  5.509E-01  5.347E-01
  342.5000  5.942E-01  6.113E-01  6.167E-01  6.104E-01  5.925E-01
  343.5000  6.169E-01  6.346E-01  6.403E-01  6.337E-01  6.151E-01
  344.5000  4.321E-01  4.446E-01  4.485E-01  4.440E-01  4.309E-01
  345.5000  5.928E-01  6.097E-01  6.151E-01  6.089E-01  5.911E-01
  346.5000  5.541E-01  5.700E-01  5.750E-01  5.692E-01  5.525E-01
  347.5000  5.414E-01  5.569E-01  5.618E-01  5.561E-01  5.399E-01
  348.5000  5.952E-01  6.121E-01  6.175E-01  6.113E-01  5.935E-01
  349.5000  4.987E-01  5.129E-01  5.174E-01  5.122E-01  4.973E-01
  350.5000  6.983E-01  7.181E-01  7.244E-01  7.171E-01  6.963E-01
  351.5000  6.017E-01  6.188E-01  6.242E-01  6.179E-01  6.000E-01
  352.5000  5.427E-01  5.580E-01  5.629E-01  5.572E-01  5.412E-01
  353.5000  6.533E-01  6.717E-01  6.776E-01  6.708E-01  6.515E-01
  354.5000  7.070E-01  7.270E-01  7.333E-01  7.260E-01  7.051E-01
  355.5000  6.607E-01  6.793E-01  6.852E-01  6.784E-01  6.589E-01
  356.5000  6.131E-01  6.303E-01  6.358E-01  6.294E-01  6.114E-01
  357.5000  5.213E-01  5.359E-01  5.406E-01  5.352E-01  5.198E-01
  358.5000  4.022E-01  4.135E-01  4.171E-01  4.129E-01  4.011E-01
  359.5000  6.769E-01  6.958E-01  7.018E-01  6.948E-01  6.750E-01
  360.5000  6.273E-01  6.448E-01  6.504E-01  6.440E-01  6.256E-01
  361.5000  5.655E-01  5.813E-01  5.863E-01  5.805E-01  5.640E-01
  362.5000  6.641E-01  6.825E-01  6.884E-01  6.816E-01  6.622E-01
  363.5000  5.907E-01  6.071E-01  6.123E-01  6.063E-01  5.891E-01
  364.5000  6.443E-01  6.622E-01  6.679E-01  6.613E-01  6.425E-01
  365.5000  7.850E-01  8.067E-01  8.137E-01  8.056E-01  7.828E-01
  366.5000  8.307E-01  8.537E-01  8.610E-01  8.525E-01  8.284E-01
  367.5000  7.886E-01  8.104E-01  8.174E-01  8.093E-01  7.865E-01
  368.5000  6.927E-01  7.118E-01  7.179E-01  7.109E-01  6.909E-01
  369.5000  8.308E-01  8.537E-01  8.610E-01  8.526E-01  8.286E-01
  370.5000  7.537E-01  7.745E-01  7.811E-01  7.734E-01  7.517E-01
  371.5000  8.623E-01  8.860E-01  8.936E-01  8.848E-01  8.600E-01
  372.5000  6.369E-01  6.544E-01  6.600E-01  6.535E-01  6.352E-01
  373.5000  5.756E-01  5.914E-01  5.964E-01  5.906E-01  5.741E-01
  374.5000  6.317E-01  6.490E-01  6.545E-01  6.481E-01  6.300E-01
  375.5000  7.127E-01  7.322E-01  7.384E-01  7.312E-01  7.108E-01
  376.5000  7.116E-01  7.310E-01  7.372E-01  7.301E-01  7.097E-01
  377.5000  8.473E-01  8.704E-01  8.778E-01  8.692E-01  8.451E-01
  378.5000  9.234E-01  9.485E-01  9.566E-01  9.473E-01  9.210E-01
  379.5000  6.831E-01  7.017E-01  7.076E-01  7.008E-01  6.813E-01
  380.5000  8.215E-01  8.438E-01  8.509E-01  8.427E-01  8.193E-01
  381.5000  7.719E-01  7.928E-01  7.995E-01  7.917E-01  7.698E-01
  382.5000  5.143E-01  5.282E-01  5.326E-01  5.275E-01  5.129E-01
  383.5000  4.516E-01  4.638E-01  4.677E-01  4.632E-01  4.504E-01
  384.5000  6.776E-01  6.959E-01  7.017E-01  6.950E-01  6.758E-01
  385.5000  6.704E-01  6.884E-01  6.942E-01  6.875E-01  6.686E-01
  386.5000  6.833E-01  7.017E-01  7.075E-01  7.008E-01  6.815E-01
  387.5000  6.350E-01  6.520E-01  6.575E-01  6.512E-01  6.333E-01
  388.5000  6.364E-01  6.535E-01  6.590E-01  6.527E-01  6.347E-01
  389.5000  8.025E-01  8.241E-01  8.309E-01  8.230E-01  8.004E-01
  390.5000  7.882E-01  8.093E-01  8.161E-01  8.083E-01  7.861E-01
  391.5000  9.350E-01  9.601E-01  9.680E-01  9.588E-01  9.326E-01
  392.5000  7.011E-01  7.199E-01  7.259E-01  7.189E-01  6.993E-01
  393.5000  3.048E-01  3.129E-01  3.155E-01  3.125E-01  3.040E-01
  394.5000  7.172E-01  7.363E-01  7.424E-01  7.354E-01  7.153E-01
  395.5000  9.227E-01  9.473E-01  9.552E-01  9.461E-01  9.203E-01
  396.5000  5.418E-01  5.562E-01  5.608E-01  5.555E-01  5.404E-01
  397.5000  6.252E-01  6.418E-01  6.471E-01  6.410E-01  6.236E-01
  398.5000  1.074E+00  1.103E+00  1.112E+00  1.101E+00  1.071E+00
  399.5000  1.117E+00  1.147E+00  1.156E+00  1.145E+00  1.114E+00
  400.5000  1.175E+00  1.206E+00  1.216E+00  1.204E+00  1.172E+00
  401.5000  1.209E+00  1.240E+00  1.251E+00  1.239E+00  1.205E+00
  402.5000  1.255E+00  1.288E+00  1.298E+00  1.286E+00  1.251E+00
  403.5000  1.148E+00  1.179E+00  1.188E+00  1.177E+00  1.145E+00
  404.5000  1.126E+00  1.156E+00  1.165E+00  1.154E+00  1.123E+00
  405.5000  1.170E+00  1.201E+00  1.211E+00  1.199E+00  1.167E+00
  406.5000  1.102E+00  1.131E+00  1.140E+00  1.129E+00  1.099E+00
  407.5000  1.111E+00  1.140E+00  1.149E+00  1.139E+00  1.108E+00
  408.5000  1.237E+00  1.270E+00  1.280E+00  1.268E+00  1.234E+00
  409.5000  1.213E+00  1.245E+00  1.255E+00  1.243E+00  1.210E+00
  410.5000  1.052E+00  1.079E+00  1.088E+00  1.078E+00  1.049E+00
  411.5000  1.264E+00  1.297E+00  1.308E+00  1.296E+00  1.261E+00
  412.5000  1.253E+00  1.286E+00  1.296E+00  1.284E+00  1.250E+00
  413.5000  1.215E+00  1.247E+00  1.257E+00  1.245E+00  1.212E+00
  414.5000  1.249E+00  1.282E+00  1.292E+00  1.280E+00  1.246E+00
  415.5000  1.195E+00  1.226E+00  1.236E+00  1.224E+00  1.192E+00
  416.5000  1.300E+00  1.334E+00  1.345E+00  1.332E+00  1.297E+00
  417.5000  1.189E+00  1.219E+00  1.229E+00  1.218E+00  1.186E+00
  418.5000  1.198E+00  1.229E+00  1.239E+00  1.227E+00  1.195E+00
  419.5000  1.237E+00  1.270E+00  1.280E+00  1.268E+00  1.234E+00
------------------------------------------------------------
Dose rates, W m-2
   1 = UV-B, 280-315 nm                                  
   2 = UV-A, 315-400 nm                                  
   3 = Gaussian, 320 nm, 10 nm FWHM                      
   4 = RB Meter, model 501                               
   5 = DNA damage, in vitro (Setlow, 1974)               
   6 = UV index (WMO, 1994; Webb et al., 2011)           
   7 = Previtamin-D3 (CIE 2006)                          
values at z =      0.000 km
Columns: time, sza, weighting spectra
time, hrs.  sza, deg.          1          2          3          4          5          6          7
   11.0000     33.423  1.406E+00  5.128E+01  3.138E-01  4.024E-01  3.885E-03  7.525E+00  3.641E-01
   11.5000     31.505  1.478E+00  5.273E+01  3.246E-01  4.244E-01  4.186E-03  7.950E+00  3.865E-01
   12.0000     30.872  1.502E+00  5.319E+01  3.281E-01  4.315E-01  4.286E-03  8.088E+00  3.938E-01
   12.5000     31.602  1.474E+00  5.266E+01  3.241E-01  4.232E-01  4.171E-03  7.928E+00  3.854E-01
   13.0000     33.602  1.399E+00  5.113E+01  3.127E-01  4.002E-01  3.857E-03  7.485E+00  3.620E-01
------------------------------------------------------------
