Spectral Irradiance, W m-2 nm-1
values at z =      0.000 km
Columns: wavelength (nm), times (hrs.) or sza (deg.)
    wc, nm     11.000     11.500     12.000     12.500     13.000
    sza =      57.875     57.104     57.117     57.917     59.470
  280.5000  7.062E-25  1.429E-24  1.410E-24  6.823E-25  2.631E-25
  281.5000  1.847E-22  3.651E-22  3.604E-22  1.785E-22  6.576E-23
  282.5000  1.525E-20  2.930E-20  2.895E-20  1.475E-20  5.299E-21
  283.5000  2.437E-19  4.581E-19  4.528E-19  2.358E-19  8.400E-20
  284.5000  2.343E-17  4.194E-17  4.150E-17  2.272E-17  8.192E-18
  285.5000  4.320E-16  7.418E-16  7.346E-16  4.197E-16  1.559E-16
  286.5000  1.836E-14  3.045E-14  3.018E-14  1.787E-14  6.879E-15
  287.5000  4.382E-13  6.970E-13  6.913E-13  4.273E-13  1.735E-13
  288.5000  1.039E-11  1.574E-11  1.563E-11  1.016E-11  4.436E-12
  289.5000  1.735E-10  2.535E-10  2.519E-10  1.699E-10  7.881E-11
  290.5000  1.771E-09  2.509E-09  2.494E-09  1.738E-09  8.521E-10
  291.5000  1.613E-08  2.202E-08  2.190E-08  1.586E-08  8.325E-09
  292.5000  9.198E-08  1.218E-07  1.212E-07  9.057E-08  5.045E-08
  293.5000  5.974E-07  7.678E-07  7.644E-07  5.892E-07  3.479E-07
  294.5000  2.139E-06  2.685E-06  2.675E-06  2.112E-06  1.308E-06
  295.5000  1.054E-05  1.290E-05  1.285E-05  1.042E-05  6.793E-06
  296.5000  3.214E-05  3.852E-05  3.840E-05  3.182E-05  2.167E-05
  297.5000  1.005E-04  1.182E-04  1.179E-04  9.962E-05  7.056E-05
  298.5000  1.810E-04  2.095E-04  2.090E-04  1.795E-04  1.315E-04
  299.5000  5.958E-04  6.793E-04  6.777E-04  5.915E-04  4.472E-04
  300.5000  7.522E-04  8.477E-04  8.460E-04  7.473E-04  5.790E-04
  301.5000  2.063E-03  2.296E-03  2.292E-03  2.051E-03  1.633E-03
  302.5000  3.179E-03  3.508E-03  3.502E-03  3.162E-03  2.562E-03
  303.5000  6.971E-03  7.616E-03  7.605E-03  6.937E-03  5.741E-03
  304.5000  8.817E-03  9.579E-03  9.566E-03  8.777E-03  7.354E-03
  305.5000  1.446E-02  1.558E-02  1.556E-02  1.440E-02  1.229E-02
  306.5000  1.659E-02  1.780E-02  1.778E-02  1.652E-02  1.421E-02
  307.5000  2.861E-02  3.049E-02  3.046E-02  2.851E-02  2.490E-02
  308.5000  3.433E-02  3.648E-02  3.644E-02  3.421E-02  3.005E-02
  309.5000  3.406E-02  3.602E-02  3.599E-02  3.395E-02  3.013E-02
  310.5000  5.048E-02  5.322E-02  5.317E-02  5.034E-02  4.499E-02
  311.5000  6.871E-02  7.227E-02  7.221E-02  6.852E-02  6.154E-02
  312.5000  7.402E-02  7.755E-02  7.748E-02  7.383E-02  6.687E-02
  313.5000  8.601E-02  9.003E-02  8.996E-02  8.580E-02  7.787E-02
  314.5000  9.351E-02  9.755E-02  9.747E-02  9.330E-02  8.530E-02
  315.5000  9.803E-02  1.022E-01  1.021E-01  9.781E-02  8.953E-02
  316.5000  1.042E-01  1.083E-01  1.083E-01  1.040E-01  9.570E-02
  317.5000  1.476E-01  1.534E-01  1.533E-01  1.472E-01  1.356E-01
  318.5000  1.231E-01  1.277E-01  1.276E-01  1.229E-01  1.137E-01
  319.5000  1.521E-01  1.577E-01  1.576E-01  1.518E-01  1.406E-01
  320.5000  1.877E-01  1.945E-01  1.944E-01  1.874E-01  1.738E-01
  321.5000  1.681E-01  1.738E-01  1.737E-01  1.678E-01  1.564E-01
  322.5000  1.628E-01  1.686E-01  1.685E-01  1.625E-01  1.509E-01
  323.5000  1.787E-01  1.846E-01  1.844E-01  1.784E-01  1.666E-01
  324.5000  2.094E-01  2.163E-01  2.162E-01  2.091E-01  1.952E-01
  325.5000  2.331E-01  2.409E-01  2.407E-01  2.327E-01  2.172E-01
  326.5000  2.943E-01  3.035E-01  3.033E-01  2.938E-01  2.752E-01
  327.5000  2.707E-01  2.794E-01  2.792E-01  2.703E-01  2.529E-01
  328.5000  2.503E-01  2.583E-01  2.582E-01  2.499E-01  2.339E-01
  329.5000  3.346E-01  3.448E-01  3.446E-01  3.340E-01  3.135E-01
  330.5000  3.008E-01  3.102E-01  3.100E-01  3.003E-01  2.815E-01
  331.5000  2.968E-01  3.061E-01  3.059E-01  2.963E-01  2.778E-01
  332.5000  2.988E-01  3.078E-01  3.076E-01  2.983E-01  2.802E-01
  333.5000  2.785E-01  2.870E-01  2.869E-01  2.781E-01  2.610E-01
  334.5000  3.129E-01  3.224E-01  3.222E-01  3.124E-01  2.933E-01
  335.5000  3.206E-01  3.301E-01  3.300E-01  3.201E-01  3.009E-01
  336.5000  2.501E-01  2.576E-01  2.575E-01  2.497E-01  2.347E-01
  337.5000  2.730E-01  2.812E-01  2.810E-01  2.725E-01  2.560E-01
  338.5000  2.913E-01  3.000E-01  2.998E-01  2.909E-01  2.735E-01
  339.5000  3.174E-01  3.268E-01  3.266E-01  3.169E-01  2.980E-01
  340.5000  3.384E-01  3.484E-01  3.483E-01  3.379E-01  3.176E-01
  341.5000  3.024E-01  3.112E-01  3.111E-01  3.019E-01  2.840E-01
  342.5000  3.356E-01  3.454E-01  3.452E-01  3.350E-01  3.152E-01
  343.5000  3.482E-01  3.585E-01  3.583E-01  3.477E-01  3.271E-01
  344.5000  2.438E-01  2.510E-01  2.509E-01  2.434E-01  2.290E-01
  345.5000  3.360E-01  3.458E-01  3.456E-01  3.354E-01  3.157E-01
  346.5000  3.136E-01  3.228E-01  3.226E-01  3.131E-01  2.946E-01
  347.5000  3.068E-01  3.158E-01  3.156E-01  3.063E-01  2.883E-01
  348.5000  3.378E-01  3.476E-01  3.475E-01  3.373E-01  3.174E-01
  349.5000  2.833E-01  2.915E-01  2.914E-01  2.828E-01  2.662E-01
  350.5000  3.970E-01  4.086E-01  4.084E-01  3.964E-01  3.732E-01
  351.5000  3.423E-01  3.523E-01  3.521E-01  3.418E-01  3.218E-01
  352.5000  3.091E-01  3.180E-01  3.179E-01  3.086E-01  2.905E-01
  353.5000  3.725E-01  3.833E-01  3.831E-01  3.720E-01  3.502E-01
  354.5000  4.037E-01  4.153E-01  4.151E-01  4.031E-01  3.795E-01
  355.5000  3.775E-01  3.884E-01  3.882E-01  3.770E-01  3.550E-01
  356.5000  3.506E-01  3.607E-01  3.605E-01  3.501E-01  3.297E-01
  357.5000  2.983E-01  3.069E-01  3.068E-01  2.979E-01  2.806E-01
  358.5000  2.304E-01  2.370E-01  2.369E-01  2.301E-01  2.167E-01
  359.5000  3.881E-01  3.992E-01  3.990E-01  3.875E-01  3.650E-01
  360.5000  3.600E-01  3.703E-01  3.701E-01  3.595E-01  3.386E-01
  361.5000  3.248E-01  3.341E-01  3.340E-01  3.243E-01  3.056E-01
  362.5000  3.818E-01  3.927E-01  3.925E-01  3.812E-01  3.592E-01
  363.5000  3.399E-01  3.495E-01  3.494E-01  3.393E-01  3.198E-01
  364.5000  3.710E-01  3.816E-01  3.814E-01  3.704E-01  3.491E-01
  365.5000  4.524E-01  4.652E-01  4.650E-01  4.517E-01  4.257E-01
  366.5000  4.791E-01  4.927E-01  4.925E-01  4.784E-01  4.509E-01
  367.5000  4.552E-01  4.681E-01  4.679E-01  4.546E-01  4.285E-01
  368.5000  4.002E-01  4.115E-01  4.113E-01  3.996E-01  3.767E-01
  369.5000  4.804E-01  4.939E-01  4.937E-01  4.796E-01  4.522E-01
  370.5000  4.361E-01  4.484E-01  4.482E-01  4.355E-01  4.106E-01
  371.5000  4.994E-01  5.134E-01  5.132E-01  4.986E-01  4.701E-01
  372.5000  3.691E-01  3.795E-01  3.793E-01  3.686E-01  3.475E-01
  373.5000  3.339E-01  3.432E-01  3.431E-01  3.334E-01  3.144E-01
  374.5000  3.667E-01  3.770E-01  3.768E-01  3.661E-01  3.453E-01
  375.5000  4.140E-01  4.256E-01  4.254E-01  4.134E-01  3.899E-01
  376.5000  4.137E-01  4.253E-01  4.251E-01  4.131E-01  3.896E-01
  377.5000  4.929E-01  5.067E-01  5.065E-01  4.922E-01  4.643E-01
  378.5000  5.376E-01  5.526E-01  5.524E-01  5.368E-01  5.064E-01
  379.5000  3.980E-01  4.091E-01  4.089E-01  3.974E-01  3.749E-01
  380.5000  4.790E-01  4.923E-01  4.921E-01  4.783E-01  4.512E-01
  381.5000  4.504E-01  4.629E-01  4.627E-01  4.497E-01  4.243E-01
  382.5000  3.003E-01  3.086E-01  3.085E-01  2.998E-01  2.829E-01
  383.5000  2.639E-01  2.712E-01  2.711E-01  2.635E-01  2.486E-01
  384.5000  3.962E-01  4.072E-01  4.070E-01  3.957E-01  3.734E-01
  385.5000  3.923E-01  4.031E-01  4.030E-01  3.917E-01  3.697E-01
  386.5000  4.001E-01  4.112E-01  4.110E-01  3.995E-01  3.771E-01
  387.5000  3.721E-01  3.824E-01  3.822E-01  3.716E-01  3.507E-01
  388.5000  3.732E-01  3.835E-01  3.833E-01  3.727E-01  3.518E-01
  389.5000  4.709E-01  4.839E-01  4.837E-01  4.703E-01  4.439E-01
  390.5000  4.629E-01  4.756E-01  4.754E-01  4.622E-01  4.364E-01
  391.5000  5.495E-01  5.646E-01  5.643E-01  5.487E-01  5.181E-01
  392.5000  4.123E-01  4.236E-01  4.234E-01  4.117E-01  3.888E-01
  393.5000  1.794E-01  1.843E-01  1.842E-01  1.791E-01  1.691E-01
  394.5000  4.223E-01  4.339E-01  4.337E-01  4.217E-01  3.983E-01
  395.5000  5.437E-01  5.586E-01  5.583E-01  5.429E-01  5.128E-01
  396.5000  3.195E-01  3.282E-01  3.281E-01  3.190E-01  3.013E-01
  397.5000  3.689E-01  3.790E-01  3.788E-01  3.684E-01  3.479E-01
  398.5000  6.343E-01  6.516E-01  6.513E-01  6.334E-01  5.983E-01
  399.5000  6.601E-01  6.781E-01  6.778E-01  6.592E-01  6.227E-01
  400.5000  6.945E-01  7.134E-01  7.130E-01  6.935E-01  6.551E-01
  401.5000  7.149E-01  7.344E-01  7.340E-01  7.139E-01  6.745E-01
  402.5000  7.427E-01  7.628E-01  7.625E-01  7.416E-01  7.007E-01
  403.5000  6.802E-01  6.986E-01  6.983E-01  6.792E-01  6.418E-01
  404.5000  6.675E-01  6.856E-01  6.853E-01  6.666E-01  6.299E-01
  405.5000  6.939E-01  7.126E-01  7.123E-01  6.929E-01  6.548E-01
  406.5000  6.539E-01  6.716E-01  6.713E-01  6.530E-01  6.172E-01
  407.5000  6.597E-01  6.775E-01  6.772E-01  6.587E-01  6.226E-01
  408.5000  7.351E-01  7.550E-01  7.546E-01  7.341E-01  6.939E-01
  409.5000  7.211E-01  7.405E-01  7.402E-01  7.201E-01  6.807E-01
  410.5000  6.257E-01  6.425E-01  6.422E-01  6.248E-01  5.907E-01
  411.5000  7.525E-01  7.727E-01  7.724E-01  7.515E-01  7.104E-01
  412.5000  7.463E-01  7.663E-01  7.660E-01  7.452E-01  7.046E-01
  413.5000  7.243E-01  7.437E-01  7.433E-01  7.232E-01  6.838E-01
  414.5000  7.448E-01  7.647E-01  7.644E-01  7.437E-01  7.033E-01
  415.5000  7.128E-01  7.319E-01  7.315E-01  7.118E-01  6.731E-01
  416.5000  7.762E-01  7.969E-01  7.966E-01  7.751E-01  7.330E-01
  417.5000  7.100E-01  7.289E-01  7.286E-01  7.090E-01  6.705E-01
  418.5000  7.160E-01  7.350E-01  7.347E-01  7.149E-01  6.762E-01
  419.5000  7.400E-01  7.597E-01  7.594E-01  7.390E-01  6.990E-01
------------------------------------------------------------
Dose rates, W m-2
   1 = UV-B, 280-315 nm                                  
   2 = UV-A, 315-400 nm                                  
   3 = Gaussian, 320 nm, 10 nm FWHM                      
   4 = RB Meter, model 501                               
   5 = DNA damage, in vitro (Setlow, 1974)               
   6 = UV index (WMO, 1994; Webb et al., 2011)           
   7 = Previtamin-D3 (CIE 2006)                          
values at z =      0.000 km
Columns: time, sza, weighting spectra
time, hrs.  sza, deg.          1          2          3          4          5          6          7
   11.0000     57.875  5.235E-01  2.923E+01  1.585E-01  1.454E-01  9.876E-04  2.728E+00  1.142E-01
   11.5000     57.104  5.519E-01  3.008E+01  1.642E-01  1.533E-01  1.060E-03  2.871E+00  1.214E-01
   12.0000     57.117  5.514E-01  3.006E+01  1.641E-01  1.532E-01  1.058E-03  2.869E+00  1.213E-01
   12.5000     57.917  5.220E-01  2.918E+01  1.582E-01  1.450E-01  9.838E-04  2.720E+00  1.138E-01
   13.0000     59.470  4.667E-01  2.747E+01  1.468E-01  1.297E-01  8.489E-04  2.444E+00  9.984E-02
------------------------------------------------------------
