Spectral Irradiance, W m-2 nm-1
values at z =      0.000 km
Columns: wavelength (nm), times (hrs.) or sza (deg.)
    wc, nm     11.000     11.500     12.000     12.500     13.000
    sza =      17.060      9.731      3.285      6.272     13.429
  280.5000  2.579E-13  5.825E-13  8.156E-13  7.279E-13  4.102E-13
  281.5000  6.547E-12  1.378E-11  1.873E-11  1.688E-11  1.000E-11
  282.5000  7.208E-11  1.426E-10  1.891E-10  1.719E-10  1.063E-10
  283.5000  3.101E-10  5.900E-10  7.696E-10  7.035E-10  4.474E-10
  284.5000  2.674E-09  4.731E-09  5.989E-09  5.529E-09  3.701E-09
  285.5000  8.235E-09  1.381E-08  1.710E-08  1.591E-08  1.105E-08
  286.5000  8.818E-08  1.419E-07  1.728E-07  1.616E-07  1.156E-07
  287.5000  4.533E-07  6.970E-07  8.326E-07  7.840E-07  5.791E-07
  288.5000  2.018E-06  2.953E-06  3.456E-06  3.144E-06  2.506E-06
  289.5000  1.018E-05  1.437E-05  1.657E-05  1.579E-05  1.239E-05
  290.5000  3.793E-05  5.198E-05  5.922E-05  5.666E-05  4.538E-05
  291.5000  1.101E-04  1.458E-04  1.638E-04  1.574E-04  1.291E-04
  292.5000  2.460E-04  3.169E-04  3.519E-04  3.397E-04  2.841E-04
  293.5000  6.613E-04  8.300E-04  9.120E-04  8.834E-04  7.526E-04
  294.5000  1.188E-03  1.461E-03  1.592E-03  1.546E-03  1.336E-03
  295.5000  2.811E-03  3.382E-03  3.652E-03  3.558E-03  3.123E-03
  296.5000  4.666E-03  5.513E-03  5.909E-03  5.772E-03  5.130E-03
  297.5000  8.558E-03  9.954E-03  1.060E-02  1.038E-02  9.326E-03
  298.5000  9.835E-03  1.129E-02  1.195E-02  1.172E-02  1.064E-02
  299.5000  2.119E-02  2.401E-02  2.529E-02  2.485E-02  2.275E-02
  300.5000  1.934E-02  2.171E-02  2.278E-02  2.241E-02  2.065E-02
  301.5000  3.733E-02  4.146E-02  4.330E-02  4.267E-02  3.962E-02
  302.5000  4.568E-02  5.038E-02  5.248E-02  5.176E-02  4.829E-02
  303.5000  7.629E-02  8.346E-02  8.665E-02  8.556E-02  8.028E-02
  304.5000  8.248E-02  8.981E-02  9.306E-02  9.195E-02  8.657E-02
  305.5000  1.071E-01  1.158E-01  1.197E-01  1.184E-01  1.120E-01
  306.5000  1.111E-01  1.198E-01  1.236E-01  1.223E-01  1.159E-01
  307.5000  1.581E-01  1.694E-01  1.744E-01  1.704E-01  1.644E-01
  308.5000  1.761E-01  1.883E-01  1.936E-01  1.918E-01  1.829E-01
  309.5000  1.538E-01  1.639E-01  1.673E-01  1.668E-01  1.594E-01
  310.5000  2.081E-01  2.211E-01  2.268E-01  2.249E-01  2.154E-01
  311.5000  2.667E-01  2.829E-01  2.899E-01  2.875E-01  2.758E-01
  312.5000  2.582E-01  2.730E-01  2.794E-01  2.772E-01  2.665E-01
  313.5000  2.924E-01  3.088E-01  3.160E-01  3.135E-01  3.016E-01
  314.5000  2.902E-01  3.057E-01  3.124E-01  3.101E-01  2.988E-01
  315.5000  2.993E-01  3.151E-01  3.220E-01  3.196E-01  3.082E-01
  316.5000  2.964E-01  3.114E-01  3.179E-01  3.157E-01  3.048E-01
  317.5000  4.191E-01  4.403E-01  4.494E-01  4.463E-01  4.298E-01
  318.5000  3.279E-01  3.438E-01  3.506E-01  3.483E-01  3.368E-01
  319.5000  3.996E-01  4.187E-01  4.270E-01  4.242E-01  4.103E-01
  320.5000  4.855E-01  5.085E-01  5.184E-01  5.150E-01  4.984E-01
  321.5000  4.099E-01  4.286E-01  4.366E-01  4.339E-01  4.204E-01
  322.5000  4.144E-01  4.338E-01  4.422E-01  4.393E-01  4.252E-01
  323.5000  4.238E-01  4.426E-01  4.508E-01  4.480E-01  4.344E-01
  324.5000  4.974E-01  5.195E-01  5.291E-01  5.258E-01  5.098E-01
  325.5000  5.579E-01  5.829E-01  5.937E-01  5.900E-01  5.719E-01
  326.5000  6.712E-01  7.002E-01  7.128E-01  7.085E-01  6.875E-01
  327.5000  6.261E-01  6.535E-01  6.653E-01  6.612E-01  6.415E-01
  328.5000  5.780E-01  6.031E-01  6.140E-01  6.103E-01  5.916E-01
  329.5000  7.453E-01  7.769E-01  7.906E-01  7.859E-01  7.631E-01
  330.5000  6.789E-01  7.080E-01  7.205E-01  7.162E-01  6.952E-01
  331.5000  6.710E-01  6.997E-01  7.121E-01  7.079E-01  6.871E-01
  332.5000  6.581E-01  6.857E-01  6.976E-01  6.935E-01  6.735E-01
  333.5000  6.192E-01  6.454E-01  6.566E-01  6.528E-01  6.339E-01
  334.5000  6.911E-01  7.200E-01  7.326E-01  7.283E-01  7.073E-01
  335.5000  6.989E-01  7.279E-01  7.404E-01  7.361E-01  7.152E-01
  336.5000  5.465E-01  5.693E-01  5.791E-01  5.757E-01  5.593E-01
  337.5000  6.006E-01  6.257E-01  6.365E-01  6.328E-01  6.147E-01
  338.5000  6.324E-01  6.585E-01  6.698E-01  6.659E-01  6.471E-01
  339.5000  6.871E-01  7.154E-01  7.276E-01  7.234E-01  7.029E-01
  340.5000  7.349E-01  7.652E-01  7.783E-01  7.738E-01  7.519E-01
  341.5000  6.518E-01  6.785E-01  6.900E-01  6.861E-01  6.668E-01
  342.5000  7.217E-01  7.512E-01  7.639E-01  7.596E-01  7.382E-01
  343.5000  7.497E-01  7.803E-01  7.935E-01  7.890E-01  7.669E-01
  344.5000  5.255E-01  5.470E-01  5.563E-01  5.531E-01  5.376E-01
  345.5000  7.189E-01  7.481E-01  7.607E-01  7.564E-01  7.353E-01
  346.5000  6.728E-01  7.001E-01  7.119E-01  7.079E-01  6.881E-01
  347.5000  6.571E-01  6.837E-01  6.952E-01  6.913E-01  6.720E-01
  348.5000  7.217E-01  7.509E-01  7.635E-01  7.592E-01  7.381E-01
  349.5000  6.047E-01  6.291E-01  6.396E-01  6.360E-01  6.184E-01
  350.5000  8.462E-01  8.804E-01  8.951E-01  8.901E-01  8.654E-01
  351.5000  7.292E-01  7.585E-01  7.712E-01  7.669E-01  7.456E-01
  352.5000  6.573E-01  6.837E-01  6.952E-01  6.913E-01  6.721E-01
  353.5000  7.909E-01  8.226E-01  8.363E-01  8.316E-01  8.087E-01
  354.5000  8.555E-01  8.898E-01  9.046E-01  8.995E-01  8.748E-01
  355.5000  7.992E-01  8.312E-01  8.450E-01  8.403E-01  8.172E-01
  356.5000  7.415E-01  7.710E-01  7.838E-01  7.795E-01  7.581E-01
  357.5000  6.303E-01  6.554E-01  6.662E-01  6.625E-01  6.444E-01
  358.5000  4.862E-01  5.055E-01  5.139E-01  5.110E-01  4.970E-01
  359.5000  8.179E-01  8.504E-01  8.644E-01  8.596E-01  8.361E-01
  360.5000  7.579E-01  7.879E-01  8.009E-01  7.965E-01  7.747E-01
  361.5000  6.830E-01  7.100E-01  7.217E-01  7.177E-01  6.982E-01
  362.5000  8.017E-01  8.334E-01  8.471E-01  8.424E-01  8.195E-01
  363.5000  7.129E-01  7.411E-01  7.532E-01  7.491E-01  7.287E-01
  364.5000  7.775E-01  8.081E-01  8.214E-01  8.168E-01  7.947E-01
  365.5000  9.471E-01  9.843E-01  1.000E+00  9.949E-01  9.680E-01
  366.5000  1.002E+00  1.041E+00  1.058E+00  1.052E+00  1.024E+00
  367.5000  9.510E-01  9.883E-01  1.004E+00  9.989E-01  9.719E-01
  368.5000  8.351E-01  8.678E-01  8.820E-01  8.771E-01  8.535E-01
  369.5000  1.001E+00  1.041E+00  1.057E+00  1.052E+00  1.023E+00
  370.5000  9.082E-01  9.437E-01  9.590E-01  9.538E-01  9.281E-01
  371.5000  1.039E+00  1.079E+00  1.097E+00  1.091E+00  1.062E+00
  372.5000  7.671E-01  7.970E-01  8.099E-01  8.055E-01  7.839E-01
  373.5000  6.932E-01  7.201E-01  7.318E-01  7.278E-01  7.083E-01
  374.5000  7.605E-01  7.901E-01  8.028E-01  7.985E-01  7.771E-01
  375.5000  8.578E-01  8.911E-01  9.054E-01  9.005E-01  8.765E-01
  376.5000  8.563E-01  8.895E-01  9.038E-01  8.989E-01  8.749E-01
  377.5000  1.019E+00  1.059E+00  1.076E+00  1.070E+00  1.042E+00
  378.5000  1.111E+00  1.154E+00  1.172E+00  1.166E+00  1.135E+00
  379.5000  8.215E-01  8.532E-01  8.669E-01  8.622E-01  8.393E-01
  380.5000  9.877E-01  1.026E+00  1.042E+00  1.037E+00  1.009E+00
  381.5000  9.278E-01  9.635E-01  9.789E-01  9.737E-01  9.479E-01
  382.5000  6.181E-01  6.418E-01  6.521E-01  6.486E-01  6.314E-01
  383.5000  5.426E-01  5.634E-01  5.724E-01  5.693E-01  5.543E-01
  384.5000  8.140E-01  8.452E-01  8.587E-01  8.541E-01  8.315E-01
  385.5000  8.051E-01  8.360E-01  8.493E-01  8.447E-01  8.224E-01
  386.5000  8.205E-01  8.519E-01  8.654E-01  8.608E-01  8.381E-01
  387.5000  7.623E-01  7.914E-01  8.040E-01  7.997E-01  7.787E-01
  388.5000  7.639E-01  7.931E-01  8.056E-01  8.013E-01  7.803E-01
  389.5000  9.631E-01  9.998E-01  1.016E+00  1.010E+00  9.837E-01
  390.5000  9.457E-01  9.817E-01  9.973E-01  9.920E-01  9.659E-01
  391.5000  1.122E+00  1.164E+00  1.183E+00  1.176E+00  1.146E+00
  392.5000  8.409E-01  8.729E-01  8.866E-01  8.819E-01  8.589E-01
  393.5000  3.655E-01  3.794E-01  3.854E-01  3.833E-01  3.733E-01
  394.5000  8.599E-01  8.925E-01  9.065E-01  9.017E-01  8.782E-01
  395.5000  1.106E+00  1.148E+00  1.166E+00  1.160E+00  1.130E+00
  396.5000  6.494E-01  6.739E-01  6.845E-01  6.809E-01  6.631E-01
  397.5000  7.491E-01  7.774E-01  7.896E-01  7.855E-01  7.650E-01
  398.5000  1.287E+00  1.336E+00  1.356E+00  1.349E+00  1.314E+00
  399.5000  1.338E+00  1.389E+00  1.411E+00  1.403E+00  1.367E+00
  400.5000  1.407E+00  1.460E+00  1.483E+00  1.475E+00  1.437E+00
  401.5000  1.447E+00  1.501E+00  1.525E+00  1.517E+00  1.478E+00
  402.5000  1.502E+00  1.558E+00  1.583E+00  1.574E+00  1.534E+00
  403.5000  1.375E+00  1.426E+00  1.448E+00  1.441E+00  1.403E+00
  404.5000  1.348E+00  1.398E+00  1.420E+00  1.413E+00  1.376E+00
  405.5000  1.400E+00  1.452E+00  1.475E+00  1.467E+00  1.429E+00
  406.5000  1.318E+00  1.368E+00  1.389E+00  1.382E+00  1.346E+00
  407.5000  1.329E+00  1.379E+00  1.400E+00  1.393E+00  1.357E+00
  408.5000  1.480E+00  1.535E+00  1.559E+00  1.551E+00  1.511E+00
  409.5000  1.450E+00  1.504E+00  1.528E+00  1.520E+00  1.481E+00
  410.5000  1.258E+00  1.304E+00  1.325E+00  1.318E+00  1.284E+00
  411.5000  1.511E+00  1.567E+00  1.592E+00  1.583E+00  1.543E+00
  412.5000  1.498E+00  1.553E+00  1.577E+00  1.569E+00  1.529E+00
  413.5000  1.452E+00  1.506E+00  1.529E+00  1.521E+00  1.482E+00
  414.5000  1.492E+00  1.548E+00  1.572E+00  1.563E+00  1.523E+00
  415.5000  1.427E+00  1.480E+00  1.503E+00  1.495E+00  1.457E+00
  416.5000  1.553E+00  1.610E+00  1.635E+00  1.627E+00  1.585E+00
  417.5000  1.419E+00  1.472E+00  1.495E+00  1.487E+00  1.449E+00
  418.5000  1.430E+00  1.483E+00  1.506E+00  1.498E+00  1.460E+00
  419.5000  1.477E+00  1.532E+00  1.555E+00  1.547E+00  1.508E+00
------------------------------------------------------------
Dose rates, W m-2
   1 = UV-B, 280-315 nm                                  
   2 = UV-A, 315-400 nm                                  
   3 = Gaussian, 320 nm, 10 nm FWHM                      
   4 = RB Meter, model 501                               
   5 = DNA damage, in vitro (Setlow, 1974)               
   6 = UV index (WMO, 1994; Webb et al., 2011)           
   7 = Previtamin-D3 (CIE 2006)                          
values at z =      0.000 km
Columns: time, sza, weighting spectra
time, hrs.  sza, deg.          1          2          3          4          5          6          7
   11.0000     17.060  2.332E+00  6.232E+01  4.099E-01  7.140E-01  9.863E-03  1.401E+01  7.047E-01
   11.5000      9.731  2.492E+00  6.482E+01  4.294E-01  7.685E-01  1.097E-02  1.517E+01  7.632E-01
   12.0000      3.285  2.562E+00  6.590E+01  4.379E-01  7.925E-01  1.148E-02  1.568E+01  7.889E-01
   12.5000      6.272  2.536E+00  6.553E+01  4.350E-01  7.837E-01  1.130E-02  1.550E+01  7.792E-01
   13.0000     13.429  2.422E+00  6.372E+01  4.208E-01  7.443E-01  1.048E-02  1.465E+01  7.373E-01
------------------------------------------------------------
