Spectral Irradiance, W m-2 nm-1
values at z =      0.000 km
Columns: wavelength (nm), times (hrs.) or sza (deg.)
    wc, nm     11.000     11.500     12.000     12.500     13.000
    sza =      57.816     56.924     56.905     57.758     59.448
  280.5000  8.336E-22  1.812E-21  1.845E-21  8.738E-22  2.841E-22
  281.5000  1.161E-19  2.423E-19  2.464E-19  1.215E-19  3.911E-20
  282.5000  5.555E-18  1.112E-17  1.130E-17  5.801E-18  1.883E-18
  283.5000  6.214E-17  1.209E-16  1.227E-16  6.480E-17  2.132E-17
  284.5000  3.102E-15  5.686E-15  5.764E-15  3.224E-15  1.115E-15
  285.5000  3.512E-14  6.136E-14  6.213E-14  3.640E-14  1.327E-14
  286.5000  1.024E-12  1.722E-12  1.742E-12  1.059E-12  4.061E-13
  287.5000  1.606E-11  2.582E-11  2.609E-11  1.657E-11  6.783E-12
  288.5000  2.410E-10  3.680E-10  3.714E-10  2.477E-10  1.101E-10
  289.5000  2.897E-09  4.261E-09  4.297E-09  2.971E-09  1.408E-09
  290.5000  2.244E-08  3.195E-08  3.219E-08  2.296E-08  1.152E-08
  291.5000  1.493E-07  2.047E-07  2.061E-07  1.524E-07  8.184E-08
  292.5000  6.579E-07  8.744E-07  8.799E-07  6.703E-07  3.816E-07
  293.5000  3.353E-06  4.325E-06  4.349E-06  3.409E-06  2.054E-06
  294.5000  9.927E-06  1.251E-05  1.257E-05  1.008E-05  6.355E-06
  295.5000  3.996E-05  4.910E-05  4.932E-05  4.051E-05  2.684E-05
  296.5000  1.031E-04  1.240E-04  1.245E-04  1.043E-04  7.205E-05
  297.5000  2.782E-04  3.284E-04  3.296E-04  2.813E-04  2.016E-04
  298.5000  4.425E-04  5.142E-04  5.159E-04  4.469E-04  3.306E-04
  299.5000  1.296E-03  1.483E-03  1.488E-03  1.308E-03  9.967E-04
  300.5000  1.496E-03  1.693E-03  1.697E-03  1.508E-03  1.177E-03
  301.5000  3.724E-03  4.161E-03  4.171E-03  3.752E-03  3.002E-03
  302.5000  5.385E-03  5.966E-03  5.980E-03  5.421E-03  4.411E-03
  303.5000  1.095E-02  1.202E-02  1.204E-02  1.102E-02  9.146E-03
  304.5000  1.327E-02  1.447E-02  1.450E-02  1.335E-02  1.120E-02
  305.5000  2.041E-02  2.208E-02  2.211E-02  2.052E-02  1.752E-02
  306.5000  2.277E-02  2.454E-02  2.458E-02  2.288E-02  1.969E-02
  307.5000  3.726E-02  3.988E-02  3.994E-02  3.743E-02  3.267E-02
  308.5000  4.381E-02  4.676E-02  4.682E-02  4.400E-02  3.861E-02
  309.5000  4.199E-02  4.460E-02  4.466E-02  4.215E-02  3.734E-02
  310.5000  6.072E-02  6.428E-02  6.436E-02  6.095E-02  5.436E-02
  311.5000  8.131E-02  8.589E-02  8.600E-02  8.160E-02  7.311E-02
  312.5000  8.509E-02  8.953E-02  8.963E-02  8.538E-02  7.710E-02
  313.5000  9.820E-02  1.032E-01  1.033E-01  9.852E-02  8.914E-02
  314.5000  1.042E-01  1.091E-01  1.092E-01  1.045E-01  9.519E-02
  315.5000  1.087E-01  1.139E-01  1.140E-01  1.091E-01  9.948E-02
  316.5000  1.134E-01  1.184E-01  1.185E-01  1.137E-01  1.043E-01
  317.5000  1.605E-01  1.676E-01  1.678E-01  1.610E-01  1.476E-01
  318.5000  1.316E-01  1.371E-01  1.373E-01  1.320E-01  1.216E-01
  319.5000  1.620E-01  1.687E-01  1.689E-01  1.625E-01  1.499E-01
  320.5000  1.992E-01  2.073E-01  2.075E-01  1.997E-01  1.844E-01
  321.5000  1.755E-01  1.823E-01  1.824E-01  1.760E-01  1.632E-01
  322.5000  1.721E-01  1.790E-01  1.791E-01  1.725E-01  1.595E-01
  323.5000  1.853E-01  1.922E-01  1.924E-01  1.857E-01  1.726E-01
  324.5000  2.173E-01  2.254E-01  2.256E-01  2.178E-01  2.024E-01
  325.5000  2.425E-01  2.516E-01  2.518E-01  2.431E-01  2.257E-01
  326.5000  3.021E-01  3.129E-01  3.132E-01  3.028E-01  2.822E-01
  327.5000  2.791E-01  2.893E-01  2.895E-01  2.797E-01  2.605E-01
  328.5000  2.580E-01  2.674E-01  2.676E-01  2.586E-01  2.408E-01
  329.5000  3.415E-01  3.535E-01  3.538E-01  3.423E-01  3.196E-01
  330.5000  3.083E-01  3.192E-01  3.195E-01  3.090E-01  2.882E-01
  331.5000  3.044E-01  3.153E-01  3.155E-01  3.051E-01  2.845E-01
  332.5000  3.043E-01  3.148E-01  3.151E-01  3.050E-01  2.850E-01
  333.5000  2.845E-01  2.944E-01  2.947E-01  2.851E-01  2.662E-01
  334.5000  3.191E-01  3.302E-01  3.305E-01  3.198E-01  2.988E-01
  335.5000  3.259E-01  3.370E-01  3.373E-01  3.266E-01  3.054E-01
  336.5000  2.545E-01  2.632E-01  2.634E-01  2.551E-01  2.385E-01
  337.5000  2.783E-01  2.880E-01  2.882E-01  2.790E-01  2.607E-01
  338.5000  2.960E-01  3.062E-01  3.064E-01  2.967E-01  2.775E-01
  339.5000  3.224E-01  3.334E-01  3.336E-01  3.231E-01  3.023E-01
  340.5000  3.441E-01  3.559E-01  3.562E-01  3.449E-01  3.226E-01
  341.5000  3.069E-01  3.173E-01  3.176E-01  3.076E-01  2.879E-01
  342.5000  3.405E-01  3.520E-01  3.523E-01  3.413E-01  3.194E-01
  343.5000  3.536E-01  3.656E-01  3.658E-01  3.544E-01  3.316E-01
  344.5000  2.477E-01  2.561E-01  2.563E-01  2.483E-01  2.323E-01
  345.5000  3.408E-01  3.522E-01  3.525E-01  3.415E-01  3.198E-01
  346.5000  3.184E-01  3.292E-01  3.294E-01  3.191E-01  2.987E-01
  347.5000  3.114E-01  3.219E-01  3.222E-01  3.121E-01  2.922E-01
  348.5000  3.428E-01  3.543E-01  3.546E-01  3.435E-01  3.217E-01
  349.5000  2.875E-01  2.971E-01  2.973E-01  2.881E-01  2.698E-01
  350.5000  4.029E-01  4.164E-01  4.167E-01  4.038E-01  3.781E-01
  351.5000  3.474E-01  3.590E-01  3.593E-01  3.482E-01  3.261E-01
  352.5000  3.136E-01  3.241E-01  3.243E-01  3.143E-01  2.944E-01
  353.5000  3.779E-01  3.905E-01  3.908E-01  3.788E-01  3.548E-01
  354.5000  4.095E-01  4.231E-01  4.234E-01  4.103E-01  3.844E-01
  355.5000  3.829E-01  3.957E-01  3.960E-01  3.838E-01  3.596E-01
  356.5000  3.556E-01  3.674E-01  3.677E-01  3.564E-01  3.339E-01
  357.5000  3.026E-01  3.126E-01  3.129E-01  3.033E-01  2.842E-01
  358.5000  2.337E-01  2.415E-01  2.416E-01  2.342E-01  2.195E-01
  359.5000  3.936E-01  4.066E-01  4.069E-01  3.945E-01  3.697E-01
  360.5000  3.651E-01  3.772E-01  3.774E-01  3.659E-01  3.429E-01
  361.5000  3.294E-01  3.403E-01  3.405E-01  3.301E-01  3.095E-01
  362.5000  3.872E-01  3.999E-01  4.002E-01  3.880E-01  3.637E-01
  363.5000  3.446E-01  3.560E-01  3.562E-01  3.454E-01  3.238E-01
  364.5000  3.762E-01  3.886E-01  3.889E-01  3.770E-01  3.535E-01
  365.5000  4.587E-01  4.738E-01  4.741E-01  4.597E-01  4.310E-01
  366.5000  4.858E-01  5.018E-01  5.021E-01  4.869E-01  4.566E-01
  367.5000  4.616E-01  4.767E-01  4.771E-01  4.626E-01  4.338E-01
  368.5000  4.058E-01  4.191E-01  4.194E-01  4.067E-01  3.814E-01
  369.5000  4.871E-01  5.030E-01  5.034E-01  4.881E-01  4.578E-01
  370.5000  4.422E-01  4.566E-01  4.570E-01  4.432E-01  4.157E-01
  371.5000  5.063E-01  5.228E-01  5.232E-01  5.074E-01  4.760E-01
  372.5000  3.743E-01  3.864E-01  3.867E-01  3.751E-01  3.519E-01
  373.5000  3.385E-01  3.495E-01  3.498E-01  3.392E-01  3.183E-01
  374.5000  3.718E-01  3.838E-01  3.841E-01  3.726E-01  3.496E-01
  375.5000  4.197E-01  4.334E-01  4.337E-01  4.206E-01  3.947E-01
  376.5000  4.194E-01  4.330E-01  4.333E-01  4.203E-01  3.944E-01
  377.5000  4.998E-01  5.159E-01  5.163E-01  5.008E-01  4.701E-01
  378.5000  5.451E-01  5.627E-01  5.631E-01  5.462E-01  5.127E-01
  379.5000  4.035E-01  4.165E-01  4.168E-01  4.044E-01  3.796E-01
  380.5000  4.856E-01  5.013E-01  5.016E-01  4.866E-01  4.568E-01
  381.5000  4.566E-01  4.713E-01  4.716E-01  4.576E-01  4.296E-01
  382.5000  3.045E-01  3.142E-01  3.145E-01  3.051E-01  2.865E-01
  383.5000  2.675E-01  2.761E-01  2.763E-01  2.681E-01  2.517E-01
  384.5000  4.017E-01  4.146E-01  4.149E-01  4.026E-01  3.780E-01
  385.5000  3.977E-01  4.105E-01  4.107E-01  3.986E-01  3.743E-01
  386.5000  4.057E-01  4.186E-01  4.189E-01  4.065E-01  3.818E-01
  387.5000  3.773E-01  3.893E-01  3.896E-01  3.780E-01  3.551E-01
  388.5000  3.784E-01  3.905E-01  3.907E-01  3.792E-01  3.561E-01
  389.5000  4.775E-01  4.927E-01  4.930E-01  4.785E-01  4.494E-01
  390.5000  4.693E-01  4.842E-01  4.845E-01  4.703E-01  4.418E-01
  391.5000  5.571E-01  5.748E-01  5.752E-01  5.582E-01  5.245E-01
  392.5000  4.180E-01  4.313E-01  4.316E-01  4.189E-01  3.936E-01
  393.5000  1.818E-01  1.876E-01  1.877E-01  1.822E-01  1.712E-01
  394.5000  4.282E-01  4.417E-01  4.420E-01  4.291E-01  4.032E-01
  395.5000  5.512E-01  5.687E-01  5.691E-01  5.524E-01  5.191E-01
  396.5000  3.239E-01  3.341E-01  3.344E-01  3.246E-01  3.050E-01
  397.5000  3.740E-01  3.858E-01  3.861E-01  3.748E-01  3.522E-01
  398.5000  6.430E-01  6.633E-01  6.638E-01  6.444E-01  6.057E-01
  399.5000  6.693E-01  6.903E-01  6.908E-01  6.707E-01  6.304E-01
  400.5000  7.041E-01  7.262E-01  7.267E-01  7.055E-01  6.632E-01
  401.5000  7.248E-01  7.476E-01  7.481E-01  7.263E-01  6.828E-01
  402.5000  7.529E-01  7.766E-01  7.771E-01  7.545E-01  7.094E-01
  403.5000  6.896E-01  7.112E-01  7.117E-01  6.910E-01  6.498E-01
  404.5000  6.768E-01  6.979E-01  6.984E-01  6.782E-01  6.377E-01
  405.5000  7.035E-01  7.254E-01  7.259E-01  7.049E-01  6.629E-01
  406.5000  6.630E-01  6.837E-01  6.841E-01  6.643E-01  6.248E-01
  407.5000  6.688E-01  6.897E-01  6.901E-01  6.702E-01  6.303E-01
  408.5000  7.453E-01  7.685E-01  7.690E-01  7.468E-01  7.025E-01
  409.5000  7.311E-01  7.538E-01  7.543E-01  7.326E-01  6.891E-01
  410.5000  6.344E-01  6.541E-01  6.545E-01  6.356E-01  5.980E-01
  411.5000  7.629E-01  7.866E-01  7.871E-01  7.645E-01  7.192E-01
  412.5000  7.566E-01  7.801E-01  7.806E-01  7.581E-01  7.133E-01
  413.5000  7.343E-01  7.570E-01  7.575E-01  7.357E-01  6.923E-01
  414.5000  7.551E-01  7.785E-01  7.790E-01  7.566E-01  7.120E-01
  415.5000  7.226E-01  7.450E-01  7.455E-01  7.241E-01  6.814E-01
  416.5000  7.869E-01  8.112E-01  8.118E-01  7.885E-01  7.421E-01
  417.5000  7.198E-01  7.420E-01  7.425E-01  7.213E-01  6.788E-01
  418.5000  7.259E-01  7.482E-01  7.487E-01  7.273E-01  6.846E-01
  419.5000  7.502E-01  7.733E-01  7.738E-01  7.518E-01  7.076E-01
------------------------------------------------------------
Dose rates, W m-2
   1 = UV-B, 280-315 nm                                  
   2 = UV-A, 315-400 nm                                  
   3 = Gaussian, 320 nm, 10 nm FWHM                      
   4 = RB Meter, model 501                               
   5 = DNA damage, in vitro (Setlow, 1974)               
   6 = UV index (WMO, 1994; Webb et al., 2011)           
   7 = Previtamin-D3 (CIE 2006)                          
values at z =      0.000 km
Columns: time, sza, weighting spectra
time, hrs.  sza, deg.          1          2          3          4          5          6          7
   11.0000     57.816  6.327E-01  2.975E+01  1.680E-01  1.768E-01  1.384E-03  3.294E+00  1.482E-01
   11.5000     56.924  6.707E-01  3.075E+01  1.748E-01  1.878E-01  1.501E-03  3.496E+00  1.587E-01
   12.0000     56.905  6.716E-01  3.077E+01  1.750E-01  1.880E-01  1.504E-03  3.501E+00  1.590E-01
   12.5000     57.758  6.352E-01  2.982E+01  1.684E-01  1.775E-01  1.391E-03  3.307E+00  1.489E-01
   13.0000     59.448  5.653E-01  2.792E+01  1.556E-01  1.576E-01  1.186E-03  2.939E+00  1.298E-01
------------------------------------------------------------
