Spectral Irradiance, W m-2 nm-1
values at z =      0.000 km
Columns: wavelength (nm), times (hrs.) or sza (deg.)
    wc, nm     11.000     11.500     12.000     12.500     13.000
    sza =      64.532     64.246     64.242     64.517     65.063
  280.5000  1.575E-16  1.647E-16  1.649E-16  1.578E-16  1.457E-16
  281.5000  5.434E-15  5.710E-15  5.714E-15  5.448E-15  4.993E-15
  282.5000  7.907E-14  8.351E-14  8.359E-14  7.930E-14  7.208E-14
  283.5000  4.106E-13  4.354E-13  4.359E-13  4.118E-13  3.717E-13
  284.5000  5.223E-12  5.591E-12  5.597E-12  5.242E-12  4.655E-12
  285.5000  2.218E-11  2.393E-11  2.396E-11  2.227E-11  1.949E-11
  286.5000  3.116E-10  3.382E-10  3.386E-10  3.130E-10  2.707E-10
  287.5000  2.244E-09  2.449E-09  2.452E-09  2.254E-09  1.926E-09
  288.5000  1.508E-08  1.651E-08  1.654E-08  1.515E-08  1.282E-08
  289.5000  1.048E-07  1.148E-07  1.150E-07  1.053E-07  8.883E-08
  290.5000  5.210E-07  5.701E-07  5.709E-07  5.235E-07  4.418E-07
  291.5000  2.141E-06  2.335E-06  2.338E-06  2.151E-06  1.825E-06
  292.5000  6.451E-06  7.003E-06  7.012E-06  6.479E-06  5.536E-06
  293.5000  2.323E-05  2.508E-05  2.511E-05  2.333E-05  2.012E-05
  294.5000  5.274E-05  5.666E-05  5.673E-05  5.295E-05  4.609E-05
  295.5000  1.611E-04  1.721E-04  1.722E-04  1.617E-04  1.423E-04
  296.5000  3.318E-04  3.524E-04  3.527E-04  3.328E-04  2.960E-04
  297.5000  7.372E-04  7.791E-04  7.798E-04  7.394E-04  6.640E-04
  298.5000  9.972E-04  1.049E-03  1.050E-03  1.000E-03  9.058E-04
  299.5000  2.511E-03  2.630E-03  2.632E-03  2.517E-03  2.299E-03
  300.5000  2.584E-03  2.697E-03  2.699E-03  2.590E-03  2.382E-03
  301.5000  5.687E-03  5.913E-03  5.917E-03  5.699E-03  5.280E-03
  302.5000  7.587E-03  7.869E-03  7.874E-03  7.602E-03  7.079E-03
  303.5000  1.405E-02  1.453E-02  1.453E-02  1.407E-02  1.318E-02
  304.5000  1.612E-02  1.664E-02  1.665E-02  1.615E-02  1.518E-02
  305.5000  2.291E-02  2.358E-02  2.359E-02  2.294E-02  2.168E-02
  306.5000  2.470E-02  2.539E-02  2.540E-02  2.473E-02  2.343E-02
  307.5000  3.788E-02  3.886E-02  3.888E-02  3.794E-02  3.610E-02
  308.5000  4.345E-02  4.453E-02  4.455E-02  4.351E-02  4.147E-02
  309.5000  3.991E-02  4.084E-02  4.086E-02  3.996E-02  3.821E-02
  310.5000  5.600E-02  5.724E-02  5.726E-02  5.606E-02  5.372E-02
  311.5000  7.351E-02  7.509E-02  7.512E-02  7.360E-02  7.062E-02
  312.5000  7.427E-02  7.576E-02  7.579E-02  7.435E-02  7.152E-02
  313.5000  8.498E-02  8.667E-02  8.670E-02  8.508E-02  8.188E-02
  314.5000  8.748E-02  8.911E-02  8.914E-02  8.757E-02  8.447E-02
  315.5000  9.085E-02  9.253E-02  9.256E-02  9.095E-02  8.776E-02
  316.5000  9.255E-02  9.419E-02  9.421E-02  9.264E-02  8.955E-02
  317.5000  1.310E-01  1.333E-01  1.334E-01  1.312E-01  1.268E-01
  318.5000  1.052E-01  1.070E-01  1.070E-01  1.053E-01  1.019E-01
  319.5000  1.289E-01  1.311E-01  1.311E-01  1.291E-01  1.250E-01
  320.5000  1.578E-01  1.604E-01  1.604E-01  1.579E-01  1.530E-01
  321.5000  1.363E-01  1.385E-01  1.385E-01  1.365E-01  1.324E-01
  322.5000  1.357E-01  1.379E-01  1.379E-01  1.358E-01  1.316E-01
  323.5000  1.427E-01  1.449E-01  1.449E-01  1.428E-01  1.386E-01
  324.5000  1.676E-01  1.701E-01  1.702E-01  1.677E-01  1.628E-01
  325.5000  1.876E-01  1.905E-01  1.905E-01  1.877E-01  1.822E-01
  326.5000  2.300E-01  2.335E-01  2.335E-01  2.302E-01  2.237E-01
  327.5000  2.137E-01  2.169E-01  2.170E-01  2.139E-01  2.077E-01
  328.5000  1.976E-01  2.006E-01  2.006E-01  1.977E-01  1.921E-01
  329.5000  2.585E-01  2.623E-01  2.623E-01  2.587E-01  2.515E-01
  330.5000  2.345E-01  2.380E-01  2.381E-01  2.347E-01  2.281E-01
  331.5000  2.319E-01  2.354E-01  2.354E-01  2.321E-01  2.255E-01
  332.5000  2.299E-01  2.332E-01  2.333E-01  2.301E-01  2.237E-01
  333.5000  2.158E-01  2.190E-01  2.190E-01  2.160E-01  2.100E-01
  334.5000  2.417E-01  2.452E-01  2.453E-01  2.419E-01  2.352E-01
  335.5000  2.459E-01  2.494E-01  2.495E-01  2.461E-01  2.393E-01
  336.5000  1.923E-01  1.951E-01  1.952E-01  1.925E-01  1.872E-01
  337.5000  2.110E-01  2.141E-01  2.141E-01  2.112E-01  2.054E-01
  338.5000  2.236E-01  2.268E-01  2.268E-01  2.237E-01  2.176E-01
  339.5000  2.434E-01  2.469E-01  2.470E-01  2.436E-01  2.370E-01
  340.5000  2.603E-01  2.641E-01  2.641E-01  2.605E-01  2.534E-01
  341.5000  2.318E-01  2.351E-01  2.351E-01  2.320E-01  2.256E-01
  342.5000  2.571E-01  2.608E-01  2.609E-01  2.573E-01  2.503E-01
  343.5000  2.673E-01  2.711E-01  2.712E-01  2.675E-01  2.602E-01
  344.5000  1.875E-01  1.902E-01  1.902E-01  1.876E-01  1.825E-01
  345.5000  2.575E-01  2.611E-01  2.612E-01  2.577E-01  2.507E-01
  346.5000  2.410E-01  2.444E-01  2.445E-01  2.412E-01  2.346E-01
  347.5000  2.357E-01  2.391E-01  2.391E-01  2.359E-01  2.295E-01
  348.5000  2.594E-01  2.631E-01  2.632E-01  2.597E-01  2.526E-01
  349.5000  2.177E-01  2.208E-01  2.208E-01  2.178E-01  2.120E-01
  350.5000  3.051E-01  3.095E-01  3.095E-01  3.054E-01  2.971E-01
  351.5000  2.633E-01  2.670E-01  2.671E-01  2.635E-01  2.564E-01
  352.5000  2.377E-01  2.411E-01  2.411E-01  2.379E-01  2.315E-01
  353.5000  2.865E-01  2.906E-01  2.906E-01  2.867E-01  2.790E-01
  354.5000  3.105E-01  3.148E-01  3.149E-01  3.107E-01  3.024E-01
  355.5000  2.905E-01  2.946E-01  2.946E-01  2.907E-01  2.829E-01
  356.5000  2.699E-01  2.737E-01  2.737E-01  2.701E-01  2.628E-01
  357.5000  2.297E-01  2.330E-01  2.330E-01  2.299E-01  2.238E-01
  358.5000  1.775E-01  1.800E-01  1.800E-01  1.776E-01  1.729E-01
  359.5000  2.990E-01  3.032E-01  3.033E-01  2.993E-01  2.913E-01
  360.5000  2.775E-01  2.814E-01  2.814E-01  2.777E-01  2.703E-01
  361.5000  2.504E-01  2.539E-01  2.540E-01  2.506E-01  2.440E-01
  362.5000  2.944E-01  2.985E-01  2.986E-01  2.947E-01  2.868E-01
  363.5000  2.622E-01  2.659E-01  2.659E-01  2.624E-01  2.554E-01
  364.5000  2.863E-01  2.903E-01  2.904E-01  2.866E-01  2.789E-01
  365.5000  3.493E-01  3.541E-01  3.542E-01  3.495E-01  3.403E-01
  366.5000  3.701E-01  3.752E-01  3.753E-01  3.703E-01  3.605E-01
  367.5000  3.517E-01  3.566E-01  3.567E-01  3.520E-01  3.427E-01
  368.5000  3.093E-01  3.136E-01  3.137E-01  3.096E-01  3.014E-01
  369.5000  3.714E-01  3.766E-01  3.767E-01  3.717E-01  3.619E-01
  370.5000  3.373E-01  3.420E-01  3.421E-01  3.376E-01  3.287E-01
  371.5000  3.864E-01  3.917E-01  3.918E-01  3.867E-01  3.765E-01
  372.5000  2.857E-01  2.897E-01  2.897E-01  2.859E-01  2.784E-01
  373.5000  2.585E-01  2.621E-01  2.622E-01  2.587E-01  2.519E-01
  374.5000  2.840E-01  2.880E-01  2.880E-01  2.843E-01  2.768E-01
  375.5000  3.208E-01  3.252E-01  3.253E-01  3.211E-01  3.126E-01
  376.5000  3.207E-01  3.251E-01  3.252E-01  3.209E-01  3.125E-01
  377.5000  3.823E-01  3.875E-01  3.876E-01  3.826E-01  3.726E-01
  378.5000  4.171E-01  4.228E-01  4.229E-01  4.174E-01  4.065E-01
  379.5000  3.089E-01  3.131E-01  3.132E-01  3.091E-01  3.011E-01
  380.5000  3.719E-01  3.770E-01  3.770E-01  3.722E-01  3.625E-01
  381.5000  3.498E-01  3.546E-01  3.547E-01  3.501E-01  3.410E-01
  382.5000  2.333E-01  2.365E-01  2.366E-01  2.335E-01  2.274E-01
  383.5000  2.051E-01  2.079E-01  2.079E-01  2.053E-01  1.999E-01
  384.5000  3.081E-01  3.123E-01  3.124E-01  3.083E-01  3.003E-01
  385.5000  3.051E-01  3.093E-01  3.093E-01  3.054E-01  2.974E-01
  386.5000  3.114E-01  3.156E-01  3.156E-01  3.116E-01  3.035E-01
  387.5000  2.897E-01  2.936E-01  2.936E-01  2.899E-01  2.824E-01
  388.5000  2.906E-01  2.946E-01  2.946E-01  2.908E-01  2.833E-01
  389.5000  3.669E-01  3.718E-01  3.719E-01  3.671E-01  3.577E-01
  390.5000  3.607E-01  3.656E-01  3.657E-01  3.610E-01  3.517E-01
  391.5000  4.284E-01  4.341E-01  4.342E-01  4.287E-01  4.176E-01
  392.5000  3.215E-01  3.259E-01  3.259E-01  3.218E-01  3.135E-01
  393.5000  1.399E-01  1.418E-01  1.418E-01  1.400E-01  1.364E-01
  394.5000  3.296E-01  3.340E-01  3.341E-01  3.298E-01  3.214E-01
  395.5000  4.245E-01  4.302E-01  4.303E-01  4.248E-01  4.139E-01
  396.5000  2.495E-01  2.528E-01  2.529E-01  2.497E-01  2.433E-01
  397.5000  2.882E-01  2.921E-01  2.921E-01  2.884E-01  2.810E-01
  398.5000  4.957E-01  5.023E-01  5.024E-01  4.961E-01  4.834E-01
  399.5000  5.161E-01  5.230E-01  5.231E-01  5.165E-01  5.033E-01
  400.5000  5.431E-01  5.504E-01  5.505E-01  5.435E-01  5.297E-01
  401.5000  5.593E-01  5.668E-01  5.669E-01  5.597E-01  5.455E-01
  402.5000  5.812E-01  5.890E-01  5.891E-01  5.817E-01  5.669E-01
  403.5000  5.325E-01  5.396E-01  5.397E-01  5.329E-01  5.194E-01
  404.5000  5.228E-01  5.297E-01  5.298E-01  5.232E-01  5.099E-01
  405.5000  5.436E-01  5.508E-01  5.509E-01  5.440E-01  5.302E-01
  406.5000  5.125E-01  5.193E-01  5.194E-01  5.129E-01  4.999E-01
  407.5000  5.172E-01  5.240E-01  5.241E-01  5.175E-01  5.045E-01
  408.5000  5.765E-01  5.841E-01  5.843E-01  5.769E-01  5.624E-01
  409.5000  5.657E-01  5.732E-01  5.733E-01  5.661E-01  5.518E-01
  410.5000  4.910E-01  4.975E-01  4.976E-01  4.914E-01  4.790E-01
  411.5000  5.907E-01  5.985E-01  5.986E-01  5.912E-01  5.763E-01
  412.5000  5.860E-01  5.937E-01  5.939E-01  5.865E-01  5.717E-01
  413.5000  5.689E-01  5.764E-01  5.765E-01  5.693E-01  5.550E-01
  414.5000  5.852E-01  5.929E-01  5.930E-01  5.857E-01  5.710E-01
  415.5000  5.603E-01  5.676E-01  5.677E-01  5.607E-01  5.466E-01
  416.5000  6.103E-01  6.183E-01  6.184E-01  6.108E-01  5.955E-01
  417.5000  5.584E-01  5.657E-01  5.659E-01  5.588E-01  5.449E-01
  418.5000  5.633E-01  5.707E-01  5.708E-01  5.637E-01  5.497E-01
  419.5000  5.824E-01  5.900E-01  5.901E-01  5.828E-01  5.683E-01
------------------------------------------------------------
Dose rates, W m-2
   1 = UV-B, 280-315 nm                                  
   2 = UV-A, 315-400 nm                                  
   3 = Gaussian, 320 nm, 10 nm FWHM                      
   4 = RB Meter, model 501                               
   5 = DNA damage, in vitro (Setlow, 1974)               
   6 = UV index (WMO, 1994; Webb et al., 2011)           
   7 = Previtamin-D3 (CIE 2006)                          
values at z =      0.000 km
Columns: time, sza, weighting spectra
time, hrs.  sza, deg.          1          2          3          4          5          6          7
   11.0000     64.532  5.959E-01  2.274E+01  1.331E-01  1.711E-01  1.675E-03  3.221E+00  1.550E-01
   11.5000     64.246  6.098E-01  2.306E+01  1.353E-01  1.753E-01  1.731E-03  3.302E+00  1.592E-01
   12.0000     64.242  6.100E-01  2.307E+01  1.353E-01  1.754E-01  1.732E-03  3.303E+00  1.593E-01
   12.5000     64.517  5.967E-01  2.276E+01  1.332E-01  1.714E-01  1.678E-03  3.225E+00  1.552E-01
   13.0000     65.063  5.706E-01  2.215E+01  1.290E-01  1.635E-01  1.575E-03  3.073E+00  1.473E-01
------------------------------------------------------------
