Spectral Irradiance, W m-2 nm-1
values at z =      0.000 km
Columns: wavelength (nm), times (hrs.) or sza (deg.)
    wc, nm     11.000     11.500     12.000     12.500     13.000
    sza =      38.238     36.660     35.898     36.011     36.990
  280.5000  2.955E-19  6.805E-19  9.959E-19  9.421E-19  5.743E-19
  281.5000  2.591E-17  5.539E-17  7.834E-17  7.448E-17  4.746E-17
  282.5000  8.273E-16  1.659E-15  2.279E-15  2.175E-15  1.440E-15
  283.5000  7.112E-15  1.368E-14  1.844E-14  1.765E-14  1.197E-14
  284.5000  2.161E-13  3.852E-13  5.016E-13  4.827E-13  3.424E-13
  285.5000  1.690E-12  2.849E-12  3.616E-12  3.492E-12  2.561E-12
  286.5000  3.705E-11  5.983E-11  7.446E-11  7.212E-11  5.427E-11
  287.5000  4.217E-10  6.493E-10  7.907E-10  7.683E-10  5.947E-10
  288.5000  4.453E-09  6.509E-09  7.742E-09  7.548E-09  6.025E-09
  289.5000  4.167E-08  5.869E-08  6.863E-08  6.708E-08  5.473E-08
  290.5000  2.612E-07  3.566E-07  4.111E-07  4.027E-07  3.347E-07
  291.5000  1.365E-06  1.799E-06  2.042E-06  2.004E-06  1.679E-06
  292.5000  4.943E-06  6.329E-06  7.086E-06  6.970E-06  6.018E-06
  293.5000  2.093E-05  2.608E-05  2.884E-05  2.842E-05  2.493E-05
  294.5000  5.364E-05  6.544E-05  7.167E-05  7.072E-05  6.284E-05
  295.5000  1.851E-04  2.208E-04  2.393E-04  2.365E-04  2.130E-04
  296.5000  4.205E-04  4.922E-04  5.290E-04  5.235E-04  4.767E-04
  297.5000  1.016E-03  1.169E-03  1.248E-03  1.236E-03  1.136E-03
  298.5000  1.471E-03  1.671E-03  1.772E-03  1.757E-03  1.628E-03
  299.5000  3.945E-03  4.423E-03  4.660E-03  4.625E-03  4.321E-03
  300.5000  4.259E-03  4.727E-03  4.959E-03  4.924E-03  4.628E-03
  301.5000  9.855E-03  1.082E-02  1.130E-02  1.123E-02  1.062E-02
  302.5000  1.359E-02  1.481E-02  1.541E-02  1.532E-02  1.455E-02
  303.5000  2.612E-02  2.824E-02  2.927E-02  2.912E-02  2.779E-02
  304.5000  3.063E-02  3.296E-02  3.409E-02  3.392E-02  3.247E-02
  305.5000  4.487E-02  4.794E-02  4.942E-02  4.920E-02  4.730E-02
  306.5000  4.902E-02  5.221E-02  5.375E-02  5.353E-02  5.154E-02
  307.5000  7.702E-02  8.156E-02  8.374E-02  8.342E-02  8.061E-02
  308.5000  8.915E-02  9.420E-02  9.661E-02  9.625E-02  9.314E-02
  309.5000  8.315E-02  8.752E-02  8.960E-02  8.929E-02  8.661E-02
  310.5000  1.179E-01  1.238E-01  1.266E-01  1.261E-01  1.226E-01
  311.5000  1.559E-01  1.633E-01  1.668E-01  1.663E-01  1.618E-01
  312.5000  1.594E-01  1.665E-01  1.698E-01  1.693E-01  1.650E-01
  313.5000  1.829E-01  1.909E-01  1.946E-01  1.941E-01  1.892E-01
  314.5000  1.902E-01  1.980E-01  2.016E-01  2.011E-01  1.964E-01
  315.5000  1.979E-01  2.058E-01  2.096E-01  2.090E-01  2.042E-01
  316.5000  2.032E-01  2.109E-01  2.145E-01  2.140E-01  2.093E-01
  317.5000  2.876E-01  2.984E-01  3.036E-01  3.028E-01  2.962E-01
  318.5000  2.326E-01  2.409E-01  2.448E-01  2.442E-01  2.380E-01
  319.5000  2.854E-01  2.954E-01  3.002E-01  2.995E-01  2.934E-01
  320.5000  3.495E-01  3.617E-01  3.674E-01  3.666E-01  3.591E-01
  321.5000  3.042E-01  3.142E-01  3.189E-01  3.182E-01  3.121E-01
  322.5000  3.007E-01  3.110E-01  3.159E-01  3.152E-01  3.089E-01
  323.5000  3.190E-01  3.292E-01  3.340E-01  3.333E-01  3.271E-01
  324.5000  3.741E-01  3.861E-01  3.918E-01  3.909E-01  3.836E-01
  325.5000  4.179E-01  4.314E-01  4.378E-01  4.368E-01  4.286E-01
  326.5000  5.154E-01  5.312E-01  5.386E-01  5.376E-01  5.279E-01
  327.5000  4.773E-01  4.922E-01  4.992E-01  4.982E-01  4.891E-01
  328.5000  4.409E-01  4.546E-01  4.611E-01  4.601E-01  4.517E-01
  329.5000  5.791E-01  5.965E-01  6.047E-01  6.035E-01  5.929E-01
  330.5000  5.239E-01  5.398E-01  5.473E-01  5.462E-01  5.365E-01
  331.5000  5.173E-01  5.330E-01  5.404E-01  5.393E-01  5.297E-01
  332.5000  5.141E-01  5.293E-01  5.365E-01  5.354E-01  5.262E-01
  333.5000  4.813E-01  4.957E-01  5.025E-01  5.015E-01  4.927E-01
  334.5000  5.389E-01  5.549E-01  5.625E-01  5.614E-01  5.516E-01
  335.5000  5.487E-01  5.647E-01  5.723E-01  5.712E-01  5.614E-01
  336.5000  4.285E-01  4.410E-01  4.470E-01  4.461E-01  4.384E-01
  337.5000  4.691E-01  4.829E-01  4.895E-01  4.885E-01  4.801E-01
  338.5000  4.973E-01  5.118E-01  5.186E-01  5.176E-01  5.088E-01
  339.5000  5.410E-01  5.567E-01  5.641E-01  5.630E-01  5.534E-01
  340.5000  5.776E-01  5.944E-01  6.023E-01  6.011E-01  5.909E-01
  341.5000  5.141E-01  5.290E-01  5.360E-01  5.349E-01  5.259E-01
  342.5000  5.699E-01  5.862E-01  5.940E-01  5.928E-01  5.828E-01
  343.5000  5.916E-01  6.086E-01  6.166E-01  6.154E-01  6.050E-01
  344.5000  4.143E-01  4.263E-01  4.319E-01  4.311E-01  4.238E-01
  345.5000  5.689E-01  5.851E-01  5.928E-01  5.916E-01  5.817E-01
  346.5000  5.316E-01  5.468E-01  5.540E-01  5.529E-01  5.436E-01
  347.5000  5.195E-01  5.343E-01  5.413E-01  5.403E-01  5.313E-01
  348.5000  5.712E-01  5.875E-01  5.952E-01  5.940E-01  5.841E-01
  349.5000  4.787E-01  4.923E-01  4.988E-01  4.978E-01  4.895E-01
  350.5000  6.704E-01  6.894E-01  6.984E-01  6.971E-01  6.855E-01
  351.5000  5.777E-01  5.941E-01  6.018E-01  6.007E-01  5.907E-01
  352.5000  5.211E-01  5.359E-01  5.428E-01  5.418E-01  5.328E-01
  353.5000  6.274E-01  6.452E-01  6.535E-01  6.523E-01  6.415E-01
  354.5000  6.792E-01  6.984E-01  7.074E-01  7.061E-01  6.944E-01
  355.5000  6.348E-01  6.527E-01  6.611E-01  6.598E-01  6.489E-01
  356.5000  5.891E-01  6.057E-01  6.135E-01  6.123E-01  6.022E-01
  357.5000  5.009E-01  5.150E-01  5.216E-01  5.206E-01  5.121E-01
  358.5000  3.866E-01  3.974E-01  4.025E-01  4.018E-01  3.952E-01
  359.5000  6.506E-01  6.688E-01  6.774E-01  6.762E-01  6.651E-01
  360.5000  6.031E-01  6.199E-01  6.279E-01  6.267E-01  6.164E-01
  361.5000  5.438E-01  5.589E-01  5.661E-01  5.650E-01  5.558E-01
  362.5000  6.386E-01  6.564E-01  6.647E-01  6.635E-01  6.527E-01
  363.5000  5.681E-01  5.839E-01  5.913E-01  5.902E-01  5.806E-01
  364.5000  6.197E-01  6.369E-01  6.450E-01  6.438E-01  6.333E-01
  365.5000  7.551E-01  7.760E-01  7.859E-01  7.845E-01  7.717E-01
  366.5000  7.992E-01  8.213E-01  8.317E-01  8.302E-01  8.167E-01
  367.5000  7.588E-01  7.798E-01  7.897E-01  7.882E-01  7.754E-01
  368.5000  6.666E-01  6.850E-01  6.937E-01  6.924E-01  6.812E-01
  369.5000  7.996E-01  8.217E-01  8.321E-01  8.305E-01  8.171E-01
  370.5000  7.255E-01  7.454E-01  7.549E-01  7.535E-01  7.413E-01
  371.5000  8.301E-01  8.529E-01  8.637E-01  8.621E-01  8.482E-01
  372.5000  6.132E-01  6.300E-01  6.379E-01  6.368E-01  6.265E-01
  373.5000  5.542E-01  5.694E-01  5.766E-01  5.755E-01  5.663E-01
  374.5000  6.083E-01  6.250E-01  6.328E-01  6.317E-01  6.215E-01
  375.5000  6.863E-01  7.051E-01  7.140E-01  7.127E-01  7.012E-01
  376.5000  6.854E-01  7.041E-01  7.129E-01  7.116E-01  7.002E-01
  377.5000  8.162E-01  8.384E-01  8.489E-01  8.474E-01  8.338E-01
  378.5000  8.896E-01  9.138E-01  9.252E-01  9.235E-01  9.088E-01
  379.5000  6.581E-01  6.761E-01  6.845E-01  6.832E-01  6.723E-01
  380.5000  7.915E-01  8.130E-01  8.232E-01  8.217E-01  8.086E-01
  381.5000  7.438E-01  7.640E-01  7.735E-01  7.721E-01  7.598E-01
  382.5000  4.956E-01  5.091E-01  5.154E-01  5.145E-01  5.063E-01
  383.5000  4.352E-01  4.470E-01  4.526E-01  4.517E-01  4.446E-01
  384.5000  6.532E-01  6.708E-01  6.792E-01  6.779E-01  6.672E-01
  385.5000  6.462E-01  6.637E-01  6.719E-01  6.707E-01  6.601E-01
  386.5000  6.588E-01  6.765E-01  6.849E-01  6.837E-01  6.728E-01
  387.5000  6.123E-01  6.287E-01  6.365E-01  6.354E-01  6.253E-01
  388.5000  6.137E-01  6.302E-01  6.380E-01  6.368E-01  6.268E-01
  389.5000  7.740E-01  7.947E-01  8.045E-01  8.031E-01  7.904E-01
  390.5000  7.602E-01  7.806E-01  7.902E-01  7.888E-01  7.764E-01
  391.5000  9.019E-01  9.261E-01  9.375E-01  9.358E-01  9.211E-01
  392.5000  6.764E-01  6.945E-01  7.030E-01  7.017E-01  6.907E-01
  393.5000  2.941E-01  3.019E-01  3.056E-01  3.051E-01  3.003E-01
  394.5000  6.920E-01  7.105E-01  7.192E-01  7.179E-01  7.067E-01
  395.5000  8.904E-01  9.142E-01  9.253E-01  9.237E-01  9.092E-01
  396.5000  5.229E-01  5.368E-01  5.434E-01  5.424E-01  5.339E-01
  397.5000  6.034E-01  6.195E-01  6.270E-01  6.259E-01  6.161E-01
  398.5000  1.037E+00  1.064E+00  1.077E+00  1.076E+00  1.059E+00
  399.5000  1.079E+00  1.107E+00  1.121E+00  1.119E+00  1.101E+00
  400.5000  1.134E+00  1.164E+00  1.178E+00  1.176E+00  1.158E+00
  401.5000  1.167E+00  1.198E+00  1.212E+00  1.210E+00  1.191E+00
  402.5000  1.211E+00  1.243E+00  1.259E+00  1.256E+00  1.237E+00
  403.5000  1.109E+00  1.138E+00  1.152E+00  1.150E+00  1.132E+00
  404.5000  1.088E+00  1.116E+00  1.130E+00  1.128E+00  1.110E+00
  405.5000  1.130E+00  1.160E+00  1.174E+00  1.172E+00  1.154E+00
  406.5000  1.064E+00  1.092E+00  1.106E+00  1.104E+00  1.087E+00
  407.5000  1.073E+00  1.101E+00  1.115E+00  1.113E+00  1.096E+00
  408.5000  1.195E+00  1.227E+00  1.241E+00  1.239E+00  1.220E+00
  409.5000  1.172E+00  1.203E+00  1.217E+00  1.215E+00  1.196E+00
  410.5000  1.016E+00  1.043E+00  1.055E+00  1.054E+00  1.037E+00
  411.5000  1.222E+00  1.254E+00  1.269E+00  1.266E+00  1.247E+00
  412.5000  1.211E+00  1.243E+00  1.257E+00  1.255E+00  1.236E+00
  413.5000  1.174E+00  1.205E+00  1.220E+00  1.217E+00  1.199E+00
  414.5000  1.207E+00  1.239E+00  1.254E+00  1.251E+00  1.232E+00
  415.5000  1.155E+00  1.185E+00  1.199E+00  1.197E+00  1.179E+00
  416.5000  1.257E+00  1.290E+00  1.305E+00  1.303E+00  1.283E+00
  417.5000  1.149E+00  1.179E+00  1.193E+00  1.191E+00  1.173E+00
  418.5000  1.158E+00  1.188E+00  1.202E+00  1.200E+00  1.182E+00
  419.5000  1.196E+00  1.228E+00  1.242E+00  1.240E+00  1.221E+00
------------------------------------------------------------
Dose rates, W m-2
   1 = UV-B, 280-315 nm                                  
   2 = UV-A, 315-400 nm                                  
   3 = Gaussian, 320 nm, 10 nm FWHM                      
   4 = RB Meter, model 501                               
   5 = DNA damage, in vitro (Setlow, 1974)               
   6 = UV index (WMO, 1994; Webb et al., 2011)           
   7 = Previtamin-D3 (CIE 2006)                          
values at z =      0.000 km
Columns: time, sza, weighting spectra
time, hrs.  sza, deg.          1          2          3          4          5          6          7
   11.0000     38.238  1.241E+00  4.922E+01  2.946E-01  3.512E-01  3.131E-03  6.537E+00  3.096E-01
   11.5000     36.660  1.305E+00  5.062E+01  3.049E-01  3.704E-01  3.371E-03  6.901E+00  3.288E-01
   12.0000     35.898  1.336E+00  5.127E+01  3.097E-01  3.796E-01  3.488E-03  7.076E+00  3.381E-01
   12.5000     36.011  1.332E+00  5.118E+01  3.090E-01  3.782E-01  3.470E-03  7.050E+00  3.367E-01
   13.0000     36.990  1.292E+00  5.033E+01  3.027E-01  3.663E-01  3.320E-03  6.824E+00  3.248E-01
------------------------------------------------------------
