Spectral Irradiance, W m-2 nm-1
values at z =      0.000 km
Columns: wavelength (nm), times (hrs.) or sza (deg.)
    wc, nm     11.000     11.500     12.000     12.500     13.000
    sza =      14.530     10.192     10.054     14.241     20.220
  280.5000  5.490E-12  8.167E-12  8.251E-12  5.664E-12  2.568E-12
  281.5000  1.057E-10  1.519E-10  1.533E-10  1.087E-10  5.279E-11
  282.5000  9.166E-10  1.279E-09  1.290E-09  9.409E-10  4.847E-10
  283.5000  3.379E-09  4.625E-09  4.663E-09  3.464E-09  1.854E-09
  284.5000  2.197E-08  2.904E-08  2.924E-08  2.246E-08  1.289E-08
  285.5000  5.491E-08  7.071E-08  6.876E-08  5.602E-08  3.386E-08
  286.5000  5.008E-07  6.322E-07  6.360E-07  5.101E-07  3.209E-07
  287.5000  2.155E-06  2.605E-06  2.593E-06  2.191E-06  1.440E-06
  288.5000  7.904E-06  9.527E-06  9.573E-06  8.021E-06  5.532E-06
  289.5000  3.470E-05  4.111E-05  4.129E-05  3.516E-05  2.510E-05
  290.5000  1.151E-04  1.344E-04  1.349E-04  1.165E-04  8.559E-05
  291.5000  2.925E-04  3.360E-04  3.372E-04  2.957E-04  2.245E-04
  292.5000  5.865E-04  6.648E-04  6.669E-04  5.923E-04  4.619E-04
  293.5000  1.424E-03  1.594E-03  1.598E-03  1.437E-03  1.149E-03
  294.5000  2.361E-03  2.617E-03  2.623E-03  2.361E-03  1.942E-03
  295.5000  5.131E-03  5.626E-03  5.639E-03  5.168E-03  4.305E-03
  296.5000  7.935E-03  8.624E-03  8.643E-03  7.987E-03  6.771E-03
  297.5000  1.368E-02  1.475E-02  1.478E-02  1.368E-02  1.184E-02
  298.5000  1.491E-02  1.598E-02  1.601E-02  1.499E-02  1.308E-02
  299.5000  3.057E-02  3.256E-02  3.262E-02  3.072E-02  2.712E-02
  300.5000  2.687E-02  2.849E-02  2.853E-02  2.700E-02  2.405E-02
  301.5000  4.976E-02  5.249E-02  5.256E-02  4.997E-02  4.498E-02
  302.5000  5.927E-02  6.231E-02  6.239E-02  5.950E-02  5.391E-02
  303.5000  9.587E-02  1.004E-01  1.005E-01  9.622E-02  8.787E-02
  304.5000  1.018E-01  1.063E-01  1.064E-01  1.021E-01  9.367E-02
  305.5000  1.286E-01  1.339E-01  1.340E-01  1.290E-01  1.191E-01
  306.5000  1.318E-01  1.370E-01  1.371E-01  1.322E-01  1.224E-01
  307.5000  1.833E-01  1.900E-01  1.902E-01  1.838E-01  1.712E-01
  308.5000  2.024E-01  2.096E-01  2.098E-01  2.030E-01  1.895E-01
  309.5000  1.742E-01  1.801E-01  1.802E-01  1.747E-01  1.636E-01
  310.5000  2.332E-01  2.407E-01  2.409E-01  2.338E-01  2.197E-01
  311.5000  2.968E-01  3.061E-01  3.063E-01  2.975E-01  2.800E-01
  312.5000  2.837E-01  2.922E-01  2.924E-01  2.844E-01  2.685E-01
  313.5000  3.203E-01  3.296E-01  3.299E-01  3.210E-01  3.033E-01
  314.5000  3.145E-01  3.233E-01  3.235E-01  3.152E-01  2.986E-01
  315.5000  3.238E-01  3.327E-01  3.330E-01  3.245E-01  3.076E-01
  316.5000  3.180E-01  3.265E-01  3.267E-01  3.187E-01  3.027E-01
  317.5000  4.495E-01  4.615E-01  4.618E-01  4.505E-01  4.279E-01
  318.5000  3.490E-01  3.579E-01  3.582E-01  3.497E-01  3.328E-01
  319.5000  4.247E-01  4.354E-01  4.357E-01  4.255E-01  4.051E-01
  320.5000  5.150E-01  5.279E-01  5.283E-01  5.160E-01  4.916E-01
  321.5000  4.318E-01  4.423E-01  4.426E-01  4.327E-01  4.129E-01
  322.5000  4.388E-01  4.497E-01  4.499E-01  4.396E-01  4.190E-01
  323.5000  4.450E-01  4.556E-01  4.558E-01  4.458E-01  4.258E-01
  324.5000  5.224E-01  5.348E-01  5.351E-01  5.234E-01  4.999E-01
  325.5000  5.866E-01  6.005E-01  6.009E-01  5.877E-01  5.612E-01
  326.5000  7.017E-01  7.179E-01  7.183E-01  7.030E-01  6.723E-01
  327.5000  6.557E-01  6.710E-01  6.714E-01  6.569E-01  6.280E-01
  328.5000  6.051E-01  6.192E-01  6.196E-01  6.063E-01  5.796E-01
  329.5000  7.772E-01  7.948E-01  7.953E-01  7.785E-01  7.451E-01
  330.5000  7.091E-01  7.253E-01  7.257E-01  7.104E-01  6.796E-01
  331.5000  7.011E-01  7.171E-01  7.175E-01  7.023E-01  6.719E-01
  332.5000  6.854E-01  7.008E-01  7.012E-01  6.866E-01  6.574E-01
  333.5000  6.458E-01  6.603E-01  6.607E-01  6.469E-01  6.193E-01
  334.5000  7.202E-01  7.363E-01  7.367E-01  7.214E-01  6.908E-01
  335.5000  7.272E-01  7.434E-01  7.438E-01  7.285E-01  6.978E-01
  336.5000  5.689E-01  5.816E-01  5.819E-01  5.699E-01  5.459E-01
  337.5000  6.258E-01  6.398E-01  6.401E-01  6.269E-01  6.004E-01
  338.5000  6.579E-01  6.725E-01  6.728E-01  6.591E-01  6.314E-01
  339.5000  7.146E-01  7.304E-01  7.308E-01  7.158E-01  6.859E-01
  340.5000  7.648E-01  7.816E-01  7.821E-01  7.661E-01  7.340E-01
  341.5000  6.777E-01  6.926E-01  6.930E-01  6.789E-01  6.506E-01
  342.5000  7.502E-01  7.667E-01  7.671E-01  7.515E-01  7.203E-01
  343.5000  7.795E-01  7.966E-01  7.970E-01  7.808E-01  7.485E-01
  344.5000  5.465E-01  5.585E-01  5.588E-01  5.475E-01  5.248E-01
  345.5000  7.472E-01  7.634E-01  7.638E-01  7.484E-01  7.176E-01
  346.5000  6.994E-01  7.147E-01  7.151E-01  7.006E-01  6.717E-01
  347.5000  6.831E-01  6.979E-01  6.983E-01  6.842E-01  6.560E-01
  348.5000  7.501E-01  7.664E-01  7.668E-01  7.514E-01  7.205E-01
  349.5000  6.284E-01  6.420E-01  6.424E-01  6.295E-01  6.037E-01
  350.5000  8.794E-01  8.984E-01  8.989E-01  8.809E-01  8.448E-01
  351.5000  7.578E-01  7.741E-01  7.746E-01  7.591E-01  7.280E-01
  352.5000  6.831E-01  6.978E-01  6.982E-01  6.842E-01  6.563E-01
  353.5000  8.217E-01  8.394E-01  8.399E-01  8.231E-01  7.896E-01
  354.5000  8.888E-01  9.079E-01  9.084E-01  8.903E-01  8.541E-01
  355.5000  8.303E-01  8.481E-01  8.486E-01  8.317E-01  7.979E-01
  356.5000  7.702E-01  7.867E-01  7.872E-01  7.715E-01  7.402E-01
  357.5000  6.547E-01  6.687E-01  6.691E-01  6.558E-01  6.293E-01
  358.5000  5.050E-01  5.158E-01  5.161E-01  5.058E-01  4.854E-01
  359.5000  8.496E-01  8.677E-01  8.681E-01  8.510E-01  8.166E-01
  360.5000  7.871E-01  8.039E-01  8.043E-01  7.885E-01  7.567E-01
  361.5000  7.093E-01  7.244E-01  7.248E-01  7.105E-01  6.819E-01
  362.5000  8.326E-01  8.503E-01  8.507E-01  8.340E-01  8.005E-01
  363.5000  7.404E-01  7.561E-01  7.565E-01  7.416E-01  7.119E-01
  364.5000  8.074E-01  8.244E-01  8.249E-01  8.087E-01  7.763E-01
  365.5000  9.835E-01  1.004E+00  1.005E+00  9.851E-01  9.457E-01
  366.5000  1.040E+00  1.062E+00  1.063E+00  1.042E+00  1.000E+00
  367.5000  9.874E-01  1.008E+00  1.009E+00  9.891E-01  9.496E-01
  368.5000  8.671E-01  8.853E-01  8.858E-01  8.685E-01  8.339E-01
  369.5000  1.040E+00  1.062E+00  1.062E+00  1.041E+00  1.000E+00
  370.5000  9.429E-01  9.627E-01  9.632E-01  9.445E-01  9.070E-01
  371.5000  1.079E+00  1.101E+00  1.102E+00  1.080E+00  1.037E+00
  372.5000  7.964E-01  8.130E-01  8.134E-01  7.977E-01  7.661E-01
  373.5000  7.196E-01  7.346E-01  7.350E-01  7.208E-01  6.922E-01
  374.5000  7.895E-01  8.059E-01  8.064E-01  7.908E-01  7.595E-01
  375.5000  8.904E-01  9.090E-01  9.095E-01  8.919E-01  8.567E-01
  376.5000  8.889E-01  9.073E-01  9.078E-01  8.903E-01  8.552E-01
  377.5000  1.058E+00  1.080E+00  1.081E+00  1.060E+00  1.018E+00
  378.5000  1.153E+00  1.177E+00  1.177E+00  1.155E+00  1.109E+00
  379.5000  8.526E-01  8.703E-01  8.707E-01  8.540E-01  8.205E-01
  380.5000  1.025E+00  1.046E+00  1.047E+00  1.027E+00  9.865E-01
  381.5000  9.629E-01  9.828E-01  9.833E-01  9.645E-01  9.267E-01
  382.5000  6.414E-01  6.547E-01  6.550E-01  6.425E-01  6.173E-01
  383.5000  5.631E-01  5.747E-01  5.750E-01  5.640E-01  5.419E-01
  384.5000  8.447E-01  8.621E-01  8.626E-01  8.461E-01  8.131E-01
  385.5000  8.355E-01  8.527E-01  8.531E-01  8.369E-01  8.042E-01
  386.5000  8.514E-01  8.689E-01  8.693E-01  8.528E-01  8.196E-01
  387.5000  7.910E-01  8.072E-01  8.077E-01  7.923E-01  7.615E-01
  388.5000  7.927E-01  8.089E-01  8.093E-01  7.939E-01  7.631E-01
  389.5000  9.993E-01  1.020E+00  1.020E+00  1.001E+00  9.621E-01
  390.5000  9.813E-01  1.001E+00  1.002E+00  9.828E-01  9.448E-01
  391.5000  1.164E+00  1.188E+00  1.188E+00  1.166E+00  1.121E+00
  392.5000  8.725E-01  8.902E-01  8.907E-01  8.739E-01  8.401E-01
  393.5000  3.792E-01  3.869E-01  3.871E-01  3.798E-01  3.652E-01
  394.5000  8.921E-01  9.102E-01  9.107E-01  8.935E-01  8.591E-01
  395.5000  1.148E+00  1.171E+00  1.171E+00  1.149E+00  1.105E+00
  396.5000  6.736E-01  6.873E-01  6.877E-01  6.747E-01  6.488E-01
  397.5000  7.772E-01  7.929E-01  7.933E-01  7.784E-01  7.485E-01
  398.5000  1.335E+00  1.362E+00  1.363E+00  1.337E+00  1.286E+00
  399.5000  1.388E+00  1.416E+00  1.417E+00  1.391E+00  1.337E+00
  400.5000  1.459E+00  1.489E+00  1.489E+00  1.462E+00  1.406E+00
  401.5000  1.501E+00  1.531E+00  1.532E+00  1.503E+00  1.446E+00
  402.5000  1.558E+00  1.589E+00  1.590E+00  1.560E+00  1.501E+00
  403.5000  1.426E+00  1.454E+00  1.455E+00  1.428E+00  1.373E+00
  404.5000  1.398E+00  1.426E+00  1.427E+00  1.400E+00  1.347E+00
  405.5000  1.452E+00  1.481E+00  1.482E+00  1.454E+00  1.399E+00
  406.5000  1.367E+00  1.395E+00  1.395E+00  1.369E+00  1.317E+00
  407.5000  1.378E+00  1.406E+00  1.407E+00  1.380E+00  1.328E+00
  408.5000  1.535E+00  1.565E+00  1.566E+00  1.537E+00  1.479E+00
  409.5000  1.504E+00  1.534E+00  1.535E+00  1.506E+00  1.449E+00
  410.5000  1.304E+00  1.330E+00  1.331E+00  1.306E+00  1.257E+00
  411.5000  1.567E+00  1.598E+00  1.599E+00  1.570E+00  1.510E+00
  412.5000  1.553E+00  1.584E+00  1.585E+00  1.555E+00  1.497E+00
  413.5000  1.506E+00  1.536E+00  1.537E+00  1.508E+00  1.451E+00
  414.5000  1.547E+00  1.578E+00  1.579E+00  1.550E+00  1.491E+00
  415.5000  1.480E+00  1.509E+00  1.510E+00  1.482E+00  1.426E+00
  416.5000  1.610E+00  1.642E+00  1.643E+00  1.613E+00  1.552E+00
  417.5000  1.472E+00  1.501E+00  1.502E+00  1.474E+00  1.419E+00
  418.5000  1.483E+00  1.512E+00  1.513E+00  1.485E+00  1.430E+00
  419.5000  1.532E+00  1.562E+00  1.563E+00  1.534E+00  1.476E+00
------------------------------------------------------------
Dose rates, W m-2
   1 = UV-B, 280-315 nm                                  
   2 = UV-A, 315-400 nm                                  
   3 = Gaussian, 320 nm, 10 nm FWHM                      
   4 = RB Meter, model 501                               
   5 = DNA damage, in vitro (Setlow, 1974)               
   6 = UV index (WMO, 1994; Webb et al., 2011)           
   7 = Previtamin-D3 (CIE 2006)                          
values at z =      0.000 km
Columns: time, sza, weighting spectra
time, hrs.  sza, deg.          1          2          3          4          5          6          7
   11.0000     14.530  2.679E+00  6.485E+01  4.352E-01  8.458E-01  1.339E-02  1.704E+01  8.543E-01
   11.5000     10.192  2.775E+00  6.624E+01  4.462E-01  8.799E-01  1.419E-02  1.779E+01  8.912E-01
   12.0000     10.054  2.778E+00  6.628E+01  4.465E-01  8.808E-01  1.421E-02  1.781E+01  8.922E-01
   12.5000     14.241  2.687E+00  6.496E+01  4.361E-01  8.484E-01  1.345E-02  1.709E+01  8.571E-01
   13.0000     20.220  2.507E+00  6.231E+01  4.153E-01  7.854E-01  1.202E-02  1.572E+01  7.890E-01
------------------------------------------------------------
