Spectral Irradiance, W m-2 nm-1
values at z =      0.000 km
Columns: wavelength (nm), times (hrs.) or sza (deg.)
    wc, nm     11.000     11.500     12.000     12.500     13.000
    sza =      36.751     33.851     32.405     32.607     34.427
  280.5000  1.830E-14  5.116E-14  8.120E-14  7.627E-14  4.219E-14
  281.5000  5.817E-13  1.485E-12  2.264E-12  2.138E-12  1.246E-12
  282.5000  7.766E-12  1.835E-11  2.701E-11  2.563E-11  1.561E-11
  283.5000  3.789E-11  8.513E-11  1.225E-10  1.166E-10  7.313E-11
  284.5000  4.102E-10  8.407E-10  1.161E-09  1.111E-09  7.347E-10
  285.5000  1.496E-09  2.863E-09  3.835E-09  3.686E-09  2.534E-09
  286.5000  1.823E-08  3.313E-08  4.334E-08  4.179E-08  2.961E-08
  287.5000  1.082E-07  1.856E-07  2.366E-07  2.289E-07  1.677E-07
  288.5000  5.633E-07  9.070E-07  1.124E-06  1.092E-06  8.293E-07
  289.5000  3.177E-06  4.890E-06  5.938E-06  5.784E-06  4.509E-06
  290.5000  1.301E-05  1.928E-05  2.301E-05  2.247E-05  1.790E-05
  291.5000  4.197E-05  5.959E-05  6.979E-05  6.831E-05  5.579E-05
  292.5000  1.023E-04  1.403E-04  1.617E-04  1.586E-04  1.322E-04
  293.5000  2.987E-04  3.961E-04  4.499E-04  4.422E-04  3.756E-04
  294.5000  5.720E-04  7.393E-04  8.301E-04  8.172E-04  7.045E-04
  295.5000  1.448E-03  1.821E-03  2.020E-03  1.992E-03  1.745E-03
  296.5000  2.544E-03  3.127E-03  3.432E-03  3.389E-03  3.008E-03
  297.5000  4.902E-03  5.906E-03  6.426E-03  6.353E-03  5.703E-03
  298.5000  5.871E-03  6.957E-03  7.512E-03  7.434E-03  6.738E-03
  299.5000  1.315E-02  1.534E-02  1.645E-02  1.629E-02  1.490E-02
  300.5000  1.237E-02  1.426E-02  1.507E-02  1.507E-02  1.388E-02
  301.5000  2.466E-02  2.805E-02  2.973E-02  2.950E-02  2.737E-02
  302.5000  3.083E-02  3.476E-02  3.670E-02  3.643E-02  3.398E-02
  303.5000  5.279E-02  5.892E-02  6.193E-02  6.152E-02  5.771E-02
  304.5000  5.791E-02  6.426E-02  6.737E-02  6.694E-02  6.301E-02
  305.5000  7.684E-02  8.453E-02  8.827E-02  8.775E-02  8.302E-02
  306.5000  8.044E-02  8.816E-02  9.190E-02  9.138E-02  8.664E-02
  307.5000  1.165E-01  1.268E-01  1.317E-01  1.311E-01  1.248E-01
  308.5000  1.307E-01  1.418E-01  1.472E-01  1.465E-01  1.397E-01
  309.5000  1.156E-01  1.248E-01  1.292E-01  1.286E-01  1.230E-01
  310.5000  1.578E-01  1.698E-01  1.747E-01  1.747E-01  1.674E-01
  311.5000  2.033E-01  2.183E-01  2.255E-01  2.245E-01  2.154E-01
  312.5000  1.989E-01  2.126E-01  2.193E-01  2.183E-01  2.100E-01
  313.5000  2.257E-01  2.411E-01  2.485E-01  2.475E-01  2.381E-01
  314.5000  2.260E-01  2.406E-01  2.476E-01  2.466E-01  2.377E-01
  315.5000  2.335E-01  2.484E-01  2.556E-01  2.546E-01  2.455E-01
  316.5000  2.328E-01  2.470E-01  2.538E-01  2.529E-01  2.443E-01
  317.5000  3.293E-01  3.494E-01  3.590E-01  3.577E-01  3.455E-01
  318.5000  2.592E-01  2.743E-01  2.816E-01  2.806E-01  2.714E-01
  319.5000  3.164E-01  3.347E-01  3.434E-01  3.422E-01  3.311E-01
  320.5000  3.850E-01  4.070E-01  4.175E-01  4.161E-01  4.028E-01
  321.5000  3.269E-01  3.448E-01  3.534E-01  3.522E-01  3.413E-01
  322.5000  3.293E-01  3.479E-01  3.567E-01  3.555E-01  3.443E-01
  323.5000  3.390E-01  3.572E-01  3.656E-01  3.646E-01  3.536E-01
  324.5000  3.979E-01  4.193E-01  4.294E-01  4.280E-01  4.151E-01
  325.5000  4.461E-01  4.703E-01  4.817E-01  4.801E-01  4.656E-01
  326.5000  5.392E-01  5.673E-01  5.806E-01  5.788E-01  5.618E-01
  327.5000  5.025E-01  5.290E-01  5.415E-01  5.397E-01  5.238E-01
  328.5000  4.641E-01  4.884E-01  5.000E-01  4.982E-01  4.837E-01
  329.5000  6.005E-01  6.311E-01  6.457E-01  6.437E-01  6.252E-01
  330.5000  5.465E-01  5.747E-01  5.880E-01  5.862E-01  5.692E-01
  331.5000  5.402E-01  5.681E-01  5.813E-01  5.795E-01  5.627E-01
  332.5000  5.312E-01  5.580E-01  5.707E-01  5.690E-01  5.528E-01
  333.5000  4.996E-01  5.250E-01  5.370E-01  5.354E-01  5.200E-01
  334.5000  5.580E-01  5.862E-01  5.996E-01  5.977E-01  5.807E-01
  335.5000  5.651E-01  5.934E-01  6.068E-01  6.049E-01  5.879E-01
  336.5000  4.420E-01  4.641E-01  4.746E-01  4.731E-01  4.598E-01
  337.5000  4.855E-01  5.099E-01  5.215E-01  5.199E-01  5.052E-01
  338.5000  5.120E-01  5.374E-01  5.495E-01  5.478E-01  5.325E-01
  339.5000  5.565E-01  5.841E-01  5.972E-01  5.954E-01  5.788E-01
  340.5000  5.953E-01  6.248E-01  6.389E-01  6.369E-01  6.191E-01
  341.5000  5.284E-01  5.545E-01  5.669E-01  5.652E-01  5.494E-01
  342.5000  5.854E-01  6.142E-01  6.278E-01  6.260E-01  6.086E-01
  343.5000  6.082E-01  6.381E-01  6.523E-01  6.504E-01  6.323E-01
  344.5000  4.264E-01  4.474E-01  4.573E-01  4.560E-01  4.433E-01
  345.5000  5.839E-01  6.124E-01  6.260E-01  6.241E-01  6.069E-01
  346.5000  5.464E-01  5.732E-01  5.859E-01  5.841E-01  5.680E-01
  347.5000  5.339E-01  5.600E-01  5.723E-01  5.706E-01  5.549E-01
  348.5000  5.867E-01  6.153E-01  6.288E-01  6.270E-01  6.097E-01
  349.5000  4.917E-01  5.156E-01  5.270E-01  5.254E-01  5.110E-01
  350.5000  6.884E-01  7.218E-01  7.377E-01  7.355E-01  7.154E-01
  351.5000  5.933E-01  6.221E-01  6.358E-01  6.339E-01  6.166E-01
  352.5000  5.351E-01  5.610E-01  5.733E-01  5.716E-01  5.560E-01
  353.5000  6.440E-01  6.752E-01  6.900E-01  6.879E-01  6.692E-01
  354.5000  6.970E-01  7.306E-01  7.466E-01  7.444E-01  7.241E-01
  355.5000  6.513E-01  6.827E-01  6.976E-01  6.956E-01  6.767E-01
  356.5000  6.045E-01  6.335E-01  6.473E-01  6.454E-01  6.279E-01
  357.5000  5.140E-01  5.387E-01  5.504E-01  5.488E-01  5.339E-01
  358.5000  3.966E-01  4.156E-01  4.247E-01  4.234E-01  4.120E-01
  359.5000  6.675E-01  6.994E-01  7.146E-01  7.125E-01  6.933E-01
  360.5000  6.187E-01  6.483E-01  6.623E-01  6.603E-01  6.425E-01
  361.5000  5.577E-01  5.844E-01  5.970E-01  5.953E-01  5.792E-01
  362.5000  6.549E-01  6.862E-01  7.010E-01  6.989E-01  6.801E-01
  363.5000  5.826E-01  6.103E-01  6.235E-01  6.217E-01  6.050E-01
  364.5000  6.355E-01  6.657E-01  6.800E-01  6.781E-01  6.599E-01
  365.5000  7.744E-01  8.111E-01  8.286E-01  8.262E-01  8.040E-01
  366.5000  8.195E-01  8.584E-01  8.768E-01  8.742E-01  8.508E-01
  367.5000  7.781E-01  8.149E-01  8.323E-01  8.299E-01  8.078E-01
  368.5000  6.835E-01  7.158E-01  7.311E-01  7.290E-01  7.096E-01
  369.5000  8.198E-01  8.585E-01  8.769E-01  8.743E-01  8.510E-01
  370.5000  7.438E-01  7.789E-01  7.955E-01  7.932E-01  7.721E-01
  371.5000  8.510E-01  8.911E-01  9.101E-01  9.075E-01  8.833E-01
  372.5000  6.286E-01  6.582E-01  6.721E-01  6.702E-01  6.524E-01
  373.5000  5.682E-01  5.949E-01  6.075E-01  6.057E-01  5.897E-01
  374.5000  6.236E-01  6.528E-01  6.667E-01  6.648E-01  6.472E-01
  375.5000  7.036E-01  7.365E-01  7.521E-01  7.499E-01  7.301E-01
  376.5000  7.025E-01  7.354E-01  7.509E-01  7.488E-01  7.290E-01
  377.5000  8.366E-01  8.756E-01  8.941E-01  8.916E-01  8.681E-01
  378.5000  9.118E-01  9.543E-01  9.744E-01  9.716E-01  9.461E-01
  379.5000  6.746E-01  7.060E-01  7.208E-01  7.188E-01  6.999E-01
  380.5000  8.112E-01  8.490E-01  8.668E-01  8.644E-01  8.417E-01
  381.5000  7.623E-01  7.977E-01  8.145E-01  8.122E-01  7.909E-01
  382.5000  5.079E-01  5.315E-01  5.427E-01  5.411E-01  5.269E-01
  383.5000  4.460E-01  4.667E-01  4.765E-01  4.751E-01  4.627E-01
  384.5000  6.694E-01  7.003E-01  7.150E-01  7.130E-01  6.943E-01
  385.5000  6.622E-01  6.928E-01  7.073E-01  7.053E-01  6.869E-01
  386.5000  6.750E-01  7.062E-01  7.209E-01  7.189E-01  7.002E-01
  387.5000  6.274E-01  6.563E-01  6.700E-01  6.681E-01  6.507E-01
  388.5000  6.288E-01  6.578E-01  6.715E-01  6.696E-01  6.522E-01
  389.5000  7.930E-01  8.295E-01  8.467E-01  8.443E-01  8.224E-01
  390.5000  7.789E-01  8.147E-01  8.316E-01  8.293E-01  8.078E-01
  391.5000  9.241E-01  9.665E-01  9.865E-01  9.838E-01  9.583E-01
  392.5000  6.930E-01  7.247E-01  7.397E-01  7.377E-01  7.186E-01
  393.5000  3.013E-01  3.151E-01  3.216E-01  3.207E-01  3.124E-01
  394.5000  7.090E-01  7.413E-01  7.567E-01  7.546E-01  7.351E-01
  395.5000  9.122E-01  9.538E-01  9.735E-01  9.708E-01  9.458E-01
  396.5000  5.356E-01  5.601E-01  5.716E-01  5.700E-01  5.553E-01
  397.5000  6.181E-01  6.463E-01  6.596E-01  6.577E-01  6.408E-01
  398.5000  1.062E+00  1.110E+00  1.133E+00  1.130E+00  1.101E+00
  399.5000  1.105E+00  1.155E+00  1.179E+00  1.175E+00  1.145E+00
  400.5000  1.162E+00  1.214E+00  1.239E+00  1.236E+00  1.204E+00
  401.5000  1.195E+00  1.249E+00  1.275E+00  1.271E+00  1.239E+00
  402.5000  1.241E+00  1.297E+00  1.324E+00  1.320E+00  1.286E+00
  403.5000  1.136E+00  1.187E+00  1.211E+00  1.208E+00  1.177E+00
  404.5000  1.114E+00  1.164E+00  1.188E+00  1.185E+00  1.155E+00
  405.5000  1.157E+00  1.209E+00  1.234E+00  1.231E+00  1.199E+00
  406.5000  1.090E+00  1.139E+00  1.162E+00  1.159E+00  1.130E+00
  407.5000  1.099E+00  1.149E+00  1.172E+00  1.169E+00  1.139E+00
  408.5000  1.224E+00  1.279E+00  1.305E+00  1.302E+00  1.269E+00
  409.5000  1.200E+00  1.254E+00  1.279E+00  1.276E+00  1.244E+00
  410.5000  1.041E+00  1.087E+00  1.110E+00  1.106E+00  1.078E+00
  411.5000  1.251E+00  1.307E+00  1.334E+00  1.330E+00  1.296E+00
  412.5000  1.240E+00  1.295E+00  1.322E+00  1.318E+00  1.285E+00
  413.5000  1.203E+00  1.256E+00  1.282E+00  1.278E+00  1.246E+00
  414.5000  1.236E+00  1.291E+00  1.317E+00  1.314E+00  1.281E+00
  415.5000  1.182E+00  1.235E+00  1.260E+00  1.257E+00  1.225E+00
  416.5000  1.287E+00  1.344E+00  1.371E+00  1.368E+00  1.333E+00
  417.5000  1.177E+00  1.229E+00  1.254E+00  1.250E+00  1.219E+00
  418.5000  1.186E+00  1.239E+00  1.264E+00  1.260E+00  1.228E+00
  419.5000  1.225E+00  1.280E+00  1.305E+00  1.302E+00  1.269E+00
------------------------------------------------------------
Dose rates, W m-2
   1 = UV-B, 280-315 nm                                  
   2 = UV-A, 315-400 nm                                  
   3 = Gaussian, 320 nm, 10 nm FWHM                      
   4 = RB Meter, model 501                               
   5 = DNA damage, in vitro (Setlow, 1974)               
   6 = UV index (WMO, 1994; Webb et al., 2011)           
   7 = Previtamin-D3 (CIE 2006)                          
values at z =      0.000 km
Columns: time, sza, weighting spectra
time, hrs.  sza, deg.          1          2          3          4          5          6          7
   11.0000     36.751  1.739E+00  5.081E+01  3.250E-01  5.219E-01  6.549E-03  1.008E+01  5.051E-01
   11.5000     33.851  1.883E+00  5.327E+01  3.436E-01  5.695E-01  7.419E-03  1.107E+01  5.556E-01
   12.0000     32.405  1.952E+00  5.443E+01  3.525E-01  5.925E-01  7.853E-03  1.155E+01  5.800E-01
   12.5000     32.607  1.943E+00  5.427E+01  3.513E-01  5.895E-01  7.796E-03  1.149E+01  5.768E-01
   13.0000     34.427  1.855E+00  5.279E+01  3.400E-01  5.601E-01  7.245E-03  1.088E+01  5.456E-01
------------------------------------------------------------
