Spectral Irradiance, W m-2 nm-1
values at z =      0.000 km
Columns: wavelength (nm), times (hrs.) or sza (deg.)
    wc, nm     11.000     11.500     12.000     12.500     13.000
    sza =      43.193     41.997     42.014     43.245     45.592
  280.5000  1.242E-17  2.458E-17  2.434E-17  1.204E-17  2.789E-18
  281.5000  7.660E-16  1.426E-15  1.414E-15  7.449E-16  1.966E-16
  282.5000  1.807E-14  3.192E-14  3.167E-14  1.761E-14  5.200E-15
  283.5000  1.276E-13  2.179E-13  2.163E-13  1.246E-13  3.955E-14
  284.5000  2.709E-12  4.349E-12  4.320E-12  2.652E-12  9.618E-13
  285.5000  1.625E-11  2.492E-11  2.477E-11  1.594E-11  6.377E-12
  286.5000  2.904E-10  4.301E-10  4.277E-10  2.853E-10  1.231E-10
  287.5000  2.635E-09  3.754E-09  3.735E-09  2.594E-09  1.217E-09
  288.5000  2.175E-08  2.970E-08  2.956E-08  2.145E-08  1.102E-08
  289.5000  1.705E-07  2.259E-07  2.250E-07  1.684E-07  9.232E-08
  290.5000  9.214E-07  1.190E-06  1.186E-06  9.109E-07  5.273E-07
  291.5000  4.070E-06  5.107E-06  5.091E-06  4.028E-06  2.436E-06
  292.5000  1.283E-05  1.573E-05  1.568E-05  1.271E-05  8.233E-06
  293.5000  4.768E-05  5.716E-05  5.701E-05  4.729E-05  3.211E-05
  294.5000  1.103E-04  1.300E-04  1.297E-04  1.095E-04  7.716E-05
  295.5000  3.415E-04  3.951E-04  3.943E-04  3.393E-04  2.486E-04
  296.5000  7.083E-04  8.072E-04  8.057E-04  7.042E-04  5.331E-04
  297.5000  1.580E-03  1.776E-03  1.773E-03  1.571E-03  1.224E-03
  298.5000  2.139E-03  2.379E-03  2.375E-03  2.129E-03  1.699E-03
  299.5000  5.382E-03  5.922E-03  5.914E-03  5.359E-03  4.373E-03
  300.5000  5.532E-03  6.039E-03  6.031E-03  5.511E-03  4.575E-03
  301.5000  1.214E-02  1.313E-02  1.312E-02  1.210E-02  1.023E-02
  302.5000  1.616E-02  1.739E-02  1.737E-02  1.611E-02  1.379E-02
  303.5000  2.981E-02  3.185E-02  3.182E-02  2.972E-02  2.582E-02
  304.5000  3.413E-02  3.633E-02  3.630E-02  3.404E-02  2.982E-02
  305.5000  4.827E-02  5.108E-02  5.104E-02  4.815E-02  4.270E-02
  306.5000  5.193E-02  5.482E-02  5.478E-02  5.181E-02  4.620E-02
  307.5000  7.927E-02  8.328E-02  8.322E-02  7.910E-02  7.105E-02
  308.5000  9.074E-02  9.515E-02  9.509E-02  9.055E-02  8.189E-02
  309.5000  8.292E-02  8.680E-02  8.675E-02  8.287E-02  7.545E-02
  310.5000  1.162E-01  1.212E-01  1.211E-01  1.160E-01  1.061E-01
  311.5000  1.522E-01  1.585E-01  1.584E-01  1.519E-01  1.394E-01
  312.5000  1.532E-01  1.591E-01  1.590E-01  1.529E-01  1.412E-01
  313.5000  1.751E-01  1.818E-01  1.817E-01  1.748E-01  1.616E-01
  314.5000  1.797E-01  1.861E-01  1.860E-01  1.794E-01  1.666E-01
  315.5000  1.865E-01  1.931E-01  1.930E-01  1.858E-01  1.731E-01
  316.5000  1.895E-01  1.958E-01  1.957E-01  1.892E-01  1.766E-01
  317.5000  2.682E-01  2.771E-01  2.770E-01  2.678E-01  2.499E-01
  318.5000  2.148E-01  2.216E-01  2.215E-01  2.145E-01  2.009E-01
  319.5000  2.631E-01  2.713E-01  2.712E-01  2.627E-01  2.462E-01
  320.5000  3.215E-01  3.314E-01  3.313E-01  3.211E-01  3.011E-01
  321.5000  2.773E-01  2.855E-01  2.854E-01  2.770E-01  2.606E-01
  322.5000  2.757E-01  2.839E-01  2.844E-01  2.757E-01  2.589E-01
  323.5000  2.897E-01  2.980E-01  2.979E-01  2.894E-01  2.727E-01
  324.5000  3.399E-01  3.497E-01  3.496E-01  3.395E-01  3.199E-01
  325.5000  3.803E-01  3.913E-01  3.912E-01  3.799E-01  3.578E-01
  326.5000  4.656E-01  4.785E-01  4.783E-01  4.651E-01  4.392E-01
  327.5000  4.323E-01  4.444E-01  4.442E-01  4.318E-01  4.074E-01
  328.5000  3.993E-01  4.105E-01  4.103E-01  3.989E-01  3.764E-01
  329.5000  5.217E-01  5.358E-01  5.356E-01  5.211E-01  4.928E-01
  330.5000  4.731E-01  4.860E-01  4.859E-01  4.725E-01  4.465E-01
  331.5000  4.674E-01  4.802E-01  4.800E-01  4.668E-01  4.411E-01
  332.5000  4.627E-01  4.751E-01  4.749E-01  4.622E-01  4.374E-01
  333.5000  4.341E-01  4.458E-01  4.456E-01  4.336E-01  4.100E-01
  334.5000  4.856E-01  4.986E-01  4.985E-01  4.851E-01  4.589E-01
  335.5000  4.935E-01  5.066E-01  5.064E-01  4.930E-01  4.667E-01
  336.5000  3.857E-01  3.959E-01  3.958E-01  3.853E-01  3.647E-01
  337.5000  4.229E-01  4.341E-01  4.340E-01  4.224E-01  3.997E-01
  338.5000  4.475E-01  4.592E-01  4.591E-01  4.470E-01  4.233E-01
  339.5000  4.867E-01  4.995E-01  4.993E-01  4.862E-01  4.605E-01
  340.5000  5.201E-01  5.337E-01  5.335E-01  5.195E-01  4.920E-01
  341.5000  4.625E-01  4.746E-01  4.744E-01  4.620E-01  4.378E-01
  342.5000  5.126E-01  5.260E-01  5.258E-01  5.121E-01  4.852E-01
  343.5000  5.324E-01  5.463E-01  5.461E-01  5.318E-01  5.039E-01
  344.5000  3.731E-01  3.828E-01  3.827E-01  3.727E-01  3.531E-01
  345.5000  5.118E-01  5.250E-01  5.249E-01  5.113E-01  4.846E-01
  346.5000  4.786E-01  4.910E-01  4.908E-01  4.781E-01  4.531E-01
  347.5000  4.678E-01  4.799E-01  4.797E-01  4.673E-01  4.429E-01
  348.5000  5.143E-01  5.276E-01  5.274E-01  5.137E-01  4.871E-01
  349.5000  4.311E-01  4.422E-01  4.420E-01  4.306E-01  4.083E-01
  350.5000  6.037E-01  6.192E-01  6.190E-01  6.030E-01  5.718E-01
  351.5000  5.204E-01  5.337E-01  5.335E-01  5.198E-01  4.929E-01
  352.5000  4.694E-01  4.814E-01  4.813E-01  4.689E-01  4.447E-01
  353.5000  5.652E-01  5.797E-01  5.795E-01  5.646E-01  5.355E-01
  354.5000  6.119E-01  6.275E-01  6.273E-01  6.112E-01  5.798E-01
  355.5000  5.719E-01  5.865E-01  5.863E-01  5.713E-01  5.420E-01
  356.5000  5.308E-01  5.443E-01  5.441E-01  5.303E-01  5.031E-01
  357.5000  4.515E-01  4.629E-01  4.627E-01  4.510E-01  4.279E-01
  358.5000  3.484E-01  3.573E-01  3.571E-01  3.481E-01  3.303E-01
  359.5000  5.865E-01  6.013E-01  6.011E-01  5.859E-01  5.560E-01
  360.5000  5.437E-01  5.574E-01  5.572E-01  5.431E-01  5.155E-01
  361.5000  4.903E-01  5.026E-01  5.025E-01  4.897E-01  4.648E-01
  362.5000  5.758E-01  5.903E-01  5.901E-01  5.752E-01  5.460E-01
  363.5000  5.123E-01  5.252E-01  5.250E-01  5.118E-01  4.858E-01
  364.5000  5.589E-01  5.729E-01  5.728E-01  5.583E-01  5.301E-01
  365.5000  6.811E-01  6.982E-01  6.980E-01  6.804E-01  6.460E-01
  366.5000  7.210E-01  7.390E-01  7.388E-01  7.202E-01  6.838E-01
  367.5000  6.846E-01  7.017E-01  7.015E-01  6.839E-01  6.494E-01
  368.5000  6.015E-01  6.165E-01  6.163E-01  6.009E-01  5.706E-01
  369.5000  7.216E-01  7.396E-01  7.393E-01  7.208E-01  6.846E-01
  370.5000  6.548E-01  6.711E-01  6.708E-01  6.541E-01  6.212E-01
  371.5000  7.493E-01  7.679E-01  7.676E-01  7.485E-01  7.110E-01
  372.5000  5.535E-01  5.673E-01  5.671E-01  5.530E-01  5.253E-01
  373.5000  5.004E-01  5.128E-01  5.126E-01  4.999E-01  4.749E-01
  374.5000  5.493E-01  5.629E-01  5.627E-01  5.487E-01  5.213E-01
  375.5000  6.198E-01  6.351E-01  6.349E-01  6.192E-01  5.883E-01
  376.5000  6.190E-01  6.343E-01  6.341E-01  6.184E-01  5.876E-01
  377.5000  7.372E-01  7.554E-01  7.551E-01  7.364E-01  6.998E-01
  378.5000  8.036E-01  8.234E-01  8.231E-01  8.028E-01  7.629E-01
  379.5000  5.946E-01  6.092E-01  6.090E-01  5.940E-01  5.645E-01
  380.5000  7.152E-01  7.327E-01  7.325E-01  7.144E-01  6.791E-01
  381.5000  6.721E-01  6.886E-01  6.884E-01  6.714E-01  6.382E-01
  382.5000  4.479E-01  4.589E-01  4.587E-01  4.475E-01  4.254E-01
  383.5000  3.934E-01  4.030E-01  4.029E-01  3.930E-01  3.736E-01
  384.5000  5.904E-01  6.048E-01  6.046E-01  5.898E-01  5.607E-01
  385.5000  5.842E-01  5.985E-01  5.983E-01  5.836E-01  5.549E-01
  386.5000  5.956E-01  6.101E-01  6.099E-01  5.950E-01  5.657E-01
  387.5000  5.536E-01  5.671E-01  5.669E-01  5.530E-01  5.259E-01
  388.5000  5.550E-01  5.684E-01  5.683E-01  5.544E-01  5.272E-01
  389.5000  7.000E-01  7.169E-01  7.167E-01  6.992E-01  6.650E-01
  390.5000  6.876E-01  7.043E-01  7.040E-01  6.869E-01  6.533E-01
  391.5000  8.159E-01  8.356E-01  8.353E-01  8.150E-01  7.752E-01
  392.5000  6.119E-01  6.267E-01  6.265E-01  6.113E-01  5.814E-01
  393.5000  2.661E-01  2.725E-01  2.724E-01  2.658E-01  2.528E-01
  394.5000  6.261E-01  6.412E-01  6.410E-01  6.255E-01  5.951E-01
  395.5000  8.057E-01  8.251E-01  8.248E-01  8.049E-01  7.658E-01
  396.5000  4.732E-01  4.846E-01  4.844E-01  4.727E-01  4.498E-01
  397.5000  5.461E-01  5.592E-01  5.590E-01  5.456E-01  5.191E-01
  398.5000  9.386E-01  9.611E-01  9.607E-01  9.376E-01  8.922E-01
  399.5000  9.764E-01  9.997E-01  9.994E-01  9.754E-01  9.282E-01
  400.5000  1.027E+00  1.051E+00  1.051E+00  1.026E+00  9.760E-01
  401.5000  1.056E+00  1.082E+00  1.081E+00  1.055E+00  1.004E+00
  402.5000  1.097E+00  1.123E+00  1.123E+00  1.096E+00  1.043E+00
  403.5000  1.004E+00  1.028E+00  1.028E+00  1.003E+00  9.548E-01
  404.5000  9.850E-01  1.008E+00  1.008E+00  9.840E-01  9.367E-01
  405.5000  1.023E+00  1.048E+00  1.047E+00  1.022E+00  9.733E-01
  406.5000  9.641E-01  9.870E-01  9.867E-01  9.631E-01  9.169E-01
  407.5000  9.721E-01  9.952E-01  9.949E-01  9.712E-01  9.246E-01
  408.5000  1.083E+00  1.108E+00  1.108E+00  1.082E+00  1.030E+00
  409.5000  1.062E+00  1.087E+00  1.086E+00  1.061E+00  1.010E+00
  410.5000  9.208E-01  9.426E-01  9.423E-01  9.199E-01  8.760E-01
  411.5000  1.107E+00  1.133E+00  1.133E+00  1.106E+00  1.053E+00
  412.5000  1.097E+00  1.123E+00  1.123E+00  1.096E+00  1.044E+00
  413.5000  1.064E+00  1.090E+00  1.089E+00  1.063E+00  1.013E+00
  414.5000  1.094E+00  1.120E+00  1.120E+00  1.093E+00  1.041E+00
  415.5000  1.047E+00  1.071E+00  1.071E+00  1.046E+00  9.960E-01
  416.5000  1.139E+00  1.166E+00  1.166E+00  1.138E+00  1.084E+00
  417.5000  1.042E+00  1.066E+00  1.066E+00  1.041E+00  9.914E-01
  418.5000  1.050E+00  1.075E+00  1.074E+00  1.049E+00  9.993E-01
  419.5000  1.085E+00  1.110E+00  1.110E+00  1.084E+00  1.033E+00
------------------------------------------------------------
Dose rates, W m-2
   1 = UV-B, 280-315 nm                                  
   2 = UV-A, 315-400 nm                                  
   3 = Gaussian, 320 nm, 10 nm FWHM                      
   4 = RB Meter, model 501                               
   5 = DNA damage, in vitro (Setlow, 1974)               
   6 = UV index (WMO, 1994; Webb et al., 2011)           
   7 = Previtamin-D3 (CIE 2006)                          
values at z =      0.000 km
Columns: time, sza, weighting spectra
time, hrs.  sza, deg.          1          2          3          4          5          6          7
   11.0000     43.193  1.238E+00  4.448E+01  2.711E-01  3.557E-01  3.529E-03  6.675E+00  3.244E-01
   11.5000     41.997  1.294E+00  4.561E+01  2.794E-01  3.731E-01  3.772E-03  7.011E+00  3.422E-01
   12.0000     42.014  1.293E+00  4.560E+01  2.794E-01  3.728E-01  3.769E-03  7.007E+00  3.419E-01
   12.5000     43.245  1.235E+00  4.443E+01  2.707E-01  3.550E-01  3.519E-03  6.660E+00  3.237E-01
   13.0000     45.592  1.125E+00  4.214E+01  2.539E-01  3.213E-01  3.062E-03  6.011E+00  2.894E-01
------------------------------------------------------------
