Spectral Irradiance, W m-2 nm-1
values at z =      0.000 km
Columns: wavelength (nm), times (hrs.) or sza (deg.)
    wc, nm     11.000     11.500     12.000     12.500     13.000
    sza =      57.438     56.291     55.789     55.951     56.767
  280.5000  1.780E-34  7.132E-34  1.507E-33  1.178E-33  3.740E-34
  281.5000  3.472E-31  1.341E-30  2.683E-30  2.139E-30  7.269E-31
  282.5000  1.621E-28  5.967E-28  1.136E-27  9.212E-28  3.344E-28
  283.5000  7.999E-27  2.832E-26  5.216E-26  4.278E-26  1.626E-26
  284.5000  6.074E-24  1.960E-23  3.387E-23  2.838E-23  1.183E-23
  285.5000  5.190E-22  1.545E-21  2.542E-21  2.165E-21  9.708E-22
  286.5000  7.189E-20  1.997E-19  3.163E-19  2.728E-19  1.297E-19
  287.5000  6.384E-18  1.631E-17  2.473E-17  2.163E-17  1.101E-17
  288.5000  6.331E-16  1.466E-15  2.117E-15  1.882E-15  1.033E-15
  289.5000  2.946E-14  6.335E-14  8.833E-14  7.940E-14  4.611E-14
  290.5000  7.126E-13  1.437E-12  1.944E-12  1.765E-12  1.075E-12
  291.5000  1.726E-11  3.226E-11  4.218E-11  3.871E-11  2.493E-11
  292.5000  2.193E-10  3.846E-10  4.888E-10  4.528E-10  3.052E-10
  293.5000  3.028E-09  4.996E-09  6.181E-09  5.775E-09  4.067E-09
  294.5000  1.956E-08  3.075E-08  3.725E-08  3.504E-08  2.555E-08
  295.5000  1.805E-07  2.692E-07  3.189E-07  3.021E-07  2.286E-07
  296.5000  9.268E-07  1.323E-06  1.538E-06  1.466E-06  1.144E-06
  297.5000  4.576E-06  6.283E-06  7.181E-06  6.881E-06  5.519E-06
  298.5000  1.210E-05  1.608E-05  1.812E-05  1.744E-05  1.431E-05
  299.5000  5.727E-05  7.373E-05  8.200E-05  7.926E-05  6.649E-05
  300.5000  9.542E-05  1.199E-04  1.320E-04  1.280E-04  1.092E-04
  301.5000  3.537E-04  4.330E-04  4.714E-04  4.588E-04  3.986E-04
  302.5000  6.636E-04  7.985E-04  8.631E-04  8.419E-04  7.404E-04
  303.5000  1.836E-03  2.164E-03  2.319E-03  2.269E-03  2.024E-03
  304.5000  2.656E-03  3.094E-03  3.299E-03  3.232E-03  2.907E-03
  305.5000  5.315E-03  6.084E-03  6.439E-03  6.323E-03  5.757E-03
  306.5000  6.639E-03  7.542E-03  7.957E-03  7.822E-03  7.159E-03
  307.5000  1.349E-02  1.510E-02  1.583E-02  1.559E-02  1.442E-02
  308.5000  1.722E-02  1.917E-02  2.006E-02  1.977E-02  1.835E-02
  309.5000  1.903E-02  2.097E-02  2.185E-02  2.157E-02  2.015E-02
  310.5000  3.044E-02  3.333E-02  3.462E-02  3.420E-02  3.211E-02
  311.5000  4.357E-02  4.748E-02  4.923E-02  4.866E-02  4.584E-02
  312.5000  5.130E-02  5.546E-02  5.730E-02  5.671E-02  5.372E-02
  313.5000  6.090E-02  6.570E-02  6.784E-02  6.715E-02  6.369E-02
  314.5000  7.142E-02  7.652E-02  7.877E-02  7.804E-02  7.439E-02
  315.5000  7.584E-02  8.115E-02  8.351E-02  8.275E-02  7.893E-02
  316.5000  8.545E-02  9.094E-02  9.337E-02  9.259E-02  8.865E-02
  317.5000  1.211E-01  1.289E-01  1.323E-01  1.312E-01  1.256E-01
  318.5000  1.066E-01  1.129E-01  1.157E-01  1.148E-01  1.103E-01
  319.5000  1.331E-01  1.408E-01  1.442E-01  1.431E-01  1.376E-01
  320.5000  1.663E-01  1.758E-01  1.799E-01  1.786E-01  1.718E-01
  321.5000  1.564E-01  1.645E-01  1.681E-01  1.669E-01  1.611E-01
  322.5000  1.459E-01  1.540E-01  1.576E-01  1.564E-01  1.507E-01
  323.5000  1.700E-01  1.784E-01  1.821E-01  1.810E-01  1.749E-01
  324.5000  1.988E-01  2.088E-01  2.131E-01  2.117E-01  2.046E-01
  325.5000  2.196E-01  2.308E-01  2.356E-01  2.341E-01  2.261E-01
  326.5000  2.886E-01  3.021E-01  3.080E-01  3.061E-01  2.965E-01
  327.5000  2.622E-01  2.748E-01  2.803E-01  2.785E-01  2.695E-01
  328.5000  2.425E-01  2.541E-01  2.592E-01  2.576E-01  2.493E-01
  329.5000  3.340E-01  3.490E-01  3.556E-01  3.535E-01  3.428E-01
  330.5000  2.966E-01  3.103E-01  3.163E-01  3.143E-01  3.046E-01
  331.5000  2.919E-01  3.055E-01  3.114E-01  3.095E-01  2.998E-01
  332.5000  3.003E-01  3.135E-01  3.193E-01  3.175E-01  3.080E-01
  333.5000  2.773E-01  2.898E-01  2.953E-01  2.935E-01  2.846E-01
  334.5000  3.131E-01  3.270E-01  3.331E-01  3.312E-01  3.212E-01
  335.5000  3.241E-01  3.382E-01  3.444E-01  3.424E-01  3.323E-01
  336.5000  2.521E-01  2.632E-01  2.680E-01  2.664E-01  2.586E-01
  337.5000  2.732E-01  2.853E-01  2.906E-01  2.889E-01  2.803E-01
  338.5000  2.947E-01  3.075E-01  3.130E-01  3.113E-01  3.022E-01
  339.5000  3.216E-01  3.354E-01  3.415E-01  3.395E-01  3.297E-01
  340.5000  3.415E-01  3.563E-01  3.628E-01  3.607E-01  3.502E-01
  341.5000  3.068E-01  3.200E-01  3.257E-01  3.239E-01  3.145E-01
  342.5000  3.408E-01  3.554E-01  3.617E-01  3.597E-01  3.493E-01
  343.5000  3.531E-01  3.682E-01  3.748E-01  3.727E-01  3.619E-01
  344.5000  2.467E-01  2.573E-01  2.619E-01  2.604E-01  2.529E-01
  345.5000  3.417E-01  3.562E-01  3.625E-01  3.605E-01  3.502E-01
  346.5000  3.180E-01  3.316E-01  3.375E-01  3.356E-01  3.259E-01
  347.5000  3.112E-01  3.245E-01  3.302E-01  3.284E-01  3.189E-01
  348.5000  3.431E-01  3.576E-01  3.640E-01  3.619E-01  3.516E-01
  349.5000  2.876E-01  2.998E-01  3.051E-01  3.034E-01  2.948E-01
  350.5000  4.032E-01  4.203E-01  4.277E-01  4.253E-01  4.132E-01
  351.5000  3.475E-01  3.622E-01  3.686E-01  3.666E-01  3.561E-01
  352.5000  3.139E-01  3.271E-01  3.329E-01  3.311E-01  3.216E-01
  353.5000  3.786E-01  3.945E-01  4.014E-01  3.992E-01  3.879E-01
  354.5000  4.104E-01  4.276E-01  4.351E-01  4.327E-01  4.205E-01
  355.5000  3.839E-01  3.999E-01  4.070E-01  4.047E-01  3.933E-01
  356.5000  3.565E-01  3.714E-01  3.779E-01  3.758E-01  3.652E-01
  357.5000  3.033E-01  3.160E-01  3.215E-01  3.197E-01  3.107E-01
  358.5000  2.343E-01  2.441E-01  2.484E-01  2.470E-01  2.400E-01
  359.5000  3.946E-01  4.111E-01  4.182E-01  4.159E-01  4.042E-01
  360.5000  3.661E-01  3.813E-01  3.879E-01  3.858E-01  3.750E-01
  361.5000  3.304E-01  3.441E-01  3.501E-01  3.481E-01  3.384E-01
  362.5000  3.883E-01  4.044E-01  4.114E-01  4.092E-01  3.977E-01
  363.5000  3.457E-01  3.600E-01  3.662E-01  3.642E-01  3.540E-01
  364.5000  3.773E-01  3.929E-01  3.997E-01  3.975E-01  3.864E-01
  365.5000  4.600E-01  4.790E-01  4.873E-01  4.847E-01  4.711E-01
  366.5000  4.873E-01  5.074E-01  5.161E-01  5.133E-01  4.990E-01
  367.5000  4.630E-01  4.821E-01  4.904E-01  4.877E-01  4.742E-01
  368.5000  4.070E-01  4.238E-01  4.311E-01  4.287E-01  4.168E-01
  369.5000  4.886E-01  5.087E-01  5.174E-01  5.146E-01  5.003E-01
  370.5000  4.436E-01  4.618E-01  4.697E-01  4.671E-01  4.542E-01
  371.5000  5.079E-01  5.287E-01  5.378E-01  5.348E-01  5.201E-01
  372.5000  3.754E-01  3.908E-01  3.975E-01  3.953E-01  3.844E-01
  373.5000  3.395E-01  3.534E-01  3.595E-01  3.575E-01  3.477E-01
  374.5000  3.729E-01  3.881E-01  3.948E-01  3.926E-01  3.818E-01
  375.5000  4.210E-01  4.382E-01  4.457E-01  4.433E-01  4.311E-01
  376.5000  4.207E-01  4.378E-01  4.453E-01  4.429E-01  4.307E-01
  377.5000  5.013E-01  5.217E-01  5.306E-01  5.277E-01  5.132E-01
  378.5000  5.467E-01  5.689E-01  5.786E-01  5.755E-01  5.597E-01
  379.5000  4.047E-01  4.212E-01  4.283E-01  4.260E-01  4.143E-01
  380.5000  4.871E-01  5.068E-01  5.154E-01  5.126E-01  4.986E-01
  381.5000  4.580E-01  4.765E-01  4.846E-01  4.820E-01  4.688E-01
  382.5000  3.054E-01  3.177E-01  3.231E-01  3.214E-01  3.126E-01
  383.5000  2.683E-01  2.791E-01  2.839E-01  2.823E-01  2.747E-01
  384.5000  4.029E-01  4.192E-01  4.262E-01  4.240E-01  4.124E-01
  385.5000  3.989E-01  4.150E-01  4.219E-01  4.197E-01  4.083E-01
  386.5000  4.069E-01  4.232E-01  4.303E-01  4.280E-01  4.164E-01
  387.5000  3.784E-01  3.936E-01  4.002E-01  3.980E-01  3.872E-01
  388.5000  3.795E-01  3.947E-01  4.013E-01  3.992E-01  3.884E-01
  389.5000  4.788E-01  4.980E-01  5.064E-01  5.037E-01  4.901E-01
  390.5000  4.706E-01  4.895E-01  4.976E-01  4.950E-01  4.816E-01
  391.5000  5.587E-01  5.810E-01  5.907E-01  5.876E-01  5.717E-01
  392.5000  4.192E-01  4.359E-01  4.432E-01  4.409E-01  4.290E-01
  393.5000  1.824E-01  1.896E-01  1.928E-01  1.918E-01  1.866E-01
  394.5000  4.294E-01  4.465E-01  4.539E-01  4.515E-01  4.394E-01
  395.5000  5.528E-01  5.748E-01  5.843E-01  5.812E-01  5.656E-01
  396.5000  3.248E-01  3.377E-01  3.433E-01  3.415E-01  3.323E-01
  397.5000  3.750E-01  3.899E-01  3.964E-01  3.943E-01  3.837E-01
  398.5000  6.448E-01  6.704E-01  6.815E-01  6.779E-01  6.598E-01
  399.5000  6.711E-01  6.976E-01  7.092E-01  7.055E-01  6.866E-01
  400.5000  7.060E-01  7.339E-01  7.460E-01  7.421E-01  7.223E-01
  401.5000  7.268E-01  7.554E-01  7.679E-01  7.639E-01  7.435E-01
  402.5000  7.549E-01  7.847E-01  7.976E-01  7.935E-01  7.723E-01
  403.5000  6.914E-01  7.186E-01  7.305E-01  7.267E-01  7.073E-01
  404.5000  6.785E-01  7.052E-01  7.168E-01  7.131E-01  6.941E-01
  405.5000  7.053E-01  7.330E-01  7.450E-01  7.412E-01  7.215E-01
  406.5000  6.647E-01  6.908E-01  7.021E-01  6.984E-01  6.799E-01
  407.5000  6.705E-01  6.968E-01  7.082E-01  7.045E-01  6.859E-01
  408.5000  7.472E-01  7.764E-01  7.891E-01  7.850E-01  7.643E-01
  409.5000  7.329E-01  7.615E-01  7.740E-01  7.699E-01  7.496E-01
  410.5000  6.359E-01  6.607E-01  6.715E-01  6.680E-01  6.504E-01
  411.5000  7.648E-01  7.946E-01  8.076E-01  8.034E-01  7.822E-01
  412.5000  7.584E-01  7.880E-01  8.008E-01  7.967E-01  7.757E-01
  413.5000  7.360E-01  7.647E-01  7.771E-01  7.731E-01  7.528E-01
  414.5000  7.569E-01  7.863E-01  7.991E-01  7.950E-01  7.741E-01
  415.5000  7.243E-01  7.525E-01  7.647E-01  7.607E-01  7.408E-01
  416.5000  7.887E-01  8.193E-01  8.326E-01  8.283E-01  8.066E-01
  417.5000  7.214E-01  7.494E-01  7.615E-01  7.576E-01  7.378E-01
  418.5000  7.275E-01  7.556E-01  7.679E-01  7.639E-01  7.439E-01
  419.5000  7.519E-01  7.810E-01  7.936E-01  7.895E-01  7.689E-01
------------------------------------------------------------
Dose rates, W m-2
   1 = UV-B, 280-315 nm                                  
   2 = UV-A, 315-400 nm                                  
   3 = Gaussian, 320 nm, 10 nm FWHM                      
   4 = RB Meter, model 501                               
   5 = DNA damage, in vitro (Setlow, 1974)               
   6 = UV index (WMO, 1994; Webb et al., 2011)           
   7 = Previtamin-D3 (CIE 2006)                          
values at z =      0.000 km
Columns: time, sza, weighting spectra
time, hrs.  sza, deg.          1          2          3          4          5          6          7
   11.0000     57.438  3.250E-01  2.941E+01  1.415E-01  9.390E-02  4.697E-04  1.876E+00  6.013E-02
   11.5000     56.291  3.541E-01  3.065E+01  1.494E-01  1.016E-01  5.191E-04  2.014E+00  6.629E-02
   12.0000     55.789  3.671E-01  3.120E+01  1.528E-01  1.051E-01  5.418E-04  2.076E+00  6.908E-02
   12.5000     55.951  3.629E-01  3.102E+01  1.517E-01  1.039E-01  5.344E-04  2.056E+00  6.818E-02
   13.0000     56.767  3.419E-01  3.014E+01  1.461E-01  9.837E-02  4.982E-04  1.956E+00  6.369E-02
------------------------------------------------------------
