Spectral Irradiance, W m-2 nm-1
values at z =      0.000 km
Columns: wavelength (nm), times (hrs.) or sza (deg.)
    wc, nm     11.000     11.500     12.000     12.500     13.000
    sza =      54.133     52.468     51.760     52.047     53.313
  280.5000  5.594E-22  2.906E-21  5.652E-21  4.215E-21  1.277E-21
  281.5000  8.510E-20  3.807E-19  6.940E-19  5.467E-19  1.803E-19
  282.5000  4.353E-18  1.714E-17  2.980E-17  2.386E-17  8.652E-18
  283.5000  5.075E-17  1.839E-16  3.093E-16  2.510E-16  9.678E-17
  284.5000  2.695E-15  8.394E-15  1.328E-14  1.104E-14  4.763E-15
  285.5000  3.177E-14  8.853E-14  1.339E-13  1.134E-13  5.312E-14
  286.5000  9.536E-13  2.440E-12  3.565E-12  3.061E-12  1.528E-12
  287.5000  1.538E-11  3.581E-11  5.034E-11  4.391E-11  2.350E-11
  288.5000  2.369E-10  4.977E-10  6.714E-10  5.953E-10  3.439E-10
  289.5000  2.899E-09  5.663E-09  7.415E-09  6.654E-09  4.057E-09
  290.5000  2.276E-08  4.181E-08  5.341E-08  4.841E-08  3.089E-08
  291.5000  1.535E-07  2.630E-07  3.267E-07  2.995E-07  2.012E-07
  292.5000  6.836E-07  1.107E-06  1.344E-06  1.243E-06  8.708E-07
  293.5000  3.515E-06  5.396E-06  6.412E-06  5.983E-06  4.360E-06
  294.5000  1.048E-05  1.543E-05  1.803E-05  1.694E-05  1.273E-05
  295.5000  4.245E-05  5.982E-05  6.866E-05  6.496E-05  5.043E-05
  296.5000  1.100E-04  1.495E-04  1.691E-04  1.609E-04  1.283E-04
  297.5000  2.983E-04  3.924E-04  4.381E-04  4.191E-04  3.423E-04
  298.5000  4.760E-04  6.095E-04  6.732E-04  6.469E-04  5.389E-04
  299.5000  1.398E-03  1.745E-03  1.907E-03  1.840E-03  1.562E-03
  300.5000  1.617E-03  1.980E-03  2.147E-03  2.078E-03  1.790E-03
  301.5000  4.030E-03  4.834E-03  5.200E-03  5.050E-03  4.417E-03
  302.5000  5.839E-03  6.903E-03  7.383E-03  7.186E-03  6.351E-03
  303.5000  1.189E-02  1.383E-02  1.464E-02  1.434E-02  1.283E-02
  304.5000  1.442E-02  1.661E-02  1.758E-02  1.718E-02  1.548E-02
  305.5000  2.219E-02  2.521E-02  2.654E-02  2.600E-02  2.366E-02
  306.5000  2.477E-02  2.797E-02  2.937E-02  2.880E-02  2.631E-02
  307.5000  4.055E-02  4.510E-02  4.730E-02  4.647E-02  4.285E-02
  308.5000  4.768E-02  5.298E-02  5.528E-02  5.434E-02  5.026E-02
  309.5000  4.570E-02  5.034E-02  5.242E-02  5.159E-02  4.800E-02
  310.5000  6.609E-02  7.247E-02  7.522E-02  7.410E-02  6.922E-02
  311.5000  8.851E-02  9.670E-02  1.002E-01  9.879E-02  9.252E-02
  312.5000  9.261E-02  1.005E-01  1.039E-01  1.025E-01  9.650E-02
  313.5000  1.069E-01  1.158E-01  1.197E-01  1.181E-01  1.113E-01
  314.5000  1.134E-01  1.222E-01  1.259E-01  1.244E-01  1.177E-01
  315.5000  1.183E-01  1.274E-01  1.313E-01  1.297E-01  1.228E-01
  316.5000  1.234E-01  1.323E-01  1.361E-01  1.345E-01  1.278E-01
  317.5000  1.747E-01  1.873E-01  1.926E-01  1.905E-01  1.809E-01
  318.5000  1.432E-01  1.530E-01  1.571E-01  1.554E-01  1.480E-01
  319.5000  1.763E-01  1.881E-01  1.931E-01  1.911E-01  1.821E-01
  320.5000  2.167E-01  2.310E-01  2.371E-01  2.346E-01  2.237E-01
  321.5000  1.909E-01  2.028E-01  2.079E-01  2.058E-01  1.968E-01
  322.5000  1.872E-01  1.993E-01  2.045E-01  2.024E-01  1.932E-01
  323.5000  2.015E-01  2.137E-01  2.188E-01  2.168E-01  2.075E-01
  324.5000  2.363E-01  2.506E-01  2.567E-01  2.542E-01  2.434E-01
  325.5000  2.637E-01  2.798E-01  2.866E-01  2.838E-01  2.716E-01
  326.5000  3.285E-01  3.475E-01  3.556E-01  3.523E-01  3.379E-01
  327.5000  3.034E-01  3.213E-01  3.289E-01  3.258E-01  3.123E-01
  328.5000  2.805E-01  2.970E-01  3.039E-01  3.011E-01  2.886E-01
  329.5000  3.712E-01  3.922E-01  4.011E-01  3.975E-01  3.816E-01
  330.5000  3.351E-01  3.543E-01  3.624E-01  3.591E-01  3.445E-01
  331.5000  3.308E-01  3.498E-01  3.578E-01  3.546E-01  3.402E-01
  332.5000  3.306E-01  3.491E-01  3.569E-01  3.537E-01  3.397E-01
  333.5000  3.091E-01  3.265E-01  3.339E-01  3.309E-01  3.177E-01
  334.5000  3.467E-01  3.661E-01  3.742E-01  3.709E-01  3.562E-01
  335.5000  3.540E-01  3.735E-01  3.817E-01  3.784E-01  3.636E-01
  336.5000  2.764E-01  2.917E-01  2.981E-01  2.955E-01  2.840E-01
  337.5000  3.023E-01  3.191E-01  3.262E-01  3.233E-01  3.106E-01
  338.5000  3.214E-01  3.391E-01  3.465E-01  3.435E-01  3.302E-01
  339.5000  3.500E-01  3.691E-01  3.772E-01  3.739E-01  3.595E-01
  340.5000  3.736E-01  3.940E-01  4.027E-01  3.992E-01  3.837E-01
  341.5000  3.331E-01  3.513E-01  3.589E-01  3.558E-01  3.421E-01
  342.5000  3.695E-01  3.896E-01  3.980E-01  3.946E-01  3.794E-01
  343.5000  3.837E-01  4.045E-01  4.133E-01  4.097E-01  3.940E-01
  344.5000  2.688E-01  2.834E-01  2.895E-01  2.870E-01  2.760E-01
  345.5000  3.697E-01  3.896E-01  3.980E-01  3.946E-01  3.795E-01
  346.5000  3.454E-01  3.640E-01  3.719E-01  3.687E-01  3.546E-01
  347.5000  3.378E-01  3.560E-01  3.636E-01  3.605E-01  3.467E-01
  348.5000  3.717E-01  3.917E-01  4.001E-01  3.967E-01  3.816E-01
  349.5000  3.117E-01  3.284E-01  3.354E-01  3.326E-01  3.199E-01
  350.5000  4.367E-01  4.601E-01  4.700E-01  4.660E-01  4.483E-01
  351.5000  3.765E-01  3.967E-01  4.052E-01  4.017E-01  3.865E-01
  352.5000  3.399E-01  3.580E-01  3.657E-01  3.626E-01  3.488E-01
  353.5000  4.095E-01  4.313E-01  4.405E-01  4.368E-01  4.203E-01
  354.5000  4.436E-01  4.672E-01  4.771E-01  4.731E-01  4.552E-01
  355.5000  4.148E-01  4.368E-01  4.461E-01  4.423E-01  4.257E-01
  356.5000  3.851E-01  4.056E-01  4.142E-01  4.107E-01  3.952E-01
  357.5000  3.277E-01  3.450E-01  3.523E-01  3.494E-01  3.363E-01
  358.5000  2.530E-01  2.664E-01  2.721E-01  2.698E-01  2.597E-01
  359.5000  4.261E-01  4.486E-01  4.581E-01  4.542E-01  4.372E-01
  360.5000  3.952E-01  4.160E-01  4.248E-01  4.212E-01  4.055E-01
  361.5000  3.565E-01  3.753E-01  3.832E-01  3.800E-01  3.658E-01
  362.5000  4.189E-01  4.409E-01  4.502E-01  4.464E-01  4.298E-01
  363.5000  3.729E-01  3.924E-01  4.007E-01  3.973E-01  3.825E-01
  364.5000  4.070E-01  4.283E-01  4.373E-01  4.336E-01  4.175E-01
  365.5000  4.961E-01  5.221E-01  5.330E-01  5.286E-01  5.090E-01
  366.5000  5.254E-01  5.528E-01  5.644E-01  5.597E-01  5.389E-01
  367.5000  4.991E-01  5.251E-01  5.361E-01  5.317E-01  5.120E-01
  368.5000  4.387E-01  4.615E-01  4.712E-01  4.673E-01  4.500E-01
  369.5000  5.265E-01  5.539E-01  5.654E-01  5.607E-01  5.400E-01
  370.5000  4.779E-01  5.027E-01  5.132E-01  5.089E-01  4.902E-01
  371.5000  5.471E-01  5.755E-01  5.874E-01  5.826E-01  5.611E-01
  372.5000  4.043E-01  4.253E-01  4.341E-01  4.305E-01  4.147E-01
  373.5000  3.657E-01  3.846E-01  3.925E-01  3.893E-01  3.750E-01
  374.5000  4.015E-01  4.223E-01  4.310E-01  4.275E-01  4.118E-01
  375.5000  4.533E-01  4.767E-01  4.865E-01  4.825E-01  4.648E-01
  376.5000  4.529E-01  4.762E-01  4.860E-01  4.820E-01  4.644E-01
  377.5000  5.395E-01  5.673E-01  5.790E-01  5.742E-01  5.533E-01
  378.5000  5.883E-01  6.186E-01  6.313E-01  6.261E-01  6.033E-01
  379.5000  4.355E-01  4.578E-01  4.672E-01  4.634E-01  4.466E-01
  380.5000  5.240E-01  5.509E-01  5.621E-01  5.576E-01  5.373E-01
  381.5000  4.927E-01  5.179E-01  5.285E-01  5.242E-01  5.051E-01
  382.5000  3.284E-01  3.452E-01  3.523E-01  3.494E-01  3.367E-01
  383.5000  2.885E-01  3.033E-01  3.095E-01  3.070E-01  2.958E-01
  384.5000  4.332E-01  4.553E-01  4.646E-01  4.608E-01  4.442E-01
  385.5000  4.288E-01  4.507E-01  4.598E-01  4.561E-01  4.396E-01
  386.5000  4.373E-01  4.596E-01  4.689E-01  4.651E-01  4.483E-01
  387.5000  4.067E-01  4.273E-01  4.360E-01  4.325E-01  4.169E-01
  388.5000  4.078E-01  4.285E-01  4.372E-01  4.336E-01  4.180E-01
  389.5000  5.145E-01  5.406E-01  5.515E-01  5.471E-01  5.274E-01
  390.5000  5.056E-01  5.312E-01  5.419E-01  5.376E-01  5.183E-01
  391.5000  6.001E-01  6.304E-01  6.432E-01  6.380E-01  6.151E-01
  392.5000  4.503E-01  4.729E-01  4.825E-01  4.786E-01  4.615E-01
  393.5000  1.958E-01  2.057E-01  2.098E-01  2.082E-01  2.007E-01
  394.5000  4.611E-01  4.842E-01  4.940E-01  4.900E-01  4.725E-01
  395.5000  5.935E-01  6.233E-01  6.358E-01  6.308E-01  6.082E-01
  396.5000  3.487E-01  3.662E-01  3.735E-01  3.705E-01  3.573E-01
  397.5000  4.025E-01  4.227E-01  4.312E-01  4.277E-01  4.125E-01
  398.5000  6.920E-01  7.266E-01  7.412E-01  7.353E-01  7.092E-01
  399.5000  7.202E-01  7.561E-01  7.712E-01  7.651E-01  7.380E-01
  400.5000  7.575E-01  7.953E-01  8.111E-01  8.047E-01  7.762E-01
  401.5000  7.797E-01  8.185E-01  8.349E-01  8.283E-01  7.989E-01
  402.5000  8.098E-01  8.501E-01  8.671E-01  8.602E-01  8.298E-01
  403.5000  7.416E-01  7.785E-01  7.939E-01  7.877E-01  7.598E-01
  404.5000  7.277E-01  7.638E-01  7.790E-01  7.729E-01  7.456E-01
  405.5000  7.563E-01  7.938E-01  8.095E-01  8.032E-01  7.749E-01
  406.5000  7.127E-01  7.480E-01  7.628E-01  7.568E-01  7.301E-01
  407.5000  7.188E-01  7.544E-01  7.693E-01  7.633E-01  7.364E-01
  408.5000  8.009E-01  8.405E-01  8.571E-01  8.504E-01  8.205E-01
  409.5000  7.855E-01  8.243E-01  8.406E-01  8.340E-01  8.047E-01
  410.5000  6.815E-01  7.151E-01  7.292E-01  7.235E-01  6.981E-01
  411.5000  8.195E-01  8.599E-01  8.768E-01  8.700E-01  8.395E-01
  412.5000  8.127E-01  8.526E-01  8.694E-01  8.626E-01  8.324E-01
  413.5000  7.885E-01  8.272E-01  8.435E-01  8.369E-01  8.077E-01
  414.5000  8.108E-01  8.506E-01  8.673E-01  8.605E-01  8.305E-01
  415.5000  7.759E-01  8.139E-01  8.298E-01  8.234E-01  7.947E-01
  416.5000  8.448E-01  8.861E-01  9.035E-01  8.964E-01  8.652E-01
  417.5000  7.726E-01  8.104E-01  8.262E-01  8.198E-01  7.913E-01
  418.5000  7.790E-01  8.170E-01  8.330E-01  8.265E-01  7.978E-01
  419.5000  8.050E-01  8.443E-01  8.608E-01  8.541E-01  8.245E-01
------------------------------------------------------------
Dose rates, W m-2
   1 = UV-B, 280-315 nm                                  
   2 = UV-A, 315-400 nm                                  
   3 = Gaussian, 320 nm, 10 nm FWHM                      
   4 = RB Meter, model 501                               
   5 = DNA damage, in vitro (Setlow, 1974)               
   6 = UV index (WMO, 1994; Webb et al., 2011)           
   7 = Previtamin-D3 (CIE 2006)                          
values at z =      0.000 km
Columns: time, sza, weighting spectra
time, hrs.  sza, deg.          1          2          3          4          5          6          7
   11.0000     54.133  6.885E-01  3.218E+01  1.827E-01  1.923E-01  1.503E-03  3.579E+00  1.611E-01
   11.5000     52.468  7.564E-01  3.390E+01  1.948E-01  2.119E-01  1.715E-03  3.942E+00  1.801E-01
   12.0000     51.760  7.861E-01  3.463E+01  1.999E-01  2.205E-01  1.810E-03  4.102E+00  1.885E-01
   12.5000     52.047  7.741E-01  3.433E+01  1.978E-01  2.170E-01  1.772E-03  4.037E+00  1.851E-01
   13.0000     53.313  7.218E-01  3.303E+01  1.887E-01  2.019E-01  1.605E-03  3.756E+00  1.704E-01
------------------------------------------------------------
