Spectral Irradiance, W m-2 nm-1
values at z =      0.000 km
Columns: wavelength (nm), times (hrs.) or sza (deg.)
    wc, nm     11.000     11.500     12.000     12.500     13.000
    sza =      29.918     28.627     28.587     29.803     32.125
  280.5000  2.148E-18  3.477E-18  3.527E-18  2.244E-18  8.744E-19
  281.5000  1.587E-16  2.461E-16  2.494E-16  1.652E-16  7.000E-17
  282.5000  4.374E-15  6.538E-15  6.617E-15  4.537E-15  2.067E-15
  283.5000  3.417E-14  4.987E-14  5.044E-14  3.537E-14  1.689E-14
  284.5000  8.725E-13  1.219E-12  1.231E-12  8.995E-13  4.678E-13
  285.5000  6.001E-12  8.119E-12  8.192E-12  6.168E-12  3.417E-12
  286.5000  1.192E-10  1.573E-10  1.586E-10  1.222E-10  7.107E-11
  287.5000  1.216E-09  1.561E-09  1.573E-09  1.244E-09  7.632E-10
  288.5000  1.140E-08  1.420E-08  1.429E-08  1.163E-08  7.563E-09
  289.5000  9.793E-08  1.158E-07  1.202E-07  9.971E-08  6.764E-08
  290.5000  5.714E-07  6.846E-07  6.883E-07  5.809E-07  4.082E-07
  291.5000  2.754E-06  3.233E-06  3.249E-06  2.795E-06  2.044E-06
  292.5000  9.330E-06  1.077E-05  1.082E-05  9.453E-06  7.142E-06
  293.5000  3.711E-05  4.217E-05  4.233E-05  3.754E-05  2.925E-05
  294.5000  9.059E-05  1.017E-04  1.020E-04  9.155E-05  7.305E-05
  295.5000  2.968E-04  3.289E-04  3.299E-04  2.996E-04  2.453E-04
  296.5000  6.459E-04  7.080E-04  7.099E-04  6.513E-04  5.446E-04
  297.5000  1.502E-03  1.631E-03  1.635E-03  1.513E-03  1.289E-03
  298.5000  2.109E-03  2.271E-03  2.276E-03  2.123E-03  1.837E-03
  299.5000  5.487E-03  5.866E-03  5.877E-03  5.520E-03  4.847E-03
  300.5000  5.790E-03  6.154E-03  6.165E-03  5.822E-03  5.170E-03
  301.5000  1.307E-02  1.381E-02  1.383E-02  1.314E-02  1.181E-02
  302.5000  1.773E-02  1.865E-02  1.868E-02  1.781E-02  1.614E-02
  303.5000  3.344E-02  3.501E-02  3.505E-02  3.358E-02  3.072E-02
  304.5000  3.878E-02  4.049E-02  4.054E-02  3.894E-02  3.582E-02
  305.5000  5.590E-02  5.811E-02  5.818E-02  5.610E-02  5.202E-02
  306.5000  6.063E-02  6.292E-02  6.299E-02  6.084E-02  5.662E-02
  307.5000  9.400E-02  9.722E-02  9.731E-02  9.429E-02  8.833E-02
  308.5000  1.082E-01  1.118E-01  1.119E-01  1.086E-01  1.020E-01
  309.5000  1.000E-01  1.031E-01  1.032E-01  1.003E-01  9.381E-02
  310.5000  1.410E-01  1.443E-01  1.452E-01  1.413E-01  1.338E-01
  311.5000  1.855E-01  1.907E-01  1.908E-01  1.860E-01  1.764E-01
  312.5000  1.883E-01  1.932E-01  1.933E-01  1.887E-01  1.797E-01
  313.5000  2.157E-01  2.211E-01  2.213E-01  2.162E-01  2.059E-01
  314.5000  2.228E-01  2.281E-01  2.283E-01  2.233E-01  2.134E-01
  315.5000  2.315E-01  2.369E-01  2.371E-01  2.320E-01  2.218E-01
  316.5000  2.365E-01  2.417E-01  2.419E-01  2.370E-01  2.272E-01
  317.5000  3.346E-01  3.420E-01  3.422E-01  3.353E-01  3.214E-01
  318.5000  2.694E-01  2.750E-01  2.751E-01  2.699E-01  2.593E-01
  319.5000  3.302E-01  3.370E-01  3.372E-01  3.308E-01  3.180E-01
  320.5000  4.039E-01  4.121E-01  4.124E-01  4.046E-01  3.892E-01
  321.5000  3.501E-01  3.568E-01  3.570E-01  3.507E-01  3.380E-01
  322.5000  3.471E-01  3.540E-01  3.542E-01  3.477E-01  3.346E-01
  323.5000  3.663E-01  3.731E-01  3.734E-01  3.669E-01  3.540E-01
  324.5000  4.295E-01  4.376E-01  4.379E-01  4.303E-01  4.151E-01
  325.5000  4.800E-01  4.891E-01  4.894E-01  4.808E-01  4.638E-01
  326.5000  5.899E-01  6.006E-01  6.009E-01  5.909E-01  5.709E-01
  327.5000  5.468E-01  5.568E-01  5.571E-01  5.477E-01  5.289E-01
  328.5000  5.050E-01  5.142E-01  5.145E-01  5.058E-01  4.885E-01
  329.5000  6.616E-01  6.733E-01  6.736E-01  6.627E-01  6.408E-01
  330.5000  5.989E-01  6.096E-01  6.099E-01  6.000E-01  5.798E-01
  331.5000  5.913E-01  6.019E-01  6.022E-01  5.923E-01  5.724E-01
  332.5000  5.866E-01  5.968E-01  5.971E-01  5.875E-01  5.684E-01
  333.5000  5.495E-01  5.591E-01  5.594E-01  5.504E-01  5.322E-01
  334.5000  6.149E-01  6.256E-01  6.259E-01  6.159E-01  5.957E-01
  335.5000  6.253E-01  6.361E-01  6.364E-01  6.263E-01  6.061E-01
  336.5000  4.884E-01  4.968E-01  4.970E-01  4.892E-01  4.733E-01
  337.5000  5.348E-01  5.441E-01  5.444E-01  5.357E-01  5.182E-01
  338.5000  5.664E-01  5.761E-01  5.764E-01  5.673E-01  5.491E-01
  339.5000  6.160E-01  6.264E-01  6.268E-01  6.169E-01  5.972E-01
  340.5000  6.577E-01  6.689E-01  6.693E-01  6.587E-01  6.376E-01
  341.5000  5.851E-01  5.950E-01  5.953E-01  5.860E-01  5.673E-01
  342.5000  6.483E-01  6.592E-01  6.595E-01  6.493E-01  6.287E-01
  343.5000  6.729E-01  6.843E-01  6.846E-01  6.740E-01  6.526E-01
  344.5000  4.713E-01  4.793E-01  4.795E-01  4.720E-01  4.570E-01
  345.5000  6.467E-01  6.575E-01  6.578E-01  6.477E-01  6.272E-01
  346.5000  6.043E-01  6.144E-01  6.148E-01  6.052E-01  5.861E-01
  347.5000  5.904E-01  6.003E-01  6.006E-01  5.913E-01  5.727E-01
  348.5000  6.490E-01  6.599E-01  6.602E-01  6.500E-01  6.296E-01
  349.5000  5.438E-01  5.529E-01  5.532E-01  5.446E-01  5.275E-01
  350.5000  7.614E-01  7.740E-01  7.744E-01  7.625E-01  7.386E-01
  351.5000  6.560E-01  6.669E-01  6.672E-01  6.570E-01  6.364E-01
  352.5000  5.916E-01  6.014E-01  6.017E-01  5.925E-01  5.740E-01
  353.5000  7.121E-01  7.239E-01  7.243E-01  7.132E-01  6.910E-01
  354.5000  7.707E-01  7.834E-01  7.838E-01  7.719E-01  7.479E-01
  355.5000  7.201E-01  7.320E-01  7.324E-01  7.212E-01  6.988E-01
  356.5000  6.682E-01  6.792E-01  6.795E-01  6.692E-01  6.484E-01
  357.5000  5.681E-01  5.774E-01  5.777E-01  5.689E-01  5.513E-01
  358.5000  4.383E-01  4.455E-01  4.457E-01  4.390E-01  4.254E-01
  359.5000  7.375E-01  7.496E-01  7.500E-01  7.387E-01  7.158E-01
  360.5000  6.835E-01  6.947E-01  6.950E-01  6.845E-01  6.634E-01
  361.5000  6.162E-01  6.262E-01  6.265E-01  6.171E-01  5.981E-01
  362.5000  7.234E-01  7.352E-01  7.356E-01  7.245E-01  7.023E-01
  363.5000  6.434E-01  6.539E-01  6.542E-01  6.444E-01  6.246E-01
  364.5000  7.018E-01  7.132E-01  7.136E-01  7.028E-01  6.813E-01
  365.5000  8.550E-01  8.689E-01  8.693E-01  8.562E-01  8.300E-01
  366.5000  9.047E-01  9.194E-01  9.198E-01  9.060E-01  8.784E-01
  367.5000  8.589E-01  8.728E-01  8.732E-01  8.601E-01  8.339E-01
  368.5000  7.543E-01  7.665E-01  7.669E-01  7.555E-01  7.325E-01
  369.5000  9.047E-01  9.193E-01  9.197E-01  9.060E-01  8.785E-01
  370.5000  8.207E-01  8.339E-01  8.343E-01  8.219E-01  7.969E-01
  371.5000  9.389E-01  9.540E-01  9.544E-01  9.402E-01  9.117E-01
  372.5000  6.934E-01  7.045E-01  7.049E-01  6.944E-01  6.734E-01
  373.5000  6.266E-01  6.367E-01  6.370E-01  6.276E-01  6.086E-01
  374.5000  6.876E-01  6.987E-01  6.990E-01  6.886E-01  6.678E-01
  375.5000  7.757E-01  7.881E-01  7.885E-01  7.769E-01  7.534E-01
  376.5000  7.745E-01  7.869E-01  7.873E-01  7.756E-01  7.523E-01
  377.5000  9.221E-01  9.369E-01  9.373E-01  9.235E-01  8.957E-01
  378.5000  1.005E+00  1.021E+00  1.021E+00  1.006E+00  9.761E-01
  379.5000  7.433E-01  7.552E-01  7.555E-01  7.444E-01  7.221E-01
  380.5000  8.938E-01  9.080E-01  9.085E-01  8.951E-01  8.683E-01
  381.5000  8.398E-01  8.531E-01  8.535E-01  8.410E-01  8.158E-01
  382.5000  5.595E-01  5.684E-01  5.687E-01  5.603E-01  5.436E-01
  383.5000  4.912E-01  4.990E-01  4.993E-01  4.920E-01  4.773E-01
  384.5000  7.371E-01  7.488E-01  7.491E-01  7.382E-01  7.162E-01
  385.5000  7.292E-01  7.407E-01  7.410E-01  7.302E-01  7.085E-01
  386.5000  7.432E-01  7.549E-01  7.553E-01  7.442E-01  7.221E-01
  387.5000  6.906E-01  7.015E-01  7.018E-01  6.916E-01  6.710E-01
  388.5000  6.921E-01  7.030E-01  7.033E-01  6.931E-01  6.725E-01
  389.5000  8.727E-01  8.864E-01  8.868E-01  8.740E-01  8.481E-01
  390.5000  8.571E-01  8.706E-01  8.710E-01  8.583E-01  8.329E-01
  391.5000  1.017E+00  1.033E+00  1.033E+00  1.018E+00  9.880E-01
  392.5000  7.623E-01  7.743E-01  7.746E-01  7.634E-01  7.409E-01
  393.5000  3.314E-01  3.366E-01  3.367E-01  3.319E-01  3.221E-01
  394.5000  7.797E-01  7.919E-01  7.922E-01  7.808E-01  7.578E-01
  395.5000  1.003E+00  1.019E+00  1.019E+00  1.005E+00  9.749E-01
  396.5000  5.889E-01  5.981E-01  5.984E-01  5.898E-01  5.725E-01
  397.5000  6.795E-01  6.901E-01  6.905E-01  6.805E-01  6.605E-01
  398.5000  1.168E+00  1.186E+00  1.186E+00  1.169E+00  1.135E+00
  399.5000  1.214E+00  1.233E+00  1.234E+00  1.216E+00  1.180E+00
  400.5000  1.277E+00  1.296E+00  1.297E+00  1.278E+00  1.241E+00
  401.5000  1.313E+00  1.334E+00  1.334E+00  1.315E+00  1.277E+00
  402.5000  1.363E+00  1.384E+00  1.385E+00  1.365E+00  1.325E+00
  403.5000  1.248E+00  1.267E+00  1.268E+00  1.250E+00  1.213E+00
  404.5000  1.224E+00  1.243E+00  1.243E+00  1.225E+00  1.190E+00
  405.5000  1.271E+00  1.291E+00  1.291E+00  1.273E+00  1.236E+00
  406.5000  1.197E+00  1.216E+00  1.216E+00  1.199E+00  1.164E+00
  407.5000  1.207E+00  1.225E+00  1.226E+00  1.209E+00  1.173E+00
  408.5000  1.344E+00  1.365E+00  1.365E+00  1.346E+00  1.307E+00
  409.5000  1.317E+00  1.338E+00  1.338E+00  1.319E+00  1.281E+00
  410.5000  1.142E+00  1.160E+00  1.160E+00  1.144E+00  1.111E+00
  411.5000  1.373E+00  1.394E+00  1.395E+00  1.375E+00  1.335E+00
  412.5000  1.361E+00  1.382E+00  1.382E+00  1.363E+00  1.323E+00
  413.5000  1.320E+00  1.340E+00  1.341E+00  1.322E+00  1.283E+00
  414.5000  1.356E+00  1.377E+00  1.378E+00  1.358E+00  1.319E+00
  415.5000  1.297E+00  1.317E+00  1.318E+00  1.299E+00  1.262E+00
  416.5000  1.412E+00  1.433E+00  1.434E+00  1.414E+00  1.373E+00
  417.5000  1.290E+00  1.310E+00  1.311E+00  1.292E+00  1.255E+00
  418.5000  1.301E+00  1.320E+00  1.321E+00  1.302E+00  1.265E+00
  419.5000  1.343E+00  1.364E+00  1.364E+00  1.345E+00  1.307E+00
------------------------------------------------------------
Dose rates, W m-2
   1 = UV-B, 280-315 nm                                  
   2 = UV-A, 315-400 nm                                  
   3 = Gaussian, 320 nm, 10 nm FWHM                      
   4 = RB Meter, model 501                               
   5 = DNA damage, in vitro (Setlow, 1974)               
   6 = UV index (WMO, 1994; Webb et al., 2011)           
   7 = Previtamin-D3 (CIE 2006)                          
values at z =      0.000 km
Columns: time, sza, weighting spectra
time, hrs.  sza, deg.          1          2          3          4          5          6          7
   11.0000     29.918  1.491E+00  5.583E+01  3.405E-01  4.246E-01  3.973E-03  7.919E+00  3.805E-01
   11.5000     28.627  1.536E+00  5.676E+01  3.474E-01  4.381E-01  4.153E-03  8.179E+00  3.942E-01
   12.0000     28.587  1.538E+00  5.679E+01  3.476E-01  4.387E-01  4.159E-03  8.189E+00  3.948E-01
   12.5000     29.803  1.495E+00  5.592E+01  3.411E-01  4.258E-01  3.989E-03  7.943E+00  3.817E-01
   13.0000     32.125  1.410E+00  5.417E+01  3.281E-01  4.004E-01  3.661E-03  7.459E+00  3.560E-01
------------------------------------------------------------
