Spectral Irradiance, W m-2 nm-1
values at z =      0.000 km
Columns: wavelength (nm), times (hrs.) or sza (deg.)
    wc, nm     11.000     11.500     12.000     12.500     13.000
    sza =      25.453     23.199     23.226     25.528     29.580
  280.5000  5.646E-13  8.953E-13  8.906E-13  5.554E-13  2.083E-13
  281.5000  1.323E-11  2.016E-11  2.006E-11  1.304E-11  5.327E-12
  282.5000  1.360E-10  2.001E-10  1.993E-10  1.341E-10  5.900E-11
  283.5000  5.599E-10  8.056E-10  8.023E-10  5.527E-10  2.550E-10
  284.5000  4.448E-09  6.144E-09  6.121E-09  4.397E-09  2.214E-09
  285.5000  1.290E-08  1.728E-08  1.723E-08  1.277E-08  6.854E-09
  286.5000  1.319E-07  1.727E-07  1.721E-07  1.306E-07  7.371E-08
  287.5000  6.441E-07  8.219E-07  8.196E-07  6.386E-07  3.807E-07
  288.5000  2.712E-06  3.264E-06  3.309E-06  2.692E-06  1.703E-06
  289.5000  1.314E-05  1.598E-05  1.595E-05  1.305E-05  8.621E-06
  290.5000  4.737E-05  5.664E-05  5.653E-05  4.708E-05  3.223E-05
  291.5000  1.323E-04  1.552E-04  1.549E-04  1.316E-04  9.383E-05
  292.5000  2.867E-04  3.310E-04  3.305E-04  2.852E-04  2.103E-04
  293.5000  7.486E-04  8.518E-04  8.506E-04  7.452E-04  5.670E-04
  294.5000  1.314E-03  1.478E-03  1.476E-03  1.309E-03  1.021E-03
  295.5000  3.035E-03  3.372E-03  3.368E-03  3.024E-03  2.420E-03
  296.5000  4.937E-03  5.429E-03  5.424E-03  4.921E-03  4.025E-03
  297.5000  8.896E-03  9.697E-03  9.687E-03  8.869E-03  7.394E-03
  298.5000  1.007E-02  1.089E-02  1.088E-02  1.004E-02  8.508E-03
  299.5000  2.139E-02  2.297E-02  2.296E-02  2.134E-02  1.835E-02
  300.5000  1.932E-02  2.064E-02  2.062E-02  1.927E-02  1.677E-02
  301.5000  3.684E-02  3.913E-02  3.910E-02  3.676E-02  3.239E-02
  302.5000  4.474E-02  4.733E-02  4.730E-02  4.465E-02  3.966E-02
  303.5000  7.404E-02  7.797E-02  7.793E-02  7.391E-02  6.629E-02
  304.5000  7.964E-02  8.364E-02  8.360E-02  7.950E-02  7.171E-02
  305.5000  1.026E-01  1.074E-01  1.073E-01  1.025E-01  9.319E-02
  306.5000  1.061E-01  1.108E-01  1.107E-01  1.059E-01  9.669E-02
  307.5000  1.500E-01  1.561E-01  1.561E-01  1.498E-01  1.377E-01
  308.5000  1.667E-01  1.733E-01  1.732E-01  1.665E-01  1.534E-01
  309.5000  1.450E-01  1.505E-01  1.504E-01  1.448E-01  1.341E-01
  310.5000  1.957E-01  2.027E-01  2.026E-01  1.954E-01  1.816E-01
  311.5000  2.503E-01  2.590E-01  2.589E-01  2.500E-01  2.328E-01
  312.5000  2.415E-01  2.495E-01  2.494E-01  2.413E-01  2.255E-01
  313.5000  2.732E-01  2.821E-01  2.820E-01  2.729E-01  2.551E-01
  314.5000  2.704E-01  2.788E-01  2.787E-01  2.701E-01  2.535E-01
  315.5000  2.789E-01  2.873E-01  2.873E-01  2.785E-01  2.616E-01
  316.5000  2.755E-01  2.836E-01  2.835E-01  2.753E-01  2.592E-01
  317.5000  3.896E-01  4.010E-01  4.009E-01  3.892E-01  3.665E-01
  318.5000  3.042E-01  3.127E-01  3.126E-01  3.039E-01  2.868E-01
  319.5000  3.706E-01  3.809E-01  3.808E-01  3.702E-01  3.496E-01
  320.5000  4.500E-01  4.625E-01  4.623E-01  4.496E-01  4.249E-01
  321.5000  3.793E-01  3.894E-01  3.893E-01  3.790E-01  3.588E-01
  322.5000  3.841E-01  3.945E-01  3.944E-01  3.837E-01  3.628E-01
  323.5000  3.918E-01  4.020E-01  4.019E-01  3.915E-01  3.711E-01
  324.5000  4.600E-01  4.720E-01  4.718E-01  4.596E-01  4.357E-01
  325.5000  5.162E-01  5.297E-01  5.296E-01  5.158E-01  4.888E-01
  326.5000  6.202E-01  6.357E-01  6.356E-01  6.196E-01  5.882E-01
  327.5000  5.789E-01  5.936E-01  5.935E-01  5.784E-01  5.488E-01
  328.5000  5.344E-01  5.480E-01  5.478E-01  5.337E-01  5.067E-01
  329.5000  6.884E-01  7.055E-01  7.053E-01  6.878E-01  6.536E-01
  330.5000  6.274E-01  6.431E-01  6.430E-01  6.269E-01  5.955E-01
  331.5000  6.203E-01  6.358E-01  6.357E-01  6.198E-01  5.887E-01
  332.5000  6.079E-01  6.228E-01  6.226E-01  6.074E-01  5.774E-01
  333.5000  5.723E-01  5.864E-01  5.863E-01  5.718E-01  5.435E-01
  334.5000  6.386E-01  6.543E-01  6.542E-01  6.381E-01  6.067E-01
  335.5000  6.457E-01  6.614E-01  6.612E-01  6.451E-01  6.137E-01
  336.5000  5.051E-01  5.174E-01  5.172E-01  5.047E-01  4.800E-01
  337.5000  5.553E-01  5.689E-01  5.687E-01  5.548E-01  5.276E-01
  338.5000  5.845E-01  5.986E-01  5.985E-01  5.840E-01  5.557E-01
  339.5000  6.351E-01  6.504E-01  6.502E-01  6.345E-01  6.038E-01
  340.5000  6.795E-01  6.959E-01  6.957E-01  6.789E-01  6.460E-01
  341.5000  6.026E-01  6.170E-01  6.169E-01  6.021E-01  5.731E-01
  342.5000  6.672E-01  6.832E-01  6.830E-01  6.667E-01  6.346E-01
  343.5000  6.933E-01  7.099E-01  7.097E-01  6.927E-01  6.594E-01
  344.5000  4.861E-01  4.977E-01  4.976E-01  4.857E-01  4.623E-01
  345.5000  6.649E-01  6.808E-01  6.806E-01  6.644E-01  6.326E-01
  346.5000  6.224E-01  6.372E-01  6.371E-01  6.219E-01  5.921E-01
  347.5000  6.079E-01  6.224E-01  6.222E-01  6.074E-01  5.784E-01
  348.5000  6.678E-01  6.836E-01  6.835E-01  6.673E-01  6.355E-01
  349.5000  5.595E-01  5.728E-01  5.727E-01  5.591E-01  5.325E-01
  350.5000  7.832E-01  8.017E-01  8.015E-01  7.826E-01  7.454E-01
  351.5000  6.749E-01  6.909E-01  6.907E-01  6.744E-01  6.424E-01
  352.5000  6.085E-01  6.229E-01  6.227E-01  6.080E-01  5.792E-01
  353.5000  7.322E-01  7.494E-01  7.493E-01  7.316E-01  6.970E-01
  354.5000  7.922E-01  8.108E-01  8.106E-01  7.915E-01  7.542E-01
  355.5000  7.401E-01  7.575E-01  7.573E-01  7.395E-01  7.047E-01
  356.5000  6.867E-01  7.028E-01  7.026E-01  6.862E-01  6.539E-01
  357.5000  5.838E-01  5.975E-01  5.973E-01  5.834E-01  5.559E-01
  358.5000  4.504E-01  4.609E-01  4.608E-01  4.500E-01  4.289E-01
  359.5000  7.578E-01  7.755E-01  7.753E-01  7.572E-01  7.217E-01
  360.5000  7.022E-01  7.186E-01  7.184E-01  7.017E-01  6.688E-01
  361.5000  6.329E-01  6.476E-01  6.475E-01  6.324E-01  6.029E-01
  362.5000  7.430E-01  7.603E-01  7.601E-01  7.425E-01  7.078E-01
  363.5000  6.608E-01  6.761E-01  6.760E-01  6.603E-01  6.296E-01
  364.5000  7.207E-01  7.374E-01  7.372E-01  7.202E-01  6.867E-01
  365.5000  8.780E-01  8.983E-01  8.981E-01  8.773E-01  8.366E-01
  366.5000  9.290E-01  9.504E-01  9.502E-01  9.283E-01  8.852E-01
  367.5000  8.818E-01  9.022E-01  9.019E-01  8.812E-01  8.403E-01
  368.5000  7.745E-01  7.923E-01  7.921E-01  7.739E-01  7.381E-01
  369.5000  9.288E-01  9.501E-01  9.499E-01  9.281E-01  8.852E-01
  370.5000  8.425E-01  8.618E-01  8.616E-01  8.418E-01  8.030E-01
  371.5000  9.638E-01  9.858E-01  9.856E-01  9.630E-01  9.186E-01
  372.5000  7.117E-01  7.280E-01  7.278E-01  7.112E-01  6.785E-01
  373.5000  6.432E-01  6.579E-01  6.577E-01  6.427E-01  6.132E-01
  374.5000  7.058E-01  7.219E-01  7.217E-01  7.052E-01  6.729E-01
  375.5000  7.961E-01  8.143E-01  8.141E-01  7.955E-01  7.590E-01
  376.5000  7.948E-01  8.129E-01  8.127E-01  7.942E-01  7.579E-01
  377.5000  9.463E-01  9.678E-01  9.676E-01  9.456E-01  9.023E-01
  378.5000  1.031E+00  1.055E+00  1.054E+00  1.030E+00  9.833E-01
  379.5000  7.627E-01  7.800E-01  7.799E-01  7.622E-01  7.274E-01
  380.5000  9.171E-01  9.379E-01  9.377E-01  9.164E-01  8.747E-01
  381.5000  8.616E-01  8.811E-01  8.809E-01  8.610E-01  8.218E-01
  382.5000  5.740E-01  5.870E-01  5.869E-01  5.736E-01  5.475E-01
  383.5000  5.040E-01  5.153E-01  5.152E-01  5.036E-01  4.807E-01
  384.5000  7.562E-01  7.732E-01  7.730E-01  7.556E-01  7.214E-01
  385.5000  7.480E-01  7.648E-01  7.647E-01  7.474E-01  7.136E-01
  386.5000  7.623E-01  7.795E-01  7.793E-01  7.618E-01  7.273E-01
  387.5000  7.084E-01  7.243E-01  7.241E-01  7.078E-01  6.759E-01
  388.5000  7.099E-01  7.258E-01  7.257E-01  7.094E-01  6.774E-01
  389.5000  8.951E-01  9.152E-01  9.149E-01  8.944E-01  8.541E-01
  390.5000  8.790E-01  8.987E-01  8.985E-01  8.784E-01  8.388E-01
  391.5000  1.043E+00  1.066E+00  1.066E+00  1.042E+00  9.951E-01
  392.5000  7.818E-01  7.992E-01  7.990E-01  7.812E-01  7.461E-01
  393.5000  3.398E-01  3.474E-01  3.473E-01  3.396E-01  3.243E-01
  394.5000  7.995E-01  8.174E-01  8.172E-01  7.990E-01  7.632E-01
  395.5000  1.029E+00  1.051E+00  1.051E+00  1.028E+00  9.818E-01
  396.5000  6.039E-01  6.173E-01  6.172E-01  6.035E-01  5.765E-01
  397.5000  6.968E-01  7.122E-01  7.121E-01  6.963E-01  6.652E-01
  398.5000  1.197E+00  1.224E+00  1.223E+00  1.196E+00  1.143E+00
  399.5000  1.245E+00  1.273E+00  1.272E+00  1.244E+00  1.189E+00
  400.5000  1.309E+00  1.338E+00  1.337E+00  1.308E+00  1.250E+00
  401.5000  1.346E+00  1.376E+00  1.376E+00  1.345E+00  1.286E+00
  402.5000  1.398E+00  1.428E+00  1.428E+00  1.397E+00  1.335E+00
  403.5000  1.279E+00  1.307E+00  1.307E+00  1.278E+00  1.221E+00
  404.5000  1.254E+00  1.282E+00  1.282E+00  1.253E+00  1.198E+00
  405.5000  1.303E+00  1.332E+00  1.331E+00  1.302E+00  1.244E+00
  406.5000  1.227E+00  1.254E+00  1.254E+00  1.226E+00  1.172E+00
  407.5000  1.237E+00  1.264E+00  1.264E+00  1.236E+00  1.182E+00
  408.5000  1.378E+00  1.408E+00  1.407E+00  1.377E+00  1.316E+00
  409.5000  1.350E+00  1.380E+00  1.380E+00  1.349E+00  1.290E+00
  410.5000  1.171E+00  1.197E+00  1.196E+00  1.170E+00  1.119E+00
  411.5000  1.407E+00  1.438E+00  1.438E+00  1.406E+00  1.344E+00
  412.5000  1.395E+00  1.425E+00  1.425E+00  1.394E+00  1.332E+00
  413.5000  1.352E+00  1.382E+00  1.382E+00  1.352E+00  1.292E+00
  414.5000  1.390E+00  1.420E+00  1.420E+00  1.389E+00  1.328E+00
  415.5000  1.329E+00  1.358E+00  1.358E+00  1.328E+00  1.270E+00
  416.5000  1.447E+00  1.478E+00  1.478E+00  1.446E+00  1.382E+00
  417.5000  1.322E+00  1.351E+00  1.351E+00  1.321E+00  1.264E+00
  418.5000  1.333E+00  1.362E+00  1.361E+00  1.332E+00  1.274E+00
  419.5000  1.377E+00  1.406E+00  1.406E+00  1.376E+00  1.315E+00
------------------------------------------------------------
Dose rates, W m-2
   1 = UV-B, 280-315 nm                                  
   2 = UV-A, 315-400 nm                                  
   3 = Gaussian, 320 nm, 10 nm FWHM                      
   4 = RB Meter, model 501                               
   5 = DNA damage, in vitro (Setlow, 1974)               
   6 = UV index (WMO, 1994; Webb et al., 2011)           
   7 = Previtamin-D3 (CIE 2006)                          
values at z =      0.000 km
Columns: time, sza, weighting spectra
time, hrs.  sza, deg.          1          2          3          4          5          6          7
   11.0000     25.453  2.207E+00  5.778E+01  3.801E-01  6.812E-01  9.759E-03  1.346E+01  6.766E-01
   11.5000     23.199  2.294E+00  5.914E+01  3.906E-01  7.111E-01  1.039E-02  1.410E+01  7.087E-01
   12.0000     23.226  2.293E+00  5.912E+01  3.905E-01  7.107E-01  1.038E-02  1.409E+01  7.083E-01
   12.5000     25.528  2.204E+00  5.773E+01  3.798E-01  6.802E-01  9.738E-03  1.344E+01  6.755E-01
   13.0000     29.580  2.033E+00  5.500E+01  3.588E-01  6.220E-01  8.560E-03  1.220E+01  6.133E-01
------------------------------------------------------------
