Spectral Irradiance, W m-2 nm-1
values at z =      0.000 km
Columns: wavelength (nm), times (hrs.) or sza (deg.)
    wc, nm     11.000     11.500     12.000     12.500     13.000
    sza =      47.561     45.792     45.147     45.675     47.335
  280.5000  6.419E-18  2.052E-17  3.059E-17  2.209E-17  7.488E-18
  281.5000  4.166E-16  1.200E-15  1.726E-15  1.283E-15  4.793E-16
  282.5000  1.026E-14  2.704E-14  3.773E-14  2.875E-14  1.167E-14
  283.5000  7.452E-14  1.853E-13  2.535E-13  1.964E-13  8.408E-14
  284.5000  1.666E-12  3.728E-12  4.917E-12  3.923E-12  1.853E-12
  285.5000  1.038E-11  2.148E-11  2.758E-11  2.249E-11  1.143E-11
  286.5000  1.909E-10  3.721E-10  4.681E-10  3.882E-10  2.085E-10
  287.5000  1.788E-09  3.262E-09  4.011E-09  3.389E-09  1.937E-09
  288.5000  1.528E-08  2.593E-08  3.110E-08  2.681E-08  1.638E-08
  289.5000  1.227E-07  1.979E-07  2.332E-07  2.039E-07  1.307E-07
  290.5000  6.766E-07  1.045E-06  1.213E-06  1.074E-06  7.166E-07
  291.5000  3.058E-06  4.495E-06  5.133E-06  4.606E-06  3.217E-06
  292.5000  9.818E-06  1.387E-05  1.562E-05  1.418E-05  1.028E-05
  293.5000  3.712E-05  5.050E-05  5.614E-05  5.149E-05  3.866E-05
  294.5000  8.702E-05  1.150E-04  1.265E-04  1.170E-04  9.028E-05
  295.5000  2.731E-04  3.498E-04  3.809E-04  3.553E-04  2.822E-04
  296.5000  5.730E-04  7.152E-04  7.720E-04  7.253E-04  5.900E-04
  297.5000  1.290E-03  1.575E-03  1.686E-03  1.595E-03  1.325E-03
  298.5000  1.762E-03  2.109E-03  2.245E-03  2.134E-03  1.804E-03
  299.5000  4.466E-03  5.252E-03  5.555E-03  5.307E-03  4.562E-03
  300.5000  4.617E-03  5.356E-03  5.638E-03  5.407E-03  4.708E-03
  301.5000  1.019E-02  1.165E-02  1.220E-02  1.175E-02  1.037E-02
  302.5000  1.362E-02  1.542E-02  1.610E-02  1.555E-02  1.385E-02
  303.5000  2.525E-02  2.826E-02  2.938E-02  2.846E-02  2.562E-02
  304.5000  2.899E-02  3.223E-02  3.344E-02  3.245E-02  2.939E-02
  305.5000  4.115E-02  4.531E-02  4.685E-02  4.559E-02  4.168E-02
  306.5000  4.436E-02  4.864E-02  5.021E-02  4.892E-02  4.490E-02
  307.5000  6.794E-02  7.389E-02  7.607E-02  7.428E-02  6.869E-02
  308.5000  7.787E-02  8.443E-02  8.682E-02  8.486E-02  7.870E-02
  309.5000  7.142E-02  7.702E-02  7.906E-02  7.739E-02  7.213E-02
  310.5000  1.001E-01  1.075E-01  1.102E-01  1.080E-01  1.010E-01
  311.5000  1.313E-01  1.407E-01  1.441E-01  1.413E-01  1.325E-01
  312.5000  1.324E-01  1.412E-01  1.444E-01  1.418E-01  1.335E-01
  313.5000  1.514E-01  1.613E-01  1.649E-01  1.620E-01  1.527E-01
  314.5000  1.556E-01  1.652E-01  1.686E-01  1.658E-01  1.569E-01
  315.5000  1.616E-01  1.714E-01  1.749E-01  1.720E-01  1.628E-01
  316.5000  1.644E-01  1.738E-01  1.773E-01  1.745E-01  1.656E-01
  317.5000  2.327E-01  2.460E-01  2.508E-01  2.468E-01  2.344E-01
  318.5000  1.866E-01  1.967E-01  2.004E-01  1.974E-01  1.879E-01
  319.5000  2.286E-01  2.409E-01  2.454E-01  2.417E-01  2.302E-01
  320.5000  2.795E-01  2.943E-01  2.997E-01  2.953E-01  2.814E-01
  321.5000  2.413E-01  2.535E-01  2.579E-01  2.543E-01  2.429E-01
  322.5000  2.401E-01  2.527E-01  2.573E-01  2.535E-01  2.417E-01
  323.5000  2.523E-01  2.647E-01  2.692E-01  2.655E-01  2.538E-01
  324.5000  2.960E-01  3.106E-01  3.159E-01  3.116E-01  2.979E-01
  325.5000  3.312E-01  3.477E-01  3.536E-01  3.487E-01  3.333E-01
  326.5000  4.058E-01  4.251E-01  4.320E-01  4.264E-01  4.083E-01
  327.5000  3.767E-01  3.949E-01  4.014E-01  3.961E-01  3.791E-01
  328.5000  3.481E-01  3.648E-01  3.708E-01  3.659E-01  3.502E-01
  329.5000  4.550E-01  4.762E-01  4.838E-01  4.776E-01  4.578E-01
  330.5000  4.126E-01  4.320E-01  4.390E-01  4.333E-01  4.151E-01
  331.5000  4.077E-01  4.269E-01  4.338E-01  4.281E-01  4.102E-01
  332.5000  4.038E-01  4.224E-01  4.290E-01  4.236E-01  4.062E-01
  333.5000  3.788E-01  3.963E-01  4.026E-01  3.975E-01  3.811E-01
  334.5000  4.239E-01  4.434E-01  4.504E-01  4.447E-01  4.264E-01
  335.5000  4.309E-01  4.505E-01  4.575E-01  4.518E-01  4.335E-01
  336.5000  3.368E-01  3.521E-01  3.576E-01  3.531E-01  3.388E-01
  337.5000  3.693E-01  3.862E-01  3.923E-01  3.873E-01  3.715E-01
  338.5000  3.909E-01  4.086E-01  4.149E-01  4.097E-01  3.932E-01
  339.5000  4.253E-01  4.444E-01  4.513E-01  4.457E-01  4.278E-01
  340.5000  4.545E-01  4.750E-01  4.824E-01  4.763E-01  4.571E-01
  341.5000  4.043E-01  4.224E-01  4.289E-01  4.236E-01  4.066E-01
  342.5000  4.482E-01  4.682E-01  4.754E-01  4.695E-01  4.508E-01
  343.5000  4.655E-01  4.863E-01  4.938E-01  4.877E-01  4.682E-01
  344.5000  3.263E-01  3.409E-01  3.461E-01  3.418E-01  3.282E-01
  345.5000  4.477E-01  4.676E-01  4.747E-01  4.689E-01  4.503E-01
  346.5000  4.187E-01  4.373E-01  4.440E-01  4.385E-01  4.211E-01
  347.5000  4.093E-01  4.274E-01  4.339E-01  4.286E-01  4.116E-01
  348.5000  4.501E-01  4.700E-01  4.771E-01  4.713E-01  4.526E-01
  349.5000  3.773E-01  3.940E-01  3.999E-01  3.950E-01  3.794E-01
  350.5000  5.285E-01  5.518E-01  5.601E-01  5.533E-01  5.315E-01
  351.5000  4.556E-01  4.756E-01  4.828E-01  4.770E-01  4.582E-01
  352.5000  4.110E-01  4.291E-01  4.356E-01  4.303E-01  4.134E-01
  353.5000  4.950E-01  5.167E-01  5.245E-01  5.181E-01  4.978E-01
  354.5000  5.360E-01  5.594E-01  5.678E-01  5.609E-01  5.390E-01
  355.5000  5.010E-01  5.229E-01  5.308E-01  5.243E-01  5.039E-01
  356.5000  4.651E-01  4.854E-01  4.927E-01  4.867E-01  4.677E-01
  357.5000  3.956E-01  4.128E-01  4.190E-01  4.140E-01  3.978E-01
  358.5000  3.054E-01  3.187E-01  3.234E-01  3.195E-01  3.071E-01
  359.5000  5.141E-01  5.364E-01  5.444E-01  5.379E-01  5.170E-01
  360.5000  4.767E-01  4.973E-01  5.047E-01  4.987E-01  4.793E-01
  361.5000  4.299E-01  4.485E-01  4.551E-01  4.497E-01  4.323E-01
  362.5000  5.050E-01  5.268E-01  5.346E-01  5.282E-01  5.078E-01
  363.5000  4.493E-01  4.687E-01  4.756E-01  4.700E-01  4.518E-01
  364.5000  4.903E-01  5.114E-01  5.190E-01  5.128E-01  4.930E-01
  365.5000  5.976E-01  6.233E-01  6.325E-01  6.249E-01  6.009E-01
  366.5000  6.326E-01  6.598E-01  6.695E-01  6.615E-01  6.361E-01
  367.5000  6.008E-01  6.266E-01  6.358E-01  6.282E-01  6.041E-01
  368.5000  5.279E-01  5.505E-01  5.586E-01  5.520E-01  5.309E-01
  369.5000  6.334E-01  6.605E-01  6.702E-01  6.623E-01  6.369E-01
  370.5000  5.749E-01  5.994E-01  6.082E-01  6.010E-01  5.780E-01
  371.5000  6.579E-01  6.859E-01  6.960E-01  6.878E-01  6.615E-01
  372.5000  4.861E-01  5.068E-01  5.142E-01  5.081E-01  4.888E-01
  373.5000  4.395E-01  4.582E-01  4.648E-01  4.594E-01  4.419E-01
  374.5000  4.825E-01  5.030E-01  5.103E-01  5.043E-01  4.851E-01
  375.5000  5.445E-01  5.676E-01  5.758E-01  5.691E-01  5.475E-01
  376.5000  5.439E-01  5.669E-01  5.751E-01  5.684E-01  5.469E-01
  377.5000  6.478E-01  6.752E-01  6.850E-01  6.770E-01  6.514E-01
  378.5000  7.063E-01  7.360E-01  7.467E-01  7.380E-01  7.101E-01
  379.5000  5.227E-01  5.446E-01  5.525E-01  5.461E-01  5.255E-01
  380.5000  6.287E-01  6.551E-01  6.646E-01  6.569E-01  6.321E-01
  381.5000  5.909E-01  6.157E-01  6.246E-01  6.174E-01  5.941E-01
  382.5000  3.939E-01  4.104E-01  4.163E-01  4.114E-01  3.960E-01
  383.5000  3.460E-01  3.604E-01  3.656E-01  3.614E-01  3.478E-01
  384.5000  5.193E-01  5.410E-01  5.488E-01  5.424E-01  5.221E-01
  385.5000  5.139E-01  5.354E-01  5.430E-01  5.367E-01  5.167E-01
  386.5000  5.240E-01  5.458E-01  5.536E-01  5.472E-01  5.268E-01
  387.5000  4.871E-01  5.074E-01  5.146E-01  5.087E-01  4.897E-01
  388.5000  4.884E-01  5.086E-01  5.159E-01  5.100E-01  4.910E-01
  389.5000  6.160E-01  6.416E-01  6.507E-01  6.432E-01  6.193E-01
  390.5000  6.052E-01  6.303E-01  6.393E-01  6.319E-01  6.084E-01
  391.5000  7.182E-01  7.479E-01  7.585E-01  7.498E-01  7.220E-01
  392.5000  5.387E-01  5.609E-01  5.689E-01  5.624E-01  5.416E-01
  393.5000  2.343E-01  2.439E-01  2.474E-01  2.446E-01  2.355E-01
  394.5000  5.514E-01  5.741E-01  5.822E-01  5.756E-01  5.543E-01
  395.5000  7.096E-01  7.388E-01  7.493E-01  7.407E-01  7.134E-01
  396.5000  4.168E-01  4.339E-01  4.400E-01  4.350E-01  4.190E-01
  397.5000  4.811E-01  5.008E-01  5.079E-01  5.021E-01  4.836E-01
  398.5000  8.268E-01  8.607E-01  8.729E-01  8.630E-01  8.312E-01
  399.5000  8.602E-01  8.955E-01  9.081E-01  8.978E-01  8.648E-01
  400.5000  9.046E-01  9.416E-01  9.549E-01  9.440E-01  9.094E-01
  401.5000  9.310E-01  9.690E-01  9.826E-01  9.715E-01  9.359E-01
  402.5000  9.667E-01  1.006E+00  1.020E+00  1.009E+00  9.718E-01
  403.5000  8.851E-01  9.212E-01  9.341E-01  9.235E-01  8.897E-01
  404.5000  8.683E-01  9.037E-01  9.163E-01  9.060E-01  8.729E-01
  405.5000  9.023E-01  9.389E-01  9.520E-01  9.413E-01  9.070E-01
  406.5000  8.500E-01  8.846E-01  8.969E-01  8.868E-01  8.545E-01
  407.5000  8.572E-01  8.920E-01  9.044E-01  8.942E-01  8.617E-01
  408.5000  9.549E-01  9.936E-01  1.007E+00  9.961E-01  9.599E-01
  409.5000  9.364E-01  9.743E-01  9.878E-01  9.767E-01  9.413E-01
  410.5000  8.122E-01  8.450E-01  8.568E-01  8.472E-01  8.165E-01
  411.5000  9.765E-01  1.016E+00  1.030E+00  1.018E+00  9.816E-01
  412.5000  9.681E-01  1.007E+00  1.021E+00  1.010E+00  9.731E-01
  413.5000  9.392E-01  9.770E-01  9.905E-01  9.794E-01  9.440E-01
  414.5000  9.655E-01  1.004E+00  1.018E+00  1.007E+00  9.705E-01
  415.5000  9.237E-01  9.608E-01  9.741E-01  9.632E-01  9.285E-01
  416.5000  1.006E+00  1.046E+00  1.060E+00  1.049E+00  1.011E+00
  417.5000  9.195E-01  9.563E-01  9.695E-01  9.587E-01  9.242E-01
  418.5000  9.269E-01  9.640E-01  9.773E-01  9.664E-01  9.317E-01
  419.5000  9.577E-01  9.960E-01  1.010E+00  9.985E-01  9.627E-01
------------------------------------------------------------
Dose rates, W m-2
   1 = UV-B, 280-315 nm                                  
   2 = UV-A, 315-400 nm                                  
   3 = Gaussian, 320 nm, 10 nm FWHM                      
   4 = RB Meter, model 501                               
   5 = DNA damage, in vitro (Setlow, 1974)               
   6 = UV index (WMO, 1994; Webb et al., 2011)           
   7 = Previtamin-D3 (CIE 2006)                          
values at z =      0.000 km
Columns: time, sza, weighting spectra
time, hrs.  sza, deg.          1          2          3          4          5          6          7
   11.0000     47.561  1.065E+00  3.899E+01  2.357E-01  3.054E-01  2.990E-03  5.728E+00  2.774E-01
   11.5000     45.792  1.148E+00  4.070E+01  2.482E-01  3.311E-01  3.346E-03  6.225E+00  3.036E-01
   12.0000     45.147  1.179E+00  4.131E+01  2.527E-01  3.405E-01  3.481E-03  6.409E+00  3.133E-01
   12.5000     45.675  1.154E+00  4.081E+01  2.490E-01  3.328E-01  3.371E-03  6.258E+00  3.054E-01
   13.0000     47.335  1.075E+00  3.921E+01  2.373E-01  3.087E-01  3.034E-03  5.790E+00  2.807E-01
------------------------------------------------------------
