Spectral Irradiance, W m-2 nm-1
values at z =      0.000 km
Columns: wavelength (nm), times (hrs.) or sza (deg.)
    wc, nm     11.000     11.500     12.000     12.500     13.000
    sza =      86.269     86.147     86.091     86.100     86.172
  280.5000  4.440E-30  4.512E-30  4.545E-30  4.540E-30  4.497E-30
  281.5000  2.072E-27  2.106E-27  2.121E-27  2.119E-27  2.099E-27
  282.5000  2.784E-25  2.830E-25  2.850E-25  2.847E-25  2.820E-25
  283.5000  6.056E-24  6.155E-24  6.200E-24  6.193E-24  6.135E-24
  284.5000  1.019E-21  1.036E-21  1.043E-21  1.042E-21  1.032E-21
  285.5000  2.832E-20  2.878E-20  2.899E-20  2.895E-20  2.868E-20
  286.5000  1.644E-18  1.671E-18  1.683E-18  1.681E-18  1.665E-18
  287.5000  5.548E-17  5.639E-17  5.681E-17  5.674E-17  5.620E-17
  288.5000  1.926E-15  1.958E-15  1.972E-15  1.970E-15  1.951E-15
  289.5000  4.235E-14  4.305E-14  4.337E-14  4.332E-14  4.291E-14
  290.5000  5.456E-13  5.548E-13  5.590E-13  5.583E-13  5.529E-13
  291.5000  6.506E-12  6.616E-12  6.667E-12  6.659E-12  6.594E-12
  292.5000  4.657E-11  4.736E-11  4.773E-11  4.767E-11  4.720E-11
  293.5000  3.769E-10  3.835E-10  3.865E-10  3.860E-10  3.821E-10
  294.5000  1.616E-09  1.645E-09  1.658E-09  1.656E-09  1.639E-09
  295.5000  9.722E-09  9.897E-09  9.977E-09  9.964E-09  9.861E-09
  296.5000  3.540E-08  3.605E-08  3.635E-08  3.630E-08  3.592E-08
  297.5000  1.305E-07  1.329E-07  1.340E-07  1.338E-07  1.324E-07
  298.5000  2.727E-07  2.780E-07  2.804E-07  2.800E-07  2.769E-07
  299.5000  1.043E-06  1.064E-06  1.073E-06  1.072E-06  1.060E-06
  300.5000  1.497E-06  1.528E-06  1.542E-06  1.540E-06  1.521E-06
  301.5000  4.789E-06  4.890E-06  4.936E-06  4.929E-06  4.869E-06
  302.5000  8.249E-06  8.429E-06  8.512E-06  8.499E-06  8.392E-06
  303.5000  2.102E-05  2.150E-05  2.172E-05  2.168E-05  2.140E-05
  304.5000  2.928E-05  2.996E-05  3.028E-05  3.023E-05  2.982E-05
  305.5000  5.670E-05  5.809E-05  5.873E-05  5.863E-05  5.780E-05
  306.5000  7.032E-05  7.209E-05  7.291E-05  7.278E-05  7.172E-05
  307.5000  1.452E-04  1.491E-04  1.509E-04  1.506E-04  1.483E-04
  308.5000  1.884E-04  1.936E-04  1.960E-04  1.956E-04  1.925E-04
  309.5000  2.192E-04  2.256E-04  2.287E-04  2.282E-04  2.243E-04
  310.5000  3.730E-04  3.846E-04  3.901E-04  3.892E-04  3.823E-04
  311.5000  5.620E-04  5.803E-04  5.889E-04  5.875E-04  5.765E-04
  312.5000  7.636E-04  7.909E-04  8.038E-04  8.017E-04  7.853E-04
  313.5000  9.428E-04  9.772E-04  9.934E-04  9.908E-04  9.701E-04
  314.5000  1.347E-03  1.400E-03  1.425E-03  1.421E-03  1.389E-03
  315.5000  1.483E-03  1.542E-03  1.570E-03  1.566E-03  1.530E-03
  316.5000  2.078E-03  2.163E-03  2.203E-03  2.197E-03  2.146E-03
  317.5000  2.935E-03  3.055E-03  3.112E-03  3.103E-03  3.031E-03
  318.5000  3.320E-03  3.455E-03  3.518E-03  3.508E-03  3.427E-03
  319.5000  4.359E-03  4.534E-03  4.617E-03  4.604E-03  4.498E-03
  320.5000  5.806E-03  6.038E-03  6.147E-03  6.130E-03  5.990E-03
  321.5000  7.321E-03  7.592E-03  7.719E-03  7.699E-03  7.537E-03
  322.5000  5.392E-03  5.605E-03  5.705E-03  5.689E-03  5.561E-03
  323.5000  9.144E-03  9.467E-03  9.617E-03  9.593E-03  9.401E-03
  324.5000  1.051E-02  1.088E-02  1.106E-02  1.103E-02  1.081E-02
  325.5000  1.099E-02  1.139E-02  1.158E-02  1.155E-02  1.131E-02
  326.5000  1.911E-02  1.973E-02  2.001E-02  1.997E-02  1.960E-02
  327.5000  1.578E-02  1.631E-02  1.656E-02  1.652E-02  1.620E-02
  328.5000  1.462E-02  1.511E-02  1.534E-02  1.531E-02  1.501E-02
  329.5000  2.506E-02  2.581E-02  2.616E-02  2.610E-02  2.566E-02
  330.5000  2.025E-02  2.089E-02  2.119E-02  2.114E-02  2.076E-02
  331.5000  1.954E-02  2.017E-02  2.046E-02  2.041E-02  2.004E-02
  332.5000  2.364E-02  2.433E-02  2.465E-02  2.460E-02  2.419E-02
  333.5000  2.033E-02  2.095E-02  2.123E-02  2.119E-02  2.082E-02
  334.5000  2.379E-02  2.449E-02  2.482E-02  2.477E-02  2.435E-02
  335.5000  2.666E-02  2.741E-02  2.776E-02  2.770E-02  2.725E-02
  336.5000  2.025E-02  2.083E-02  2.109E-02  2.105E-02  2.071E-02
  337.5000  2.072E-02  2.134E-02  2.163E-02  2.158E-02  2.121E-02
  338.5000  2.432E-02  2.500E-02  2.532E-02  2.527E-02  2.486E-02
  339.5000  2.683E-02  2.758E-02  2.793E-02  2.788E-02  2.743E-02
  340.5000  2.761E-02  2.840E-02  2.876E-02  2.871E-02  2.824E-02
  341.5000  2.591E-02  2.663E-02  2.696E-02  2.691E-02  2.648E-02
  342.5000  2.901E-02  2.981E-02  3.018E-02  3.012E-02  2.964E-02
  343.5000  2.959E-02  3.041E-02  3.079E-02  3.073E-02  3.024E-02
  344.5000  2.032E-02  2.090E-02  2.116E-02  2.112E-02  2.078E-02
  345.5000  2.938E-02  3.019E-02  3.056E-02  3.050E-02  3.002E-02
  346.5000  2.663E-02  2.737E-02  2.771E-02  2.766E-02  2.722E-02
  347.5000  2.613E-02  2.686E-02  2.720E-02  2.714E-02  2.671E-02
  348.5000  2.908E-02  2.988E-02  3.025E-02  3.019E-02  2.971E-02
  349.5000  2.434E-02  2.501E-02  2.533E-02  2.528E-02  2.488E-02
  350.5000  3.419E-02  3.514E-02  3.557E-02  3.550E-02  3.494E-02
  351.5000  2.936E-02  3.017E-02  3.054E-02  3.048E-02  3.000E-02
  352.5000  2.659E-02  2.732E-02  2.766E-02  2.761E-02  2.717E-02
  353.5000  3.222E-02  3.310E-02  3.351E-02  3.345E-02  3.292E-02
  354.5000  3.506E-02  3.602E-02  3.647E-02  3.640E-02  3.582E-02
  355.5000  3.280E-02  3.370E-02  3.411E-02  3.405E-02  3.351E-02
  356.5000  3.044E-02  3.127E-02  3.166E-02  3.160E-02  3.110E-02
  357.5000  2.587E-02  2.658E-02  2.691E-02  2.686E-02  2.643E-02
  358.5000  2.002E-02  2.057E-02  2.083E-02  2.078E-02  2.046E-02
  359.5000  3.371E-02  3.464E-02  3.506E-02  3.500E-02  3.445E-02
  360.5000  3.127E-02  3.213E-02  3.253E-02  3.246E-02  3.195E-02
  361.5000  2.826E-02  2.903E-02  2.939E-02  2.933E-02  2.887E-02
  362.5000  3.323E-02  3.414E-02  3.456E-02  3.449E-02  3.395E-02
  363.5000  2.959E-02  3.039E-02  3.077E-02  3.071E-02  3.023E-02
  364.5000  3.227E-02  3.316E-02  3.357E-02  3.350E-02  3.298E-02
  365.5000  3.931E-02  4.039E-02  4.089E-02  4.081E-02  4.017E-02
  366.5000  4.166E-02  4.280E-02  4.333E-02  4.324E-02  4.257E-02
  367.5000  3.961E-02  4.069E-02  4.119E-02  4.111E-02  4.047E-02
  368.5000  3.481E-02  3.576E-02  3.620E-02  3.613E-02  3.556E-02
  369.5000  4.177E-02  4.291E-02  4.344E-02  4.336E-02  4.268E-02
  370.5000  3.791E-02  3.895E-02  3.943E-02  3.935E-02  3.874E-02
  371.5000  4.341E-02  4.459E-02  4.514E-02  4.506E-02  4.435E-02
  372.5000  3.209E-02  3.296E-02  3.337E-02  3.330E-02  3.278E-02
  373.5000  2.901E-02  2.980E-02  3.017E-02  3.011E-02  2.964E-02
  374.5000  3.184E-02  3.271E-02  3.312E-02  3.305E-02  3.254E-02
  375.5000  3.595E-02  3.693E-02  3.739E-02  3.732E-02  3.673E-02
  376.5000  3.592E-02  3.690E-02  3.736E-02  3.729E-02  3.670E-02
  377.5000  4.280E-02  4.396E-02  4.451E-02  4.442E-02  4.373E-02
  378.5000  4.666E-02  4.793E-02  4.853E-02  4.843E-02  4.767E-02
  379.5000  3.453E-02  3.547E-02  3.591E-02  3.584E-02  3.528E-02
  380.5000  4.155E-02  4.268E-02  4.321E-02  4.313E-02  4.245E-02
  381.5000  3.906E-02  4.013E-02  4.062E-02  4.054E-02  3.991E-02
  382.5000  2.604E-02  2.675E-02  2.708E-02  2.703E-02  2.660E-02
  383.5000  2.287E-02  2.350E-02  2.379E-02  2.374E-02  2.337E-02
  384.5000  3.434E-02  3.528E-02  3.571E-02  3.564E-02  3.509E-02
  385.5000  3.399E-02  3.492E-02  3.535E-02  3.528E-02  3.473E-02
  386.5000  3.466E-02  3.561E-02  3.605E-02  3.598E-02  3.541E-02
  387.5000  3.222E-02  3.311E-02  3.352E-02  3.345E-02  3.293E-02
  388.5000  3.231E-02  3.319E-02  3.361E-02  3.354E-02  3.301E-02
  389.5000  4.076E-02  4.188E-02  4.240E-02  4.231E-02  4.165E-02
  390.5000  4.005E-02  4.115E-02  4.166E-02  4.158E-02  4.093E-02
  391.5000  4.754E-02  4.884E-02  4.945E-02  4.935E-02  4.858E-02
  392.5000  3.566E-02  3.664E-02  3.710E-02  3.702E-02  3.644E-02
  393.5000  1.551E-02  1.594E-02  1.613E-02  1.610E-02  1.585E-02
  394.5000  3.651E-02  3.751E-02  3.798E-02  3.790E-02  3.731E-02
  395.5000  4.699E-02  4.828E-02  4.888E-02  4.879E-02  4.802E-02
  396.5000  2.761E-02  2.836E-02  2.872E-02  2.866E-02  2.821E-02
  397.5000  3.187E-02  3.275E-02  3.315E-02  3.309E-02  3.257E-02
  398.5000  5.479E-02  5.630E-02  5.700E-02  5.689E-02  5.599E-02
  399.5000  5.701E-02  5.858E-02  5.931E-02  5.919E-02  5.826E-02
  400.5000  5.996E-02  6.161E-02  6.238E-02  6.226E-02  6.127E-02
  401.5000  6.171E-02  6.341E-02  6.420E-02  6.408E-02  6.306E-02
  402.5000  6.409E-02  6.586E-02  6.668E-02  6.655E-02  6.549E-02
  403.5000  5.869E-02  6.031E-02  6.106E-02  6.094E-02  5.998E-02
  404.5000  5.759E-02  5.918E-02  5.992E-02  5.980E-02  5.885E-02
  405.5000  5.985E-02  6.150E-02  6.227E-02  6.215E-02  6.116E-02
  406.5000  5.639E-02  5.795E-02  5.867E-02  5.856E-02  5.763E-02
  407.5000  5.687E-02  5.844E-02  5.917E-02  5.905E-02  5.812E-02
  408.5000  6.335E-02  6.510E-02  6.591E-02  6.578E-02  6.474E-02
  409.5000  6.212E-02  6.384E-02  6.464E-02  6.451E-02  6.349E-02
  410.5000  5.389E-02  5.539E-02  5.608E-02  5.597E-02  5.508E-02
  411.5000  6.481E-02  6.661E-02  6.744E-02  6.731E-02  6.624E-02
  412.5000  6.428E-02  6.606E-02  6.689E-02  6.675E-02  6.569E-02
  413.5000  6.237E-02  6.410E-02  6.491E-02  6.478E-02  6.375E-02
  414.5000  6.413E-02  6.591E-02  6.674E-02  6.661E-02  6.555E-02
  415.5000  6.136E-02  6.306E-02  6.385E-02  6.373E-02  6.271E-02
  416.5000  6.679E-02  6.865E-02  6.951E-02  6.937E-02  6.827E-02
  417.5000  6.108E-02  6.278E-02  6.357E-02  6.344E-02  6.243E-02
  418.5000  6.159E-02  6.330E-02  6.410E-02  6.397E-02  6.295E-02
  419.5000  6.365E-02  6.543E-02  6.625E-02  6.612E-02  6.506E-02
------------------------------------------------------------
Dose rates, W m-2
   1 = UV-B, 280-315 nm                                  
   2 = UV-A, 315-400 nm                                  
   3 = Gaussian, 320 nm, 10 nm FWHM                      
   4 = RB Meter, model 501                               
   5 = DNA damage, in vitro (Setlow, 1974)               
   6 = UV index (WMO, 1994; Webb et al., 2011)           
   7 = Previtamin-D3 (CIE 2006)                          
values at z =      0.000 km
Columns: time, sza, weighting spectra
time, hrs.  sza, deg.          1          2          3          4          5          6          7
   11.0000     86.269  4.735E-03  2.386E+00  5.929E-03  2.392E-03  1.062E-05  7.436E-02  8.967E-04
   11.5000     86.147  4.900E-03  2.453E+00  6.147E-03  2.474E-03  1.095E-05  7.668E-02  9.264E-04
   12.0000     86.091  4.977E-03  2.484E+00  6.248E-03  2.513E-03  1.111E-05  7.776E-02  9.403E-04
   12.5000     86.100  4.965E-03  2.479E+00  6.232E-03  2.507E-03  1.108E-05  7.759E-02  9.381E-04
   13.0000     86.172  4.866E-03  2.439E+00  6.102E-03  2.457E-03  1.088E-05  7.620E-02  9.203E-04
------------------------------------------------------------
