Spectral Irradiance, W m-2 nm-1
values at z =      0.000 km
Columns: wavelength (nm), times (hrs.) or sza (deg.)
    wc, nm     11.000     11.500     12.000     12.500     13.000
    sza =      87.659     87.087     86.914     87.142     87.769
  280.5000  1.391E-32  1.527E-32  1.568E-32  1.514E-32  1.364E-32
  281.5000  1.084E-29  1.190E-29  1.222E-29  1.180E-29  1.063E-29
  282.5000  2.262E-27  2.484E-27  2.550E-27  2.462E-27  2.220E-27
  283.5000  6.548E-26  7.187E-26  7.378E-26  7.126E-26  6.424E-26
  284.5000  1.856E-23  2.036E-23  2.090E-23  2.019E-23  1.821E-23
  285.5000  7.575E-22  8.310E-22  8.531E-22  8.240E-22  7.433E-22
  286.5000  5.910E-20  6.484E-20  6.656E-20  6.429E-20  5.800E-20
  287.5000  2.768E-18  3.036E-18  3.117E-18  3.010E-18  2.716E-18
  288.5000  1.371E-16  1.504E-16  1.544E-16  1.491E-16  1.345E-16
  289.5000  3.885E-15  4.263E-15  4.376E-15  4.226E-15  3.812E-15
  290.5000  6.193E-14  6.797E-14  6.979E-14  6.739E-14  6.077E-14
  291.5000  9.392E-13  1.031E-12  1.059E-12  1.023E-12  9.215E-13
  292.5000  8.179E-12  8.988E-12  9.232E-12  8.910E-12  8.024E-12
  293.5000  7.956E-11  8.750E-11  8.991E-11  8.674E-11  7.804E-11
  294.5000  3.936E-10  4.333E-10  4.454E-10  4.295E-10  3.861E-10
  295.5000  2.753E-09  3.035E-09  3.120E-09  3.007E-09  2.700E-09
  296.5000  1.135E-08  1.253E-08  1.289E-08  1.241E-08  1.112E-08
  297.5000  4.657E-08  5.149E-08  5.299E-08  5.101E-08  4.563E-08
  298.5000  1.064E-07  1.179E-07  1.214E-07  1.168E-07  1.043E-07
  299.5000  4.421E-07  4.908E-07  5.058E-07  4.861E-07  4.329E-07
  300.5000  6.746E-07  7.506E-07  7.740E-07  7.432E-07  6.603E-07
  301.5000  2.300E-06  2.568E-06  2.650E-06  2.541E-06  2.250E-06
  302.5000  4.126E-06  4.617E-06  4.770E-06  4.569E-06  4.034E-06
  303.5000  1.100E-05  1.236E-05  1.278E-05  1.222E-05  1.074E-05
  304.5000  1.569E-05  1.768E-05  1.831E-05  1.749E-05  1.532E-05
  305.5000  3.139E-05  3.556E-05  3.688E-05  3.515E-05  3.062E-05
  306.5000  3.944E-05  4.480E-05  4.649E-05  4.427E-05  3.845E-05
  307.5000  8.302E-05  9.494E-05  9.873E-05  9.375E-05  8.084E-05
  308.5000  1.084E-04  1.243E-04  1.294E-04  1.227E-04  1.055E-04
  309.5000  1.267E-04  1.463E-04  1.526E-04  1.443E-04  1.232E-04
  310.5000  2.154E-04  2.502E-04  2.615E-04  2.467E-04  2.091E-04
  311.5000  3.232E-04  3.773E-04  3.949E-04  3.718E-04  3.135E-04
  312.5000  4.321E-04  5.107E-04  5.366E-04  5.027E-04  4.183E-04
  313.5000  5.314E-04  6.300E-04  6.627E-04  6.199E-04  5.141E-04
  314.5000  7.423E-04  8.940E-04  9.449E-04  8.783E-04  7.160E-04
  315.5000  8.161E-04  9.849E-04  1.042E-03  9.675E-04  7.868E-04
  316.5000  1.131E-03  1.384E-03  1.469E-03  1.358E-03  1.088E-03
  317.5000  1.599E-03  1.955E-03  2.076E-03  1.918E-03  1.538E-03
  318.5000  1.826E-03  2.253E-03  2.396E-03  2.208E-03  1.752E-03
  319.5000  2.411E-03  2.976E-03  3.165E-03  2.918E-03  2.313E-03
  320.5000  3.235E-03  3.995E-03  4.249E-03  3.917E-03  3.102E-03
  321.5000  4.316E-03  5.295E-03  5.616E-03  5.195E-03  4.143E-03
  322.5000  3.029E-03  3.741E-03  3.978E-03  3.668E-03  2.905E-03
  323.5000  5.593E-03  6.812E-03  7.208E-03  6.689E-03  5.376E-03
  324.5000  6.400E-03  7.802E-03  8.258E-03  7.660E-03  6.151E-03
  325.5000  6.590E-03  8.062E-03  8.542E-03  7.912E-03  6.329E-03
  326.5000  1.250E-02  1.498E-02  1.577E-02  1.473E-02  1.205E-02
  327.5000  1.000E-02  1.208E-02  1.275E-02  1.187E-02  9.628E-03
  328.5000  9.264E-03  1.119E-02  1.181E-02  1.100E-02  8.917E-03
  329.5000  1.716E-02  2.031E-02  2.131E-02  2.000E-02  1.658E-02
  330.5000  1.340E-02  1.601E-02  1.684E-02  1.575E-02  1.292E-02
  331.5000  1.284E-02  1.537E-02  1.618E-02  1.511E-02  1.238E-02
  332.5000  1.650E-02  1.943E-02  2.035E-02  1.914E-02  1.596E-02
  333.5000  1.380E-02  1.638E-02  1.720E-02  1.612E-02  1.333E-02
  334.5000  1.637E-02  1.936E-02  2.030E-02  1.906E-02  1.583E-02
  335.5000  1.893E-02  2.218E-02  2.320E-02  2.186E-02  1.833E-02
  336.5000  1.424E-02  1.673E-02  1.752E-02  1.649E-02  1.378E-02
  337.5000  1.426E-02  1.686E-02  1.768E-02  1.660E-02  1.378E-02
  338.5000  1.730E-02  2.026E-02  2.119E-02  1.997E-02  1.675E-02
  339.5000  1.917E-02  2.243E-02  2.345E-02  2.211E-02  1.857E-02
  340.5000  1.948E-02  2.287E-02  2.394E-02  2.254E-02  1.886E-02
  341.5000  1.861E-02  2.173E-02  2.271E-02  2.142E-02  1.803E-02
  342.5000  2.090E-02  2.439E-02  2.548E-02  2.404E-02  2.026E-02
  343.5000  2.119E-02  2.477E-02  2.589E-02  2.442E-02  2.053E-02
  344.5000  1.446E-02  1.693E-02  1.771E-02  1.669E-02  1.400E-02
  345.5000  2.127E-02  2.479E-02  2.589E-02  2.444E-02  2.062E-02
  346.5000  1.907E-02  2.229E-02  2.330E-02  2.197E-02  1.848E-02
  347.5000  1.874E-02  2.190E-02  2.289E-02  2.159E-02  1.816E-02
  348.5000  2.093E-02  2.443E-02  2.553E-02  2.408E-02  2.028E-02
  349.5000  1.751E-02  2.045E-02  2.137E-02  2.016E-02  1.697E-02
  350.5000  2.462E-02  2.874E-02  3.003E-02  2.833E-02  2.386E-02
  351.5000  2.111E-02  2.465E-02  2.576E-02  2.430E-02  2.046E-02
  352.5000  1.915E-02  2.235E-02  2.335E-02  2.203E-02  1.856E-02
  353.5000  2.324E-02  2.711E-02  2.833E-02  2.673E-02  2.253E-02
  354.5000  2.534E-02  2.954E-02  3.086E-02  2.913E-02  2.456E-02
  355.5000  2.371E-02  2.764E-02  2.887E-02  2.725E-02  2.298E-02
  356.5000  2.200E-02  2.565E-02  2.679E-02  2.529E-02  2.133E-02
  357.5000  1.869E-02  2.179E-02  2.277E-02  2.149E-02  1.812E-02
  358.5000  1.448E-02  1.688E-02  1.763E-02  1.664E-02  1.404E-02
  359.5000  2.438E-02  2.842E-02  2.968E-02  2.802E-02  2.363E-02
  360.5000  2.262E-02  2.636E-02  2.754E-02  2.599E-02  2.193E-02
  361.5000  2.045E-02  2.383E-02  2.489E-02  2.350E-02  1.982E-02
  362.5000  2.406E-02  2.803E-02  2.928E-02  2.764E-02  2.332E-02
  363.5000  2.142E-02  2.496E-02  2.607E-02  2.461E-02  2.077E-02
  364.5000  2.336E-02  2.723E-02  2.844E-02  2.684E-02  2.265E-02
  365.5000  2.845E-02  3.316E-02  3.463E-02  3.269E-02  2.758E-02
  366.5000  3.016E-02  3.514E-02  3.671E-02  3.465E-02  2.924E-02
  367.5000  2.868E-02  3.342E-02  3.490E-02  3.295E-02  2.781E-02
  368.5000  2.521E-02  2.937E-02  3.067E-02  2.896E-02  2.444E-02
  369.5000  3.025E-02  3.525E-02  3.681E-02  3.475E-02  2.933E-02
  370.5000  2.746E-02  3.199E-02  3.341E-02  3.154E-02  2.662E-02
  371.5000  3.144E-02  3.663E-02  3.825E-02  3.612E-02  3.048E-02
  372.5000  2.324E-02  2.707E-02  2.828E-02  2.670E-02  2.253E-02
  373.5000  2.101E-02  2.447E-02  2.556E-02  2.413E-02  2.036E-02
  374.5000  2.306E-02  2.687E-02  2.806E-02  2.649E-02  2.236E-02
  375.5000  2.604E-02  3.034E-02  3.168E-02  2.991E-02  2.524E-02
  376.5000  2.602E-02  3.031E-02  3.166E-02  2.989E-02  2.522E-02
  377.5000  3.099E-02  3.611E-02  3.772E-02  3.561E-02  3.005E-02
  378.5000  3.379E-02  3.937E-02  4.112E-02  3.882E-02  3.276E-02
  379.5000  2.501E-02  2.914E-02  3.043E-02  2.873E-02  2.424E-02
  380.5000  3.009E-02  3.505E-02  3.661E-02  3.456E-02  2.917E-02
  381.5000  2.829E-02  3.296E-02  3.442E-02  3.249E-02  2.742E-02
  382.5000  1.886E-02  2.197E-02  2.294E-02  2.166E-02  1.828E-02
  383.5000  1.656E-02  1.930E-02  2.015E-02  1.903E-02  1.606E-02
  384.5000  2.487E-02  2.897E-02  3.026E-02  2.857E-02  2.411E-02
  385.5000  2.461E-02  2.867E-02  2.995E-02  2.827E-02  2.386E-02
  386.5000  2.510E-02  2.924E-02  3.054E-02  2.883E-02  2.433E-02
  387.5000  2.333E-02  2.718E-02  2.839E-02  2.680E-02  2.262E-02
  388.5000  2.339E-02  2.726E-02  2.847E-02  2.687E-02  2.268E-02
  389.5000  2.951E-02  3.438E-02  3.591E-02  3.390E-02  2.861E-02
  390.5000  2.900E-02  3.379E-02  3.529E-02  3.331E-02  2.811E-02
  391.5000  3.442E-02  4.010E-02  4.188E-02  3.954E-02  3.337E-02
  392.5000  2.582E-02  3.008E-02  3.142E-02  2.966E-02  2.503E-02
  393.5000  1.123E-02  1.308E-02  1.366E-02  1.290E-02  1.088E-02
  394.5000  2.643E-02  3.079E-02  3.216E-02  3.036E-02  2.562E-02
  395.5000  3.401E-02  3.963E-02  4.139E-02  3.907E-02  3.297E-02
  396.5000  1.998E-02  2.328E-02  2.431E-02  2.295E-02  1.937E-02
  397.5000  2.307E-02  2.687E-02  2.807E-02  2.650E-02  2.236E-02
  398.5000  3.965E-02  4.620E-02  4.825E-02  4.555E-02  3.844E-02
  399.5000  4.126E-02  4.807E-02  5.021E-02  4.740E-02  4.000E-02
  400.5000  4.339E-02  5.055E-02  5.280E-02  4.984E-02  4.206E-02
  401.5000  4.465E-02  5.202E-02  5.434E-02  5.130E-02  4.328E-02
  402.5000  4.636E-02  5.402E-02  5.643E-02  5.327E-02  4.495E-02
  403.5000  4.245E-02  4.947E-02  5.167E-02  4.878E-02  4.116E-02
  404.5000  4.165E-02  4.854E-02  5.070E-02  4.786E-02  4.038E-02
  405.5000  4.329E-02  5.044E-02  5.269E-02  4.973E-02  4.197E-02
  406.5000  4.078E-02  4.752E-02  4.964E-02  4.686E-02  3.954E-02
  407.5000  4.112E-02  4.792E-02  5.005E-02  4.724E-02  3.986E-02
  408.5000  4.579E-02  5.337E-02  5.575E-02  5.262E-02  4.440E-02
  409.5000  4.490E-02  5.233E-02  5.466E-02  5.159E-02  4.353E-02
  410.5000  3.895E-02  4.539E-02  4.742E-02  4.476E-02  3.776E-02
  411.5000  4.684E-02  5.459E-02  5.702E-02  5.382E-02  4.541E-02
  412.5000  4.645E-02  5.413E-02  5.655E-02  5.337E-02  4.503E-02
  413.5000  4.507E-02  5.253E-02  5.487E-02  5.179E-02  4.369E-02
  414.5000  4.633E-02  5.400E-02  5.641E-02  5.324E-02  4.492E-02
  415.5000  4.432E-02  5.165E-02  5.396E-02  5.093E-02  4.296E-02
  416.5000  4.823E-02  5.622E-02  5.873E-02  5.543E-02  4.676E-02
  417.5000  4.410E-02  5.140E-02  5.370E-02  5.068E-02  4.275E-02
  418.5000  4.446E-02  5.183E-02  5.415E-02  5.110E-02  4.310E-02
  419.5000  4.594E-02  5.356E-02  5.596E-02  5.281E-02  4.454E-02
------------------------------------------------------------
Dose rates, W m-2
   1 = UV-B, 280-315 nm                                  
   2 = UV-A, 315-400 nm                                  
   3 = Gaussian, 320 nm, 10 nm FWHM                      
   4 = RB Meter, model 501                               
   5 = DNA damage, in vitro (Setlow, 1974)               
   6 = UV index (WMO, 1994; Webb et al., 2011)           
   7 = Previtamin-D3 (CIE 2006)                          
values at z =      0.000 km
Columns: time, sza, weighting spectra
time, hrs.  sza, deg.          1          2          3          4          5          6          7
   11.0000     87.659  2.668E-03  1.704E+00  3.537E-03  1.430E-03  6.501E-06  4.883E-02  5.062E-04
   11.5000     87.087  3.147E-03  1.992E+00  4.309E-03  1.711E-03  7.660E-06  5.772E-02  5.962E-04
   12.0000     86.914  3.305E-03  2.083E+00  4.562E-03  1.803E-03  8.033E-06  6.056E-02  6.257E-04
   12.5000     87.142  3.098E-03  1.964E+00  4.231E-03  1.683E-03  7.543E-06  5.683E-02  5.871E-04
   13.0000     87.769  2.583E-03  1.651E+00  3.400E-03  1.380E-03  6.292E-06  4.722E-02  4.901E-04
------------------------------------------------------------
