Spectral Irradiance, W m-2 nm-1
values at z =      0.000 km
Columns: wavelength (nm), times (hrs.) or sza (deg.)
    wc, nm     11.000     11.500     12.000     12.500     13.000
    sza =      20.557     16.556     14.577     15.427     18.723
  280.5000  1.092E-12  1.975E-12  2.511E-12  2.274E-12  1.459E-12
  281.5000  2.414E-11  4.148E-11  5.163E-11  4.717E-11  3.146E-11
  282.5000  2.359E-10  3.878E-10  4.742E-10  4.365E-10  3.009E-10
  283.5000  9.400E-10  1.501E-09  1.733E-09  1.678E-09  1.182E-09
  284.5000  7.038E-09  1.066E-08  1.262E-08  1.177E-08  8.626E-09
  285.5000  1.953E-08  2.781E-08  3.316E-08  3.114E-08  2.348E-08
  286.5000  1.930E-07  2.731E-07  3.142E-07  2.966E-07  2.196E-07
  287.5000  9.079E-07  1.243E-06  1.411E-06  1.339E-06  1.059E-06
  288.5000  3.669E-06  4.844E-06  5.421E-06  5.176E-06  4.204E-06
  289.5000  1.727E-05  2.221E-05  2.460E-05  2.359E-05  1.953E-05
  290.5000  6.071E-05  7.643E-05  8.177E-05  8.074E-05  6.795E-05
  291.5000  1.649E-04  2.025E-04  2.201E-04  2.127E-04  1.823E-04
  292.5000  3.491E-04  4.202E-04  4.531E-04  4.392E-04  3.823E-04
  293.5000  8.919E-04  1.054E-03  1.127E-03  1.096E-03  9.677E-04
  294.5000  1.539E-03  1.792E-03  1.906E-03  1.858E-03  1.658E-03
  295.5000  3.491E-03  3.999E-03  4.226E-03  4.131E-03  3.731E-03
  296.5000  5.593E-03  6.324E-03  6.647E-03  6.512E-03  5.939E-03
  297.5000  9.945E-03  1.112E-02  1.163E-02  1.142E-02  1.050E-02
  298.5000  1.113E-02  1.232E-02  1.284E-02  1.263E-02  1.170E-02
  299.5000  2.339E-02  2.566E-02  2.664E-02  2.623E-02  2.447E-02
  300.5000  2.096E-02  2.283E-02  2.363E-02  2.330E-02  2.185E-02
  301.5000  3.961E-02  4.282E-02  4.420E-02  4.363E-02  4.115E-02
  302.5000  4.782E-02  5.144E-02  5.299E-02  5.234E-02  4.955E-02
  303.5000  7.860E-02  8.405E-02  8.637E-02  8.541E-02  8.121E-02
  304.5000  8.419E-02  8.972E-02  9.208E-02  9.110E-02  8.685E-02
  305.5000  1.078E-01  1.144E-01  1.171E-01  1.160E-01  1.110E-01
  306.5000  1.112E-01  1.176E-01  1.204E-01  1.192E-01  1.143E-01
  307.5000  1.564E-01  1.648E-01  1.684E-01  1.669E-01  1.605E-01
  308.5000  1.735E-01  1.825E-01  1.862E-01  1.847E-01  1.778E-01
  309.5000  1.504E-01  1.578E-01  1.609E-01  1.596E-01  1.540E-01
  310.5000  2.025E-01  2.120E-01  2.160E-01  2.143E-01  2.071E-01
  311.5000  2.586E-01  2.704E-01  2.753E-01  2.733E-01  2.643E-01
  312.5000  2.488E-01  2.595E-01  2.640E-01  2.622E-01  2.540E-01
  313.5000  2.813E-01  2.932E-01  2.982E-01  2.961E-01  2.870E-01
  314.5000  2.777E-01  2.889E-01  2.936E-01  2.916E-01  2.831E-01
  315.5000  2.862E-01  2.976E-01  3.024E-01  3.004E-01  2.917E-01
  316.5000  2.823E-01  2.931E-01  2.976E-01  2.957E-01  2.875E-01
  317.5000  3.991E-01  4.143E-01  4.207E-01  4.181E-01  4.065E-01
  318.5000  3.110E-01  3.224E-01  3.272E-01  3.253E-01  3.165E-01
  319.5000  3.788E-01  3.926E-01  3.983E-01  3.959E-01  3.854E-01
  320.5000  4.598E-01  4.763E-01  4.833E-01  4.804E-01  4.678E-01
  321.5000  3.869E-01  4.003E-01  4.059E-01  4.036E-01  3.934E-01
  322.5000  3.922E-01  4.061E-01  4.119E-01  4.095E-01  3.989E-01
  323.5000  3.993E-01  4.129E-01  4.186E-01  4.162E-01  4.059E-01
  324.5000  4.688E-01  4.847E-01  4.914E-01  4.886E-01  4.765E-01
  325.5000  5.262E-01  5.441E-01  5.516E-01  5.485E-01  5.348E-01
  326.5000  6.312E-01  6.521E-01  6.608E-01  6.572E-01  6.413E-01
  327.5000  5.892E-01  6.090E-01  6.172E-01  6.138E-01  5.989E-01
  328.5000  5.435E-01  5.621E-01  5.697E-01  5.666E-01  5.528E-01
  329.5000  7.001E-01  7.228E-01  7.323E-01  7.284E-01  7.111E-01
  330.5000  6.383E-01  6.592E-01  6.679E-01  6.643E-01  6.484E-01
  331.5000  6.310E-01  6.517E-01  6.603E-01  6.567E-01  6.410E-01
  332.5000  6.179E-01  6.377E-01  6.460E-01  6.426E-01  6.275E-01
  333.5000  5.819E-01  6.006E-01  6.085E-01  6.052E-01  5.909E-01
  334.5000  6.492E-01  6.700E-01  6.787E-01  6.751E-01  6.592E-01
  335.5000  6.560E-01  6.769E-01  6.856E-01  6.820E-01  6.661E-01
  336.5000  5.132E-01  5.295E-01  5.363E-01  5.335E-01  5.211E-01
  337.5000  5.643E-01  5.823E-01  5.898E-01  5.867E-01  5.730E-01
  338.5000  5.937E-01  6.124E-01  6.203E-01  6.170E-01  6.028E-01
  339.5000  6.450E-01  6.653E-01  6.738E-01  6.702E-01  6.548E-01
  340.5000  6.901E-01  7.119E-01  7.210E-01  7.172E-01  7.006E-01
  341.5000  6.118E-01  6.310E-01  6.390E-01  6.357E-01  6.211E-01
  342.5000  6.774E-01  6.986E-01  7.074E-01  7.038E-01  6.876E-01
  343.5000  7.038E-01  7.258E-01  7.350E-01  7.312E-01  7.144E-01
  344.5000  4.934E-01  5.089E-01  5.153E-01  5.126E-01  5.009E-01
  345.5000  6.748E-01  6.958E-01  7.046E-01  7.009E-01  6.850E-01
  346.5000  6.317E-01  6.513E-01  6.595E-01  6.561E-01  6.412E-01
  347.5000  6.169E-01  6.361E-01  6.441E-01  6.408E-01  6.262E-01
  348.5000  6.776E-01  6.986E-01  7.073E-01  7.037E-01  6.877E-01
  349.5000  5.677E-01  5.852E-01  5.926E-01  5.895E-01  5.762E-01
  350.5000  7.945E-01  8.190E-01  8.293E-01  8.250E-01  8.064E-01
  351.5000  6.847E-01  7.057E-01  7.146E-01  7.109E-01  6.949E-01
  352.5000  6.172E-01  6.362E-01  6.441E-01  6.408E-01  6.264E-01
  353.5000  7.426E-01  7.654E-01  7.749E-01  7.710E-01  7.536E-01
  354.5000  8.033E-01  8.279E-01  8.382E-01  8.339E-01  8.152E-01
  355.5000  7.505E-01  7.734E-01  7.830E-01  7.791E-01  7.616E-01
  356.5000  6.962E-01  7.175E-01  7.264E-01  7.227E-01  7.065E-01
  357.5000  5.919E-01  6.099E-01  6.175E-01  6.143E-01  6.006E-01
  358.5000  4.565E-01  4.704E-01  4.763E-01  4.738E-01  4.633E-01
  359.5000  7.681E-01  7.914E-01  8.012E-01  7.972E-01  7.794E-01
  360.5000  7.117E-01  7.333E-01  7.423E-01  7.386E-01  7.222E-01
  361.5000  6.414E-01  6.609E-01  6.690E-01  6.656E-01  6.508E-01
  362.5000  7.530E-01  7.757E-01  7.853E-01  7.813E-01  7.640E-01
  363.5000  6.696E-01  6.898E-01  6.983E-01  6.948E-01  6.794E-01
  364.5000  7.302E-01  7.522E-01  7.615E-01  7.576E-01  7.409E-01
  365.5000  8.895E-01  9.163E-01  9.275E-01  9.229E-01  9.025E-01
  366.5000  9.411E-01  9.694E-01  9.812E-01  9.763E-01  9.548E-01
  367.5000  8.932E-01  9.200E-01  9.313E-01  9.266E-01  9.062E-01
  368.5000  7.844E-01  8.080E-01  8.178E-01  8.137E-01  7.958E-01
  369.5000  9.406E-01  9.688E-01  9.806E-01  9.757E-01  9.543E-01
  370.5000  8.532E-01  8.787E-01  8.893E-01  8.849E-01  8.655E-01
  371.5000  9.759E-01  1.005E+00  1.017E+00  1.012E+00  9.900E-01
  372.5000  7.206E-01  7.421E-01  7.511E-01  7.474E-01  7.310E-01
  373.5000  6.512E-01  6.706E-01  6.787E-01  6.753E-01  6.606E-01
  374.5000  7.145E-01  7.357E-01  7.446E-01  7.409E-01  7.248E-01
  375.5000  8.059E-01  8.298E-01  8.398E-01  8.357E-01  8.175E-01
  376.5000  8.045E-01  8.284E-01  8.384E-01  8.342E-01  8.161E-01
  377.5000  9.578E-01  9.861E-01  9.980E-01  9.931E-01  9.715E-01
  378.5000  1.044E+00  1.074E+00  1.087E+00  1.082E+00  1.059E+00
  379.5000  7.719E-01  7.947E-01  8.042E-01  8.003E-01  7.829E-01
  380.5000  9.280E-01  9.554E-01  9.668E-01  9.621E-01  9.413E-01
  381.5000  8.718E-01  8.975E-01  9.082E-01  9.038E-01  8.843E-01
  382.5000  5.808E-01  5.979E-01  6.050E-01  6.020E-01  5.890E-01
  383.5000  5.098E-01  5.248E-01  5.311E-01  5.285E-01  5.171E-01
  384.5000  7.649E-01  7.874E-01  7.968E-01  7.929E-01  7.758E-01
  385.5000  7.566E-01  7.788E-01  7.881E-01  7.842E-01  7.674E-01
  386.5000  7.711E-01  7.936E-01  8.031E-01  7.992E-01  7.820E-01
  387.5000  7.164E-01  7.374E-01  7.461E-01  7.425E-01  7.266E-01
  388.5000  7.179E-01  7.389E-01  7.477E-01  7.440E-01  7.281E-01
  389.5000  9.051E-01  9.315E-01  9.426E-01  9.380E-01  9.179E-01
  390.5000  8.889E-01  9.147E-01  9.256E-01  9.211E-01  9.014E-01
  391.5000  1.054E+00  1.085E+00  1.098E+00  1.092E+00  1.069E+00
  392.5000  7.904E-01  8.134E-01  8.230E-01  8.190E-01  8.015E-01
  393.5000  3.436E-01  3.535E-01  3.577E-01  3.560E-01  3.484E-01
  394.5000  8.082E-01  8.317E-01  8.415E-01  8.374E-01  8.196E-01
  395.5000  1.040E+00  1.070E+00  1.082E+00  1.077E+00  1.054E+00
  396.5000  6.104E-01  6.280E-01  6.354E-01  6.324E-01  6.189E-01
  397.5000  7.042E-01  7.246E-01  7.331E-01  7.295E-01  7.141E-01
  398.5000  1.210E+00  1.245E+00  1.259E+00  1.253E+00  1.227E+00
  399.5000  1.258E+00  1.294E+00  1.310E+00  1.303E+00  1.276E+00
  400.5000  1.322E+00  1.361E+00  1.376E+00  1.370E+00  1.341E+00
  401.5000  1.360E+00  1.400E+00  1.416E+00  1.409E+00  1.379E+00
  402.5000  1.412E+00  1.453E+00  1.470E+00  1.463E+00  1.432E+00
  403.5000  1.292E+00  1.329E+00  1.345E+00  1.338E+00  1.310E+00
  404.5000  1.267E+00  1.304E+00  1.319E+00  1.312E+00  1.285E+00
  405.5000  1.316E+00  1.354E+00  1.370E+00  1.363E+00  1.334E+00
  406.5000  1.239E+00  1.275E+00  1.290E+00  1.284E+00  1.257E+00
  407.5000  1.249E+00  1.285E+00  1.300E+00  1.294E+00  1.267E+00
  408.5000  1.391E+00  1.431E+00  1.448E+00  1.441E+00  1.411E+00
  409.5000  1.364E+00  1.403E+00  1.419E+00  1.412E+00  1.383E+00
  410.5000  1.182E+00  1.216E+00  1.230E+00  1.224E+00  1.199E+00
  411.5000  1.421E+00  1.461E+00  1.478E+00  1.471E+00  1.441E+00
  412.5000  1.408E+00  1.448E+00  1.465E+00  1.458E+00  1.428E+00
  413.5000  1.366E+00  1.404E+00  1.421E+00  1.414E+00  1.384E+00
  414.5000  1.403E+00  1.443E+00  1.460E+00  1.453E+00  1.423E+00
  415.5000  1.342E+00  1.380E+00  1.396E+00  1.389E+00  1.360E+00
  416.5000  1.460E+00  1.502E+00  1.519E+00  1.512E+00  1.480E+00
  417.5000  1.335E+00  1.373E+00  1.388E+00  1.382E+00  1.353E+00
  418.5000  1.345E+00  1.383E+00  1.399E+00  1.393E+00  1.364E+00
  419.5000  1.389E+00  1.429E+00  1.445E+00  1.438E+00  1.408E+00
------------------------------------------------------------
Dose rates, W m-2
   1 = UV-B, 280-315 nm                                  
   2 = UV-A, 315-400 nm                                  
   3 = Gaussian, 320 nm, 10 nm FWHM                      
   4 = RB Meter, model 501                               
   5 = DNA damage, in vitro (Setlow, 1974)               
   6 = UV index (WMO, 1994; Webb et al., 2011)           
   7 = Previtamin-D3 (CIE 2006)                          
values at z =      0.000 km
Columns: time, sza, weighting spectra
time, hrs.  sza, deg.          1          2          3          4          5          6          7
   11.0000     20.557  2.296E+00  5.858E+01  3.884E-01  7.133E-01  1.052E-02  1.417E+01  7.123E-01
   11.5000     16.556  2.415E+00  6.038E+01  4.025E-01  7.545E-01  1.142E-02  1.506E+01  7.567E-01
   12.0000     14.577  2.465E+00  6.113E+01  4.083E-01  7.721E-01  1.181E-02  1.545E+01  7.756E-01
   12.5000     15.427  2.444E+00  6.082E+01  4.059E-01  7.648E-01  1.165E-02  1.529E+01  7.678E-01
   13.0000     18.723  2.353E+00  5.945E+01  3.952E-01  7.331E-01  1.095E-02  1.460E+01  7.336E-01
------------------------------------------------------------
