Spectral Irradiance, W m-2 nm-1
values at z =      0.000 km
Columns: wavelength (nm), times (hrs.) or sza (deg.)
    wc, nm     11.000     11.500     12.000     12.500     13.000
    sza =      90.840     90.831     90.823     90.816     90.807
  280.5000  2.757E-18  2.765E-18  2.772E-18  2.779E-18  2.787E-18
  281.5000  9.808E-17  9.836E-17  9.861E-17  9.885E-17  9.914E-17
  282.5000  1.445E-15  1.449E-15  1.452E-15  1.456E-15  1.460E-15
  283.5000  7.484E-15  7.506E-15  7.524E-15  7.543E-15  7.565E-15
  284.5000  9.199E-14  9.225E-14  9.248E-14  9.270E-14  9.297E-14
  285.5000  3.691E-13  3.702E-13  3.710E-13  3.719E-13  3.730E-13
  286.5000  4.845E-12  4.859E-12  4.870E-12  4.882E-12  4.896E-12
  287.5000  3.139E-11  3.148E-11  3.156E-11  3.163E-11  3.172E-11
  288.5000  1.813E-10  1.818E-10  1.822E-10  1.827E-10  1.832E-10
  289.5000  1.104E-09  1.107E-09  1.110E-09  1.112E-09  1.116E-09
  290.5000  4.831E-09  4.845E-09  4.856E-09  4.868E-09  4.882E-09
  291.5000  1.693E-08  1.698E-08  1.702E-08  1.706E-08  1.711E-08
  292.5000  4.442E-08  4.454E-08  4.465E-08  4.475E-08  4.488E-08
  293.5000  1.396E-07  1.400E-07  1.404E-07  1.407E-07  1.411E-07
  294.5000  2.852E-07  2.861E-07  2.867E-07  2.874E-07  2.882E-07
  295.5000  7.789E-07  7.811E-07  7.830E-07  7.840E-07  7.870E-07
  296.5000  1.469E-06  1.474E-06  1.477E-06  1.480E-06  1.485E-06
  297.5000  3.034E-06  3.045E-06  3.051E-06  3.059E-06  3.068E-06
  298.5000  3.889E-06  3.900E-06  3.910E-06  3.920E-06  3.931E-06
  299.5000  9.345E-06  9.372E-06  9.396E-06  9.420E-06  9.448E-06
  300.5000  9.369E-06  9.397E-06  9.421E-06  9.445E-06  9.474E-06
  301.5000  2.023E-05  2.029E-05  2.035E-05  2.040E-05  2.046E-05
  302.5000  2.686E-05  2.695E-05  2.702E-05  2.709E-05  2.717E-05
  303.5000  5.011E-05  5.027E-05  5.041E-05  5.055E-05  5.071E-05
  304.5000  5.814E-05  5.833E-05  5.849E-05  5.866E-05  5.885E-05
  305.5000  8.533E-05  8.561E-05  8.586E-05  8.610E-05  8.640E-05
  306.5000  9.373E-05  9.405E-05  9.432E-05  9.459E-05  9.492E-05
  307.5000  1.521E-04  1.526E-04  1.531E-04  1.535E-04  1.541E-04
  308.5000  1.794E-04  1.801E-04  1.806E-04  1.812E-04  1.819E-04
  309.5000  1.757E-04  1.764E-04  1.770E-04  1.775E-04  1.782E-04
  310.5000  2.623E-04  2.633E-04  2.642E-04  2.650E-04  2.661E-04
  311.5000  3.605E-04  3.619E-04  3.631E-04  3.643E-04  3.658E-04
  312.5000  4.084E-04  4.101E-04  4.115E-04  4.129E-04  4.146E-04
  313.5000  4.818E-04  4.838E-04  4.854E-04  4.871E-04  4.892E-04
  314.5000  5.715E-04  5.740E-04  5.761E-04  5.782E-04  5.807E-04
  315.5000  6.100E-04  6.127E-04  6.149E-04  6.171E-04  6.199E-04
  316.5000  7.251E-04  7.284E-04  7.312E-04  7.340E-04  7.373E-04
  317.5000  1.024E-03  1.029E-03  1.033E-03  1.037E-03  1.041E-03
  318.5000  9.878E-04  9.925E-04  9.963E-04  1.000E-03  1.005E-03
  319.5000  1.259E-03  1.265E-03  1.270E-03  1.275E-03  1.281E-03
  320.5000  1.615E-03  1.623E-03  1.629E-03  1.636E-03  1.644E-03
  321.5000  1.776E-03  1.784E-03  1.791E-03  1.798E-03  1.807E-03
  322.5000  1.450E-03  1.457E-03  1.463E-03  1.469E-03  1.475E-03
  323.5000  2.093E-03  2.103E-03  2.111E-03  2.119E-03  2.129E-03
  324.5000  2.419E-03  2.431E-03  2.440E-03  2.450E-03  2.461E-03
  325.5000  2.575E-03  2.588E-03  2.598E-03  2.608E-03  2.620E-03
  326.5000  4.081E-03  4.100E-03  4.115E-03  4.131E-03  4.150E-03
  327.5000  3.464E-03  3.480E-03  3.494E-03  3.507E-03  3.523E-03
  328.5000  3.198E-03  3.213E-03  3.226E-03  3.238E-03  3.253E-03
  329.5000  5.169E-03  5.192E-03  5.212E-03  5.231E-03  5.254E-03
  330.5000  4.272E-03  4.292E-03  4.308E-03  4.324E-03  4.344E-03
  331.5000  4.137E-03  4.156E-03  4.172E-03  4.188E-03  4.207E-03
  332.5000  4.817E-03  4.838E-03  4.855E-03  4.873E-03  4.895E-03
  333.5000  4.203E-03  4.222E-03  4.238E-03  4.253E-03  4.273E-03
  334.5000  4.875E-03  4.897E-03  4.915E-03  4.933E-03  4.955E-03
  335.5000  5.376E-03  5.400E-03  5.419E-03  5.439E-03  5.463E-03
  336.5000  4.099E-03  4.117E-03  4.132E-03  4.147E-03  4.165E-03
  337.5000  4.240E-03  4.258E-03  4.274E-03  4.290E-03  4.309E-03
  338.5000  4.895E-03  4.916E-03  4.934E-03  4.952E-03  4.973E-03
  339.5000  5.388E-03  5.411E-03  5.430E-03  5.450E-03  5.474E-03
  340.5000  5.571E-03  5.595E-03  5.616E-03  5.636E-03  5.661E-03
  341.5000  5.188E-03  5.211E-03  5.229E-03  5.248E-03  5.271E-03
  342.5000  5.799E-03  5.824E-03  5.845E-03  5.866E-03  5.891E-03
  343.5000  5.927E-03  5.952E-03  5.974E-03  5.995E-03  6.022E-03
  344.5000  4.080E-03  4.097E-03  4.112E-03  4.127E-03  4.145E-03
  345.5000  5.861E-03  5.886E-03  5.907E-03  5.928E-03  5.954E-03
  346.5000  5.328E-03  5.351E-03  5.370E-03  5.389E-03  5.413E-03
  347.5000  5.224E-03  5.247E-03  5.266E-03  5.285E-03  5.308E-03
  348.5000  5.803E-03  5.828E-03  5.849E-03  5.870E-03  5.896E-03
  349.5000  4.857E-03  4.878E-03  4.896E-03  4.914E-03  4.935E-03
  350.5000  6.819E-03  6.848E-03  6.873E-03  6.898E-03  6.928E-03
  351.5000  5.855E-03  5.880E-03  5.901E-03  5.923E-03  5.948E-03
  352.5000  5.300E-03  5.323E-03  5.342E-03  5.361E-03  5.384E-03
  353.5000  6.416E-03  6.443E-03  6.466E-03  6.490E-03  6.518E-03
  354.5000  6.976E-03  7.006E-03  7.031E-03  7.057E-03  7.087E-03
  355.5000  6.524E-03  6.552E-03  6.575E-03  6.599E-03  6.628E-03
  356.5000  6.053E-03  6.079E-03  6.101E-03  6.123E-03  6.150E-03
  357.5000  5.144E-03  5.166E-03  5.184E-03  5.203E-03  5.226E-03
  358.5000  3.979E-03  3.996E-03  4.011E-03  4.025E-03  4.042E-03
  359.5000  6.698E-03  6.727E-03  6.751E-03  6.775E-03  6.805E-03
  360.5000  6.211E-03  6.238E-03  6.260E-03  6.283E-03  6.310E-03
  361.5000  5.610E-03  5.634E-03  5.654E-03  5.675E-03  5.699E-03
  362.5000  6.595E-03  6.623E-03  6.647E-03  6.671E-03  6.700E-03
  363.5000  5.870E-03  5.895E-03  5.916E-03  5.938E-03  5.963E-03
  364.5000  6.402E-03  6.430E-03  6.453E-03  6.476E-03  6.504E-03
  365.5000  7.797E-03  7.830E-03  7.858E-03  7.887E-03  7.921E-03
  366.5000  8.260E-03  8.295E-03  8.325E-03  8.355E-03  8.391E-03
  367.5000  7.850E-03  7.884E-03  7.912E-03  7.941E-03  7.975E-03
  368.5000  6.897E-03  6.927E-03  6.952E-03  6.977E-03  7.007E-03
  369.5000  8.275E-03  8.311E-03  8.341E-03  8.371E-03  8.407E-03
  370.5000  7.509E-03  7.542E-03  7.569E-03  7.596E-03  7.629E-03
  371.5000  8.595E-03  8.632E-03  8.663E-03  8.695E-03  8.732E-03
  372.5000  6.352E-03  6.379E-03  6.402E-03  6.425E-03  6.453E-03
  373.5000  5.741E-03  5.766E-03  5.786E-03  5.807E-03  5.833E-03
  374.5000  6.301E-03  6.328E-03  6.351E-03  6.374E-03  6.402E-03
  375.5000  7.112E-03  7.143E-03  7.169E-03  7.195E-03  7.226E-03
  376.5000  7.105E-03  7.135E-03  7.161E-03  7.187E-03  7.218E-03
  377.5000  8.462E-03  8.499E-03  8.530E-03  8.561E-03  8.598E-03
  378.5000  9.224E-03  9.264E-03  9.298E-03  9.331E-03  9.372E-03
  379.5000  6.825E-03  6.855E-03  6.879E-03  6.904E-03  6.934E-03
  380.5000  8.210E-03  8.246E-03  8.276E-03  8.306E-03  8.342E-03
  381.5000  7.717E-03  7.750E-03  7.778E-03  7.806E-03  7.841E-03
  382.5000  5.143E-03  5.165E-03  5.184E-03  5.203E-03  5.226E-03
  383.5000  4.517E-03  4.537E-03  4.553E-03  4.569E-03  4.589E-03
  384.5000  6.780E-03  6.809E-03  6.834E-03  6.859E-03  6.889E-03
  385.5000  6.710E-03  6.739E-03  6.763E-03  6.788E-03  6.817E-03
  386.5000  6.841E-03  6.871E-03  6.895E-03  6.920E-03  6.951E-03
  387.5000  6.359E-03  6.386E-03  6.410E-03  6.433E-03  6.461E-03
  388.5000  6.375E-03  6.402E-03  6.426E-03  6.449E-03  6.477E-03
  389.5000  8.041E-03  8.076E-03  8.105E-03  8.134E-03  8.170E-03
  390.5000  7.900E-03  7.934E-03  7.963E-03  7.992E-03  8.027E-03
  391.5000  9.374E-03  9.415E-03  9.449E-03  9.483E-03  9.525E-03
  392.5000  7.031E-03  7.062E-03  7.087E-03  7.113E-03  7.144E-03
  393.5000  3.057E-03  3.071E-03  3.082E-03  3.093E-03  3.107E-03
  394.5000  7.195E-03  7.227E-03  7.253E-03  7.279E-03  7.311E-03
  395.5000  9.260E-03  9.300E-03  9.334E-03  9.368E-03  9.409E-03
  396.5000  5.439E-03  5.462E-03  5.482E-03  5.502E-03  5.526E-03
  397.5000  6.278E-03  6.305E-03  6.328E-03  6.351E-03  6.379E-03
  398.5000  1.079E-02  1.084E-02  1.088E-02  1.092E-02  1.096E-02
  399.5000  1.123E-02  1.128E-02  1.132E-02  1.136E-02  1.141E-02
  400.5000  1.181E-02  1.186E-02  1.190E-02  1.194E-02  1.200E-02
  401.5000  1.215E-02  1.220E-02  1.225E-02  1.229E-02  1.234E-02
  402.5000  1.261E-02  1.267E-02  1.272E-02  1.276E-02  1.282E-02
  403.5000  1.155E-02  1.160E-02  1.164E-02  1.168E-02  1.174E-02
  404.5000  1.133E-02  1.138E-02  1.142E-02  1.146E-02  1.151E-02
  405.5000  1.177E-02  1.183E-02  1.187E-02  1.191E-02  1.196E-02
  406.5000  1.109E-02  1.114E-02  1.118E-02  1.122E-02  1.127E-02
  407.5000  1.118E-02  1.123E-02  1.127E-02  1.132E-02  1.137E-02
  408.5000  1.246E-02  1.251E-02  1.256E-02  1.260E-02  1.266E-02
  409.5000  1.221E-02  1.227E-02  1.231E-02  1.236E-02  1.241E-02
  410.5000  1.059E-02  1.064E-02  1.068E-02  1.072E-02  1.077E-02
  411.5000  1.274E-02  1.279E-02  1.284E-02  1.289E-02  1.295E-02
  412.5000  1.263E-02  1.269E-02  1.273E-02  1.278E-02  1.284E-02
  413.5000  1.226E-02  1.231E-02  1.235E-02  1.240E-02  1.245E-02
  414.5000  1.260E-02  1.265E-02  1.270E-02  1.275E-02  1.280E-02
  415.5000  1.205E-02  1.210E-02  1.215E-02  1.219E-02  1.225E-02
  416.5000  1.312E-02  1.318E-02  1.322E-02  1.327E-02  1.333E-02
  417.5000  1.199E-02  1.205E-02  1.209E-02  1.214E-02  1.219E-02
  418.5000  1.209E-02  1.215E-02  1.219E-02  1.223E-02  1.229E-02
  419.5000  1.250E-02  1.255E-02  1.260E-02  1.264E-02  1.270E-02
------------------------------------------------------------
Dose rates, W m-2
   1 = UV-B, 280-315 nm                                  
   2 = UV-A, 315-400 nm                                  
   3 = Gaussian, 320 nm, 10 nm FWHM                      
   4 = RB Meter, model 501                               
   5 = DNA damage, in vitro (Setlow, 1974)               
   6 = UV index (WMO, 1994; Webb et al., 2011)           
   7 = Previtamin-D3 (CIE 2006)                          
values at z =      0.000 km
Columns: time, sza, weighting spectra
time, hrs.  sza, deg.          1          2          3          4          5          6          7
   11.0000     90.840  2.954E-03  4.794E-01  1.524E-03  1.021E-03  7.718E-06  2.406E-02  6.927E-04
   11.5000     90.831  2.966E-03  4.815E-01  1.531E-03  1.025E-03  7.746E-06  2.416E-02  6.953E-04
   12.0000     90.823  2.976E-03  4.832E-01  1.536E-03  1.028E-03  7.769E-06  2.424E-02  6.974E-04
   12.5000     90.816  2.986E-03  4.850E-01  1.542E-03  1.032E-03  7.793E-06  2.432E-02  6.996E-04
   13.0000     90.807  2.998E-03  4.871E-01  1.550E-03  1.036E-03  7.821E-06  2.443E-02  7.022E-04
------------------------------------------------------------
