Spectral Irradiance, W m-2 nm-1
values at z =      0.000 km
Columns: wavelength (nm), times (hrs.) or sza (deg.)
    wc, nm     11.000     11.500     12.000     12.500     13.000
    sza =      48.617     47.027     46.327     46.557     47.701
  280.5000  8.027E-27  4.333E-26  8.736E-26  6.959E-26  2.157E-26
  281.5000  3.461E-24  1.602E-23  3.031E-23  2.465E-23  8.496E-24
  282.5000  4.336E-22  1.760E-21  3.153E-21  2.610E-21  9.855E-22
  283.5000  9.052E-21  3.374E-20  5.833E-20  4.884E-20  1.957E-20
  284.5000  1.387E-18  4.425E-18  7.171E-18  6.132E-18  2.737E-18
  285.5000  3.587E-17  1.020E-16  1.576E-16  1.369E-16  6.617E-17
  286.5000  1.970E-15  5.130E-15  7.642E-15  6.716E-15  3.452E-15
  287.5000  6.215E-14  1.467E-13  2.098E-13  1.869E-13  1.028E-13
  288.5000  1.985E-12  4.214E-12  5.766E-12  5.208E-12  3.085E-12
  289.5000  4.098E-11  8.064E-11  1.069E-10  9.758E-11  6.092E-11
  290.5000  4.995E-10  9.224E-10  1.191E-09  1.096E-09  7.154E-10
  291.5000  5.545E-09  9.528E-09  1.194E-08  1.110E-08  7.614E-09
  292.5000  3.718E-08  6.023E-08  7.365E-08  6.900E-08  4.931E-08
  293.5000  2.810E-07  4.307E-07  5.147E-07  4.858E-07  3.608E-07
  294.5000  1.133E-06  1.664E-06  1.953E-06  1.854E-06  1.419E-06
  295.5000  6.329E-06  8.875E-06  1.022E-05  9.762E-06  7.714E-06
  296.5000  2.143E-05  2.893E-05  3.279E-05  3.148E-05  2.554E-05
  297.5000  7.341E-05  9.587E-05  1.072E-04  1.034E-04  8.583E-05
  298.5000  1.427E-04  1.813E-04  2.003E-04  1.940E-04  1.642E-04
  299.5000  5.051E-04  6.249E-04  6.831E-04  6.636E-04  5.721E-04
  300.5000  6.741E-04  8.175E-04  8.862E-04  8.633E-04  7.547E-04
  301.5000  1.963E-03  2.330E-03  2.502E-03  2.445E-03  2.170E-03
  302.5000  3.146E-03  3.681E-03  3.931E-03  3.848E-03  3.449E-03
  303.5000  7.223E-03  8.311E-03  8.813E-03  8.647E-03  7.840E-03
  304.5000  9.383E-03  1.069E-02  1.129E-02  1.110E-02  1.013E-02
  305.5000  1.600E-02  1.798E-02  1.888E-02  1.858E-02  1.713E-02
  306.5000  1.866E-02  2.084E-02  2.182E-02  2.150E-02  1.976E-02
  307.5000  3.323E-02  3.667E-02  3.821E-02  3.770E-02  3.520E-02
  308.5000  4.036E-02  4.433E-02  4.611E-02  4.552E-02  4.263E-02
  309.5000  4.087E-02  4.454E-02  4.618E-02  4.564E-02  4.298E-02
  310.5000  6.146E-02  6.662E-02  6.891E-02  6.816E-02  6.442E-02
  311.5000  8.445E-02  9.101E-02  9.419E-02  9.321E-02  8.833E-02
  312.5000  9.249E-02  9.924E-02  1.022E-01  1.012E-01  9.637E-02
  313.5000  1.079E-01  1.156E-01  1.190E-01  1.179E-01  1.123E-01
  314.5000  1.190E-01  1.267E-01  1.302E-01  1.290E-01  1.234E-01
  315.5000  1.250E-01  1.330E-01  1.366E-01  1.354E-01  1.296E-01
  316.5000  1.343E-01  1.423E-01  1.458E-01  1.447E-01  1.389E-01
  317.5000  1.902E-01  2.015E-01  2.065E-01  2.049E-01  1.967E-01
  318.5000  1.603E-01  1.692E-01  1.731E-01  1.718E-01  1.654E-01
  319.5000  1.981E-01  2.092E-01  2.139E-01  2.123E-01  2.046E-01
  320.5000  2.453E-01  2.585E-01  2.642E-01  2.623E-01  2.529E-01
  321.5000  2.217E-01  2.327E-01  2.374E-01  2.360E-01  2.281E-01
  322.5000  2.131E-01  2.243E-01  2.292E-01  2.276E-01  2.196E-01
  323.5000  2.365E-01  2.479E-01  2.529E-01  2.513E-01  2.431E-01
  324.5000  2.771E-01  2.905E-01  2.963E-01  2.944E-01  2.848E-01
  325.5000  3.078E-01  3.227E-01  3.294E-01  3.272E-01  3.165E-01
  326.5000  3.915E-01  4.094E-01  4.172E-01  4.147E-01  4.018E-01
  327.5000  3.592E-01  3.760E-01  3.833E-01  3.809E-01  3.689E-01
  328.5000  3.320E-01  3.475E-01  3.542E-01  3.520E-01  3.410E-01
  329.5000  4.463E-01  4.660E-01  4.747E-01  4.718E-01  4.577E-01
  330.5000  4.001E-01  4.182E-01  4.261E-01  4.235E-01  4.105E-01
  331.5000  3.944E-01  4.123E-01  4.201E-01  4.175E-01  4.048E-01
  332.5000  3.986E-01  4.160E-01  4.236E-01  4.211E-01  4.086E-01
  333.5000  3.708E-01  3.872E-01  3.943E-01  3.920E-01  3.802E-01
  334.5000  4.168E-01  4.350E-01  4.430E-01  4.404E-01  4.273E-01
  335.5000  4.277E-01  4.461E-01  4.542E-01  4.515E-01  4.384E-01
  336.5000  3.334E-01  3.478E-01  3.541E-01  3.520E-01  3.417E-01
  337.5000  3.632E-01  3.790E-01  3.859E-01  3.837E-01  3.723E-01
  338.5000  3.883E-01  4.049E-01  4.122E-01  4.098E-01  3.979E-01
  339.5000  4.230E-01  4.411E-01  4.489E-01  4.463E-01  4.334E-01
  340.5000  4.505E-01  4.698E-01  4.782E-01  4.754E-01  4.616E-01
  341.5000  4.028E-01  4.199E-01  4.273E-01  4.249E-01  4.127E-01
  342.5000  4.469E-01  4.658E-01  4.740E-01  4.713E-01  4.578E-01
  343.5000  4.635E-01  4.831E-01  4.916E-01  4.888E-01  4.748E-01
  344.5000  3.243E-01  3.380E-01  3.440E-01  3.420E-01  3.322E-01
  345.5000  4.471E-01  4.658E-01  4.740E-01  4.713E-01  4.579E-01
  346.5000  4.169E-01  4.345E-01  4.421E-01  4.396E-01  4.271E-01
  347.5000  4.077E-01  4.249E-01  4.323E-01  4.299E-01  4.176E-01
  348.5000  4.489E-01  4.677E-01  4.758E-01  4.732E-01  4.597E-01
  349.5000  3.763E-01  3.920E-01  3.988E-01  3.966E-01  3.854E-01
  350.5000  5.272E-01  5.492E-01  5.588E-01  5.556E-01  5.399E-01
  351.5000  4.543E-01  4.733E-01  4.815E-01  4.788E-01  4.653E-01
  352.5000  4.101E-01  4.271E-01  4.345E-01  4.321E-01  4.199E-01
  353.5000  4.941E-01  5.146E-01  5.236E-01  5.206E-01  5.060E-01
  354.5000  5.353E-01  5.574E-01  5.671E-01  5.639E-01  5.481E-01
  355.5000  5.004E-01  5.211E-01  5.301E-01  5.272E-01  5.124E-01
  356.5000  4.645E-01  4.837E-01  4.921E-01  4.893E-01  4.756E-01
  357.5000  3.951E-01  4.114E-01  4.185E-01  4.162E-01  4.045E-01
  358.5000  3.051E-01  3.176E-01  3.231E-01  3.213E-01  3.123E-01
  359.5000  5.136E-01  5.347E-01  5.439E-01  5.409E-01  5.258E-01
  360.5000  4.763E-01  4.958E-01  5.043E-01  5.015E-01  4.875E-01
  361.5000  4.296E-01  4.472E-01  4.548E-01  4.523E-01  4.398E-01
  362.5000  5.047E-01  5.253E-01  5.343E-01  5.314E-01  5.166E-01
  363.5000  4.491E-01  4.675E-01  4.754E-01  4.728E-01  4.597E-01
  364.5000  4.901E-01  5.101E-01  5.188E-01  5.159E-01  5.016E-01
  365.5000  5.973E-01  6.216E-01  6.322E-01  6.287E-01  6.114E-01
  366.5000  6.324E-01  6.581E-01  6.693E-01  6.656E-01  6.473E-01
  367.5000  6.007E-01  6.251E-01  6.357E-01  6.322E-01  6.148E-01
  368.5000  5.278E-01  5.493E-01  5.585E-01  5.555E-01  5.402E-01
  369.5000  6.334E-01  6.590E-01  6.701E-01  6.665E-01  6.482E-01
  370.5000  5.748E-01  5.980E-01  6.081E-01  6.048E-01  5.882E-01
  371.5000  6.579E-01  6.845E-01  6.960E-01  6.922E-01  6.733E-01
  372.5000  4.861E-01  5.057E-01  5.142E-01  5.115E-01  4.975E-01
  373.5000  4.395E-01  4.572E-01  4.649E-01  4.624E-01  4.498E-01
  374.5000  4.825E-01  5.019E-01  5.104E-01  5.076E-01  4.938E-01
  375.5000  5.446E-01  5.665E-01  5.760E-01  5.729E-01  5.572E-01
  376.5000  5.440E-01  5.658E-01  5.753E-01  5.722E-01  5.566E-01
  377.5000  6.480E-01  6.739E-01  6.852E-01  6.815E-01  6.630E-01
  378.5000  7.065E-01  7.347E-01  7.470E-01  7.430E-01  7.228E-01
  379.5000  5.228E-01  5.437E-01  5.528E-01  5.498E-01  5.349E-01
  380.5000  6.289E-01  6.540E-01  6.649E-01  6.614E-01  6.434E-01
  381.5000  5.912E-01  6.147E-01  6.250E-01  6.216E-01  6.048E-01
  382.5000  3.940E-01  4.097E-01  4.165E-01  4.143E-01  4.031E-01
  383.5000  3.461E-01  3.599E-01  3.658E-01  3.639E-01  3.541E-01
  384.5000  5.196E-01  5.402E-01  5.491E-01  5.462E-01  5.315E-01
  385.5000  5.142E-01  5.346E-01  5.434E-01  5.405E-01  5.260E-01
  386.5000  5.243E-01  5.450E-01  5.540E-01  5.511E-01  5.363E-01
  387.5000  4.874E-01  5.067E-01  5.150E-01  5.123E-01  4.985E-01
  388.5000  4.887E-01  5.080E-01  5.163E-01  5.136E-01  4.998E-01
  389.5000  6.165E-01  6.408E-01  6.513E-01  6.478E-01  6.305E-01
  390.5000  6.057E-01  6.295E-01  6.399E-01  6.365E-01  6.195E-01
  391.5000  7.188E-01  7.470E-01  7.593E-01  7.553E-01  7.351E-01
  392.5000  5.391E-01  5.603E-01  5.695E-01  5.665E-01  5.514E-01
  393.5000  2.345E-01  2.437E-01  2.476E-01  2.463E-01  2.398E-01
  394.5000  5.519E-01  5.735E-01  5.829E-01  5.798E-01  5.644E-01
  395.5000  7.103E-01  7.380E-01  7.501E-01  7.461E-01  7.263E-01
  396.5000  4.172E-01  4.335E-01  4.406E-01  4.382E-01  4.266E-01
  397.5000  4.816E-01  5.003E-01  5.085E-01  5.058E-01  4.924E-01
  398.5000  8.277E-01  8.600E-01  8.740E-01  8.694E-01  8.464E-01
  399.5000  8.612E-01  8.947E-01  9.093E-01  9.045E-01  8.806E-01
  400.5000  9.057E-01  9.409E-01  9.561E-01  9.511E-01  9.260E-01
  401.5000  9.321E-01  9.683E-01  9.840E-01  9.788E-01  9.530E-01
  402.5000  9.679E-01  1.005E+00  1.022E+00  1.016E+00  9.896E-01
  403.5000  8.862E-01  9.205E-01  9.354E-01  9.305E-01  9.060E-01
  404.5000  8.694E-01  9.031E-01  9.177E-01  9.129E-01  8.889E-01
  405.5000  9.035E-01  9.384E-01  9.535E-01  9.485E-01  9.236E-01
  406.5000  8.512E-01  8.841E-01  8.983E-01  8.936E-01  8.702E-01
  407.5000  8.584E-01  8.915E-01  9.058E-01  9.011E-01  8.775E-01
  408.5000  9.563E-01  9.931E-01  1.009E+00  1.004E+00  9.776E-01
  409.5000  9.377E-01  9.738E-01  9.894E-01  9.843E-01  9.586E-01
  410.5000  8.134E-01  8.447E-01  8.582E-01  8.538E-01  8.315E-01
  411.5000  9.780E-01  1.016E+00  1.032E+00  1.026E+00  9.997E-01
  412.5000  9.696E-01  1.007E+00  1.023E+00  1.018E+00  9.911E-01
  413.5000  9.407E-01  9.767E-01  9.923E-01  9.872E-01  9.615E-01
  414.5000  9.671E-01  1.004E+00  1.020E+00  1.015E+00  9.885E-01
  415.5000  9.252E-01  9.606E-01  9.759E-01  9.709E-01  9.457E-01
  416.5000  1.007E+00  1.046E+00  1.062E+00  1.057E+00  1.029E+00
  417.5000  9.210E-01  9.561E-01  9.714E-01  9.664E-01  9.413E-01
  418.5000  9.285E-01  9.639E-01  9.792E-01  9.742E-01  9.490E-01
  419.5000  9.594E-01  9.959E-01  1.012E+00  1.007E+00  9.805E-01
------------------------------------------------------------
Dose rates, W m-2
   1 = UV-B, 280-315 nm                                  
   2 = UV-A, 315-400 nm                                  
   3 = Gaussian, 320 nm, 10 nm FWHM                      
   4 = RB Meter, model 501                               
   5 = DNA damage, in vitro (Setlow, 1974)               
   6 = UV index (WMO, 1994; Webb et al., 2011)           
   7 = Previtamin-D3 (CIE 2006)                          
values at z =      0.000 km
Columns: time, sza, weighting spectra
time, hrs.  sza, deg.          1          2          3          4          5          6          7
   11.0000     48.617  6.375E-01  3.855E+01  2.072E-01  1.771E-01  1.119E-03  3.342E+00  1.339E-01
   11.5000     47.027  6.903E-01  4.016E+01  2.183E-01  1.916E-01  1.242E-03  3.602E+00  1.470E-01
   12.0000     46.327  7.142E-01  4.085E+01  2.231E-01  1.981E-01  1.299E-03  3.720E+00  1.529E-01
   12.5000     46.557  7.064E-01  4.063E+01  2.215E-01  1.960E-01  1.281E-03  3.681E+00  1.510E-01
   13.0000     47.701  6.678E-01  3.948E+01  2.136E-01  1.854E-01  1.189E-03  3.490E+00  1.413E-01
------------------------------------------------------------
