Spectral Irradiance, W m-2 nm-1
values at z =      0.000 km
Columns: wavelength (nm), times (hrs.) or sza (deg.)
    wc, nm     11.000     11.500     12.000     12.500     13.000
    sza =      18.762     14.560     13.491     16.190     21.268
  280.5000  3.727E-14  6.995E-14  7.983E-14  5.598E-14  2.343E-14
  281.5000  1.127E-12  2.001E-12  2.257E-12  1.633E-12  7.375E-13
  282.5000  1.441E-11  2.440E-11  2.725E-11  2.025E-11  9.766E-12
  283.5000  6.834E-11  1.122E-10  1.245E-10  9.417E-11  4.740E-11
  284.5000  7.033E-10  1.092E-09  1.198E-09  9.345E-10  5.084E-10
  285.5000  2.469E-09  3.679E-09  3.999E-09  3.194E-09  1.841E-09
  286.5000  2.925E-08  4.221E-08  4.558E-08  3.707E-08  2.233E-08
  287.5000  1.682E-07  2.342E-07  2.511E-07  2.083E-07  1.318E-07
  288.5000  8.459E-07  1.133E-06  1.205E-06  1.022E-06  6.818E-07
  289.5000  4.655E-06  6.068E-06  6.415E-06  5.524E-06  3.829E-06
  290.5000  1.867E-05  2.378E-05  2.502E-05  2.183E-05  1.562E-05
  291.5000  5.886E-05  7.303E-05  7.641E-05  6.766E-05  5.022E-05
  292.5000  1.408E-04  1.710E-04  1.781E-04  1.597E-04  1.221E-04
  293.5000  4.039E-04  4.805E-04  4.984E-04  4.518E-04  3.554E-04
  294.5000  7.630E-04  8.936E-04  9.238E-04  8.450E-04  6.794E-04
  295.5000  1.905E-03  2.193E-03  2.259E-03  2.086E-03  1.717E-03
  296.5000  3.306E-03  3.754E-03  3.855E-03  3.589E-03  3.011E-03
  297.5000  6.306E-03  7.073E-03  7.246E-03  6.791E-03  5.796E-03
  298.5000  7.490E-03  8.314E-03  8.499E-03  8.012E-03  6.937E-03
  299.5000  1.665E-02  1.830E-02  1.867E-02  1.769E-02  1.553E-02
  300.5000  1.557E-02  1.699E-02  1.730E-02  1.647E-02  1.460E-02
  301.5000  3.083E-02  3.337E-02  3.393E-02  3.245E-02  2.909E-02
  302.5000  3.838E-02  4.132E-02  4.197E-02  4.025E-02  3.636E-02
  303.5000  6.541E-02  6.997E-02  7.098E-02  6.832E-02  6.225E-02
  304.5000  7.155E-02  7.626E-02  7.730E-02  7.456E-02  6.828E-02
  305.5000  9.454E-02  1.002E-01  1.015E-01  9.817E-02  9.059E-02
  306.5000  9.878E-02  1.045E-01  1.057E-01  1.024E-01  9.481E-02
  307.5000  1.426E-01  1.501E-01  1.518E-01  1.474E-01  1.373E-01
  308.5000  1.597E-01  1.679E-01  1.697E-01  1.649E-01  1.540E-01
  309.5000  1.408E-01  1.476E-01  1.491E-01  1.452E-01  1.361E-01
  310.5000  1.919E-01  2.007E-01  2.026E-01  1.975E-01  1.857E-01
  311.5000  2.470E-01  2.580E-01  2.603E-01  2.540E-01  2.393E-01
  312.5000  2.410E-01  2.511E-01  2.533E-01  2.475E-01  2.340E-01
  313.5000  2.734E-01  2.847E-01  2.871E-01  2.806E-01  2.655E-01
  314.5000  2.732E-01  2.839E-01  2.858E-01  2.800E-01  2.657E-01
  315.5000  2.822E-01  2.931E-01  2.954E-01  2.891E-01  2.745E-01
  316.5000  2.809E-01  2.913E-01  2.935E-01  2.876E-01  2.736E-01
  317.5000  3.972E-01  4.118E-01  4.150E-01  4.066E-01  3.870E-01
  318.5000  3.123E-01  3.232E-01  3.256E-01  3.193E-01  3.045E-01
  319.5000  3.809E-01  3.942E-01  3.970E-01  3.894E-01  3.716E-01
  320.5000  4.634E-01  4.793E-01  4.827E-01  4.736E-01  4.521E-01
  321.5000  3.930E-01  4.059E-01  4.087E-01  4.013E-01  3.838E-01
  322.5000  3.959E-01  4.094E-01  4.123E-01  4.046E-01  3.864E-01
  323.5000  4.071E-01  4.202E-01  4.231E-01  4.155E-01  3.978E-01
  324.5000  4.777E-01  4.931E-01  4.965E-01  4.876E-01  4.668E-01
  325.5000  5.355E-01  5.529E-01  5.566E-01  5.467E-01  5.233E-01
  326.5000  6.466E-01  6.668E-01  6.712E-01  6.596E-01  6.323E-01
  327.5000  6.026E-01  6.215E-01  6.257E-01  6.147E-01  5.885E-01
  328.5000  5.562E-01  5.737E-01  5.775E-01  5.675E-01  5.438E-01
  329.5000  7.192E-01  7.413E-01  7.460E-01  7.334E-01  7.037E-01
  330.5000  6.545E-01  6.747E-01  6.791E-01  6.674E-01  6.402E-01
  331.5000  6.467E-01  6.667E-01  6.710E-01  6.596E-01  6.326E-01
  332.5000  6.355E-01  6.547E-01  6.589E-01  6.478E-01  6.219E-01
  333.5000  5.975E-01  6.158E-01  6.197E-01  6.092E-01  5.847E-01
  334.5000  6.671E-01  6.874E-01  6.917E-01  6.801E-01  6.528E-01
  335.5000  6.753E-01  6.956E-01  7.000E-01  6.883E-01  6.610E-01
  336.5000  5.280E-01  5.439E-01  5.473E-01  5.382E-01  5.168E-01
  337.5000  5.799E-01  5.974E-01  6.012E-01  5.911E-01  5.676E-01
  338.5000  6.112E-01  6.294E-01  6.334E-01  6.229E-01  5.983E-01
  339.5000  6.642E-01  6.839E-01  6.882E-01  6.768E-01  6.502E-01
  340.5000  7.102E-01  7.313E-01  7.359E-01  7.238E-01  6.952E-01
  341.5000  6.302E-01  6.488E-01  6.529E-01  6.421E-01  6.170E-01
  342.5000  6.978E-01  7.184E-01  7.229E-01  7.111E-01  6.833E-01
  343.5000  7.248E-01  7.462E-01  7.508E-01  7.385E-01  7.097E-01
  344.5000  5.080E-01  5.230E-01  5.262E-01  5.176E-01  4.974E-01
  345.5000  6.953E-01  7.157E-01  7.201E-01  7.084E-01  6.809E-01
  346.5000  6.505E-01  6.697E-01  6.738E-01  6.628E-01  6.370E-01
  347.5000  6.354E-01  6.540E-01  6.581E-01  6.474E-01  6.222E-01
  348.5000  6.980E-01  7.184E-01  7.228E-01  7.111E-01  6.836E-01
  349.5000  5.848E-01  6.019E-01  6.056E-01  5.958E-01  5.727E-01
  350.5000  8.185E-01  8.424E-01  8.475E-01  8.338E-01  8.016E-01
  351.5000  7.053E-01  7.258E-01  7.302E-01  7.184E-01  6.907E-01
  352.5000  6.358E-01  6.543E-01  6.583E-01  6.477E-01  6.227E-01
  353.5000  7.651E-01  7.872E-01  7.920E-01  7.793E-01  7.494E-01
  354.5000  8.277E-01  8.516E-01  8.568E-01  8.431E-01  8.107E-01
  355.5000  7.733E-01  7.956E-01  8.004E-01  7.876E-01  7.574E-01
  356.5000  7.174E-01  7.381E-01  7.425E-01  7.306E-01  7.027E-01
  357.5000  6.098E-01  6.274E-01  6.312E-01  6.211E-01  5.974E-01
  358.5000  4.704E-01  4.839E-01  4.869E-01  4.791E-01  4.608E-01
  359.5000  7.914E-01  8.142E-01  8.191E-01  8.060E-01  7.753E-01
  360.5000  7.333E-01  7.544E-01  7.589E-01  7.468E-01  7.185E-01
  361.5000  6.609E-01  6.798E-01  6.839E-01  6.731E-01  6.475E-01
  362.5000  7.759E-01  7.980E-01  8.028E-01  7.901E-01  7.602E-01
  363.5000  6.900E-01  7.097E-01  7.139E-01  7.026E-01  6.760E-01
  364.5000  7.524E-01  7.739E-01  7.785E-01  7.662E-01  7.373E-01
  365.5000  9.166E-01  9.427E-01  9.483E-01  9.333E-01  8.981E-01
  366.5000  9.697E-01  9.973E-01  1.003E+00  9.874E-01  9.502E-01
  367.5000  9.204E-01  9.465E-01  9.522E-01  9.372E-01  9.019E-01
  368.5000  8.083E-01  8.312E-01  8.362E-01  8.230E-01  7.921E-01
  369.5000  9.693E-01  9.967E-01  1.003E+00  9.869E-01  9.499E-01
  370.5000  8.791E-01  9.040E-01  9.093E-01  8.951E-01  8.615E-01
  371.5000  1.006E+00  1.034E+00  1.040E+00  1.024E+00  9.855E-01
  372.5000  7.426E-01  7.635E-01  7.680E-01  7.560E-01  7.278E-01
  373.5000  6.710E-01  6.899E-01  6.940E-01  6.831E-01  6.576E-01
  374.5000  7.363E-01  7.570E-01  7.614E-01  7.495E-01  7.216E-01
  375.5000  8.304E-01  8.538E-01  8.588E-01  8.454E-01  8.139E-01
  376.5000  8.290E-01  8.523E-01  8.573E-01  8.440E-01  8.126E-01
  377.5000  9.869E-01  1.015E+00  1.021E+00  1.005E+00  9.674E-01
  378.5000  1.075E+00  1.105E+00  1.112E+00  1.095E+00  1.054E+00
  379.5000  7.954E-01  8.176E-01  8.224E-01  8.097E-01  7.797E-01
  380.5000  9.563E-01  9.830E-01  9.887E-01  9.734E-01  9.374E-01
  381.5000  8.984E-01  9.234E-01  9.288E-01  9.144E-01  8.807E-01
  382.5000  5.985E-01  6.151E-01  6.187E-01  6.092E-01  5.867E-01
  383.5000  5.254E-01  5.400E-01  5.431E-01  5.348E-01  5.151E-01
  384.5000  7.883E-01  8.101E-01  8.148E-01  8.023E-01  7.728E-01
  385.5000  7.797E-01  8.013E-01  8.059E-01  7.935E-01  7.644E-01
  386.5000  7.946E-01  8.165E-01  8.213E-01  8.087E-01  7.790E-01
  387.5000  7.383E-01  7.587E-01  7.631E-01  7.514E-01  7.238E-01
  388.5000  7.398E-01  7.602E-01  7.646E-01  7.529E-01  7.253E-01
  389.5000  9.327E-01  9.585E-01  9.640E-01  9.493E-01  9.145E-01
  390.5000  9.160E-01  9.412E-01  9.466E-01  9.322E-01  8.981E-01
  391.5000  1.086E+00  1.116E+00  1.123E+00  1.106E+00  1.065E+00
  392.5000  8.145E-01  8.369E-01  8.417E-01  8.289E-01  7.986E-01
  393.5000  3.540E-01  3.637E-01  3.658E-01  3.603E-01  3.471E-01
  394.5000  8.329E-01  8.557E-01  8.606E-01  8.475E-01  8.167E-01
  395.5000  1.071E+00  1.101E+00  1.107E+00  1.090E+00  1.051E+00
  396.5000  6.290E-01  6.462E-01  6.499E-01  6.401E-01  6.168E-01
  397.5000  7.257E-01  7.455E-01  7.498E-01  7.384E-01  7.116E-01
  398.5000  1.247E+00  1.281E+00  1.288E+00  1.269E+00  1.223E+00
  399.5000  1.297E+00  1.332E+00  1.340E+00  1.319E+00  1.271E+00
  400.5000  1.363E+00  1.400E+00  1.408E+00  1.387E+00  1.337E+00
  401.5000  1.402E+00  1.440E+00  1.448E+00  1.426E+00  1.375E+00
  402.5000  1.455E+00  1.495E+00  1.503E+00  1.481E+00  1.427E+00
  403.5000  1.332E+00  1.368E+00  1.376E+00  1.355E+00  1.306E+00
  404.5000  1.306E+00  1.341E+00  1.349E+00  1.329E+00  1.281E+00
  405.5000  1.356E+00  1.393E+00  1.401E+00  1.380E+00  1.330E+00
  406.5000  1.277E+00  1.312E+00  1.319E+00  1.300E+00  1.253E+00
  407.5000  1.288E+00  1.322E+00  1.330E+00  1.310E+00  1.263E+00
  408.5000  1.434E+00  1.472E+00  1.481E+00  1.459E+00  1.406E+00
  409.5000  1.405E+00  1.443E+00  1.451E+00  1.430E+00  1.378E+00
  410.5000  1.219E+00  1.251E+00  1.258E+00  1.240E+00  1.195E+00
  411.5000  1.464E+00  1.504E+00  1.512E+00  1.490E+00  1.436E+00
  412.5000  1.451E+00  1.490E+00  1.499E+00  1.476E+00  1.424E+00
  413.5000  1.407E+00  1.445E+00  1.453E+00  1.432E+00  1.380E+00
  414.5000  1.446E+00  1.485E+00  1.493E+00  1.471E+00  1.419E+00
  415.5000  1.383E+00  1.420E+00  1.428E+00  1.407E+00  1.357E+00
  416.5000  1.505E+00  1.545E+00  1.554E+00  1.531E+00  1.476E+00
  417.5000  1.376E+00  1.412E+00  1.420E+00  1.399E+00  1.350E+00
  418.5000  1.386E+00  1.423E+00  1.431E+00  1.410E+00  1.360E+00
  419.5000  1.432E+00  1.470E+00  1.478E+00  1.456E+00  1.405E+00
------------------------------------------------------------
Dose rates, W m-2
   1 = UV-B, 280-315 nm                                  
   2 = UV-A, 315-400 nm                                  
   3 = Gaussian, 320 nm, 10 nm FWHM                      
   4 = RB Meter, model 501                               
   5 = DNA damage, in vitro (Setlow, 1974)               
   6 = UV index (WMO, 1994; Webb et al., 2011)           
   7 = Previtamin-D3 (CIE 2006)                          
values at z =      0.000 km
Columns: time, sza, weighting spectra
time, hrs.  sza, deg.          1          2          3          4          5          6          7
   11.0000     18.762  2.122E+00  6.023E+01  3.911E-01  6.390E-01  8.169E-03  1.237E+01  6.211E-01
   11.5000     14.560  2.228E+00  6.198E+01  4.046E-01  6.742E-01  8.825E-03  1.310E+01  6.585E-01
   12.0000     13.491  2.251E+00  6.236E+01  4.075E-01  6.818E-01  8.971E-03  1.326E+01  6.667E-01
   12.5000     16.190  2.190E+00  6.136E+01  3.997E-01  6.614E-01  8.586E-03  1.284E+01  6.450E-01
   13.0000     21.268  2.048E+00  5.900E+01  3.815E-01  6.146E-01  7.725E-03  1.187E+01  5.952E-01
------------------------------------------------------------
