Spectral Irradiance, W m-2 nm-1
values at z =      0.000 km
Columns: wavelength (nm), times (hrs.) or sza (deg.)
    wc, nm     11.000     11.500     12.000     12.500     13.000
    sza =      54.618     53.238     52.815     53.372     54.879
  280.5000  5.677E-21  2.120E-20  3.129E-20  1.872E-20  4.414E-21
  281.5000  7.016E-19  2.321E-18  3.307E-18  2.073E-18  5.565E-19
  282.5000  2.972E-17  8.955E-17  1.238E-16  8.075E-17  2.423E-17
  283.5000  3.105E-16  8.694E-16  1.179E-15  7.889E-16  2.543E-16
  284.5000  1.331E-14  3.305E-14  4.324E-14  3.034E-14  1.116E-14
  285.5000  1.337E-13  3.045E-13  3.881E-13  2.818E-13  1.142E-13
  286.5000  3.543E-12  7.564E-12  9.447E-12  7.046E-12  3.075E-12
  287.5000  5.009E-11  9.889E-11  1.208E-10  9.277E-11  4.398E-11
  288.5000  6.659E-10  1.213E-09  1.446E-09  1.146E-09  5.944E-10
  289.5000  7.340E-09  1.261E-08  1.477E-08  1.198E-08  6.624E-09
  290.5000  5.271E-08  8.630E-08  9.968E-08  8.241E-08  4.807E-08
  291.5000  3.228E-07  4.983E-07  5.662E-07  4.784E-07  2.965E-07
  292.5000  1.325E-06  1.955E-06  2.192E-06  1.885E-06  1.228E-06
  293.5000  6.308E-06  8.920E-06  9.876E-06  8.634E-06  5.895E-06
  294.5000  1.771E-05  2.422E-05  2.656E-05  2.352E-05  1.665E-05
  295.5000  6.730E-05  8.885E-05  9.641E-05  8.656E-05  6.373E-05
  296.5000  1.654E-04  2.121E-04  2.282E-04  2.072E-04  1.576E-04
  297.5000  4.280E-04  5.349E-04  5.711E-04  5.238E-04  4.097E-04
  298.5000  6.568E-04  8.033E-04  8.522E-04  7.882E-04  6.314E-04
  299.5000  1.859E-03  2.213E-03  2.349E-03  2.190E-03  1.794E-03
  300.5000  2.091E-03  2.466E-03  2.589E-03  2.428E-03  2.024E-03
  301.5000  5.058E-03  5.866E-03  6.127E-03  5.785E-03  4.913E-03
  302.5000  7.177E-03  8.232E-03  8.571E-03  8.109E-03  6.987E-03
  303.5000  1.428E-02  1.616E-02  1.676E-02  1.597E-02  1.393E-02
  304.5000  1.707E-02  1.918E-02  1.985E-02  1.897E-02  1.669E-02
  305.5000  2.576E-02  2.861E-02  2.951E-02  2.832E-02  2.524E-02
  306.5000  2.850E-02  3.151E-02  3.244E-02  3.121E-02  2.795E-02
  307.5000  4.590E-02  5.025E-02  5.162E-02  4.983E-02  4.509E-02
  308.5000  5.363E-02  5.849E-02  5.995E-02  5.804E-02  5.272E-02
  309.5000  5.085E-02  5.514E-02  5.647E-02  5.472E-02  5.005E-02
  310.5000  7.297E-02  7.878E-02  8.058E-02  7.821E-02  7.188E-02
  311.5000  9.722E-02  1.047E-01  1.070E-01  1.039E-01  9.583E-02
  312.5000  1.008E-01  1.080E-01  1.102E-01  1.073E-01  9.948E-02
  313.5000  1.161E-01  1.242E-01  1.267E-01  1.234E-01  1.146E-01
  314.5000  1.222E-01  1.301E-01  1.325E-01  1.293E-01  1.207E-01
  315.5000  1.274E-01  1.355E-01  1.380E-01  1.347E-01  1.259E-01
  316.5000  1.320E-01  1.400E-01  1.424E-01  1.392E-01  1.305E-01
  317.5000  1.869E-01  1.982E-01  2.016E-01  1.971E-01  1.848E-01
  318.5000  1.524E-01  1.611E-01  1.638E-01  1.603E-01  1.508E-01
  319.5000  1.874E-01  1.979E-01  2.012E-01  1.969E-01  1.854E-01
  320.5000  2.301E-01  2.428E-01  2.467E-01  2.416E-01  2.277E-01
  321.5000  2.017E-01  2.123E-01  2.155E-01  2.113E-01  1.997E-01
  322.5000  1.985E-01  2.093E-01  2.126E-01  2.083E-01  1.965E-01
  323.5000  2.124E-01  2.232E-01  2.265E-01  2.222E-01  2.104E-01
  324.5000  2.492E-01  2.619E-01  2.658E-01  2.607E-01  2.468E-01
  325.5000  2.782E-01  2.925E-01  2.969E-01  2.912E-01  2.755E-01
  326.5000  3.452E-01  3.621E-01  3.672E-01  3.605E-01  3.420E-01
  327.5000  3.193E-01  3.352E-01  3.400E-01  3.336E-01  3.163E-01
  328.5000  2.952E-01  3.098E-01  3.143E-01  3.084E-01  2.924E-01
  329.5000  3.895E-01  4.081E-01  4.137E-01  4.063E-01  3.860E-01
  330.5000  3.520E-01  3.690E-01  3.742E-01  3.673E-01  3.487E-01
  331.5000  3.476E-01  3.644E-01  3.696E-01  3.628E-01  3.444E-01
  332.5000  3.467E-01  3.630E-01  3.680E-01  3.614E-01  3.436E-01
  333.5000  3.244E-01  3.398E-01  3.445E-01  3.383E-01  3.214E-01
  334.5000  3.636E-01  3.808E-01  3.861E-01  3.792E-01  3.604E-01
  335.5000  3.709E-01  3.882E-01  3.935E-01  3.865E-01  3.676E-01
  336.5000  2.897E-01  3.033E-01  3.074E-01  3.020E-01  2.872E-01
  337.5000  3.171E-01  3.320E-01  3.366E-01  3.306E-01  3.143E-01
  338.5000  3.368E-01  3.524E-01  3.572E-01  3.509E-01  3.339E-01
  339.5000  3.667E-01  3.837E-01  3.888E-01  3.820E-01  3.635E-01
  340.5000  3.915E-01  4.097E-01  4.153E-01  4.080E-01  3.881E-01
  341.5000  3.490E-01  3.651E-01  3.700E-01  3.635E-01  3.460E-01
  342.5000  3.871E-01  4.049E-01  4.103E-01  4.031E-01  3.837E-01
  343.5000  4.020E-01  4.204E-01  4.261E-01  4.187E-01  3.985E-01
  344.5000  2.816E-01  2.946E-01  2.985E-01  2.933E-01  2.792E-01
  345.5000  3.872E-01  4.048E-01  4.102E-01  4.031E-01  3.838E-01
  346.5000  3.619E-01  3.784E-01  3.835E-01  3.768E-01  3.587E-01
  347.5000  3.539E-01  3.700E-01  3.749E-01  3.685E-01  3.508E-01
  348.5000  3.894E-01  4.071E-01  4.125E-01  4.054E-01  3.860E-01
  349.5000  3.265E-01  3.414E-01  3.459E-01  3.399E-01  3.237E-01
  350.5000  4.575E-01  4.783E-01  4.846E-01  4.763E-01  4.536E-01
  351.5000  3.945E-01  4.124E-01  4.178E-01  4.106E-01  3.911E-01
  352.5000  3.561E-01  3.722E-01  3.771E-01  3.706E-01  3.530E-01
  353.5000  4.290E-01  4.484E-01  4.543E-01  4.465E-01  4.253E-01
  354.5000  4.647E-01  4.856E-01  4.920E-01  4.836E-01  4.607E-01
  355.5000  4.345E-01  4.541E-01  4.601E-01  4.522E-01  4.308E-01
  356.5000  4.035E-01  4.216E-01  4.271E-01  4.199E-01  4.001E-01
  357.5000  3.433E-01  3.587E-01  3.634E-01  3.572E-01  3.404E-01
  358.5000  2.651E-01  2.770E-01  2.806E-01  2.758E-01  2.628E-01
  359.5000  4.464E-01  4.664E-01  4.725E-01  4.645E-01  4.426E-01
  360.5000  4.140E-01  4.325E-01  4.382E-01  4.307E-01  4.105E-01
  361.5000  3.735E-01  3.902E-01  3.952E-01  3.886E-01  3.703E-01
  362.5000  4.389E-01  4.584E-01  4.644E-01  4.565E-01  4.352E-01
  363.5000  3.906E-01  4.080E-01  4.133E-01  4.063E-01  3.873E-01
  364.5000  4.264E-01  4.453E-01  4.511E-01  4.435E-01  4.228E-01
  365.5000  5.198E-01  5.429E-01  5.499E-01  5.407E-01  5.154E-01
  366.5000  5.505E-01  5.748E-01  5.823E-01  5.725E-01  5.458E-01
  367.5000  5.229E-01  5.461E-01  5.531E-01  5.439E-01  5.186E-01
  368.5000  4.596E-01  4.799E-01  4.861E-01  4.780E-01  4.558E-01
  369.5000  5.516E-01  5.760E-01  5.834E-01  5.736E-01  5.470E-01
  370.5000  5.008E-01  5.228E-01  5.295E-01  5.207E-01  4.966E-01
  371.5000  5.733E-01  5.985E-01  6.062E-01  5.961E-01  5.685E-01
  372.5000  4.237E-01  4.423E-01  4.480E-01  4.405E-01  4.202E-01
  373.5000  3.832E-01  4.000E-01  4.051E-01  3.984E-01  3.800E-01
  374.5000  4.208E-01  4.392E-01  4.448E-01  4.374E-01  4.173E-01
  375.5000  4.750E-01  4.958E-01  5.021E-01  4.938E-01  4.711E-01
  376.5000  4.746E-01  4.953E-01  5.016E-01  4.933E-01  4.707E-01
  377.5000  5.654E-01  5.901E-01  5.976E-01  5.877E-01  5.608E-01
  378.5000  6.166E-01  6.434E-01  6.516E-01  6.409E-01  6.115E-01
  379.5000  4.564E-01  4.763E-01  4.823E-01  4.744E-01  4.526E-01
  380.5000  5.492E-01  5.730E-01  5.803E-01  5.707E-01  5.447E-01
  381.5000  5.163E-01  5.387E-01  5.455E-01  5.366E-01  5.121E-01
  382.5000  3.442E-01  3.591E-01  3.637E-01  3.577E-01  3.414E-01
  383.5000  3.024E-01  3.155E-01  3.195E-01  3.142E-01  2.999E-01
  384.5000  4.541E-01  4.737E-01  4.797E-01  4.718E-01  4.504E-01
  385.5000  4.495E-01  4.689E-01  4.748E-01  4.670E-01  4.458E-01
  386.5000  4.584E-01  4.782E-01  4.842E-01  4.763E-01  4.547E-01
  387.5000  4.262E-01  4.446E-01  4.502E-01  4.428E-01  4.228E-01
  388.5000  4.275E-01  4.458E-01  4.514E-01  4.441E-01  4.240E-01
  389.5000  5.393E-01  5.625E-01  5.695E-01  5.603E-01  5.349E-01
  390.5000  5.300E-01  5.527E-01  5.596E-01  5.506E-01  5.257E-01
  391.5000  6.291E-01  6.560E-01  6.642E-01  6.534E-01  6.240E-01
  392.5000  4.720E-01  4.922E-01  4.983E-01  4.902E-01  4.682E-01
  393.5000  2.053E-01  2.141E-01  2.167E-01  2.132E-01  2.036E-01
  394.5000  4.833E-01  5.039E-01  5.102E-01  5.020E-01  4.794E-01
  395.5000  6.222E-01  6.487E-01  6.568E-01  6.461E-01  6.172E-01
  396.5000  3.655E-01  3.811E-01  3.858E-01  3.796E-01  3.626E-01
  397.5000  4.220E-01  4.399E-01  4.454E-01  4.382E-01  4.186E-01
  398.5000  7.255E-01  7.563E-01  7.657E-01  7.534E-01  7.197E-01
  399.5000  7.550E-01  7.870E-01  7.968E-01  7.839E-01  7.489E-01
  400.5000  7.942E-01  8.278E-01  8.380E-01  8.246E-01  7.878E-01
  401.5000  8.175E-01  8.520E-01  8.626E-01  8.487E-01  8.109E-01
  402.5000  8.491E-01  8.849E-01  8.958E-01  8.815E-01  8.423E-01
  403.5000  7.776E-01  8.104E-01  8.203E-01  8.072E-01  7.713E-01
  404.5000  7.630E-01  7.951E-01  8.049E-01  7.921E-01  7.569E-01
  405.5000  7.930E-01  8.264E-01  8.365E-01  8.232E-01  7.867E-01
  406.5000  7.473E-01  7.787E-01  7.882E-01  7.757E-01  7.413E-01
  407.5000  7.538E-01  7.854E-01  7.950E-01  7.824E-01  7.477E-01
  408.5000  8.399E-01  8.751E-01  8.858E-01  8.717E-01  8.332E-01
  409.5000  8.237E-01  8.582E-01  8.687E-01  8.549E-01  8.172E-01
  410.5000  7.147E-01  7.446E-01  7.537E-01  7.417E-01  7.090E-01
  411.5000  8.594E-01  8.953E-01  9.062E-01  8.919E-01  8.526E-01
  412.5000  8.522E-01  8.878E-01  8.986E-01  8.843E-01  8.454E-01
  413.5000  8.269E-01  8.614E-01  8.719E-01  8.581E-01  8.204E-01
  414.5000  8.503E-01  8.857E-01  8.964E-01  8.823E-01  8.436E-01
  415.5000  8.137E-01  8.475E-01  8.578E-01  8.442E-01  8.072E-01
  416.5000  8.859E-01  9.227E-01  9.339E-01  9.192E-01  8.790E-01
  417.5000  8.103E-01  8.439E-01  8.541E-01  8.407E-01  8.039E-01
  418.5000  8.170E-01  8.509E-01  8.611E-01  8.476E-01  8.106E-01
  419.5000  8.443E-01  8.793E-01  8.899E-01  8.759E-01  8.377E-01
------------------------------------------------------------
Dose rates, W m-2
   1 = UV-B, 280-315 nm                                  
   2 = UV-A, 315-400 nm                                  
   3 = Gaussian, 320 nm, 10 nm FWHM                      
   4 = RB Meter, model 501                               
   5 = DNA damage, in vitro (Setlow, 1974)               
   6 = UV index (WMO, 1994; Webb et al., 2011)           
   7 = Previtamin-D3 (CIE 2006)                          
values at z =      0.000 km
Columns: time, sza, weighting spectra
time, hrs.  sza, deg.          1          2          3          4          5          6          7
   11.0000     54.618  7.628E-01  3.376E+01  1.940E-01  2.140E-01  1.759E-03  3.984E+00  1.830E-01
   11.5000     53.238  8.255E-01  3.529E+01  2.047E-01  2.323E-01  1.967E-03  4.325E+00  2.009E-01
   12.0000     52.815  8.449E-01  3.575E+01  2.080E-01  2.380E-01  2.034E-03  4.433E+00  2.065E-01
   12.5000     53.372  8.193E-01  3.514E+01  2.037E-01  2.305E-01  1.946E-03  4.292E+00  1.991E-01
   13.0000     54.879  7.512E-01  3.347E+01  1.920E-01  2.107E-01  1.721E-03  3.921E+00  1.797E-01
------------------------------------------------------------
