Spectral Irradiance, W m-2 nm-1
values at z =      0.000 km
Columns: wavelength (nm), times (hrs.) or sza (deg.)
    wc, nm     11.000     11.500     12.000     12.500     13.000
    sza =      64.728     63.893     63.536     63.668     64.288
  280.5000  1.372E-28  1.514E-28  1.583E-28  1.557E-28  1.443E-28
  281.5000  5.645E-26  6.246E-26  6.543E-26  6.429E-26  5.946E-26
  282.5000  6.835E-24  7.588E-24  7.962E-24  7.819E-24  7.212E-24
  283.5000  1.394E-22  1.551E-22  1.630E-22  1.600E-22  1.472E-22
  284.5000  2.102E-20  2.354E-20  2.482E-20  2.433E-20  2.227E-20
  285.5000  5.432E-19  6.126E-19  6.485E-19  6.347E-19  5.776E-19
  286.5000  3.007E-17  3.418E-17  3.634E-17  3.550E-17  3.209E-17
  287.5000  9.749E-16  1.122E-15  1.202E-15  1.171E-15  1.047E-15
  288.5000  3.319E-14  3.905E-14  4.232E-14  4.104E-14  3.601E-14
  289.5000  7.372E-13  8.867E-13  9.714E-13  9.382E-13  8.087E-13
  290.5000  9.834E-12  1.210E-11  1.339E-11  1.289E-11  1.091E-11
  291.5000  1.271E-10  1.609E-10  1.801E-10  1.726E-10  1.432E-10
  292.5000  1.012E-09  1.308E-09  1.473E-09  1.409E-09  1.153E-09
  293.5000  9.440E-09  1.236E-08  1.397E-08  1.334E-08  1.085E-08
  294.5000  4.648E-08  6.108E-08  6.895E-08  6.590E-08  5.356E-08
  295.5000  3.331E-07  4.355E-07  4.895E-07  4.687E-07  3.832E-07
  296.5000  1.424E-06  1.841E-06  2.056E-06  1.973E-06  1.630E-06
  297.5000  6.097E-06  7.766E-06  8.607E-06  8.285E-06  6.927E-06
  298.5000  1.448E-05  1.815E-05  1.996E-05  1.927E-05  1.632E-05
  299.5000  6.252E-05  7.692E-05  8.392E-05  8.126E-05  6.978E-05
  300.5000  9.762E-05  1.183E-04  1.281E-04  1.244E-04  1.081E-04
  301.5000  3.391E-04  4.033E-04  4.336E-04  4.221E-04  3.718E-04
  302.5000  6.110E-04  7.176E-04  7.673E-04  7.486E-04  6.655E-04
  303.5000  1.617E-03  1.869E-03  1.985E-03  1.942E-03  1.746E-03
  304.5000  2.280E-03  2.612E-03  2.764E-03  2.707E-03  2.451E-03
  305.5000  4.409E-03  4.978E-03  5.236E-03  5.139E-03  4.703E-03
  306.5000  5.425E-03  6.088E-03  6.386E-03  6.275E-03  5.768E-03
  307.5000  1.073E-02  1.190E-02  1.242E-02  1.222E-02  1.134E-02
  308.5000  1.357E-02  1.497E-02  1.560E-02  1.536E-02  1.430E-02
  309.5000  1.475E-02  1.614E-02  1.675E-02  1.652E-02  1.547E-02
  310.5000  2.333E-02  2.538E-02  2.628E-02  2.594E-02  2.440E-02
  311.5000  3.315E-02  3.591E-02  3.712E-02  3.667E-02  3.459E-02
  312.5000  3.856E-02  4.148E-02  4.276E-02  4.228E-02  4.009E-02
  313.5000  4.563E-02  4.900E-02  5.048E-02  4.993E-02  4.739E-02
  314.5000  5.299E-02  5.656E-02  5.811E-02  5.753E-02  5.486E-02
  315.5000  5.615E-02  5.988E-02  6.149E-02  6.089E-02  5.810E-02
  316.5000  6.281E-02  6.665E-02  6.831E-02  6.769E-02  6.482E-02
  317.5000  8.899E-02  9.443E-02  9.679E-02  9.591E-02  9.184E-02
  318.5000  7.783E-02  8.222E-02  8.413E-02  8.342E-02  8.013E-02
  319.5000  9.699E-02  1.024E-01  1.047E-01  1.039E-01  9.982E-02
  320.5000  1.210E-01  1.276E-01  1.305E-01  1.294E-01  1.245E-01
  321.5000  1.131E-01  1.188E-01  1.213E-01  1.203E-01  1.161E-01
  322.5000  1.060E-01  1.117E-01  1.142E-01  1.132E-01  1.090E-01
  323.5000  1.226E-01  1.285E-01  1.311E-01  1.301E-01  1.257E-01
  324.5000  1.434E-01  1.504E-01  1.534E-01  1.523E-01  1.471E-01
  325.5000  1.586E-01  1.664E-01  1.698E-01  1.685E-01  1.627E-01
  326.5000  2.074E-01  2.169E-01  2.209E-01  2.194E-01  2.123E-01
  327.5000  1.887E-01  1.975E-01  2.014E-01  1.999E-01  1.933E-01
  328.5000  1.746E-01  1.827E-01  1.863E-01  1.850E-01  1.789E-01
  329.5000  2.395E-01  2.501E-01  2.546E-01  2.530E-01  2.451E-01
  330.5000  2.130E-01  2.227E-01  2.269E-01  2.253E-01  2.181E-01
  331.5000  2.098E-01  2.194E-01  2.235E-01  2.219E-01  2.148E-01
  332.5000  2.152E-01  2.246E-01  2.286E-01  2.271E-01  2.201E-01
  333.5000  1.991E-01  2.079E-01  2.117E-01  2.103E-01  2.037E-01
  334.5000  2.246E-01  2.345E-01  2.387E-01  2.371E-01  2.298E-01
  335.5000  2.322E-01  2.422E-01  2.465E-01  2.449E-01  2.375E-01
  336.5000  1.808E-01  1.886E-01  1.920E-01  1.907E-01  1.849E-01
  337.5000  1.961E-01  2.047E-01  2.084E-01  2.070E-01  2.006E-01
  338.5000  2.113E-01  2.204E-01  2.243E-01  2.228E-01  2.160E-01
  339.5000  2.305E-01  2.404E-01  2.446E-01  2.431E-01  2.357E-01
  340.5000  2.450E-01  2.556E-01  2.601E-01  2.584E-01  2.506E-01
  341.5000  2.200E-01  2.294E-01  2.334E-01  2.319E-01  2.249E-01
  342.5000  2.444E-01  2.548E-01  2.593E-01  2.576E-01  2.499E-01
  343.5000  2.533E-01  2.641E-01  2.688E-01  2.670E-01  2.590E-01
  344.5000  1.771E-01  1.847E-01  1.879E-01  1.867E-01  1.811E-01
  345.5000  2.452E-01  2.556E-01  2.600E-01  2.584E-01  2.506E-01
  346.5000  2.283E-01  2.380E-01  2.422E-01  2.407E-01  2.334E-01
  347.5000  2.235E-01  2.330E-01  2.370E-01  2.355E-01  2.285E-01
  348.5000  2.464E-01  2.568E-01  2.613E-01  2.596E-01  2.518E-01
  349.5000  2.066E-01  2.154E-01  2.191E-01  2.177E-01  2.112E-01
  350.5000  2.897E-01  3.020E-01  3.073E-01  3.053E-01  2.962E-01
  351.5000  2.498E-01  2.603E-01  2.649E-01  2.632E-01  2.553E-01
  352.5000  2.256E-01  2.352E-01  2.393E-01  2.378E-01  2.307E-01
  353.5000  2.722E-01  2.837E-01  2.886E-01  2.868E-01  2.782E-01
  354.5000  2.951E-01  3.076E-01  3.129E-01  3.109E-01  3.017E-01
  355.5000  2.761E-01  2.877E-01  2.927E-01  2.909E-01  2.822E-01
  356.5000  2.565E-01  2.673E-01  2.719E-01  2.702E-01  2.621E-01
  357.5000  2.183E-01  2.274E-01  2.314E-01  2.299E-01  2.231E-01
  358.5000  1.687E-01  1.758E-01  1.788E-01  1.777E-01  1.724E-01
  359.5000  2.841E-01  2.961E-01  3.012E-01  2.993E-01  2.904E-01
  360.5000  2.636E-01  2.747E-01  2.794E-01  2.777E-01  2.695E-01
  361.5000  2.380E-01  2.480E-01  2.522E-01  2.506E-01  2.432E-01
  362.5000  2.798E-01  2.915E-01  2.965E-01  2.947E-01  2.860E-01
  363.5000  2.492E-01  2.596E-01  2.640E-01  2.624E-01  2.546E-01
  364.5000  2.721E-01  2.834E-01  2.883E-01  2.865E-01  2.780E-01
  365.5000  3.318E-01  3.456E-01  3.516E-01  3.494E-01  3.391E-01
  366.5000  3.515E-01  3.662E-01  3.725E-01  3.701E-01  3.592E-01
  367.5000  3.341E-01  3.481E-01  3.540E-01  3.518E-01  3.414E-01
  368.5000  2.938E-01  3.060E-01  3.113E-01  3.093E-01  3.002E-01
  369.5000  3.528E-01  3.674E-01  3.737E-01  3.714E-01  3.605E-01
  370.5000  3.204E-01  3.337E-01  3.394E-01  3.373E-01  3.274E-01
  371.5000  3.669E-01  3.822E-01  3.887E-01  3.863E-01  3.749E-01
  372.5000  2.713E-01  2.826E-01  2.874E-01  2.856E-01  2.772E-01
  373.5000  2.455E-01  2.556E-01  2.600E-01  2.584E-01  2.508E-01
  374.5000  2.696E-01  2.808E-01  2.856E-01  2.838E-01  2.755E-01
  375.5000  3.045E-01  3.171E-01  3.225E-01  3.205E-01  3.112E-01
  376.5000  3.044E-01  3.170E-01  3.224E-01  3.204E-01  3.110E-01
  377.5000  3.628E-01  3.778E-01  3.842E-01  3.818E-01  3.707E-01
  378.5000  3.958E-01  4.121E-01  4.191E-01  4.165E-01  4.044E-01
  379.5000  2.931E-01  3.052E-01  3.104E-01  3.084E-01  2.995E-01
  380.5000  3.528E-01  3.674E-01  3.736E-01  3.713E-01  3.605E-01
  381.5000  3.319E-01  3.455E-01  3.514E-01  3.492E-01  3.391E-01
  382.5000  2.214E-01  2.304E-01  2.343E-01  2.329E-01  2.261E-01
  383.5000  1.946E-01  2.025E-01  2.060E-01  2.047E-01  1.987E-01
  384.5000  2.922E-01  3.042E-01  3.094E-01  3.074E-01  2.985E-01
  385.5000  2.894E-01  3.013E-01  3.063E-01  3.045E-01  2.956E-01
  386.5000  2.953E-01  3.074E-01  3.125E-01  3.106E-01  3.016E-01
  387.5000  2.747E-01  2.859E-01  2.907E-01  2.889E-01  2.806E-01
  388.5000  2.756E-01  2.868E-01  2.917E-01  2.899E-01  2.815E-01
  389.5000  3.478E-01  3.620E-01  3.681E-01  3.659E-01  3.553E-01
  390.5000  3.420E-01  3.559E-01  3.619E-01  3.597E-01  3.493E-01
  391.5000  4.061E-01  4.226E-01  4.297E-01  4.271E-01  4.148E-01
  392.5000  3.048E-01  3.172E-01  3.225E-01  3.205E-01  3.113E-01
  393.5000  1.326E-01  1.380E-01  1.403E-01  1.395E-01  1.355E-01
  394.5000  3.124E-01  3.251E-01  3.305E-01  3.285E-01  3.190E-01
  395.5000  4.023E-01  4.186E-01  4.256E-01  4.230E-01  4.109E-01
  396.5000  2.364E-01  2.460E-01  2.501E-01  2.486E-01  2.415E-01
  397.5000  2.731E-01  2.842E-01  2.889E-01  2.871E-01  2.789E-01
  398.5000  4.697E-01  4.887E-01  4.968E-01  4.938E-01  4.797E-01
  399.5000  4.890E-01  5.088E-01  5.172E-01  5.141E-01  4.994E-01
  400.5000  5.145E-01  5.353E-01  5.442E-01  5.409E-01  5.255E-01
  401.5000  5.299E-01  5.513E-01  5.604E-01  5.570E-01  5.411E-01
  402.5000  5.506E-01  5.728E-01  5.823E-01  5.788E-01  5.623E-01
  403.5000  5.044E-01  5.247E-01  5.334E-01  5.302E-01  5.151E-01
  404.5000  4.952E-01  5.151E-01  5.236E-01  5.205E-01  5.056E-01
  405.5000  5.149E-01  5.356E-01  5.444E-01  5.411E-01  5.257E-01
  406.5000  4.854E-01  5.049E-01  5.132E-01  5.101E-01  4.956E-01
  407.5000  4.898E-01  5.094E-01  5.178E-01  5.147E-01  5.001E-01
  408.5000  5.459E-01  5.678E-01  5.772E-01  5.737E-01  5.574E-01
  409.5000  5.356E-01  5.571E-01  5.663E-01  5.629E-01  5.469E-01
  410.5000  4.649E-01  4.835E-01  4.915E-01  4.885E-01  4.747E-01
  411.5000  5.593E-01  5.817E-01  5.912E-01  5.877E-01  5.711E-01
  412.5000  5.548E-01  5.770E-01  5.865E-01  5.829E-01  5.665E-01
  413.5000  5.386E-01  5.601E-01  5.693E-01  5.659E-01  5.499E-01
  414.5000  5.540E-01  5.761E-01  5.856E-01  5.821E-01  5.656E-01
  415.5000  5.304E-01  5.515E-01  5.605E-01  5.572E-01  5.415E-01
  416.5000  5.777E-01  6.007E-01  6.105E-01  6.069E-01  5.898E-01
  417.5000  5.286E-01  5.496E-01  5.585E-01  5.552E-01  5.396E-01
  418.5000  5.332E-01  5.543E-01  5.634E-01  5.600E-01  5.443E-01
  419.5000  5.512E-01  5.731E-01  5.824E-01  5.790E-01  5.627E-01
------------------------------------------------------------
Dose rates, W m-2
   1 = UV-B, 280-315 nm                                  
   2 = UV-A, 315-400 nm                                  
   3 = Gaussian, 320 nm, 10 nm FWHM                      
   4 = RB Meter, model 501                               
   5 = DNA damage, in vitro (Setlow, 1974)               
   6 = UV index (WMO, 1994; Webb et al., 2011)           
   7 = Previtamin-D3 (CIE 2006)                          
values at z =      0.000 km
Columns: time, sza, weighting spectra
time, hrs.  sza, deg.          1          2          3          4          5          6          7
   11.0000     64.728  2.476E-01  2.124E+01  1.028E-01  7.095E-02  3.689E-04  1.405E+00  4.679E-02
   11.5000     63.893  2.682E-01  2.215E+01  1.084E-01  7.646E-02  4.053E-04  1.504E+00  5.124E-02
   12.0000     63.536  2.773E-01  2.253E+01  1.108E-01  7.889E-02  4.216E-04  1.548E+00  5.322E-02
   12.5000     63.668  2.739E-01  2.239E+01  1.099E-01  7.799E-02  4.155E-04  1.532E+00  5.248E-02
   13.0000     64.288  2.583E-01  2.172E+01  1.057E-01  7.382E-02  3.877E-04  1.457E+00  4.910E-02
------------------------------------------------------------
