Spectral Irradiance, W m-2 nm-1
values at z =      0.000 km
Columns: wavelength (nm), times (hrs.) or sza (deg.)
    wc, nm     11.000     11.500     12.000     12.500     13.000
    sza =      64.019     63.852     63.784     63.817     63.952
  280.5000  2.234E-27  2.280E-27  2.300E-27  2.290E-27  2.252E-27
  281.5000  7.187E-25  7.341E-25  7.406E-25  7.374E-25  7.248E-25
  282.5000  7.051E-23  7.207E-23  7.273E-23  7.241E-23  7.113E-23
  283.5000  1.254E-21  1.283E-21  1.295E-21  1.289E-21  1.266E-21
  284.5000  1.479E-19  1.515E-19  1.530E-19  1.522E-19  1.493E-19
  285.5000  3.192E-18  3.276E-18  3.312E-18  3.294E-18  3.225E-18
  286.5000  1.543E-16  1.588E-16  1.606E-16  1.597E-16  1.561E-16
  287.5000  4.329E-15  4.468E-15  4.528E-15  4.498E-15  4.384E-15
  288.5000  1.271E-13  1.319E-13  1.340E-13  1.330E-13  1.290E-13
  289.5000  2.561E-12  2.672E-12  2.720E-12  2.696E-12  2.604E-12
  290.5000  3.163E-11  3.316E-11  3.382E-11  3.350E-11  3.223E-11
  291.5000  3.758E-10  3.960E-10  4.047E-10  4.004E-10  3.837E-10
  292.5000  2.784E-09  2.943E-09  3.011E-09  2.978E-09  2.847E-09
  293.5000  2.410E-08  2.550E-08  2.610E-08  2.581E-08  2.465E-08
  294.5000  1.110E-07  1.174E-07  1.201E-07  1.188E-07  1.135E-07
  295.5000  7.330E-07  7.737E-07  7.909E-07  7.824E-07  7.491E-07
  296.5000  2.904E-06  3.056E-06  3.119E-06  3.088E-06  2.964E-06
  297.5000  1.156E-05  1.212E-05  1.236E-05  1.224E-05  1.178E-05
  298.5000  2.571E-05  2.687E-05  2.735E-05  2.711E-05  2.617E-05
  299.5000  1.040E-04  1.082E-04  1.100E-04  1.091E-04  1.057E-04
  300.5000  1.541E-04  1.599E-04  1.624E-04  1.612E-04  1.565E-04
  301.5000  5.051E-04  5.222E-04  5.293E-04  5.258E-04  5.119E-04
  302.5000  8.755E-04  9.029E-04  9.143E-04  9.087E-04  8.865E-04
  303.5000  2.211E-03  2.273E-03  2.298E-03  2.286E-03  2.235E-03
  304.5000  3.034E-03  3.114E-03  3.147E-03  3.131E-03  3.066E-03
  305.5000  5.628E-03  5.761E-03  5.815E-03  5.789E-03  5.681E-03
  306.5000  6.804E-03  6.956E-03  7.019E-03  6.988E-03  6.865E-03
  307.5000  1.301E-02  1.327E-02  1.337E-02  1.332E-02  1.311E-02
  308.5000  1.623E-02  1.654E-02  1.666E-02  1.660E-02  1.635E-02
  309.5000  1.724E-02  1.754E-02  1.766E-02  1.760E-02  1.736E-02
  310.5000  2.682E-02  2.726E-02  2.744E-02  2.735E-02  2.700E-02
  311.5000  3.770E-02  3.828E-02  3.852E-02  3.840E-02  3.793E-02
  312.5000  4.301E-02  4.362E-02  4.387E-02  4.375E-02  4.326E-02
  313.5000  5.066E-02  5.137E-02  5.165E-02  5.151E-02  5.095E-02
  314.5000  5.786E-02  5.860E-02  5.889E-02  5.875E-02  5.816E-02
  315.5000  6.116E-02  6.192E-02  6.223E-02  6.208E-02  6.146E-02
  316.5000  6.752E-02  6.830E-02  6.862E-02  6.846E-02  6.783E-02
  317.5000  9.567E-02  9.677E-02  9.722E-02  9.700E-02  9.611E-02
  318.5000  8.268E-02  8.356E-02  8.392E-02  8.375E-02  8.303E-02
  319.5000  1.028E-01  1.039E-01  1.043E-01  1.041E-01  1.032E-01
  320.5000  1.279E-01  1.293E-01  1.298E-01  1.296E-01  1.285E-01
  321.5000  1.183E-01  1.194E-01  1.199E-01  1.196E-01  1.187E-01
  322.5000  1.118E-01  1.130E-01  1.134E-01  1.132E-01  1.123E-01
  323.5000  1.276E-01  1.288E-01  1.292E-01  1.290E-01  1.281E-01
  324.5000  1.494E-01  1.508E-01  1.513E-01  1.511E-01  1.499E-01
  325.5000  1.655E-01  1.670E-01  1.677E-01  1.674E-01  1.661E-01
  326.5000  2.144E-01  2.163E-01  2.170E-01  2.167E-01  2.152E-01
  327.5000  1.957E-01  1.974E-01  1.982E-01  1.978E-01  1.964E-01
  328.5000  1.811E-01  1.827E-01  1.833E-01  1.830E-01  1.817E-01
  329.5000  2.467E-01  2.488E-01  2.497E-01  2.493E-01  2.476E-01
  330.5000  2.201E-01  2.220E-01  2.228E-01  2.224E-01  2.209E-01
  331.5000  2.169E-01  2.188E-01  2.196E-01  2.192E-01  2.177E-01
  332.5000  2.214E-01  2.233E-01  2.241E-01  2.237E-01  2.222E-01
  333.5000  2.053E-01  2.070E-01  2.077E-01  2.074E-01  2.060E-01
  334.5000  2.314E-01  2.334E-01  2.341E-01  2.338E-01  2.322E-01
  335.5000  2.387E-01  2.407E-01  2.415E-01  2.411E-01  2.395E-01
  336.5000  1.860E-01  1.875E-01  1.881E-01  1.878E-01  1.866E-01
  337.5000  2.021E-01  2.038E-01  2.045E-01  2.041E-01  2.028E-01
  338.5000  2.172E-01  2.190E-01  2.198E-01  2.194E-01  2.179E-01
  339.5000  2.370E-01  2.389E-01  2.397E-01  2.393E-01  2.378E-01
  340.5000  2.521E-01  2.542E-01  2.550E-01  2.546E-01  2.529E-01
  341.5000  2.261E-01  2.280E-01  2.287E-01  2.284E-01  2.269E-01
  342.5000  2.512E-01  2.532E-01  2.541E-01  2.537E-01  2.520E-01
  343.5000  2.605E-01  2.626E-01  2.635E-01  2.630E-01  2.613E-01
  344.5000  1.822E-01  1.837E-01  1.843E-01  1.840E-01  1.828E-01
  345.5000  2.520E-01  2.540E-01  2.548E-01  2.544E-01  2.528E-01
  346.5000  2.348E-01  2.367E-01  2.375E-01  2.371E-01  2.356E-01
  347.5000  2.298E-01  2.317E-01  2.325E-01  2.321E-01  2.306E-01
  348.5000  2.533E-01  2.554E-01  2.562E-01  2.558E-01  2.542E-01
  349.5000  2.125E-01  2.142E-01  2.149E-01  2.146E-01  2.132E-01
  350.5000  2.980E-01  3.004E-01  3.014E-01  3.009E-01  2.990E-01
  351.5000  2.569E-01  2.590E-01  2.599E-01  2.595E-01  2.578E-01
  352.5000  2.321E-01  2.340E-01  2.348E-01  2.344E-01  2.329E-01
  353.5000  2.800E-01  2.822E-01  2.832E-01  2.827E-01  2.809E-01
  354.5000  3.036E-01  3.060E-01  3.070E-01  3.065E-01  3.046E-01
  355.5000  2.840E-01  2.863E-01  2.872E-01  2.868E-01  2.850E-01
  356.5000  2.639E-01  2.660E-01  2.668E-01  2.664E-01  2.647E-01
  357.5000  2.246E-01  2.264E-01  2.271E-01  2.268E-01  2.253E-01
  358.5000  1.735E-01  1.749E-01  1.755E-01  1.752E-01  1.741E-01
  359.5000  2.924E-01  2.947E-01  2.957E-01  2.952E-01  2.933E-01
  360.5000  2.713E-01  2.735E-01  2.744E-01  2.739E-01  2.722E-01
  361.5000  2.449E-01  2.469E-01  2.477E-01  2.473E-01  2.457E-01
  362.5000  2.880E-01  2.903E-01  2.912E-01  2.908E-01  2.889E-01
  363.5000  2.565E-01  2.585E-01  2.593E-01  2.589E-01  2.573E-01
  364.5000  2.800E-01  2.823E-01  2.832E-01  2.827E-01  2.809E-01
  365.5000  3.415E-01  3.443E-01  3.454E-01  3.448E-01  3.426E-01
  366.5000  3.619E-01  3.648E-01  3.659E-01  3.654E-01  3.630E-01
  367.5000  3.440E-01  3.467E-01  3.478E-01  3.473E-01  3.451E-01
  368.5000  3.025E-01  3.049E-01  3.059E-01  3.054E-01  3.035E-01
  369.5000  3.632E-01  3.661E-01  3.673E-01  3.667E-01  3.644E-01
  370.5000  3.299E-01  3.325E-01  3.336E-01  3.330E-01  3.309E-01
  371.5000  3.779E-01  3.808E-01  3.821E-01  3.815E-01  3.791E-01
  372.5000  2.794E-01  2.816E-01  2.825E-01  2.821E-01  2.803E-01
  373.5000  2.528E-01  2.548E-01  2.556E-01  2.552E-01  2.536E-01
  374.5000  2.777E-01  2.799E-01  2.808E-01  2.804E-01  2.786E-01
  375.5000  3.137E-01  3.161E-01  3.171E-01  3.167E-01  3.147E-01
  376.5000  3.135E-01  3.160E-01  3.170E-01  3.165E-01  3.145E-01
  377.5000  3.738E-01  3.767E-01  3.779E-01  3.773E-01  3.749E-01
  378.5000  4.078E-01  4.110E-01  4.123E-01  4.116E-01  4.090E-01
  379.5000  3.020E-01  3.043E-01  3.053E-01  3.048E-01  3.029E-01
  380.5000  3.635E-01  3.664E-01  3.675E-01  3.670E-01  3.647E-01
  381.5000  3.419E-01  3.446E-01  3.457E-01  3.452E-01  3.430E-01
  382.5000  2.281E-01  2.298E-01  2.306E-01  2.302E-01  2.288E-01
  383.5000  2.005E-01  2.020E-01  2.027E-01  2.024E-01  2.011E-01
  384.5000  3.011E-01  3.035E-01  3.044E-01  3.040E-01  3.021E-01
  385.5000  2.982E-01  3.005E-01  3.015E-01  3.010E-01  2.992E-01
  386.5000  3.043E-01  3.066E-01  3.076E-01  3.071E-01  3.052E-01
  387.5000  2.831E-01  2.853E-01  2.862E-01  2.857E-01  2.840E-01
  388.5000  2.840E-01  2.862E-01  2.871E-01  2.867E-01  2.849E-01
  389.5000  3.585E-01  3.613E-01  3.624E-01  3.618E-01  3.596E-01
  390.5000  3.525E-01  3.552E-01  3.563E-01  3.558E-01  3.536E-01
  391.5000  4.185E-01  4.218E-01  4.231E-01  4.224E-01  4.198E-01
  392.5000  3.142E-01  3.166E-01  3.176E-01  3.171E-01  3.151E-01
  393.5000  1.367E-01  1.378E-01  1.382E-01  1.380E-01  1.371E-01
  394.5000  3.220E-01  3.245E-01  3.255E-01  3.250E-01  3.230E-01
  395.5000  4.147E-01  4.179E-01  4.192E-01  4.185E-01  4.160E-01
  396.5000  2.437E-01  2.456E-01  2.464E-01  2.460E-01  2.445E-01
  397.5000  2.815E-01  2.837E-01  2.846E-01  2.841E-01  2.824E-01
  398.5000  4.842E-01  4.879E-01  4.894E-01  4.887E-01  4.857E-01
  399.5000  5.041E-01  5.080E-01  5.095E-01  5.088E-01  5.057E-01
  400.5000  5.305E-01  5.345E-01  5.362E-01  5.354E-01  5.321E-01
  401.5000  5.463E-01  5.504E-01  5.521E-01  5.513E-01  5.479E-01
  402.5000  5.676E-01  5.719E-01  5.737E-01  5.729E-01  5.694E-01
  403.5000  5.200E-01  5.240E-01  5.256E-01  5.248E-01  5.216E-01
  404.5000  5.105E-01  5.144E-01  5.160E-01  5.152E-01  5.121E-01
  405.5000  5.308E-01  5.348E-01  5.365E-01  5.357E-01  5.324E-01
  406.5000  5.004E-01  5.042E-01  5.058E-01  5.050E-01  5.019E-01
  407.5000  5.049E-01  5.088E-01  5.103E-01  5.096E-01  5.065E-01
  408.5000  5.629E-01  5.671E-01  5.688E-01  5.680E-01  5.646E-01
  409.5000  5.523E-01  5.564E-01  5.581E-01  5.573E-01  5.539E-01
  410.5000  4.793E-01  4.830E-01  4.844E-01  4.837E-01  4.808E-01
  411.5000  5.767E-01  5.810E-01  5.828E-01  5.819E-01  5.784E-01
  412.5000  5.721E-01  5.764E-01  5.781E-01  5.773E-01  5.738E-01
  413.5000  5.553E-01  5.595E-01  5.612E-01  5.604E-01  5.570E-01
  414.5000  5.712E-01  5.755E-01  5.773E-01  5.764E-01  5.730E-01
  415.5000  5.468E-01  5.509E-01  5.526E-01  5.518E-01  5.485E-01
  416.5000  5.956E-01  6.001E-01  6.019E-01  6.010E-01  5.974E-01
  417.5000  5.450E-01  5.491E-01  5.507E-01  5.499E-01  5.466E-01
  418.5000  5.497E-01  5.538E-01  5.555E-01  5.547E-01  5.514E-01
  419.5000  5.683E-01  5.726E-01  5.743E-01  5.735E-01  5.700E-01
------------------------------------------------------------
Dose rates, W m-2
   1 = UV-B, 280-315 nm                                  
   2 = UV-A, 315-400 nm                                  
   3 = Gaussian, 320 nm, 10 nm FWHM                      
   4 = RB Meter, model 501                               
   5 = DNA damage, in vitro (Setlow, 1974)               
   6 = UV index (WMO, 1994; Webb et al., 2011)           
   7 = Previtamin-D3 (CIE 2006)                          
values at z =      0.000 km
Columns: time, sza, weighting spectra
time, hrs.  sza, deg.          1          2          3          4          5          6          7
   11.0000     64.019  2.819E-01  2.191E+01  1.085E-01  7.975E-02  4.387E-04  1.554E+00  5.496E-02
   11.5000     63.852  2.863E-01  2.208E+01  1.096E-01  8.093E-02  4.470E-04  1.576E+00  5.594E-02
   12.0000     63.784  2.881E-01  2.216E+01  1.101E-01  8.141E-02  4.505E-04  1.584E+00  5.635E-02
   12.5000     63.817  2.872E-01  2.212E+01  1.098E-01  8.118E-02  4.488E-04  1.580E+00  5.615E-02
   13.0000     63.952  2.837E-01  2.198E+01  1.089E-01  8.022E-02  4.421E-04  1.563E+00  5.535E-02
------------------------------------------------------------
