Spectral Irradiance, W m-2 nm-1
values at z =      0.000 km
Columns: wavelength (nm), times (hrs.) or sza (deg.)
    wc, nm     11.000     11.500     12.000     12.500     13.000
    sza =      63.743     62.625     62.285     62.733     63.954
  280.5000  2.925E-24  3.441E-24  3.640E-24  3.383E-24  2.844E-24
  281.5000  4.969E-22  5.897E-22  6.262E-22  5.791E-22  4.827E-22
  282.5000  2.822E-20  3.384E-20  3.611E-20  3.319E-20  2.737E-20
  283.5000  3.527E-19  4.268E-19  4.573E-19  4.181E-19  3.417E-19
  284.5000  2.193E-17  2.721E-17  2.946E-17  2.657E-17  2.118E-17
  285.5000  2.971E-16  3.785E-16  4.144E-16  3.685E-16  2.858E-16
  286.5000  1.010E-14  1.322E-14  1.462E-14  1.283E-14  9.679E-15
  287.5000  1.932E-13  2.621E-13  2.931E-13  2.535E-13  1.840E-13
  288.5000  3.779E-12  5.346E-12  6.044E-12  5.151E-12  3.572E-12
  289.5000  5.716E-11  8.305E-11  9.439E-11  7.986E-11  5.370E-11
  290.5000  5.543E-10  8.187E-10  9.322E-10  7.865E-10  5.184E-10
  291.5000  4.966E-09  7.389E-09  8.398E-09  7.099E-09  4.628E-09
  292.5000  2.887E-08  4.274E-08  4.836E-08  4.111E-08  2.688E-08
  293.5000  1.963E-07  2.863E-07  3.217E-07  2.760E-07  1.830E-07
  294.5000  7.407E-07  1.061E-06  1.184E-06  1.025E-06  6.922E-07
  295.5000  3.921E-06  5.474E-06  6.052E-06  5.301E-06  3.680E-06
  296.5000  1.283E-05  1.746E-05  1.914E-05  1.695E-05  1.210E-05
  297.5000  4.301E-05  5.702E-05  6.201E-05  5.551E-05  4.072E-05
  298.5000  8.246E-05  1.068E-04  1.153E-04  1.042E-04  7.842E-05
  299.5000  2.892E-04  3.657E-04  3.920E-04  3.577E-04  2.763E-04
  300.5000  3.840E-04  4.765E-04  5.078E-04  4.669E-04  3.682E-04
  301.5000  1.115E-03  1.355E-03  1.434E-03  1.330E-03  1.074E-03
  302.5000  1.785E-03  2.137E-03  2.254E-03  2.101E-03  1.723E-03
  303.5000  4.101E-03  4.825E-03  5.061E-03  4.751E-03  3.972E-03
  304.5000  5.329E-03  6.207E-03  6.491E-03  6.118E-03  5.172E-03
  305.5000  9.111E-03  1.045E-02  1.088E-02  1.032E-02  8.870E-03
  306.5000  1.064E-02  1.212E-02  1.259E-02  1.197E-02  1.037E-02
  307.5000  1.901E-02  2.137E-02  2.212E-02  2.114E-02  1.857E-02
  308.5000  2.311E-02  2.586E-02  2.672E-02  2.558E-02  2.261E-02
  309.5000  2.348E-02  2.604E-02  2.685E-02  2.579E-02  2.301E-02
  310.5000  3.540E-02  3.901E-02  4.015E-02  3.866E-02  3.473E-02
  311.5000  4.872E-02  5.348E-02  5.497E-02  5.301E-02  4.784E-02
  312.5000  5.356E-02  5.836E-02  5.985E-02  5.789E-02  5.267E-02
  313.5000  6.254E-02  6.802E-02  6.972E-02  6.748E-02  6.152E-02
  314.5000  6.919E-02  7.478E-02  7.650E-02  7.423E-02  6.815E-02
  315.5000  7.274E-02  7.852E-02  8.032E-02  7.796E-02  7.166E-02
  316.5000  7.836E-02  8.418E-02  8.597E-02  8.361E-02  7.728E-02
  317.5000  1.110E-01  1.192E-01  1.218E-01  1.184E-01  1.095E-01
  318.5000  9.379E-02  1.003E-01  1.023E-01  9.966E-02  9.257E-02
  319.5000  1.161E-01  1.241E-01  1.265E-01  1.233E-01  1.146E-01
  320.5000  1.437E-01  1.534E-01  1.564E-01  1.525E-01  1.419E-01
  321.5000  1.302E-01  1.384E-01  1.409E-01  1.376E-01  1.286E-01
  322.5000  1.250E-01  1.333E-01  1.358E-01  1.325E-01  1.234E-01
  323.5000  1.391E-01  1.476E-01  1.502E-01  1.468E-01  1.375E-01
  324.5000  1.630E-01  1.729E-01  1.760E-01  1.720E-01  1.611E-01
  325.5000  1.811E-01  1.923E-01  1.957E-01  1.912E-01  1.790E-01
  326.5000  2.308E-01  2.442E-01  2.483E-01  2.429E-01  2.283E-01
  327.5000  2.117E-01  2.243E-01  2.281E-01  2.231E-01  2.094E-01
  328.5000  1.958E-01  2.074E-01  2.110E-01  2.063E-01  1.937E-01
  329.5000  2.636E-01  2.784E-01  2.830E-01  2.770E-01  2.608E-01
  330.5000  2.363E-01  2.499E-01  2.541E-01  2.486E-01  2.338E-01
  331.5000  2.331E-01  2.465E-01  2.507E-01  2.452E-01  2.306E-01
  332.5000  2.358E-01  2.490E-01  2.530E-01  2.477E-01  2.334E-01
  333.5000  2.194E-01  2.318E-01  2.356E-01  2.306E-01  2.171E-01
  334.5000  2.468E-01  2.607E-01  2.649E-01  2.593E-01  2.442E-01
  335.5000  2.535E-01  2.675E-01  2.718E-01  2.662E-01  2.509E-01
  336.5000  1.977E-01  2.087E-01  2.120E-01  2.076E-01  1.957E-01
  337.5000  2.155E-01  2.275E-01  2.312E-01  2.263E-01  2.132E-01
  338.5000  2.306E-01  2.432E-01  2.471E-01  2.420E-01  2.282E-01
  339.5000  2.514E-01  2.651E-01  2.693E-01  2.638E-01  2.488E-01
  340.5000  2.678E-01  2.825E-01  2.870E-01  2.811E-01  2.650E-01
  341.5000  2.396E-01  2.527E-01  2.567E-01  2.514E-01  2.372E-01
  342.5000  2.661E-01  2.805E-01  2.850E-01  2.791E-01  2.633E-01
  343.5000  2.761E-01  2.911E-01  2.957E-01  2.896E-01  2.732E-01
  344.5000  1.932E-01  2.038E-01  2.070E-01  2.028E-01  1.912E-01
  345.5000  2.666E-01  2.811E-01  2.855E-01  2.797E-01  2.639E-01
  346.5000  2.488E-01  2.623E-01  2.665E-01  2.610E-01  2.462E-01
  347.5000  2.434E-01  2.567E-01  2.607E-01  2.554E-01  2.410E-01
  348.5000  2.682E-01  2.827E-01  2.872E-01  2.813E-01  2.654E-01
  349.5000  2.249E-01  2.371E-01  2.408E-01  2.359E-01  2.227E-01
  350.5000  3.154E-01  3.324E-01  3.376E-01  3.308E-01  3.122E-01
  351.5000  2.720E-01  2.867E-01  2.911E-01  2.852E-01  2.692E-01
  352.5000  2.456E-01  2.589E-01  2.629E-01  2.576E-01  2.431E-01
  353.5000  2.962E-01  3.121E-01  3.170E-01  3.106E-01  2.932E-01
  354.5000  3.210E-01  3.383E-01  3.436E-01  3.366E-01  3.178E-01
  355.5000  3.003E-01  3.165E-01  3.214E-01  3.149E-01  2.973E-01
  356.5000  2.790E-01  2.939E-01  2.985E-01  2.925E-01  2.761E-01
  357.5000  2.374E-01  2.502E-01  2.541E-01  2.489E-01  2.350E-01
  358.5000  1.835E-01  1.933E-01  1.963E-01  1.923E-01  1.816E-01
  359.5000  3.090E-01  3.256E-01  3.306E-01  3.240E-01  3.059E-01
  360.5000  2.867E-01  3.021E-01  3.067E-01  3.006E-01  2.838E-01
  361.5000  2.588E-01  2.726E-01  2.769E-01  2.713E-01  2.562E-01
  362.5000  3.043E-01  3.205E-01  3.254E-01  3.189E-01  3.012E-01
  363.5000  2.709E-01  2.854E-01  2.898E-01  2.840E-01  2.682E-01
  364.5000  2.958E-01  3.116E-01  3.164E-01  3.100E-01  2.928E-01
  365.5000  3.608E-01  3.800E-01  3.858E-01  3.781E-01  3.572E-01
  366.5000  3.822E-01  4.025E-01  4.087E-01  4.006E-01  3.784E-01
  367.5000  3.633E-01  3.826E-01  3.884E-01  3.807E-01  3.596E-01
  368.5000  3.194E-01  3.364E-01  3.415E-01  3.347E-01  3.162E-01
  369.5000  3.835E-01  4.038E-01  4.100E-01  4.019E-01  3.797E-01
  370.5000  3.483E-01  3.667E-01  3.723E-01  3.649E-01  3.448E-01
  371.5000  3.989E-01  4.200E-01  4.264E-01  4.180E-01  3.949E-01
  372.5000  2.949E-01  3.105E-01  3.153E-01  3.090E-01  2.920E-01
  373.5000  2.668E-01  2.809E-01  2.852E-01  2.796E-01  2.642E-01
  374.5000  2.931E-01  3.086E-01  3.133E-01  3.071E-01  2.902E-01
  375.5000  3.310E-01  3.485E-01  3.538E-01  3.468E-01  3.278E-01
  376.5000  3.309E-01  3.483E-01  3.536E-01  3.466E-01  3.276E-01
  377.5000  3.944E-01  4.151E-01  4.214E-01  4.131E-01  3.905E-01
  378.5000  4.303E-01  4.528E-01  4.597E-01  4.506E-01  4.260E-01
  379.5000  3.186E-01  3.353E-01  3.404E-01  3.337E-01  3.155E-01
  380.5000  3.835E-01  4.036E-01  4.097E-01  4.017E-01  3.797E-01
  381.5000  3.607E-01  3.796E-01  3.853E-01  3.778E-01  3.572E-01
  382.5000  2.406E-01  2.532E-01  2.570E-01  2.519E-01  2.382E-01
  383.5000  2.115E-01  2.225E-01  2.259E-01  2.214E-01  2.094E-01
  384.5000  3.176E-01  3.342E-01  3.392E-01  3.326E-01  3.145E-01
  385.5000  3.145E-01  3.309E-01  3.359E-01  3.293E-01  3.114E-01
  386.5000  3.209E-01  3.376E-01  3.427E-01  3.360E-01  3.177E-01
  387.5000  2.985E-01  3.140E-01  3.187E-01  3.125E-01  2.956E-01
  388.5000  2.995E-01  3.150E-01  3.198E-01  3.135E-01  2.965E-01
  389.5000  3.780E-01  3.976E-01  4.036E-01  3.957E-01  3.743E-01
  390.5000  3.716E-01  3.909E-01  3.967E-01  3.890E-01  3.680E-01
  391.5000  4.413E-01  4.641E-01  4.711E-01  4.619E-01  4.369E-01
  392.5000  3.312E-01  3.483E-01  3.535E-01  3.467E-01  3.280E-01
  393.5000  1.441E-01  1.516E-01  1.538E-01  1.508E-01  1.427E-01
  394.5000  3.394E-01  3.569E-01  3.623E-01  3.552E-01  3.361E-01
  395.5000  4.371E-01  4.596E-01  4.665E-01  4.575E-01  4.328E-01
  396.5000  2.569E-01  2.701E-01  2.741E-01  2.688E-01  2.544E-01
  397.5000  2.967E-01  3.120E-01  3.166E-01  3.105E-01  2.938E-01
  398.5000  5.103E-01  5.365E-01  5.445E-01  5.340E-01  5.053E-01
  399.5000  5.313E-01  5.585E-01  5.668E-01  5.559E-01  5.261E-01
  400.5000  5.590E-01  5.877E-01  5.964E-01  5.849E-01  5.536E-01
  401.5000  5.756E-01  6.051E-01  6.141E-01  6.023E-01  5.701E-01
  402.5000  5.981E-01  6.287E-01  6.380E-01  6.258E-01  5.923E-01
  403.5000  5.480E-01  5.759E-01  5.845E-01  5.732E-01  5.426E-01
  404.5000  5.379E-01  5.653E-01  5.737E-01  5.627E-01  5.327E-01
  405.5000  5.593E-01  5.878E-01  5.965E-01  5.850E-01  5.539E-01
  406.5000  5.272E-01  5.541E-01  5.622E-01  5.515E-01  5.221E-01
  407.5000  5.320E-01  5.590E-01  5.673E-01  5.564E-01  5.268E-01
  408.5000  5.930E-01  6.231E-01  6.323E-01  6.202E-01  5.873E-01
  409.5000  5.818E-01  6.113E-01  6.203E-01  6.085E-01  5.762E-01
  410.5000  5.049E-01  5.306E-01  5.384E-01  5.281E-01  5.001E-01
  411.5000  6.074E-01  6.382E-01  6.476E-01  6.353E-01  6.016E-01
  412.5000  6.026E-01  6.331E-01  6.424E-01  6.301E-01  5.968E-01
  413.5000  5.849E-01  6.145E-01  6.235E-01  6.116E-01  5.793E-01
  414.5000  6.017E-01  6.321E-01  6.413E-01  6.291E-01  5.959E-01
  415.5000  5.759E-01  6.050E-01  6.138E-01  6.022E-01  5.704E-01
  416.5000  6.273E-01  6.589E-01  6.686E-01  6.559E-01  6.213E-01
  417.5000  5.740E-01  6.028E-01  6.116E-01  6.001E-01  5.685E-01
  418.5000  5.789E-01  6.080E-01  6.169E-01  6.052E-01  5.734E-01
  419.5000  5.985E-01  6.286E-01  6.377E-01  6.257E-01  5.928E-01
------------------------------------------------------------
Dose rates, W m-2
   1 = UV-B, 280-315 nm                                  
   2 = UV-A, 315-400 nm                                  
   3 = Gaussian, 320 nm, 10 nm FWHM                      
   4 = RB Meter, model 501                               
   5 = DNA damage, in vitro (Setlow, 1974)               
   6 = UV index (WMO, 1994; Webb et al., 2011)           
   7 = Previtamin-D3 (CIE 2006)                          
values at z =      0.000 km
Columns: time, sza, weighting spectra
time, hrs.  sza, deg.          1          2          3          4          5          6          7
   11.0000     63.743  3.679E-01  2.325E+01  1.215E-01  1.025E-01  6.429E-04  1.946E+00  7.692E-02
   11.5000     62.625  4.050E-01  2.451E+01  1.296E-01  1.127E-01  7.272E-04  2.130E+00  8.598E-02
   12.0000     62.285  4.167E-01  2.489E+01  1.321E-01  1.159E-01  7.544E-04  2.187E+00  8.886E-02
   12.5000     62.733  4.014E-01  2.439E+01  1.288E-01  1.117E-01  7.188E-04  2.111E+00  8.508E-02
   13.0000     63.954  3.611E-01  2.301E+01  1.200E-01  1.006E-01  6.278E-04  1.912E+00  7.528E-02
------------------------------------------------------------
