Spectral Irradiance, W m-2 nm-1
values at z =      0.000 km
Columns: wavelength (nm), times (hrs.) or sza (deg.)
    wc, nm     11.000     11.500     12.000     12.500     13.000
    sza =      22.903     18.093     15.193     15.337     18.454
  280.5000  4.742E-14  1.153E-13  1.753E-13  1.721E-13  1.088E-13
  281.5000  1.408E-12  3.166E-12  4.642E-12  4.563E-12  3.003E-12
  282.5000  1.773E-11  3.728E-11  5.295E-11  5.212E-11  3.551E-11
  283.5000  8.325E-11  1.676E-10  2.332E-10  2.298E-10  1.601E-10
  284.5000  8.410E-10  1.564E-09  2.097E-09  2.069E-09  1.502E-09
  285.5000  2.912E-09  5.108E-09  6.661E-09  6.582E-09  4.923E-09
  286.5000  3.412E-08  5.721E-08  7.303E-08  7.224E-08  5.531E-08
  287.5000  1.938E-07  3.092E-07  3.854E-07  3.566E-07  2.998E-07
  288.5000  9.617E-07  1.453E-06  1.765E-06  1.750E-06  1.414E-06
  289.5000  5.240E-06  7.613E-06  9.084E-06  9.012E-06  7.429E-06
  290.5000  2.084E-05  2.931E-05  3.443E-05  3.418E-05  2.866E-05
  291.5000  6.508E-05  8.818E-05  1.018E-04  1.012E-04  8.644E-05
  292.5000  1.545E-04  2.030E-04  2.311E-04  2.297E-04  1.994E-04
  293.5000  4.394E-04  5.613E-04  6.303E-04  6.270E-04  5.524E-04
  294.5000  8.250E-04  1.031E-03  1.145E-03  1.140E-03  1.016E-03
  295.5000  2.045E-03  2.495E-03  2.741E-03  2.730E-03  2.463E-03
  296.5000  3.529E-03  4.221E-03  4.594E-03  4.577E-03  4.171E-03
  297.5000  6.697E-03  7.871E-03  8.498E-03  8.469E-03  7.788E-03
  298.5000  7.918E-03  9.172E-03  9.834E-03  9.803E-03  9.083E-03
  299.5000  1.752E-02  2.002E-02  2.132E-02  2.126E-02  1.984E-02
  300.5000  1.633E-02  1.846E-02  1.957E-02  1.951E-02  1.831E-02
  301.5000  3.221E-02  3.600E-02  3.796E-02  3.787E-02  3.574E-02
  302.5000  4.000E-02  4.437E-02  4.661E-02  4.650E-02  4.406E-02
  303.5000  6.795E-02  7.471E-02  7.816E-02  7.800E-02  7.424E-02
  304.5000  7.419E-02  8.115E-02  8.469E-02  8.453E-02  8.067E-02
  305.5000  9.776E-02  1.061E-01  1.104E-01  1.102E-01  1.055E-01
  306.5000  1.020E-01  1.104E-01  1.146E-01  1.144E-01  1.098E-01
  307.5000  1.469E-01  1.579E-01  1.635E-01  1.633E-01  1.572E-01
  308.5000  1.644E-01  1.763E-01  1.823E-01  1.820E-01  1.755E-01
  309.5000  1.447E-01  1.546E-01  1.595E-01  1.593E-01  1.539E-01
  310.5000  1.970E-01  2.097E-01  2.161E-01  2.158E-01  2.089E-01
  311.5000  2.534E-01  2.667E-01  2.772E-01  2.768E-01  2.682E-01
  312.5000  2.469E-01  2.615E-01  2.687E-01  2.684E-01  2.605E-01
  313.5000  2.800E-01  2.962E-01  3.043E-01  3.039E-01  2.951E-01
  314.5000  2.794E-01  2.947E-01  3.024E-01  3.020E-01  2.937E-01
  315.5000  2.885E-01  3.042E-01  3.120E-01  3.116E-01  3.031E-01
  316.5000  2.869E-01  3.018E-01  3.092E-01  3.089E-01  3.008E-01
  317.5000  4.057E-01  4.267E-01  4.371E-01  4.367E-01  4.253E-01
  318.5000  3.186E-01  3.344E-01  3.422E-01  3.419E-01  3.333E-01
  319.5000  3.886E-01  4.076E-01  4.171E-01  4.167E-01  4.063E-01
  320.5000  4.726E-01  4.955E-01  5.068E-01  5.063E-01  4.939E-01
  321.5000  4.004E-01  4.190E-01  4.282E-01  4.278E-01  4.178E-01
  322.5000  4.037E-01  4.230E-01  4.326E-01  4.322E-01  4.217E-01
  323.5000  4.146E-01  4.335E-01  4.428E-01  4.423E-01  4.322E-01
  324.5000  4.866E-01  5.087E-01  5.196E-01  5.191E-01  5.072E-01
  325.5000  5.456E-01  5.704E-01  5.828E-01  5.822E-01  5.687E-01
  326.5000  6.583E-01  6.872E-01  7.015E-01  7.008E-01  6.852E-01
  327.5000  6.135E-01  6.407E-01  6.542E-01  6.536E-01  6.389E-01
  328.5000  5.664E-01  5.914E-01  6.038E-01  6.032E-01  5.897E-01
  329.5000  7.319E-01  7.634E-01  7.790E-01  7.783E-01  7.613E-01
  330.5000  6.661E-01  6.951E-01  7.094E-01  7.087E-01  6.931E-01
  331.5000  6.583E-01  6.869E-01  7.010E-01  7.004E-01  6.849E-01
  332.5000  6.466E-01  6.741E-01  6.877E-01  6.871E-01  6.722E-01
  333.5000  6.081E-01  6.341E-01  6.470E-01  6.464E-01  6.323E-01
  334.5000  6.789E-01  7.077E-01  7.220E-01  7.214E-01  7.058E-01
  335.5000  6.871E-01  7.160E-01  7.303E-01  7.296E-01  7.140E-01
  336.5000  5.372E-01  5.598E-01  5.710E-01  5.705E-01  5.583E-01
  337.5000  5.901E-01  6.150E-01  6.274E-01  6.268E-01  6.133E-01
  338.5000  6.218E-01  6.478E-01  6.607E-01  6.601E-01  6.460E-01
  339.5000  6.757E-01  7.038E-01  7.177E-01  7.171E-01  7.019E-01
  340.5000  7.226E-01  7.527E-01  7.676E-01  7.669E-01  7.507E-01
  341.5000  6.411E-01  6.676E-01  6.808E-01  6.802E-01  6.658E-01
  342.5000  7.099E-01  7.392E-01  7.538E-01  7.531E-01  7.372E-01
  343.5000  7.374E-01  7.678E-01  7.829E-01  7.822E-01  7.658E-01
  344.5000  5.168E-01  5.382E-01  5.488E-01  5.483E-01  5.367E-01
  345.5000  7.073E-01  7.364E-01  7.508E-01  7.501E-01  7.344E-01
  346.5000  6.618E-01  6.890E-01  7.025E-01  7.018E-01  6.871E-01
  347.5000  6.464E-01  6.729E-01  6.860E-01  6.854E-01  6.711E-01
  348.5000  7.101E-01  7.391E-01  7.535E-01  7.528E-01  7.371E-01
  349.5000  5.949E-01  6.192E-01  6.312E-01  6.307E-01  6.175E-01
  350.5000  8.326E-01  8.666E-01  8.834E-01  8.826E-01  8.643E-01
  351.5000  7.174E-01  7.466E-01  7.611E-01  7.604E-01  7.447E-01
  352.5000  6.468E-01  6.731E-01  6.861E-01  6.855E-01  6.713E-01
  353.5000  7.782E-01  8.098E-01  8.254E-01  8.247E-01  8.076E-01
  354.5000  8.419E-01  8.760E-01  8.928E-01  8.921E-01  8.737E-01
  355.5000  7.866E-01  8.183E-01  8.340E-01  8.333E-01  8.162E-01
  356.5000  7.297E-01  7.591E-01  7.737E-01  7.730E-01  7.571E-01
  357.5000  6.203E-01  6.453E-01  6.576E-01  6.571E-01  6.436E-01
  358.5000  4.785E-01  4.977E-01  5.072E-01  5.068E-01  4.964E-01
  359.5000  8.050E-01  8.373E-01  8.533E-01  8.526E-01  8.351E-01
  360.5000  7.459E-01  7.758E-01  7.906E-01  7.899E-01  7.738E-01
  361.5000  6.723E-01  6.992E-01  7.125E-01  7.118E-01  6.973E-01
  362.5000  7.892E-01  8.207E-01  8.363E-01  8.356E-01  8.186E-01
  363.5000  7.018E-01  7.298E-01  7.436E-01  7.430E-01  7.279E-01
  364.5000  7.653E-01  7.958E-01  8.109E-01  8.102E-01  7.937E-01
  365.5000  9.323E-01  9.693E-01  9.877E-01  9.868E-01  9.668E-01
  366.5000  9.863E-01  1.025E+00  1.045E+00  1.044E+00  1.023E+00
  367.5000  9.362E-01  9.733E-01  9.916E-01  9.908E-01  9.708E-01
  368.5000  8.222E-01  8.547E-01  8.708E-01  8.700E-01  8.525E-01
  369.5000  9.859E-01  1.025E+00  1.044E+00  1.043E+00  1.022E+00
  370.5000  8.942E-01  9.295E-01  9.469E-01  9.461E-01  9.270E-01
  371.5000  1.023E+00  1.063E+00  1.083E+00  1.082E+00  1.060E+00
  372.5000  7.553E-01  7.850E-01  7.997E-01  7.990E-01  7.830E-01
  373.5000  6.825E-01  7.093E-01  7.225E-01  7.219E-01  7.075E-01
  374.5000  7.488E-01  7.782E-01  7.927E-01  7.920E-01  7.762E-01
  375.5000  8.446E-01  8.777E-01  8.940E-01  8.933E-01  8.755E-01
  376.5000  8.432E-01  8.762E-01  8.924E-01  8.917E-01  8.739E-01
  377.5000  1.004E+00  1.043E+00  1.062E+00  1.061E+00  1.040E+00
  378.5000  1.094E+00  1.136E+00  1.157E+00  1.156E+00  1.133E+00
  379.5000  8.090E-01  8.405E-01  8.560E-01  8.553E-01  8.383E-01
  380.5000  9.726E-01  1.010E+00  1.029E+00  1.028E+00  1.008E+00
  381.5000  9.137E-01  9.492E-01  9.667E-01  9.659E-01  9.468E-01
  382.5000  6.087E-01  6.323E-01  6.439E-01  6.434E-01  6.307E-01
  383.5000  5.343E-01  5.550E-01  5.652E-01  5.648E-01  5.536E-01
  384.5000  8.017E-01  8.327E-01  8.480E-01  8.473E-01  8.306E-01
  385.5000  7.929E-01  8.236E-01  8.387E-01  8.380E-01  8.215E-01
  386.5000  8.081E-01  8.392E-01  8.546E-01  8.539E-01  8.371E-01
  387.5000  7.508E-01  7.797E-01  7.940E-01  7.934E-01  7.778E-01
  388.5000  7.524E-01  7.813E-01  7.956E-01  7.950E-01  7.793E-01
  389.5000  9.486E-01  9.850E-01  1.003E+00  1.002E+00  9.825E-01
  390.5000  9.315E-01  9.672E-01  9.849E-01  9.841E-01  9.648E-01
  391.5000  1.105E+00  1.147E+00  1.168E+00  1.167E+00  1.144E+00
  392.5000  8.283E-01  8.600E-01  8.757E-01  8.749E-01  8.578E-01
  393.5000  3.600E-01  3.738E-01  3.806E-01  3.803E-01  3.729E-01
  394.5000  8.470E-01  8.793E-01  8.953E-01  8.946E-01  8.771E-01
  395.5000  1.090E+00  1.131E+00  1.152E+00  1.151E+00  1.128E+00
  396.5000  6.396E-01  6.640E-01  6.760E-01  6.755E-01  6.623E-01
  397.5000  7.380E-01  7.660E-01  7.799E-01  7.793E-01  7.641E-01
  398.5000  1.268E+00  1.316E+00  1.340E+00  1.339E+00  1.313E+00
  399.5000  1.318E+00  1.368E+00  1.393E+00  1.392E+00  1.365E+00
  400.5000  1.386E+00  1.438E+00  1.464E+00  1.463E+00  1.435E+00
  401.5000  1.426E+00  1.480E+00  1.506E+00  1.505E+00  1.476E+00
  402.5000  1.480E+00  1.536E+00  1.563E+00  1.562E+00  1.532E+00
  403.5000  1.354E+00  1.405E+00  1.431E+00  1.429E+00  1.402E+00
  404.5000  1.328E+00  1.378E+00  1.403E+00  1.402E+00  1.375E+00
  405.5000  1.379E+00  1.431E+00  1.457E+00  1.456E+00  1.428E+00
  406.5000  1.299E+00  1.348E+00  1.372E+00  1.371E+00  1.344E+00
  407.5000  1.309E+00  1.358E+00  1.383E+00  1.382E+00  1.355E+00
  408.5000  1.458E+00  1.513E+00  1.540E+00  1.538E+00  1.509E+00
  409.5000  1.429E+00  1.483E+00  1.509E+00  1.508E+00  1.479E+00
  410.5000  1.239E+00  1.285E+00  1.308E+00  1.307E+00  1.282E+00
  411.5000  1.489E+00  1.545E+00  1.572E+00  1.571E+00  1.541E+00
  412.5000  1.475E+00  1.531E+00  1.558E+00  1.557E+00  1.527E+00
  413.5000  1.431E+00  1.484E+00  1.511E+00  1.509E+00  1.481E+00
  414.5000  1.470E+00  1.525E+00  1.552E+00  1.551E+00  1.522E+00
  415.5000  1.406E+00  1.459E+00  1.484E+00  1.483E+00  1.455E+00
  416.5000  1.530E+00  1.587E+00  1.615E+00  1.614E+00  1.583E+00
  417.5000  1.399E+00  1.451E+00  1.476E+00  1.475E+00  1.447E+00
  418.5000  1.409E+00  1.462E+00  1.488E+00  1.486E+00  1.458E+00
  419.5000  1.456E+00  1.510E+00  1.536E+00  1.535E+00  1.506E+00
------------------------------------------------------------
Dose rates, W m-2
   1 = UV-B, 280-315 nm                                  
   2 = UV-A, 315-400 nm                                  
   3 = Gaussian, 320 nm, 10 nm FWHM                      
   4 = RB Meter, model 501                               
   5 = DNA damage, in vitro (Setlow, 1974)               
   6 = UV index (WMO, 1994; Webb et al., 2011)           
   7 = Previtamin-D3 (CIE 2006)                          
values at z =      0.000 km
Columns: time, sza, weighting spectra
time, hrs.  sza, deg.          1          2          3          4          5          6          7
   11.0000     22.903  2.182E+00  6.128E+01  3.989E-01  6.588E-01  8.521E-03  1.278E+01  6.421E-01
   11.5000     18.093  2.335E+00  6.377E+01  4.182E-01  7.101E-01  9.504E-03  1.385E+01  6.969E-01
   12.0000     15.193  2.415E+00  6.500E+01  4.279E-01  7.368E-01  1.002E-02  1.441E+01  7.253E-01
   12.5000     15.337  2.412E+00  6.494E+01  4.275E-01  7.356E-01  9.996E-03  1.439E+01  7.240E-01
   13.0000     18.454  2.327E+00  6.360E+01  4.169E-01  7.069E-01  9.436E-03  1.379E+01  6.934E-01
------------------------------------------------------------
