Spectral Irradiance, W m-2 nm-1
values at z =      0.000 km
Columns: wavelength (nm), times (hrs.) or sza (deg.)
    wc, nm     11.000     11.500     12.000     12.500     13.000
    sza =      52.296     51.273     51.044     51.620     52.969
  280.5000  7.232E-29  2.727E-28  3.636E-28  1.752E-28  2.912E-29
  281.5000  4.784E-26  1.597E-25  2.074E-25  1.061E-25  2.095E-26
  282.5000  8.655E-24  2.578E-23  3.306E-23  1.803E-23  4.072E-24
  283.5000  2.292E-22  6.444E-22  8.004E-22  4.565E-22  1.129E-22
  284.5000  5.426E-20  1.348E-19  1.643E-19  9.954E-20  2.910E-20
  285.5000  1.934E-18  4.388E-18  5.241E-18  3.339E-18  1.104E-18
  286.5000  1.359E-16  2.875E-16  3.383E-16  2.239E-16  8.133E-17
  287.5000  5.630E-15  1.103E-14  1.276E-14  8.813E-15  3.553E-15
  288.5000  2.418E-13  4.355E-13  4.949E-13  3.579E-13  1.616E-13
  289.5000  6.164E-12  1.046E-11  1.173E-11  8.770E-12  4.251E-12
  290.5000  8.971E-11  1.448E-10  1.607E-10  1.234E-10  6.464E-11
  291.5000  1.217E-09  1.857E-09  2.035E-09  1.613E-09  9.119E-10
  292.5000  9.613E-09  1.400E-08  1.519E-08  1.235E-08  7.431E-09
  293.5000  8.473E-08  1.182E-07  1.270E-07  1.058E-07  6.748E-08
  294.5000  3.852E-07  5.195E-07  5.543E-07  4.702E-07  3.139E-07
  295.5000  2.443E-06  3.179E-06  3.366E-06  2.912E-06  2.041E-06
  296.5000  9.189E-06  1.147E-05  1.221E-05  1.074E-05  7.832E-06
  297.5000  3.452E-05  4.248E-05  4.444E-05  3.964E-05  2.995E-05
  298.5000  7.252E-05  8.733E-05  9.092E-05  8.208E-05  6.386E-05
  299.5000  2.760E-04  3.256E-04  3.375E-04  3.082E-04  2.465E-04
  300.5000  3.895E-04  4.523E-04  4.673E-04  4.303E-04  3.515E-04
  301.5000  1.205E-03  1.376E-03  1.416E-03  1.316E-03  1.100E-03
  302.5000  2.008E-03  2.268E-03  2.328E-03  2.178E-03  1.848E-03
  303.5000  4.830E-03  5.384E-03  5.512E-03  5.192E-03  4.485E-03
  304.5000  6.445E-03  7.130E-03  7.288E-03  6.894E-03  6.015E-03
  305.5000  1.144E-02  1.251E-02  1.276E-02  1.214E-02  1.076E-02
  306.5000  1.357E-02  1.478E-02  1.505E-02  1.436E-02  1.281E-02
  307.5000  2.497E-02  2.693E-02  2.738E-02  2.626E-02  2.371E-02
  308.5000  3.071E-02  3.301E-02  3.353E-02  3.222E-02  2.923E-02
  309.5000  3.178E-02  3.395E-02  3.444E-02  3.321E-02  3.036E-02
  310.5000  4.854E-02  5.163E-02  5.233E-02  5.050E-02  4.654E-02
  311.5000  6.738E-02  7.146E-02  7.238E-02  7.007E-02  6.473E-02
  312.5000  7.514E-02  7.929E-02  8.008E-02  7.788E-02  7.241E-02
  313.5000  8.805E-02  9.280E-02  9.386E-02  9.119E-02  8.496E-02
  314.5000  9.858E-02  1.035E-01  1.045E-01  1.017E-01  9.541E-02
  315.5000  1.039E-01  1.089E-01  1.100E-01  1.072E-01  1.006E-01
  316.5000  1.129E-01  1.180E-01  1.191E-01  1.163E-01  1.096E-01
  317.5000  1.600E-01  1.672E-01  1.688E-01  1.647E-01  1.553E-01
  318.5000  1.363E-01  1.420E-01  1.433E-01  1.401E-01  1.326E-01
  319.5000  1.690E-01  1.760E-01  1.775E-01  1.736E-01  1.645E-01
  320.5000  2.096E-01  2.181E-01  2.200E-01  2.152E-01  2.041E-01
  321.5000  1.913E-01  1.985E-01  2.001E-01  1.961E-01  1.866E-01
  322.5000  1.826E-01  1.898E-01  1.914E-01  1.873E-01  1.778E-01
  323.5000  2.051E-01  2.125E-01  2.142E-01  2.100E-01  2.002E-01
  324.5000  2.402E-01  2.489E-01  2.508E-01  2.459E-01  2.345E-01
  325.5000  2.665E-01  2.762E-01  2.784E-01  2.729E-01  2.601E-01
  326.5000  3.417E-01  3.534E-01  3.560E-01  3.494E-01  3.340E-01
  327.5000  3.128E-01  3.237E-01  3.261E-01  3.200E-01  3.056E-01
  328.5000  2.892E-01  2.992E-01  3.015E-01  2.958E-01  2.826E-01
  329.5000  3.910E-01  4.040E-01  4.068E-01  3.996E-01  3.825E-01
  330.5000  3.498E-01  3.616E-01  3.642E-01  3.576E-01  3.420E-01
  331.5000  3.447E-01  3.564E-01  3.590E-01  3.524E-01  3.370E-01
  332.5000  3.499E-01  3.613E-01  3.638E-01  3.574E-01  3.424E-01
  333.5000  3.249E-01  3.356E-01  3.380E-01  3.320E-01  3.178E-01
  334.5000  3.656E-01  3.776E-01  3.802E-01  3.735E-01  3.577E-01
  335.5000  3.761E-01  3.881E-01  3.908E-01  3.841E-01  3.681E-01
  336.5000  2.930E-01  3.024E-01  3.045E-01  2.993E-01  2.868E-01
  337.5000  3.188E-01  3.291E-01  3.315E-01  3.256E-01  3.119E-01
  338.5000  3.416E-01  3.525E-01  3.549E-01  3.488E-01  3.344E-01
  339.5000  3.723E-01  3.841E-01  3.868E-01  3.801E-01  3.645E-01
  340.5000  3.962E-01  4.089E-01  4.117E-01  4.046E-01  3.879E-01
  341.5000  3.547E-01  3.659E-01  3.684E-01  3.621E-01  3.473E-01
  342.5000  3.937E-01  4.061E-01  4.089E-01  4.019E-01  3.855E-01
  343.5000  4.082E-01  4.211E-01  4.239E-01  4.167E-01  3.997E-01
  344.5000  2.855E-01  2.945E-01  2.965E-01  2.915E-01  2.795E-01
  345.5000  3.941E-01  4.064E-01  4.092E-01  4.023E-01  3.860E-01
  346.5000  3.674E-01  3.789E-01  3.815E-01  3.750E-01  3.597E-01
  347.5000  3.593E-01  3.706E-01  3.731E-01  3.668E-01  3.519E-01
  348.5000  3.957E-01  4.081E-01  4.109E-01  4.039E-01  3.876E-01
  349.5000  3.318E-01  3.421E-01  3.444E-01  3.386E-01  3.249E-01
  350.5000  4.649E-01  4.794E-01  4.826E-01  4.745E-01  4.553E-01
  351.5000  4.007E-01  4.132E-01  4.159E-01  4.090E-01  3.924E-01
  352.5000  3.617E-01  3.730E-01  3.755E-01  3.692E-01  3.543E-01
  353.5000  4.360E-01  4.495E-01  4.525E-01  4.449E-01  4.271E-01
  354.5000  4.724E-01  4.870E-01  4.903E-01  4.821E-01  4.627E-01
  355.5000  4.417E-01  4.554E-01  4.584E-01  4.508E-01  4.327E-01
  356.5000  4.101E-01  4.228E-01  4.256E-01  4.185E-01  4.017E-01
  357.5000  3.489E-01  3.596E-01  3.620E-01  3.560E-01  3.418E-01
  358.5000  2.694E-01  2.777E-01  2.796E-01  2.749E-01  2.639E-01
  359.5000  4.536E-01  4.676E-01  4.707E-01  4.629E-01  4.444E-01
  360.5000  4.207E-01  4.336E-01  4.365E-01  4.293E-01  4.122E-01
  361.5000  3.795E-01  3.912E-01  3.938E-01  3.873E-01  3.719E-01
  362.5000  4.460E-01  4.596E-01  4.626E-01  4.550E-01  4.370E-01
  363.5000  3.969E-01  4.090E-01  4.117E-01  4.050E-01  3.889E-01
  364.5000  4.332E-01  4.464E-01  4.493E-01  4.419E-01  4.244E-01
  365.5000  5.280E-01  5.441E-01  5.477E-01  5.387E-01  5.174E-01
  366.5000  5.591E-01  5.761E-01  5.799E-01  5.704E-01  5.479E-01
  367.5000  5.312E-01  5.473E-01  5.509E-01  5.419E-01  5.205E-01
  368.5000  4.668E-01  4.810E-01  4.841E-01  4.762E-01  4.575E-01
  369.5000  5.602E-01  5.772E-01  5.809E-01  5.715E-01  5.490E-01
  370.5000  5.085E-01  5.239E-01  5.273E-01  5.187E-01  4.983E-01
  371.5000  5.821E-01  5.997E-01  6.036E-01  5.937E-01  5.704E-01
  372.5000  4.302E-01  4.431E-01  4.460E-01  4.388E-01  4.216E-01
  373.5000  3.890E-01  4.007E-01  4.033E-01  3.967E-01  3.812E-01
  374.5000  4.271E-01  4.399E-01  4.428E-01  4.356E-01  4.186E-01
  375.5000  4.821E-01  4.966E-01  4.998E-01  4.917E-01  4.725E-01
  376.5000  4.816E-01  4.961E-01  4.993E-01  4.912E-01  4.721E-01
  377.5000  5.738E-01  5.910E-01  5.948E-01  5.852E-01  5.624E-01
  378.5000  6.256E-01  6.443E-01  6.485E-01  6.380E-01  6.132E-01
  379.5000  4.631E-01  4.769E-01  4.800E-01  4.722E-01  4.539E-01
  380.5000  5.571E-01  5.738E-01  5.775E-01  5.682E-01  5.461E-01
  381.5000  5.237E-01  5.394E-01  5.428E-01  5.341E-01  5.134E-01
  382.5000  3.491E-01  3.595E-01  3.618E-01  3.560E-01  3.423E-01
  383.5000  3.067E-01  3.158E-01  3.179E-01  3.128E-01  3.007E-01
  384.5000  4.605E-01  4.742E-01  4.772E-01  4.695E-01  4.514E-01
  385.5000  4.558E-01  4.693E-01  4.723E-01  4.647E-01  4.468E-01
  386.5000  4.648E-01  4.786E-01  4.816E-01  4.739E-01  4.557E-01
  387.5000  4.321E-01  4.449E-01  4.478E-01  4.406E-01  4.237E-01
  388.5000  4.333E-01  4.461E-01  4.490E-01  4.418E-01  4.248E-01
  389.5000  5.467E-01  5.628E-01  5.664E-01  5.574E-01  5.360E-01
  390.5000  5.372E-01  5.530E-01  5.566E-01  5.477E-01  5.267E-01
  391.5000  6.376E-01  6.563E-01  6.605E-01  6.500E-01  6.251E-01
  392.5000  4.783E-01  4.924E-01  4.955E-01  4.876E-01  4.690E-01
  393.5000  2.080E-01  2.141E-01  2.155E-01  2.121E-01  2.040E-01
  394.5000  4.897E-01  5.041E-01  5.073E-01  4.992E-01  4.802E-01
  395.5000  6.303E-01  6.488E-01  6.529E-01  6.426E-01  6.181E-01
  396.5000  3.703E-01  3.811E-01  3.835E-01  3.775E-01  3.631E-01
  397.5000  4.275E-01  4.400E-01  4.428E-01  4.358E-01  4.192E-01
  398.5000  7.348E-01  7.563E-01  7.611E-01  7.491E-01  7.206E-01
  399.5000  7.647E-01  7.870E-01  7.919E-01  7.795E-01  7.499E-01
  400.5000  8.042E-01  8.277E-01  8.329E-01  8.198E-01  7.887E-01
  401.5000  8.278E-01  8.519E-01  8.572E-01  8.437E-01  8.118E-01
  402.5000  8.597E-01  8.847E-01  8.903E-01  8.763E-01  8.432E-01
  403.5000  7.872E-01  8.101E-01  8.152E-01  8.024E-01  7.721E-01
  404.5000  7.724E-01  7.948E-01  7.998E-01  7.873E-01  7.576E-01
  405.5000  8.027E-01  8.260E-01  8.312E-01  8.182E-01  7.873E-01
  406.5000  7.564E-01  7.783E-01  7.831E-01  7.709E-01  7.419E-01
  407.5000  7.629E-01  7.849E-01  7.898E-01  7.775E-01  7.483E-01
  408.5000  8.499E-01  8.745E-01  8.799E-01  8.662E-01  8.337E-01
  409.5000  8.335E-01  8.576E-01  8.629E-01  8.495E-01  8.176E-01
  410.5000  7.231E-01  7.440E-01  7.486E-01  7.369E-01  7.093E-01
  411.5000  8.695E-01  8.946E-01  9.001E-01  8.861E-01  8.530E-01
  412.5000  8.622E-01  8.870E-01  8.925E-01  8.786E-01  8.458E-01
  413.5000  8.365E-01  8.606E-01  8.659E-01  8.525E-01  8.206E-01
  414.5000  8.601E-01  8.848E-01  8.903E-01  8.765E-01  8.438E-01
  415.5000  8.230E-01  8.466E-01  8.518E-01  8.386E-01  8.074E-01
  416.5000  8.960E-01  9.217E-01  9.274E-01  9.130E-01  8.790E-01
  417.5000  8.194E-01  8.428E-01  8.481E-01  8.350E-01  8.039E-01
  418.5000  8.262E-01  8.498E-01  8.550E-01  8.418E-01  8.105E-01
  419.5000  8.538E-01  8.781E-01  8.835E-01  8.699E-01  8.376E-01
------------------------------------------------------------
Dose rates, W m-2
   1 = UV-B, 280-315 nm                                  
   2 = UV-A, 315-400 nm                                  
   3 = Gaussian, 320 nm, 10 nm FWHM                      
   4 = RB Meter, model 501                               
   5 = DNA damage, in vitro (Setlow, 1974)               
   6 = UV index (WMO, 1994; Webb et al., 2011)           
   7 = Previtamin-D3 (CIE 2006)                          
values at z =      0.000 km
Columns: time, sza, weighting spectra
time, hrs.  sza, deg.          1          2          3          4          5          6          7
   11.0000     52.296  5.054E-01  3.399E+01  1.773E-01  1.412E-01  8.329E-04  2.695E+00  1.024E-01
   11.5000     51.273  5.369E-01  3.505E+01  1.844E-01  1.497E-01  8.995E-04  2.848E+00  1.098E-01
   12.0000     51.044  5.439E-01  3.528E+01  1.860E-01  1.516E-01  9.147E-04  2.882E+00  1.115E-01
   12.5000     51.620  5.260E-01  3.469E+01  1.820E-01  1.468E-01  8.765E-04  2.795E+00  1.072E-01
   13.0000     52.969  4.851E-01  3.329E+01  1.727E-01  1.357E-01  7.907E-04  2.597E+00  9.760E-02
------------------------------------------------------------
