Spectral Irradiance, W m-2 nm-1
values at z =      0.000 km
Columns: wavelength (nm), times (hrs.) or sza (deg.)
    wc, nm     11.000     11.500     12.000     12.500     13.000
    sza =      84.649     84.489     84.424     84.456     84.588
  280.5000  1.740E-26  1.770E-26  1.782E-26  1.776E-26  1.751E-26
  281.5000  3.874E-24  3.940E-24  3.968E-24  3.954E-24  3.899E-24
  282.5000  2.758E-22  2.805E-22  2.825E-22  2.815E-22  2.776E-22
  283.5000  3.973E-21  4.042E-21  4.069E-21  4.055E-21  3.999E-21
  284.5000  3.154E-19  3.209E-19  3.231E-19  3.220E-19  3.174E-19
  285.5000  5.030E-18  5.118E-18  5.154E-18  5.136E-18  5.063E-18
  286.5000  1.907E-16  1.941E-16  1.955E-16  1.948E-16  1.920E-16
  287.5000  4.014E-15  4.086E-15  4.115E-15  4.100E-15  4.041E-15
  288.5000  8.349E-14  8.500E-14  8.561E-14  8.530E-14  8.406E-14
  289.5000  1.274E-12  1.297E-12  1.306E-12  1.302E-12  1.282E-12
  290.5000  1.207E-11  1.230E-11  1.239E-11  1.234E-11  1.216E-11
  291.5000  1.018E-10  1.037E-10  1.045E-10  1.041E-10  1.025E-10
  292.5000  5.492E-10  5.598E-10  5.641E-10  5.619E-10  5.532E-10
  293.5000  3.412E-09  3.479E-09  3.506E-09  3.492E-09  3.437E-09
  294.5000  1.191E-08  1.215E-08  1.224E-08  1.219E-08  1.200E-08
  295.5000  5.763E-08  5.881E-08  5.930E-08  5.906E-08  5.808E-08
  296.5000  1.755E-07  1.793E-07  1.808E-07  1.800E-07  1.769E-07
  297.5000  5.542E-07  5.664E-07  5.713E-07  5.688E-07  5.588E-07
  298.5000  1.019E-06  1.042E-06  1.052E-06  1.047E-06  1.028E-06
  299.5000  3.464E-06  3.546E-06  3.579E-06  3.562E-06  3.495E-06
  300.5000  4.552E-06  4.663E-06  4.708E-06  4.685E-06  4.594E-06
  301.5000  1.327E-05  1.361E-05  1.375E-05  1.368E-05  1.340E-05
  302.5000  2.156E-05  2.213E-05  2.236E-05  2.225E-05  2.178E-05
  303.5000  5.146E-05  5.289E-05  5.347E-05  5.318E-05  5.200E-05
  304.5000  6.916E-05  7.115E-05  7.197E-05  7.156E-05  6.991E-05
  305.5000  1.278E-04  1.318E-04  1.334E-04  1.326E-04  1.293E-04
  306.5000  1.558E-04  1.608E-04  1.629E-04  1.618E-04  1.577E-04
  307.5000  3.144E-04  3.256E-04  3.303E-04  3.280E-04  3.187E-04
  308.5000  4.058E-04  4.209E-04  4.272E-04  4.241E-04  4.115E-04
  309.5000  4.724E-04  4.916E-04  4.997E-04  4.956E-04  4.797E-04
  310.5000  8.083E-04  8.432E-04  8.579E-04  8.505E-04  8.215E-04
  311.5000  1.225E-03  1.280E-03  1.303E-03  1.291E-03  1.246E-03
  312.5000  1.679E-03  1.758E-03  1.791E-03  1.774E-03  1.708E-03
  313.5000  2.072E-03  2.170E-03  2.211E-03  2.191E-03  2.109E-03
  314.5000  2.929E-03  3.069E-03  3.127E-03  3.098E-03  2.982E-03
  315.5000  3.208E-03  3.361E-03  3.425E-03  3.393E-03  3.266E-03
  316.5000  4.337E-03  4.537E-03  4.620E-03  4.578E-03  4.413E-03
  317.5000  6.126E-03  6.409E-03  6.527E-03  6.468E-03  6.233E-03
  318.5000  6.531E-03  6.816E-03  6.934E-03  6.874E-03  6.639E-03
  319.5000  8.452E-03  8.815E-03  8.965E-03  8.889E-03  8.589E-03
  320.5000  1.106E-02  1.152E-02  1.172E-02  1.162E-02  1.123E-02
  321.5000  1.272E-02  1.320E-02  1.340E-02  1.330E-02  1.290E-02
  322.5000  1.009E-02  1.051E-02  1.068E-02  1.060E-02  1.025E-02
  323.5000  1.514E-02  1.569E-02  1.592E-02  1.580E-02  1.535E-02
  324.5000  1.750E-02  1.814E-02  1.840E-02  1.827E-02  1.775E-02
  325.5000  1.865E-02  1.935E-02  1.963E-02  1.949E-02  1.892E-02
  326.5000  2.937E-02  3.033E-02  3.073E-02  3.053E-02  2.973E-02
  327.5000  2.509E-02  2.596E-02  2.631E-02  2.613E-02  2.542E-02
  328.5000  2.324E-02  2.404E-02  2.437E-02  2.420E-02  2.354E-02
  329.5000  3.674E-02  3.788E-02  3.834E-02  3.811E-02  3.717E-02
  330.5000  3.075E-02  3.174E-02  3.215E-02  3.195E-02  3.113E-02
  331.5000  2.988E-02  3.086E-02  3.127E-02  3.106E-02  3.026E-02
  332.5000  3.402E-02  3.505E-02  3.547E-02  3.526E-02  3.441E-02
  333.5000  3.005E-02  3.099E-02  3.138E-02  3.118E-02  3.040E-02
  334.5000  3.468E-02  3.575E-02  3.619E-02  3.597E-02  3.509E-02
  335.5000  3.771E-02  3.882E-02  3.928E-02  3.905E-02  3.813E-02
  336.5000  2.890E-02  2.977E-02  3.012E-02  2.994E-02  2.923E-02
  337.5000  3.022E-02  3.116E-02  3.154E-02  3.135E-02  3.058E-02
  338.5000  3.435E-02  3.536E-02  3.578E-02  3.557E-02  3.473E-02
  339.5000  3.774E-02  3.884E-02  3.929E-02  3.907E-02  3.816E-02
  340.5000  3.930E-02  4.047E-02  4.095E-02  4.071E-02  3.974E-02
  341.5000  3.626E-02  3.732E-02  3.775E-02  3.753E-02  3.666E-02
  342.5000  4.047E-02  4.165E-02  4.213E-02  4.189E-02  4.092E-02
  343.5000  4.153E-02  4.274E-02  4.324E-02  4.299E-02  4.199E-02
  344.5000  2.871E-02  2.955E-02  2.990E-02  2.973E-02  2.903E-02
  345.5000  4.083E-02  4.200E-02  4.248E-02  4.224E-02  4.127E-02
  346.5000  3.737E-02  3.847E-02  3.891E-02  3.869E-02  3.779E-02
  347.5000  3.663E-02  3.770E-02  3.814E-02  3.792E-02  3.704E-02
  348.5000  4.061E-02  4.179E-02  4.227E-02  4.203E-02  4.106E-02
  349.5000  3.402E-02  3.501E-02  3.541E-02  3.521E-02  3.439E-02
  350.5000  4.774E-02  4.913E-02  4.970E-02  4.941E-02  4.827E-02
  351.5000  4.105E-02  4.224E-02  4.273E-02  4.249E-02  4.150E-02
  352.5000  3.714E-02  3.822E-02  3.866E-02  3.844E-02  3.755E-02
  353.5000  4.491E-02  4.622E-02  4.675E-02  4.648E-02  4.541E-02
  354.5000  4.880E-02  5.021E-02  5.079E-02  5.050E-02  4.934E-02
  355.5000  4.564E-02  4.697E-02  4.751E-02  4.724E-02  4.615E-02
  356.5000  4.237E-02  4.360E-02  4.410E-02  4.385E-02  4.284E-02
  357.5000  3.602E-02  3.707E-02  3.750E-02  3.728E-02  3.642E-02
  358.5000  2.786E-02  2.867E-02  2.900E-02  2.883E-02  2.817E-02
  359.5000  4.691E-02  4.827E-02  4.883E-02  4.855E-02  4.743E-02
  360.5000  4.352E-02  4.478E-02  4.530E-02  4.504E-02  4.400E-02
  361.5000  3.930E-02  4.044E-02  4.091E-02  4.067E-02  3.973E-02
  362.5000  4.620E-02  4.754E-02  4.809E-02  4.782E-02  4.671E-02
  363.5000  4.113E-02  4.233E-02  4.282E-02  4.257E-02  4.159E-02
  364.5000  4.488E-02  4.619E-02  4.672E-02  4.645E-02  4.538E-02
  365.5000  5.469E-02  5.628E-02  5.693E-02  5.660E-02  5.529E-02
  366.5000  5.794E-02  5.963E-02  6.032E-02  5.997E-02  5.858E-02
  367.5000  5.508E-02  5.668E-02  5.734E-02  5.701E-02  5.569E-02
  368.5000  4.841E-02  4.982E-02  5.039E-02  5.011E-02  4.895E-02
  369.5000  5.810E-02  5.979E-02  6.049E-02  6.014E-02  5.874E-02
  370.5000  5.274E-02  5.428E-02  5.491E-02  5.459E-02  5.332E-02
  371.5000  6.039E-02  6.215E-02  6.287E-02  6.251E-02  6.106E-02
  372.5000  4.464E-02  4.594E-02  4.647E-02  4.620E-02  4.513E-02
  373.5000  4.036E-02  4.154E-02  4.202E-02  4.178E-02  4.081E-02
  374.5000  4.432E-02  4.561E-02  4.614E-02  4.588E-02  4.481E-02
  375.5000  5.004E-02  5.150E-02  5.210E-02  5.180E-02  5.059E-02
  376.5000  5.000E-02  5.146E-02  5.206E-02  5.176E-02  5.056E-02
  377.5000  5.958E-02  6.132E-02  6.204E-02  6.168E-02  6.024E-02
  378.5000  6.497E-02  6.687E-02  6.765E-02  6.726E-02  6.569E-02
  379.5000  4.809E-02  4.950E-02  5.008E-02  4.979E-02  4.863E-02
  380.5000  5.787E-02  5.957E-02  6.026E-02  5.991E-02  5.852E-02
  381.5000  5.442E-02  5.601E-02  5.667E-02  5.634E-02  5.502E-02
  382.5000  3.628E-02  3.735E-02  3.778E-02  3.756E-02  3.669E-02
  383.5000  3.188E-02  3.281E-02  3.320E-02  3.300E-02  3.223E-02
  384.5000  4.787E-02  4.927E-02  4.985E-02  4.956E-02  4.840E-02
  385.5000  4.739E-02  4.878E-02  4.936E-02  4.907E-02  4.792E-02
  386.5000  4.834E-02  4.976E-02  5.034E-02  5.005E-02  4.888E-02
  387.5000  4.495E-02  4.627E-02  4.682E-02  4.654E-02  4.545E-02
  388.5000  4.508E-02  4.641E-02  4.696E-02  4.668E-02  4.559E-02
  389.5000  5.689E-02  5.857E-02  5.926E-02  5.891E-02  5.753E-02
  390.5000  5.591E-02  5.757E-02  5.825E-02  5.790E-02  5.654E-02
  391.5000  6.638E-02  6.834E-02  6.915E-02  6.874E-02  6.712E-02
  392.5000  4.981E-02  5.128E-02  5.189E-02  5.159E-02  5.037E-02
  393.5000  2.167E-02  2.231E-02  2.257E-02  2.244E-02  2.191E-02
  394.5000  5.102E-02  5.253E-02  5.316E-02  5.284E-02  5.159E-02
  395.5000  6.569E-02  6.764E-02  6.844E-02  6.804E-02  6.643E-02
  396.5000  3.860E-02  3.975E-02  4.022E-02  3.998E-02  3.904E-02
  397.5000  4.458E-02  4.590E-02  4.645E-02  4.618E-02  4.508E-02
  398.5000  7.666E-02  7.894E-02  7.988E-02  7.941E-02  7.752E-02
  399.5000  7.979E-02  8.217E-02  8.315E-02  8.266E-02  8.069E-02
  400.5000  8.394E-02  8.645E-02  8.748E-02  8.697E-02  8.490E-02
  401.5000  8.643E-02  8.901E-02  9.007E-02  8.954E-02  8.741E-02
  402.5000  8.979E-02  9.248E-02  9.358E-02  9.303E-02  9.081E-02
  403.5000  8.225E-02  8.472E-02  8.573E-02  8.522E-02  8.318E-02
  404.5000  8.073E-02  8.316E-02  8.415E-02  8.365E-02  8.165E-02
  405.5000  8.393E-02  8.646E-02  8.749E-02  8.697E-02  8.489E-02
  406.5000  7.912E-02  8.150E-02  8.247E-02  8.198E-02  8.002E-02
  407.5000  7.982E-02  8.222E-02  8.321E-02  8.271E-02  8.073E-02
  408.5000  8.895E-02  9.164E-02  9.274E-02  9.218E-02  8.997E-02
  409.5000  8.726E-02  8.990E-02  9.098E-02  9.044E-02  8.826E-02
  410.5000  7.574E-02  7.803E-02  7.897E-02  7.850E-02  7.661E-02
  411.5000  9.112E-02  9.387E-02  9.501E-02  9.444E-02  9.216E-02
  412.5000  9.039E-02  9.313E-02  9.426E-02  9.369E-02  9.143E-02
  413.5000  8.775E-02  9.041E-02  9.151E-02  9.096E-02  8.876E-02
  414.5000  9.026E-02  9.301E-02  9.413E-02  9.357E-02  9.130E-02
  415.5000  8.640E-02  8.903E-02  9.011E-02  8.956E-02  8.740E-02
  416.5000  9.410E-02  9.697E-02  9.814E-02  9.755E-02  9.519E-02
  417.5000  8.609E-02  8.872E-02  8.980E-02  8.925E-02  8.709E-02
  418.5000  8.684E-02  8.950E-02  9.059E-02  9.004E-02  8.785E-02
  419.5000  8.980E-02  9.254E-02  9.367E-02  9.310E-02  9.084E-02
------------------------------------------------------------
Dose rates, W m-2
   1 = UV-B, 280-315 nm                                  
   2 = UV-A, 315-400 nm                                  
   3 = Gaussian, 320 nm, 10 nm FWHM                      
   4 = RB Meter, model 501                               
   5 = DNA damage, in vitro (Setlow, 1974)               
   6 = UV index (WMO, 1994; Webb et al., 2011)           
   7 = Previtamin-D3 (CIE 2006)                          
values at z =      0.000 km
Columns: time, sza, weighting spectra
time, hrs.  sza, deg.          1          2          3          4          5          6          7
   11.0000     84.649  1.035E-02  3.376E+00  1.042E-02  4.486E-03  1.992E-05  1.218E-01  1.916E-03
   11.5000     84.489  1.082E-02  3.477E+00  1.083E-02  4.665E-03  2.065E-05  1.261E-01  1.995E-03
   12.0000     84.424  1.102E-02  3.518E+00  1.099E-02  4.739E-03  2.095E-05  1.278E-01  2.028E-03
   12.5000     84.456  1.092E-02  3.498E+00  1.091E-02  4.702E-03  2.080E-05  1.269E-01  2.012E-03
   13.0000     84.588  1.053E-02  3.414E+00  1.057E-02  4.553E-03  2.020E-05  1.234E-01  1.946E-03
------------------------------------------------------------
