Spectral Irradiance, W m-2 nm-1
values at z =      0.000 km
Columns: wavelength (nm), times (hrs.) or sza (deg.)
    wc, nm     11.000     11.500     12.000     12.500     13.000
    sza =      78.262     77.894     77.904     78.294     79.057
  280.5000  3.192E-24  3.279E-24  3.276E-24  3.185E-24  3.010E-24
  281.5000  4.654E-22  4.782E-22  4.778E-22  4.643E-22  4.385E-22
  282.5000  2.306E-20  2.370E-20  2.368E-20  2.300E-20  2.171E-20
  283.5000  2.626E-19  2.700E-19  2.698E-19  2.620E-19  2.472E-19
  284.5000  1.361E-17  1.400E-17  1.399E-17  1.358E-17  1.279E-17
  285.5000  1.586E-16  1.633E-16  1.632E-16  1.582E-16  1.489E-16
  286.5000  4.735E-15  4.876E-15  4.872E-15  4.723E-15  4.440E-15
  287.5000  7.653E-14  7.888E-14  7.881E-14  7.633E-14  7.167E-14
  288.5000  1.199E-12  1.237E-12  1.236E-12  1.196E-12  1.121E-12
  289.5000  1.497E-11  1.546E-11  1.545E-11  1.493E-11  1.397E-11
  290.5000  1.203E-10  1.243E-10  1.242E-10  1.199E-10  1.120E-10
  291.5000  8.442E-10  8.735E-10  8.727E-10  8.418E-10  7.842E-10
  292.5000  3.934E-09  4.075E-09  4.071E-09  3.922E-09  3.644E-09
  293.5000  2.140E-08  2.220E-08  2.218E-08  2.133E-08  1.977E-08
  294.5000  6.759E-08  7.022E-08  7.015E-08  6.737E-08  6.225E-08
  295.5000  2.961E-07  3.082E-07  3.079E-07  2.951E-07  2.716E-07
  296.5000  8.358E-07  8.719E-07  8.709E-07  8.328E-07  7.635E-07
  297.5000  2.489E-06  2.604E-06  2.601E-06  2.480E-06  2.262E-06
  298.5000  4.401E-06  4.620E-06  4.614E-06  4.383E-06  3.972E-06
  299.5000  1.462E-05  1.543E-05  1.541E-05  1.455E-05  1.307E-05
  300.5000  1.915E-05  2.032E-05  2.029E-05  1.906E-05  1.694E-05
  301.5000  5.700E-05  6.096E-05  6.085E-05  5.668E-05  4.963E-05
  302.5000  9.554E-05  1.028E-04  1.026E-04  9.495E-05  8.213E-05
  303.5000  2.424E-04  2.625E-04  2.619E-04  2.407E-04  2.051E-04
  304.5000  3.412E-04  3.708E-04  3.699E-04  3.388E-04  2.863E-04
  305.5000  6.863E-04  7.478E-04  7.461E-04  6.813E-04  5.706E-04
  306.5000  8.690E-04  9.472E-04  9.449E-04  8.626E-04  7.210E-04
  307.5000  1.877E-03  2.042E-03  2.038E-03  1.863E-03  1.559E-03
  308.5000  2.469E-03  2.683E-03  2.676E-03  2.451E-03  2.055E-03
  309.5000  2.918E-03  3.159E-03  3.153E-03  2.898E-03  2.445E-03
  310.5000  4.939E-03  5.329E-03  5.318E-03  4.906E-03  4.166E-03
  311.5000  7.354E-03  7.915E-03  7.899E-03  7.307E-03  6.236E-03
  312.5000  9.399E-03  1.006E-02  1.004E-02  9.344E-03  8.065E-03
  313.5000  1.136E-02  1.214E-02  1.212E-02  1.129E-02  9.773E-03
  314.5000  1.441E-02  1.531E-02  1.529E-02  1.433E-02  1.255E-02
  315.5000  1.547E-02  1.643E-02  1.640E-02  1.538E-02  1.349E-02
  316.5000  1.859E-02  1.965E-02  1.962E-02  1.850E-02  1.639E-02
  317.5000  2.630E-02  2.781E-02  2.776E-02  2.617E-02  2.319E-02
  318.5000  2.462E-02  2.592E-02  2.588E-02  2.451E-02  2.193E-02
  319.5000  3.106E-02  3.266E-02  3.262E-02  3.092E-02  2.772E-02
  320.5000  3.935E-02  4.134E-02  4.129E-02  3.918E-02  3.520E-02
  321.5000  3.922E-02  4.102E-02  4.097E-02  3.907E-02  3.544E-02
  322.5000  3.492E-02  3.665E-02  3.660E-02  3.477E-02  3.130E-02
  323.5000  4.371E-02  4.563E-02  4.557E-02  4.354E-02  3.967E-02
  324.5000  5.094E-02  5.320E-02  5.313E-02  5.075E-02  4.621E-02
  325.5000  5.571E-02  5.822E-02  5.815E-02  5.550E-02  5.045E-02
  326.5000  7.689E-02  8.005E-02  7.996E-02  7.662E-02  7.024E-02
  327.5000  6.870E-02  7.161E-02  7.153E-02  6.845E-02  6.256E-02
  328.5000  6.358E-02  6.627E-02  6.620E-02  6.335E-02  5.790E-02
  329.5000  9.081E-02  9.440E-02  9.430E-02  9.051E-02  8.325E-02
  330.5000  7.939E-02  8.263E-02  8.254E-02  7.912E-02  7.258E-02
  331.5000  7.789E-02  8.109E-02  8.100E-02  7.762E-02  7.116E-02
  332.5000  8.228E-02  8.548E-02  8.539E-02  8.201E-02  7.553E-02
  333.5000  7.512E-02  7.811E-02  7.803E-02  7.486E-02  6.880E-02
  334.5000  8.530E-02  8.867E-02  8.858E-02  8.502E-02  7.821E-02
  335.5000  8.945E-02  9.289E-02  9.279E-02  8.916E-02  8.220E-02
  336.5000  6.933E-02  7.201E-02  7.194E-02  6.910E-02  6.366E-02
  337.5000  7.443E-02  7.737E-02  7.729E-02  7.418E-02  6.823E-02
  338.5000  8.141E-02  8.454E-02  8.445E-02  8.114E-02  7.480E-02
  339.5000  8.900E-02  9.241E-02  9.231E-02  8.871E-02  8.180E-02
  340.5000  9.405E-02  9.769E-02  9.759E-02  9.374E-02  8.636E-02
  341.5000  8.510E-02  8.835E-02  8.827E-02  8.482E-02  7.824E-02
  342.5000  9.467E-02  9.829E-02  9.819E-02  9.437E-02  8.705E-02
  343.5000  9.785E-02  1.016E-01  1.015E-01  9.753E-02  8.992E-02
  344.5000  6.819E-02  7.083E-02  7.076E-02  6.797E-02  6.264E-02
  345.5000  9.513E-02  9.876E-02  9.866E-02  9.483E-02  8.749E-02
  346.5000  8.817E-02  9.157E-02  9.147E-02  8.789E-02  8.102E-02
  347.5000  8.635E-02  8.967E-02  8.958E-02  8.607E-02  7.934E-02
  348.5000  9.535E-02  9.901E-02  9.891E-02  9.504E-02  8.763E-02
  349.5000  7.995E-02  8.302E-02  8.294E-02  7.969E-02  7.347E-02
  350.5000  1.122E-01  1.165E-01  1.163E-01  1.118E-01  1.031E-01
  351.5000  9.663E-02  1.004E-01  1.002E-01  9.631E-02  8.878E-02
  352.5000  8.735E-02  9.071E-02  9.062E-02  8.706E-02  8.025E-02
  353.5000  1.055E-01  1.095E-01  1.094E-01  1.051E-01  9.690E-02
  354.5000  1.144E-01  1.188E-01  1.187E-01  1.141E-01  1.052E-01
  355.5000  1.071E-01  1.112E-01  1.111E-01  1.067E-01  9.838E-02
  356.5000  9.946E-02  1.033E-01  1.032E-01  9.913E-02  9.138E-02
  357.5000  8.464E-02  8.790E-02  8.781E-02  8.436E-02  7.776E-02
  358.5000  6.543E-02  6.796E-02  6.789E-02  6.522E-02  6.011E-02
  359.5000  1.102E-01  1.145E-01  1.144E-01  1.099E-01  1.013E-01
  360.5000  1.023E-01  1.063E-01  1.061E-01  1.020E-01  9.398E-02
  361.5000  9.239E-02  9.596E-02  9.586E-02  9.209E-02  8.486E-02
  362.5000  1.086E-01  1.128E-01  1.127E-01  1.083E-01  9.979E-02
  363.5000  9.677E-02  1.005E-01  1.004E-01  9.645E-02  8.888E-02
  364.5000  1.057E-01  1.098E-01  1.096E-01  1.053E-01  9.704E-02
  365.5000  1.289E-01  1.339E-01  1.337E-01  1.285E-01  1.183E-01
  366.5000  1.366E-01  1.419E-01  1.417E-01  1.361E-01  1.254E-01
  367.5000  1.299E-01  1.349E-01  1.348E-01  1.294E-01  1.192E-01
  368.5000  1.142E-01  1.187E-01  1.185E-01  1.138E-01  1.049E-01
  369.5000  1.372E-01  1.425E-01  1.424E-01  1.367E-01  1.259E-01
  370.5000  1.246E-01  1.294E-01  1.293E-01  1.242E-01  1.144E-01
  371.5000  1.427E-01  1.483E-01  1.481E-01  1.423E-01  1.310E-01
  372.5000  1.056E-01  1.097E-01  1.096E-01  1.052E-01  9.691E-02
  373.5000  9.554E-02  9.926E-02  9.915E-02  9.522E-02  8.769E-02
  374.5000  1.050E-01  1.091E-01  1.090E-01  1.046E-01  9.635E-02
  375.5000  1.186E-01  1.232E-01  1.231E-01  1.182E-01  1.088E-01
  376.5000  1.186E-01  1.232E-01  1.231E-01  1.182E-01  1.088E-01
  377.5000  1.414E-01  1.469E-01  1.468E-01  1.409E-01  1.297E-01
  378.5000  1.543E-01  1.603E-01  1.601E-01  1.538E-01  1.416E-01
  379.5000  1.143E-01  1.188E-01  1.186E-01  1.139E-01  1.049E-01
  380.5000  1.376E-01  1.430E-01  1.429E-01  1.372E-01  1.263E-01
  381.5000  1.295E-01  1.346E-01  1.344E-01  1.291E-01  1.188E-01
  382.5000  8.640E-02  8.978E-02  8.969E-02  8.611E-02  7.926E-02
  383.5000  7.596E-02  7.894E-02  7.886E-02  7.571E-02  6.968E-02
  384.5000  1.141E-01  1.186E-01  1.185E-01  1.138E-01  1.047E-01
  385.5000  1.131E-01  1.175E-01  1.174E-01  1.127E-01  1.037E-01
  386.5000  1.154E-01  1.200E-01  1.198E-01  1.150E-01  1.059E-01
  387.5000  1.074E-01  1.116E-01  1.115E-01  1.071E-01  9.851E-02
  388.5000  1.078E-01  1.120E-01  1.119E-01  1.074E-01  9.886E-02
  389.5000  1.361E-01  1.415E-01  1.413E-01  1.357E-01  1.248E-01
  390.5000  1.339E-01  1.392E-01  1.390E-01  1.335E-01  1.228E-01
  391.5000  1.591E-01  1.653E-01  1.651E-01  1.585E-01  1.459E-01
  392.5000  1.194E-01  1.241E-01  1.240E-01  1.190E-01  1.095E-01
  393.5000  5.200E-02  5.405E-02  5.399E-02  5.183E-02  4.767E-02
  394.5000  1.225E-01  1.273E-01  1.272E-01  1.221E-01  1.123E-01
  395.5000  1.579E-01  1.641E-01  1.639E-01  1.573E-01  1.447E-01
  396.5000  9.283E-02  9.648E-02  9.638E-02  9.252E-02  8.510E-02
  397.5000  1.073E-01  1.115E-01  1.114E-01  1.069E-01  9.833E-02
  398.5000  1.846E-01  1.919E-01  1.917E-01  1.840E-01  1.692E-01
  399.5000  1.923E-01  1.998E-01  1.996E-01  1.916E-01  1.762E-01
  400.5000  2.024E-01  2.104E-01  2.102E-01  2.017E-01  1.855E-01
  401.5000  2.085E-01  2.168E-01  2.165E-01  2.078E-01  1.911E-01
  402.5000  2.168E-01  2.254E-01  2.251E-01  2.161E-01  1.987E-01
  403.5000  1.987E-01  2.066E-01  2.064E-01  1.981E-01  1.821E-01
  404.5000  1.952E-01  2.029E-01  2.027E-01  1.945E-01  1.789E-01
  405.5000  2.031E-01  2.111E-01  2.109E-01  2.024E-01  1.861E-01
  406.5000  1.915E-01  1.991E-01  1.989E-01  1.909E-01  1.755E-01
  407.5000  1.934E-01  2.010E-01  2.008E-01  1.927E-01  1.772E-01
  408.5000  2.157E-01  2.242E-01  2.239E-01  2.149E-01  1.976E-01
  409.5000  2.117E-01  2.201E-01  2.199E-01  2.110E-01  1.940E-01
  410.5000  1.839E-01  1.911E-01  1.909E-01  1.832E-01  1.685E-01
  411.5000  2.213E-01  2.301E-01  2.298E-01  2.206E-01  2.028E-01
  412.5000  2.197E-01  2.284E-01  2.281E-01  2.190E-01  2.013E-01
  413.5000  2.134E-01  2.218E-01  2.216E-01  2.127E-01  1.955E-01
  414.5000  2.196E-01  2.283E-01  2.281E-01  2.189E-01  2.012E-01
  415.5000  2.104E-01  2.187E-01  2.185E-01  2.097E-01  1.927E-01
  416.5000  2.293E-01  2.383E-01  2.381E-01  2.285E-01  2.101E-01
  417.5000  2.099E-01  2.182E-01  2.180E-01  2.092E-01  1.923E-01
  418.5000  2.118E-01  2.202E-01  2.200E-01  2.111E-01  1.941E-01
  419.5000  2.192E-01  2.278E-01  2.276E-01  2.184E-01  2.008E-01
------------------------------------------------------------
Dose rates, W m-2
   1 = UV-B, 280-315 nm                                  
   2 = UV-A, 315-400 nm                                  
   3 = Gaussian, 320 nm, 10 nm FWHM                      
   4 = RB Meter, model 501                               
   5 = DNA damage, in vitro (Setlow, 1974)               
   6 = UV index (WMO, 1994; Webb et al., 2011)           
   7 = Previtamin-D3 (CIE 2006)                          
values at z =      0.000 km
Columns: time, sza, weighting spectra
time, hrs.  sza, deg.          1          2          3          4          5          6          7
   11.0000     78.262  5.705E-02  8.169E+00  3.411E-02  1.845E-02  8.388E-05  4.058E-01  1.003E-02
   11.5000     77.894  6.118E-02  8.492E+00  3.577E-02  1.960E-02  8.954E-05  4.280E-01  1.077E-02
   12.0000     77.904  6.107E-02  8.483E+00  3.572E-02  1.957E-02  8.938E-05  4.274E-01  1.075E-02
   12.5000     78.294  5.671E-02  8.142E+00  3.396E-02  1.836E-02  8.341E-05  4.039E-01  9.965E-03
   13.0000     79.057  4.880E-02  7.489E+00  3.064E-02  1.613E-02  7.268E-05  3.605E-01  8.555E-03
------------------------------------------------------------
