Spectral Irradiance, W m-2 nm-1
values at z =      0.000 km
Columns: wavelength (nm), times (hrs.) or sza (deg.)
    wc, nm     11.000     11.500     12.000     12.500     13.000
    sza =      62.936     61.464     60.762     60.856     61.742
  280.5000  2.261E-28  2.853E-28  3.280E-28  3.214E-28  2.716E-28
  281.5000  9.163E-26  1.170E-25  1.361E-25  1.331E-25  1.111E-25
  282.5000  1.097E-23  1.422E-23  1.677E-23  1.636E-23  1.344E-23
  283.5000  2.224E-22  2.919E-22  3.485E-22  3.394E-22  2.751E-22
  284.5000  3.334E-20  4.532E-20  5.573E-20  5.403E-20  4.232E-20
  285.5000  8.638E-19  1.220E-18  1.543E-18  1.490E-18  1.128E-18
  286.5000  4.825E-17  7.085E-17  9.174E-17  8.831E-17  6.495E-17
  287.5000  1.598E-15  2.473E-15  3.285E-15  3.152E-15  2.243E-15
  288.5000  5.666E-14  9.331E-14  1.266E-13  1.212E-13  8.370E-14
  289.5000  1.312E-12  2.251E-12  3.077E-12  2.945E-12  2.008E-12
  290.5000  1.824E-11  3.211E-11  4.387E-11  4.202E-11  2.857E-11
  291.5000  2.467E-10  4.399E-10  5.956E-10  5.715E-10  3.918E-10
  292.5000  2.018E-09  3.577E-09  4.774E-09  4.591E-09  3.198E-09
  293.5000  1.900E-08  3.298E-08  4.318E-08  4.165E-08  2.967E-08
  294.5000  9.280E-08  1.568E-07  2.016E-07  1.949E-07  1.419E-07
  295.5000  6.477E-07  1.053E-06  1.324E-06  1.284E-06  9.615E-07
  296.5000  2.671E-06  4.180E-06  5.147E-06  5.007E-06  3.845E-06
  297.5000  1.098E-05  1.653E-05  1.996E-05  1.947E-05  1.532E-05
  298.5000  2.501E-05  3.636E-05  4.315E-05  4.218E-05  3.393E-05
  299.5000  1.033E-04  1.449E-04  1.691E-04  1.657E-04  1.361E-04
  300.5000  1.554E-04  2.119E-04  2.440E-04  2.395E-04  2.002E-04
  301.5000  5.170E-04  6.829E-04  7.746E-04  7.618E-04  6.489E-04
  302.5000  9.048E-04  1.170E-03  1.314E-03  1.294E-03  1.116E-03
  303.5000  2.309E-03  2.908E-03  3.228E-03  3.183E-03  2.788E-03
  304.5000  3.189E-03  3.955E-03  4.359E-03  4.304E-03  3.802E-03
  305.5000  5.967E-03  7.232E-03  7.888E-03  7.798E-03  6.982E-03
  306.5000  7.240E-03  8.688E-03  9.434E-03  9.332E-03  8.403E-03
  307.5000  1.393E-02  1.640E-02  1.765E-02  1.748E-02  1.592E-02
  308.5000  1.743E-02  2.036E-02  2.184E-02  2.164E-02  1.979E-02
  309.5000  1.859E-02  2.143E-02  2.286E-02  2.266E-02  2.088E-02
  310.5000  2.901E-02  3.314E-02  3.520E-02  3.492E-02  3.235E-02
  311.5000  4.086E-02  4.639E-02  4.912E-02  4.875E-02  4.532E-02
  312.5000  4.678E-02  5.252E-02  5.534E-02  5.496E-02  5.142E-02
  313.5000  5.514E-02  6.175E-02  6.500E-02  6.456E-02  6.048E-02
  314.5000  6.316E-02  7.005E-02  7.342E-02  7.297E-02  6.874E-02
  315.5000  6.678E-02  7.396E-02  7.746E-02  7.699E-02  7.259E-02
  316.5000  7.389E-02  8.123E-02  8.480E-02  8.432E-02  7.983E-02
  317.5000  1.047E-01  1.151E-01  1.201E-01  1.195E-01  1.131E-01
  318.5000  9.066E-02  9.899E-02  1.030E-01  1.025E-01  9.740E-02
  319.5000  1.128E-01  1.230E-01  1.279E-01  1.272E-01  1.210E-01
  320.5000  1.404E-01  1.529E-01  1.589E-01  1.581E-01  1.505E-01
  321.5000  1.300E-01  1.407E-01  1.458E-01  1.451E-01  1.387E-01
  322.5000  1.228E-01  1.334E-01  1.386E-01  1.379E-01  1.314E-01
  323.5000  1.404E-01  1.515E-01  1.568E-01  1.561E-01  1.494E-01
  324.5000  1.643E-01  1.773E-01  1.836E-01  1.828E-01  1.749E-01
  325.5000  1.820E-01  1.966E-01  2.036E-01  2.026E-01  1.938E-01
  326.5000  2.361E-01  2.538E-01  2.622E-01  2.611E-01  2.504E-01
  327.5000  2.154E-01  2.318E-01  2.397E-01  2.387E-01  2.287E-01
  328.5000  1.993E-01  2.145E-01  2.218E-01  2.208E-01  2.116E-01
  329.5000  2.718E-01  2.915E-01  3.009E-01  2.996E-01  2.878E-01
  330.5000  2.424E-01  2.603E-01  2.689E-01  2.677E-01  2.569E-01
  331.5000  2.388E-01  2.565E-01  2.650E-01  2.639E-01  2.532E-01
  332.5000  2.440E-01  2.614E-01  2.697E-01  2.686E-01  2.581E-01
  333.5000  2.261E-01  2.424E-01  2.503E-01  2.492E-01  2.393E-01
  334.5000  2.548E-01  2.731E-01  2.819E-01  2.807E-01  2.696E-01
  335.5000  2.630E-01  2.815E-01  2.903E-01  2.891E-01  2.780E-01
  336.5000  2.048E-01  2.193E-01  2.262E-01  2.253E-01  2.166E-01
  337.5000  2.225E-01  2.384E-01  2.460E-01  2.450E-01  2.354E-01
  338.5000  2.392E-01  2.560E-01  2.640E-01  2.629E-01  2.528E-01
  339.5000  2.610E-01  2.792E-01  2.879E-01  2.867E-01  2.757E-01
  340.5000  2.775E-01  2.970E-01  3.064E-01  3.051E-01  2.933E-01
  341.5000  2.490E-01  2.663E-01  2.745E-01  2.734E-01  2.630E-01
  342.5000  2.766E-01  2.957E-01  3.048E-01  3.036E-01  2.921E-01
  343.5000  2.867E-01  3.066E-01  3.161E-01  3.148E-01  3.028E-01
  344.5000  2.005E-01  2.144E-01  2.211E-01  2.202E-01  2.118E-01
  345.5000  2.773E-01  2.964E-01  3.055E-01  3.043E-01  2.928E-01
  346.5000  2.584E-01  2.763E-01  2.848E-01  2.837E-01  2.729E-01
  347.5000  2.529E-01  2.703E-01  2.787E-01  2.776E-01  2.670E-01
  348.5000  2.787E-01  2.979E-01  3.071E-01  3.058E-01  2.943E-01
  349.5000  2.338E-01  2.498E-01  2.575E-01  2.565E-01  2.468E-01
  350.5000  3.278E-01  3.503E-01  3.610E-01  3.596E-01  3.460E-01
  351.5000  2.826E-01  3.020E-01  3.113E-01  3.100E-01  2.983E-01
  352.5000  2.553E-01  2.728E-01  2.811E-01  2.800E-01  2.694E-01
  353.5000  3.079E-01  3.289E-01  3.390E-01  3.376E-01  3.249E-01
  354.5000  3.338E-01  3.566E-01  3.674E-01  3.660E-01  3.523E-01
  355.5000  3.122E-01  3.335E-01  3.437E-01  3.424E-01  3.295E-01
  356.5000  2.900E-01  3.098E-01  3.192E-01  3.180E-01  3.061E-01
  357.5000  2.468E-01  2.636E-01  2.717E-01  2.706E-01  2.605E-01
  358.5000  1.907E-01  2.037E-01  2.099E-01  2.091E-01  2.012E-01
  359.5000  3.213E-01  3.431E-01  3.535E-01  3.521E-01  3.390E-01
  360.5000  2.981E-01  3.183E-01  3.280E-01  3.267E-01  3.145E-01
  361.5000  2.691E-01  2.873E-01  2.960E-01  2.948E-01  2.839E-01
  362.5000  3.163E-01  3.377E-01  3.480E-01  3.466E-01  3.337E-01
  363.5000  2.817E-01  3.007E-01  3.098E-01  3.086E-01  2.971E-01
  364.5000  3.075E-01  3.283E-01  3.382E-01  3.369E-01  3.244E-01
  365.5000  3.750E-01  4.004E-01  4.124E-01  4.108E-01  3.956E-01
  366.5000  3.973E-01  4.241E-01  4.369E-01  4.352E-01  4.191E-01
  367.5000  3.777E-01  4.031E-01  4.152E-01  4.136E-01  3.983E-01
  368.5000  3.321E-01  3.544E-01  3.650E-01  3.636E-01  3.502E-01
  369.5000  3.987E-01  4.255E-01  4.382E-01  4.365E-01  4.204E-01
  370.5000  3.621E-01  3.863E-01  3.979E-01  3.964E-01  3.818E-01
  371.5000  4.147E-01  4.424E-01  4.557E-01  4.539E-01  4.372E-01
  372.5000  3.066E-01  3.271E-01  3.369E-01  3.356E-01  3.232E-01
  373.5000  2.774E-01  2.959E-01  3.047E-01  3.036E-01  2.924E-01
  374.5000  3.047E-01  3.250E-01  3.347E-01  3.334E-01  3.212E-01
  375.5000  3.441E-01  3.670E-01  3.780E-01  3.765E-01  3.627E-01
  376.5000  3.439E-01  3.668E-01  3.777E-01  3.763E-01  3.625E-01
  377.5000  4.099E-01  4.372E-01  4.502E-01  4.484E-01  4.320E-01
  378.5000  4.471E-01  4.769E-01  4.910E-01  4.891E-01  4.713E-01
  379.5000  3.311E-01  3.531E-01  3.636E-01  3.622E-01  3.489E-01
  380.5000  3.986E-01  4.250E-01  4.376E-01  4.359E-01  4.200E-01
  381.5000  3.748E-01  3.997E-01  4.115E-01  4.099E-01  3.950E-01
  382.5000  2.500E-01  2.665E-01  2.744E-01  2.734E-01  2.634E-01
  383.5000  2.197E-01  2.342E-01  2.412E-01  2.402E-01  2.315E-01
  384.5000  3.300E-01  3.518E-01  3.622E-01  3.608E-01  3.477E-01
  385.5000  3.268E-01  3.484E-01  3.586E-01  3.572E-01  3.443E-01
  386.5000  3.334E-01  3.554E-01  3.658E-01  3.644E-01  3.512E-01
  387.5000  3.101E-01  3.305E-01  3.403E-01  3.390E-01  3.267E-01
  388.5000  3.111E-01  3.316E-01  3.413E-01  3.400E-01  3.277E-01
  389.5000  3.927E-01  4.185E-01  4.308E-01  4.291E-01  4.136E-01
  390.5000  3.860E-01  4.114E-01  4.234E-01  4.218E-01  4.066E-01
  391.5000  4.584E-01  4.884E-01  5.027E-01  5.008E-01  4.828E-01
  392.5000  3.440E-01  3.666E-01  3.773E-01  3.758E-01  3.623E-01
  393.5000  1.497E-01  1.595E-01  1.641E-01  1.635E-01  1.576E-01
  394.5000  3.525E-01  3.756E-01  3.865E-01  3.851E-01  3.712E-01
  395.5000  4.540E-01  4.836E-01  4.977E-01  4.958E-01  4.780E-01
  396.5000  2.668E-01  2.842E-01  2.925E-01  2.914E-01  2.809E-01
  397.5000  3.082E-01  3.282E-01  3.378E-01  3.365E-01  3.244E-01
  398.5000  5.300E-01  5.644E-01  5.808E-01  5.786E-01  5.579E-01
  399.5000  5.517E-01  5.875E-01  6.046E-01  6.023E-01  5.808E-01
  400.5000  5.805E-01  6.182E-01  6.361E-01  6.337E-01  6.111E-01
  401.5000  5.977E-01  6.365E-01  6.549E-01  6.524E-01  6.292E-01
  402.5000  6.211E-01  6.613E-01  6.804E-01  6.778E-01  6.537E-01
  403.5000  5.690E-01  6.057E-01  6.232E-01  6.209E-01  5.988E-01
  404.5000  5.585E-01  5.946E-01  6.117E-01  6.094E-01  5.878E-01
  405.5000  5.806E-01  6.181E-01  6.359E-01  6.335E-01  6.111E-01
  406.5000  5.474E-01  5.826E-01  5.994E-01  5.972E-01  5.760E-01
  407.5000  5.523E-01  5.878E-01  6.047E-01  6.025E-01  5.811E-01
  408.5000  6.156E-01  6.552E-01  6.740E-01  6.714E-01  6.477E-01
  409.5000  6.039E-01  6.427E-01  6.612E-01  6.587E-01  6.354E-01
  410.5000  5.241E-01  5.578E-01  5.738E-01  5.716E-01  5.514E-01
  411.5000  6.305E-01  6.709E-01  6.902E-01  6.876E-01  6.633E-01
  412.5000  6.254E-01  6.655E-01  6.845E-01  6.820E-01  6.580E-01
  413.5000  6.071E-01  6.459E-01  6.644E-01  6.619E-01  6.386E-01
  414.5000  6.245E-01  6.644E-01  6.833E-01  6.808E-01  6.568E-01
  415.5000  5.977E-01  6.359E-01  6.540E-01  6.516E-01  6.287E-01
  416.5000  6.510E-01  6.926E-01  7.123E-01  7.096E-01  6.847E-01
  417.5000  5.956E-01  6.336E-01  6.516E-01  6.492E-01  6.264E-01
  418.5000  6.008E-01  6.390E-01  6.571E-01  6.547E-01  6.318E-01
  419.5000  6.211E-01  6.605E-01  6.793E-01  6.768E-01  6.531E-01
------------------------------------------------------------
Dose rates, W m-2
   1 = UV-B, 280-315 nm                                  
   2 = UV-A, 315-400 nm                                  
   3 = Gaussian, 320 nm, 10 nm FWHM                      
   4 = RB Meter, model 501                               
   5 = DNA damage, in vitro (Setlow, 1974)               
   6 = UV index (WMO, 1994; Webb et al., 2011)           
   7 = Previtamin-D3 (CIE 2006)                          
values at z =      0.000 km
Columns: time, sza, weighting spectra
time, hrs.  sza, deg.          1          2          3          4          5          6          7
   11.0000     62.936  3.053E-01  2.405E+01  1.191E-01  8.652E-02  4.705E-04  1.689E+00  5.916E-02
   11.5000     61.464  3.471E-01  2.571E+01  1.295E-01  9.771E-02  5.497E-04  1.891E+00  6.851E-02
   12.0000     60.762  3.679E-01  2.650E+01  1.346E-01  1.033E-01  5.906E-04  1.991E+00  7.325E-02
   12.5000     60.856  3.651E-01  2.639E+01  1.339E-01  1.026E-01  5.850E-04  1.978E+00  7.260E-02
   13.0000     61.742  3.390E-01  2.539E+01  1.275E-01  9.555E-02  5.341E-04  1.852E+00  6.668E-02
------------------------------------------------------------
