Spectral Irradiance, W m-2 nm-1
values at z =      0.000 km
Columns: wavelength (nm), times (hrs.) or sza (deg.)
    wc, nm     11.000     11.500     12.000     12.500     13.000
    sza =      65.039     64.660     64.519     64.621     64.966
  280.5000  5.266E-21  5.525E-21  5.627E-21  5.552E-21  5.315E-21
  281.5000  4.445E-19  4.673E-19  4.764E-19  4.697E-19  4.487E-19
  282.5000  1.384E-17  1.459E-17  1.489E-17  1.467E-17  1.398E-17
  283.5000  1.171E-16  1.237E-16  1.264E-16  1.244E-16  1.183E-16
  284.5000  3.575E-15  3.798E-15  3.889E-15  3.822E-15  3.616E-15
  285.5000  2.859E-14  3.057E-14  3.139E-14  3.079E-14  2.895E-14
  286.5000  6.479E-13  6.977E-13  7.184E-13  7.033E-13  6.570E-13
  287.5000  7.891E-12  8.581E-12  8.870E-12  8.659E-12  8.016E-12
  288.5000  9.431E-11  1.039E-10  1.079E-10  1.049E-10  9.604E-11
  289.5000  1.001E-09  1.113E-09  1.159E-09  1.125E-09  1.021E-09
  290.5000  7.199E-09  8.054E-09  8.409E-09  8.149E-09  7.353E-09
  291.5000  4.592E-08  5.162E-08  5.397E-08  5.225E-08  4.696E-08
  292.5000  2.021E-07  2.273E-07  2.376E-07  2.301E-07  2.067E-07
  293.5000  1.057E-06  1.186E-06  1.239E-06  1.201E-06  1.081E-06
  294.5000  3.252E-06  3.634E-06  3.787E-06  3.675E-06  3.322E-06
  295.5000  1.386E-05  1.538E-05  1.599E-05  1.555E-05  1.414E-05
  296.5000  3.790E-05  4.177E-05  4.329E-05  4.218E-05  3.862E-05
  297.5000  1.085E-04  1.187E-04  1.227E-04  1.198E-04  1.105E-04
  298.5000  1.824E-04  1.981E-04  2.043E-04  1.998E-04  1.854E-04
  299.5000  5.649E-04  6.094E-04  6.265E-04  6.140E-04  5.733E-04
  300.5000  6.822E-04  7.316E-04  7.507E-04  7.368E-04  6.916E-04
  301.5000  1.788E-03  1.905E-03  1.950E-03  1.917E-03  1.810E-03
  302.5000  2.676E-03  2.839E-03  2.901E-03  2.856E-03  2.707E-03
  303.5000  5.679E-03  5.992E-03  6.111E-03  6.025E-03  5.739E-03
  304.5000  7.052E-03  7.417E-03  7.556E-03  7.455E-03  7.122E-03
  305.5000  1.127E-02  1.180E-02  1.200E-02  1.185E-02  1.137E-02
  306.5000  1.278E-02  1.335E-02  1.357E-02  1.341E-02  1.289E-02
  307.5000  2.161E-02  2.249E-02  2.281E-02  2.258E-02  2.178E-02
  308.5000  2.573E-02  2.672E-02  2.710E-02  2.683E-02  2.592E-02
  309.5000  2.521E-02  2.611E-02  2.645E-02  2.620E-02  2.538E-02
  310.5000  3.703E-02  3.829E-02  3.876E-02  3.842E-02  3.727E-02
  311.5000  5.011E-02  5.174E-02  5.235E-02  5.191E-02  5.043E-02
  312.5000  5.345E-02  5.506E-02  5.566E-02  5.523E-02  5.376E-02
  313.5000  6.195E-02  6.378E-02  6.447E-02  6.397E-02  6.231E-02
  314.5000  6.681E-02  6.864E-02  6.933E-02  6.883E-02  6.716E-02
  315.5000  6.992E-02  7.181E-02  7.252E-02  7.201E-02  7.028E-02
  316.5000  7.384E-02  7.572E-02  7.643E-02  7.592E-02  7.420E-02
  317.5000  1.046E-01  1.072E-01  1.082E-01  1.075E-01  1.051E-01
  318.5000  8.675E-02  8.883E-02  8.961E-02  8.905E-02  8.715E-02
  319.5000  1.070E-01  1.096E-01  1.105E-01  1.098E-01  1.075E-01
  320.5000  1.319E-01  1.350E-01  1.361E-01  1.353E-01  1.325E-01
  321.5000  1.175E-01  1.201E-01  1.210E-01  1.203E-01  1.180E-01
  322.5000  1.142E-01  1.169E-01  1.179E-01  1.171E-01  1.148E-01
  323.5000  1.246E-01  1.273E-01  1.283E-01  1.276E-01  1.251E-01
  324.5000  1.461E-01  1.492E-01  1.504E-01  1.496E-01  1.467E-01
  325.5000  1.628E-01  1.663E-01  1.676E-01  1.667E-01  1.634E-01
  326.5000  2.045E-01  2.088E-01  2.103E-01  2.092E-01  2.054E-01
  327.5000  1.885E-01  1.924E-01  1.939E-01  1.928E-01  1.892E-01
  328.5000  1.743E-01  1.779E-01  1.793E-01  1.783E-01  1.750E-01
  329.5000  2.322E-01  2.369E-01  2.386E-01  2.374E-01  2.331E-01
  330.5000  2.091E-01  2.134E-01  2.150E-01  2.138E-01  2.099E-01
  331.5000  2.064E-01  2.106E-01  2.122E-01  2.111E-01  2.072E-01
  332.5000  2.073E-01  2.114E-01  2.130E-01  2.118E-01  2.081E-01
  333.5000  1.934E-01  1.974E-01  1.988E-01  1.978E-01  1.942E-01
  334.5000  2.172E-01  2.216E-01  2.232E-01  2.221E-01  2.181E-01
  335.5000  2.224E-01  2.268E-01  2.284E-01  2.272E-01  2.232E-01
  336.5000  1.736E-01  1.770E-01  1.783E-01  1.774E-01  1.743E-01
  337.5000  1.896E-01  1.934E-01  1.948E-01  1.938E-01  1.903E-01
  338.5000  2.022E-01  2.062E-01  2.076E-01  2.066E-01  2.029E-01
  339.5000  2.203E-01  2.246E-01  2.262E-01  2.251E-01  2.211E-01
  340.5000  2.350E-01  2.396E-01  2.414E-01  2.401E-01  2.359E-01
  341.5000  2.099E-01  2.140E-01  2.155E-01  2.144E-01  2.107E-01
  342.5000  2.329E-01  2.375E-01  2.392E-01  2.380E-01  2.338E-01
  343.5000  2.418E-01  2.466E-01  2.484E-01  2.471E-01  2.428E-01
  344.5000  1.694E-01  1.727E-01  1.740E-01  1.731E-01  1.700E-01
  345.5000  2.333E-01  2.379E-01  2.396E-01  2.384E-01  2.342E-01
  346.5000  2.179E-01  2.222E-01  2.238E-01  2.227E-01  2.188E-01
  347.5000  2.132E-01  2.174E-01  2.190E-01  2.178E-01  2.140E-01
  348.5000  2.348E-01  2.394E-01  2.411E-01  2.399E-01  2.357E-01
  349.5000  1.970E-01  2.008E-01  2.022E-01  2.012E-01  1.977E-01
  350.5000  2.761E-01  2.815E-01  2.835E-01  2.820E-01  2.772E-01
  351.5000  2.381E-01  2.428E-01  2.445E-01  2.432E-01  2.390E-01
  352.5000  2.150E-01  2.192E-01  2.208E-01  2.197E-01  2.159E-01
  353.5000  2.592E-01  2.643E-01  2.662E-01  2.648E-01  2.602E-01
  354.5000  2.810E-01  2.864E-01  2.884E-01  2.870E-01  2.820E-01
  355.5000  2.628E-01  2.679E-01  2.698E-01  2.685E-01  2.638E-01
  356.5000  2.441E-01  2.489E-01  2.506E-01  2.494E-01  2.451E-01
  357.5000  2.078E-01  2.118E-01  2.133E-01  2.122E-01  2.086E-01
  358.5000  1.605E-01  1.637E-01  1.648E-01  1.640E-01  1.611E-01
  359.5000  2.704E-01  2.757E-01  2.776E-01  2.762E-01  2.715E-01
  360.5000  2.509E-01  2.558E-01  2.576E-01  2.563E-01  2.519E-01
  361.5000  2.265E-01  2.309E-01  2.325E-01  2.313E-01  2.273E-01
  362.5000  2.662E-01  2.714E-01  2.733E-01  2.719E-01  2.672E-01
  363.5000  2.371E-01  2.416E-01  2.434E-01  2.421E-01  2.380E-01
  364.5000  2.589E-01  2.639E-01  2.657E-01  2.644E-01  2.598E-01
  365.5000  3.157E-01  3.218E-01  3.241E-01  3.224E-01  3.169E-01
  366.5000  3.345E-01  3.409E-01  3.433E-01  3.416E-01  3.357E-01
  367.5000  3.179E-01  3.240E-01  3.263E-01  3.246E-01  3.191E-01
  368.5000  2.795E-01  2.849E-01  2.869E-01  2.855E-01  2.806E-01
  369.5000  3.356E-01  3.421E-01  3.445E-01  3.427E-01  3.369E-01
  370.5000  3.048E-01  3.106E-01  3.128E-01  3.112E-01  3.059E-01
  371.5000  3.491E-01  3.558E-01  3.583E-01  3.565E-01  3.504E-01
  372.5000  2.581E-01  2.631E-01  2.649E-01  2.636E-01  2.591E-01
  373.5000  2.335E-01  2.380E-01  2.397E-01  2.384E-01  2.344E-01
  374.5000  2.565E-01  2.614E-01  2.633E-01  2.620E-01  2.575E-01
  375.5000  2.897E-01  2.953E-01  2.973E-01  2.958E-01  2.908E-01
  376.5000  2.896E-01  2.951E-01  2.972E-01  2.957E-01  2.907E-01
  377.5000  3.452E-01  3.518E-01  3.542E-01  3.524E-01  3.465E-01
  378.5000  3.766E-01  3.837E-01  3.864E-01  3.845E-01  3.780E-01
  379.5000  2.789E-01  2.842E-01  2.861E-01  2.847E-01  2.799E-01
  380.5000  3.357E-01  3.421E-01  3.445E-01  3.427E-01  3.369E-01
  381.5000  3.157E-01  3.217E-01  3.240E-01  3.224E-01  3.169E-01
  382.5000  2.106E-01  2.146E-01  2.161E-01  2.150E-01  2.114E-01
  383.5000  1.851E-01  1.886E-01  1.899E-01  1.890E-01  1.858E-01
  384.5000  2.780E-01  2.833E-01  2.853E-01  2.838E-01  2.791E-01
  385.5000  2.753E-01  2.806E-01  2.825E-01  2.811E-01  2.764E-01
  386.5000  2.809E-01  2.862E-01  2.882E-01  2.868E-01  2.820E-01
  387.5000  2.613E-01  2.663E-01  2.681E-01  2.668E-01  2.623E-01
  388.5000  2.622E-01  2.671E-01  2.690E-01  2.676E-01  2.631E-01
  389.5000  3.309E-01  3.372E-01  3.395E-01  3.378E-01  3.322E-01
  390.5000  3.254E-01  3.315E-01  3.338E-01  3.321E-01  3.266E-01
  391.5000  3.864E-01  3.936E-01  3.963E-01  3.944E-01  3.878E-01
  392.5000  2.900E-01  2.955E-01  2.975E-01  2.960E-01  2.911E-01
  393.5000  1.262E-01  1.286E-01  1.294E-01  1.288E-01  1.267E-01
  394.5000  2.972E-01  3.028E-01  3.049E-01  3.034E-01  2.983E-01
  395.5000  3.828E-01  3.900E-01  3.926E-01  3.907E-01  3.842E-01
  396.5000  2.250E-01  2.292E-01  2.308E-01  2.296E-01  2.258E-01
  397.5000  2.598E-01  2.647E-01  2.665E-01  2.652E-01  2.608E-01
  398.5000  4.469E-01  4.553E-01  4.584E-01  4.561E-01  4.485E-01
  399.5000  4.653E-01  4.740E-01  4.772E-01  4.749E-01  4.670E-01
  400.5000  4.896E-01  4.988E-01  5.022E-01  4.997E-01  4.914E-01
  401.5000  5.042E-01  5.136E-01  5.171E-01  5.146E-01  5.060E-01
  402.5000  5.239E-01  5.337E-01  5.373E-01  5.347E-01  5.258E-01
  403.5000  4.800E-01  4.889E-01  4.923E-01  4.898E-01  4.817E-01
  404.5000  4.712E-01  4.800E-01  4.832E-01  4.809E-01  4.729E-01
  405.5000  4.899E-01  4.990E-01  5.024E-01  5.000E-01  4.917E-01
  406.5000  4.619E-01  4.705E-01  4.737E-01  4.713E-01  4.635E-01
  407.5000  4.661E-01  4.747E-01  4.779E-01  4.756E-01  4.677E-01
  408.5000  5.195E-01  5.292E-01  5.328E-01  5.302E-01  5.214E-01
  409.5000  5.097E-01  5.192E-01  5.227E-01  5.202E-01  5.116E-01
  410.5000  4.424E-01  4.506E-01  4.537E-01  4.515E-01  4.440E-01
  411.5000  5.323E-01  5.421E-01  5.458E-01  5.431E-01  5.342E-01
  412.5000  5.280E-01  5.378E-01  5.414E-01  5.388E-01  5.299E-01
  413.5000  5.126E-01  5.221E-01  5.256E-01  5.230E-01  5.144E-01
  414.5000  5.273E-01  5.370E-01  5.406E-01  5.380E-01  5.292E-01
  415.5000  5.048E-01  5.141E-01  5.175E-01  5.150E-01  5.066E-01
  416.5000  5.498E-01  5.600E-01  5.637E-01  5.610E-01  5.518E-01
  417.5000  5.031E-01  5.123E-01  5.158E-01  5.133E-01  5.049E-01
  418.5000  5.075E-01  5.168E-01  5.203E-01  5.178E-01  5.093E-01
  419.5000  5.247E-01  5.343E-01  5.379E-01  5.353E-01  5.265E-01
------------------------------------------------------------
Dose rates, W m-2
   1 = UV-B, 280-315 nm                                  
   2 = UV-A, 315-400 nm                                  
   3 = Gaussian, 320 nm, 10 nm FWHM                      
   4 = RB Meter, model 501                               
   5 = DNA damage, in vitro (Setlow, 1974)               
   6 = UV index (WMO, 1994; Webb et al., 2011)           
   7 = Previtamin-D3 (CIE 2006)                          
values at z =      0.000 km
Columns: time, sza, weighting spectra
time, hrs.  sza, deg.          1          2          3          4          5          6          7
   11.0000     65.039  3.847E-01  2.043E+01  1.113E-01  1.071E-01  7.678E-04  2.006E+00  8.614E-02
   11.5000     64.660  3.979E-01  2.083E+01  1.139E-01  1.108E-01  8.026E-04  2.074E+00  8.956E-02
   12.0000     64.519  4.028E-01  2.097E+01  1.149E-01  1.122E-01  8.158E-04  2.099E+00  9.085E-02
   12.5000     64.621  3.992E-01  2.087E+01  1.142E-01  1.112E-01  8.062E-04  2.081E+00  8.991E-02
   13.0000     64.966  3.873E-01  2.050E+01  1.118E-01  1.078E-01  7.745E-04  2.019E+00  8.679E-02
------------------------------------------------------------
