Spectral Irradiance, W m-2 nm-1
values at z =      0.000 km
Columns: wavelength (nm), times (hrs.) or sza (deg.)
    wc, nm     11.000     11.500     12.000     12.500     13.000
    sza =      50.556     48.738     47.962     48.278     49.663
  280.5000  1.550E-19  6.516E-19  1.158E-18  9.188E-19  3.189E-19
  281.5000  1.411E-17  5.210E-17  8.791E-17  7.124E-17  2.719E-17
  282.5000  4.646E-16  1.536E-15  2.479E-15  2.045E-15  8.471E-16
  283.5000  4.073E-15  1.253E-14  1.965E-14  1.640E-14  7.162E-15
  284.5000  1.284E-13  3.464E-13  5.154E-13  4.393E-13  2.114E-13
  285.5000  1.031E-12  2.524E-12  3.613E-12  3.128E-12  1.616E-12
  286.5000  2.304E-11  5.237E-11  7.279E-11  6.377E-11  3.480E-11
  287.5000  2.680E-10  5.609E-10  7.543E-10  6.696E-10  3.883E-10
  288.5000  2.894E-09  5.540E-09  7.188E-09  6.474E-09  4.010E-09
  289.5000  2.749E-08  4.938E-08  6.246E-08  5.683E-08  3.689E-08
  290.5000  1.745E-07  2.971E-07  3.678E-07  3.375E-07  2.279E-07
  291.5000  9.248E-07  1.482E-06  1.791E-06  1.660E-06  1.172E-06
  292.5000  3.383E-06  5.160E-06  6.113E-06  5.710E-06  4.181E-06
  293.5000  1.445E-05  2.105E-05  2.448E-05  2.304E-05  1.745E-05
  294.5000  3.729E-05  5.237E-05  6.003E-05  5.682E-05  4.422E-05
  295.5000  1.296E-04  1.751E-04  1.976E-04  1.882E-04  1.507E-04
  296.5000  2.957E-04  3.871E-04  4.314E-04  4.130E-04  3.385E-04
  297.5000  7.168E-04  9.127E-04  1.006E-03  9.673E-04  8.092E-04
  298.5000  1.041E-03  1.295E-03  1.414E-03  1.365E-03  1.162E-03
  299.5000  2.799E-03  3.405E-03  3.685E-03  3.570E-03  3.088E-03
  300.5000  3.026E-03  3.620E-03  3.891E-03  3.780E-03  3.311E-03
  301.5000  7.013E-03  8.238E-03  8.790E-03  8.564E-03  7.602E-03
  302.5000  9.675E-03  1.123E-02  1.193E-02  1.164E-02  1.043E-02
  303.5000  1.862E-02  2.131E-02  2.250E-02  2.201E-02  1.992E-02
  304.5000  2.184E-02  2.480E-02  2.610E-02  2.557E-02  2.328E-02
  305.5000  3.202E-02  3.592E-02  3.762E-02  3.692E-02  3.392E-02
  306.5000  3.500E-02  3.905E-02  4.081E-02  4.010E-02  3.697E-02
  307.5000  5.504E-02  6.080E-02  6.330E-02  6.228E-02  5.785E-02
  308.5000  6.373E-02  7.013E-02  7.290E-02  7.177E-02  6.686E-02
  309.5000  5.949E-02  6.503E-02  6.741E-02  6.644E-02  6.220E-02
  310.5000  8.441E-02  9.184E-02  9.503E-02  9.373E-02  8.805E-02
  311.5000  1.116E-01  1.211E-01  1.251E-01  1.235E-01  1.163E-01
  312.5000  1.140E-01  1.232E-01  1.271E-01  1.255E-01  1.187E-01
  313.5000  1.311E-01  1.413E-01  1.456E-01  1.438E-01  1.361E-01
  314.5000  1.365E-01  1.463E-01  1.505E-01  1.488E-01  1.413E-01
  315.5000  1.420E-01  1.521E-01  1.564E-01  1.546E-01  1.470E-01
  316.5000  1.459E-01  1.557E-01  1.598E-01  1.582E-01  1.507E-01
  317.5000  2.065E-01  2.204E-01  2.262E-01  2.239E-01  2.133E-01
  318.5000  1.671E-01  1.777E-01  1.822E-01  1.803E-01  1.723E-01
  319.5000  2.051E-01  2.179E-01  2.234E-01  2.212E-01  2.114E-01
  320.5000  2.513E-01  2.668E-01  2.734E-01  2.707E-01  2.589E-01
  321.5000  2.187E-01  2.315E-01  2.370E-01  2.348E-01  2.250E-01
  322.5000  2.163E-01  2.295E-01  2.351E-01  2.329E-01  2.228E-01
  323.5000  2.295E-01  2.426E-01  2.481E-01  2.459E-01  2.360E-01
  324.5000  2.693E-01  2.846E-01  2.911E-01  2.885E-01  2.768E-01
  325.5000  3.009E-01  3.182E-01  3.256E-01  3.226E-01  3.095E-01
  326.5000  3.711E-01  3.915E-01  4.001E-01  3.966E-01  3.812E-01
  327.5000  3.439E-01  3.630E-01  3.711E-01  3.678E-01  3.533E-01
  328.5000  3.178E-01  3.355E-01  3.429E-01  3.399E-01  3.265E-01
  329.5000  4.175E-01  4.399E-01  4.493E-01  4.455E-01  4.285E-01
  330.5000  3.779E-01  3.984E-01  4.070E-01  4.035E-01  3.880E-01
  331.5000  3.733E-01  3.936E-01  4.021E-01  3.986E-01  3.833E-01
  332.5000  3.711E-01  3.907E-01  3.990E-01  3.956E-01  3.808E-01
  333.5000  3.476E-01  3.662E-01  3.740E-01  3.708E-01  3.568E-01
  334.5000  3.894E-01  4.100E-01  4.187E-01  4.152E-01  3.995E-01
  335.5000  3.965E-01  4.172E-01  4.260E-01  4.224E-01  4.067E-01
  336.5000  3.098E-01  3.260E-01  3.329E-01  3.301E-01  3.178E-01
  337.5000  3.393E-01  3.572E-01  3.648E-01  3.617E-01  3.482E-01
  338.5000  3.598E-01  3.786E-01  3.864E-01  3.832E-01  3.691E-01
  339.5000  3.916E-01  4.119E-01  4.205E-01  4.170E-01  4.016E-01
  340.5000  4.183E-01  4.401E-01  4.492E-01  4.455E-01  4.290E-01
  341.5000  3.725E-01  3.917E-01  3.998E-01  3.965E-01  3.820E-01
  342.5000  4.130E-01  4.343E-01  4.432E-01  4.396E-01  4.235E-01
  343.5000  4.289E-01  4.510E-01  4.603E-01  4.565E-01  4.398E-01
  344.5000  3.006E-01  3.161E-01  3.226E-01  3.199E-01  3.082E-01
  345.5000  4.128E-01  4.339E-01  4.428E-01  4.392E-01  4.232E-01
  346.5000  3.859E-01  4.057E-01  4.140E-01  4.106E-01  3.957E-01
  347.5000  3.773E-01  3.966E-01  4.047E-01  4.014E-01  3.868E-01
  348.5000  4.151E-01  4.362E-01  4.451E-01  4.415E-01  4.255E-01
  349.5000  3.480E-01  3.657E-01  3.731E-01  3.701E-01  3.567E-01
  350.5000  4.875E-01  5.122E-01  5.227E-01  5.184E-01  4.997E-01
  351.5000  4.203E-01  4.416E-01  4.506E-01  4.469E-01  4.308E-01
  352.5000  3.793E-01  3.985E-01  4.065E-01  4.033E-01  3.887E-01
  353.5000  4.568E-01  4.799E-01  4.896E-01  4.857E-01  4.682E-01
  354.5000  4.947E-01  5.197E-01  5.302E-01  5.259E-01  5.070E-01
  355.5000  4.625E-01  4.858E-01  4.956E-01  4.917E-01  4.740E-01
  356.5000  4.294E-01  4.510E-01  4.601E-01  4.564E-01  4.401E-01
  357.5000  3.653E-01  3.836E-01  3.914E-01  3.882E-01  3.744E-01
  358.5000  2.820E-01  2.962E-01  3.021E-01  2.997E-01  2.890E-01
  359.5000  4.748E-01  4.986E-01  5.086E-01  5.045E-01  4.866E-01
  360.5000  4.403E-01  4.623E-01  4.716E-01  4.678E-01  4.512E-01
  361.5000  3.972E-01  4.170E-01  4.253E-01  4.219E-01  4.069E-01
  362.5000  4.666E-01  4.898E-01  4.996E-01  4.956E-01  4.781E-01
  363.5000  4.152E-01  4.359E-01  4.445E-01  4.410E-01  4.254E-01
  364.5000  4.531E-01  4.756E-01  4.851E-01  4.813E-01  4.642E-01
  365.5000  5.524E-01  5.797E-01  5.912E-01  5.866E-01  5.659E-01
  366.5000  5.848E-01  6.137E-01  6.259E-01  6.210E-01  5.991E-01
  367.5000  5.555E-01  5.829E-01  5.945E-01  5.898E-01  5.690E-01
  368.5000  4.882E-01  5.122E-01  5.224E-01  5.183E-01  5.001E-01
  369.5000  5.858E-01  6.146E-01  6.268E-01  6.218E-01  6.000E-01
  370.5000  5.317E-01  5.578E-01  5.688E-01  5.643E-01  5.446E-01
  371.5000  6.086E-01  6.384E-01  6.510E-01  6.459E-01  6.233E-01
  372.5000  4.497E-01  4.717E-01  4.810E-01  4.773E-01  4.606E-01
  373.5000  4.066E-01  4.265E-01  4.349E-01  4.315E-01  4.165E-01
  374.5000  4.464E-01  4.683E-01  4.774E-01  4.737E-01  4.572E-01
  375.5000  5.039E-01  5.285E-01  5.388E-01  5.346E-01  5.160E-01
  376.5000  5.034E-01  5.279E-01  5.382E-01  5.340E-01  5.155E-01
  377.5000  5.996E-01  6.288E-01  6.411E-01  6.361E-01  6.140E-01
  378.5000  6.538E-01  6.856E-01  6.989E-01  6.935E-01  6.695E-01
  379.5000  4.839E-01  5.073E-01  5.172E-01  5.132E-01  4.955E-01
  380.5000  5.821E-01  6.103E-01  6.222E-01  6.174E-01  5.961E-01
  381.5000  5.472E-01  5.737E-01  5.848E-01  5.803E-01  5.603E-01
  382.5000  3.648E-01  3.824E-01  3.898E-01  3.868E-01  3.735E-01
  383.5000  3.204E-01  3.359E-01  3.424E-01  3.397E-01  3.280E-01
  384.5000  4.810E-01  5.042E-01  5.139E-01  5.100E-01  4.925E-01
  385.5000  4.761E-01  4.990E-01  5.086E-01  5.047E-01  4.874E-01
  386.5000  4.854E-01  5.088E-01  5.186E-01  5.146E-01  4.970E-01
  387.5000  4.513E-01  4.730E-01  4.821E-01  4.784E-01  4.620E-01
  388.5000  4.525E-01  4.742E-01  4.833E-01  4.796E-01  4.632E-01
  389.5000  5.709E-01  5.982E-01  6.097E-01  6.050E-01  5.844E-01
  390.5000  5.609E-01  5.877E-01  5.990E-01  5.944E-01  5.742E-01
  391.5000  6.657E-01  6.975E-01  7.108E-01  7.054E-01  6.814E-01
  392.5000  4.994E-01  5.232E-01  5.332E-01  5.291E-01  5.111E-01
  393.5000  2.172E-01  2.275E-01  2.319E-01  2.301E-01  2.223E-01
  394.5000  5.112E-01  5.355E-01  5.457E-01  5.416E-01  5.232E-01
  395.5000  6.580E-01  6.892E-01  7.024E-01  6.970E-01  6.734E-01
  396.5000  3.865E-01  4.048E-01  4.125E-01  4.094E-01  3.956E-01
  397.5000  4.462E-01  4.673E-01  4.762E-01  4.726E-01  4.566E-01
  398.5000  7.669E-01  8.032E-01  8.184E-01  8.123E-01  7.849E-01
  399.5000  7.980E-01  8.357E-01  8.515E-01  8.451E-01  8.166E-01
  400.5000  8.392E-01  8.788E-01  8.955E-01  8.887E-01  8.588E-01
  401.5000  8.638E-01  9.045E-01  9.216E-01  9.146E-01  8.839E-01
  402.5000  8.970E-01  9.393E-01  9.570E-01  9.498E-01  9.179E-01
  403.5000  8.214E-01  8.600E-01  8.762E-01  8.696E-01  8.404E-01
  404.5000  8.059E-01  8.437E-01  8.596E-01  8.531E-01  8.246E-01
  405.5000  8.374E-01  8.767E-01  8.932E-01  8.865E-01  8.568E-01
  406.5000  7.890E-01  8.260E-01  8.415E-01  8.352E-01  8.073E-01
  407.5000  7.958E-01  8.330E-01  8.486E-01  8.423E-01  8.142E-01
  408.5000  8.866E-01  9.280E-01  9.454E-01  9.383E-01  9.070E-01
  409.5000  8.694E-01  9.100E-01  9.270E-01  9.201E-01  8.895E-01
  410.5000  7.542E-01  7.893E-01  8.041E-01  7.981E-01  7.716E-01
  411.5000  9.068E-01  9.490E-01  9.668E-01  9.596E-01  9.277E-01
  412.5000  8.991E-01  9.409E-01  9.584E-01  9.513E-01  9.198E-01
  413.5000  8.723E-01  9.128E-01  9.298E-01  9.229E-01  8.923E-01
  414.5000  8.968E-01  9.384E-01  9.559E-01  9.488E-01  9.174E-01
  415.5000  8.581E-01  8.978E-01  9.145E-01  9.078E-01  8.777E-01
  416.5000  9.342E-01  9.774E-01  9.956E-01  9.882E-01  9.556E-01
  417.5000  8.543E-01  8.938E-01  9.103E-01  9.036E-01  8.738E-01
  418.5000  8.613E-01  9.010E-01  9.177E-01  9.110E-01  8.809E-01
  419.5000  8.900E-01  9.310E-01  9.482E-01  9.413E-01  9.103E-01
------------------------------------------------------------
Dose rates, W m-2
   1 = UV-B, 280-315 nm                                  
   2 = UV-A, 315-400 nm                                  
   3 = Gaussian, 320 nm, 10 nm FWHM                      
   4 = RB Meter, model 501                               
   5 = DNA damage, in vitro (Setlow, 1974)               
   6 = UV index (WMO, 1994; Webb et al., 2011)           
   7 = Previtamin-D3 (CIE 2006)                          
values at z =      0.000 km
Columns: time, sza, weighting spectra
time, hrs.  sza, deg.          1          2          3          4          5          6          7
   11.0000     50.556  8.882E-01  3.595E+01  2.118E-01  2.514E-01  2.233E-03  4.686E+00  2.212E-01
   11.5000     48.738  9.701E-01  3.777E+01  2.249E-01  2.758E-01  2.538E-03  5.149E+00  2.456E-01
   12.0000     47.962  1.005E+00  3.854E+01  2.305E-01  2.864E-01  2.674E-03  5.351E+00  2.563E-01
   12.5000     48.278  9.910E-01  3.823E+01  2.282E-01  2.821E-01  2.619E-03  5.269E+00  2.520E-01
   13.0000     49.663  9.283E-01  3.685E+01  2.183E-01  2.633E-01  2.381E-03  4.912E+00  2.331E-01
------------------------------------------------------------
