Spectral Irradiance, W m-2 nm-1
values at z =      0.000 km
Columns: wavelength (nm), times (hrs.) or sza (deg.)
    wc, nm     11.000     11.500     12.000     12.500     13.000
    sza =      43.483     41.306     40.367     40.751     42.421
  280.5000  1.163E-16  3.669E-16  5.810E-16  4.827E-16  2.069E-16
  281.5000  5.819E-15  1.657E-14  2.519E-14  2.128E-14  9.830E-15
  282.5000  1.147E-13  2.991E-13  4.390E-13  3.761E-13  1.854E-13
  283.5000  7.203E-13  1.775E-12  2.547E-12  2.202E-12  1.132E-12
  284.5000  1.236E-11  2.746E-11  3.780E-11  3.323E-11  1.844E-11
  285.5000  6.333E-11  1.303E-10  1.739E-10  1.548E-10  9.090E-11
  286.5000  1.003E-09  1.945E-09  2.536E-09  2.279E-09  1.397E-09
  287.5000  7.956E-09  1.445E-08  1.836E-08  1.667E-08  1.073E-08
  288.5000  5.673E-08  9.600E-08  1.185E-07  1.089E-07  7.383E-08
  289.5000  4.006E-07  6.445E-07  7.798E-07  7.221E-07  5.083E-07
  290.5000  1.982E-06  3.055E-06  3.634E-06  3.388E-06  2.461E-06
  291.5000  7.922E-06  1.164E-05  1.358E-05  1.276E-05  9.603E-06
  292.5000  2.301E-05  3.249E-05  3.732E-05  3.529E-05  2.735E-05
  293.5000  7.917E-05  1.077E-04  1.219E-04  1.160E-04  9.093E-05
  294.5000  1.725E-04  2.279E-04  2.550E-04  2.437E-04  1.983E-04
  295.5000  5.006E-04  6.416E-04  7.089E-04  6.809E-04  5.668E-04
  296.5000  9.844E-04  1.230E-03  1.345E-03  1.297E-03  1.100E-03
  297.5000  2.095E-03  2.559E-03  2.774E-03  2.685E-03  2.315E-03
  298.5000  2.727E-03  3.270E-03  3.518E-03  3.416E-03  2.986E-03
  299.5000  6.609E-03  7.785E-03  8.316E-03  8.098E-03  7.173E-03
  300.5000  6.602E-03  7.673E-03  8.152E-03  7.955E-03  7.117E-03
  301.5000  1.404E-02  1.608E-02  1.699E-02  1.662E-02  1.503E-02
  302.5000  1.832E-02  2.078E-02  2.164E-02  2.142E-02  1.951E-02
  303.5000  3.299E-02  3.699E-02  3.875E-02  3.803E-02  3.493E-02
  304.5000  3.725E-02  4.151E-02  4.336E-02  4.260E-02  3.932E-02
  305.5000  5.160E-02  5.694E-02  5.925E-02  5.830E-02  5.420E-02
  306.5000  5.503E-02  6.047E-02  6.281E-02  6.185E-02  5.768E-02
  307.5000  8.259E-02  9.002E-02  9.321E-02  9.191E-02  8.622E-02
  308.5000  9.392E-02  1.021E-01  1.055E-01  1.041E-01  9.790E-02
  309.5000  8.499E-02  9.186E-02  9.480E-02  9.360E-02  8.836E-02
  310.5000  1.180E-01  1.270E-01  1.309E-01  1.293E-01  1.224E-01
  311.5000  1.534E-01  1.651E-01  1.700E-01  1.680E-01  1.593E-01
  312.5000  1.533E-01  1.639E-01  1.684E-01  1.666E-01  1.585E-01
  313.5000  1.742E-01  1.868E-01  1.918E-01  1.898E-01  1.807E-01
  314.5000  1.780E-01  1.894E-01  1.942E-01  1.922E-01  1.836E-01
  315.5000  1.845E-01  1.961E-01  2.011E-01  1.991E-01  1.902E-01
  316.5000  1.863E-01  1.975E-01  2.022E-01  2.003E-01  1.918E-01
  317.5000  2.636E-01  2.794E-01  2.861E-01  2.834E-01  2.714E-01
  318.5000  2.099E-01  2.219E-01  2.270E-01  2.249E-01  2.158E-01
  319.5000  2.569E-01  2.714E-01  2.775E-01  2.750E-01  2.640E-01
  320.5000  3.135E-01  3.310E-01  3.384E-01  3.354E-01  3.221E-01
  321.5000  2.690E-01  2.833E-01  2.894E-01  2.869E-01  2.760E-01
  322.5000  2.689E-01  2.837E-01  2.899E-01  2.874E-01  2.762E-01
  323.5000  2.804E-01  2.949E-01  3.011E-01  2.986E-01  2.875E-01
  324.5000  3.291E-01  3.462E-01  3.533E-01  3.504E-01  3.375E-01
  325.5000  3.685E-01  3.877E-01  3.957E-01  3.925E-01  3.779E-01
  326.5000  4.492E-01  4.717E-01  4.812E-01  4.773E-01  4.602E-01
  327.5000  4.176E-01  4.387E-01  4.477E-01  4.440E-01  4.280E-01
  328.5000  3.857E-01  4.052E-01  4.135E-01  4.101E-01  3.953E-01
  329.5000  5.024E-01  5.270E-01  5.374E-01  5.331E-01  5.145E-01
  330.5000  4.562E-01  4.787E-01  4.882E-01  4.844E-01  4.673E-01
  331.5000  4.508E-01  4.731E-01  4.825E-01  4.787E-01  4.618E-01
  332.5000  4.453E-01  4.668E-01  4.759E-01  4.722E-01  4.559E-01
  333.5000  4.181E-01  4.385E-01  4.471E-01  4.436E-01  4.281E-01
  334.5000  4.675E-01  4.902E-01  4.997E-01  4.958E-01  4.787E-01
  335.5000  4.746E-01  4.973E-01  5.069E-01  5.030E-01  4.858E-01
  336.5000  3.710E-01  3.888E-01  3.963E-01  3.933E-01  3.798E-01
  337.5000  4.071E-01  4.267E-01  4.350E-01  4.316E-01  4.167E-01
  338.5000  4.303E-01  4.508E-01  4.594E-01  4.559E-01  4.404E-01
  339.5000  4.680E-01  4.902E-01  4.995E-01  4.957E-01  4.789E-01
  340.5000  5.003E-01  5.240E-01  5.340E-01  5.300E-01  5.120E-01
  341.5000  4.447E-01  4.656E-01  4.745E-01  4.709E-01  4.550E-01
  342.5000  4.928E-01  5.160E-01  5.257E-01  5.218E-01  5.042E-01
  343.5000  5.119E-01  5.360E-01  5.461E-01  5.420E-01  5.237E-01
  344.5000  3.588E-01  3.757E-01  3.828E-01  3.799E-01  3.671E-01
  345.5000  4.919E-01  5.149E-01  5.246E-01  5.207E-01  5.033E-01
  346.5000  4.601E-01  4.817E-01  4.908E-01  4.871E-01  4.708E-01
  347.5000  4.497E-01  4.707E-01  4.796E-01  4.760E-01  4.601E-01
  348.5000  4.944E-01  5.174E-01  5.271E-01  5.232E-01  5.057E-01
  349.5000  4.144E-01  4.337E-01  4.418E-01  4.385E-01  4.239E-01
  350.5000  5.803E-01  6.073E-01  6.186E-01  6.140E-01  5.936E-01
  351.5000  5.003E-01  5.235E-01  5.332E-01  5.293E-01  5.117E-01
  352.5000  4.513E-01  4.721E-01  4.809E-01  4.774E-01  4.615E-01
  353.5000  5.433E-01  5.684E-01  5.790E-01  5.747E-01  5.557E-01
  354.5000  5.881E-01  6.153E-01  6.266E-01  6.220E-01  6.015E-01
  355.5000  5.497E-01  5.750E-01  5.857E-01  5.813E-01  5.622E-01
  356.5000  5.102E-01  5.337E-01  5.435E-01  5.395E-01  5.218E-01
  357.5000  4.339E-01  4.539E-01  4.622E-01  4.588E-01  4.438E-01
  358.5000  3.349E-01  3.503E-01  3.567E-01  3.541E-01  3.425E-01
  359.5000  5.637E-01  5.895E-01  6.003E-01  5.959E-01  5.764E-01
  360.5000  5.226E-01  5.465E-01  5.565E-01  5.524E-01  5.344E-01
  361.5000  4.712E-01  4.927E-01  5.017E-01  4.981E-01  4.818E-01
  362.5000  5.535E-01  5.786E-01  5.892E-01  5.849E-01  5.659E-01
  363.5000  4.924E-01  5.148E-01  5.242E-01  5.204E-01  5.034E-01
  364.5000  5.372E-01  5.616E-01  5.718E-01  5.677E-01  5.492E-01
  365.5000  6.547E-01  6.844E-01  6.968E-01  6.917E-01  6.693E-01
  366.5000  6.930E-01  7.243E-01  7.375E-01  7.321E-01  7.084E-01
  367.5000  6.581E-01  6.878E-01  7.002E-01  6.952E-01  6.727E-01
  368.5000  5.782E-01  6.042E-01  6.152E-01  6.107E-01  5.910E-01
  369.5000  6.936E-01  7.248E-01  7.379E-01  7.326E-01  7.090E-01
  370.5000  6.294E-01  6.576E-01  6.695E-01  6.647E-01  6.433E-01
  371.5000  7.202E-01  7.525E-01  7.661E-01  7.606E-01  7.361E-01
  372.5000  5.321E-01  5.559E-01  5.659E-01  5.618E-01  5.438E-01
  373.5000  4.810E-01  5.025E-01  5.115E-01  5.079E-01  4.916E-01
  374.5000  5.280E-01  5.516E-01  5.615E-01  5.574E-01  5.396E-01
  375.5000  5.958E-01  6.223E-01  6.335E-01  6.290E-01  6.089E-01
  376.5000  5.950E-01  6.215E-01  6.326E-01  6.281E-01  6.081E-01
  377.5000  7.086E-01  7.401E-01  7.534E-01  7.480E-01  7.241E-01
  378.5000  7.724E-01  8.067E-01  8.211E-01  8.153E-01  7.893E-01
  379.5000  5.715E-01  5.969E-01  6.075E-01  6.032E-01  5.840E-01
  380.5000  6.874E-01  7.179E-01  7.307E-01  7.255E-01  7.025E-01
  381.5000  6.461E-01  6.746E-01  6.866E-01  6.817E-01  6.601E-01
  382.5000  4.305E-01  4.496E-01  4.575E-01  4.543E-01  4.399E-01
  383.5000  3.781E-01  3.948E-01  4.018E-01  3.989E-01  3.863E-01
  384.5000  5.675E-01  5.925E-01  6.030E-01  5.987E-01  5.798E-01
  385.5000  5.616E-01  5.863E-01  5.966E-01  5.924E-01  5.737E-01
  386.5000  5.725E-01  5.976E-01  6.082E-01  6.039E-01  5.849E-01
  387.5000  5.321E-01  5.555E-01  5.653E-01  5.613E-01  5.436E-01
  388.5000  5.334E-01  5.568E-01  5.666E-01  5.626E-01  5.450E-01
  389.5000  6.728E-01  7.022E-01  7.146E-01  7.096E-01  6.873E-01
  390.5000  6.609E-01  6.898E-01  7.019E-01  6.970E-01  6.752E-01
  391.5000  7.842E-01  8.184E-01  8.328E-01  8.269E-01  8.011E-01
  392.5000  5.882E-01  6.138E-01  6.245E-01  6.202E-01  6.008E-01
  393.5000  2.557E-01  2.669E-01  2.715E-01  2.696E-01  2.612E-01
  394.5000  6.019E-01  6.280E-01  6.390E-01  6.345E-01  6.147E-01
  395.5000  7.745E-01  8.081E-01  8.222E-01  8.165E-01  7.911E-01
  396.5000  4.548E-01  4.746E-01  4.828E-01  4.795E-01  4.646E-01
  397.5000  5.249E-01  5.477E-01  5.572E-01  5.533E-01  5.361E-01
  398.5000  9.022E-01  9.412E-01  9.575E-01  9.509E-01  9.214E-01
  399.5000  9.385E-01  9.790E-01  9.960E-01  9.891E-01  9.585E-01
  400.5000  9.868E-01  1.029E+00  1.047E+00  1.040E+00  1.008E+00
  401.5000  1.015E+00  1.059E+00  1.078E+00  1.070E+00  1.037E+00
  402.5000  1.054E+00  1.100E+00  1.119E+00  1.111E+00  1.077E+00
  403.5000  9.652E-01  1.007E+00  1.024E+00  1.017E+00  9.857E-01
  404.5000  9.468E-01  9.874E-01  1.004E+00  9.976E-01  9.668E-01
  405.5000  9.837E-01  1.026E+00  1.044E+00  1.036E+00  1.004E+00
  406.5000  9.267E-01  9.664E-01  9.830E-01  9.762E-01  9.462E-01
  407.5000  9.344E-01  9.744E-01  9.911E-01  9.843E-01  9.541E-01
  408.5000  1.041E+00  1.085E+00  1.104E+00  1.096E+00  1.063E+00
  409.5000  1.021E+00  1.064E+00  1.082E+00  1.075E+00  1.042E+00
  410.5000  8.851E-01  9.228E-01  9.386E-01  9.322E-01  9.037E-01
  411.5000  1.064E+00  1.109E+00  1.128E+00  1.121E+00  1.086E+00
  412.5000  1.055E+00  1.100E+00  1.118E+00  1.111E+00  1.077E+00
  413.5000  1.023E+00  1.067E+00  1.085E+00  1.077E+00  1.045E+00
  414.5000  1.052E+00  1.096E+00  1.115E+00  1.107E+00  1.074E+00
  415.5000  1.006E+00  1.049E+00  1.067E+00  1.059E+00  1.027E+00
  416.5000  1.095E+00  1.141E+00  1.161E+00  1.153E+00  1.118E+00
  417.5000  1.001E+00  1.044E+00  1.061E+00  1.054E+00  1.022E+00
  418.5000  1.009E+00  1.052E+00  1.070E+00  1.063E+00  1.030E+00
  419.5000  1.043E+00  1.087E+00  1.105E+00  1.098E+00  1.064E+00
------------------------------------------------------------
Dose rates, W m-2
   1 = UV-B, 280-315 nm                                  
   2 = UV-A, 315-400 nm                                  
   3 = Gaussian, 320 nm, 10 nm FWHM                      
   4 = RB Meter, model 501                               
   5 = DNA damage, in vitro (Setlow, 1974)               
   6 = UV index (WMO, 1994; Webb et al., 2011)           
   7 = Previtamin-D3 (CIE 2006)                          
values at z =      0.000 km
Columns: time, sza, weighting spectra
time, hrs.  sza, deg.          1          2          3          4          5          6          7
   11.0000     43.483  1.267E+00  4.281E+01  2.644E-01  3.687E-01  3.921E-03  6.968E+00  3.430E-01
   11.5000     41.306  1.372E+00  4.478E+01  2.792E-01  4.015E-01  4.421E-03  7.617E+00  3.770E-01
   12.0000     40.367  1.417E+00  4.562E+01  2.854E-01  4.156E-01  4.640E-03  7.896E+00  3.915E-01
   12.5000     40.751  1.399E+00  4.528E+01  2.829E-01  4.099E-01  4.552E-03  7.784E+00  3.857E-01
   13.0000     42.421  1.319E+00  4.378E+01  2.717E-01  3.848E-01  4.162E-03  7.284E+00  3.596E-01
------------------------------------------------------------
