Spectral Irradiance, W m-2 nm-1
values at z =      0.000 km
Columns: wavelength (nm), times (hrs.) or sza (deg.)
    wc, nm     11.000     11.500     12.000     12.500     13.000
    sza =      32.714     30.638     30.167     31.372     34.073
  280.5000  7.068E-17  1.527E-16  1.800E-16  1.174E-16  4.087E-17
  281.5000  3.772E-15  7.613E-15  8.842E-15  5.988E-15  2.290E-15
  282.5000  7.860E-14  1.496E-13  1.716E-13  1.200E-13  4.976E-14
  283.5000  5.121E-13  9.379E-13  1.067E-12  7.626E-13  3.331E-13
  284.5000  9.389E-12  1.604E-11  1.798E-11  1.336E-11  6.417E-12
  285.5000  5.053E-11  8.202E-11  9.094E-11  6.950E-11  3.583E-11
  286.5000  8.311E-10  1.297E-09  1.426E-09  1.114E-09  6.060E-10
  287.5000  6.877E-09  1.027E-08  1.119E-08  8.954E-09  5.173E-09
  288.5000  5.134E-08  7.311E-08  7.883E-08  6.478E-08  3.995E-08
  289.5000  3.748E-07  5.158E-07  5.522E-07  4.624E-07  2.988E-07
  290.5000  1.907E-06  2.550E-06  2.713E-06  2.308E-06  1.551E-06
  291.5000  7.867E-06  1.018E-05  1.076E-05  9.323E-06  6.551E-06
  292.5000  2.346E-05  2.957E-05  3.107E-05  2.732E-05  1.991E-05
  293.5000  8.274E-05  1.017E-04  1.063E-04  9.478E-05  7.147E-05
  294.5000  1.838E-04  2.216E-04  2.306E-04  2.079E-04  1.610E-04
  295.5000  5.449E-04  6.434E-04  6.667E-04  6.078E-04  4.843E-04
  296.5000  1.091E-03  1.266E-03  1.307E-03  1.203E-03  9.814E-04
  297.5000  2.357E-03  2.695E-03  2.773E-03  2.574E-03  2.144E-03
  298.5000  3.110E-03  3.511E-03  3.603E-03  3.368E-03  2.855E-03
  299.5000  7.634E-03  8.514E-03  8.715E-03  8.202E-03  7.067E-03
  300.5000  7.701E-03  8.511E-03  8.695E-03  8.225E-03  7.176E-03
  301.5000  1.656E-02  1.812E-02  1.847E-02  1.757E-02  1.554E-02
  302.5000  2.175E-02  2.365E-02  2.407E-02  2.298E-02  2.051E-02
  303.5000  3.950E-02  4.261E-02  4.331E-02  4.152E-02  3.744E-02
  304.5000  4.482E-02  4.813E-02  4.888E-02  4.697E-02  4.262E-02
  305.5000  6.253E-02  6.671E-02  6.764E-02  6.524E-02  5.974E-02
  306.5000  6.688E-02  7.115E-02  7.210E-02  6.966E-02  6.403E-02
  307.5000  1.009E-01  1.068E-01  1.081E-01  1.048E-01  9.701E-02
  308.5000  1.150E-01  1.214E-01  1.229E-01  1.192E-01  1.107E-01
  309.5000  1.045E-01  1.099E-01  1.111E-01  1.080E-01  1.008E-01
  310.5000  1.454E-01  1.525E-01  1.541E-01  1.500E-01  1.405E-01
  311.5000  1.897E-01  1.987E-01  2.007E-01  1.956E-01  1.836E-01
  312.5000  1.898E-01  1.982E-01  2.000E-01  1.952E-01  1.841E-01
  313.5000  2.165E-01  2.260E-01  2.281E-01  2.227E-01  2.102E-01
  314.5000  2.209E-01  2.300E-01  2.320E-01  2.268E-01  2.148E-01
  315.5000  2.290E-01  2.383E-01  2.403E-01  2.351E-01  2.228E-01
  316.5000  2.317E-01  2.406E-01  2.426E-01  2.375E-01  2.257E-01
  317.5000  3.278E-01  3.403E-01  3.431E-01  3.360E-01  3.193E-01
  318.5000  2.615E-01  2.710E-01  2.731E-01  2.677E-01  2.551E-01
  319.5000  3.200E-01  3.315E-01  3.340E-01  3.275E-01  3.122E-01
  320.5000  3.907E-01  4.045E-01  4.075E-01  3.997E-01  3.813E-01
  321.5000  3.358E-01  3.471E-01  3.496E-01  3.432E-01  3.281E-01
  322.5000  3.350E-01  3.467E-01  3.493E-01  3.427E-01  3.271E-01
  323.5000  3.501E-01  3.616E-01  3.641E-01  3.576E-01  3.423E-01
  324.5000  4.107E-01  4.242E-01  4.271E-01  4.195E-01  4.015E-01
  325.5000  4.596E-01  4.747E-01  4.781E-01  4.695E-01  4.492E-01
  326.5000  5.610E-01  5.788E-01  5.826E-01  5.726E-01  5.489E-01
  327.5000  5.207E-01  5.378E-01  5.414E-01  5.314E-01  5.097E-01
  328.5000  4.812E-01  4.966E-01  5.000E-01  4.912E-01  4.707E-01
  329.5000  6.273E-01  6.467E-01  6.510E-01  6.400E-01  6.141E-01
  330.5000  5.691E-01  5.869E-01  5.907E-01  5.808E-01  5.570E-01
  331.5000  5.621E-01  5.797E-01  5.836E-01  5.736E-01  5.502E-01
  332.5000  5.556E-01  5.726E-01  5.763E-01  5.667E-01  5.441E-01
  333.5000  5.213E-01  5.373E-01  5.409E-01  5.318E-01  5.104E-01
  334.5000  5.829E-01  6.007E-01  6.046E-01  5.945E-01  5.708E-01
  335.5000  5.918E-01  6.096E-01  6.135E-01  6.034E-01  5.796E-01
  336.5000  4.624E-01  4.764E-01  4.794E-01  4.715E-01  4.529E-01
  337.5000  5.070E-01  5.224E-01  5.258E-01  5.171E-01  4.965E-01
  338.5000  5.360E-01  5.521E-01  5.556E-01  5.465E-01  5.251E-01
  339.5000  5.828E-01  6.002E-01  6.040E-01  5.942E-01  5.709E-01
  340.5000  6.227E-01  6.413E-01  6.454E-01  6.349E-01  6.100E-01
  341.5000  5.534E-01  5.699E-01  5.735E-01  5.642E-01  5.422E-01
  342.5000  6.131E-01  6.313E-01  6.353E-01  6.250E-01  6.008E-01
  343.5000  6.367E-01  6.555E-01  6.597E-01  6.490E-01  6.238E-01
  344.5000  4.461E-01  4.593E-01  4.622E-01  4.547E-01  4.371E-01
  345.5000  6.115E-01  6.295E-01  6.335E-01  6.233E-01  5.993E-01
  346.5000  5.718E-01  5.886E-01  5.923E-01  5.828E-01  5.603E-01
  347.5000  5.586E-01  5.751E-01  5.787E-01  5.694E-01  5.474E-01
  348.5000  6.140E-01  6.320E-01  6.359E-01  6.258E-01  6.017E-01
  349.5000  5.145E-01  5.295E-01  5.328E-01  5.243E-01  5.042E-01
  350.5000  7.203E-01  7.413E-01  7.459E-01  7.340E-01  7.059E-01
  351.5000  6.207E-01  6.388E-01  6.428E-01  6.325E-01  6.083E-01
  352.5000  5.597E-01  5.760E-01  5.796E-01  5.704E-01  5.486E-01
  353.5000  6.737E-01  6.933E-01  6.976E-01  6.865E-01  6.604E-01
  354.5000  7.291E-01  7.502E-01  7.549E-01  7.429E-01  7.147E-01
  355.5000  6.813E-01  7.010E-01  7.053E-01  6.942E-01  6.678E-01
  356.5000  6.321E-01  6.504E-01  6.544E-01  6.441E-01  6.197E-01
  357.5000  5.375E-01  5.530E-01  5.564E-01  5.476E-01  5.269E-01
  358.5000  4.147E-01  4.266E-01  4.292E-01  4.225E-01  4.065E-01
  359.5000  6.978E-01  7.179E-01  7.223E-01  7.109E-01  6.841E-01
  360.5000  6.467E-01  6.653E-01  6.693E-01  6.588E-01  6.340E-01
  361.5000  5.830E-01  5.997E-01  6.033E-01  5.939E-01  5.716E-01
  362.5000  6.845E-01  7.041E-01  7.084E-01  6.973E-01  6.711E-01
  363.5000  6.088E-01  6.262E-01  6.300E-01  6.202E-01  5.969E-01
  364.5000  6.640E-01  6.830E-01  6.871E-01  6.764E-01  6.511E-01
  365.5000  8.090E-01  8.320E-01  8.371E-01  8.241E-01  7.933E-01
  366.5000  8.561E-01  8.804E-01  8.857E-01  8.720E-01  8.395E-01
  367.5000  8.127E-01  8.358E-01  8.408E-01  8.278E-01  7.970E-01
  368.5000  7.138E-01  7.341E-01  7.385E-01  7.271E-01  7.000E-01
  369.5000  8.561E-01  8.803E-01  8.857E-01  8.720E-01  8.396E-01
  370.5000  7.766E-01  7.986E-01  8.034E-01  7.910E-01  7.616E-01
  371.5000  8.885E-01  9.136E-01  9.190E-01  9.049E-01  8.714E-01
  372.5000  6.562E-01  6.747E-01  6.787E-01  6.683E-01  6.436E-01
  373.5000  5.930E-01  6.097E-01  6.134E-01  6.040E-01  5.817E-01
  374.5000  6.508E-01  6.691E-01  6.731E-01  6.628E-01  6.383E-01
  375.5000  7.342E-01  7.548E-01  7.593E-01  7.476E-01  7.201E-01
  376.5000  7.330E-01  7.536E-01  7.581E-01  7.465E-01  7.190E-01
  377.5000  8.728E-01  8.972E-01  9.025E-01  8.887E-01  8.561E-01
  378.5000  9.511E-01  9.777E-01  9.835E-01  9.685E-01  9.330E-01
  379.5000  7.036E-01  7.232E-01  7.275E-01  7.164E-01  6.902E-01
  380.5000  8.461E-01  8.696E-01  8.748E-01  8.615E-01  8.300E-01
  381.5000  7.949E-01  8.170E-01  8.219E-01  8.094E-01  7.798E-01
  382.5000  5.296E-01  5.443E-01  5.476E-01  5.392E-01  5.196E-01
  383.5000  4.650E-01  4.779E-01  4.807E-01  4.734E-01  4.562E-01
  384.5000  6.978E-01  7.171E-01  7.213E-01  7.104E-01  6.846E-01
  385.5000  6.903E-01  7.094E-01  7.135E-01  7.027E-01  6.772E-01
  386.5000  7.035E-01  7.230E-01  7.272E-01  7.162E-01  6.903E-01
  387.5000  6.538E-01  6.718E-01  6.758E-01  6.656E-01  6.415E-01
  388.5000  6.552E-01  6.733E-01  6.772E-01  6.670E-01  6.429E-01
  389.5000  8.262E-01  8.489E-01  8.539E-01  8.411E-01  8.107E-01
  390.5000  8.114E-01  8.337E-01  8.386E-01  8.260E-01  7.962E-01
  391.5000  9.626E-01  9.890E-01  9.948E-01  9.798E-01  9.445E-01
  392.5000  7.218E-01  7.415E-01  7.459E-01  7.347E-01  7.082E-01
  393.5000  3.138E-01  3.223E-01  3.242E-01  3.194E-01  3.079E-01
  394.5000  7.382E-01  7.584E-01  7.628E-01  7.514E-01  7.244E-01
  395.5000  9.498E-01  9.757E-01  9.814E-01  9.667E-01  9.321E-01
  396.5000  5.577E-01  5.729E-01  5.762E-01  5.676E-01  5.473E-01
  397.5000  6.434E-01  6.610E-01  6.648E-01  6.549E-01  6.315E-01
  398.5000  1.106E+00  1.136E+00  1.142E+00  1.125E+00  1.085E+00
  399.5000  1.150E+00  1.181E+00  1.188E+00  1.170E+00  1.129E+00
  400.5000  1.209E+00  1.242E+00  1.249E+00  1.230E+00  1.186E+00
  401.5000  1.244E+00  1.277E+00  1.285E+00  1.266E+00  1.221E+00
  402.5000  1.291E+00  1.326E+00  1.334E+00  1.314E+00  1.267E+00
  403.5000  1.182E+00  1.214E+00  1.221E+00  1.202E+00  1.160E+00
  404.5000  1.159E+00  1.190E+00  1.197E+00  1.179E+00  1.137E+00
  405.5000  1.204E+00  1.236E+00  1.243E+00  1.225E+00  1.182E+00
  406.5000  1.134E+00  1.164E+00  1.171E+00  1.154E+00  1.113E+00
  407.5000  1.143E+00  1.174E+00  1.180E+00  1.163E+00  1.122E+00
  408.5000  1.273E+00  1.307E+00  1.315E+00  1.295E+00  1.249E+00
  409.5000  1.248E+00  1.281E+00  1.289E+00  1.270E+00  1.225E+00
  410.5000  1.082E+00  1.111E+00  1.117E+00  1.101E+00  1.062E+00
  411.5000  1.300E+00  1.335E+00  1.343E+00  1.323E+00  1.277E+00
  412.5000  1.289E+00  1.323E+00  1.331E+00  1.311E+00  1.265E+00
  413.5000  1.250E+00  1.283E+00  1.291E+00  1.272E+00  1.227E+00
  414.5000  1.285E+00  1.319E+00  1.326E+00  1.307E+00  1.261E+00
  415.5000  1.229E+00  1.261E+00  1.269E+00  1.250E+00  1.206E+00
  416.5000  1.337E+00  1.373E+00  1.381E+00  1.360E+00  1.313E+00
  417.5000  1.222E+00  1.255E+00  1.262E+00  1.244E+00  1.200E+00
  418.5000  1.232E+00  1.265E+00  1.272E+00  1.253E+00  1.209E+00
  419.5000  1.272E+00  1.306E+00  1.314E+00  1.295E+00  1.249E+00
------------------------------------------------------------
Dose rates, W m-2
   1 = UV-B, 280-315 nm                                  
   2 = UV-A, 315-400 nm                                  
   3 = Gaussian, 320 nm, 10 nm FWHM                      
   4 = RB Meter, model 501                               
   5 = DNA damage, in vitro (Setlow, 1974)               
   6 = UV index (WMO, 1994; Webb et al., 2011)           
   7 = Previtamin-D3 (CIE 2006)                          
values at z =      0.000 km
Columns: time, sza, weighting spectra
time, hrs.  sza, deg.          1          2          3          4          5          6          7
   11.0000     32.714  1.558E+00  5.293E+01  3.294E-01  4.509E-01  4.682E-03  8.488E+00  4.169E-01
   11.5000     30.638  1.639E+00  5.448E+01  3.411E-01  4.764E-01  5.062E-03  8.990E+00  4.433E-01
   12.0000     30.167  1.658E+00  5.481E+01  3.437E-01  4.821E-01  5.148E-03  9.103E+00  4.492E-01
   12.5000     31.372  1.611E+00  5.394E+01  3.370E-01  4.675E-01  4.928E-03  8.814E+00  4.340E-01
   13.0000     34.073  1.503E+00  5.188E+01  3.215E-01  4.338E-01  4.434E-03  8.154E+00  3.993E-01
------------------------------------------------------------
