Spectral Irradiance, W m-2 nm-1
values at z =      0.000 km
Columns: wavelength (nm), times (hrs.) or sza (deg.)
    wc, nm     11.000     11.500     12.000     12.500     13.000
    sza =      22.031     17.978     16.502     18.241     22.462
  280.5000  1.121E-13  2.277E-13  2.828E-13  2.186E-13  1.029E-13
  281.5000  3.068E-12  5.858E-12  7.137E-12  5.643E-12  2.838E-12
  282.5000  3.602E-11  6.519E-11  7.815E-11  6.299E-11  3.353E-11
  283.5000  1.616E-10  2.826E-10  3.352E-10  2.736E-10  1.511E-10
  284.5000  1.503E-09  2.467E-09  2.870E-09  2.397E-09  1.416E-09
  285.5000  4.896E-09  7.668E-09  8.796E-09  7.472E-09  4.637E-09
  286.5000  5.472E-08  8.269E-08  9.382E-08  8.074E-08  5.205E-08
  287.5000  2.951E-07  4.284E-07  4.802E-07  4.193E-07  2.820E-07
  288.5000  1.383E-06  1.923E-06  2.127E-06  1.887E-06  1.329E-06
  289.5000  7.236E-06  9.754E-06  1.069E-05  9.587E-06  6.979E-06
  290.5000  2.781E-05  3.653E-05  3.970E-05  3.595E-05  2.691E-05
  291.5000  8.354E-05  1.065E-04  1.148E-04  1.050E-04  8.113E-05
  292.5000  1.921E-04  2.391E-04  2.557E-04  2.361E-04  1.871E-04
  293.5000  5.304E-04  6.453E-04  6.853E-04  6.380E-04  5.180E-04
  294.5000  9.728E-04  1.163E-03  1.228E-03  1.151E-03  9.520E-04
  295.5000  2.352E-03  2.759E-03  2.897E-03  2.733E-03  2.308E-03
  296.5000  3.976E-03  4.590E-03  4.797E-03  4.552E-03  3.908E-03
  297.5000  7.409E-03  8.436E-03  8.778E-03  8.373E-03  7.294E-03
  298.5000  8.627E-03  9.709E-03  1.007E-02  9.643E-03  8.505E-03
  299.5000  1.882E-02  2.094E-02  2.164E-02  2.081E-02  1.857E-02
  300.5000  1.734E-02  1.914E-02  1.973E-02  1.903E-02  1.714E-02
  301.5000  3.381E-02  3.698E-02  3.801E-02  3.678E-02  3.344E-02
  302.5000  4.165E-02  4.528E-02  4.646E-02  4.506E-02  4.123E-02
  303.5000  7.010E-02  7.567E-02  7.748E-02  7.534E-02  6.945E-02
  304.5000  7.612E-02  8.184E-02  8.369E-02  8.150E-02  7.546E-02
  305.5000  9.951E-02  1.063E-01  1.085E-01  1.059E-01  9.872E-02
  306.5000  1.035E-01  1.103E-01  1.125E-01  1.099E-01  1.027E-01
  307.5000  1.481E-01  1.570E-01  1.599E-01  1.565E-01  1.470E-01
  308.5000  1.653E-01  1.749E-01  1.780E-01  1.743E-01  1.641E-01
  309.5000  1.449E-01  1.528E-01  1.554E-01  1.524E-01  1.439E-01
  310.5000  1.965E-01  2.068E-01  2.101E-01  2.062E-01  1.953E-01
  311.5000  2.523E-01  2.651E-01  2.674E-01  2.643E-01  2.508E-01
  312.5000  2.450E-01  2.567E-01  2.604E-01  2.560E-01  2.436E-01
  313.5000  2.775E-01  2.906E-01  2.947E-01  2.898E-01  2.760E-01
  314.5000  2.761E-01  2.884E-01  2.923E-01  2.877E-01  2.747E-01
  315.5000  2.849E-01  2.975E-01  3.015E-01  2.967E-01  2.835E-01
  316.5000  2.827E-01  2.946E-01  2.984E-01  2.939E-01  2.813E-01
  317.5000  3.991E-01  4.165E-01  4.219E-01  4.155E-01  3.978E-01
  318.5000  3.133E-01  3.259E-01  3.299E-01  3.251E-01  3.118E-01
  319.5000  3.819E-01  3.971E-01  4.019E-01  3.962E-01  3.801E-01
  320.5000  4.642E-01  4.824E-01  4.883E-01  4.814E-01  4.620E-01
  321.5000  3.925E-01  4.074E-01  4.121E-01  4.065E-01  3.908E-01
  322.5000  3.963E-01  4.118E-01  4.166E-01  4.108E-01  3.945E-01
  323.5000  4.061E-01  4.211E-01  4.258E-01  4.202E-01  4.043E-01
  324.5000  4.754E-01  4.942E-01  4.998E-01  4.931E-01  4.745E-01
  325.5000  5.345E-01  5.543E-01  5.606E-01  5.531E-01  5.321E-01
  326.5000  6.437E-01  6.669E-01  6.742E-01  6.655E-01  6.411E-01
  327.5000  6.004E-01  6.221E-01  6.289E-01  6.208E-01  5.978E-01
  328.5000  5.542E-01  5.742E-01  5.805E-01  5.730E-01  5.518E-01
  329.5000  7.153E-01  7.404E-01  7.484E-01  7.389E-01  7.123E-01
  330.5000  6.513E-01  6.744E-01  6.817E-01  6.730E-01  6.486E-01
  331.5000  6.438E-01  6.665E-01  6.738E-01  6.652E-01  6.410E-01
  332.5000  6.317E-01  6.537E-01  6.606E-01  6.523E-01  6.291E-01
  333.5000  5.943E-01  6.151E-01  6.216E-01  6.138E-01  5.918E-01
  334.5000  6.633E-01  6.864E-01  6.937E-01  6.850E-01  6.606E-01
  335.5000  6.711E-01  6.941E-01  7.014E-01  6.927E-01  6.683E-01
  336.5000  5.248E-01  5.428E-01  5.485E-01  5.417E-01  5.226E-01
  337.5000  5.766E-01  5.965E-01  6.028E-01  5.953E-01  5.742E-01
  338.5000  6.073E-01  6.280E-01  6.346E-01  6.268E-01  6.048E-01
  339.5000  6.598E-01  6.823E-01  6.894E-01  6.809E-01  6.572E-01
  340.5000  7.057E-01  7.298E-01  7.374E-01  7.283E-01  7.029E-01
  341.5000  6.260E-01  6.472E-01  6.539E-01  6.459E-01  6.235E-01
  342.5000  6.932E-01  7.166E-01  7.240E-01  7.152E-01  6.904E-01
  343.5000  7.200E-01  7.443E-01  7.520E-01  7.429E-01  7.171E-01
  344.5000  5.047E-01  5.217E-01  5.271E-01  5.207E-01  5.027E-01
  345.5000  6.906E-01  7.138E-01  7.211E-01  7.124E-01  6.878E-01
  346.5000  6.462E-01  6.679E-01  6.748E-01  6.666E-01  6.436E-01
  347.5000  6.311E-01  6.523E-01  6.590E-01  6.510E-01  6.286E-01
  348.5000  6.933E-01  7.164E-01  7.238E-01  7.151E-01  6.905E-01
  349.5000  5.808E-01  6.002E-01  6.063E-01  5.990E-01  5.785E-01
  350.5000  8.129E-01  8.400E-01  8.485E-01  8.384E-01  8.097E-01
  351.5000  7.004E-01  7.238E-01  7.311E-01  7.224E-01  6.977E-01
  352.5000  6.314E-01  6.524E-01  6.590E-01  6.512E-01  6.290E-01
  353.5000  7.598E-01  7.849E-01  7.929E-01  7.834E-01  7.568E-01
  354.5000  8.219E-01  8.491E-01  8.577E-01  8.475E-01  8.187E-01
  355.5000  7.679E-01  7.932E-01  8.012E-01  7.917E-01  7.648E-01
  356.5000  7.123E-01  7.358E-01  7.432E-01  7.344E-01  7.095E-01
  357.5000  6.055E-01  6.255E-01  6.318E-01  6.243E-01  6.032E-01
  358.5000  4.671E-01  4.824E-01  4.873E-01  4.815E-01  4.653E-01
  359.5000  7.858E-01  8.116E-01  8.197E-01  8.101E-01  7.828E-01
  360.5000  7.281E-01  7.520E-01  7.595E-01  7.506E-01  7.253E-01
  361.5000  6.562E-01  6.777E-01  6.844E-01  6.764E-01  6.537E-01
  362.5000  7.703E-01  7.955E-01  8.034E-01  7.940E-01  7.674E-01
  363.5000  6.850E-01  7.073E-01  7.144E-01  7.060E-01  6.824E-01
  364.5000  7.470E-01  7.713E-01  7.790E-01  7.699E-01  7.442E-01
  365.5000  9.100E-01  9.395E-01  9.489E-01  9.378E-01  9.065E-01
  366.5000  9.627E-01  9.940E-01  1.004E+00  9.921E-01  9.590E-01
  367.5000  9.138E-01  9.434E-01  9.527E-01  9.416E-01  9.103E-01
  368.5000  8.025E-01  8.284E-01  8.366E-01  8.269E-01  7.994E-01
  369.5000  9.622E-01  9.933E-01  1.003E+00  9.915E-01  9.586E-01
  370.5000  8.727E-01  9.009E-01  9.098E-01  8.992E-01  8.694E-01
  371.5000  9.983E-01  1.030E+00  1.041E+00  1.028E+00  9.945E-01
  372.5000  7.372E-01  7.608E-01  7.683E-01  7.594E-01  7.343E-01
  373.5000  6.661E-01  6.875E-01  6.942E-01  6.862E-01  6.636E-01
  374.5000  7.308E-01  7.543E-01  7.617E-01  7.529E-01  7.281E-01
  375.5000  8.243E-01  8.507E-01  8.590E-01  8.491E-01  8.212E-01
  376.5000  8.229E-01  8.492E-01  8.575E-01  8.476E-01  8.198E-01
  377.5000  9.796E-01  1.011E+00  1.021E+00  1.009E+00  9.759E-01
  378.5000  1.067E+00  1.101E+00  1.112E+00  1.099E+00  1.063E+00
  379.5000  7.895E-01  8.146E-01  8.225E-01  8.131E-01  7.865E-01
  380.5000  9.492E-01  9.793E-01  9.889E-01  9.775E-01  9.456E-01
  381.5000  8.917E-01  9.200E-01  9.289E-01  9.183E-01  8.883E-01
  382.5000  5.940E-01  6.128E-01  6.188E-01  6.117E-01  5.917E-01
  383.5000  5.214E-01  5.379E-01  5.432E-01  5.370E-01  5.195E-01
  384.5000  7.823E-01  8.070E-01  8.149E-01  8.056E-01  7.794E-01
  385.5000  7.738E-01  7.982E-01  8.059E-01  7.968E-01  7.709E-01
  386.5000  7.886E-01  8.134E-01  8.213E-01  8.119E-01  7.856E-01
  387.5000  7.327E-01  7.557E-01  7.630E-01  7.544E-01  7.299E-01
  388.5000  7.342E-01  7.573E-01  7.646E-01  7.559E-01  7.314E-01
  389.5000  9.256E-01  9.547E-01  9.639E-01  9.530E-01  9.222E-01
  390.5000  9.090E-01  9.375E-01  9.465E-01  9.358E-01  9.056E-01
  391.5000  1.078E+00  1.112E+00  1.123E+00  1.110E+00  1.074E+00
  392.5000  8.083E-01  8.335E-01  8.415E-01  8.320E-01  8.052E-01
  393.5000  3.513E-01  3.623E-01  3.658E-01  3.616E-01  3.500E-01
  394.5000  8.265E-01  8.523E-01  8.604E-01  8.507E-01  8.234E-01
  395.5000  1.063E+00  1.096E+00  1.107E+00  1.094E+00  1.059E+00
  396.5000  6.241E-01  6.436E-01  6.497E-01  6.424E-01  6.218E-01
  397.5000  7.201E-01  7.425E-01  7.495E-01  7.411E-01  7.174E-01
  398.5000  1.237E+00  1.275E+00  1.288E+00  1.273E+00  1.232E+00
  399.5000  1.286E+00  1.326E+00  1.339E+00  1.324E+00  1.282E+00
  400.5000  1.352E+00  1.394E+00  1.407E+00  1.392E+00  1.347E+00
  401.5000  1.391E+00  1.434E+00  1.448E+00  1.431E+00  1.386E+00
  402.5000  1.444E+00  1.488E+00  1.502E+00  1.486E+00  1.438E+00
  403.5000  1.321E+00  1.362E+00  1.375E+00  1.360E+00  1.316E+00
  404.5000  1.296E+00  1.336E+00  1.348E+00  1.333E+00  1.291E+00
  405.5000  1.346E+00  1.387E+00  1.400E+00  1.385E+00  1.341E+00
  406.5000  1.267E+00  1.306E+00  1.319E+00  1.304E+00  1.263E+00
  407.5000  1.277E+00  1.317E+00  1.329E+00  1.314E+00  1.273E+00
  408.5000  1.422E+00  1.466E+00  1.480E+00  1.463E+00  1.417E+00
  409.5000  1.394E+00  1.437E+00  1.450E+00  1.434E+00  1.389E+00
  410.5000  1.209E+00  1.246E+00  1.258E+00  1.244E+00  1.204E+00
  411.5000  1.453E+00  1.497E+00  1.511E+00  1.494E+00  1.447E+00
  412.5000  1.440E+00  1.484E+00  1.497E+00  1.481E+00  1.434E+00
  413.5000  1.396E+00  1.439E+00  1.452E+00  1.436E+00  1.391E+00
  414.5000  1.435E+00  1.478E+00  1.492E+00  1.476E+00  1.429E+00
  415.5000  1.372E+00  1.414E+00  1.427E+00  1.411E+00  1.367E+00
  416.5000  1.493E+00  1.538E+00  1.553E+00  1.536E+00  1.487E+00
  417.5000  1.365E+00  1.406E+00  1.419E+00  1.404E+00  1.360E+00
  418.5000  1.375E+00  1.417E+00  1.430E+00  1.414E+00  1.370E+00
  419.5000  1.420E+00  1.463E+00  1.477E+00  1.461E+00  1.415E+00
------------------------------------------------------------
Dose rates, W m-2
   1 = UV-B, 280-315 nm                                  
   2 = UV-A, 315-400 nm                                  
   3 = Gaussian, 320 nm, 10 nm FWHM                      
   4 = RB Meter, model 501                               
   5 = DNA damage, in vitro (Setlow, 1974)               
   6 = UV index (WMO, 1994; Webb et al., 2011)           
   7 = Previtamin-D3 (CIE 2006)                          
values at z =      0.000 km
Columns: time, sza, weighting spectra
time, hrs.  sza, deg.          1          2          3          4          5          6          7
   11.0000     22.031  2.191E+00  5.985E+01  3.917E-01  6.662E-01  8.926E-03  1.300E+01  6.539E-01
   11.5000     17.978  2.317E+00  6.184E+01  4.074E-01  7.087E-01  9.763E-03  1.390E+01  6.994E-01
   12.0000     16.502  2.355E+00  6.246E+01  4.122E-01  7.221E-01  1.004E-02  1.418E+01  7.138E-01
   12.5000     18.241  2.309E+00  6.172E+01  4.064E-01  7.061E-01  9.712E-03  1.384E+01  6.966E-01
   13.0000     22.462  2.176E+00  5.962E+01  3.900E-01  6.613E-01  8.831E-03  1.290E+01  6.486E-01
------------------------------------------------------------
