Spectral Irradiance, W m-2 nm-1
values at z =      0.000 km
Columns: wavelength (nm), times (hrs.) or sza (deg.)
    wc, nm     11.000     11.500     12.000     12.500     13.000
    sza =      30.132     27.530     26.770     28.004     30.994
  280.5000  2.730E-14  5.592E-14  6.778E-14  4.941E-14  2.108E-14
  281.5000  8.431E-13  1.621E-12  1.932E-12  1.448E-12  6.661E-13
  282.5000  1.098E-11  2.000E-11  2.349E-11  1.803E-11  8.845E-12
  283.5000  5.270E-11  9.268E-11  1.078E-10  8.408E-11  4.300E-11
  284.5000  5.538E-10  9.138E-10  1.045E-09  8.382E-10  4.626E-10
  285.5000  1.976E-09  3.108E-09  3.510E-09  2.874E-09  1.678E-09
  286.5000  2.368E-08  3.592E-08  4.017E-08  3.343E-08  2.038E-08
  287.5000  1.379E-07  2.010E-07  2.223E-07  1.883E-07  1.205E-07
  288.5000  7.033E-07  9.805E-07  1.072E-06  9.259E-07  6.239E-07
  289.5000  3.907E-06  5.279E-06  5.723E-06  5.012E-06  3.506E-06
  290.5000  1.580E-05  2.079E-05  2.238E-05  1.982E-05  1.431E-05
  291.5000  5.025E-05  6.417E-05  6.853E-05  6.152E-05  4.602E-05
  292.5000  1.211E-04  1.509E-04  1.601E-04  1.452E-04  1.119E-04
  293.5000  3.494E-04  4.255E-04  4.486E-04  4.112E-04  3.255E-04
  294.5000  6.633E-04  7.932E-04  8.323E-04  7.691E-04  6.220E-04
  295.5000  1.664E-03  1.952E-03  2.038E-03  1.899E-03  1.571E-03
  296.5000  2.899E-03  3.347E-03  3.445E-03  3.265E-03  2.753E-03
  297.5000  5.548E-03  6.317E-03  6.542E-03  6.177E-03  5.295E-03
  298.5000  6.607E-03  7.434E-03  7.675E-03  7.284E-03  6.332E-03
  299.5000  1.472E-02  1.638E-02  1.686E-02  1.608E-02  1.416E-02
  300.5000  1.379E-02  1.521E-02  1.562E-02  1.496E-02  1.331E-02
  301.5000  2.735E-02  2.990E-02  3.063E-02  2.944E-02  2.649E-02
  302.5000  3.408E-02  3.704E-02  3.788E-02  3.651E-02  3.308E-02
  303.5000  5.815E-02  6.274E-02  6.404E-02  6.192E-02  5.658E-02
  304.5000  6.365E-02  6.839E-02  6.973E-02  6.754E-02  6.202E-02
  305.5000  8.417E-02  8.990E-02  9.151E-02  8.888E-02  8.221E-02
  306.5000  8.798E-02  9.372E-02  9.533E-02  9.270E-02  8.549E-02
  307.5000  1.271E-01  1.347E-01  1.368E-01  1.333E-01  1.245E-01
  308.5000  1.424E-01  1.506E-01  1.529E-01  1.492E-01  1.396E-01
  309.5000  1.256E-01  1.324E-01  1.344E-01  1.312E-01  1.233E-01
  310.5000  1.700E-01  1.801E-01  1.825E-01  1.785E-01  1.682E-01
  311.5000  2.205E-01  2.315E-01  2.346E-01  2.295E-01  2.167E-01
  312.5000  2.152E-01  2.254E-01  2.282E-01  2.236E-01  2.117E-01
  313.5000  2.442E-01  2.555E-01  2.586E-01  2.535E-01  2.403E-01
  314.5000  2.441E-01  2.548E-01  2.577E-01  2.529E-01  2.404E-01
  315.5000  2.521E-01  2.630E-01  2.661E-01  2.611E-01  2.483E-01
  316.5000  2.510E-01  2.614E-01  2.643E-01  2.596E-01  2.474E-01
  317.5000  3.550E-01  3.696E-01  3.737E-01  3.671E-01  3.499E-01
  318.5000  2.791E-01  2.901E-01  2.932E-01  2.882E-01  2.753E-01
  319.5000  3.405E-01  3.538E-01  3.575E-01  3.501E-01  3.359E-01
  320.5000  4.143E-01  4.302E-01  4.347E-01  4.274E-01  4.087E-01
  321.5000  3.514E-01  3.644E-01  3.680E-01  3.621E-01  3.468E-01
  322.5000  3.541E-01  3.676E-01  3.713E-01  3.652E-01  3.494E-01
  323.5000  3.640E-01  3.772E-01  3.809E-01  3.749E-01  3.595E-01
  324.5000  4.273E-01  4.427E-01  4.470E-01  4.400E-01  4.219E-01
  325.5000  4.791E-01  4.965E-01  5.013E-01  4.934E-01  4.730E-01
  326.5000  5.785E-01  5.987E-01  6.043E-01  5.951E-01  5.714E-01
  327.5000  5.391E-01  5.582E-01  5.635E-01  5.548E-01  5.325E-01
  328.5000  4.977E-01  5.153E-01  5.202E-01  5.122E-01  4.916E-01
  329.5000  6.436E-01  6.657E-01  6.719E-01  6.618E-01  6.359E-01
  330.5000  5.858E-01  6.061E-01  6.116E-01  6.025E-01  5.787E-01
  331.5000  5.790E-01  5.990E-01  6.046E-01  5.955E-01  5.720E-01
  332.5000  5.689E-01  5.882E-01  5.936E-01  5.848E-01  5.622E-01
  333.5000  5.350E-01  5.533E-01  5.584E-01  5.501E-01  5.287E-01
  334.5000  5.974E-01  6.177E-01  6.233E-01  6.141E-01  5.904E-01
  335.5000  6.048E-01  6.251E-01  6.308E-01  6.215E-01  5.978E-01
  336.5000  4.730E-01  4.888E-01  4.933E-01  4.860E-01  4.674E-01
  337.5000  5.195E-01  5.371E-01  5.419E-01  5.340E-01  5.134E-01
  338.5000  5.476E-01  5.659E-01  5.710E-01  5.627E-01  5.413E-01
  339.5000  5.951E-01  6.149E-01  6.204E-01  6.114E-01  5.882E-01
  340.5000  6.365E-01  6.577E-01  6.636E-01  6.540E-01  6.291E-01
  341.5000  5.649E-01  5.835E-01  5.887E-01  5.802E-01  5.583E-01
  342.5000  6.256E-01  6.462E-01  6.519E-01  6.426E-01  6.184E-01
  343.5000  6.499E-01  6.713E-01  6.772E-01  6.675E-01  6.424E-01
  344.5000  4.555E-01  4.706E-01  4.747E-01  4.679E-01  4.503E-01
  345.5000  6.236E-01  6.440E-01  6.497E-01  6.404E-01  6.165E-01
  346.5000  5.835E-01  6.026E-01  6.080E-01  5.993E-01  5.768E-01
  347.5000  5.700E-01  5.887E-01  5.938E-01  5.854E-01  5.635E-01
  348.5000  6.262E-01  6.467E-01  6.524E-01  6.431E-01  6.191E-01
  349.5000  5.247E-01  5.418E-01  5.466E-01  5.388E-01  5.188E-01
  350.5000  7.345E-01  7.584E-01  7.650E-01  7.542E-01  7.262E-01
  351.5000  6.330E-01  6.536E-01  6.593E-01  6.499E-01  6.258E-01
  352.5000  5.707E-01  5.892E-01  5.944E-01  5.860E-01  5.643E-01
  353.5000  6.868E-01  7.090E-01  7.152E-01  7.051E-01  6.791E-01
  354.5000  7.431E-01  7.671E-01  7.738E-01  7.629E-01  7.347E-01
  355.5000  6.943E-01  7.167E-01  7.229E-01  7.128E-01  6.865E-01
  356.5000  6.442E-01  6.650E-01  6.707E-01  6.613E-01  6.370E-01
  357.5000  5.477E-01  5.653E-01  5.702E-01  5.622E-01  5.416E-01
  358.5000  4.226E-01  4.361E-01  4.399E-01  4.337E-01  4.178E-01
  359.5000  7.110E-01  7.338E-01  7.401E-01  7.298E-01  7.030E-01
  360.5000  6.589E-01  6.800E-01  6.858E-01  6.762E-01  6.515E-01
  361.5000  5.939E-01  6.129E-01  6.181E-01  6.095E-01  5.873E-01
  362.5000  6.973E-01  7.195E-01  7.256E-01  7.156E-01  6.895E-01
  363.5000  6.201E-01  6.399E-01  6.453E-01  6.364E-01  6.132E-01
  364.5000  6.764E-01  6.978E-01  7.038E-01  6.940E-01  6.688E-01
  365.5000  8.240E-01  8.501E-01  8.574E-01  8.455E-01  8.149E-01
  366.5000  8.719E-01  8.995E-01  9.071E-01  8.946E-01  8.622E-01
  367.5000  8.276E-01  8.538E-01  8.610E-01  8.492E-01  8.185E-01
  368.5000  7.269E-01  7.498E-01  7.562E-01  7.458E-01  7.189E-01
  369.5000  8.717E-01  8.992E-01  9.068E-01  8.944E-01  8.621E-01
  370.5000  7.908E-01  8.156E-01  8.225E-01  8.112E-01  7.821E-01
  371.5000  9.046E-01  9.330E-01  9.409E-01  9.280E-01  8.947E-01
  372.5000  6.681E-01  6.890E-01  6.948E-01  6.853E-01  6.607E-01
  373.5000  6.037E-01  6.227E-01  6.279E-01  6.193E-01  5.971E-01
  374.5000  6.625E-01  6.832E-01  6.890E-01  6.796E-01  6.553E-01
  375.5000  7.473E-01  7.707E-01  7.772E-01  7.666E-01  7.392E-01
  376.5000  7.461E-01  7.694E-01  7.759E-01  7.653E-01  7.380E-01
  377.5000  8.883E-01  9.160E-01  9.237E-01  9.111E-01  8.787E-01
  378.5000  9.680E-01  9.982E-01  1.006E+00  9.928E-01  9.575E-01
  379.5000  7.161E-01  7.383E-01  7.445E-01  7.344E-01  7.083E-01
  380.5000  8.610E-01  8.877E-01  8.951E-01  8.830E-01  8.517E-01
  381.5000  8.089E-01  8.340E-01  8.409E-01  8.296E-01  8.002E-01
  382.5000  5.389E-01  5.556E-01  5.602E-01  5.527E-01  5.331E-01
  383.5000  4.732E-01  4.878E-01  4.918E-01  4.852E-01  4.681E-01
  384.5000  7.100E-01  7.319E-01  7.379E-01  7.280E-01  7.023E-01
  385.5000  7.023E-01  7.240E-01  7.299E-01  7.201E-01  6.947E-01
  386.5000  7.158E-01  7.378E-01  7.439E-01  7.339E-01  7.081E-01
  387.5000  6.651E-01  6.856E-01  6.912E-01  6.820E-01  6.580E-01
  388.5000  6.666E-01  6.870E-01  6.927E-01  6.834E-01  6.594E-01
  389.5000  8.405E-01  8.662E-01  8.734E-01  8.617E-01  8.315E-01
  390.5000  8.254E-01  8.507E-01  8.577E-01  8.462E-01  8.166E-01
  391.5000  9.791E-01  1.009E+00  1.017E+00  1.004E+00  9.686E-01
  392.5000  7.341E-01  7.565E-01  7.627E-01  7.526E-01  7.263E-01
  393.5000  3.191E-01  3.288E-01  3.315E-01  3.271E-01  3.157E-01
  394.5000  7.508E-01  7.737E-01  7.800E-01  7.697E-01  7.428E-01
  395.5000  9.659E-01  9.953E-01  1.003E+00  9.901E-01  9.556E-01
  396.5000  5.671E-01  5.843E-01  5.891E-01  5.813E-01  5.611E-01
  397.5000  6.543E-01  6.742E-01  6.797E-01  6.707E-01  6.474E-01
  398.5000  1.124E+00  1.158E+00  1.168E+00  1.152E+00  1.112E+00
  399.5000  1.169E+00  1.205E+00  1.214E+00  1.198E+00  1.157E+00
  400.5000  1.229E+00  1.266E+00  1.277E+00  1.260E+00  1.216E+00
  401.5000  1.264E+00  1.303E+00  1.313E+00  1.296E+00  1.251E+00
  402.5000  1.313E+00  1.352E+00  1.363E+00  1.345E+00  1.299E+00
  403.5000  1.201E+00  1.237E+00  1.247E+00  1.231E+00  1.189E+00
  404.5000  1.178E+00  1.214E+00  1.223E+00  1.207E+00  1.166E+00
  405.5000  1.224E+00  1.260E+00  1.271E+00  1.254E+00  1.211E+00
  406.5000  1.152E+00  1.187E+00  1.197E+00  1.181E+00  1.140E+00
  407.5000  1.162E+00  1.197E+00  1.206E+00  1.191E+00  1.150E+00
  408.5000  1.294E+00  1.333E+00  1.343E+00  1.326E+00  1.280E+00
  409.5000  1.268E+00  1.306E+00  1.317E+00  1.300E+00  1.255E+00
  410.5000  1.100E+00  1.133E+00  1.142E+00  1.127E+00  1.088E+00
  411.5000  1.322E+00  1.361E+00  1.372E+00  1.354E+00  1.308E+00
  412.5000  1.310E+00  1.349E+00  1.360E+00  1.342E+00  1.296E+00
  413.5000  1.270E+00  1.308E+00  1.319E+00  1.302E+00  1.257E+00
  414.5000  1.306E+00  1.344E+00  1.355E+00  1.338E+00  1.292E+00
  415.5000  1.249E+00  1.286E+00  1.296E+00  1.279E+00  1.236E+00
  416.5000  1.359E+00  1.399E+00  1.410E+00  1.392E+00  1.345E+00
  417.5000  1.242E+00  1.279E+00  1.289E+00  1.272E+00  1.229E+00
  418.5000  1.252E+00  1.289E+00  1.299E+00  1.282E+00  1.239E+00
  419.5000  1.293E+00  1.331E+00  1.342E+00  1.325E+00  1.280E+00
------------------------------------------------------------
Dose rates, W m-2
   1 = UV-B, 280-315 nm                                  
   2 = UV-A, 315-400 nm                                  
   3 = Gaussian, 320 nm, 10 nm FWHM                      
   4 = RB Meter, model 501                               
   5 = DNA damage, in vitro (Setlow, 1974)               
   6 = UV index (WMO, 1994; Webb et al., 2011)           
   7 = Previtamin-D3 (CIE 2006)                          
values at z =      0.000 km
Columns: time, sza, weighting spectra
time, hrs.  sza, deg.          1          2          3          4          5          6          7
   11.0000     30.132  1.891E+00  5.412E+01  3.496E-01  5.691E-01  7.244E-03  1.102E+01  5.527E-01
   11.5000     27.530  1.999E+00  5.587E+01  3.632E-01  6.047E-01  7.903E-03  1.175E+01  5.906E-01
   12.0000     26.770  2.029E+00  5.636E+01  3.669E-01  6.147E-01  8.090E-03  1.196E+01  6.012E-01
   12.5000     28.004  1.980E+00  5.556E+01  3.607E-01  5.984E-01  7.785E-03  1.162E+01  5.838E-01
   13.0000     30.994  1.855E+00  5.351E+01  3.449E-01  5.570E-01  7.023E-03  1.077E+01  5.398E-01
------------------------------------------------------------
