Spectral Irradiance, W m-2 nm-1
values at z =      0.000 km
Columns: wavelength (nm), times (hrs.) or sza (deg.)
    wc, nm     11.000     11.500     12.000     12.500     13.000
    sza =      80.077     79.598     79.589     80.052     80.978
  280.5000  1.676E-21  1.741E-21  1.742E-21  1.680E-21  1.559E-21
  281.5000  1.358E-19  1.410E-19  1.411E-19  1.360E-19  1.261E-19
  282.5000  4.059E-18  4.219E-18  4.222E-18  4.068E-18  3.768E-18
  283.5000  3.333E-17  3.465E-17  3.468E-17  3.340E-17  3.091E-17
  284.5000  9.499E-16  9.886E-16  9.893E-16  9.519E-16  8.797E-16
  285.5000  7.120E-15  7.415E-15  7.421E-15  7.135E-15  6.585E-15
  286.5000  1.514E-13  1.578E-13  1.579E-13  1.517E-13  1.398E-13
  287.5000  1.679E-12  1.752E-12  1.753E-12  1.683E-12  1.548E-12
  288.5000  1.748E-11  1.826E-11  1.827E-11  1.752E-11  1.607E-11
  289.5000  1.629E-10  1.704E-10  1.705E-10  1.633E-10  1.495E-10
  290.5000  1.023E-09  1.072E-09  1.073E-09  1.026E-09  9.373E-10
  291.5000  5.437E-09  5.704E-09  5.709E-09  5.450E-09  4.963E-09
  292.5000  2.017E-08  2.120E-08  2.122E-08  2.022E-08  1.835E-08
  293.5000  8.855E-08  9.325E-08  9.334E-08  8.878E-08  8.027E-08
  294.5000  2.365E-07  2.496E-07  2.498E-07  2.372E-07  2.136E-07
  295.5000  8.669E-07  9.172E-07  9.181E-07  8.695E-07  7.793E-07
  296.5000  2.110E-06  2.239E-06  2.242E-06  2.117E-06  1.888E-06
  297.5000  5.517E-06  5.874E-06  5.880E-06  5.535E-06  4.905E-06
  298.5000  8.727E-06  9.331E-06  9.342E-06  8.757E-06  7.706E-06
  299.5000  2.603E-05  2.800E-05  2.804E-05  2.613E-05  2.277E-05
  300.5000  3.132E-05  3.389E-05  3.394E-05  3.144E-05  2.712E-05
  301.5000  8.452E-05  9.226E-05  9.241E-05  8.490E-05  7.209E-05
  302.5000  1.324E-04  1.455E-04  1.457E-04  1.330E-04  1.115E-04
  303.5000  3.084E-04  3.418E-04  3.424E-04  3.100E-04  2.555E-04
  304.5000  4.127E-04  4.594E-04  4.603E-04  4.150E-04  3.387E-04
  305.5000  7.683E-04  8.593E-04  8.610E-04  7.728E-04  6.228E-04
  306.5000  9.410E-04  1.054E-03  1.056E-03  9.465E-04  7.599E-04
  307.5000  1.909E-03  2.136E-03  2.140E-03  1.920E-03  1.538E-03
  308.5000  2.452E-03  2.741E-03  2.746E-03  2.467E-03  1.978E-03
  309.5000  2.788E-03  3.104E-03  3.110E-03  2.804E-03  2.259E-03
  310.5000  4.594E-03  5.096E-03  5.106E-03  4.619E-03  3.746E-03
  311.5000  6.724E-03  7.437E-03  7.450E-03  6.760E-03  5.509E-03
  312.5000  8.349E-03  9.174E-03  9.190E-03  8.391E-03  6.922E-03
  313.5000  1.002E-02  1.099E-02  1.101E-02  1.007E-02  8.332E-03
  314.5000  1.242E-02  1.353E-02  1.355E-02  1.247E-02  1.046E-02
  315.5000  1.328E-02  1.445E-02  1.447E-02  1.334E-02  1.121E-02
  316.5000  1.569E-02  1.697E-02  1.700E-02  1.575E-02  1.340E-02
  317.5000  2.218E-02  2.400E-02  2.404E-02  2.228E-02  1.895E-02
  318.5000  2.046E-02  2.201E-02  2.204E-02  2.054E-02  1.768E-02
  319.5000  2.573E-02  2.765E-02  2.768E-02  2.583E-02  2.229E-02
  320.5000  3.248E-02  3.485E-02  3.490E-02  3.260E-02  2.821E-02
  321.5000  3.195E-02  3.409E-02  3.413E-02  3.206E-02  2.808E-02
  322.5000  2.871E-02  3.077E-02  3.081E-02  2.882E-02  2.500E-02
  323.5000  3.539E-02  3.766E-02  3.770E-02  3.551E-02  3.127E-02
  324.5000  4.126E-02  4.391E-02  4.396E-02  4.139E-02  3.643E-02
  325.5000  4.519E-02  4.815E-02  4.820E-02  4.534E-02  3.982E-02
  326.5000  6.173E-02  6.544E-02  6.551E-02  6.192E-02  5.496E-02
  327.5000  5.531E-02  5.873E-02  5.880E-02  5.548E-02  4.907E-02
  328.5000  5.116E-02  5.433E-02  5.439E-02  5.132E-02  4.539E-02
  329.5000  7.253E-02  7.673E-02  7.681E-02  7.275E-02  6.486E-02
  330.5000  6.357E-02  6.736E-02  6.743E-02  6.377E-02  5.666E-02
  331.5000  6.238E-02  6.613E-02  6.619E-02  6.258E-02  5.556E-02
  332.5000  6.554E-02  6.928E-02  6.935E-02  6.573E-02  5.870E-02
  333.5000  5.995E-02  6.344E-02  6.351E-02  6.013E-02  5.356E-02
  334.5000  6.797E-02  7.189E-02  7.197E-02  6.818E-02  6.080E-02
  335.5000  7.108E-02  7.508E-02  7.515E-02  7.128E-02  6.376E-02
  336.5000  5.510E-02  5.823E-02  5.829E-02  5.526E-02  4.939E-02
  337.5000  5.924E-02  6.266E-02  6.272E-02  5.941E-02  5.298E-02
  338.5000  6.460E-02  6.824E-02  6.830E-02  6.479E-02  5.795E-02
  339.5000  7.057E-02  7.453E-02  7.461E-02  7.078E-02  6.333E-02
  340.5000  7.462E-02  7.884E-02  7.892E-02  7.483E-02  6.689E-02
  341.5000  6.740E-02  7.117E-02  7.124E-02  6.760E-02  6.051E-02
  342.5000  7.494E-02  7.912E-02  7.920E-02  7.515E-02  6.729E-02
  343.5000  7.745E-02  8.179E-02  8.187E-02  7.767E-02  6.951E-02
  344.5000  5.398E-02  5.702E-02  5.708E-02  5.414E-02  4.841E-02
  345.5000  7.518E-02  7.937E-02  7.945E-02  7.540E-02  6.753E-02
  346.5000  6.970E-02  7.361E-02  7.368E-02  6.990E-02  6.254E-02
  347.5000  6.822E-02  7.205E-02  7.212E-02  6.841E-02  6.122E-02
  348.5000  7.528E-02  7.949E-02  7.957E-02  7.549E-02  6.757E-02
  349.5000  6.309E-02  6.663E-02  6.669E-02  6.327E-02  5.663E-02
  350.5000  8.845E-02  9.341E-02  9.350E-02  8.871E-02  7.940E-02
  351.5000  7.618E-02  8.046E-02  8.053E-02  7.640E-02  6.837E-02
  352.5000  6.882E-02  7.268E-02  7.275E-02  6.902E-02  6.177E-02
  353.5000  8.304E-02  8.769E-02  8.777E-02  8.328E-02  7.454E-02
  354.5000  9.005E-02  9.509E-02  9.518E-02  9.031E-02  8.084E-02
  355.5000  8.421E-02  8.893E-02  8.902E-02  8.446E-02  7.560E-02
  356.5000  7.819E-02  8.257E-02  8.265E-02  7.841E-02  7.018E-02
  357.5000  6.650E-02  7.023E-02  7.030E-02  6.669E-02  5.969E-02
  358.5000  5.138E-02  5.427E-02  5.432E-02  5.153E-02  4.612E-02
  359.5000  8.652E-02  9.138E-02  9.147E-02  8.678E-02  7.766E-02
  360.5000  8.025E-02  8.476E-02  8.484E-02  8.049E-02  7.203E-02
  361.5000  7.243E-02  7.650E-02  7.657E-02  7.264E-02  6.500E-02
  362.5000  8.513E-02  8.991E-02  9.000E-02  8.537E-02  7.640E-02
  363.5000  7.578E-02  8.004E-02  8.012E-02  7.600E-02  6.800E-02
  364.5000  8.270E-02  8.735E-02  8.744E-02  8.294E-02  7.421E-02
  365.5000  1.008E-01  1.065E-01  1.066E-01  1.011E-01  9.045E-02
  366.5000  1.068E-01  1.128E-01  1.129E-01  1.071E-01  9.580E-02
  367.5000  1.015E-01  1.072E-01  1.073E-01  1.018E-01  9.103E-02
  368.5000  8.919E-02  9.421E-02  9.431E-02  8.944E-02  8.001E-02
  369.5000  1.070E-01  1.131E-01  1.132E-01  1.074E-01  9.603E-02
  370.5000  9.717E-02  1.027E-01  1.028E-01  9.746E-02  8.717E-02
  371.5000  1.113E-01  1.175E-01  1.177E-01  1.116E-01  9.980E-02
  372.5000  8.224E-02  8.689E-02  8.697E-02  8.248E-02  7.376E-02
  373.5000  7.437E-02  7.858E-02  7.866E-02  7.459E-02  6.670E-02
  374.5000  8.168E-02  8.630E-02  8.638E-02  8.191E-02  7.324E-02
  375.5000  9.221E-02  9.744E-02  9.753E-02  9.248E-02  8.269E-02
  376.5000  9.215E-02  9.737E-02  9.746E-02  9.241E-02  8.262E-02
  377.5000  1.098E-01  1.160E-01  1.161E-01  1.101E-01  9.844E-02
  378.5000  1.197E-01  1.265E-01  1.267E-01  1.201E-01  1.074E-01
  379.5000  8.865E-02  9.368E-02  9.377E-02  8.891E-02  7.947E-02
  380.5000  1.067E-01  1.127E-01  1.129E-01  1.070E-01  9.563E-02
  381.5000  1.003E-01  1.060E-01  1.061E-01  1.006E-01  8.991E-02
  382.5000  6.689E-02  7.069E-02  7.076E-02  6.708E-02  5.995E-02
  383.5000  5.877E-02  6.212E-02  6.218E-02  5.894E-02  5.267E-02
  384.5000  8.826E-02  9.329E-02  9.338E-02  8.852E-02  7.909E-02
  385.5000  8.738E-02  9.237E-02  9.246E-02  8.764E-02  7.830E-02
  386.5000  8.913E-02  9.422E-02  9.431E-02  8.939E-02  7.986E-02
  387.5000  8.289E-02  8.763E-02  8.772E-02  8.314E-02  7.426E-02
  388.5000  8.314E-02  8.790E-02  8.799E-02  8.339E-02  7.448E-02
  389.5000  1.049E-01  1.109E-01  1.110E-01  1.052E-01  9.398E-02
  390.5000  1.031E-01  1.090E-01  1.091E-01  1.034E-01  9.237E-02
  391.5000  1.224E-01  1.295E-01  1.296E-01  1.228E-01  1.097E-01
  392.5000  9.188E-02  9.715E-02  9.725E-02  9.215E-02  8.228E-02
  393.5000  3.997E-02  4.227E-02  4.231E-02  4.009E-02  3.580E-02
  394.5000  9.413E-02  9.954E-02  9.964E-02  9.441E-02  8.428E-02
  395.5000  1.212E-01  1.282E-01  1.283E-01  1.216E-01  1.085E-01
  396.5000  7.123E-02  7.532E-02  7.540E-02  7.144E-02  6.376E-02
  397.5000  8.225E-02  8.699E-02  8.708E-02  8.250E-02  7.363E-02
  398.5000  1.415E-01  1.496E-01  1.498E-01  1.419E-01  1.266E-01
  399.5000  1.472E-01  1.557E-01  1.559E-01  1.477E-01  1.318E-01
  400.5000  1.549E-01  1.639E-01  1.640E-01  1.554E-01  1.386E-01
  401.5000  1.595E-01  1.687E-01  1.689E-01  1.600E-01  1.427E-01
  402.5000  1.657E-01  1.753E-01  1.755E-01  1.662E-01  1.483E-01
  403.5000  1.518E-01  1.606E-01  1.608E-01  1.523E-01  1.358E-01
  404.5000  1.490E-01  1.576E-01  1.578E-01  1.495E-01  1.333E-01
  405.5000  1.549E-01  1.639E-01  1.641E-01  1.554E-01  1.386E-01
  406.5000  1.460E-01  1.545E-01  1.547E-01  1.465E-01  1.306E-01
  407.5000  1.473E-01  1.559E-01  1.561E-01  1.478E-01  1.318E-01
  408.5000  1.642E-01  1.738E-01  1.739E-01  1.647E-01  1.469E-01
  409.5000  1.611E-01  1.705E-01  1.707E-01  1.616E-01  1.441E-01
  410.5000  1.398E-01  1.480E-01  1.481E-01  1.403E-01  1.250E-01
  411.5000  1.682E-01  1.780E-01  1.782E-01  1.687E-01  1.504E-01
  412.5000  1.669E-01  1.766E-01  1.768E-01  1.674E-01  1.492E-01
  413.5000  1.620E-01  1.714E-01  1.716E-01  1.625E-01  1.448E-01
  414.5000  1.666E-01  1.764E-01  1.765E-01  1.671E-01  1.489E-01
  415.5000  1.595E-01  1.688E-01  1.690E-01  1.600E-01  1.426E-01
  416.5000  1.737E-01  1.839E-01  1.841E-01  1.743E-01  1.553E-01
  417.5000  1.590E-01  1.683E-01  1.684E-01  1.594E-01  1.420E-01
  418.5000  1.603E-01  1.697E-01  1.699E-01  1.608E-01  1.433E-01
  419.5000  1.658E-01  1.755E-01  1.757E-01  1.663E-01  1.481E-01
------------------------------------------------------------
Dose rates, W m-2
   1 = UV-B, 280-315 nm                                  
   2 = UV-A, 315-400 nm                                  
   3 = Gaussian, 320 nm, 10 nm FWHM                      
   4 = RB Meter, model 501                               
   5 = DNA damage, in vitro (Setlow, 1974)               
   6 = UV index (WMO, 1994; Webb et al., 2011)           
   7 = Previtamin-D3 (CIE 2006)                          
values at z =      0.000 km
Columns: time, sza, weighting spectra
time, hrs.  sza, deg.          1          2          3          4          5          6          7
   11.0000     80.077  5.197E-02  6.400E+00  2.803E-02  1.631E-02  8.081E-05  3.481E-01  9.537E-03
   11.5000     79.598  5.724E-02  6.769E+00  3.001E-02  1.777E-02  8.849E-05  3.758E-01  1.052E-02
   12.0000     79.589  5.734E-02  6.776E+00  3.005E-02  1.780E-02  8.864E-05  3.763E-01  1.054E-02
   12.5000     80.052  5.224E-02  6.419E+00  2.813E-02  1.639E-02  8.119E-05  3.495E-01  9.587E-03
   13.0000     80.978  4.297E-02  5.729E+00  2.446E-02  1.380E-02  6.785E-05  2.997E-01  7.875E-03
------------------------------------------------------------
