Spectral Irradiance, W m-2 nm-1
values at z =      0.000 km
Columns: wavelength (nm), times (hrs.) or sza (deg.)
    wc, nm     11.000     11.500     12.000     12.500     13.000
    sza =      14.708     10.311     10.363     14.818     21.045
  280.5000  1.975E-13  3.139E-13  3.125E-13  1.948E-13  7.310E-14
  281.5000  5.167E-12  7.885E-12  7.853E-12  5.103E-12  2.086E-12
  282.5000  5.835E-11  8.600E-11  8.567E-11  5.768E-11  2.539E-11
  283.5000  2.553E-10  3.678E-10  3.665E-10  2.525E-10  1.166E-10
  284.5000  2.268E-09  3.136E-09  3.126E-09  2.246E-09  1.132E-09
  285.5000  7.140E-09  9.575E-09  9.548E-09  7.078E-09  3.806E-09
  286.5000  7.775E-08  1.019E-07  1.016E-07  7.713E-08  4.359E-08
  287.5000  4.072E-07  5.198E-07  5.185E-07  3.757E-07  2.414E-07
  288.5000  1.850E-06  2.270E-06  2.291E-06  1.838E-06  1.165E-06
  289.5000  9.462E-06  1.150E-05  1.148E-05  9.407E-06  6.226E-06
  290.5000  3.490E-05  4.266E-05  4.258E-05  3.518E-05  2.436E-05
  291.5000  1.049E-04  1.230E-04  1.228E-04  1.044E-04  7.464E-05
  292.5000  2.370E-04  2.736E-04  2.732E-04  2.360E-04  1.745E-04
  293.5000  6.438E-04  7.321E-04  7.312E-04  6.414E-04  4.892E-04
  294.5000  1.166E-03  1.310E-03  1.308E-03  1.162E-03  9.081E-04
  295.5000  2.780E-03  3.086E-03  3.083E-03  2.772E-03  2.225E-03
  296.5000  4.646E-03  5.104E-03  5.100E-03  4.633E-03  3.800E-03
  297.5000  8.571E-03  9.332E-03  9.324E-03  8.549E-03  7.148E-03
  298.5000  9.896E-03  1.069E-02  1.069E-02  9.873E-03  8.389E-03
  299.5000  2.141E-02  2.297E-02  2.296E-02  2.137E-02  1.843E-02
  300.5000  1.962E-02  2.093E-02  2.092E-02  1.958E-02  1.709E-02
  301.5000  3.799E-02  4.029E-02  4.027E-02  3.792E-02  3.352E-02
  302.5000  4.659E-02  4.922E-02  4.920E-02  4.652E-02  4.146E-02
  303.5000  7.803E-02  8.205E-02  8.201E-02  7.791E-02  7.013E-02
  304.5000  8.448E-02  8.860E-02  8.856E-02  8.437E-02  7.637E-02
  305.5000  1.100E-01  1.149E-01  1.148E-01  1.098E-01  1.002E-01
  306.5000  1.141E-01  1.190E-01  1.190E-01  1.140E-01  1.044E-01
  307.5000  1.627E-01  1.691E-01  1.690E-01  1.625E-01  1.499E-01
  308.5000  1.813E-01  1.882E-01  1.882E-01  1.811E-01  1.675E-01
  309.5000  1.586E-01  1.642E-01  1.642E-01  1.584E-01  1.472E-01
  310.5000  2.147E-01  2.221E-01  2.220E-01  2.145E-01  2.000E-01
  311.5000  2.753E-01  2.844E-01  2.843E-01  2.751E-01  2.570E-01
  312.5000  2.668E-01  2.751E-01  2.750E-01  2.665E-01  2.500E-01
  313.5000  3.021E-01  3.113E-01  3.112E-01  3.018E-01  2.834E-01
  314.5000  3.000E-01  3.087E-01  3.086E-01  2.998E-01  2.810E-01
  315.5000  3.095E-01  3.184E-01  3.183E-01  3.092E-01  2.915E-01
  316.5000  3.066E-01  3.151E-01  3.150E-01  3.064E-01  2.896E-01
  317.5000  4.335E-01  4.454E-01  4.453E-01  4.332E-01  4.094E-01
  318.5000  3.393E-01  3.482E-01  3.481E-01  3.390E-01  3.212E-01
  319.5000  4.135E-01  4.243E-01  4.242E-01  4.132E-01  3.917E-01
  320.5000  5.001E-01  5.153E-01  5.152E-01  5.020E-01  4.762E-01
  321.5000  4.244E-01  4.349E-01  4.348E-01  4.241E-01  4.031E-01
  322.5000  4.288E-01  4.397E-01  4.396E-01  4.285E-01  4.067E-01
  323.5000  4.387E-01  4.493E-01  4.492E-01  4.384E-01  4.172E-01
  324.5000  5.148E-01  5.273E-01  5.272E-01  5.145E-01  4.896E-01
  325.5000  5.774E-01  5.915E-01  5.913E-01  5.770E-01  5.490E-01
  326.5000  6.949E-01  7.112E-01  7.111E-01  6.945E-01  6.619E-01
  327.5000  6.481E-01  6.635E-01  6.633E-01  6.477E-01  6.170E-01
  328.5000  5.982E-01  6.123E-01  6.122E-01  5.978E-01  5.695E-01
  329.5000  7.716E-01  7.894E-01  7.892E-01  7.711E-01  7.356E-01
  330.5000  7.027E-01  7.190E-01  7.188E-01  7.023E-01  6.697E-01
  331.5000  6.945E-01  7.106E-01  7.104E-01  6.940E-01  6.618E-01
  332.5000  6.811E-01  6.966E-01  6.965E-01  6.807E-01  6.497E-01
  333.5000  6.409E-01  6.555E-01  6.553E-01  6.404E-01  6.111E-01
  334.5000  7.152E-01  7.314E-01  7.313E-01  7.147E-01  6.822E-01
  335.5000  7.233E-01  7.395E-01  7.394E-01  7.228E-01  6.903E-01
  336.5000  5.656E-01  5.783E-01  5.782E-01  5.652E-01  5.397E-01
  337.5000  6.214E-01  6.355E-01  6.353E-01  6.210E-01  5.929E-01
  338.5000  6.543E-01  6.689E-01  6.688E-01  6.539E-01  6.246E-01
  339.5000  7.108E-01  7.267E-01  7.265E-01  7.104E-01  6.787E-01
  340.5000  7.603E-01  7.772E-01  7.771E-01  7.598E-01  7.258E-01
  341.5000  6.742E-01  6.892E-01  6.891E-01  6.738E-01  6.439E-01
  342.5000  7.465E-01  7.630E-01  7.629E-01  7.460E-01  7.130E-01
  343.5000  7.754E-01  7.925E-01  7.924E-01  7.749E-01  7.406E-01
  344.5000  5.435E-01  5.555E-01  5.554E-01  5.431E-01  5.191E-01
  345.5000  7.435E-01  7.598E-01  7.597E-01  7.431E-01  7.103E-01
  346.5000  6.957E-01  7.110E-01  7.108E-01  6.953E-01  6.646E-01
  347.5000  6.794E-01  6.943E-01  6.942E-01  6.790E-01  6.491E-01
  348.5000  7.462E-01  7.625E-01  7.624E-01  7.457E-01  7.130E-01
  349.5000  6.251E-01  6.388E-01  6.387E-01  6.247E-01  5.974E-01
  350.5000  8.748E-01  8.939E-01  8.937E-01  8.743E-01  8.360E-01
  351.5000  7.537E-01  7.702E-01  7.700E-01  7.533E-01  7.204E-01
  352.5000  6.794E-01  6.942E-01  6.941E-01  6.790E-01  6.494E-01
  353.5000  8.174E-01  8.351E-01  8.350E-01  8.169E-01  7.814E-01
  354.5000  8.842E-01  9.033E-01  9.032E-01  8.837E-01  8.453E-01
  355.5000  8.260E-01  8.438E-01  8.436E-01  8.255E-01  7.897E-01
  356.5000  7.662E-01  7.827E-01  7.826E-01  7.657E-01  7.326E-01
  357.5000  6.513E-01  6.653E-01  6.652E-01  6.509E-01  6.227E-01
  358.5000  5.023E-01  5.131E-01  5.130E-01  5.020E-01  4.804E-01
  359.5000  8.450E-01  8.632E-01  8.630E-01  8.445E-01  8.081E-01
  360.5000  7.829E-01  7.997E-01  7.995E-01  7.824E-01  7.488E-01
  361.5000  7.055E-01  7.206E-01  7.205E-01  7.051E-01  6.748E-01
  362.5000  8.281E-01  8.458E-01  8.457E-01  8.276E-01  7.922E-01
  363.5000  7.364E-01  7.521E-01  7.519E-01  7.359E-01  7.044E-01
  364.5000  8.030E-01  8.201E-01  8.199E-01  8.025E-01  7.682E-01
  365.5000  9.780E-01  9.989E-01  9.987E-01  9.775E-01  9.357E-01
  366.5000  1.035E+00  1.057E+00  1.056E+00  1.034E+00  9.900E-01
  367.5000  9.820E-01  1.003E+00  1.003E+00  9.814E-01  9.396E-01
  368.5000  8.623E-01  8.805E-01  8.804E-01  8.618E-01  8.251E-01
  369.5000  1.034E+00  1.056E+00  1.056E+00  1.033E+00  9.894E-01
  370.5000  9.376E-01  9.574E-01  9.573E-01  9.371E-01  8.974E-01
  371.5000  1.072E+00  1.095E+00  1.095E+00  1.072E+00  1.026E+00
  372.5000  7.919E-01  8.085E-01  8.084E-01  7.914E-01  7.580E-01
  373.5000  7.155E-01  7.305E-01  7.304E-01  7.151E-01  6.849E-01
  374.5000  7.850E-01  8.014E-01  8.013E-01  7.845E-01  7.515E-01
  375.5000  8.853E-01  9.039E-01  9.037E-01  8.848E-01  8.476E-01
  376.5000  8.837E-01  9.022E-01  9.021E-01  8.832E-01  8.461E-01
  377.5000  1.052E+00  1.074E+00  1.074E+00  1.051E+00  1.007E+00
  378.5000  1.146E+00  1.170E+00  1.170E+00  1.145E+00  1.097E+00
  379.5000  8.476E-01  8.653E-01  8.651E-01  8.471E-01  8.117E-01
  380.5000  1.019E+00  1.040E+00  1.040E+00  1.018E+00  9.759E-01
  381.5000  9.572E-01  9.771E-01  9.769E-01  9.567E-01  9.167E-01
  382.5000  6.376E-01  6.509E-01  6.507E-01  6.372E-01  6.107E-01
  383.5000  5.597E-01  5.713E-01  5.712E-01  5.594E-01  5.361E-01
  384.5000  8.397E-01  8.571E-01  8.569E-01  8.392E-01  8.043E-01
  385.5000  8.305E-01  8.476E-01  8.475E-01  8.300E-01  7.955E-01
  386.5000  8.462E-01  8.637E-01  8.636E-01  8.458E-01  8.107E-01
  387.5000  7.862E-01  8.024E-01  8.023E-01  7.858E-01  7.532E-01
  388.5000  7.878E-01  8.040E-01  8.039E-01  7.874E-01  7.548E-01
  389.5000  9.932E-01  1.014E+00  1.013E+00  9.926E-01  9.516E-01
  390.5000  9.752E-01  9.953E-01  9.951E-01  9.747E-01  9.344E-01
  391.5000  1.157E+00  1.180E+00  1.180E+00  1.156E+00  1.108E+00
  392.5000  8.671E-01  8.848E-01  8.847E-01  8.666E-01  8.309E-01
  393.5000  3.768E-01  3.846E-01  3.845E-01  3.766E-01  3.611E-01
  394.5000  8.865E-01  9.046E-01  9.045E-01  8.860E-01  8.496E-01
  395.5000  1.140E+00  1.164E+00  1.163E+00  1.140E+00  1.093E+00
  396.5000  6.694E-01  6.831E-01  6.829E-01  6.690E-01  6.416E-01
  397.5000  7.722E-01  7.880E-01  7.878E-01  7.718E-01  7.402E-01
  398.5000  1.327E+00  1.354E+00  1.353E+00  1.326E+00  1.272E+00
  399.5000  1.379E+00  1.408E+00  1.407E+00  1.379E+00  1.322E+00
  400.5000  1.450E+00  1.479E+00  1.479E+00  1.449E+00  1.390E+00
  401.5000  1.491E+00  1.522E+00  1.521E+00  1.491E+00  1.430E+00
  402.5000  1.548E+00  1.579E+00  1.579E+00  1.547E+00  1.484E+00
  403.5000  1.416E+00  1.445E+00  1.445E+00  1.416E+00  1.358E+00
  404.5000  1.389E+00  1.417E+00  1.417E+00  1.388E+00  1.332E+00
  405.5000  1.442E+00  1.472E+00  1.471E+00  1.442E+00  1.383E+00
  406.5000  1.358E+00  1.386E+00  1.385E+00  1.358E+00  1.303E+00
  407.5000  1.369E+00  1.397E+00  1.396E+00  1.368E+00  1.313E+00
  408.5000  1.524E+00  1.555E+00  1.555E+00  1.524E+00  1.462E+00
  409.5000  1.494E+00  1.524E+00  1.524E+00  1.493E+00  1.433E+00
  410.5000  1.295E+00  1.321E+00  1.321E+00  1.295E+00  1.242E+00
  411.5000  1.557E+00  1.588E+00  1.588E+00  1.556E+00  1.493E+00
  412.5000  1.543E+00  1.573E+00  1.573E+00  1.542E+00  1.480E+00
  413.5000  1.496E+00  1.526E+00  1.525E+00  1.495E+00  1.435E+00
  414.5000  1.537E+00  1.568E+00  1.567E+00  1.536E+00  1.474E+00
  415.5000  1.470E+00  1.499E+00  1.499E+00  1.469E+00  1.410E+00
  416.5000  1.599E+00  1.631E+00  1.631E+00  1.598E+00  1.534E+00
  417.5000  1.462E+00  1.491E+00  1.491E+00  1.461E+00  1.402E+00
  418.5000  1.473E+00  1.502E+00  1.502E+00  1.472E+00  1.413E+00
  419.5000  1.521E+00  1.552E+00  1.551E+00  1.520E+00  1.460E+00
------------------------------------------------------------
Dose rates, W m-2
   1 = UV-B, 280-315 nm                                  
   2 = UV-A, 315-400 nm                                  
   3 = Gaussian, 320 nm, 10 nm FWHM                      
   4 = RB Meter, model 501                               
   5 = DNA damage, in vitro (Setlow, 1974)               
   6 = UV index (WMO, 1994; Webb et al., 2011)           
   7 = Previtamin-D3 (CIE 2006)                          
values at z =      0.000 km
Columns: time, sza, weighting spectra
time, hrs.  sza, deg.          1          2          3          4          5          6          7
   11.0000     14.708  2.402E+00  6.437E+01  4.239E-01  7.335E-01  1.003E-02  1.436E+01  7.229E-01
   11.5000     10.311  2.492E+00  6.577E+01  4.351E-01  7.641E-01  1.064E-02  1.501E+01  7.556E-01
   12.0000     10.363  2.491E+00  6.576E+01  4.350E-01  7.638E-01  1.064E-02  1.500E+01  7.553E-01
   12.5000     14.818  2.399E+00  6.433E+01  4.238E-01  7.327E-01  1.001E-02  1.435E+01  7.219E-01
   13.0000     21.045  2.221E+00  6.153E+01  4.019E-01  6.731E-01  8.856E-03  1.309E+01  6.584E-01
------------------------------------------------------------
