Spectral Irradiance, W m-2 nm-1
values at z =      0.000 km
Columns: wavelength (nm), times (hrs.) or sza (deg.)
    wc, nm     11.000     11.500     12.000     12.500     13.000
    sza =      35.872     34.283     34.244     35.760     38.650
  280.5000  2.406E-15  4.390E-15  4.454E-15  2.514E-15  7.485E-16
  281.5000  9.229E-14  1.597E-13  1.618E-13  9.605E-14  3.184E-14
  282.5000  1.448E-12  2.395E-12  2.424E-12  1.502E-12  5.460E-13
  283.5000  7.850E-12  1.260E-11  1.274E-11  8.125E-12  3.135E-12
  284.5000  1.029E-10  1.565E-10  1.581E-10  1.061E-10  4.564E-11
  285.5000  4.322E-10  6.315E-10  6.372E-10  4.443E-10  2.072E-10
  286.5000  5.874E-09  8.325E-09  8.394E-09  6.025E-09  2.989E-09
  287.5000  3.935E-08  5.389E-08  5.430E-08  4.026E-08  2.139E-08
  288.5000  2.335E-07  3.082E-07  3.102E-07  2.382E-07  1.364E-07
  289.5000  1.446E-06  1.859E-06  1.870E-06  1.473E-06  8.896E-07
  290.5000  6.409E-06  8.057E-06  8.101E-06  6.516E-06  4.116E-06
  291.5000  2.262E-05  2.772E-05  2.786E-05  2.295E-05  1.525E-05
  292.5000  5.934E-05  7.125E-05  7.157E-05  6.013E-05  4.166E-05
  293.5000  1.855E-04  2.185E-04  2.194E-04  1.878E-04  1.353E-04
  294.5000  3.751E-04  4.351E-04  4.367E-04  3.792E-04  2.816E-04
  295.5000  1.006E-03  1.148E-03  1.152E-03  1.016E-03  7.793E-04
  296.5000  1.853E-03  2.087E-03  2.093E-03  1.869E-03  1.473E-03
  297.5000  3.724E-03  4.145E-03  4.156E-03  3.753E-03  3.028E-03
  298.5000  4.621E-03  5.093E-03  5.105E-03  4.654E-03  3.830E-03
  299.5000  1.070E-02  1.169E-02  1.171E-02  1.077E-02  9.033E-03
  300.5000  1.033E-02  1.120E-02  1.122E-02  1.039E-02  8.839E-03
  301.5000  2.116E-02  2.277E-02  2.281E-02  2.128E-02  1.838E-02
  302.5000  2.694E-02  2.884E-02  2.889E-02  2.708E-02  2.363E-02
  303.5000  4.714E-02  5.016E-02  5.024E-02  4.735E-02  4.183E-02
  304.5000  5.235E-02  5.552E-02  5.560E-02  5.258E-02  4.677E-02
  305.5000  7.075E-02  7.465E-02  7.475E-02  7.103E-02  6.384E-02
  306.5000  7.466E-02  7.860E-02  7.870E-02  7.494E-02  6.765E-02
  307.5000  1.098E-01  1.151E-01  1.152E-01  1.102E-01  1.003E-01
  308.5000  1.239E-01  1.297E-01  1.298E-01  1.243E-01  1.135E-01
  309.5000  1.106E-01  1.154E-01  1.156E-01  1.110E-01  1.019E-01
  310.5000  1.520E-01  1.584E-01  1.585E-01  1.525E-01  1.406E-01
  311.5000  1.969E-01  2.048E-01  2.050E-01  1.975E-01  1.826E-01
  312.5000  1.942E-01  2.015E-01  2.017E-01  1.947E-01  1.809E-01
  313.5000  2.208E-01  2.290E-01  2.292E-01  2.214E-01  2.060E-01
  314.5000  2.226E-01  2.304E-01  2.306E-01  2.232E-01  2.085E-01
  315.5000  2.303E-01  2.383E-01  2.385E-01  2.309E-01  2.158E-01
  316.5000  2.309E-01  2.385E-01  2.387E-01  2.314E-01  2.170E-01
  317.5000  3.266E-01  3.374E-01  3.377E-01  3.274E-01  3.070E-01
  318.5000  2.584E-01  2.665E-01  2.667E-01  2.590E-01  2.435E-01
  319.5000  3.156E-01  3.255E-01  3.257E-01  3.163E-01  2.977E-01
  320.5000  3.846E-01  3.965E-01  3.968E-01  3.854E-01  3.630E-01
  321.5000  3.280E-01  3.377E-01  3.380E-01  3.287E-01  3.104E-01
  322.5000  3.293E-01  3.393E-01  3.396E-01  3.300E-01  3.110E-01
  323.5000  3.408E-01  3.507E-01  3.509E-01  3.415E-01  3.229E-01
  324.5000  4.000E-01  4.116E-01  4.119E-01  4.009E-01  3.789E-01
  325.5000  4.482E-01  4.612E-01  4.615E-01  4.491E-01  4.245E-01
  326.5000  5.437E-01  5.589E-01  5.592E-01  5.448E-01  5.159E-01
  327.5000  5.061E-01  5.204E-01  5.207E-01  5.071E-01  4.800E-01
  328.5000  4.674E-01  4.806E-01  4.809E-01  4.683E-01  4.433E-01
  329.5000  6.064E-01  6.230E-01  6.235E-01  6.076E-01  5.761E-01
  330.5000  5.513E-01  5.665E-01  5.669E-01  5.524E-01  5.235E-01
  331.5000  5.448E-01  5.599E-01  5.603E-01  5.459E-01  5.173E-01
  332.5000  5.367E-01  5.513E-01  5.516E-01  5.378E-01  5.102E-01
  333.5000  5.044E-01  5.181E-01  5.184E-01  5.054E-01  4.793E-01
  334.5000  5.636E-01  5.788E-01  5.792E-01  5.647E-01  5.357E-01
  335.5000  5.713E-01  5.866E-01  5.870E-01  5.724E-01  5.433E-01
  336.5000  4.467E-01  4.586E-01  4.589E-01  4.475E-01  4.248E-01
  337.5000  4.904E-01  5.036E-01  5.039E-01  4.913E-01  4.662E-01
  338.5000  5.176E-01  5.314E-01  5.317E-01  5.186E-01  4.924E-01
  339.5000  5.627E-01  5.776E-01  5.780E-01  5.637E-01  5.353E-01
  340.5000  6.016E-01  6.176E-01  6.180E-01  6.028E-01  5.724E-01
  341.5000  5.343E-01  5.484E-01  5.488E-01  5.353E-01  5.085E-01
  342.5000  5.919E-01  6.075E-01  6.079E-01  5.930E-01  5.634E-01
  343.5000  6.149E-01  6.311E-01  6.315E-01  6.160E-01  5.852E-01
  344.5000  4.310E-01  4.424E-01  4.426E-01  4.318E-01  4.102E-01
  345.5000  5.904E-01  6.059E-01  6.063E-01  5.916E-01  5.621E-01
  346.5000  5.524E-01  5.669E-01  5.672E-01  5.534E-01  5.259E-01
  347.5000  5.397E-01  5.538E-01  5.542E-01  5.407E-01  5.138E-01
  348.5000  5.931E-01  6.086E-01  6.090E-01  5.942E-01  5.648E-01
  349.5000  4.971E-01  5.100E-01  5.104E-01  4.980E-01  4.733E-01
  350.5000  6.959E-01  7.141E-01  7.145E-01  6.972E-01  6.628E-01
  351.5000  5.998E-01  6.154E-01  6.158E-01  6.009E-01  5.713E-01
  352.5000  5.409E-01  5.550E-01  5.553E-01  5.419E-01  5.152E-01
  353.5000  6.511E-01  6.680E-01  6.684E-01  6.523E-01  6.202E-01
  354.5000  7.046E-01  7.228E-01  7.233E-01  7.059E-01  6.713E-01
  355.5000  6.585E-01  6.755E-01  6.759E-01  6.597E-01  6.274E-01
  356.5000  6.111E-01  6.268E-01  6.272E-01  6.122E-01  5.822E-01
  357.5000  5.196E-01  5.330E-01  5.333E-01  5.206E-01  4.951E-01
  358.5000  4.009E-01  4.112E-01  4.115E-01  4.017E-01  3.821E-01
  359.5000  6.747E-01  6.920E-01  6.925E-01  6.760E-01  6.430E-01
  360.5000  6.254E-01  6.414E-01  6.418E-01  6.265E-01  5.960E-01
  361.5000  5.638E-01  5.782E-01  5.786E-01  5.648E-01  5.374E-01
  362.5000  6.620E-01  6.789E-01  6.793E-01  6.632E-01  6.311E-01
  363.5000  5.889E-01  6.039E-01  6.043E-01  5.900E-01  5.614E-01
  364.5000  6.424E-01  6.587E-01  6.591E-01  6.435E-01  6.124E-01
  365.5000  7.827E-01  8.026E-01  8.031E-01  7.841E-01  7.462E-01
  366.5000  8.283E-01  8.493E-01  8.498E-01  8.298E-01  7.898E-01
  367.5000  7.864E-01  8.063E-01  8.068E-01  7.878E-01  7.499E-01
  368.5000  6.908E-01  7.083E-01  7.087E-01  6.921E-01  6.588E-01
  369.5000  8.286E-01  8.495E-01  8.500E-01  8.301E-01  7.902E-01
  370.5000  7.517E-01  7.707E-01  7.711E-01  7.531E-01  7.169E-01
  371.5000  8.601E-01  8.817E-01  8.823E-01  8.616E-01  8.203E-01
  372.5000  6.353E-01  6.512E-01  6.516E-01  6.364E-01  6.060E-01
  373.5000  5.742E-01  5.886E-01  5.890E-01  5.752E-01  5.477E-01
  374.5000  6.302E-01  6.460E-01  6.464E-01  6.313E-01  6.012E-01
  375.5000  7.109E-01  7.288E-01  7.292E-01  7.122E-01  6.783E-01
  376.5000  7.099E-01  7.277E-01  7.281E-01  7.112E-01  6.773E-01
  377.5000  8.453E-01  8.665E-01  8.670E-01  8.469E-01  8.066E-01
  378.5000  9.213E-01  9.443E-01  9.449E-01  9.230E-01  8.791E-01
  379.5000  6.816E-01  6.986E-01  6.990E-01  6.828E-01  6.504E-01
  380.5000  8.197E-01  8.401E-01  8.406E-01  8.211E-01  7.823E-01
  381.5000  7.702E-01  7.894E-01  7.898E-01  7.716E-01  7.351E-01
  382.5000  5.132E-01  5.259E-01  5.263E-01  5.141E-01  4.898E-01
  383.5000  4.506E-01  4.618E-01  4.621E-01  4.514E-01  4.301E-01
  384.5000  6.762E-01  6.930E-01  6.934E-01  6.775E-01  6.455E-01
  385.5000  6.690E-01  6.856E-01  6.860E-01  6.702E-01  6.387E-01
  386.5000  6.820E-01  6.988E-01  6.992E-01  6.832E-01  6.511E-01
  387.5000  6.338E-01  6.494E-01  6.498E-01  6.349E-01  6.051E-01
  388.5000  6.353E-01  6.509E-01  6.513E-01  6.364E-01  6.065E-01
  389.5000  8.011E-01  8.208E-01  8.213E-01  8.025E-01  7.649E-01
  390.5000  7.868E-01  8.062E-01  8.067E-01  7.882E-01  7.514E-01
  391.5000  9.335E-01  9.564E-01  9.569E-01  9.351E-01  8.914E-01
  392.5000  7.000E-01  7.171E-01  7.176E-01  7.012E-01  6.685E-01
  393.5000  3.043E-01  3.118E-01  3.120E-01  3.049E-01  2.906E-01
  394.5000  7.161E-01  7.336E-01  7.340E-01  7.174E-01  6.840E-01
  395.5000  9.213E-01  9.439E-01  9.444E-01  9.230E-01  8.801E-01
  396.5000  5.410E-01  5.542E-01  5.545E-01  5.420E-01  5.168E-01
  397.5000  6.243E-01  6.395E-01  6.399E-01  6.254E-01  5.964E-01
  398.5000  1.073E+00  1.099E+00  1.100E+00  1.075E+00  1.025E+00
  399.5000  1.116E+00  1.143E+00  1.144E+00  1.118E+00  1.066E+00
  400.5000  1.173E+00  1.202E+00  1.202E+00  1.175E+00  1.121E+00
  401.5000  1.207E+00  1.236E+00  1.237E+00  1.209E+00  1.153E+00
  402.5000  1.253E+00  1.283E+00  1.284E+00  1.255E+00  1.197E+00
  403.5000  1.147E+00  1.175E+00  1.175E+00  1.149E+00  1.096E+00
  404.5000  1.125E+00  1.152E+00  1.153E+00  1.127E+00  1.075E+00
  405.5000  1.169E+00  1.197E+00  1.198E+00  1.171E+00  1.117E+00
  406.5000  1.101E+00  1.127E+00  1.128E+00  1.103E+00  1.052E+00
  407.5000  1.110E+00  1.137E+00  1.137E+00  1.112E+00  1.061E+00
  408.5000  1.236E+00  1.266E+00  1.267E+00  1.238E+00  1.181E+00
  409.5000  1.212E+00  1.241E+00  1.242E+00  1.214E+00  1.158E+00
  410.5000  1.051E+00  1.076E+00  1.077E+00  1.053E+00  1.005E+00
  411.5000  1.263E+00  1.293E+00  1.294E+00  1.265E+00  1.208E+00
  412.5000  1.252E+00  1.282E+00  1.283E+00  1.254E+00  1.197E+00
  413.5000  1.214E+00  1.243E+00  1.244E+00  1.216E+00  1.161E+00
  414.5000  1.248E+00  1.278E+00  1.279E+00  1.250E+00  1.193E+00
  415.5000  1.194E+00  1.222E+00  1.223E+00  1.196E+00  1.141E+00
  416.5000  1.299E+00  1.330E+00  1.331E+00  1.302E+00  1.242E+00
  417.5000  1.188E+00  1.216E+00  1.217E+00  1.190E+00  1.136E+00
  418.5000  1.197E+00  1.226E+00  1.226E+00  1.199E+00  1.145E+00
  419.5000  1.237E+00  1.266E+00  1.267E+00  1.239E+00  1.183E+00
------------------------------------------------------------
Dose rates, W m-2
   1 = UV-B, 280-315 nm                                  
   2 = UV-A, 315-400 nm                                  
   3 = Gaussian, 320 nm, 10 nm FWHM                      
   4 = RB Meter, model 501                               
   5 = DNA damage, in vitro (Setlow, 1974)               
   6 = UV index (WMO, 1994; Webb et al., 2011)           
   7 = Previtamin-D3 (CIE 2006)                          
values at z =      0.000 km
Columns: time, sza, weighting spectra
time, hrs.  sza, deg.          1          2          3          4          5          6          7
   11.0000     35.872  1.657E+00  5.130E+01  3.245E-01  4.898E-01  5.707E-03  9.359E+00  4.663E-01
   11.5000     34.283  1.731E+00  5.263E+01  3.345E-01  5.138E-01  6.109E-03  9.844E+00  4.915E-01
   12.0000     34.244  1.733E+00  5.266E+01  3.348E-01  5.144E-01  6.119E-03  9.856E+00  4.921E-01
   12.5000     35.760  1.662E+00  5.139E+01  3.252E-01  4.915E-01  5.736E-03  9.393E+00  4.681E-01
   13.0000     38.650  1.524E+00  4.886E+01  3.062E-01  4.474E-01  5.019E-03  8.506E+00  4.220E-01
------------------------------------------------------------
