Spectral Irradiance, W m-2 nm-1
values at z =      0.000 km
Columns: wavelength (nm), times (hrs.) or sza (deg.)
    wc, nm     11.000     11.500     12.000     12.500     13.000
    sza =      57.148     56.883     56.872     57.113     57.600
  280.5000  2.584E-26  3.413E-26  3.455E-26  2.678E-26  1.666E-26
  281.5000  9.534E-24  1.242E-23  1.256E-23  9.863E-24  6.230E-24
  282.5000  1.051E-21  1.349E-21  1.364E-21  1.085E-21  6.985E-22
  283.5000  2.020E-20  2.567E-20  2.594E-20  2.084E-20  1.360E-20
  284.5000  2.701E-18  3.360E-18  3.391E-18  2.779E-18  1.875E-18
  285.5000  6.326E-17  7.735E-17  7.802E-17  6.494E-17  4.507E-17
  286.5000  3.224E-15  3.887E-15  3.918E-15  3.304E-15  2.347E-15
  287.5000  9.386E-14  1.113E-13  1.121E-13  9.598E-14  7.015E-14
  288.5000  2.755E-12  3.207E-12  3.228E-12  2.810E-12  2.123E-12
  289.5000  5.351E-11  6.144E-11  6.181E-11  5.449E-11  4.218E-11
  290.5000  6.199E-10  7.035E-10  7.073E-10  6.303E-10  4.985E-10
  291.5000  6.508E-09  7.284E-09  7.320E-09  6.605E-09  5.356E-09
  292.5000  4.165E-08  4.610E-08  4.630E-08  4.221E-08  3.495E-08
  293.5000  3.015E-07  3.300E-07  3.313E-07  3.051E-07  2.578E-07
  294.5000  1.175E-06  1.275E-06  1.279E-06  1.187E-06  1.019E-06
  295.5000  6.327E-06  6.804E-06  6.825E-06  6.388E-06  5.579E-06
  296.5000  2.078E-05  2.217E-05  2.223E-05  2.096E-05  1.857E-05
  297.5000  6.932E-05  7.346E-05  7.364E-05  6.985E-05  6.268E-05
  298.5000  1.318E-04  1.388E-04  1.391E-04  1.327E-04  1.203E-04
  299.5000  4.565E-04  4.783E-04  4.793E-04  4.593E-04  4.210E-04
  300.5000  5.993E-04  6.253E-04  6.264E-04  6.027E-04  5.567E-04
  301.5000  1.715E-03  1.781E-03  1.784E-03  1.723E-03  1.606E-03
  302.5000  2.716E-03  2.812E-03  2.816E-03  2.728E-03  2.556E-03
  303.5000  6.151E-03  6.346E-03  6.355E-03  6.177E-03  5.826E-03
  304.5000  7.928E-03  8.162E-03  8.173E-03  7.958E-03  7.536E-03
  305.5000  1.337E-02  1.372E-02  1.374E-02  1.341E-02  1.278E-02
  306.5000  1.551E-02  1.590E-02  1.592E-02  1.556E-02  1.486E-02
  307.5000  2.737E-02  2.799E-02  2.801E-02  2.745E-02  2.634E-02
  308.5000  3.313E-02  3.384E-02  3.387E-02  3.322E-02  3.193E-02
  309.5000  3.336E-02  3.401E-02  3.404E-02  3.344E-02  3.225E-02
  310.5000  4.997E-02  5.089E-02  5.093E-02  5.009E-02  4.841E-02
  311.5000  6.848E-02  6.969E-02  6.974E-02  6.864E-02  6.644E-02
  312.5000  7.468E-02  7.588E-02  7.593E-02  7.484E-02  7.263E-02
  313.5000  8.704E-02  8.841E-02  8.847E-02  8.722E-02  8.470E-02
  314.5000  9.561E-02  9.700E-02  9.706E-02  9.579E-02  9.324E-02
  315.5000  1.004E-01  1.018E-01  1.019E-01  1.006E-01  9.796E-02
  316.5000  1.076E-01  1.090E-01  1.091E-01  1.078E-01  1.051E-01
  317.5000  1.524E-01  1.544E-01  1.545E-01  1.526E-01  1.489E-01
  318.5000  1.281E-01  1.297E-01  1.297E-01  1.283E-01  1.254E-01
  319.5000  1.584E-01  1.604E-01  1.605E-01  1.587E-01  1.551E-01
  320.5000  1.959E-01  1.982E-01  1.983E-01  1.962E-01  1.918E-01
  321.5000  1.766E-01  1.786E-01  1.786E-01  1.768E-01  1.732E-01
  322.5000  1.701E-01  1.722E-01  1.723E-01  1.704E-01  1.667E-01
  323.5000  1.883E-01  1.903E-01  1.904E-01  1.885E-01  1.848E-01
  324.5000  2.206E-01  2.231E-01  2.232E-01  2.210E-01  2.165E-01
  325.5000  2.453E-01  2.481E-01  2.482E-01  2.457E-01  2.407E-01
  326.5000  3.113E-01  3.146E-01  3.147E-01  3.118E-01  3.058E-01
  327.5000  2.860E-01  2.890E-01  2.892E-01  2.864E-01  2.808E-01
  328.5000  2.645E-01  2.673E-01  2.674E-01  2.648E-01  2.597E-01
  329.5000  3.549E-01  3.585E-01  3.586E-01  3.554E-01  3.488E-01
  330.5000  3.186E-01  3.218E-01  3.220E-01  3.190E-01  3.130E-01
  331.5000  3.142E-01  3.175E-01  3.176E-01  3.147E-01  3.087E-01
  332.5000  3.172E-01  3.204E-01  3.205E-01  3.176E-01  3.118E-01
  333.5000  2.954E-01  2.983E-01  2.985E-01  2.957E-01  2.903E-01
  334.5000  3.320E-01  3.353E-01  3.355E-01  3.325E-01  3.264E-01
  335.5000  3.407E-01  3.440E-01  3.442E-01  3.411E-01  3.350E-01
  336.5000  2.657E-01  2.683E-01  2.684E-01  2.661E-01  2.612E-01
  337.5000  2.897E-01  2.926E-01  2.927E-01  2.901E-01  2.848E-01
  338.5000  3.096E-01  3.126E-01  3.128E-01  3.100E-01  3.045E-01
  339.5000  3.374E-01  3.407E-01  3.408E-01  3.379E-01  3.318E-01
  340.5000  3.596E-01  3.631E-01  3.632E-01  3.600E-01  3.535E-01
  341.5000  3.215E-01  3.246E-01  3.248E-01  3.219E-01  3.162E-01
  342.5000  3.569E-01  3.603E-01  3.604E-01  3.573E-01  3.510E-01
  343.5000  3.703E-01  3.738E-01  3.740E-01  3.707E-01  3.641E-01
  344.5000  2.592E-01  2.617E-01  2.618E-01  2.595E-01  2.549E-01
  345.5000  3.574E-01  3.608E-01  3.609E-01  3.578E-01  3.515E-01
  346.5000  3.335E-01  3.367E-01  3.368E-01  3.339E-01  3.280E-01
  347.5000  3.262E-01  3.294E-01  3.295E-01  3.266E-01  3.209E-01
  348.5000  3.593E-01  3.627E-01  3.629E-01  3.597E-01  3.534E-01
  349.5000  3.013E-01  3.042E-01  3.043E-01  3.017E-01  2.964E-01
  350.5000  4.223E-01  4.263E-01  4.265E-01  4.228E-01  4.154E-01
  351.5000  3.641E-01  3.675E-01  3.677E-01  3.645E-01  3.581E-01
  352.5000  3.287E-01  3.319E-01  3.320E-01  3.291E-01  3.234E-01
  353.5000  3.963E-01  4.000E-01  4.002E-01  3.968E-01  3.898E-01
  354.5000  4.294E-01  4.335E-01  4.336E-01  4.299E-01  4.224E-01
  355.5000  4.016E-01  4.054E-01  4.056E-01  4.021E-01  3.951E-01
  356.5000  3.730E-01  3.765E-01  3.766E-01  3.734E-01  3.669E-01
  357.5000  3.174E-01  3.203E-01  3.205E-01  3.178E-01  3.122E-01
  358.5000  2.451E-01  2.474E-01  2.475E-01  2.454E-01  2.412E-01
  359.5000  4.128E-01  4.167E-01  4.169E-01  4.134E-01  4.062E-01
  360.5000  3.830E-01  3.866E-01  3.867E-01  3.834E-01  3.768E-01
  361.5000  3.456E-01  3.488E-01  3.490E-01  3.460E-01  3.400E-01
  362.5000  4.061E-01  4.099E-01  4.101E-01  4.066E-01  3.996E-01
  363.5000  3.616E-01  3.649E-01  3.651E-01  3.620E-01  3.558E-01
  364.5000  3.947E-01  3.984E-01  3.985E-01  3.952E-01  3.884E-01
  365.5000  4.812E-01  4.857E-01  4.859E-01  4.818E-01  4.735E-01
  366.5000  5.097E-01  5.144E-01  5.146E-01  5.103E-01  5.016E-01
  367.5000  4.843E-01  4.888E-01  4.890E-01  4.849E-01  4.766E-01
  368.5000  4.257E-01  4.297E-01  4.298E-01  4.262E-01  4.190E-01
  369.5000  5.110E-01  5.157E-01  5.160E-01  5.116E-01  5.029E-01
  370.5000  4.639E-01  4.682E-01  4.684E-01  4.645E-01  4.566E-01
  371.5000  5.312E-01  5.361E-01  5.363E-01  5.319E-01  5.228E-01
  372.5000  3.927E-01  3.963E-01  3.964E-01  3.931E-01  3.865E-01
  373.5000  3.551E-01  3.584E-01  3.586E-01  3.556E-01  3.495E-01
  374.5000  3.900E-01  3.936E-01  3.938E-01  3.905E-01  3.839E-01
  375.5000  4.404E-01  4.444E-01  4.446E-01  4.409E-01  4.334E-01
  376.5000  4.400E-01  4.441E-01  4.442E-01  4.406E-01  4.331E-01
  377.5000  5.243E-01  5.291E-01  5.294E-01  5.250E-01  5.161E-01
  378.5000  5.718E-01  5.771E-01  5.773E-01  5.725E-01  5.629E-01
  379.5000  4.233E-01  4.272E-01  4.274E-01  4.239E-01  4.167E-01
  380.5000  5.095E-01  5.141E-01  5.143E-01  5.101E-01  5.015E-01
  381.5000  4.790E-01  4.834E-01  4.836E-01  4.796E-01  4.716E-01
  382.5000  3.194E-01  3.223E-01  3.224E-01  3.198E-01  3.144E-01
  383.5000  2.806E-01  2.832E-01  2.833E-01  2.810E-01  2.763E-01
  384.5000  4.214E-01  4.253E-01  4.254E-01  4.220E-01  4.149E-01
  385.5000  4.172E-01  4.210E-01  4.212E-01  4.177E-01  4.108E-01
  386.5000  4.256E-01  4.294E-01  4.296E-01  4.261E-01  4.190E-01
  387.5000  3.957E-01  3.993E-01  3.995E-01  3.962E-01  3.896E-01
  388.5000  3.969E-01  4.005E-01  4.007E-01  3.974E-01  3.908E-01
  389.5000  5.009E-01  5.054E-01  5.056E-01  5.015E-01  4.931E-01
  390.5000  4.923E-01  4.967E-01  4.969E-01  4.929E-01  4.847E-01
  391.5000  5.844E-01  5.896E-01  5.898E-01  5.851E-01  5.754E-01
  392.5000  4.385E-01  4.424E-01  4.426E-01  4.390E-01  4.317E-01
  393.5000  1.907E-01  1.925E-01  1.925E-01  1.910E-01  1.878E-01
  394.5000  4.491E-01  4.531E-01  4.533E-01  4.496E-01  4.422E-01
  395.5000  5.782E-01  5.834E-01  5.836E-01  5.789E-01  5.693E-01
  396.5000  3.397E-01  3.428E-01  3.429E-01  3.401E-01  3.345E-01
  397.5000  3.923E-01  3.958E-01  3.959E-01  3.927E-01  3.863E-01
  398.5000  6.744E-01  6.804E-01  6.807E-01  6.752E-01  6.642E-01
  399.5000  7.019E-01  7.082E-01  7.084E-01  7.028E-01  6.913E-01
  400.5000  7.384E-01  7.450E-01  7.452E-01  7.393E-01  7.272E-01
  401.5000  7.601E-01  7.669E-01  7.672E-01  7.610E-01  7.486E-01
  402.5000  7.896E-01  7.966E-01  7.969E-01  7.905E-01  7.777E-01
  403.5000  7.232E-01  7.296E-01  7.299E-01  7.240E-01  7.122E-01
  404.5000  7.097E-01  7.160E-01  7.162E-01  7.105E-01  6.990E-01
  405.5000  7.377E-01  7.442E-01  7.445E-01  7.385E-01  7.265E-01
  406.5000  6.952E-01  7.013E-01  7.016E-01  6.960E-01  6.847E-01
  407.5000  7.013E-01  7.075E-01  7.077E-01  7.021E-01  6.907E-01
  408.5000  7.815E-01  7.884E-01  7.887E-01  7.824E-01  7.697E-01
  409.5000  7.665E-01  7.733E-01  7.736E-01  7.674E-01  7.550E-01
  410.5000  6.651E-01  6.709E-01  6.712E-01  6.659E-01  6.551E-01
  411.5000  7.999E-01  8.069E-01  8.072E-01  8.008E-01  7.879E-01
  412.5000  7.933E-01  8.002E-01  8.005E-01  7.942E-01  7.814E-01
  413.5000  7.698E-01  7.765E-01  7.768E-01  7.707E-01  7.583E-01
  414.5000  7.916E-01  7.985E-01  7.988E-01  7.925E-01  7.798E-01
  415.5000  7.576E-01  7.642E-01  7.645E-01  7.585E-01  7.463E-01
  416.5000  8.249E-01  8.321E-01  8.324E-01  8.259E-01  8.127E-01
  417.5000  7.545E-01  7.611E-01  7.614E-01  7.554E-01  7.433E-01
  418.5000  7.609E-01  7.675E-01  7.678E-01  7.618E-01  7.496E-01
  419.5000  7.864E-01  7.932E-01  7.935E-01  7.873E-01  7.747E-01
------------------------------------------------------------
Dose rates, W m-2
   1 = UV-B, 280-315 nm                                  
   2 = UV-A, 315-400 nm                                  
   3 = Gaussian, 320 nm, 10 nm FWHM                      
   4 = RB Meter, model 501                               
   5 = DNA damage, in vitro (Setlow, 1974)               
   6 = UV index (WMO, 1994; Webb et al., 2011)           
   7 = Previtamin-D3 (CIE 2006)                          
values at z =      0.000 km
Columns: time, sza, weighting spectra
time, hrs.  sza, deg.          1          2          3          4          5          6          7
   11.0000     57.148  5.183E-01  3.104E+01  1.655E-01  1.440E-01  9.278E-04  2.718E+00  1.100E-01
   11.5000     56.883  5.278E-01  3.134E+01  1.675E-01  1.466E-01  9.500E-04  2.764E+00  1.123E-01
   12.0000     56.872  5.282E-01  3.135E+01  1.675E-01  1.467E-01  9.510E-04  2.766E+00  1.124E-01
   12.5000     57.113  5.196E-01  3.108E+01  1.657E-01  1.444E-01  9.307E-04  2.724E+00  1.103E-01
   13.0000     57.600  5.023E-01  3.053E+01  1.621E-01  1.396E-01  8.905E-04  2.639E+00  1.060E-01
------------------------------------------------------------
