Spectral Irradiance, W m-2 nm-1
values at z =      0.000 km
Columns: wavelength (nm), times (hrs.) or sza (deg.)
    wc, nm     11.000     11.500     12.000     12.500     13.000
    sza =      21.112     18.228     17.263     18.523     21.617
  280.5000  7.864E-16  1.412E-15  1.680E-15  1.336E-15  7.021E-16
  281.5000  3.412E-14  5.818E-14  6.815E-14  5.532E-14  3.076E-14
  282.5000  5.950E-13  9.705E-13  1.122E-12  9.267E-13  5.412E-13
  283.5000  3.453E-12  5.471E-12  6.272E-12  5.239E-12  3.158E-12
  284.5000  5.130E-11  7.713E-11  8.705E-11  7.422E-11  4.740E-11
  285.5000  2.363E-10  3.418E-10  3.813E-10  3.301E-10  2.200E-10
  286.5000  3.449E-09  4.840E-09  5.352E-09  4.688E-09  3.230E-09
  287.5000  2.499E-08  3.393E-08  3.716E-08  3.250E-08  2.356E-08
  288.5000  1.616E-07  2.116E-07  2.293E-07  2.063E-07  1.534E-07
  289.5000  1.064E-06  1.314E-06  1.460E-06  1.327E-06  1.015E-06
  290.5000  4.964E-06  6.199E-06  6.622E-06  6.071E-06  4.755E-06
  291.5000  1.857E-05  2.263E-05  2.400E-05  2.221E-05  1.787E-05
  292.5000  5.111E-05  6.104E-05  6.434E-05  6.002E-05  4.938E-05
  293.5000  1.672E-04  1.959E-04  2.053E-04  1.930E-04  1.621E-04
  294.5000  3.501E-04  4.042E-04  4.218E-04  3.987E-04  3.405E-04
  295.5000  9.747E-04  1.108E-03  1.151E-03  1.094E-03  9.509E-04
  296.5000  1.852E-03  2.078E-03  2.150E-03  2.042E-03  1.812E-03
  297.5000  3.826E-03  4.242E-03  4.374E-03  4.201E-03  3.750E-03
  298.5000  4.859E-03  5.336E-03  5.486E-03  5.289E-03  4.772E-03
  299.5000  1.150E-02  1.252E-02  1.283E-02  1.242E-02  1.132E-02
  300.5000  1.129E-02  1.220E-02  1.248E-02  1.211E-02  1.112E-02
  301.5000  2.356E-02  2.526E-02  2.580E-02  2.510E-02  2.324E-02
  302.5000  3.035E-02  3.239E-02  3.302E-02  3.219E-02  2.997E-02
  303.5000  5.386E-02  5.713E-02  5.815E-02  5.681E-02  5.325E-02
  304.5000  6.030E-02  6.375E-02  6.482E-02  6.342E-02  5.966E-02
  305.5000  8.249E-02  8.677E-02  8.808E-02  8.635E-02  8.168E-02
  306.5000  8.747E-02  9.181E-02  9.314E-02  9.139E-02  8.666E-02
  307.5000  1.299E-01  1.358E-01  1.376E-01  1.352E-01  1.288E-01
  308.5000  1.471E-01  1.535E-01  1.555E-01  1.529E-01  1.459E-01
  309.5000  1.321E-01  1.375E-01  1.392E-01  1.370E-01  1.311E-01
  310.5000  1.824E-01  1.895E-01  1.916E-01  1.888E-01  1.811E-01
  311.5000  2.369E-01  2.457E-01  2.484E-01  2.449E-01  2.353E-01
  312.5000  2.348E-01  2.430E-01  2.455E-01  2.422E-01  2.333E-01
  313.5000  2.673E-01  2.765E-01  2.793E-01  2.756E-01  2.656E-01
  314.5000  2.707E-01  2.794E-01  2.821E-01  2.786E-01  2.690E-01
  315.5000  2.802E-01  2.891E-01  2.918E-01  2.882E-01  2.785E-01
  316.5000  2.818E-01  2.903E-01  2.929E-01  2.895E-01  2.802E-01
  317.5000  3.985E-01  4.105E-01  4.142E-01  4.094E-01  3.962E-01
  318.5000  3.162E-01  3.253E-01  3.280E-01  3.244E-01  3.145E-01
  319.5000  3.864E-01  3.974E-01  4.007E-01  3.963E-01  3.843E-01
  320.5000  4.689E-01  4.843E-01  4.883E-01  4.830E-01  4.686E-01
  321.5000  4.029E-01  4.137E-01  4.170E-01  4.127E-01  4.009E-01
  322.5000  4.033E-01  4.129E-01  4.179E-01  4.134E-01  4.012E-01
  323.5000  4.190E-01  4.299E-01  4.332E-01  4.289E-01  4.169E-01
  324.5000  4.915E-01  5.043E-01  5.082E-01  5.031E-01  4.891E-01
  325.5000  5.502E-01  5.647E-01  5.691E-01  5.633E-01  5.475E-01
  326.5000  6.690E-01  6.858E-01  6.910E-01  6.842E-01  6.658E-01
  327.5000  6.220E-01  6.379E-01  6.427E-01  6.363E-01  6.184E-01
  328.5000  5.742E-01  5.888E-01  5.933E-01  5.874E-01  5.715E-01
  329.5000  7.463E-01  7.647E-01  7.703E-01  7.630E-01  7.429E-01
  330.5000  6.777E-01  6.946E-01  6.996E-01  6.930E-01  6.745E-01
  331.5000  6.694E-01  6.861E-01  6.911E-01  6.845E-01  6.663E-01
  332.5000  6.602E-01  6.762E-01  6.811E-01  6.747E-01  6.571E-01
  333.5000  6.197E-01  6.350E-01  6.396E-01  6.335E-01  6.169E-01
  334.5000  6.925E-01  7.094E-01  7.145E-01  7.078E-01  6.893E-01
  335.5000  7.023E-01  7.191E-01  7.243E-01  7.175E-01  6.991E-01
  336.5000  5.488E-01  5.620E-01  5.660E-01  5.607E-01  5.463E-01
  337.5000  6.020E-01  6.165E-01  6.210E-01  6.152E-01  5.992E-01
  338.5000  6.356E-01  6.508E-01  6.554E-01  6.494E-01  6.327E-01
  339.5000  6.908E-01  7.073E-01  7.123E-01  7.057E-01  6.877E-01
  340.5000  7.382E-01  7.559E-01  7.612E-01  7.542E-01  7.349E-01
  341.5000  6.557E-01  6.712E-01  6.759E-01  6.697E-01  6.527E-01
  342.5000  7.262E-01  7.433E-01  7.485E-01  7.417E-01  7.229E-01
  343.5000  7.540E-01  7.718E-01  7.772E-01  7.701E-01  7.506E-01
  344.5000  5.283E-01  5.408E-01  5.446E-01  5.396E-01  5.259E-01
  345.5000  7.237E-01  7.407E-01  7.459E-01  7.391E-01  7.205E-01
  346.5000  6.767E-01  6.926E-01  6.975E-01  6.911E-01  6.737E-01
  347.5000  6.610E-01  6.765E-01  6.812E-01  6.750E-01  6.581E-01
  348.5000  7.263E-01  7.433E-01  7.484E-01  7.416E-01  7.231E-01
  349.5000  6.084E-01  6.227E-01  6.270E-01  6.213E-01  6.058E-01
  350.5000  8.516E-01  8.715E-01  8.775E-01  8.696E-01  8.479E-01
  351.5000  7.337E-01  7.508E-01  7.560E-01  7.492E-01  7.305E-01
  352.5000  6.615E-01  6.769E-01  6.816E-01  6.754E-01  6.586E-01
  353.5000  7.961E-01  8.145E-01  8.201E-01  8.127E-01  7.926E-01
  354.5000  8.613E-01  8.812E-01  8.872E-01  8.793E-01  8.575E-01
  355.5000  8.046E-01  8.232E-01  8.289E-01  8.214E-01  8.011E-01
  356.5000  7.465E-01  7.637E-01  7.689E-01  7.620E-01  7.432E-01
  357.5000  6.345E-01  6.491E-01  6.536E-01  6.477E-01  6.318E-01
  358.5000  4.895E-01  5.007E-01  5.041E-01  4.997E-01  4.874E-01
  359.5000  8.235E-01  8.424E-01  8.481E-01  8.406E-01  8.199E-01
  360.5000  7.631E-01  7.805E-01  7.858E-01  7.789E-01  7.597E-01
  361.5000  6.877E-01  7.034E-01  7.082E-01  7.019E-01  6.847E-01
  362.5000  8.073E-01  8.257E-01  8.313E-01  8.240E-01  8.038E-01
  363.5000  7.179E-01  7.343E-01  7.393E-01  7.327E-01  7.148E-01
  364.5000  7.829E-01  8.007E-01  8.061E-01  7.990E-01  7.795E-01
  365.5000  9.537E-01  9.753E-01  9.819E-01  9.733E-01  9.496E-01
  366.5000  1.009E+00  1.032E+00  1.039E+00  1.030E+00  1.005E+00
  367.5000  9.576E-01  9.793E-01  9.859E-01  9.773E-01  9.535E-01
  368.5000  8.410E-01  8.600E-01  8.658E-01  8.582E-01  8.374E-01
  369.5000  1.008E+00  1.031E+00  1.038E+00  1.029E+00  1.004E+00
  370.5000  9.146E-01  9.353E-01  9.415E-01  9.333E-01  9.107E-01
  371.5000  1.046E+00  1.070E+00  1.077E+00  1.068E+00  1.042E+00
  372.5000  7.726E-01  7.899E-01  7.952E-01  7.883E-01  7.693E-01
  373.5000  6.981E-01  7.138E-01  7.185E-01  7.123E-01  6.951E-01
  374.5000  7.659E-01  7.831E-01  7.883E-01  7.815E-01  7.627E-01
  375.5000  8.639E-01  8.833E-01  8.892E-01  8.814E-01  8.603E-01
  376.5000  8.624E-01  8.817E-01  8.876E-01  8.799E-01  8.588E-01
  377.5000  1.027E+00  1.050E+00  1.057E+00  1.047E+00  1.022E+00
  378.5000  1.119E+00  1.144E+00  1.151E+00  1.141E+00  1.114E+00
  379.5000  8.274E-01  8.458E-01  8.514E-01  8.441E-01  8.239E-01
  380.5000  9.948E-01  1.017E+00  1.024E+00  1.015E+00  9.906E-01
  381.5000  9.345E-01  9.553E-01  9.616E-01  9.533E-01  9.306E-01
  382.5000  6.225E-01  6.363E-01  6.405E-01  6.350E-01  6.199E-01
  383.5000  5.465E-01  5.586E-01  5.623E-01  5.574E-01  5.442E-01
  384.5000  8.199E-01  8.380E-01  8.435E-01  8.363E-01  8.165E-01
  385.5000  8.110E-01  8.289E-01  8.343E-01  8.272E-01  8.076E-01
  386.5000  8.264E-01  8.447E-01  8.502E-01  8.429E-01  8.230E-01
  387.5000  7.678E-01  7.848E-01  7.899E-01  7.832E-01  7.646E-01
  388.5000  7.695E-01  7.864E-01  7.915E-01  7.848E-01  7.662E-01
  389.5000  9.701E-01  9.914E-01  9.979E-01  9.894E-01  9.661E-01
  390.5000  9.526E-01  9.735E-01  9.799E-01  9.715E-01  9.487E-01
  391.5000  1.130E+00  1.155E+00  1.162E+00  1.152E+00  1.125E+00
  392.5000  8.471E-01  8.656E-01  8.713E-01  8.639E-01  8.436E-01
  393.5000  3.682E-01  3.762E-01  3.787E-01  3.755E-01  3.667E-01
  394.5000  8.662E-01  8.851E-01  8.908E-01  8.833E-01  8.626E-01
  395.5000  1.114E+00  1.139E+00  1.146E+00  1.136E+00  1.110E+00
  396.5000  6.541E-01  6.684E-01  6.727E-01  6.670E-01  6.514E-01
  397.5000  7.546E-01  7.711E-01  7.761E-01  7.695E-01  7.515E-01
  398.5000  1.296E+00  1.325E+00  1.333E+00  1.322E+00  1.291E+00
  399.5000  1.348E+00  1.378E+00  1.386E+00  1.375E+00  1.343E+00
  400.5000  1.417E+00  1.448E+00  1.457E+00  1.445E+00  1.411E+00
  401.5000  1.458E+00  1.489E+00  1.499E+00  1.486E+00  1.452E+00
  402.5000  1.513E+00  1.546E+00  1.556E+00  1.543E+00  1.507E+00
  403.5000  1.385E+00  1.415E+00  1.424E+00  1.412E+00  1.379E+00
  404.5000  1.358E+00  1.387E+00  1.396E+00  1.384E+00  1.352E+00
  405.5000  1.410E+00  1.441E+00  1.450E+00  1.438E+00  1.404E+00
  406.5000  1.328E+00  1.357E+00  1.365E+00  1.354E+00  1.323E+00
  407.5000  1.339E+00  1.368E+00  1.376E+00  1.365E+00  1.333E+00
  408.5000  1.491E+00  1.523E+00  1.532E+00  1.520E+00  1.485E+00
  409.5000  1.461E+00  1.492E+00  1.502E+00  1.489E+00  1.455E+00
  410.5000  1.267E+00  1.294E+00  1.302E+00  1.291E+00  1.262E+00
  411.5000  1.522E+00  1.555E+00  1.565E+00  1.552E+00  1.516E+00
  412.5000  1.509E+00  1.541E+00  1.551E+00  1.538E+00  1.503E+00
  413.5000  1.463E+00  1.494E+00  1.504E+00  1.491E+00  1.457E+00
  414.5000  1.503E+00  1.536E+00  1.545E+00  1.532E+00  1.497E+00
  415.5000  1.438E+00  1.468E+00  1.478E+00  1.465E+00  1.432E+00
  416.5000  1.564E+00  1.598E+00  1.608E+00  1.595E+00  1.558E+00
  417.5000  1.430E+00  1.460E+00  1.470E+00  1.458E+00  1.424E+00
  418.5000  1.441E+00  1.472E+00  1.481E+00  1.469E+00  1.435E+00
  419.5000  1.488E+00  1.520E+00  1.530E+00  1.517E+00  1.482E+00
------------------------------------------------------------
Dose rates, W m-2
   1 = UV-B, 280-315 nm                                  
   2 = UV-A, 315-400 nm                                  
   3 = Gaussian, 320 nm, 10 nm FWHM                      
   4 = RB Meter, model 501                               
   5 = DNA damage, in vitro (Setlow, 1974)               
   6 = UV index (WMO, 1994; Webb et al., 2011)           
   7 = Previtamin-D3 (CIE 2006)                          
values at z =      0.000 km
Columns: time, sza, weighting spectra
time, hrs.  sza, deg.          1          2          3          4          5          6          7
   11.0000     21.112  1.974E+00  6.253E+01  3.971E-01  5.785E-01  6.447E-03  1.098E+01  5.451E-01
   11.5000     18.228  2.056E+00  6.398E+01  4.083E-01  6.047E-01  6.867E-03  1.150E+01  5.725E-01
   12.0000     17.263  2.081E+00  6.443E+01  4.118E-01  6.127E-01  6.997E-03  1.166E+01  5.809E-01
   12.5000     18.523  2.048E+00  6.385E+01  4.074E-01  6.021E-01  6.824E-03  1.145E+01  5.698E-01
   13.0000     21.617  1.959E+00  6.226E+01  3.951E-01  5.737E-01  6.370E-03  1.088E+01  5.401E-01
------------------------------------------------------------
