Spectral Irradiance, W m-2 nm-1
values at z =      0.000 km
Columns: wavelength (nm), times (hrs.) or sza (deg.)
    wc, nm     11.000     11.500     12.000     12.500     13.000
    sza =      44.328     43.512     43.512     44.327     45.907
  280.5000  8.509E-25  1.727E-24  1.727E-24  8.520E-25  1.991E-25
  281.5000  2.399E-22  4.567E-22  4.567E-22  2.402E-22  6.403E-23
  282.5000  2.088E-20  3.763E-20  3.763E-20  2.091E-20  6.240E-21
  283.5000  3.443E-19  5.987E-19  5.987E-19  3.446E-19  1.107E-19
  284.5000  3.428E-17  5.585E-17  5.585E-17  3.431E-17  1.260E-17
  285.5000  6.448E-16  1.001E-15  1.001E-15  6.453E-16  2.615E-16
  286.5000  2.774E-14  4.152E-14  4.152E-14  2.776E-14  1.214E-14
  287.5000  6.673E-13  9.586E-13  9.586E-13  6.677E-13  3.113E-13
  288.5000  1.588E-11  2.182E-11  2.182E-11  1.589E-11  8.279E-12
  289.5000  2.656E-10  3.536E-10  3.536E-10  2.658E-10  1.479E-10
  290.5000  2.714E-09  3.518E-09  3.518E-09  2.715E-09  1.596E-09
  291.5000  2.467E-08  3.103E-08  3.103E-08  2.468E-08  1.544E-08
  292.5000  1.405E-07  1.724E-07  1.724E-07  1.405E-07  9.247E-08
  293.5000  9.107E-07  1.092E-06  1.092E-06  9.111E-07  6.287E-07
  294.5000  3.258E-06  3.835E-06  3.835E-06  3.259E-06  2.334E-06
  295.5000  1.602E-05  1.850E-05  1.850E-05  1.603E-05  1.194E-05
  296.5000  4.882E-05  5.548E-05  5.548E-05  4.884E-05  3.760E-05
  297.5000  1.525E-04  1.709E-04  1.709E-04  1.526E-04  1.209E-04
  298.5000  2.745E-04  3.040E-04  3.040E-04  2.746E-04  2.229E-04
  299.5000  9.031E-04  9.891E-04  9.891E-04  9.033E-04  7.500E-04
  300.5000  1.140E-03  1.238E-03  1.238E-03  1.140E-03  9.634E-04
  301.5000  3.126E-03  3.364E-03  3.364E-03  3.126E-03  2.691E-03
  302.5000  4.816E-03  5.151E-03  5.151E-03  4.816E-03  4.197E-03
  303.5000  1.055E-02  1.121E-02  1.121E-02  1.056E-02  9.313E-03
  304.5000  1.335E-02  1.412E-02  1.412E-02  1.335E-02  1.190E-02
  305.5000  2.188E-02  2.301E-02  2.301E-02  2.188E-02  1.975E-02
  306.5000  2.509E-02  2.631E-02  2.631E-02  2.509E-02  2.277E-02
  307.5000  4.323E-02  4.511E-02  4.511E-02  4.323E-02  3.963E-02
  308.5000  5.184E-02  5.400E-02  5.400E-02  5.185E-02  4.772E-02
  309.5000  5.138E-02  5.334E-02  5.334E-02  5.138E-02  4.761E-02
  310.5000  7.609E-02  7.881E-02  7.881E-02  7.609E-02  7.085E-02
  311.5000  1.035E-01  1.070E-01  1.070E-01  1.035E-01  9.667E-02
  312.5000  1.113E-01  1.148E-01  1.148E-01  1.113E-01  1.046E-01
  313.5000  1.293E-01  1.333E-01  1.333E-01  1.293E-01  1.216E-01
  314.5000  1.404E-01  1.444E-01  1.444E-01  1.404E-01  1.327E-01
  315.5000  1.471E-01  1.512E-01  1.512E-01  1.471E-01  1.392E-01
  316.5000  1.562E-01  1.602E-01  1.602E-01  1.562E-01  1.483E-01
  317.5000  2.212E-01  2.269E-01  2.269E-01  2.212E-01  2.100E-01
  318.5000  1.844E-01  1.888E-01  1.888E-01  1.844E-01  1.757E-01
  319.5000  2.276E-01  2.330E-01  2.330E-01  2.276E-01  2.170E-01
  320.5000  2.808E-01  2.874E-01  2.874E-01  2.808E-01  2.679E-01
  321.5000  2.513E-01  2.568E-01  2.568E-01  2.513E-01  2.405E-01
  322.5000  2.433E-01  2.489E-01  2.489E-01  2.433E-01  2.324E-01
  323.5000  2.669E-01  2.725E-01  2.725E-01  2.669E-01  2.558E-01
  324.5000  3.127E-01  3.193E-01  3.194E-01  3.127E-01  2.996E-01
  325.5000  3.479E-01  3.553E-01  3.554E-01  3.479E-01  3.333E-01
  326.5000  4.389E-01  4.478E-01  4.478E-01  4.389E-01  4.216E-01
  327.5000  4.036E-01  4.119E-01  4.119E-01  4.037E-01  3.874E-01
  328.5000  3.730E-01  3.807E-01  3.807E-01  3.731E-01  3.581E-01
  329.5000  4.984E-01  5.081E-01  5.081E-01  4.984E-01  4.793E-01
  330.5000  4.478E-01  4.567E-01  4.567E-01  4.479E-01  4.304E-01
  331.5000  4.416E-01  4.505E-01  4.505E-01  4.417E-01  4.244E-01
  332.5000  4.444E-01  4.529E-01  4.529E-01  4.444E-01  4.276E-01
  333.5000  4.140E-01  4.221E-01  4.221E-01  4.140E-01  3.982E-01
  334.5000  4.649E-01  4.738E-01  4.738E-01  4.649E-01  4.472E-01
  335.5000  4.761E-01  4.851E-01  4.851E-01  4.761E-01  4.583E-01
  336.5000  3.712E-01  3.783E-01  3.783E-01  3.713E-01  3.574E-01
  337.5000  4.049E-01  4.127E-01  4.127E-01  4.049E-01  3.896E-01
  338.5000  4.319E-01  4.401E-01  4.401E-01  4.319E-01  4.159E-01
  339.5000  4.703E-01  4.792E-01  4.792E-01  4.704E-01  4.530E-01
  340.5000  5.012E-01  5.106E-01  5.106E-01  5.012E-01  4.826E-01
  341.5000  4.476E-01  4.559E-01  4.559E-01  4.476E-01  4.311E-01
  342.5000  4.964E-01  5.057E-01  5.057E-01  4.965E-01  4.782E-01
  343.5000  5.149E-01  5.245E-01  5.245E-01  5.149E-01  4.960E-01
  344.5000  3.603E-01  3.671E-01  3.671E-01  3.603E-01  3.471E-01
  345.5000  4.962E-01  5.054E-01  5.054E-01  4.962E-01  4.782E-01
  346.5000  4.630E-01  4.716E-01  4.716E-01  4.630E-01  4.461E-01
  347.5000  4.526E-01  4.610E-01  4.610E-01  4.527E-01  4.362E-01
  348.5000  4.981E-01  5.073E-01  5.073E-01  4.982E-01  4.800E-01
  349.5000  4.175E-01  4.252E-01  4.252E-01  4.175E-01  4.024E-01
  350.5000  5.848E-01  5.956E-01  5.956E-01  5.849E-01  5.637E-01
  351.5000  5.040E-01  5.132E-01  5.133E-01  5.040E-01  4.857E-01
  352.5000  4.548E-01  4.631E-01  4.631E-01  4.548E-01  4.384E-01
  353.5000  5.478E-01  5.579E-01  5.579E-01  5.479E-01  5.281E-01
  354.5000  5.933E-01  6.042E-01  6.042E-01  5.933E-01  5.720E-01
  355.5000  5.546E-01  5.647E-01  5.647E-01  5.546E-01  5.347E-01
  356.5000  5.148E-01  5.242E-01  5.242E-01  5.148E-01  4.963E-01
  357.5000  4.378E-01  4.458E-01  4.458E-01  4.378E-01  4.221E-01
  358.5000  3.380E-01  3.441E-01  3.441E-01  3.380E-01  3.259E-01
  359.5000  5.689E-01  5.792E-01  5.792E-01  5.689E-01  5.486E-01
  360.5000  5.274E-01  5.370E-01  5.370E-01  5.274E-01  5.086E-01
  361.5000  4.756E-01  4.843E-01  4.843E-01  4.757E-01  4.587E-01
  362.5000  5.587E-01  5.688E-01  5.688E-01  5.587E-01  5.389E-01
  363.5000  4.971E-01  5.061E-01  5.061E-01  4.971E-01  4.795E-01
  364.5000  5.424E-01  5.521E-01  5.521E-01  5.424E-01  5.232E-01
  365.5000  6.610E-01  6.728E-01  6.729E-01  6.610E-01  6.376E-01
  366.5000  6.997E-01  7.122E-01  7.123E-01  6.997E-01  6.750E-01
  367.5000  6.645E-01  6.764E-01  6.764E-01  6.645E-01  6.411E-01
  368.5000  5.838E-01  5.943E-01  5.943E-01  5.839E-01  5.633E-01
  369.5000  7.004E-01  7.130E-01  7.130E-01  7.005E-01  6.758E-01
  370.5000  6.356E-01  6.469E-01  6.469E-01  6.356E-01  6.133E-01
  371.5000  7.274E-01  7.403E-01  7.404E-01  7.274E-01  7.019E-01
  372.5000  5.374E-01  5.470E-01  5.470E-01  5.374E-01  5.186E-01
  373.5000  4.858E-01  4.944E-01  4.944E-01  4.858E-01  4.688E-01
  374.5000  5.333E-01  5.427E-01  5.427E-01  5.333E-01  5.147E-01
  375.5000  6.018E-01  6.125E-01  6.125E-01  6.018E-01  5.808E-01
  376.5000  6.010E-01  6.117E-01  6.117E-01  6.011E-01  5.801E-01
  377.5000  7.158E-01  7.285E-01  7.285E-01  7.159E-01  6.909E-01
  378.5000  7.803E-01  7.941E-01  7.941E-01  7.804E-01  7.532E-01
  379.5000  5.774E-01  5.876E-01  5.876E-01  5.774E-01  5.574E-01
  380.5000  6.945E-01  7.068E-01  7.068E-01  6.946E-01  6.705E-01
  381.5000  6.527E-01  6.642E-01  6.642E-01  6.528E-01  6.302E-01
  382.5000  4.350E-01  4.427E-01  4.427E-01  4.350E-01  4.200E-01
  383.5000  3.821E-01  3.888E-01  3.888E-01  3.821E-01  3.689E-01
  384.5000  5.734E-01  5.835E-01  5.835E-01  5.735E-01  5.537E-01
  385.5000  5.674E-01  5.774E-01  5.774E-01  5.675E-01  5.479E-01
  386.5000  5.785E-01  5.886E-01  5.886E-01  5.786E-01  5.586E-01
  387.5000  5.377E-01  5.471E-01  5.471E-01  5.378E-01  5.193E-01
  388.5000  5.391E-01  5.485E-01  5.485E-01  5.391E-01  5.206E-01
  389.5000  6.799E-01  6.918E-01  6.918E-01  6.800E-01  6.567E-01
  390.5000  6.680E-01  6.796E-01  6.796E-01  6.680E-01  6.451E-01
  391.5000  7.926E-01  8.064E-01  8.064E-01  7.926E-01  7.655E-01
  392.5000  5.944E-01  6.048E-01  6.048E-01  5.945E-01  5.742E-01
  393.5000  2.585E-01  2.630E-01  2.630E-01  2.585E-01  2.497E-01
  394.5000  6.083E-01  6.189E-01  6.189E-01  6.084E-01  5.876E-01
  395.5000  7.828E-01  7.964E-01  7.964E-01  7.829E-01  7.562E-01
  396.5000  4.598E-01  4.677E-01  4.677E-01  4.598E-01  4.442E-01
  397.5000  5.306E-01  5.398E-01  5.398E-01  5.307E-01  5.127E-01
  398.5000  9.120E-01  9.277E-01  9.277E-01  9.121E-01  8.811E-01
  399.5000  9.488E-01  9.651E-01  9.651E-01  9.488E-01  9.167E-01
  400.5000  9.976E-01  1.015E+00  1.015E+00  9.977E-01  9.639E-01
  401.5000  1.027E+00  1.044E+00  1.044E+00  1.027E+00  9.920E-01
  402.5000  1.066E+00  1.084E+00  1.084E+00  1.066E+00  1.030E+00
  403.5000  9.759E-01  9.926E-01  9.926E-01  9.759E-01  9.430E-01
  404.5000  9.573E-01  9.737E-01  9.737E-01  9.574E-01  9.251E-01
  405.5000  9.947E-01  1.012E+00  1.012E+00  9.947E-01  9.612E-01
  406.5000  9.370E-01  9.530E-01  9.530E-01  9.371E-01  9.056E-01
  407.5000  9.448E-01  9.610E-01  9.610E-01  9.449E-01  9.132E-01
  408.5000  1.052E+00  1.070E+00  1.070E+00  1.053E+00  1.017E+00
  409.5000  1.032E+00  1.049E+00  1.049E+00  1.032E+00  9.974E-01
  410.5000  8.951E-01  9.103E-01  9.103E-01  8.951E-01  8.651E-01
  411.5000  1.076E+00  1.094E+00  1.094E+00  1.076E+00  1.040E+00
  412.5000  1.067E+00  1.085E+00  1.085E+00  1.067E+00  1.031E+00
  413.5000  1.035E+00  1.052E+00  1.052E+00  1.035E+00  1.000E+00
  414.5000  1.064E+00  1.082E+00  1.082E+00  1.064E+00  1.028E+00
  415.5000  1.018E+00  1.035E+00  1.035E+00  1.018E+00  9.838E-01
  416.5000  1.108E+00  1.126E+00  1.126E+00  1.108E+00  1.071E+00
  417.5000  1.013E+00  1.030E+00  1.030E+00  1.013E+00  9.792E-01
  418.5000  1.021E+00  1.038E+00  1.038E+00  1.021E+00  9.871E-01
  419.5000  1.055E+00  1.072E+00  1.073E+00  1.055E+00  1.020E+00
------------------------------------------------------------
Dose rates, W m-2
   1 = UV-B, 280-315 nm                                  
   2 = UV-A, 315-400 nm                                  
   3 = Gaussian, 320 nm, 10 nm FWHM                      
   4 = RB Meter, model 501                               
   5 = DNA damage, in vitro (Setlow, 1974)               
   6 = UV index (WMO, 1994; Webb et al., 2011)           
   7 = Previtamin-D3 (CIE 2006)                          
values at z =      0.000 km
Columns: time, sza, weighting spectra
time, hrs.  sza, deg.          1          2          3          4          5          6          7
   11.0000     44.328  7.884E-01  4.277E+01  2.370E-01  2.187E-01  1.490E-03  4.088E+00  1.722E-01
   11.5000     43.512  8.167E-01  4.356E+01  2.425E-01  2.265E-01  1.562E-03  4.231E+00  1.795E-01
   12.0000     43.512  8.167E-01  4.356E+01  2.425E-01  2.265E-01  1.562E-03  4.231E+00  1.795E-01
   12.5000     44.327  7.885E-01  4.277E+01  2.370E-01  2.187E-01  1.490E-03  4.089E+00  1.722E-01
   13.0000     45.907  7.341E-01  4.122E+01  2.262E-01  2.036E-01  1.354E-03  3.817E+00  1.583E-01
------------------------------------------------------------
