Spectral Irradiance, W m-2 nm-1
values at z =      0.000 km
Columns: wavelength (nm), times (hrs.) or sza (deg.)
    wc, nm     11.000     11.500     12.000     12.500     13.000
    sza =      20.614     16.672     15.410     17.422     21.819
  280.5000  7.348E-14  1.406E-13  1.675E-13  1.258E-13  5.830E-14
  281.5000  2.087E-12  3.774E-12  4.426E-12  3.409E-12  1.690E-12
  282.5000  2.530E-11  4.356E-11  5.042E-11  3.969E-11  2.085E-11
  283.5000  1.159E-10  1.933E-10  2.219E-10  1.771E-10  9.660E-11
  284.5000  1.120E-09  1.763E-09  1.992E-09  1.631E-09  9.525E-10
  285.5000  3.751E-09  5.657E-09  6.320E-09  5.272E-09  3.240E-09
  286.5000  4.285E-08  6.254E-08  6.924E-08  5.861E-08  3.745E-08
  287.5000  2.367E-07  3.330E-07  3.651E-07  3.141E-07  2.096E-07
  288.5000  1.139E-06  1.540E-06  1.671E-06  1.463E-06  1.023E-06
  289.5000  6.072E-06  7.982E-06  8.592E-06  7.616E-06  5.509E-06
  290.5000  2.372E-05  3.044E-05  3.255E-05  2.916E-05  2.170E-05
  291.5000  7.254E-05  9.061E-05  9.621E-05  8.722E-05  6.701E-05
  292.5000  1.693E-04  2.068E-04  2.183E-04  1.998E-04  1.576E-04
  293.5000  4.741E-04  5.672E-04  5.953E-04  5.500E-04  4.447E-04
  294.5000  8.791E-04  1.035E-03  1.081E-03  1.006E-03  8.296E-04
  295.5000  2.151E-03  2.489E-03  2.588E-03  2.427E-03  2.043E-03
  296.5000  3.672E-03  4.187E-03  4.338E-03  4.094E-03  3.505E-03
  297.5000  6.903E-03  7.772E-03  8.025E-03  7.615E-03  6.617E-03
  298.5000  8.097E-03  8.832E-03  9.287E-03  8.854E-03  7.792E-03
  299.5000  1.778E-02  1.961E-02  2.014E-02  1.928E-02  1.718E-02
  300.5000  1.648E-02  1.803E-02  1.848E-02  1.776E-02  1.596E-02
  301.5000  3.231E-02  3.507E-02  3.585E-02  3.458E-02  3.139E-02
  302.5000  3.996E-02  4.313E-02  4.403E-02  4.257E-02  3.889E-02
  303.5000  6.757E-02  7.246E-02  7.384E-02  7.159E-02  6.591E-02
  304.5000  7.358E-02  7.861E-02  8.002E-02  7.772E-02  7.187E-02
  305.5000  9.657E-02  1.026E-01  1.043E-01  1.015E-01  9.451E-02
  306.5000  1.006E-01  1.066E-01  1.083E-01  1.056E-01  9.854E-02
  307.5000  1.444E-01  1.523E-01  1.546E-01  1.509E-01  1.417E-01
  308.5000  1.614E-01  1.700E-01  1.724E-01  1.684E-01  1.584E-01
  309.5000  1.418E-01  1.489E-01  1.508E-01  1.476E-01  1.394E-01
  310.5000  1.926E-01  2.018E-01  2.044E-01  2.002E-01  1.895E-01
  311.5000  2.475E-01  2.589E-01  2.621E-01  2.569E-01  2.436E-01
  312.5000  2.408E-01  2.513E-01  2.542E-01  2.494E-01  2.372E-01
  313.5000  2.729E-01  2.846E-01  2.878E-01  2.826E-01  2.689E-01
  314.5000  2.720E-01  2.830E-01  2.860E-01  2.810E-01  2.682E-01
  315.5000  2.808E-01  2.904E-01  2.951E-01  2.900E-01  2.769E-01
  316.5000  2.789E-01  2.896E-01  2.925E-01  2.877E-01  2.752E-01
  317.5000  3.944E-01  4.094E-01  4.136E-01  4.068E-01  3.892E-01
  318.5000  3.094E-01  3.207E-01  3.238E-01  3.187E-01  3.055E-01
  319.5000  3.773E-01  3.909E-01  3.947E-01  3.885E-01  3.725E-01
  320.5000  4.587E-01  4.751E-01  4.796E-01  4.722E-01  4.530E-01
  321.5000  3.883E-01  4.016E-01  4.053E-01  3.993E-01  3.837E-01
  322.5000  3.918E-01  4.056E-01  4.094E-01  4.032E-01  3.862E-01
  323.5000  4.019E-01  4.154E-01  4.191E-01  4.130E-01  3.972E-01
  324.5000  4.716E-01  4.875E-01  4.919E-01  4.847E-01  4.662E-01
  325.5000  5.289E-01  5.467E-01  5.516E-01  5.436E-01  5.227E-01
  326.5000  6.376E-01  6.583E-01  6.641E-01  6.547E-01  6.300E-01
  327.5000  5.944E-01  6.139E-01  6.193E-01  6.105E-01  5.876E-01
  328.5000  5.487E-01  5.667E-01  5.717E-01  5.635E-01  5.425E-01
  329.5000  7.087E-01  7.313E-01  7.375E-01  7.273E-01  7.009E-01
  330.5000  6.451E-01  6.659E-01  6.716E-01  6.622E-01  6.380E-01
  331.5000  6.376E-01  6.580E-01  6.638E-01  6.545E-01  6.305E-01
  332.5000  6.260E-01  6.457E-01  6.511E-01  6.422E-01  6.191E-01
  333.5000  5.888E-01  6.074E-01  6.126E-01  6.042E-01  5.823E-01
  334.5000  6.572E-01  6.779E-01  6.837E-01  6.743E-01  6.501E-01
  335.5000  6.650E-01  6.858E-01  6.915E-01  6.821E-01  6.579E-01
  336.5000  5.200E-01  5.362E-01  5.407E-01  5.334E-01  5.144E-01
  337.5000  5.713E-01  5.892E-01  5.941E-01  5.860E-01  5.651E-01
  338.5000  6.018E-01  6.205E-01  6.257E-01  6.172E-01  5.954E-01
  339.5000  6.539E-01  6.741E-01  6.797E-01  6.706E-01  6.469E-01
  340.5000  6.993E-01  7.210E-01  7.270E-01  7.172E-01  6.919E-01
  341.5000  6.204E-01  6.395E-01  6.448E-01  6.361E-01  6.138E-01
  342.5000  6.870E-01  7.081E-01  7.139E-01  7.044E-01  6.797E-01
  343.5000  7.136E-01  7.355E-01  7.415E-01  7.316E-01  7.060E-01
  344.5000  5.002E-01  5.155E-01  5.198E-01  5.128E-01  4.949E-01
  345.5000  6.845E-01  7.053E-01  7.111E-01  7.017E-01  6.772E-01
  346.5000  6.404E-01  6.600E-01  6.654E-01  6.565E-01  6.337E-01
  347.5000  6.255E-01  6.445E-01  6.498E-01  6.412E-01  6.189E-01
  348.5000  6.871E-01  7.080E-01  7.137E-01  7.043E-01  6.799E-01
  349.5000  5.756E-01  5.931E-01  5.979E-01  5.900E-01  5.696E-01
  350.5000  8.057E-01  8.300E-01  8.368E-01  8.258E-01  7.972E-01
  351.5000  6.942E-01  7.152E-01  7.210E-01  7.115E-01  6.869E-01
  352.5000  6.258E-01  6.447E-01  6.499E-01  6.414E-01  6.193E-01
  353.5000  7.530E-01  7.757E-01  7.820E-01  7.717E-01  7.452E-01
  354.5000  8.146E-01  8.391E-01  8.459E-01  8.348E-01  8.061E-01
  355.5000  7.610E-01  7.839E-01  7.902E-01  7.799E-01  7.531E-01
  356.5000  7.060E-01  7.271E-01  7.330E-01  7.234E-01  6.987E-01
  357.5000  6.002E-01  6.181E-01  6.231E-01  6.150E-01  5.940E-01
  358.5000  4.630E-01  4.768E-01  4.806E-01  4.743E-01  4.582E-01
  359.5000  7.789E-01  8.021E-01  8.085E-01  7.980E-01  7.708E-01
  360.5000  7.217E-01  7.432E-01  7.491E-01  7.394E-01  7.142E-01
  361.5000  6.504E-01  6.697E-01  6.751E-01  6.663E-01  6.437E-01
  362.5000  7.635E-01  7.861E-01  7.924E-01  7.822E-01  7.557E-01
  363.5000  6.790E-01  6.991E-01  7.046E-01  6.955E-01  6.720E-01
  364.5000  7.404E-01  7.623E-01  7.684E-01  7.585E-01  7.328E-01
  365.5000  9.019E-01  9.285E-01  9.359E-01  9.239E-01  8.927E-01
  366.5000  9.542E-01  9.823E-01  9.901E-01  9.774E-01  9.445E-01
  367.5000  9.057E-01  9.323E-01  9.397E-01  9.277E-01  8.964E-01
  368.5000  7.954E-01  8.187E-01  8.252E-01  8.146E-01  7.873E-01
  369.5000  9.537E-01  9.817E-01  9.895E-01  9.768E-01  9.440E-01
  370.5000  8.650E-01  8.903E-01  8.974E-01  8.859E-01  8.562E-01
  371.5000  9.894E-01  1.018E+00  1.026E+00  1.013E+00  9.794E-01
  372.5000  7.306E-01  7.520E-01  7.579E-01  7.482E-01  7.232E-01
  373.5000  6.602E-01  6.795E-01  6.848E-01  6.761E-01  6.535E-01
  374.5000  7.244E-01  7.455E-01  7.513E-01  7.418E-01  7.171E-01
  375.5000  8.170E-01  8.408E-01  8.474E-01  8.366E-01  8.088E-01
  376.5000  8.156E-01  8.393E-01  8.459E-01  8.352E-01  8.074E-01
  377.5000  9.710E-01  9.991E-01  1.007E+00  9.942E-01  9.612E-01
  378.5000  1.058E+00  1.089E+00  1.097E+00  1.083E+00  1.047E+00
  379.5000  7.825E-01  8.051E-01  8.114E-01  8.012E-01  7.746E-01
  380.5000  9.408E-01  9.680E-01  9.755E-01  9.632E-01  9.313E-01
  381.5000  8.838E-01  9.093E-01  9.163E-01  9.048E-01  8.749E-01
  382.5000  5.887E-01  6.057E-01  6.104E-01  6.027E-01  5.828E-01
  383.5000  5.168E-01  5.317E-01  5.358E-01  5.291E-01  5.117E-01
  384.5000  7.754E-01  7.977E-01  8.039E-01  7.938E-01  7.677E-01
  385.5000  7.670E-01  7.890E-01  7.951E-01  7.851E-01  7.593E-01
  386.5000  7.816E-01  8.040E-01  8.102E-01  8.001E-01  7.738E-01
  387.5000  7.262E-01  7.470E-01  7.527E-01  7.433E-01  7.190E-01
  388.5000  7.277E-01  7.485E-01  7.543E-01  7.449E-01  7.205E-01
  389.5000  9.175E-01  9.437E-01  9.509E-01  9.391E-01  9.084E-01
  390.5000  9.009E-01  9.266E-01  9.337E-01  9.221E-01  8.920E-01
  391.5000  1.069E+00  1.099E+00  1.107E+00  1.094E+00  1.058E+00
  392.5000  8.011E-01  8.239E-01  8.302E-01  8.199E-01  7.932E-01
  393.5000  3.482E-01  3.581E-01  3.608E-01  3.564E-01  3.448E-01
  394.5000  8.192E-01  8.424E-01  8.489E-01  8.384E-01  8.111E-01
  395.5000  1.054E+00  1.084E+00  1.092E+00  1.078E+00  1.043E+00
  396.5000  6.186E-01  6.361E-01  6.410E-01  6.331E-01  6.125E-01
  397.5000  7.137E-01  7.339E-01  7.395E-01  7.304E-01  7.067E-01
  398.5000  1.226E+00  1.261E+00  1.270E+00  1.255E+00  1.214E+00
  399.5000  1.275E+00  1.311E+00  1.321E+00  1.305E+00  1.263E+00
  400.5000  1.340E+00  1.378E+00  1.389E+00  1.371E+00  1.327E+00
  401.5000  1.379E+00  1.417E+00  1.428E+00  1.411E+00  1.365E+00
  402.5000  1.431E+00  1.471E+00  1.482E+00  1.464E+00  1.417E+00
  403.5000  1.310E+00  1.346E+00  1.357E+00  1.340E+00  1.297E+00
  404.5000  1.284E+00  1.320E+00  1.330E+00  1.314E+00  1.272E+00
  405.5000  1.334E+00  1.371E+00  1.381E+00  1.365E+00  1.321E+00
  406.5000  1.256E+00  1.291E+00  1.301E+00  1.285E+00  1.244E+00
  407.5000  1.266E+00  1.302E+00  1.311E+00  1.295E+00  1.254E+00
  408.5000  1.410E+00  1.449E+00  1.460E+00  1.442E+00  1.396E+00
  409.5000  1.382E+00  1.420E+00  1.431E+00  1.414E+00  1.368E+00
  410.5000  1.198E+00  1.232E+00  1.241E+00  1.226E+00  1.187E+00
  411.5000  1.440E+00  1.480E+00  1.491E+00  1.473E+00  1.426E+00
  412.5000  1.427E+00  1.467E+00  1.478E+00  1.460E+00  1.413E+00
  413.5000  1.384E+00  1.422E+00  1.433E+00  1.415E+00  1.370E+00
  414.5000  1.422E+00  1.461E+00  1.472E+00  1.454E+00  1.408E+00
  415.5000  1.360E+00  1.398E+00  1.408E+00  1.391E+00  1.347E+00
  416.5000  1.480E+00  1.521E+00  1.532E+00  1.514E+00  1.465E+00
  417.5000  1.353E+00  1.390E+00  1.400E+00  1.383E+00  1.340E+00
  418.5000  1.363E+00  1.401E+00  1.411E+00  1.394E+00  1.350E+00
  419.5000  1.408E+00  1.447E+00  1.457E+00  1.440E+00  1.394E+00
------------------------------------------------------------
Dose rates, W m-2
   1 = UV-B, 280-315 nm                                  
   2 = UV-A, 315-400 nm                                  
   3 = Gaussian, 320 nm, 10 nm FWHM                      
   4 = RB Meter, model 501                               
   5 = DNA damage, in vitro (Setlow, 1974)               
   6 = UV index (WMO, 1994; Webb et al., 2011)           
   7 = Previtamin-D3 (CIE 2006)                          
values at z =      0.000 km
Columns: time, sza, weighting spectra
time, hrs.  sza, deg.          1          2          3          4          5          6          7
   11.0000     20.614  2.141E+00  5.930E+01  3.872E-01  6.486E-01  8.539E-03  1.262E+01  6.344E-01
   11.5000     16.672  2.252E+00  6.109E+01  4.010E-01  6.857E-01  9.251E-03  1.340E+01  6.741E-01
   12.0000     15.410  2.284E+00  6.159E+01  4.049E-01  6.966E-01  9.467E-03  1.363E+01  6.856E-01
   12.5000     17.422  2.233E+00  6.078E+01  3.986E-01  6.794E-01  9.131E-03  1.327E+01  6.672E-01
   13.0000     21.819  2.103E+00  5.868E+01  3.823E-01  6.359E-01  8.299E-03  1.235E+01  6.209E-01
------------------------------------------------------------
