Spectral Irradiance, W m-2 nm-1
values at z =      0.000 km
Columns: wavelength (nm), times (hrs.) or sza (deg.)
    wc, nm     11.000     11.500     12.000     12.500     13.000
    sza =      20.492     15.542     13.196     14.754     19.291
  280.5000  6.021E-14  1.327E-13  1.773E-13  1.471E-13  7.467E-14
  281.5000  1.744E-12  3.587E-12  4.672E-12  3.941E-12  2.123E-12
  282.5000  2.151E-11  4.166E-11  5.309E-11  4.542E-11  2.575E-11
  283.5000  9.962E-11  1.857E-10  2.333E-10  2.014E-10  1.180E-10
  284.5000  9.817E-10  1.705E-09  2.088E-09  1.833E-09  1.141E-09
  285.5000  3.337E-09  5.502E-09  6.610E-09  5.874E-09  3.824E-09
  286.5000  3.856E-08  6.107E-08  7.230E-08  6.485E-08  4.370E-08
  287.5000  2.156E-07  3.267E-07  3.805E-07  3.449E-07  2.415E-07
  288.5000  1.052E-06  1.518E-06  1.738E-06  1.593E-06  1.162E-06
  289.5000  5.662E-06  7.896E-06  8.921E-06  8.247E-06  6.198E-06
  290.5000  2.229E-05  3.020E-05  3.375E-05  3.142E-05  2.421E-05
  291.5000  6.881E-05  9.018E-05  9.961E-05  9.343E-05  7.406E-05
  292.5000  1.618E-04  2.064E-04  2.257E-04  2.131E-04  1.729E-04
  293.5000  4.562E-04  5.674E-04  6.148E-04  5.838E-04  4.841E-04
  294.5000  8.506E-04  1.037E-03  1.115E-03  1.064E-03  8.977E-04
  295.5000  2.093E-03  2.499E-03  2.667E-03  2.557E-03  2.197E-03
  296.5000  3.590E-03  4.211E-03  4.465E-03  4.300E-03  3.749E-03
  297.5000  6.776E-03  7.826E-03  8.253E-03  7.975E-03  7.047E-03
  298.5000  7.976E-03  9.093E-03  9.543E-03  9.251E-03  8.266E-03
  299.5000  1.758E-02  1.979E-02  2.068E-02  2.010E-02  1.815E-02
  300.5000  1.633E-02  1.821E-02  1.896E-02  1.848E-02  1.682E-02
  301.5000  3.210E-02  3.545E-02  3.677E-02  3.591E-02  3.298E-02
  302.5000  3.976E-02  4.362E-02  4.513E-02  4.415E-02  4.078E-02
  303.5000  6.737E-02  7.332E-02  7.565E-02  7.414E-02  6.894E-02
  304.5000  7.345E-02  7.957E-02  8.196E-02  8.041E-02  7.506E-02
  305.5000  9.656E-02  1.039E-01  1.063E-01  1.049E-01  9.850E-02
  306.5000  1.007E-01  1.080E-01  1.108E-01  1.090E-01  1.026E-01
  307.5000  1.447E-01  1.544E-01  1.581E-01  1.557E-01  1.472E-01
  308.5000  1.618E-01  1.722E-01  1.763E-01  1.737E-01  1.646E-01
  309.5000  1.423E-01  1.509E-01  1.542E-01  1.521E-01  1.446E-01
  310.5000  1.934E-01  2.046E-01  2.089E-01  2.061E-01  1.964E-01
  311.5000  2.486E-01  2.625E-01  2.679E-01  2.644E-01  2.523E-01
  312.5000  2.421E-01  2.548E-01  2.597E-01  2.565E-01  2.454E-01
  313.5000  2.744E-01  2.886E-01  2.940E-01  2.905E-01  2.782E-01
  314.5000  2.736E-01  2.870E-01  2.921E-01  2.888E-01  2.772E-01
  315.5000  2.825E-01  2.961E-01  3.014E-01  2.980E-01  2.861E-01
  316.5000  2.807E-01  2.937E-01  2.987E-01  2.955E-01  2.842E-01
  317.5000  3.969E-01  4.153E-01  4.223E-01  4.177E-01  4.018E-01
  318.5000  3.115E-01  3.253E-01  3.306E-01  3.272E-01  3.152E-01
  319.5000  3.799E-01  3.965E-01  4.029E-01  3.988E-01  3.843E-01
  320.5000  4.619E-01  4.819E-01  4.895E-01  4.846E-01  4.672E-01
  321.5000  3.912E-01  4.074E-01  4.136E-01  4.096E-01  3.955E-01
  322.5000  3.945E-01  4.114E-01  4.178E-01  4.137E-01  3.990E-01
  323.5000  4.049E-01  4.213E-01  4.276E-01  4.236E-01  4.093E-01
  324.5000  4.752E-01  4.945E-01  5.018E-01  4.971E-01  4.803E-01
  325.5000  5.328E-01  5.545E-01  5.628E-01  5.574E-01  5.386E-01
  326.5000  6.425E-01  6.678E-01  6.774E-01  6.712E-01  6.493E-01
  327.5000  5.989E-01  6.227E-01  6.317E-01  6.259E-01  6.053E-01
  328.5000  5.528E-01  5.747E-01  5.831E-01  5.777E-01  5.587E-01
  329.5000  7.142E-01  7.417E-01  7.522E-01  7.454E-01  7.216E-01
  330.5000  6.501E-01  6.750E-01  6.850E-01  6.788E-01  6.569E-01
  331.5000  6.423E-01  6.674E-01  6.769E-01  6.708E-01  6.491E-01
  332.5000  6.309E-01  6.549E-01  6.640E-01  6.581E-01  6.373E-01
  333.5000  5.933E-01  6.160E-01  6.247E-01  6.191E-01  5.994E-01
  334.5000  6.623E-01  6.875E-01  6.971E-01  6.909E-01  6.691E-01
  335.5000  6.702E-01  6.955E-01  7.051E-01  6.989E-01  6.770E-01
  336.5000  5.241E-01  5.438E-01  5.513E-01  5.465E-01  5.293E-01
  337.5000  5.757E-01  5.974E-01  6.058E-01  6.004E-01  5.815E-01
  338.5000  6.065E-01  6.292E-01  6.379E-01  6.323E-01  6.126E-01
  339.5000  6.590E-01  6.836E-01  6.930E-01  6.869E-01  6.656E-01
  340.5000  7.048E-01  7.311E-01  7.411E-01  7.346E-01  7.118E-01
  341.5000  6.252E-01  6.484E-01  6.573E-01  6.516E-01  6.314E-01
  342.5000  6.923E-01  7.179E-01  7.277E-01  7.214E-01  6.992E-01
  343.5000  7.191E-01  7.457E-01  7.558E-01  7.493E-01  7.262E-01
  344.5000  5.040E-01  5.227E-01  5.298E-01  5.252E-01  5.090E-01
  345.5000  6.898E-01  7.151E-01  7.248E-01  7.185E-01  6.965E-01
  346.5000  6.453E-01  6.691E-01  6.781E-01  6.723E-01  6.517E-01
  347.5000  6.303E-01  6.534E-01  6.623E-01  6.566E-01  6.365E-01
  348.5000  6.924E-01  7.177E-01  7.274E-01  7.211E-01  6.991E-01
  349.5000  5.800E-01  6.012E-01  6.093E-01  6.041E-01  5.857E-01
  350.5000  8.118E-01  8.414E-01  8.527E-01  8.454E-01  8.197E-01
  351.5000  6.995E-01  7.250E-01  7.347E-01  7.284E-01  7.063E-01
  352.5000  6.306E-01  6.535E-01  6.623E-01  6.566E-01  6.367E-01
  353.5000  7.587E-01  7.862E-01  7.967E-01  7.900E-01  7.661E-01
  354.5000  8.208E-01  8.505E-01  8.618E-01  8.545E-01  8.287E-01
  355.5000  7.668E-01  7.945E-01  8.051E-01  7.982E-01  7.742E-01
  356.5000  7.113E-01  7.370E-01  7.468E-01  7.405E-01  7.182E-01
  357.5000  6.047E-01  6.265E-01  6.348E-01  6.294E-01  6.105E-01
  358.5000  4.664E-01  4.832E-01  4.896E-01  4.855E-01  4.709E-01
  359.5000  7.847E-01  8.129E-01  8.236E-01  8.167E-01  7.922E-01
  360.5000  7.271E-01  7.532E-01  7.631E-01  7.567E-01  7.341E-01
  361.5000  6.553E-01  6.787E-01  6.877E-01  6.819E-01  6.615E-01
  362.5000  7.692E-01  7.967E-01  8.072E-01  8.004E-01  7.766E-01
  363.5000  6.840E-01  7.084E-01  7.177E-01  7.117E-01  6.905E-01
  364.5000  7.459E-01  7.725E-01  7.826E-01  7.761E-01  7.530E-01
  365.5000  9.086E-01  9.409E-01  9.532E-01  9.453E-01  9.173E-01
  366.5000  9.613E-01  9.954E-01  1.008E+00  1.000E+00  9.704E-01
  367.5000  9.124E-01  9.447E-01  9.570E-01  9.491E-01  9.210E-01
  368.5000  8.012E-01  8.296E-01  8.404E-01  8.334E-01  8.088E-01
  369.5000  9.607E-01  9.947E-01  1.008E+00  9.993E-01  9.698E-01
  370.5000  8.713E-01  9.021E-01  9.138E-01  9.063E-01  8.796E-01
  371.5000  9.967E-01  1.032E+00  1.045E+00  1.037E+00  1.006E+00
  372.5000  7.360E-01  7.619E-01  7.717E-01  7.654E-01  7.429E-01
  373.5000  6.650E-01  6.884E-01  6.973E-01  6.915E-01  6.713E-01
  374.5000  7.296E-01  7.553E-01  7.650E-01  7.587E-01  7.365E-01
  375.5000  8.230E-01  8.518E-01  8.628E-01  8.557E-01  8.307E-01
  376.5000  8.215E-01  8.503E-01  8.613E-01  8.542E-01  8.292E-01
  377.5000  9.780E-01  1.012E+00  1.025E+00  1.017E+00  9.871E-01
  378.5000  1.066E+00  1.103E+00  1.117E+00  1.108E+00  1.076E+00
  379.5000  7.881E-01  8.156E-01  8.261E-01  8.193E-01  7.955E-01
  380.5000  9.475E-01  9.805E-01  9.931E-01  9.850E-01  9.564E-01
  381.5000  8.901E-01  9.211E-01  9.329E-01  9.252E-01  8.984E-01
  382.5000  5.929E-01  6.135E-01  6.214E-01  6.163E-01  5.985E-01
  383.5000  5.205E-01  5.386E-01  5.454E-01  5.410E-01  5.254E-01
  384.5000  7.809E-01  8.080E-01  8.183E-01  8.116E-01  7.882E-01
  385.5000  7.724E-01  7.991E-01  8.093E-01  8.027E-01  7.796E-01
  386.5000  7.871E-01  8.143E-01  8.247E-01  8.180E-01  7.944E-01
  387.5000  7.313E-01  7.566E-01  7.662E-01  7.600E-01  7.381E-01
  388.5000  7.329E-01  7.581E-01  7.677E-01  7.615E-01  7.396E-01
  389.5000  9.239E-01  9.557E-01  9.678E-01  9.600E-01  9.325E-01
  390.5000  9.073E-01  9.385E-01  9.503E-01  9.427E-01  9.156E-01
  391.5000  1.076E+00  1.113E+00  1.127E+00  1.118E+00  1.086E+00
  392.5000  8.067E-01  8.344E-01  8.449E-01  8.381E-01  8.141E-01
  393.5000  3.506E-01  3.627E-01  3.672E-01  3.643E-01  3.539E-01
  394.5000  8.249E-01  8.531E-01  8.639E-01  8.569E-01  8.325E-01
  395.5000  1.061E+00  1.097E+00  1.111E+00  1.102E+00  1.071E+00
  396.5000  6.229E-01  6.442E-01  6.523E-01  6.471E-01  6.286E-01
  397.5000  7.187E-01  7.432E-01  7.525E-01  7.465E-01  7.252E-01
  398.5000  1.235E+00  1.277E+00  1.293E+00  1.282E+00  1.246E+00
  399.5000  1.284E+00  1.328E+00  1.344E+00  1.333E+00  1.296E+00
  400.5000  1.350E+00  1.395E+00  1.413E+00  1.402E+00  1.362E+00
  401.5000  1.388E+00  1.435E+00  1.453E+00  1.442E+00  1.401E+00
  402.5000  1.441E+00  1.490E+00  1.508E+00  1.496E+00  1.454E+00
  403.5000  1.319E+00  1.363E+00  1.380E+00  1.369E+00  1.331E+00
  404.5000  1.293E+00  1.337E+00  1.353E+00  1.343E+00  1.305E+00
  405.5000  1.343E+00  1.388E+00  1.406E+00  1.394E+00  1.355E+00
  406.5000  1.265E+00  1.307E+00  1.324E+00  1.313E+00  1.276E+00
  407.5000  1.275E+00  1.318E+00  1.334E+00  1.324E+00  1.286E+00
  408.5000  1.419E+00  1.467E+00  1.485E+00  1.474E+00  1.432E+00
  409.5000  1.391E+00  1.438E+00  1.456E+00  1.444E+00  1.404E+00
  410.5000  1.206E+00  1.247E+00  1.262E+00  1.252E+00  1.217E+00
  411.5000  1.450E+00  1.498E+00  1.517E+00  1.505E+00  1.463E+00
  412.5000  1.437E+00  1.485E+00  1.503E+00  1.491E+00  1.449E+00
  413.5000  1.393E+00  1.440E+00  1.457E+00  1.446E+00  1.406E+00
  414.5000  1.432E+00  1.479E+00  1.498E+00  1.486E+00  1.444E+00
  415.5000  1.369E+00  1.415E+00  1.432E+00  1.421E+00  1.381E+00
  416.5000  1.490E+00  1.539E+00  1.558E+00  1.546E+00  1.503E+00
  417.5000  1.362E+00  1.407E+00  1.424E+00  1.413E+00  1.374E+00
  418.5000  1.372E+00  1.418E+00  1.435E+00  1.424E+00  1.384E+00
  419.5000  1.417E+00  1.464E+00  1.482E+00  1.471E+00  1.430E+00
------------------------------------------------------------
Dose rates, W m-2
   1 = UV-B, 280-315 nm                                  
   2 = UV-A, 315-400 nm                                  
   3 = Gaussian, 320 nm, 10 nm FWHM                      
   4 = RB Meter, model 501                               
   5 = DNA damage, in vitro (Setlow, 1974)               
   6 = UV index (WMO, 1994; Webb et al., 2011)           
   7 = Previtamin-D3 (CIE 2006)                          
values at z =      0.000 km
Columns: time, sza, weighting spectra
time, hrs.  sza, deg.          1          2          3          4          5          6          7
   11.0000     20.492  2.147E+00  5.974E+01  3.899E-01  6.493E-01  8.484E-03  1.262E+01  6.342E-01
   11.5000     15.542  2.282E+00  6.191E+01  4.068E-01  6.949E-01  9.358E-03  1.357E+01  6.828E-01
   12.0000     13.196  2.335E+00  6.274E+01  4.133E-01  7.124E-01  9.704E-03  1.394E+01  7.014E-01
   12.5000     14.754  2.301E+00  6.220E+01  4.091E-01  7.011E-01  9.481E-03  1.370E+01  6.894E-01
   13.0000     19.291  2.183E+00  6.032E+01  3.944E-01  6.614E-01  8.712E-03  1.287E+01  6.470E-01
------------------------------------------------------------
