Spectral Irradiance, W m-2 nm-1
values at z =      0.000 km
Columns: wavelength (nm), times (hrs.) or sza (deg.)
    wc, nm     11.000     11.500     12.000     12.500     13.000
    sza =      61.343     59.947     59.357     59.595     60.652
  280.5000  2.829E-28  3.910E-28  4.780E-28  4.377E-28  3.260E-28
  281.5000  1.159E-25  1.655E-25  2.075E-25  1.879E-25  1.352E-25
  282.5000  1.407E-23  2.088E-23  2.686E-23  2.407E-23  1.666E-23
  283.5000  2.889E-22  4.425E-22  5.794E-22  5.154E-22  3.465E-22
  284.5000  4.492E-20  7.372E-20  9.951E-20  8.751E-20  5.556E-20
  285.5000  1.212E-18  2.106E-18  2.893E-18  2.529E-18  1.542E-18
  286.5000  7.056E-17  1.280E-16  1.773E-16  1.546E-16  9.188E-17
  287.5000  2.470E-15  4.660E-15  6.466E-15  5.645E-15  3.295E-15
  288.5000  9.341E-14  1.805E-13  2.481E-13  2.177E-13  1.270E-13
  289.5000  2.255E-12  4.357E-12  5.913E-12  5.220E-12  3.083E-12
  290.5000  3.214E-11  6.132E-11  8.197E-11  7.285E-11  4.386E-11
  291.5000  4.393E-10  8.132E-10  1.063E-09  9.540E-10  5.932E-10
  292.5000  3.561E-09  6.355E-09  8.137E-09  7.365E-09  4.735E-09
  293.5000  3.269E-08  5.587E-08  6.997E-08  6.391E-08  4.264E-08
  294.5000  1.548E-07  2.544E-07  3.126E-07  2.878E-07  1.982E-07
  295.5000  1.035E-06  1.623E-06  1.953E-06  1.813E-06  1.296E-06
  296.5000  4.090E-06  6.148E-06  7.263E-06  6.794E-06  5.017E-06
  297.5000  1.611E-05  2.329E-05  2.705E-05  2.548E-05  1.938E-05
  298.5000  3.531E-05  4.931E-05  5.647E-05  5.348E-05  4.176E-05
  299.5000  1.402E-04  1.893E-04  2.138E-04  2.037E-04  1.631E-04
  300.5000  2.045E-04  2.690E-04  3.005E-04  2.875E-04  2.348E-04
  301.5000  6.569E-04  8.393E-04  9.265E-04  8.906E-04  7.432E-04
  302.5000  1.123E-03  1.407E-03  1.541E-03  1.486E-03  1.258E-03
  303.5000  2.785E-03  3.410E-03  3.699E-03  3.581E-03  3.084E-03
  304.5000  3.782E-03  4.569E-03  4.930E-03  4.782E-03  4.160E-03
  305.5000  6.901E-03  8.168E-03  8.741E-03  8.507E-03  7.513E-03
  306.5000  8.283E-03  9.718E-03  1.036E-02  1.010E-02  8.978E-03
  307.5000  1.560E-02  1.800E-02  1.906E-02  1.863E-02  1.677E-02
  308.5000  1.936E-02  2.219E-02  2.344E-02  2.293E-02  2.074E-02
  309.5000  2.036E-02  2.307E-02  2.426E-02  2.377E-02  2.168E-02
  310.5000  3.145E-02  3.535E-02  3.706E-02  3.636E-02  3.336E-02
  311.5000  4.399E-02  4.918E-02  5.145E-02  5.053E-02  4.654E-02
  312.5000  4.976E-02  5.510E-02  5.741E-02  5.647E-02  5.238E-02
  313.5000  5.849E-02  6.462E-02  6.727E-02  6.620E-02  6.150E-02
  314.5000  6.630E-02  7.264E-02  7.537E-02  7.427E-02  6.942E-02
  315.5000  6.999E-02  7.658E-02  7.942E-02  7.827E-02  7.323E-02
  316.5000  7.681E-02  8.351E-02  8.639E-02  8.522E-02  8.012E-02
  317.5000  1.088E-01  1.183E-01  1.224E-01  1.207E-01  1.135E-01
  318.5000  9.354E-02  1.011E-01  1.043E-01  1.030E-01  9.727E-02
  319.5000  1.162E-01  1.254E-01  1.294E-01  1.278E-01  1.208E-01
  320.5000  1.444E-01  1.557E-01  1.605E-01  1.586E-01  1.500E-01
  321.5000  1.329E-01  1.425E-01  1.466E-01  1.449E-01  1.376E-01
  322.5000  1.261E-01  1.357E-01  1.398E-01  1.382E-01  1.308E-01
  323.5000  1.430E-01  1.529E-01  1.572E-01  1.555E-01  1.479E-01
  324.5000  1.674E-01  1.791E-01  1.841E-01  1.821E-01  1.732E-01
  325.5000  1.856E-01  1.987E-01  2.043E-01  2.020E-01  1.921E-01
  326.5000  2.395E-01  2.553E-01  2.620E-01  2.593E-01  2.473E-01
  327.5000  2.188E-01  2.336E-01  2.399E-01  2.373E-01  2.261E-01
  328.5000  2.024E-01  2.161E-01  2.219E-01  2.195E-01  2.092E-01
  329.5000  2.750E-01  2.926E-01  3.000E-01  2.970E-01  2.837E-01
  330.5000  2.456E-01  2.617E-01  2.685E-01  2.657E-01  2.536E-01
  331.5000  2.421E-01  2.579E-01  2.647E-01  2.619E-01  2.499E-01
  332.5000  2.466E-01  2.621E-01  2.687E-01  2.660E-01  2.542E-01
  333.5000  2.287E-01  2.434E-01  2.496E-01  2.471E-01  2.360E-01
  334.5000  2.577E-01  2.740E-01  2.809E-01  2.781E-01  2.657E-01
  335.5000  2.655E-01  2.820E-01  2.890E-01  2.862E-01  2.737E-01
  336.5000  2.069E-01  2.198E-01  2.253E-01  2.231E-01  2.133E-01
  337.5000  2.249E-01  2.391E-01  2.451E-01  2.427E-01  2.319E-01
  338.5000  2.415E-01  2.564E-01  2.628E-01  2.602E-01  2.489E-01
  339.5000  2.633E-01  2.796E-01  2.865E-01  2.837E-01  2.714E-01
  340.5000  2.802E-01  2.976E-01  3.050E-01  3.020E-01  2.888E-01
  341.5000  2.511E-01  2.666E-01  2.731E-01  2.705E-01  2.588E-01
  342.5000  2.789E-01  2.960E-01  3.032E-01  3.003E-01  2.874E-01
  343.5000  2.892E-01  3.069E-01  3.145E-01  3.114E-01  2.980E-01
  344.5000  2.023E-01  2.147E-01  2.200E-01  2.179E-01  2.085E-01
  345.5000  2.796E-01  2.966E-01  3.038E-01  3.009E-01  2.880E-01
  346.5000  2.606E-01  2.765E-01  2.833E-01  2.806E-01  2.685E-01
  347.5000  2.550E-01  2.706E-01  2.772E-01  2.745E-01  2.627E-01
  348.5000  2.810E-01  2.981E-01  3.053E-01  3.024E-01  2.895E-01
  349.5000  2.357E-01  2.500E-01  2.561E-01  2.536E-01  2.428E-01
  350.5000  3.304E-01  3.505E-01  3.589E-01  3.555E-01  3.403E-01
  351.5000  2.848E-01  3.021E-01  3.095E-01  3.065E-01  2.934E-01
  352.5000  2.573E-01  2.729E-01  2.795E-01  2.768E-01  2.650E-01
  353.5000  3.102E-01  3.290E-01  3.369E-01  3.337E-01  3.195E-01
  354.5000  3.363E-01  3.566E-01  3.652E-01  3.617E-01  3.464E-01
  355.5000  3.146E-01  3.336E-01  3.416E-01  3.383E-01  3.240E-01
  356.5000  2.922E-01  3.098E-01  3.172E-01  3.142E-01  3.009E-01
  357.5000  2.486E-01  2.636E-01  2.699E-01  2.674E-01  2.561E-01
  358.5000  1.921E-01  2.037E-01  2.085E-01  2.066E-01  1.978E-01
  359.5000  3.236E-01  3.430E-01  3.512E-01  3.479E-01  3.332E-01
  360.5000  3.002E-01  3.182E-01  3.258E-01  3.228E-01  3.091E-01
  361.5000  2.710E-01  2.872E-01  2.941E-01  2.913E-01  2.790E-01
  362.5000  3.185E-01  3.376E-01  3.456E-01  3.424E-01  3.280E-01
  363.5000  2.836E-01  3.005E-01  3.077E-01  3.048E-01  2.920E-01
  364.5000  3.096E-01  3.281E-01  3.359E-01  3.328E-01  3.188E-01
  365.5000  3.776E-01  4.001E-01  4.096E-01  4.058E-01  3.887E-01
  366.5000  4.000E-01  4.238E-01  4.339E-01  4.298E-01  4.118E-01
  367.5000  3.801E-01  4.027E-01  4.123E-01  4.084E-01  3.913E-01
  368.5000  3.342E-01  3.541E-01  3.625E-01  3.591E-01  3.441E-01
  369.5000  4.012E-01  4.250E-01  4.351E-01  4.310E-01  4.130E-01
  370.5000  3.643E-01  3.859E-01  3.950E-01  3.914E-01  3.750E-01
  371.5000  4.172E-01  4.419E-01  4.524E-01  4.482E-01  4.295E-01
  372.5000  3.085E-01  3.267E-01  3.344E-01  3.313E-01  3.175E-01
  373.5000  2.790E-01  2.955E-01  3.025E-01  2.997E-01  2.872E-01
  374.5000  3.065E-01  3.246E-01  3.322E-01  3.291E-01  3.155E-01
  375.5000  3.461E-01  3.665E-01  3.751E-01  3.716E-01  3.562E-01
  376.5000  3.459E-01  3.663E-01  3.749E-01  3.714E-01  3.560E-01
  377.5000  4.123E-01  4.365E-01  4.467E-01  4.426E-01  4.243E-01
  378.5000  4.497E-01  4.761E-01  4.872E-01  4.827E-01  4.628E-01
  379.5000  3.330E-01  3.525E-01  3.607E-01  3.574E-01  3.427E-01
  380.5000  4.008E-01  4.242E-01  4.341E-01  4.302E-01  4.124E-01
  381.5000  3.769E-01  3.990E-01  4.083E-01  4.045E-01  3.878E-01
  382.5000  2.514E-01  2.660E-01  2.722E-01  2.697E-01  2.586E-01
  383.5000  2.209E-01  2.338E-01  2.392E-01  2.370E-01  2.273E-01
  384.5000  3.318E-01  3.511E-01  3.593E-01  3.560E-01  3.414E-01
  385.5000  3.285E-01  3.476E-01  3.557E-01  3.524E-01  3.380E-01
  386.5000  3.351E-01  3.546E-01  3.628E-01  3.595E-01  3.448E-01
  387.5000  3.117E-01  3.298E-01  3.374E-01  3.344E-01  3.207E-01
  388.5000  3.127E-01  3.308E-01  3.385E-01  3.354E-01  3.217E-01
  389.5000  3.946E-01  4.175E-01  4.271E-01  4.232E-01  4.060E-01
  390.5000  3.879E-01  4.104E-01  4.198E-01  4.160E-01  3.990E-01
  391.5000  4.606E-01  4.872E-01  4.984E-01  4.939E-01  4.738E-01
  392.5000  3.456E-01  3.656E-01  3.740E-01  3.706E-01  3.555E-01
  393.5000  1.504E-01  1.591E-01  1.627E-01  1.612E-01  1.547E-01
  394.5000  3.541E-01  3.745E-01  3.831E-01  3.797E-01  3.643E-01
  395.5000  4.560E-01  4.823E-01  4.933E-01  4.889E-01  4.690E-01
  396.5000  2.680E-01  2.834E-01  2.899E-01  2.873E-01  2.756E-01
  397.5000  3.095E-01  3.272E-01  3.347E-01  3.317E-01  3.183E-01
  398.5000  5.322E-01  5.627E-01  5.756E-01  5.704E-01  5.473E-01
  399.5000  5.540E-01  5.857E-01  5.991E-01  5.937E-01  5.697E-01
  400.5000  5.829E-01  6.162E-01  6.303E-01  6.246E-01  5.994E-01
  401.5000  6.001E-01  6.344E-01  6.489E-01  6.431E-01  6.172E-01
  402.5000  6.235E-01  6.591E-01  6.741E-01  6.681E-01  6.412E-01
  403.5000  5.712E-01  6.037E-01  6.174E-01  6.119E-01  5.873E-01
  404.5000  5.606E-01  5.925E-01  6.060E-01  6.006E-01  5.765E-01
  405.5000  5.828E-01  6.160E-01  6.299E-01  6.243E-01  5.993E-01
  406.5000  5.494E-01  5.806E-01  5.937E-01  5.884E-01  5.648E-01
  407.5000  5.543E-01  5.857E-01  5.990E-01  5.936E-01  5.699E-01
  408.5000  6.177E-01  6.527E-01  6.675E-01  6.616E-01  6.351E-01
  409.5000  6.060E-01  6.403E-01  6.548E-01  6.490E-01  6.230E-01
  410.5000  5.259E-01  5.557E-01  5.682E-01  5.631E-01  5.407E-01
  411.5000  6.326E-01  6.684E-01  6.834E-01  6.773E-01  6.503E-01
  412.5000  6.275E-01  6.629E-01  6.778E-01  6.718E-01  6.450E-01
  413.5000  6.090E-01  6.433E-01  6.578E-01  6.520E-01  6.261E-01
  414.5000  6.264E-01  6.617E-01  6.765E-01  6.705E-01  6.439E-01
  415.5000  5.995E-01  6.333E-01  6.475E-01  6.417E-01  6.163E-01
  416.5000  6.530E-01  6.897E-01  7.051E-01  6.989E-01  6.712E-01
  417.5000  5.973E-01  6.309E-01  6.450E-01  6.393E-01  6.140E-01
  418.5000  6.024E-01  6.362E-01  6.505E-01  6.447E-01  6.192E-01
  419.5000  6.228E-01  6.577E-01  6.723E-01  6.664E-01  6.401E-01
------------------------------------------------------------
Dose rates, W m-2
   1 = UV-B, 280-315 nm                                  
   2 = UV-A, 315-400 nm                                  
   3 = Gaussian, 320 nm, 10 nm FWHM                      
   4 = RB Meter, model 501                               
   5 = DNA damage, in vitro (Setlow, 1974)               
   6 = UV index (WMO, 1994; Webb et al., 2011)           
   7 = Previtamin-D3 (CIE 2006)                          
values at z =      0.000 km
Columns: time, sza, weighting spectra
time, hrs.  sza, deg.          1          2          3          4          5          6          7
   11.0000     61.343  3.292E-01  2.425E+01  1.224E-01  9.264E-02  5.229E-04  1.791E+00  6.510E-02
   11.5000     59.947  3.688E-01  2.572E+01  1.318E-01  1.033E-01  6.017E-04  1.982E+00  7.418E-02
   12.0000     59.357  3.861E-01  2.635E+01  1.358E-01  1.080E-01  6.374E-04  2.066E+00  7.822E-02
   12.5000     59.595  3.791E-01  2.610E+01  1.342E-01  1.061E-01  6.228E-04  2.032E+00  7.658E-02
   13.0000     60.652  3.486E-01  2.498E+01  1.270E-01  9.784E-02  5.610E-04  1.884E+00  6.952E-02
------------------------------------------------------------
