Spectral Irradiance, W m-2 nm-1
values at z =      0.000 km
Columns: wavelength (nm), times (hrs.) or sza (deg.)
    wc, nm     11.000     11.500     12.000     12.500     13.000
    sza =      15.332     11.893     11.784     15.076     20.159
  280.5000  3.832E-15  6.024E-15  6.099E-15  3.981E-15  1.629E-15
  281.5000  1.443E-13  2.180E-13  2.205E-13  1.494E-13  6.618E-14
  282.5000  2.229E-12  3.254E-12  3.288E-12  2.301E-12  1.091E-12
  283.5000  1.195E-11  1.706E-11  1.723E-11  1.232E-11  6.100E-12
  284.5000  1.538E-10  2.108E-10  2.127E-10  1.579E-10  8.475E-11
  285.5000  6.369E-10  8.473E-10  8.540E-10  6.524E-10  3.715E-10
  286.5000  8.564E-09  1.113E-08  1.121E-08  8.755E-09  5.217E-09
  287.5000  5.667E-08  7.181E-08  7.228E-08  5.781E-08  3.624E-08
  288.5000  3.319E-07  4.090E-07  4.114E-07  3.378E-07  2.237E-07
  289.5000  1.977E-06  2.460E-06  2.473E-06  2.069E-06  1.425E-06
  290.5000  8.950E-06  1.063E-05  1.068E-05  9.081E-06  6.466E-06
  291.5000  3.129E-05  3.648E-05  3.663E-05  3.170E-05  2.344E-05
  292.5000  8.149E-05  9.353E-05  9.388E-05  8.244E-05  6.285E-05
  293.5000  2.530E-04  2.861E-04  2.871E-04  2.556E-04  2.006E-04
  294.5000  5.086E-04  5.687E-04  5.704E-04  5.134E-04  4.121E-04
  295.5000  1.356E-03  1.498E-03  1.502E-03  1.367E-03  1.124E-03
  296.5000  2.485E-03  2.718E-03  2.724E-03  2.504E-03  2.100E-03
  297.5000  4.972E-03  5.389E-03  5.401E-03  5.006E-03  4.273E-03
  298.5000  6.148E-03  6.613E-03  6.627E-03  6.186E-03  5.359E-03
  299.5000  1.419E-02  1.516E-02  1.518E-02  1.427E-02  1.253E-02
  300.5000  1.366E-02  1.451E-02  1.454E-02  1.373E-02  1.219E-02
  301.5000  2.791E-02  2.948E-02  2.952E-02  2.804E-02  2.519E-02
  302.5000  3.546E-02  3.731E-02  3.736E-02  3.561E-02  3.223E-02
  303.5000  6.190E-02  6.392E-02  6.492E-02  6.215E-02  5.675E-02
  304.5000  6.866E-02  7.173E-02  7.181E-02  6.891E-02  6.326E-02
  305.5000  9.260E-02  9.636E-02  9.647E-02  9.292E-02  8.595E-02
  306.5000  9.761E-02  1.014E-01  1.015E-01  9.792E-02  9.088E-02
  307.5000  1.433E-01  1.484E-01  1.485E-01  1.437E-01  1.342E-01
  308.5000  1.615E-01  1.670E-01  1.672E-01  1.620E-01  1.517E-01
  309.5000  1.440E-01  1.486E-01  1.487E-01  1.444E-01  1.358E-01
  310.5000  1.977E-01  2.037E-01  2.039E-01  1.982E-01  1.869E-01
  311.5000  2.558E-01  2.633E-01  2.635E-01  2.564E-01  2.423E-01
  312.5000  2.519E-01  2.588E-01  2.590E-01  2.524E-01  2.394E-01
  313.5000  2.863E-01  2.940E-01  2.942E-01  2.869E-01  2.724E-01
  314.5000  2.883E-01  2.956E-01  2.958E-01  2.889E-01  2.750E-01
  315.5000  2.981E-01  3.056E-01  3.058E-01  2.987E-01  2.846E-01
  316.5000  2.985E-01  3.057E-01  3.059E-01  2.991E-01  2.856E-01
  317.5000  4.208E-01  4.322E-01  4.325E-01  4.229E-01  4.039E-01
  318.5000  3.335E-01  3.412E-01  3.414E-01  3.342E-01  3.198E-01
  319.5000  4.073E-01  4.154E-01  4.151E-01  4.081E-01  3.907E-01
  320.5000  4.960E-01  5.071E-01  5.074E-01  4.969E-01  4.761E-01
  321.5000  4.227E-01  4.317E-01  4.320E-01  4.235E-01  4.065E-01
  322.5000  4.243E-01  4.336E-01  4.338E-01  4.250E-01  4.074E-01
  323.5000  4.388E-01  4.479E-01  4.482E-01  4.396E-01  4.223E-01
  324.5000  5.148E-01  5.255E-01  5.249E-01  5.157E-01  4.955E-01
  325.5000  5.766E-01  5.886E-01  5.889E-01  5.776E-01  5.548E-01
  326.5000  6.989E-01  7.130E-01  7.134E-01  7.001E-01  6.736E-01
  327.5000  6.503E-01  6.636E-01  6.640E-01  6.515E-01  6.266E-01
  328.5000  6.004E-01  6.125E-01  6.128E-01  6.002E-01  5.784E-01
  329.5000  7.786E-01  7.938E-01  7.943E-01  7.798E-01  7.510E-01
  330.5000  7.075E-01  7.215E-01  7.219E-01  7.087E-01  6.821E-01
  331.5000  6.989E-01  7.127E-01  7.131E-01  7.002E-01  6.738E-01
  332.5000  6.882E-01  7.015E-01  7.019E-01  6.893E-01  6.640E-01
  333.5000  6.464E-01  6.590E-01  6.594E-01  6.475E-01  6.236E-01
  334.5000  7.220E-01  7.360E-01  7.363E-01  7.231E-01  6.966E-01
  335.5000  7.315E-01  7.455E-01  7.459E-01  7.327E-01  7.062E-01
  336.5000  5.717E-01  5.827E-01  5.830E-01  5.726E-01  5.519E-01
  337.5000  6.274E-01  6.395E-01  6.398E-01  6.284E-01  6.055E-01
  338.5000  6.619E-01  6.745E-01  6.748E-01  6.629E-01  6.391E-01
  339.5000  7.192E-01  7.329E-01  7.333E-01  7.204E-01  6.945E-01
  340.5000  7.687E-01  7.833E-01  7.838E-01  7.699E-01  7.423E-01
  341.5000  6.824E-01  6.953E-01  6.957E-01  6.835E-01  6.591E-01
  342.5000  7.557E-01  7.699E-01  7.703E-01  7.569E-01  7.299E-01
  343.5000  7.847E-01  7.994E-01  7.999E-01  7.859E-01  7.579E-01
  344.5000  5.498E-01  5.601E-01  5.604E-01  5.507E-01  5.311E-01
  345.5000  7.528E-01  7.669E-01  7.673E-01  7.540E-01  7.274E-01
  346.5000  7.040E-01  7.172E-01  7.176E-01  7.052E-01  6.802E-01
  347.5000  6.876E-01  7.005E-01  7.008E-01  6.887E-01  6.644E-01
  348.5000  7.554E-01  7.695E-01  7.699E-01  7.566E-01  7.299E-01
  349.5000  6.328E-01  6.446E-01  6.449E-01  6.338E-01  6.115E-01
  350.5000  8.856E-01  9.020E-01  9.025E-01  8.870E-01  8.558E-01
  351.5000  7.630E-01  7.771E-01  7.775E-01  7.642E-01  7.374E-01
  352.5000  6.878E-01  7.005E-01  7.009E-01  6.889E-01  6.648E-01
  353.5000  8.276E-01  8.429E-01  8.433E-01  8.289E-01  7.999E-01
  354.5000  8.953E-01  9.118E-01  9.122E-01  8.967E-01  8.654E-01
  355.5000  8.363E-01  8.517E-01  8.521E-01  8.376E-01  8.085E-01
  356.5000  7.758E-01  7.900E-01  7.904E-01  7.770E-01  7.500E-01
  357.5000  6.594E-01  6.715E-01  6.719E-01  6.604E-01  6.375E-01
  358.5000  5.086E-01  5.179E-01  5.182E-01  5.094E-01  4.918E-01
  359.5000  8.556E-01  8.713E-01  8.717E-01  8.570E-01  8.273E-01
  360.5000  7.928E-01  8.072E-01  8.076E-01  7.940E-01  7.666E-01
  361.5000  7.144E-01  7.274E-01  7.278E-01  7.155E-01  6.909E-01
  362.5000  8.386E-01  8.539E-01  8.543E-01  8.399E-01  8.110E-01
  363.5000  7.457E-01  7.592E-01  7.596E-01  7.468E-01  7.212E-01
  364.5000  8.131E-01  8.279E-01  8.283E-01  8.144E-01  7.864E-01
  365.5000  9.904E-01  1.008E+00  1.009E+00  9.919E-01  9.579E-01
  366.5000  1.048E+00  1.067E+00  1.067E+00  1.049E+00  1.013E+00
  367.5000  9.944E-01  1.012E+00  1.013E+00  9.959E-01  9.619E-01
  368.5000  8.732E-01  8.889E-01  8.894E-01  8.745E-01  8.447E-01
  369.5000  1.047E+00  1.066E+00  1.066E+00  1.049E+00  1.013E+00
  370.5000  9.495E-01  9.666E-01  9.671E-01  9.510E-01  9.186E-01
  371.5000  1.086E+00  1.106E+00  1.106E+00  1.088E+00  1.051E+00
  372.5000  8.019E-01  8.163E-01  8.167E-01  8.031E-01  7.759E-01
  373.5000  7.246E-01  7.375E-01  7.379E-01  7.257E-01  7.011E-01
  374.5000  7.949E-01  8.091E-01  8.095E-01  7.961E-01  7.692E-01
  375.5000  8.966E-01  9.126E-01  9.130E-01  8.979E-01  8.676E-01
  376.5000  8.950E-01  9.109E-01  9.113E-01  8.963E-01  8.661E-01
  377.5000  1.065E+00  1.084E+00  1.085E+00  1.067E+00  1.031E+00
  378.5000  1.161E+00  1.181E+00  1.182E+00  1.162E+00  1.123E+00
  379.5000  8.584E-01  8.736E-01  8.741E-01  8.597E-01  8.308E-01
  380.5000  1.032E+00  1.050E+00  1.051E+00  1.034E+00  9.989E-01
  381.5000  9.694E-01  9.866E-01  9.870E-01  9.708E-01  9.383E-01
  382.5000  6.457E-01  6.571E-01  6.575E-01  6.467E-01  6.251E-01
  383.5000  5.668E-01  5.768E-01  5.771E-01  5.677E-01  5.487E-01
  384.5000  8.504E-01  8.653E-01  8.658E-01  8.516E-01  8.232E-01
  385.5000  8.410E-01  8.558E-01  8.563E-01  8.423E-01  8.142E-01
  386.5000  8.570E-01  8.721E-01  8.725E-01  8.583E-01  8.297E-01
  387.5000  7.962E-01  8.102E-01  8.106E-01  7.974E-01  7.709E-01
  388.5000  7.978E-01  8.118E-01  8.122E-01  7.990E-01  7.725E-01
  389.5000  1.006E+00  1.023E+00  1.024E+00  1.007E+00  9.739E-01
  390.5000  9.876E-01  1.005E+00  1.005E+00  9.891E-01  9.563E-01
  391.5000  1.171E+00  1.192E+00  1.192E+00  1.173E+00  1.134E+00
  392.5000  8.781E-01  8.934E-01  8.939E-01  8.794E-01  8.503E-01
  393.5000  3.816E-01  3.883E-01  3.885E-01  3.822E-01  3.696E-01
  394.5000  8.978E-01  9.134E-01  9.139E-01  8.991E-01  8.695E-01
  395.5000  1.155E+00  1.175E+00  1.175E+00  1.157E+00  1.118E+00
  396.5000  6.779E-01  6.897E-01  6.900E-01  6.789E-01  6.566E-01
  397.5000  7.821E-01  7.956E-01  7.960E-01  7.832E-01  7.575E-01
  398.5000  1.343E+00  1.367E+00  1.367E+00  1.345E+00  1.301E+00
  399.5000  1.397E+00  1.421E+00  1.422E+00  1.399E+00  1.353E+00
  400.5000  1.468E+00  1.494E+00  1.494E+00  1.471E+00  1.422E+00
  401.5000  1.510E+00  1.536E+00  1.537E+00  1.513E+00  1.463E+00
  402.5000  1.568E+00  1.595E+00  1.595E+00  1.570E+00  1.519E+00
  403.5000  1.434E+00  1.459E+00  1.460E+00  1.437E+00  1.390E+00
  404.5000  1.407E+00  1.431E+00  1.431E+00  1.409E+00  1.363E+00
  405.5000  1.461E+00  1.486E+00  1.487E+00  1.463E+00  1.415E+00
  406.5000  1.376E+00  1.399E+00  1.400E+00  1.378E+00  1.333E+00
  407.5000  1.387E+00  1.410E+00  1.411E+00  1.389E+00  1.343E+00
  408.5000  1.544E+00  1.570E+00  1.571E+00  1.546E+00  1.496E+00
  409.5000  1.513E+00  1.539E+00  1.540E+00  1.515E+00  1.466E+00
  410.5000  1.312E+00  1.334E+00  1.335E+00  1.314E+00  1.271E+00
  411.5000  1.577E+00  1.603E+00  1.604E+00  1.579E+00  1.528E+00
  412.5000  1.562E+00  1.589E+00  1.590E+00  1.564E+00  1.514E+00
  413.5000  1.515E+00  1.541E+00  1.541E+00  1.517E+00  1.468E+00
  414.5000  1.557E+00  1.583E+00  1.584E+00  1.559E+00  1.509E+00
  415.5000  1.489E+00  1.514E+00  1.515E+00  1.491E+00  1.443E+00
  416.5000  1.620E+00  1.647E+00  1.648E+00  1.622E+00  1.570E+00
  417.5000  1.480E+00  1.506E+00  1.506E+00  1.483E+00  1.435E+00
  418.5000  1.492E+00  1.517E+00  1.518E+00  1.494E+00  1.446E+00
  419.5000  1.541E+00  1.567E+00  1.567E+00  1.543E+00  1.493E+00
------------------------------------------------------------
Dose rates, W m-2
   1 = UV-B, 280-315 nm                                  
   2 = UV-A, 315-400 nm                                  
   3 = Gaussian, 320 nm, 10 nm FWHM                      
   4 = RB Meter, model 501                               
   5 = DNA damage, in vitro (Setlow, 1974)               
   6 = UV index (WMO, 1994; Webb et al., 2011)           
   7 = Previtamin-D3 (CIE 2006)                          
values at z =      0.000 km
Columns: time, sza, weighting spectra
time, hrs.  sza, deg.          1          2          3          4          5          6          7
   11.0000     15.332  2.156E+00  6.503E+01  4.183E-01  6.383E-01  7.505E-03  1.220E+01  6.095E-01
   11.5000     11.893  2.226E+00  6.623E+01  4.277E-01  6.608E-01  7.885E-03  1.265E+01  6.330E-01
   12.0000     11.784  2.229E+00  6.626E+01  4.278E-01  6.619E-01  7.907E-03  1.267E+01  6.344E-01
   12.5000     15.076  2.162E+00  6.513E+01  4.192E-01  6.403E-01  7.537E-03  1.223E+01  6.115E-01
   13.0000     20.159  2.030E+00  6.285E+01  4.016E-01  5.977E-01  6.830E-03  1.138E+01  5.668E-01
------------------------------------------------------------
