Spectral Irradiance, W m-2 nm-1
values at z =      0.000 km
Columns: wavelength (nm), times (hrs.) or sza (deg.)
    wc, nm     11.000     11.500     12.000     12.500     13.000
    sza =      26.097     23.364     22.131     22.651     24.814
  280.5000  2.626E-13  4.709E-13  5.966E-13  5.409E-13  3.491E-13
  281.5000  6.580E-12  1.121E-11  1.391E-11  1.272E-11  8.532E-12
  282.5000  7.161E-11  1.168E-10  1.424E-10  1.312E-10  9.089E-11
  283.5000  3.060E-10  4.850E-10  5.846E-10  5.411E-10  3.830E-10
  284.5000  2.602E-09  3.915E-09  4.621E-09  4.315E-09  3.175E-09
  285.5000  7.806E-09  1.149E-08  1.335E-08  1.254E-08  9.501E-09
  286.5000  8.429E-08  1.185E-07  1.361E-07  1.285E-07  9.952E-08
  287.5000  4.297E-07  5.847E-07  6.625E-07  6.291E-07  4.993E-07
  288.5000  1.895E-06  2.489E-06  2.780E-06  2.655E-06  2.164E-06
  289.5000  9.494E-06  1.215E-05  1.344E-05  1.289E-05  1.071E-05
  290.5000  3.519E-05  4.409E-05  4.832E-05  4.652E-05  3.928E-05
  291.5000  1.014E-04  1.241E-04  1.346E-04  1.302E-04  1.119E-04
  292.5000  2.255E-04  2.704E-04  2.911E-04  2.823E-04  2.464E-04
  293.5000  6.035E-04  7.102E-04  7.587E-04  7.382E-04  6.533E-04
  294.5000  1.080E-03  1.252E-03  1.330E-03  1.297E-03  1.161E-03
  295.5000  2.544E-03  2.905E-03  3.066E-03  2.998E-03  2.714E-03
  296.5000  4.209E-03  4.744E-03  4.980E-03  4.881E-03  4.461E-03
  297.5000  7.697E-03  8.577E-03  8.964E-03  8.802E-03  8.114E-03
  298.5000  8.822E-03  9.737E-03  1.014E-02  9.969E-03  9.256E-03
  299.5000  1.896E-02  2.074E-02  2.151E-02  2.119E-02  1.980E-02
  300.5000  1.728E-02  1.877E-02  1.941E-02  1.914E-02  1.799E-02
  301.5000  3.327E-02  3.587E-02  3.699E-02  3.652E-02  3.451E-02
  302.5000  4.065E-02  4.362E-02  4.489E-02  4.436E-02  4.207E-02
  303.5000  6.779E-02  7.232E-02  7.425E-02  7.344E-02  6.995E-02
  304.5000  7.323E-02  7.786E-02  7.983E-02  7.901E-02  7.544E-02
  305.5000  9.497E-02  1.005E-01  1.028E-01  1.018E-01  9.761E-02
  306.5000  9.843E-02  1.039E-01  1.062E-01  1.053E-01  1.011E-01
  307.5000  1.399E-01  1.471E-01  1.501E-01  1.489E-01  1.434E-01
  308.5000  1.558E-01  1.635E-01  1.668E-01  1.655E-01  1.595E-01
  309.5000  1.360E-01  1.424E-01  1.451E-01  1.440E-01  1.391E-01
  310.5000  1.840E-01  1.922E-01  1.957E-01  1.943E-01  1.880E-01
  311.5000  2.357E-01  2.460E-01  2.503E-01  2.485E-01  2.407E-01
  312.5000  2.281E-01  2.375E-01  2.414E-01  2.398E-01  2.326E-01
  313.5000  2.583E-01  2.687E-01  2.731E-01  2.712E-01  2.633E-01
  314.5000  2.562E-01  2.660E-01  2.702E-01  2.685E-01  2.610E-01
  315.5000  2.643E-01  2.743E-01  2.786E-01  2.768E-01  2.691E-01
  316.5000  2.617E-01  2.712E-01  2.752E-01  2.735E-01  2.663E-01
  317.5000  3.700E-01  3.835E-01  3.891E-01  3.867E-01  3.765E-01
  318.5000  2.894E-01  2.995E-01  3.037E-01  3.019E-01  2.942E-01
  319.5000  3.527E-01  3.649E-01  3.700E-01  3.678E-01  3.586E-01
  320.5000  4.285E-01  4.432E-01  4.493E-01  4.467E-01  4.355E-01
  321.5000  3.617E-01  3.736E-01  3.786E-01  3.765E-01  3.675E-01
  322.5000  3.658E-01  3.782E-01  3.833E-01  3.812E-01  3.718E-01
  323.5000  3.740E-01  3.860E-01  3.910E-01  3.889E-01  3.798E-01
  324.5000  4.390E-01  4.531E-01  4.590E-01  4.566E-01  4.458E-01
  325.5000  4.925E-01  5.084E-01  5.151E-01  5.123E-01  5.002E-01
  326.5000  5.924E-01  6.109E-01  6.187E-01  6.154E-01  6.013E-01
  327.5000  5.528E-01  5.702E-01  5.775E-01  5.745E-01  5.612E-01
  328.5000  5.103E-01  5.264E-01  5.331E-01  5.303E-01  5.180E-01
  329.5000  6.580E-01  6.782E-01  6.866E-01  6.831E-01  6.677E-01
  330.5000  5.995E-01  6.180E-01  6.258E-01  6.225E-01  6.085E-01
  331.5000  5.926E-01  6.110E-01  6.186E-01  6.155E-01  6.015E-01
  332.5000  5.812E-01  5.988E-01  6.062E-01  6.031E-01  5.897E-01
  333.5000  5.470E-01  5.637E-01  5.707E-01  5.678E-01  5.551E-01
  334.5000  6.105E-01  6.290E-01  6.368E-01  6.336E-01  6.194E-01
  335.5000  6.174E-01  6.360E-01  6.437E-01  6.405E-01  6.264E-01
  336.5000  4.829E-01  4.975E-01  5.035E-01  5.010E-01  4.899E-01
  337.5000  5.308E-01  5.469E-01  5.536E-01  5.508E-01  5.386E-01
  338.5000  5.589E-01  5.756E-01  5.826E-01  5.797E-01  5.670E-01
  339.5000  6.073E-01  6.254E-01  6.330E-01  6.299E-01  6.161E-01
  340.5000  6.498E-01  6.691E-01  6.773E-01  6.739E-01  6.591E-01
  341.5000  5.763E-01  5.934E-01  6.005E-01  5.976E-01  5.845E-01
  342.5000  6.382E-01  6.570E-01  6.649E-01  6.617E-01  6.473E-01
  343.5000  6.630E-01  6.826E-01  6.908E-01  6.874E-01  6.725E-01
  344.5000  4.648E-01  4.786E-01  4.843E-01  4.820E-01  4.715E-01
  345.5000  6.360E-01  6.547E-01  6.625E-01  6.593E-01  6.450E-01
  346.5000  5.953E-01  6.128E-01  6.201E-01  6.171E-01  6.037E-01
  347.5000  5.814E-01  5.985E-01  6.057E-01  6.027E-01  5.897E-01
  348.5000  6.387E-01  6.574E-01  6.653E-01  6.620E-01  6.477E-01
  349.5000  5.352E-01  5.508E-01  5.574E-01  5.547E-01  5.427E-01
  350.5000  7.491E-01  7.710E-01  7.801E-01  7.763E-01  7.596E-01
  351.5000  6.456E-01  6.644E-01  6.723E-01  6.690E-01  6.546E-01
  352.5000  5.820E-01  5.990E-01  6.060E-01  6.031E-01  5.902E-01
  353.5000  7.004E-01  7.207E-01  7.292E-01  7.257E-01  7.102E-01
  354.5000  7.577E-01  7.797E-01  7.889E-01  7.850E-01  7.683E-01
  355.5000  7.079E-01  7.284E-01  7.370E-01  7.334E-01  7.178E-01
  356.5000  6.568E-01  6.758E-01  6.838E-01  6.805E-01  6.660E-01
  357.5000  5.584E-01  5.745E-01  5.813E-01  5.785E-01  5.662E-01
  358.5000  4.308E-01  4.432E-01  4.484E-01  4.462E-01  4.368E-01
  359.5000  7.248E-01  7.457E-01  7.544E-01  7.508E-01  7.349E-01
  360.5000  6.717E-01  6.910E-01  6.991E-01  6.957E-01  6.810E-01
  361.5000  6.054E-01  6.228E-01  6.300E-01  6.270E-01  6.138E-01
  362.5000  7.108E-01  7.311E-01  7.396E-01  7.361E-01  7.206E-01
  363.5000  6.321E-01  6.502E-01  6.577E-01  6.546E-01  6.408E-01
  364.5000  6.894E-01  7.091E-01  7.173E-01  7.139E-01  6.989E-01
  365.5000  8.399E-01  8.638E-01  8.738E-01  8.697E-01  8.514E-01
  366.5000  8.886E-01  9.139E-01  9.245E-01  9.201E-01  9.008E-01
  367.5000  8.435E-01  8.675E-01  8.775E-01  8.734E-01  8.551E-01
  368.5000  7.408E-01  7.619E-01  7.707E-01  7.670E-01  7.510E-01
  369.5000  8.884E-01  9.136E-01  9.242E-01  9.198E-01  9.006E-01
  370.5000  8.059E-01  8.287E-01  8.382E-01  8.343E-01  8.169E-01
  371.5000  9.219E-01  9.480E-01  9.589E-01  9.543E-01  9.345E-01
  372.5000  6.808E-01  7.000E-01  7.081E-01  7.047E-01  6.901E-01
  373.5000  6.153E-01  6.326E-01  6.399E-01  6.368E-01  6.236E-01
  374.5000  6.751E-01  6.941E-01  7.021E-01  6.988E-01  6.843E-01
  375.5000  7.616E-01  7.830E-01  7.919E-01  7.882E-01  7.719E-01
  376.5000  7.603E-01  7.817E-01  7.906E-01  7.869E-01  7.706E-01
  377.5000  9.052E-01  9.306E-01  9.412E-01  9.368E-01  9.174E-01
  378.5000  9.864E-01  1.014E+00  1.026E+00  1.021E+00  9.997E-01
  379.5000  7.296E-01  7.500E-01  7.586E-01  7.550E-01  7.395E-01
  380.5000  8.773E-01  9.018E-01  9.120E-01  9.078E-01  8.891E-01
  381.5000  8.242E-01  8.472E-01  8.568E-01  8.528E-01  8.353E-01
  382.5000  5.491E-01  5.644E-01  5.708E-01  5.681E-01  5.565E-01
  383.5000  4.821E-01  4.955E-01  5.011E-01  4.988E-01  4.886E-01
  384.5000  7.233E-01  7.434E-01  7.518E-01  7.484E-01  7.330E-01
  385.5000  7.155E-01  7.354E-01  7.437E-01  7.402E-01  7.251E-01
  386.5000  7.292E-01  7.495E-01  7.579E-01  7.544E-01  7.390E-01
  387.5000  6.776E-01  6.964E-01  7.042E-01  7.010E-01  6.867E-01
  388.5000  6.791E-01  6.979E-01  7.057E-01  7.024E-01  6.881E-01
  389.5000  8.562E-01  8.799E-01  8.898E-01  8.857E-01  8.676E-01
  390.5000  8.409E-01  8.641E-01  8.738E-01  8.697E-01  8.521E-01
  391.5000  9.974E-01  1.025E+00  1.036E+00  1.032E+00  1.011E+00
  392.5000  7.478E-01  7.684E-01  7.770E-01  7.734E-01  7.578E-01
  393.5000  3.251E-01  3.340E-01  3.377E-01  3.362E-01  3.294E-01
  394.5000  7.648E-01  7.858E-01  7.946E-01  7.910E-01  7.750E-01
  395.5000  9.839E-01  1.011E+00  1.022E+00  1.018E+00  9.970E-01
  396.5000  5.777E-01  5.935E-01  6.001E-01  5.974E-01  5.853E-01
  397.5000  6.665E-01  6.848E-01  6.924E-01  6.892E-01  6.753E-01
  398.5000  1.145E+00  1.176E+00  1.190E+00  1.184E+00  1.160E+00
  399.5000  1.191E+00  1.224E+00  1.237E+00  1.231E+00  1.207E+00
  400.5000  1.252E+00  1.286E+00  1.300E+00  1.294E+00  1.268E+00
  401.5000  1.288E+00  1.323E+00  1.338E+00  1.332E+00  1.305E+00
  402.5000  1.337E+00  1.373E+00  1.389E+00  1.382E+00  1.354E+00
  403.5000  1.224E+00  1.257E+00  1.271E+00  1.265E+00  1.240E+00
  404.5000  1.200E+00  1.233E+00  1.246E+00  1.240E+00  1.216E+00
  405.5000  1.246E+00  1.280E+00  1.294E+00  1.288E+00  1.263E+00
  406.5000  1.174E+00  1.206E+00  1.219E+00  1.213E+00  1.189E+00
  407.5000  1.183E+00  1.215E+00  1.229E+00  1.223E+00  1.199E+00
  408.5000  1.318E+00  1.353E+00  1.368E+00  1.362E+00  1.335E+00
  409.5000  1.292E+00  1.327E+00  1.341E+00  1.335E+00  1.309E+00
  410.5000  1.120E+00  1.150E+00  1.163E+00  1.158E+00  1.135E+00
  411.5000  1.346E+00  1.382E+00  1.398E+00  1.391E+00  1.364E+00
  412.5000  1.334E+00  1.370E+00  1.385E+00  1.379E+00  1.351E+00
  413.5000  1.294E+00  1.329E+00  1.343E+00  1.337E+00  1.311E+00
  414.5000  1.330E+00  1.365E+00  1.380E+00  1.374E+00  1.347E+00
  415.5000  1.272E+00  1.306E+00  1.320E+00  1.314E+00  1.288E+00
  416.5000  1.384E+00  1.421E+00  1.436E+00  1.430E+00  1.402E+00
  417.5000  1.265E+00  1.299E+00  1.313E+00  1.307E+00  1.281E+00
  418.5000  1.275E+00  1.309E+00  1.323E+00  1.317E+00  1.291E+00
  419.5000  1.317E+00  1.352E+00  1.367E+00  1.361E+00  1.334E+00
------------------------------------------------------------
Dose rates, W m-2
   1 = UV-B, 280-315 nm                                  
   2 = UV-A, 315-400 nm                                  
   3 = Gaussian, 320 nm, 10 nm FWHM                      
   4 = RB Meter, model 501                               
   5 = DNA damage, in vitro (Setlow, 1974)               
   6 = UV index (WMO, 1994; Webb et al., 2011)           
   7 = Previtamin-D3 (CIE 2006)                          
values at z =      0.000 km
Columns: time, sza, weighting spectra
time, hrs.  sza, deg.          1          2          3          4          5          6          7
   11.0000     26.097  2.064E+00  5.524E+01  3.619E-01  6.328E-01  8.793E-03  1.243E+01  6.251E-01
   11.5000     23.364  2.165E+00  5.685E+01  3.743E-01  6.673E-01  9.495E-03  1.317E+01  6.621E-01
   12.0000     22.131  2.208E+00  5.752E+01  3.795E-01  6.820E-01  9.799E-03  1.348E+01  6.778E-01
   12.5000     22.651  2.190E+00  5.724E+01  3.773E-01  6.758E-01  9.672E-03  1.335E+01  6.713E-01
   13.0000     24.814  2.113E+00  5.601E+01  3.678E-01  6.493E-01  9.127E-03  1.279E+01  6.428E-01
------------------------------------------------------------
