Spectral Irradiance, W m-2 nm-1
values at z =      0.000 km
Columns: wavelength (nm), times (hrs.) or sza (deg.)
    wc, nm     11.000     11.500     12.000     12.500     13.000
    sza =      25.414     21.970     20.609     21.727     24.994
  280.5000  2.100E-14  4.518E-14  5.886E-14  4.743E-14  2.323E-14
  281.5000  6.670E-13  1.341E-12  1.708E-12  1.402E-12  7.315E-13
  282.5000  8.898E-12  1.689E-11  2.108E-11  1.759E-11  9.684E-12
  283.5000  4.339E-11  7.933E-11  9.771E-11  8.243E-11  4.699E-11
  284.5000  4.695E-10  8.015E-10  9.642E-10  8.292E-10  5.038E-10
  285.5000  1.710E-09  2.776E-09  3.281E-09  2.862E-09  1.823E-09
  286.5000  2.084E-08  3.253E-08  3.794E-08  3.346E-08  2.210E-08
  287.5000  1.210E-07  1.848E-07  2.123E-07  1.896E-07  1.304E-07
  288.5000  6.429E-07  9.170E-07  1.037E-06  9.379E-07  6.737E-07
  289.5000  3.623E-06  4.997E-06  5.585E-06  5.100E-06  3.780E-06
  290.5000  1.482E-05  1.988E-05  2.200E-05  2.025E-05  1.541E-05
  291.5000  4.780E-05  6.207E-05  6.794E-05  6.311E-05  4.948E-05
  292.5000  1.165E-04  1.473E-04  1.598E-04  1.496E-04  1.201E-04
  293.5000  3.397E-04  4.192E-04  4.509E-04  4.249E-04  3.493E-04
  294.5000  6.503E-04  7.871E-04  8.410E-04  7.968E-04  6.669E-04
  295.5000  1.646E-03  1.952E-03  2.070E-03  1.973E-03  1.683E-03
  296.5000  2.889E-03  3.368E-03  3.552E-03  3.401E-03  2.948E-03
  297.5000  5.565E-03  6.391E-03  6.706E-03  6.448E-03  5.667E-03
  298.5000  6.663E-03  7.557E-03  7.894E-03  7.618E-03  6.775E-03
  299.5000  1.492E-02  1.672E-02  1.740E-02  1.685E-02  1.515E-02
  300.5000  1.403E-02  1.559E-02  1.616E-02  1.569E-02  1.423E-02
  301.5000  2.796E-02  3.075E-02  3.178E-02  3.094E-02  2.832E-02
  302.5000  3.495E-02  3.818E-02  3.938E-02  3.840E-02  3.536E-02
  303.5000  5.983E-02  6.487E-02  6.672E-02  6.521E-02  6.047E-02
  304.5000  6.562E-02  7.083E-02  7.274E-02  7.118E-02  6.628E-02
  305.5000  8.704E-02  9.334E-02  9.564E-02  9.376E-02  8.784E-02
  306.5000  9.110E-02  9.741E-02  9.971E-02  9.783E-02  9.190E-02
  307.5000  1.319E-01  1.403E-01  1.433E-01  1.408E-01  1.330E-01
  308.5000  1.479E-01  1.570E-01  1.603E-01  1.576E-01  1.491E-01
  309.5000  1.307E-01  1.382E-01  1.409E-01  1.387E-01  1.317E-01
  310.5000  1.783E-01  1.881E-01  1.916E-01  1.887E-01  1.796E-01
  311.5000  2.298E-01  2.419E-01  2.463E-01  2.427E-01  2.313E-01
  312.5000  2.246E-01  2.358E-01  2.398E-01  2.365E-01  2.260E-01
  313.5000  2.548E-01  2.673E-01  2.718E-01  2.682E-01  2.565E-01
  314.5000  2.550E-01  2.668E-01  2.711E-01  2.676E-01  2.565E-01
  315.5000  2.634E-01  2.755E-01  2.798E-01  2.763E-01  2.650E-01
  316.5000  2.625E-01  2.740E-01  2.781E-01  2.748E-01  2.640E-01
  317.5000  3.712E-01  3.874E-01  3.933E-01  3.885E-01  3.733E-01
  318.5000  2.921E-01  3.043E-01  3.087E-01  3.051E-01  2.937E-01
  319.5000  3.564E-01  3.711E-01  3.764E-01  3.721E-01  3.583E-01
  320.5000  4.336E-01  4.513E-01  4.577E-01  4.525E-01  4.359E-01
  321.5000  3.681E-01  3.824E-01  3.876E-01  3.834E-01  3.699E-01
  322.5000  3.706E-01  3.855E-01  3.909E-01  3.865E-01  3.726E-01
  323.5000  3.814E-01  3.960E-01  4.004E-01  3.969E-01  3.833E-01
  324.5000  4.476E-01  4.647E-01  4.708E-01  4.658E-01  4.498E-01
  325.5000  5.017E-01  5.210E-01  5.279E-01  5.209E-01  5.042E-01
  326.5000  6.061E-01  6.286E-01  6.366E-01  6.301E-01  6.091E-01
  327.5000  5.648E-01  5.859E-01  5.934E-01  5.873E-01  5.675E-01
  328.5000  5.214E-01  5.408E-01  5.478E-01  5.421E-01  5.239E-01
  329.5000  6.745E-01  6.989E-01  7.077E-01  7.005E-01  6.777E-01
  330.5000  6.137E-01  6.361E-01  6.441E-01  6.376E-01  6.163E-01
  331.5000  6.065E-01  6.286E-01  6.366E-01  6.301E-01  6.093E-01
  332.5000  5.961E-01  6.174E-01  6.251E-01  6.188E-01  5.989E-01
  333.5000  5.605E-01  5.806E-01  5.879E-01  5.820E-01  5.631E-01
  334.5000  6.258E-01  6.482E-01  6.562E-01  6.497E-01  6.287E-01
  335.5000  6.336E-01  6.560E-01  6.641E-01  6.575E-01  6.365E-01
  336.5000  4.954E-01  5.130E-01  5.192E-01  5.141E-01  4.977E-01
  337.5000  5.441E-01  5.634E-01  5.704E-01  5.647E-01  5.466E-01
  338.5000  5.736E-01  5.937E-01  6.009E-01  5.950E-01  5.762E-01
  339.5000  6.233E-01  6.451E-01  6.529E-01  6.465E-01  6.261E-01
  340.5000  6.665E-01  6.899E-01  6.983E-01  6.914E-01  6.695E-01
  341.5000  5.915E-01  6.121E-01  6.195E-01  6.134E-01  5.941E-01
  342.5000  6.550E-01  6.778E-01  6.859E-01  6.793E-01  6.579E-01
  343.5000  6.803E-01  7.040E-01  7.125E-01  7.055E-01  6.834E-01
  344.5000  4.769E-01  4.934E-01  4.994E-01  4.945E-01  4.790E-01
  345.5000  6.528E-01  6.753E-01  6.834E-01  6.768E-01  6.557E-01
  346.5000  6.107E-01  6.318E-01  6.394E-01  6.332E-01  6.134E-01
  347.5000  5.965E-01  6.171E-01  6.245E-01  6.185E-01  5.992E-01
  348.5000  6.553E-01  6.779E-01  6.860E-01  6.794E-01  6.582E-01
  349.5000  5.491E-01  5.679E-01  5.747E-01  5.692E-01  5.515E-01
  350.5000  7.685E-01  7.949E-01  8.043E-01  7.966E-01  7.719E-01
  351.5000  6.622E-01  6.849E-01  6.930E-01  6.864E-01  6.651E-01
  352.5000  5.970E-01  6.174E-01  6.248E-01  6.188E-01  5.997E-01
  353.5000  7.184E-01  7.429E-01  7.517E-01  7.445E-01  7.216E-01
  354.5000  7.773E-01  8.037E-01  8.132E-01  8.055E-01  7.807E-01
  355.5000  7.262E-01  7.509E-01  7.597E-01  7.525E-01  7.294E-01
  356.5000  6.737E-01  6.966E-01  7.048E-01  6.981E-01  6.767E-01
  357.5000  5.727E-01  5.921E-01  5.991E-01  5.934E-01  5.752E-01
  358.5000  4.418E-01  4.568E-01  4.621E-01  4.577E-01  4.438E-01
  359.5000  7.434E-01  7.685E-01  7.774E-01  7.701E-01  7.466E-01
  360.5000  6.888E-01  7.120E-01  7.204E-01  7.136E-01  6.918E-01
  361.5000  6.208E-01  6.417E-01  6.492E-01  6.431E-01  6.235E-01
  362.5000  7.288E-01  7.533E-01  7.621E-01  7.549E-01  7.320E-01
  363.5000  6.482E-01  6.699E-01  6.777E-01  6.713E-01  6.510E-01
  364.5000  7.069E-01  7.305E-01  7.390E-01  7.321E-01  7.099E-01
  365.5000  8.611E-01  8.899E-01  9.002E-01  8.918E-01  8.648E-01
  366.5000  9.111E-01  9.415E-01  9.524E-01  9.435E-01  9.150E-01
  367.5000  8.648E-01  8.936E-01  9.039E-01  8.955E-01  8.685E-01
  368.5000  7.595E-01  7.847E-01  7.938E-01  7.864E-01  7.627E-01
  369.5000  9.107E-01  9.410E-01  9.518E-01  9.430E-01  9.146E-01
  370.5000  8.261E-01  8.535E-01  8.633E-01  8.553E-01  8.296E-01
  371.5000  9.449E-01  9.762E-01  9.874E-01  9.783E-01  9.490E-01
  372.5000  6.978E-01  7.209E-01  7.291E-01  7.224E-01  7.008E-01
  373.5000  6.306E-01  6.514E-01  6.588E-01  6.528E-01  6.332E-01
  374.5000  6.919E-01  7.147E-01  7.229E-01  7.162E-01  6.948E-01
  375.5000  7.804E-01  8.061E-01  8.153E-01  8.078E-01  7.837E-01
  376.5000  7.791E-01  8.048E-01  8.139E-01  8.064E-01  7.824E-01
  377.5000  9.275E-01  9.580E-01  9.689E-01  9.600E-01  9.315E-01
  378.5000  1.011E+00  1.044E+00  1.056E+00  1.046E+00  1.015E+00
  379.5000  7.476E-01  7.721E-01  7.808E-01  7.737E-01  7.507E-01
  380.5000  8.988E-01  9.282E-01  9.387E-01  9.301E-01  9.026E-01
  381.5000  8.444E-01  8.720E-01  8.819E-01  8.738E-01  8.480E-01
  382.5000  5.625E-01  5.809E-01  5.874E-01  5.821E-01  5.649E-01
  383.5000  4.939E-01  5.099E-01  5.157E-01  5.110E-01  4.959E-01
  384.5000  7.410E-01  7.651E-01  7.737E-01  7.666E-01  7.441E-01
  385.5000  7.329E-01  7.567E-01  7.652E-01  7.583E-01  7.360E-01
  386.5000  7.469E-01  7.712E-01  7.798E-01  7.727E-01  7.500E-01
  387.5000  6.940E-01  7.165E-01  7.245E-01  7.180E-01  6.969E-01
  388.5000  6.955E-01  7.180E-01  7.260E-01  7.195E-01  6.984E-01
  389.5000  8.769E-01  9.052E-01  9.154E-01  9.071E-01  8.805E-01
  390.5000  8.611E-01  8.889E-01  8.989E-01  8.907E-01  8.647E-01
  391.5000  1.021E+00  1.054E+00  1.066E+00  1.056E+00  1.026E+00
  392.5000  7.658E-01  7.904E-01  7.992E-01  7.920E-01  7.689E-01
  393.5000  3.329E-01  3.436E-01  3.474E-01  3.443E-01  3.342E-01
  394.5000  7.831E-01  8.082E-01  8.172E-01  8.099E-01  7.863E-01
  395.5000  1.007E+00  1.040E+00  1.051E+00  1.042E+00  1.012E+00
  396.5000  5.914E-01  6.104E-01  6.172E-01  6.116E-01  5.939E-01
  397.5000  6.824E-01  7.042E-01  7.120E-01  7.056E-01  6.852E-01
  398.5000  1.172E+00  1.210E+00  1.223E+00  1.212E+00  1.177E+00
  399.5000  1.219E+00  1.258E+00  1.272E+00  1.261E+00  1.224E+00
  400.5000  1.282E+00  1.322E+00  1.337E+00  1.325E+00  1.287E+00
  401.5000  1.318E+00  1.360E+00  1.375E+00  1.363E+00  1.324E+00
  402.5000  1.368E+00  1.412E+00  1.427E+00  1.415E+00  1.374E+00
  403.5000  1.252E+00  1.292E+00  1.306E+00  1.295E+00  1.257E+00
  404.5000  1.228E+00  1.267E+00  1.281E+00  1.270E+00  1.233E+00
  405.5000  1.276E+00  1.316E+00  1.330E+00  1.319E+00  1.281E+00
  406.5000  1.201E+00  1.239E+00  1.253E+00  1.242E+00  1.206E+00
  407.5000  1.211E+00  1.249E+00  1.263E+00  1.252E+00  1.216E+00
  408.5000  1.348E+00  1.391E+00  1.406E+00  1.394E+00  1.354E+00
  409.5000  1.322E+00  1.363E+00  1.378E+00  1.366E+00  1.327E+00
  410.5000  1.146E+00  1.182E+00  1.195E+00  1.185E+00  1.151E+00
  411.5000  1.377E+00  1.421E+00  1.436E+00  1.423E+00  1.383E+00
  412.5000  1.365E+00  1.408E+00  1.423E+00  1.411E+00  1.370E+00
  413.5000  1.324E+00  1.365E+00  1.380E+00  1.368E+00  1.329E+00
  414.5000  1.360E+00  1.403E+00  1.418E+00  1.406E+00  1.366E+00
  415.5000  1.301E+00  1.342E+00  1.356E+00  1.344E+00  1.306E+00
  416.5000  1.416E+00  1.460E+00  1.476E+00  1.463E+00  1.421E+00
  417.5000  1.294E+00  1.334E+00  1.349E+00  1.337E+00  1.299E+00
  418.5000  1.304E+00  1.345E+00  1.359E+00  1.347E+00  1.309E+00
  419.5000  1.347E+00  1.389E+00  1.404E+00  1.392E+00  1.352E+00
------------------------------------------------------------
Dose rates, W m-2
   1 = UV-B, 280-315 nm                                  
   2 = UV-A, 315-400 nm                                  
   3 = Gaussian, 320 nm, 10 nm FWHM                      
   4 = RB Meter, model 501                               
   5 = DNA damage, in vitro (Setlow, 1974)               
   6 = UV index (WMO, 1994; Webb et al., 2011)           
   7 = Previtamin-D3 (CIE 2006)                          
values at z =      0.000 km
Columns: time, sza, weighting spectra
time, hrs.  sza, deg.          1          2          3          4          5          6          7
   11.0000     25.414  1.966E+00  5.657E+01  3.659E-01  5.901E-01  7.420E-03  1.140E+01  5.718E-01
   11.5000     21.970  2.084E+00  5.850E+01  3.809E-01  6.290E-01  8.134E-03  1.220E+01  6.130E-01
   12.0000     20.609  2.127E+00  5.919E+01  3.862E-01  6.432E-01  8.401E-03  1.250E+01  6.282E-01
   12.5000     21.727  2.092E+00  5.862E+01  3.818E-01  6.316E-01  8.183E-03  1.225E+01  6.158E-01
   13.0000     24.994  1.981E+00  5.681E+01  3.679E-01  5.951E-01  7.510E-03  1.150E+01  5.770E-01
------------------------------------------------------------
