Spectral Irradiance, W m-2 nm-1
values at z =      0.000 km
Columns: wavelength (nm), times (hrs.) or sza (deg.)
    wc, nm     11.000     11.500     12.000     12.500     13.000
    sza =      94.918     94.707     94.623     94.667     94.836
  280.5000  1.965E-28  4.595E-28  6.141E-28  5.115E-28  2.924E-28
  281.5000  4.440E-26  9.752E-26  1.278E-25  1.077E-25  6.411E-26
  282.5000  3.201E-24  6.658E-24  8.577E-24  7.308E-24  4.503E-24
  283.5000  4.647E-23  9.328E-23  1.189E-22  1.020E-22  6.425E-23
  284.5000  3.697E-21  6.995E-21  8.752E-21  7.594E-21  4.968E-21
  285.5000  5.915E-20  1.070E-19  1.320E-19  1.155E-19  7.776E-20
  286.5000  2.245E-18  3.925E-18  4.794E-18  4.222E-18  2.903E-18
  287.5000  4.710E-17  7.941E-17  9.594E-17  8.506E-17  5.984E-17
  288.5000  9.735E-16  1.580E-15  1.886E-15  1.684E-15  1.214E-15
  289.5000  1.476E-14  2.331E-14  2.761E-14  2.477E-14  1.816E-14
  290.5000  1.390E-13  2.145E-13  2.524E-13  2.274E-13  1.691E-13
  291.5000  1.156E-12  1.743E-12  2.037E-12  1.844E-12  1.391E-12
  292.5000  6.159E-12  9.108E-12  1.058E-11  9.611E-12  7.338E-12
  293.5000  3.765E-11  5.472E-11  6.326E-11  5.763E-11  4.447E-11
  294.5000  1.295E-10  1.857E-10  2.138E-10  1.953E-10  1.519E-10
  295.5000  6.136E-10  8.682E-10  9.959E-10  9.118E-10  7.153E-10
  296.5000  1.830E-09  2.561E-09  2.928E-09  2.686E-09  2.121E-09
  297.5000  5.639E-09  7.820E-09  8.918E-09  8.196E-09  6.508E-09
  298.5000  1.012E-08  1.392E-08  1.584E-08  1.458E-08  1.163E-08
  299.5000  3.332E-08  4.556E-08  5.174E-08  4.768E-08  3.818E-08
  300.5000  4.253E-08  5.784E-08  6.558E-08  6.050E-08  4.860E-08
  301.5000  1.190E-07  1.610E-07  1.822E-07  1.683E-07  1.356E-07
  302.5000  1.870E-07  2.521E-07  2.850E-07  2.635E-07  2.128E-07
  303.5000  4.245E-07  5.701E-07  6.437E-07  5.957E-07  4.820E-07
  304.5000  5.511E-07  7.383E-07  8.328E-07  7.713E-07  6.249E-07
  305.5000  9.508E-07  1.270E-06  1.430E-06  1.326E-06  1.076E-06
  306.5000  1.119E-06  1.492E-06  1.679E-06  1.558E-06  1.266E-06
  307.5000  2.056E-06  2.733E-06  3.073E-06  2.853E-06  2.322E-06
  308.5000  2.542E-06  3.375E-06  3.793E-06  3.523E-06  2.869E-06
  309.5000  2.680E-06  3.550E-06  3.985E-06  3.706E-06  3.021E-06
  310.5000  4.201E-06  5.554E-06  6.231E-06  5.797E-06  4.732E-06
  311.5000  5.947E-06  7.852E-06  8.804E-06  8.196E-06  6.694E-06
  312.5000  7.033E-06  9.262E-06  1.037E-05  9.666E-06  7.905E-06
  313.5000  8.397E-06  1.105E-05  1.237E-05  1.153E-05  9.435E-06
  314.5000  1.019E-05  1.337E-05  1.494E-05  1.395E-05  1.143E-05
  315.5000  1.096E-05  1.438E-05  1.606E-05  1.500E-05  1.230E-05
  316.5000  1.313E-05  1.717E-05  1.916E-05  1.791E-05  1.471E-05
  317.5000  1.864E-05  2.437E-05  2.720E-05  2.543E-05  2.088E-05
  318.5000  1.801E-05  2.348E-05  2.616E-05  2.449E-05  2.014E-05
  319.5000  2.310E-05  3.008E-05  3.351E-05  3.138E-05  2.582E-05
  320.5000  2.964E-05  3.856E-05  4.294E-05  4.022E-05  3.311E-05
  321.5000  3.322E-05  4.307E-05  4.790E-05  4.492E-05  3.705E-05
  322.5000  2.675E-05  3.477E-05  3.871E-05  3.626E-05  2.987E-05
  323.5000  3.981E-05  5.154E-05  5.729E-05  5.374E-05  4.437E-05
  324.5000  4.614E-05  5.973E-05  6.640E-05  6.228E-05  5.142E-05
  325.5000  4.855E-05  6.288E-05  6.991E-05  6.557E-05  5.412E-05
  326.5000  8.204E-05  1.060E-04  1.178E-04  1.105E-04  9.133E-05
  327.5000  6.788E-05  8.774E-05  9.750E-05  9.148E-05  7.559E-05
  328.5000  6.221E-05  8.041E-05  8.936E-05  8.384E-05  6.928E-05
  329.5000  1.093E-04  1.411E-04  1.568E-04  1.471E-04  1.216E-04
  330.5000  8.663E-05  1.119E-04  1.243E-04  1.166E-04  9.644E-05
  331.5000  8.286E-05  1.070E-04  1.189E-04  1.116E-04  9.224E-05
  332.5000  1.040E-04  1.342E-04  1.492E-04  1.399E-04  1.157E-04
  333.5000  8.723E-05  1.126E-04  1.252E-04  1.174E-04  9.709E-05
  334.5000  1.025E-04  1.324E-04  1.472E-04  1.380E-04  1.141E-04
  335.5000  1.184E-04  1.528E-04  1.699E-04  1.593E-04  1.318E-04
  336.5000  8.864E-05  1.144E-04  1.272E-04  1.193E-04  9.866E-05
  337.5000  8.852E-05  1.143E-04  1.270E-04  1.191E-04  9.852E-05
  338.5000  1.070E-04  1.382E-04  1.537E-04  1.441E-04  1.192E-04
  339.5000  1.182E-04  1.527E-04  1.698E-04  1.592E-04  1.316E-04
  340.5000  1.195E-04  1.544E-04  1.717E-04  1.609E-04  1.331E-04
  341.5000  1.143E-04  1.476E-04  1.642E-04  1.539E-04  1.272E-04
  342.5000  1.280E-04  1.653E-04  1.839E-04  1.724E-04  1.425E-04
  343.5000  1.290E-04  1.666E-04  1.854E-04  1.737E-04  1.436E-04
  344.5000  8.755E-05  1.131E-04  1.258E-04  1.179E-04  9.746E-05
  345.5000  1.292E-04  1.670E-04  1.858E-04  1.741E-04  1.439E-04
  346.5000  1.150E-04  1.485E-04  1.652E-04  1.548E-04  1.280E-04
  347.5000  1.126E-04  1.454E-04  1.618E-04  1.517E-04  1.253E-04
  348.5000  1.255E-04  1.621E-04  1.804E-04  1.691E-04  1.397E-04
  349.5000  1.045E-04  1.351E-04  1.503E-04  1.409E-04  1.164E-04
  350.5000  1.465E-04  1.893E-04  2.107E-04  1.974E-04  1.631E-04
  351.5000  1.250E-04  1.615E-04  1.798E-04  1.684E-04  1.392E-04
  352.5000  1.130E-04  1.460E-04  1.626E-04  1.523E-04  1.258E-04
  353.5000  1.368E-04  1.768E-04  1.969E-04  1.844E-04  1.523E-04
  354.5000  1.487E-04  1.922E-04  2.140E-04  2.005E-04  1.656E-04
  355.5000  1.386E-04  1.792E-04  1.995E-04  1.869E-04  1.544E-04
  356.5000  1.281E-04  1.657E-04  1.845E-04  1.728E-04  1.427E-04
  357.5000  1.084E-04  1.402E-04  1.561E-04  1.462E-04  1.207E-04
  358.5000  8.369E-05  1.082E-04  1.205E-04  1.129E-04  9.322E-05
  359.5000  1.404E-04  1.816E-04  2.022E-04  1.894E-04  1.564E-04
  360.5000  1.297E-04  1.678E-04  1.869E-04  1.751E-04  1.445E-04
  361.5000  1.169E-04  1.512E-04  1.684E-04  1.577E-04  1.302E-04
  362.5000  1.370E-04  1.773E-04  1.975E-04  1.849E-04  1.526E-04
  363.5000  1.215E-04  1.573E-04  1.752E-04  1.641E-04  1.354E-04
  364.5000  1.320E-04  1.709E-04  1.904E-04  1.783E-04  1.471E-04
  365.5000  1.601E-04  2.073E-04  2.309E-04  2.162E-04  1.784E-04
  366.5000  1.691E-04  2.189E-04  2.439E-04  2.284E-04  1.884E-04
  367.5000  1.603E-04  2.075E-04  2.312E-04  2.165E-04  1.786E-04
  368.5000  1.403E-04  1.817E-04  2.024E-04  1.895E-04  1.563E-04
  369.5000  1.677E-04  2.172E-04  2.420E-04  2.266E-04  1.869E-04
  370.5000  1.516E-04  1.964E-04  2.189E-04  2.049E-04  1.690E-04
  371.5000  1.730E-04  2.240E-04  2.497E-04  2.338E-04  1.927E-04
  372.5000  1.274E-04  1.650E-04  1.839E-04  1.722E-04  1.419E-04
  373.5000  1.147E-04  1.486E-04  1.656E-04  1.550E-04  1.278E-04
  374.5000  1.254E-04  1.625E-04  1.811E-04  1.695E-04  1.398E-04
  375.5000  1.410E-04  1.828E-04  2.037E-04  1.907E-04  1.572E-04
  376.5000  1.404E-04  1.819E-04  2.028E-04  1.899E-04  1.565E-04
  377.5000  1.666E-04  2.160E-04  2.408E-04  2.254E-04  1.857E-04
  378.5000  1.809E-04  2.346E-04  2.615E-04  2.448E-04  2.017E-04
  379.5000  1.334E-04  1.729E-04  1.928E-04  1.805E-04  1.487E-04
  380.5000  1.598E-04  2.073E-04  2.312E-04  2.164E-04  1.782E-04
  381.5000  1.497E-04  1.941E-04  2.165E-04  2.026E-04  1.669E-04
  382.5000  9.940E-05  1.289E-04  1.438E-04  1.346E-04  1.108E-04
  383.5000  8.697E-05  1.128E-04  1.258E-04  1.178E-04  9.698E-05
  384.5000  1.301E-04  1.688E-04  1.882E-04  1.762E-04  1.450E-04
  385.5000  1.282E-04  1.664E-04  1.856E-04  1.737E-04  1.430E-04
  386.5000  1.303E-04  1.691E-04  1.886E-04  1.765E-04  1.453E-04
  387.5000  1.206E-04  1.566E-04  1.747E-04  1.635E-04  1.345E-04
  388.5000  1.205E-04  1.564E-04  1.745E-04  1.633E-04  1.344E-04
  389.5000  1.514E-04  1.966E-04  2.194E-04  2.053E-04  1.689E-04
  390.5000  1.482E-04  1.925E-04  2.148E-04  2.010E-04  1.653E-04
  391.5000  1.752E-04  2.276E-04  2.540E-04  2.376E-04  1.955E-04
  392.5000  1.309E-04  1.701E-04  1.898E-04  1.776E-04  1.461E-04
  393.5000  5.672E-05  7.369E-05  8.225E-05  7.695E-05  6.328E-05
  394.5000  1.330E-04  1.728E-04  1.929E-04  1.804E-04  1.484E-04
  395.5000  1.705E-04  2.216E-04  2.473E-04  2.314E-04  1.902E-04
  396.5000  9.977E-05  1.297E-04  1.448E-04  1.354E-04  1.113E-04
  397.5000  1.147E-04  1.492E-04  1.665E-04  1.558E-04  1.280E-04
  398.5000  1.965E-04  2.555E-04  2.853E-04  2.668E-04  2.193E-04
  399.5000  2.037E-04  2.649E-04  2.957E-04  2.766E-04  2.273E-04
  400.5000  2.134E-04  2.775E-04  3.099E-04  2.898E-04  2.381E-04
  401.5000  2.187E-04  2.845E-04  3.177E-04  2.972E-04  2.441E-04
  402.5000  2.262E-04  2.944E-04  3.288E-04  3.075E-04  2.525E-04
  403.5000  2.064E-04  2.685E-04  2.999E-04  2.805E-04  2.304E-04
  404.5000  2.017E-04  2.625E-04  2.933E-04  2.743E-04  2.252E-04
  405.5000  2.088E-04  2.718E-04  3.037E-04  2.840E-04  2.331E-04
  406.5000  1.960E-04  2.552E-04  2.851E-04  2.666E-04  2.188E-04
  407.5000  1.968E-04  2.563E-04  2.864E-04  2.678E-04  2.198E-04
  408.5000  2.184E-04  2.844E-04  3.178E-04  2.971E-04  2.438E-04
  409.5000  2.133E-04  2.778E-04  3.104E-04  2.902E-04  2.381E-04
  410.5000  1.843E-04  2.401E-04  2.683E-04  2.509E-04  2.058E-04
  411.5000  2.208E-04  2.877E-04  3.215E-04  3.006E-04  2.466E-04
  412.5000  2.181E-04  2.843E-04  3.178E-04  2.971E-04  2.436E-04
  413.5000  2.109E-04  2.749E-04  3.073E-04  2.873E-04  2.355E-04
  414.5000  2.160E-04  2.816E-04  3.148E-04  2.943E-04  2.412E-04
  415.5000  2.058E-04  2.683E-04  3.000E-04  2.804E-04  2.299E-04
  416.5000  2.231E-04  2.909E-04  3.253E-04  3.041E-04  2.492E-04
  417.5000  2.032E-04  2.650E-04  2.963E-04  2.770E-04  2.270E-04
  418.5000  2.041E-04  2.662E-04  2.977E-04  2.783E-04  2.280E-04
  419.5000  2.101E-04  2.742E-04  3.066E-04  2.866E-04  2.348E-04
------------------------------------------------------------
Dose rates, W m-2
   1 = UV-B, 280-315 nm                                  
   2 = UV-A, 315-400 nm                                  
   3 = Gaussian, 320 nm, 10 nm FWHM                      
   4 = RB Meter, model 501                               
   5 = DNA damage, in vitro (Setlow, 1974)               
   6 = UV index (WMO, 1994; Webb et al., 2011)           
   7 = Previtamin-D3 (CIE 2006)                          
values at z =      0.000 km
Columns: time, sza, weighting spectra
time, hrs.  sza, deg.          1          2          3          4          5          6          7
   11.0000     94.918  4.649E-05  9.643E-03  2.870E-05  1.635E-05  9.029E-08  4.091E-04  9.399E-06
   11.5000     94.707  6.135E-05  1.249E-02  3.726E-05  2.145E-05  1.193E-07  5.338E-04  1.244E-05
   12.0000     94.623  6.877E-05  1.391E-02  4.147E-05  2.398E-05  1.338E-07  5.960E-04  1.396E-05
   12.5000     94.667  6.404E-05  1.303E-02  3.886E-05  2.238E-05  1.245E-07  5.570E-04  1.299E-05
   13.0000     94.836  5.231E-05  1.075E-02  3.203E-05  1.835E-05  1.017E-07  4.577E-04  1.059E-05
------------------------------------------------------------
