Spectral Irradiance, W m-2 nm-1
values at z =      0.000 km
Columns: wavelength (nm), times (hrs.) or sza (deg.)
    wc, nm     11.000     11.500     12.000     12.500     13.000
    sza =      83.633     83.518     83.499     83.577     83.754
  280.5000  2.789E-25  2.820E-25  2.826E-25  2.804E-25  2.757E-25
  281.5000  4.858E-23  4.912E-23  4.921E-23  4.884E-23  4.801E-23
  282.5000  2.801E-21  2.833E-21  2.838E-21  2.817E-21  2.768E-21
  283.5000  3.520E-20  3.560E-20  3.567E-20  3.539E-20  3.479E-20
  284.5000  2.178E-18  2.203E-18  2.207E-18  2.190E-18  2.152E-18
  285.5000  2.891E-17  2.924E-17  2.930E-17  2.907E-17  2.856E-17
  286.5000  9.523E-16  9.633E-16  9.652E-16  9.577E-16  9.407E-16
  287.5000  1.714E-14  1.734E-14  1.738E-14  1.724E-14  1.693E-14
  288.5000  3.011E-13  3.047E-13  3.053E-13  3.029E-13  2.974E-13
  289.5000  4.072E-12  4.121E-12  4.129E-12  4.096E-12  4.020E-12
  290.5000  3.490E-11  3.533E-11  3.540E-11  3.511E-11  3.445E-11
  291.5000  2.626E-10  2.660E-10  2.665E-10  2.643E-10  2.592E-10
  292.5000  1.292E-09  1.308E-09  1.311E-09  1.300E-09  1.275E-09
  293.5000  7.363E-09  7.460E-09  7.477E-09  7.410E-09  7.262E-09
  294.5000  2.404E-08  2.437E-08  2.442E-08  2.420E-08  2.370E-08
  295.5000  1.085E-07  1.100E-07  1.103E-07  1.093E-07  1.069E-07
  296.5000  3.123E-07  3.168E-07  3.176E-07  3.145E-07  3.076E-07
  297.5000  9.394E-07  9.535E-07  9.559E-07  9.463E-07  9.248E-07
  298.5000  1.661E-06  1.687E-06  1.691E-06  1.673E-06  1.634E-06
  299.5000  5.445E-06  5.533E-06  5.548E-06  5.488E-06  5.354E-06
  300.5000  6.970E-06  7.087E-06  7.107E-06  7.027E-06  6.849E-06
  301.5000  1.979E-05  2.014E-05  2.020E-05  1.996E-05  1.943E-05
  302.5000  3.165E-05  3.223E-05  3.233E-05  3.193E-05  3.105E-05
  303.5000  7.436E-05  7.582E-05  7.607E-05  7.507E-05  7.286E-05
  304.5000  9.925E-05  1.013E-04  1.016E-04  1.002E-04  9.716E-05
  305.5000  1.827E-04  1.868E-04  1.875E-04  1.847E-04  1.785E-04
  306.5000  2.228E-04  2.281E-04  2.290E-04  2.253E-04  2.174E-04
  307.5000  4.537E-04  4.658E-04  4.678E-04  4.595E-04  4.414E-04
  308.5000  5.885E-04  6.048E-04  6.076E-04  5.963E-04  5.718E-04
  309.5000  6.925E-04  7.132E-04  7.167E-04  7.025E-04  6.715E-04
  310.5000  1.192E-03  1.229E-03  1.236E-03  1.210E-03  1.154E-03
  311.5000  1.812E-03  1.869E-03  1.879E-03  1.839E-03  1.753E-03
  312.5000  2.472E-03  2.552E-03  2.565E-03  2.511E-03  2.391E-03
  313.5000  3.043E-03  3.141E-03  3.158E-03  3.091E-03  2.943E-03
  314.5000  4.223E-03  4.355E-03  4.377E-03  4.287E-03  4.088E-03
  315.5000  4.606E-03  4.748E-03  4.772E-03  4.674E-03  4.459E-03
  316.5000  6.059E-03  6.237E-03  6.268E-03  6.145E-03  5.876E-03
  317.5000  8.562E-03  8.814E-03  8.856E-03  8.683E-03  8.302E-03
  318.5000  8.825E-03  9.066E-03  9.107E-03  8.942E-03  8.575E-03
  319.5000  1.134E-02  1.164E-02  1.170E-02  1.149E-02  1.102E-02
  320.5000  1.470E-02  1.509E-02  1.515E-02  1.489E-02  1.430E-02
  321.5000  1.622E-02  1.661E-02  1.667E-02  1.641E-02  1.582E-02
  322.5000  1.331E-02  1.366E-02  1.371E-02  1.348E-02  1.295E-02
  323.5000  1.894E-02  1.936E-02  1.944E-02  1.914E-02  1.849E-02
  324.5000  2.194E-02  2.244E-02  2.252E-02  2.218E-02  2.142E-02
  325.5000  2.356E-02  2.411E-02  2.420E-02  2.383E-02  2.299E-02
  326.5000  3.564E-02  3.637E-02  3.650E-02  3.599E-02  3.487E-02
  327.5000  3.087E-02  3.153E-02  3.164E-02  3.119E-02  3.017E-02
  328.5000  2.858E-02  2.919E-02  2.930E-02  2.888E-02  2.794E-02
  329.5000  4.378E-02  4.464E-02  4.478E-02  4.420E-02  4.289E-02
  330.5000  3.714E-02  3.790E-02  3.803E-02  3.751E-02  3.635E-02
  331.5000  3.620E-02  3.695E-02  3.707E-02  3.656E-02  3.542E-02
  332.5000  4.026E-02  4.103E-02  4.116E-02  4.063E-02  3.945E-02
  333.5000  3.592E-02  3.663E-02  3.675E-02  3.627E-02  3.518E-02
  334.5000  4.125E-02  4.206E-02  4.219E-02  4.164E-02  4.042E-02
  335.5000  4.434E-02  4.517E-02  4.531E-02  4.475E-02  4.347E-02
  336.5000  3.410E-02  3.475E-02  3.486E-02  3.441E-02  3.342E-02
  337.5000  3.595E-02  3.665E-02  3.677E-02  3.629E-02  3.522E-02
  338.5000  4.037E-02  4.113E-02  4.125E-02  4.074E-02  3.958E-02
  339.5000  4.428E-02  4.510E-02  4.524E-02  4.468E-02  4.342E-02
  340.5000  4.631E-02  4.719E-02  4.734E-02  4.674E-02  4.540E-02
  341.5000  4.247E-02  4.326E-02  4.339E-02  4.285E-02  4.165E-02
  342.5000  4.735E-02  4.823E-02  4.837E-02  4.778E-02  4.644E-02
  343.5000  4.869E-02  4.960E-02  4.975E-02  4.913E-02  4.775E-02
  344.5000  3.374E-02  3.438E-02  3.448E-02  3.405E-02  3.308E-02
  345.5000  4.769E-02  4.857E-02  4.872E-02  4.812E-02  4.678E-02
  346.5000  4.382E-02  4.464E-02  4.478E-02  4.422E-02  4.297E-02
  347.5000  4.294E-02  4.374E-02  4.387E-02  4.333E-02  4.211E-02
  348.5000  4.754E-02  4.842E-02  4.857E-02  4.797E-02  4.662E-02
  349.5000  3.983E-02  4.057E-02  4.069E-02  4.019E-02  3.906E-02
  350.5000  5.588E-02  5.692E-02  5.710E-02  5.639E-02  5.480E-02
  351.5000  4.807E-02  4.897E-02  4.912E-02  4.851E-02  4.714E-02
  352.5000  4.348E-02  4.429E-02  4.442E-02  4.387E-02  4.264E-02
  353.5000  5.255E-02  5.352E-02  5.369E-02  5.302E-02  5.153E-02
  354.5000  5.707E-02  5.812E-02  5.830E-02  5.758E-02  5.597E-02
  355.5000  5.338E-02  5.437E-02  5.453E-02  5.386E-02  5.235E-02
  356.5000  4.955E-02  5.047E-02  5.063E-02  5.000E-02  4.860E-02
  357.5000  4.214E-02  4.292E-02  4.305E-02  4.252E-02  4.132E-02
  358.5000  3.258E-02  3.319E-02  3.329E-02  3.288E-02  3.195E-02
  359.5000  5.487E-02  5.589E-02  5.606E-02  5.536E-02  5.381E-02
  360.5000  5.090E-02  5.184E-02  5.200E-02  5.135E-02  4.991E-02
  361.5000  4.596E-02  4.681E-02  4.696E-02  4.637E-02  4.507E-02
  362.5000  5.403E-02  5.504E-02  5.521E-02  5.452E-02  5.299E-02
  363.5000  4.810E-02  4.900E-02  4.915E-02  4.854E-02  4.717E-02
  364.5000  5.250E-02  5.347E-02  5.364E-02  5.297E-02  5.148E-02
  365.5000  6.398E-02  6.517E-02  6.537E-02  6.456E-02  6.274E-02
  366.5000  6.778E-02  6.905E-02  6.926E-02  6.840E-02  6.647E-02
  367.5000  6.443E-02  6.563E-02  6.584E-02  6.501E-02  6.318E-02
  368.5000  5.664E-02  5.769E-02  5.787E-02  5.715E-02  5.554E-02
  369.5000  6.798E-02  6.925E-02  6.946E-02  6.860E-02  6.666E-02
  370.5000  6.172E-02  6.287E-02  6.306E-02  6.228E-02  6.052E-02
  371.5000  7.067E-02  7.199E-02  7.221E-02  7.131E-02  6.929E-02
  372.5000  5.224E-02  5.322E-02  5.338E-02  5.272E-02  5.122E-02
  373.5000  4.725E-02  4.813E-02  4.828E-02  4.767E-02  4.632E-02
  374.5000  5.188E-02  5.286E-02  5.302E-02  5.236E-02  5.087E-02
  375.5000  5.859E-02  5.969E-02  5.987E-02  5.912E-02  5.744E-02
  376.5000  5.855E-02  5.965E-02  5.983E-02  5.908E-02  5.740E-02
  377.5000  6.977E-02  7.108E-02  7.130E-02  7.041E-02  6.841E-02
  378.5000  7.609E-02  7.753E-02  7.777E-02  7.679E-02  7.461E-02
  379.5000  5.633E-02  5.740E-02  5.757E-02  5.685E-02  5.523E-02
  380.5000  6.780E-02  6.908E-02  6.929E-02  6.842E-02  6.647E-02
  381.5000  6.376E-02  6.496E-02  6.516E-02  6.434E-02  6.251E-02
  382.5000  4.252E-02  4.332E-02  4.345E-02  4.291E-02  4.168E-02
  383.5000  3.736E-02  3.807E-02  3.819E-02  3.770E-02  3.663E-02
  384.5000  5.611E-02  5.717E-02  5.735E-02  5.663E-02  5.501E-02
  385.5000  5.556E-02  5.661E-02  5.679E-02  5.607E-02  5.446E-02
  386.5000  5.668E-02  5.775E-02  5.793E-02  5.720E-02  5.556E-02
  387.5000  5.271E-02  5.371E-02  5.388E-02  5.320E-02  5.167E-02
  388.5000  5.288E-02  5.388E-02  5.405E-02  5.336E-02  5.183E-02
  389.5000  6.673E-02  6.801E-02  6.822E-02  6.735E-02  6.541E-02
  390.5000  6.560E-02  6.685E-02  6.706E-02  6.621E-02  6.430E-02
  391.5000  7.789E-02  7.938E-02  7.963E-02  7.861E-02  7.635E-02
  392.5000  5.846E-02  5.958E-02  5.976E-02  5.900E-02  5.730E-02
  393.5000  2.544E-02  2.592E-02  2.600E-02  2.567E-02  2.493E-02
  394.5000  5.990E-02  6.105E-02  6.124E-02  6.046E-02  5.871E-02
  395.5000  7.714E-02  7.862E-02  7.887E-02  7.785E-02  7.560E-02
  396.5000  4.534E-02  4.621E-02  4.635E-02  4.576E-02  4.443E-02
  397.5000  5.236E-02  5.337E-02  5.354E-02  5.285E-02  5.132E-02
  398.5000  9.006E-02  9.179E-02  9.209E-02  9.090E-02  8.826E-02
  399.5000  9.376E-02  9.557E-02  9.587E-02  9.464E-02  9.189E-02
  400.5000  9.866E-02  1.006E-01  1.009E-01  9.958E-02  9.669E-02
  401.5000  1.016E-01  1.036E-01  1.039E-01  1.025E-01  9.956E-02
  402.5000  1.056E-01  1.076E-01  1.080E-01  1.066E-01  1.035E-01
  403.5000  9.672E-02  9.859E-02  9.891E-02  9.763E-02  9.478E-02
  404.5000  9.496E-02  9.680E-02  9.711E-02  9.585E-02  9.305E-02
  405.5000  9.874E-02  1.007E-01  1.010E-01  9.967E-02  9.675E-02
  406.5000  9.309E-02  9.490E-02  9.520E-02  9.397E-02  9.121E-02
  407.5000  9.394E-02  9.576E-02  9.607E-02  9.482E-02  9.204E-02
  408.5000  1.047E-01  1.067E-01  1.071E-01  1.057E-01  1.026E-01
  409.5000  1.027E-01  1.047E-01  1.051E-01  1.037E-01  1.007E-01
  410.5000  8.919E-02  9.093E-02  9.122E-02  9.003E-02  8.738E-02
  411.5000  1.073E-01  1.094E-01  1.098E-01  1.083E-01  1.051E-01
  412.5000  1.065E-01  1.086E-01  1.089E-01  1.075E-01  1.043E-01
  413.5000  1.034E-01  1.054E-01  1.058E-01  1.044E-01  1.013E-01
  414.5000  1.064E-01  1.085E-01  1.088E-01  1.074E-01  1.042E-01
  415.5000  1.018E-01  1.038E-01  1.042E-01  1.028E-01  9.977E-02
  416.5000  1.109E-01  1.131E-01  1.135E-01  1.120E-01  1.087E-01
  417.5000  1.015E-01  1.035E-01  1.039E-01  1.025E-01  9.945E-02
  418.5000  1.024E-01  1.045E-01  1.048E-01  1.034E-01  1.003E-01
  419.5000  1.059E-01  1.080E-01  1.084E-01  1.069E-01  1.038E-01
------------------------------------------------------------
Dose rates, W m-2
   1 = UV-B, 280-315 nm                                  
   2 = UV-A, 315-400 nm                                  
   3 = Gaussian, 320 nm, 10 nm FWHM                      
   4 = RB Meter, model 501                               
   5 = DNA damage, in vitro (Setlow, 1974)               
   6 = UV index (WMO, 1994; Webb et al., 2011)           
   7 = Previtamin-D3 (CIE 2006)                          
values at z =      0.000 km
Columns: time, sza, weighting spectra
time, hrs.  sza, deg.          1          2          3          4          5          6          7
   11.0000     83.633  1.512E-02  3.980E+00  1.345E-02  6.058E-03  2.697E-05  1.550E-01  2.747E-03
   11.5000     83.518  1.559E-02  4.056E+00  1.378E-02  6.219E-03  2.764E-05  1.586E-01  2.826E-03
   12.0000     83.499  1.567E-02  4.069E+00  1.384E-02  6.247E-03  2.775E-05  1.592E-01  2.839E-03
   12.5000     83.577  1.535E-02  4.017E+00  1.361E-02  6.136E-03  2.729E-05  1.567E-01  2.785E-03
   13.0000     83.754  1.465E-02  3.901E+00  1.311E-02  5.893E-03  2.628E-05  1.512E-01  2.667E-03
------------------------------------------------------------
