Spectral Irradiance, W m-2 nm-1
values at z =      0.000 km
Columns: wavelength (nm), times (hrs.) or sza (deg.)
    wc, nm     11.000     11.500     12.000     12.500     13.000
    sza =      58.887     58.591     58.506     58.633     58.969
  280.5000  3.938E-22  4.759E-22  5.041E-22  4.626E-22  3.749E-22
  281.5000  5.471E-20  6.637E-20  7.033E-20  6.450E-20  5.199E-20
  282.5000  2.640E-18  3.203E-18  3.393E-18  3.114E-18  2.508E-18
  283.5000  2.986E-17  3.617E-17  3.828E-17  3.517E-17  2.836E-17
  284.5000  1.543E-15  1.855E-15  1.958E-15  1.806E-15  1.468E-15
  285.5000  1.808E-14  2.155E-14  2.268E-14  2.101E-14  1.723E-14
  286.5000  5.443E-13  6.433E-13  6.751E-13  6.280E-13  5.199E-13
  287.5000  8.889E-12  1.039E-11  1.087E-11  1.016E-11  8.515E-12
  288.5000  1.401E-10  1.615E-10  1.682E-10  1.582E-10  1.347E-10
  289.5000  1.750E-09  1.995E-09  2.071E-09  1.958E-09  1.688E-09
  290.5000  1.402E-08  1.582E-08  1.638E-08  1.555E-08  1.356E-08
  291.5000  9.713E-08  1.083E-07  1.117E-07  1.066E-07  9.422E-08
  292.5000  4.430E-07  4.891E-07  5.031E-07  4.823E-07  4.310E-07
  293.5000  2.334E-06  2.552E-06  2.617E-06  2.520E-06  2.277E-06
  294.5000  7.099E-06  7.699E-06  7.879E-06  7.610E-06  6.940E-06
  295.5000  2.942E-05  3.163E-05  3.229E-05  3.130E-05  2.883E-05
  296.5000  7.775E-05  8.298E-05  8.453E-05  8.222E-05  7.635E-05
  297.5000  2.145E-04  2.274E-04  2.313E-04  2.255E-04  2.110E-04
  298.5000  3.475E-04  3.665E-04  3.721E-04  3.637E-04  3.424E-04
  299.5000  1.036E-03  1.087E-03  1.102E-03  1.079E-03  1.022E-03
  300.5000  1.212E-03  1.267E-03  1.282E-03  1.259E-03  1.198E-03
  301.5000  3.063E-03  3.186E-03  3.222E-03  3.168E-03  3.030E-03
  302.5000  4.473E-03  4.638E-03  4.686E-03  4.614E-03  4.427E-03
  303.5000  9.205E-03  9.512E-03  9.602E-03  9.468E-03  9.120E-03
  304.5000  1.123E-02  1.158E-02  1.168E-02  1.153E-02  1.113E-02
  305.5000  1.745E-02  1.794E-02  1.808E-02  1.787E-02  1.731E-02
  306.5000  1.955E-02  2.007E-02  2.022E-02  2.000E-02  1.940E-02
  307.5000  3.226E-02  3.305E-02  3.327E-02  3.293E-02  3.205E-02
  308.5000  3.805E-02  3.894E-02  3.920E-02  3.881E-02  3.781E-02
  309.5000  3.668E-02  3.747E-02  3.770E-02  3.735E-02  3.646E-02
  310.5000  5.325E-02  5.434E-02  5.465E-02  5.418E-02  5.295E-02
  311.5000  7.150E-02  7.290E-02  7.330E-02  7.270E-02  7.111E-02
  312.5000  7.518E-02  7.655E-02  7.694E-02  7.635E-02  7.480E-02
  313.5000  8.686E-02  8.841E-02  8.885E-02  8.819E-02  8.643E-02
  314.5000  9.252E-02  9.405E-02  9.449E-02  9.383E-02  9.209E-02
  315.5000  9.664E-02  9.823E-02  9.868E-02  9.800E-02  9.620E-02
  316.5000  1.011E-01  1.026E-01  1.031E-01  1.024E-01  1.007E-01
  317.5000  1.431E-01  1.454E-01  1.460E-01  1.450E-01  1.425E-01
  318.5000  1.177E-01  1.194E-01  1.199E-01  1.192E-01  1.173E-01
  319.5000  1.450E-01  1.471E-01  1.477E-01  1.468E-01  1.444E-01
  320.5000  1.784E-01  1.809E-01  1.816E-01  1.805E-01  1.776E-01
  321.5000  1.576E-01  1.597E-01  1.603E-01  1.594E-01  1.570E-01
  322.5000  1.542E-01  1.563E-01  1.569E-01  1.560E-01  1.536E-01
  323.5000  1.665E-01  1.687E-01  1.693E-01  1.684E-01  1.659E-01
  324.5000  1.953E-01  1.979E-01  1.986E-01  1.975E-01  1.946E-01
  325.5000  2.178E-01  2.207E-01  2.215E-01  2.203E-01  2.170E-01
  326.5000  2.720E-01  2.754E-01  2.764E-01  2.749E-01  2.710E-01
  327.5000  2.511E-01  2.543E-01  2.552E-01  2.538E-01  2.502E-01
  328.5000  2.321E-01  2.351E-01  2.359E-01  2.347E-01  2.313E-01
  329.5000  3.078E-01  3.115E-01  3.126E-01  3.110E-01  3.067E-01
  330.5000  2.776E-01  2.811E-01  2.821E-01  2.806E-01  2.767E-01
  331.5000  2.741E-01  2.775E-01  2.785E-01  2.770E-01  2.732E-01
  332.5000  2.743E-01  2.776E-01  2.786E-01  2.772E-01  2.734E-01
  333.5000  2.563E-01  2.595E-01  2.604E-01  2.590E-01  2.555E-01
  334.5000  2.876E-01  2.911E-01  2.921E-01  2.906E-01  2.867E-01
  335.5000  2.939E-01  2.974E-01  2.984E-01  2.969E-01  2.929E-01
  336.5000  2.295E-01  2.322E-01  2.330E-01  2.318E-01  2.287E-01
  337.5000  2.509E-01  2.539E-01  2.548E-01  2.535E-01  2.501E-01
  338.5000  2.670E-01  2.702E-01  2.711E-01  2.697E-01  2.661E-01
  339.5000  2.908E-01  2.943E-01  2.952E-01  2.938E-01  2.898E-01
  340.5000  3.104E-01  3.141E-01  3.151E-01  3.135E-01  3.093E-01
  341.5000  2.769E-01  2.802E-01  2.811E-01  2.797E-01  2.760E-01
  342.5000  3.072E-01  3.108E-01  3.119E-01  3.103E-01  3.062E-01
  343.5000  3.190E-01  3.228E-01  3.238E-01  3.222E-01  3.179E-01
  344.5000  2.235E-01  2.261E-01  2.269E-01  2.257E-01  2.227E-01
  345.5000  3.075E-01  3.111E-01  3.121E-01  3.106E-01  3.065E-01
  346.5000  2.873E-01  2.907E-01  2.916E-01  2.902E-01  2.863E-01
  347.5000  2.810E-01  2.843E-01  2.852E-01  2.838E-01  2.801E-01
  348.5000  3.093E-01  3.129E-01  3.140E-01  3.124E-01  3.083E-01
  349.5000  2.594E-01  2.624E-01  2.633E-01  2.620E-01  2.585E-01
  350.5000  3.635E-01  3.678E-01  3.690E-01  3.672E-01  3.623E-01
  351.5000  3.135E-01  3.171E-01  3.182E-01  3.166E-01  3.124E-01
  352.5000  2.830E-01  2.863E-01  2.872E-01  2.858E-01  2.821E-01
  353.5000  3.410E-01  3.450E-01  3.462E-01  3.444E-01  3.399E-01
  354.5000  3.695E-01  3.738E-01  3.750E-01  3.732E-01  3.683E-01
  355.5000  3.456E-01  3.496E-01  3.508E-01  3.490E-01  3.445E-01
  356.5000  3.209E-01  3.247E-01  3.257E-01  3.241E-01  3.199E-01
  357.5000  2.731E-01  2.763E-01  2.772E-01  2.758E-01  2.722E-01
  358.5000  2.109E-01  2.134E-01  2.141E-01  2.130E-01  2.102E-01
  359.5000  3.553E-01  3.594E-01  3.605E-01  3.588E-01  3.541E-01
  360.5000  3.295E-01  3.333E-01  3.344E-01  3.328E-01  3.285E-01
  361.5000  2.973E-01  3.008E-01  3.018E-01  3.003E-01  2.964E-01
  362.5000  3.495E-01  3.535E-01  3.546E-01  3.529E-01  3.483E-01
  363.5000  3.111E-01  3.147E-01  3.157E-01  3.142E-01  3.101E-01
  364.5000  3.396E-01  3.435E-01  3.446E-01  3.429E-01  3.385E-01
  365.5000  4.141E-01  4.189E-01  4.202E-01  4.182E-01  4.128E-01
  366.5000  4.386E-01  4.436E-01  4.451E-01  4.429E-01  4.372E-01
  367.5000  4.167E-01  4.215E-01  4.229E-01  4.208E-01  4.154E-01
  368.5000  3.663E-01  3.705E-01  3.718E-01  3.699E-01  3.652E-01
  369.5000  4.397E-01  4.448E-01  4.462E-01  4.441E-01  4.383E-01
  370.5000  3.993E-01  4.038E-01  4.051E-01  4.032E-01  3.980E-01
  371.5000  4.572E-01  4.624E-01  4.639E-01  4.616E-01  4.557E-01
  372.5000  3.379E-01  3.418E-01  3.429E-01  3.412E-01  3.368E-01
  373.5000  3.057E-01  3.091E-01  3.101E-01  3.086E-01  3.047E-01
  374.5000  3.357E-01  3.395E-01  3.406E-01  3.390E-01  3.346E-01
  375.5000  3.790E-01  3.833E-01  3.846E-01  3.827E-01  3.778E-01
  376.5000  3.787E-01  3.831E-01  3.843E-01  3.824E-01  3.775E-01
  377.5000  4.513E-01  4.565E-01  4.579E-01  4.557E-01  4.499E-01
  378.5000  4.922E-01  4.978E-01  4.994E-01  4.970E-01  4.907E-01
  379.5000  3.644E-01  3.686E-01  3.697E-01  3.680E-01  3.633E-01
  380.5000  4.386E-01  4.435E-01  4.450E-01  4.428E-01  4.372E-01
  381.5000  4.124E-01  4.171E-01  4.184E-01  4.164E-01  4.111E-01
  382.5000  2.750E-01  2.781E-01  2.790E-01  2.776E-01  2.741E-01
  383.5000  2.416E-01  2.444E-01  2.451E-01  2.440E-01  2.409E-01
  384.5000  3.629E-01  3.670E-01  3.681E-01  3.664E-01  3.617E-01
  385.5000  3.593E-01  3.633E-01  3.645E-01  3.627E-01  3.581E-01
  386.5000  3.665E-01  3.706E-01  3.717E-01  3.700E-01  3.653E-01
  387.5000  3.408E-01  3.446E-01  3.457E-01  3.441E-01  3.397E-01
  388.5000  3.418E-01  3.457E-01  3.467E-01  3.451E-01  3.407E-01
  389.5000  4.313E-01  4.362E-01  4.376E-01  4.355E-01  4.300E-01
  390.5000  4.240E-01  4.287E-01  4.301E-01  4.280E-01  4.226E-01
  391.5000  5.033E-01  5.089E-01  5.106E-01  5.081E-01  5.017E-01
  392.5000  3.777E-01  3.819E-01  3.831E-01  3.813E-01  3.765E-01
  393.5000  1.643E-01  1.661E-01  1.667E-01  1.659E-01  1.638E-01
  394.5000  3.869E-01  3.912E-01  3.924E-01  3.906E-01  3.857E-01
  395.5000  4.981E-01  5.037E-01  5.052E-01  5.029E-01  4.966E-01
  396.5000  2.927E-01  2.959E-01  2.969E-01  2.955E-01  2.918E-01
  397.5000  3.380E-01  3.417E-01  3.428E-01  3.412E-01  3.369E-01
  398.5000  5.811E-01  5.876E-01  5.894E-01  5.866E-01  5.793E-01
  399.5000  6.049E-01  6.116E-01  6.135E-01  6.106E-01  6.030E-01
  400.5000  6.363E-01  6.434E-01  6.454E-01  6.423E-01  6.343E-01
  401.5000  6.551E-01  6.623E-01  6.644E-01  6.613E-01  6.531E-01
  402.5000  6.805E-01  6.881E-01  6.902E-01  6.870E-01  6.784E-01
  403.5000  6.233E-01  6.302E-01  6.322E-01  6.292E-01  6.214E-01
  404.5000  6.117E-01  6.185E-01  6.204E-01  6.175E-01  6.099E-01
  405.5000  6.359E-01  6.429E-01  6.449E-01  6.419E-01  6.339E-01
  406.5000  5.993E-01  6.059E-01  6.078E-01  6.050E-01  5.975E-01
  407.5000  6.046E-01  6.113E-01  6.132E-01  6.103E-01  6.028E-01
  408.5000  6.738E-01  6.812E-01  6.833E-01  6.801E-01  6.717E-01
  409.5000  6.609E-01  6.682E-01  6.703E-01  6.671E-01  6.589E-01
  410.5000  5.735E-01  5.798E-01  5.816E-01  5.789E-01  5.718E-01
  411.5000  6.898E-01  6.974E-01  6.995E-01  6.963E-01  6.877E-01
  412.5000  6.841E-01  6.916E-01  6.937E-01  6.905E-01  6.820E-01
  413.5000  6.639E-01  6.712E-01  6.733E-01  6.701E-01  6.619E-01
  414.5000  6.828E-01  6.903E-01  6.924E-01  6.892E-01  6.807E-01
  415.5000  6.535E-01  6.606E-01  6.627E-01  6.596E-01  6.515E-01
  416.5000  7.117E-01  7.194E-01  7.216E-01  7.183E-01  7.095E-01
  417.5000  6.510E-01  6.581E-01  6.601E-01  6.570E-01  6.490E-01
  418.5000  6.565E-01  6.636E-01  6.657E-01  6.626E-01  6.545E-01
  419.5000  6.786E-01  6.859E-01  6.880E-01  6.849E-01  6.765E-01
------------------------------------------------------------
Dose rates, W m-2
   1 = UV-B, 280-315 nm                                  
   2 = UV-A, 315-400 nm                                  
   3 = Gaussian, 320 nm, 10 nm FWHM                      
   4 = RB Meter, model 501                               
   5 = DNA damage, in vitro (Setlow, 1974)               
   6 = UV index (WMO, 1994; Webb et al., 2011)           
   7 = Previtamin-D3 (CIE 2006)                          
values at z =      0.000 km
Columns: time, sza, weighting spectra
time, hrs.  sza, deg.          1          2          3          4          5          6          7
   11.0000     58.887  5.542E-01  2.684E+01  1.504E-01  1.546E-01  1.181E-03  2.882E+00  1.282E-01
   11.5000     58.591  5.657E-01  2.716E+01  1.526E-01  1.579E-01  1.215E-03  2.943E+00  1.314E-01
   12.0000     58.506  5.690E-01  2.725E+01  1.532E-01  1.589E-01  1.225E-03  2.960E+00  1.323E-01
   12.5000     58.633  5.640E-01  2.711E+01  1.523E-01  1.574E-01  1.210E-03  2.934E+00  1.309E-01
   13.0000     58.969  5.510E-01  2.675E+01  1.498E-01  1.537E-01  1.172E-03  2.866E+00  1.274E-01
------------------------------------------------------------
