Spectral Irradiance, W m-2 nm-1
values at z =      0.000 km
Columns: wavelength (nm), times (hrs.) or sza (deg.)
    wc, nm     11.000     11.500     12.000     12.500     13.000
    sza =      59.535     58.076     57.457     57.707     58.813
  280.5000  1.940E-27  4.310E-27  7.318E-27  5.827E-27  2.678E-27
  281.5000  7.350E-25  1.739E-24  2.953E-24  2.358E-24  1.051E-24
  282.5000  8.461E-23  2.096E-22  3.529E-22  2.836E-22  1.247E-22
  283.5000  1.691E-21  4.293E-21  7.158E-21  5.784E-21  2.540E-21
  284.5000  2.530E-19  6.546E-19  1.061E-18  8.694E-19  3.890E-19
  285.5000  6.644E-18  1.706E-17  2.689E-17  2.232E-17  1.029E-17
  286.5000  3.770E-16  9.487E-16  1.458E-15  1.224E-15  5.825E-16
  287.5000  1.264E-14  3.059E-14  4.554E-14  3.874E-14  1.930E-14
  288.5000  4.430E-13  1.009E-12  1.445E-12  1.249E-12  6.610E-13
  289.5000  9.903E-12  2.137E-11  2.970E-11  2.600E-11  1.444E-11
  290.5000  1.302E-10  2.666E-10  3.610E-10  3.195E-10  1.854E-10
  291.5000  1.591E-09  3.051E-09  4.003E-09  3.589E-09  2.198E-09
  292.5000  1.160E-08  2.098E-08  2.681E-08  2.430E-08  1.558E-08
  293.5000  9.529E-08  1.627E-07  2.026E-07  1.855E-07  1.245E-07
  294.5000  4.110E-07  6.691E-07  8.165E-07  7.538E-07  5.245E-07
  295.5000  2.473E-06  3.821E-06  4.560E-06  4.248E-06  3.076E-06
  296.5000  8.918E-06  1.318E-05  1.543E-05  1.449E-05  1.085E-05
  297.5000  3.233E-05  4.589E-05  5.287E-05  4.995E-05  3.855E-05
  298.5000  6.596E-05  9.047E-05  1.028E-04  9.766E-05  7.732E-05
  299.5000  2.445E-04  3.245E-04  3.638E-04  3.475E-04  2.819E-04
  300.5000  3.380E-04  4.375E-04  4.854E-04  4.656E-04  3.849E-04
  301.5000  1.024E-03  1.289E-03  1.414E-03  1.362E-03  1.149E-03
  302.5000  1.683E-03  2.080E-03  2.265E-03  2.189E-03  1.873E-03
  303.5000  3.986E-03  4.819E-03  5.202E-03  5.045E-03  4.386E-03
  304.5000  5.270E-03  6.292E-03  6.758E-03  6.568E-03  5.762E-03
  305.5000  9.235E-03  1.082E-02  1.153E-02  1.124E-02  1.000E-02
  306.5000  1.090E-02  1.266E-02  1.345E-02  1.313E-02  1.175E-02
  307.5000  1.985E-02  2.271E-02  2.397E-02  2.345E-02  2.124E-02
  308.5000  2.431E-02  2.765E-02  2.912E-02  2.852E-02  2.594E-02
  309.5000  2.501E-02  2.814E-02  2.951E-02  2.895E-02  2.654E-02
  310.5000  3.803E-02  4.247E-02  4.441E-02  4.362E-02  4.020E-02
  311.5000  5.264E-02  5.850E-02  6.105E-02  6.002E-02  5.551E-02
  312.5000  5.844E-02  6.437E-02  6.694E-02  6.590E-02  6.135E-02
  313.5000  6.840E-02  7.519E-02  7.812E-02  7.693E-02  7.173E-02
  314.5000  7.629E-02  8.323E-02  8.621E-02  8.501E-02  7.971E-02
  315.5000  8.032E-02  8.752E-02  9.061E-02  8.936E-02  8.386E-02
  316.5000  8.707E-02  9.432E-02  9.742E-02  9.616E-02  9.064E-02
  317.5000  1.234E-01  1.336E-01  1.380E-01  1.362E-01  1.284E-01
  318.5000  1.048E-01  1.129E-01  1.164E-01  1.150E-01  1.088E-01
  319.5000  1.299E-01  1.398E-01  1.441E-01  1.423E-01  1.348E-01
  320.5000  1.611E-01  1.731E-01  1.783E-01  1.762E-01  1.670E-01
  321.5000  1.466E-01  1.568E-01  1.612E-01  1.594E-01  1.517E-01
  322.5000  1.402E-01  1.505E-01  1.549E-01  1.532E-01  1.453E-01
  323.5000  1.571E-01  1.676E-01  1.721E-01  1.703E-01  1.623E-01
  324.5000  1.840E-01  1.964E-01  2.016E-01  1.995E-01  1.901E-01
  325.5000  2.043E-01  2.182E-01  2.241E-01  2.217E-01  2.111E-01
  326.5000  2.613E-01  2.780E-01  2.851E-01  2.823E-01  2.696E-01
  327.5000  2.394E-01  2.550E-01  2.617E-01  2.590E-01  2.472E-01
  328.5000  2.215E-01  2.359E-01  2.420E-01  2.395E-01  2.286E-01
  329.5000  2.990E-01  3.175E-01  3.253E-01  3.222E-01  3.081E-01
  330.5000  2.677E-01  2.846E-01  2.918E-01  2.889E-01  2.761E-01
  331.5000  2.640E-01  2.807E-01  2.878E-01  2.849E-01  2.722E-01
  332.5000  2.676E-01  2.840E-01  2.909E-01  2.881E-01  2.757E-01
  333.5000  2.487E-01  2.641E-01  2.707E-01  2.680E-01  2.564E-01
  334.5000  2.799E-01  2.971E-01  3.044E-01  3.014E-01  2.884E-01
  335.5000  2.878E-01  3.051E-01  3.125E-01  3.095E-01  2.964E-01
  336.5000  2.244E-01  2.379E-01  2.437E-01  2.413E-01  2.311E-01
  337.5000  2.443E-01  2.592E-01  2.655E-01  2.630E-01  2.517E-01
  338.5000  2.617E-01  2.773E-01  2.840E-01  2.813E-01  2.694E-01
  339.5000  2.852E-01  3.023E-01  3.095E-01  3.066E-01  2.937E-01
  340.5000  3.037E-01  3.220E-01  3.297E-01  3.266E-01  3.128E-01
  341.5000  2.719E-01  2.881E-01  2.949E-01  2.922E-01  2.799E-01
  342.5000  3.019E-01  3.198E-01  3.273E-01  3.243E-01  3.107E-01
  343.5000  3.131E-01  3.317E-01  3.396E-01  3.364E-01  3.223E-01
  344.5000  2.191E-01  2.321E-01  2.377E-01  2.354E-01  2.256E-01
  345.5000  3.025E-01  3.203E-01  3.278E-01  3.248E-01  3.113E-01
  346.5000  2.821E-01  2.988E-01  3.058E-01  3.030E-01  2.903E-01
  347.5000  2.760E-01  2.923E-01  2.992E-01  2.964E-01  2.841E-01
  348.5000  3.040E-01  3.219E-01  3.295E-01  3.264E-01  3.129E-01
  349.5000  2.550E-01  2.700E-01  2.763E-01  2.737E-01  2.624E-01
  350.5000  3.574E-01  3.784E-01  3.873E-01  3.837E-01  3.678E-01
  351.5000  3.081E-01  3.262E-01  3.339E-01  3.308E-01  3.171E-01
  352.5000  2.783E-01  2.946E-01  3.015E-01  2.987E-01  2.863E-01
  353.5000  3.355E-01  3.551E-01  3.634E-01  3.601E-01  3.452E-01
  354.5000  3.636E-01  3.848E-01  3.938E-01  3.902E-01  3.741E-01
  355.5000  3.401E-01  3.599E-01  3.683E-01  3.649E-01  3.499E-01
  356.5000  3.159E-01  3.343E-01  3.420E-01  3.389E-01  3.250E-01
  357.5000  2.688E-01  2.844E-01  2.910E-01  2.884E-01  2.765E-01
  358.5000  2.077E-01  2.197E-01  2.248E-01  2.227E-01  2.136E-01
  359.5000  3.498E-01  3.700E-01  3.786E-01  3.751E-01  3.598E-01
  360.5000  3.245E-01  3.432E-01  3.512E-01  3.480E-01  3.338E-01
  361.5000  2.928E-01  3.097E-01  3.169E-01  3.140E-01  3.012E-01
  362.5000  3.442E-01  3.640E-01  3.724E-01  3.690E-01  3.540E-01
  363.5000  3.064E-01  3.241E-01  3.315E-01  3.285E-01  3.152E-01
  364.5000  3.345E-01  3.538E-01  3.619E-01  3.586E-01  3.441E-01
  365.5000  4.079E-01  4.313E-01  4.412E-01  4.372E-01  4.195E-01
  366.5000  4.321E-01  4.569E-01  4.673E-01  4.631E-01  4.443E-01
  367.5000  4.106E-01  4.341E-01  4.441E-01  4.401E-01  4.222E-01
  368.5000  3.610E-01  3.816E-01  3.904E-01  3.868E-01  3.712E-01
  369.5000  4.333E-01  4.581E-01  4.686E-01  4.643E-01  4.456E-01
  370.5000  3.934E-01  4.159E-01  4.254E-01  4.216E-01  4.046E-01
  371.5000  4.505E-01  4.762E-01  4.871E-01  4.827E-01  4.633E-01
  372.5000  3.330E-01  3.520E-01  3.600E-01  3.568E-01  3.424E-01
  373.5000  3.012E-01  3.184E-01  3.256E-01  3.227E-01  3.097E-01
  374.5000  3.309E-01  3.497E-01  3.576E-01  3.544E-01  3.402E-01
  375.5000  3.736E-01  3.948E-01  4.038E-01  4.002E-01  3.841E-01
  376.5000  3.734E-01  3.945E-01  4.035E-01  3.999E-01  3.838E-01
  377.5000  4.449E-01  4.701E-01  4.807E-01  4.765E-01  4.574E-01
  378.5000  4.853E-01  5.127E-01  5.243E-01  5.196E-01  4.989E-01
  379.5000  3.593E-01  3.796E-01  3.881E-01  3.847E-01  3.694E-01
  380.5000  4.324E-01  4.568E-01  4.671E-01  4.630E-01  4.445E-01
  381.5000  4.066E-01  4.296E-01  4.392E-01  4.353E-01  4.180E-01
  382.5000  2.712E-01  2.864E-01  2.928E-01  2.903E-01  2.787E-01
  383.5000  2.383E-01  2.517E-01  2.573E-01  2.550E-01  2.449E-01
  384.5000  3.578E-01  3.779E-01  3.864E-01  3.830E-01  3.678E-01
  385.5000  3.543E-01  3.742E-01  3.825E-01  3.792E-01  3.641E-01
  386.5000  3.614E-01  3.816E-01  3.902E-01  3.867E-01  3.714E-01
  387.5000  3.361E-01  3.549E-01  3.628E-01  3.596E-01  3.454E-01
  388.5000  3.371E-01  3.560E-01  3.639E-01  3.607E-01  3.465E-01
  389.5000  4.255E-01  4.492E-01  4.592E-01  4.552E-01  4.372E-01
  390.5000  4.182E-01  4.415E-01  4.513E-01  4.474E-01  4.298E-01
  391.5000  4.965E-01  5.241E-01  5.358E-01  5.311E-01  5.102E-01
  392.5000  3.726E-01  3.933E-01  4.020E-01  3.985E-01  3.828E-01
  393.5000  1.621E-01  1.711E-01  1.749E-01  1.734E-01  1.666E-01
  394.5000  3.817E-01  4.029E-01  4.118E-01  4.082E-01  3.922E-01
  395.5000  4.914E-01  5.187E-01  5.301E-01  5.255E-01  5.049E-01
  396.5000  2.888E-01  3.048E-01  3.115E-01  3.088E-01  2.967E-01
  397.5000  3.335E-01  3.519E-01  3.597E-01  3.565E-01  3.426E-01
  398.5000  5.734E-01  6.051E-01  6.184E-01  6.130E-01  5.891E-01
  399.5000  5.968E-01  6.297E-01  6.436E-01  6.380E-01  6.131E-01
  400.5000  6.279E-01  6.625E-01  6.770E-01  6.712E-01  6.450E-01
  401.5000  6.465E-01  6.820E-01  6.970E-01  6.909E-01  6.641E-01
  402.5000  6.716E-01  7.085E-01  7.240E-01  7.177E-01  6.899E-01
  403.5000  6.151E-01  6.489E-01  6.631E-01  6.574E-01  6.319E-01
  404.5000  6.037E-01  6.368E-01  6.507E-01  6.451E-01  6.201E-01
  405.5000  6.276E-01  6.619E-01  6.764E-01  6.706E-01  6.446E-01
  406.5000  5.915E-01  6.239E-01  6.375E-01  6.320E-01  6.076E-01
  407.5000  5.967E-01  6.293E-01  6.430E-01  6.375E-01  6.129E-01
  408.5000  6.650E-01  7.013E-01  7.166E-01  7.104E-01  6.830E-01
  409.5000  6.524E-01  6.879E-01  7.029E-01  6.968E-01  6.700E-01
  410.5000  5.661E-01  5.969E-01  6.099E-01  6.047E-01  5.814E-01
  411.5000  6.809E-01  7.179E-01  7.335E-01  7.272E-01  6.993E-01
  412.5000  6.753E-01  7.120E-01  7.274E-01  7.212E-01  6.935E-01
  413.5000  6.554E-01  6.910E-01  7.059E-01  6.999E-01  6.730E-01
  414.5000  6.741E-01  7.106E-01  7.259E-01  7.197E-01  6.922E-01
  415.5000  6.451E-01  6.800E-01  6.947E-01  6.888E-01  6.624E-01
  416.5000  7.025E-01  7.405E-01  7.565E-01  7.501E-01  7.214E-01
  417.5000  6.426E-01  6.774E-01  6.919E-01  6.861E-01  6.599E-01
  418.5000  6.481E-01  6.831E-01  6.978E-01  6.918E-01  6.654E-01
  419.5000  6.699E-01  7.060E-01  7.212E-01  7.151E-01  6.878E-01
------------------------------------------------------------
Dose rates, W m-2
   1 = UV-B, 280-315 nm                                  
   2 = UV-A, 315-400 nm                                  
   3 = Gaussian, 320 nm, 10 nm FWHM                      
   4 = RB Meter, model 501                               
   5 = DNA damage, in vitro (Setlow, 1974)               
   6 = UV index (WMO, 1994; Webb et al., 2011)           
   7 = Previtamin-D3 (CIE 2006)                          
values at z =      0.000 km
Columns: time, sza, weighting spectra
time, hrs.  sza, deg.          1          2          3          4          5          6          7
   11.0000     59.535  3.958E-01  2.625E+01  1.362E-01  1.105E-01  6.647E-04  2.107E+00  8.099E-02
   11.5000     58.076  4.411E-01  2.780E+01  1.463E-01  1.228E-01  7.635E-04  2.329E+00  9.187E-02
   12.0000     57.457  4.610E-01  2.845E+01  1.506E-01  1.282E-01  8.081E-04  2.426E+00  9.669E-02
   12.5000     57.707  4.529E-01  2.818E+01  1.489E-01  1.260E-01  7.899E-04  2.386E+00  9.472E-02
   13.0000     58.813  4.179E-01  2.702E+01  1.412E-01  1.165E-01  7.124E-04  2.215E+00  8.628E-02
------------------------------------------------------------
