Spectral Irradiance, W m-2 nm-1
values at z =      0.000 km
Columns: wavelength (nm), times (hrs.) or sza (deg.)
    wc, nm     11.000     11.500     12.000     12.500     13.000
    sza =      61.135     60.158     59.738     59.892     60.615
  280.5000  1.326E-25  1.708E-25  1.970E-25  1.864E-25  1.500E-25
  281.5000  3.176E-23  4.210E-23  4.941E-23  4.644E-23  3.641E-23
  282.5000  2.444E-21  3.344E-21  3.990E-21  3.727E-21  2.845E-21
  283.5000  3.746E-20  5.251E-20  6.336E-20  5.894E-20  4.413E-20
  284.5000  3.440E-18  5.055E-18  6.210E-18  5.742E-18  4.155E-18
  285.5000  6.318E-17  9.602E-17  1.191E-16  1.098E-16  7.779E-17
  286.5000  2.739E-15  4.254E-15  5.293E-15  4.877E-15  3.418E-15
  287.5000  6.894E-14  1.087E-13  1.351E-13  1.246E-13  8.695E-14
  288.5000  1.805E-12  2.848E-12  3.512E-12  3.250E-12  2.285E-12
  289.5000  3.317E-11  5.182E-11  6.331E-11  5.880E-11  4.186E-11
  290.5000  3.732E-10  5.739E-10  6.938E-10  6.471E-10  4.679E-10
  291.5000  3.865E-09  5.788E-09  6.895E-09  6.467E-09  4.785E-09
  292.5000  2.479E-08  3.610E-08  4.242E-08  3.999E-08  3.026E-08
  293.5000  1.816E-07  2.564E-07  2.970E-07  2.815E-07  2.182E-07
  294.5000  7.181E-07  9.875E-07  1.130E-06  1.076E-06  8.513E-07
  295.5000  3.954E-06  5.272E-06  5.949E-06  5.692E-06  4.612E-06
  296.5000  1.327E-05  1.722E-05  1.920E-05  1.845E-05  1.526E-05
  297.5000  4.524E-05  5.725E-05  6.315E-05  6.093E-05  5.133E-05
  298.5000  8.773E-05  1.086E-04  1.187E-04  1.149E-04  9.838E-05
  299.5000  3.102E-04  3.760E-04  4.073E-04  3.956E-04  3.440E-04
  300.5000  4.139E-04  4.935E-04  5.309E-04  5.170E-04  4.549E-04
  301.5000  1.207E-03  1.413E-03  1.508E-03  1.473E-03  1.313E-03
  302.5000  1.936E-03  2.239E-03  2.378E-03  2.326E-03  2.093E-03
  303.5000  4.453E-03  5.076E-03  5.359E-03  5.254E-03  4.777E-03
  304.5000  5.791E-03  6.546E-03  6.887E-03  6.761E-03  6.185E-03
  305.5000  9.905E-03  1.105E-02  1.157E-02  1.138E-02  1.051E-02
  306.5000  1.156E-02  1.284E-02  1.340E-02  1.319E-02  1.223E-02
  307.5000  2.066E-02  2.269E-02  2.359E-02  2.326E-02  2.172E-02
  308.5000  2.512E-02  2.747E-02  2.851E-02  2.813E-02  2.635E-02
  309.5000  2.550E-02  2.770E-02  2.867E-02  2.831E-02  2.666E-02
  310.5000  3.844E-02  4.154E-02  4.289E-02  4.239E-02  4.007E-02
  311.5000  5.289E-02  5.696E-02  5.875E-02  5.809E-02  5.504E-02
  312.5000  5.811E-02  6.221E-02  6.400E-02  6.334E-02  6.027E-02
  313.5000  6.783E-02  7.252E-02  7.456E-02  7.381E-02  7.031E-02
  314.5000  7.500E-02  7.977E-02  8.185E-02  8.109E-02  7.753E-02
  315.5000  7.884E-02  8.379E-02  8.593E-02  8.514E-02  8.146E-02
  316.5000  8.489E-02  8.986E-02  9.201E-02  9.122E-02  8.752E-02
  317.5000  1.202E-01  1.273E-01  1.303E-01  1.292E-01  1.240E-01
  318.5000  1.016E-01  1.071E-01  1.095E-01  1.086E-01  1.045E-01
  319.5000  1.257E-01  1.325E-01  1.354E-01  1.343E-01  1.293E-01
  320.5000  1.556E-01  1.638E-01  1.674E-01  1.661E-01  1.600E-01
  321.5000  1.409E-01  1.478E-01  1.508E-01  1.497E-01  1.446E-01
  322.5000  1.353E-01  1.423E-01  1.454E-01  1.443E-01  1.390E-01
  323.5000  1.505E-01  1.577E-01  1.608E-01  1.597E-01  1.543E-01
  324.5000  1.763E-01  1.848E-01  1.884E-01  1.871E-01  1.808E-01
  325.5000  1.959E-01  2.054E-01  2.095E-01  2.080E-01  2.010E-01
  326.5000  2.495E-01  2.609E-01  2.658E-01  2.640E-01  2.556E-01
  327.5000  2.289E-01  2.396E-01  2.442E-01  2.425E-01  2.346E-01
  328.5000  2.117E-01  2.216E-01  2.258E-01  2.243E-01  2.169E-01
  329.5000  2.849E-01  2.975E-01  3.030E-01  3.010E-01  2.916E-01
  330.5000  2.554E-01  2.670E-01  2.720E-01  2.701E-01  2.616E-01
  331.5000  2.519E-01  2.633E-01  2.683E-01  2.664E-01  2.580E-01
  332.5000  2.548E-01  2.660E-01  2.708E-01  2.690E-01  2.607E-01
  333.5000  2.370E-01  2.476E-01  2.521E-01  2.504E-01  2.426E-01
  334.5000  2.666E-01  2.784E-01  2.834E-01  2.816E-01  2.728E-01
  335.5000  2.738E-01  2.857E-01  2.908E-01  2.889E-01  2.801E-01
  336.5000  2.135E-01  2.228E-01  2.268E-01  2.253E-01  2.184E-01
  337.5000  2.326E-01  2.429E-01  2.473E-01  2.456E-01  2.381E-01
  338.5000  2.489E-01  2.596E-01  2.643E-01  2.626E-01  2.546E-01
  339.5000  2.713E-01  2.830E-01  2.880E-01  2.861E-01  2.775E-01
  340.5000  2.890E-01  3.015E-01  3.069E-01  3.049E-01  2.956E-01
  341.5000  2.586E-01  2.696E-01  2.744E-01  2.727E-01  2.644E-01
  342.5000  2.870E-01  2.993E-01  3.046E-01  3.026E-01  2.935E-01
  343.5000  2.978E-01  3.105E-01  3.160E-01  3.140E-01  3.045E-01
  344.5000  2.084E-01  2.174E-01  2.212E-01  2.198E-01  2.131E-01
  345.5000  2.875E-01  2.998E-01  3.050E-01  3.031E-01  2.940E-01
  346.5000  2.682E-01  2.797E-01  2.846E-01  2.828E-01  2.743E-01
  347.5000  2.624E-01  2.736E-01  2.785E-01  2.767E-01  2.684E-01
  348.5000  2.891E-01  3.014E-01  3.067E-01  3.047E-01  2.956E-01
  349.5000  2.424E-01  2.527E-01  2.572E-01  2.555E-01  2.479E-01
  350.5000  3.398E-01  3.542E-01  3.605E-01  3.582E-01  3.475E-01
  351.5000  2.930E-01  3.054E-01  3.108E-01  3.088E-01  2.996E-01
  352.5000  2.646E-01  2.758E-01  2.806E-01  2.788E-01  2.705E-01
  353.5000  3.190E-01  3.325E-01  3.383E-01  3.361E-01  3.261E-01
  354.5000  3.457E-01  3.603E-01  3.666E-01  3.643E-01  3.534E-01
  355.5000  3.234E-01  3.370E-01  3.429E-01  3.407E-01  3.306E-01
  356.5000  3.003E-01  3.130E-01  3.184E-01  3.164E-01  3.070E-01
  357.5000  2.556E-01  2.663E-01  2.709E-01  2.693E-01  2.613E-01
  358.5000  1.974E-01  2.057E-01  2.093E-01  2.080E-01  2.018E-01
  359.5000  3.325E-01  3.465E-01  3.525E-01  3.503E-01  3.399E-01
  360.5000  3.085E-01  3.214E-01  3.270E-01  3.250E-01  3.154E-01
  361.5000  2.784E-01  2.901E-01  2.951E-01  2.932E-01  2.846E-01
  362.5000  3.272E-01  3.409E-01  3.468E-01  3.447E-01  3.345E-01
  363.5000  2.913E-01  3.035E-01  3.088E-01  3.068E-01  2.978E-01
  364.5000  3.181E-01  3.314E-01  3.371E-01  3.350E-01  3.251E-01
  365.5000  3.878E-01  4.040E-01  4.110E-01  4.084E-01  3.964E-01
  366.5000  4.108E-01  4.280E-01  4.353E-01  4.326E-01  4.199E-01
  367.5000  3.904E-01  4.067E-01  4.137E-01  4.111E-01  3.990E-01
  368.5000  3.432E-01  3.575E-01  3.637E-01  3.614E-01  3.508E-01
  369.5000  4.120E-01  4.292E-01  4.365E-01  4.338E-01  4.211E-01
  370.5000  3.741E-01  3.897E-01  3.963E-01  3.939E-01  3.824E-01
  371.5000  4.284E-01  4.462E-01  4.538E-01  4.510E-01  4.379E-01
  372.5000  3.167E-01  3.299E-01  3.355E-01  3.334E-01  3.237E-01
  373.5000  2.865E-01  2.984E-01  3.035E-01  3.016E-01  2.928E-01
  374.5000  3.147E-01  3.277E-01  3.333E-01  3.312E-01  3.216E-01
  375.5000  3.553E-01  3.700E-01  3.763E-01  3.740E-01  3.631E-01
  376.5000  3.551E-01  3.698E-01  3.761E-01  3.738E-01  3.629E-01
  377.5000  4.232E-01  4.407E-01  4.481E-01  4.454E-01  4.325E-01
  378.5000  4.616E-01  4.806E-01  4.888E-01  4.858E-01  4.717E-01
  379.5000  3.418E-01  3.558E-01  3.619E-01  3.597E-01  3.492E-01
  380.5000  4.113E-01  4.283E-01  4.355E-01  4.329E-01  4.203E-01
  381.5000  3.868E-01  4.027E-01  4.095E-01  4.070E-01  3.953E-01
  382.5000  2.580E-01  2.685E-01  2.731E-01  2.714E-01  2.636E-01
  383.5000  2.267E-01  2.360E-01  2.400E-01  2.385E-01  2.316E-01
  384.5000  3.405E-01  3.544E-01  3.604E-01  3.582E-01  3.479E-01
  385.5000  3.371E-01  3.509E-01  3.568E-01  3.546E-01  3.444E-01
  386.5000  3.439E-01  3.579E-01  3.640E-01  3.617E-01  3.513E-01
  387.5000  3.198E-01  3.329E-01  3.385E-01  3.364E-01  3.268E-01
  388.5000  3.208E-01  3.339E-01  3.395E-01  3.375E-01  3.278E-01
  389.5000  4.049E-01  4.214E-01  4.285E-01  4.259E-01  4.136E-01
  390.5000  3.980E-01  4.142E-01  4.211E-01  4.186E-01  4.066E-01
  391.5000  4.725E-01  4.917E-01  5.000E-01  4.969E-01  4.827E-01
  392.5000  3.546E-01  3.690E-01  3.752E-01  3.729E-01  3.622E-01
  393.5000  1.543E-01  1.605E-01  1.632E-01  1.622E-01  1.576E-01
  394.5000  3.633E-01  3.780E-01  3.843E-01  3.820E-01  3.711E-01
  395.5000  4.678E-01  4.867E-01  4.949E-01  4.919E-01  4.778E-01
  396.5000  2.749E-01  2.860E-01  2.908E-01  2.890E-01  2.808E-01
  397.5000  3.174E-01  3.303E-01  3.358E-01  3.338E-01  3.243E-01
  398.5000  5.459E-01  5.679E-01  5.774E-01  5.739E-01  5.576E-01
  399.5000  5.682E-01  5.912E-01  6.010E-01  5.974E-01  5.804E-01
  400.5000  5.978E-01  6.219E-01  6.322E-01  6.285E-01  6.106E-01
  401.5000  6.155E-01  6.403E-01  6.509E-01  6.470E-01  6.287E-01
  402.5000  6.395E-01  6.652E-01  6.762E-01  6.722E-01  6.531E-01
  403.5000  5.858E-01  6.093E-01  6.194E-01  6.157E-01  5.983E-01
  404.5000  5.749E-01  5.980E-01  6.079E-01  6.043E-01  5.872E-01
  405.5000  5.977E-01  6.217E-01  6.319E-01  6.282E-01  6.104E-01
  406.5000  5.634E-01  5.859E-01  5.956E-01  5.921E-01  5.754E-01
  407.5000  5.684E-01  5.911E-01  6.009E-01  5.973E-01  5.805E-01
  408.5000  6.335E-01  6.588E-01  6.696E-01  6.657E-01  6.469E-01
  409.5000  6.214E-01  6.463E-01  6.569E-01  6.530E-01  6.346E-01
  410.5000  5.393E-01  5.608E-01  5.700E-01  5.666E-01  5.507E-01
  411.5000  6.487E-01  6.745E-01  6.856E-01  6.816E-01  6.624E-01
  412.5000  6.434E-01  6.690E-01  6.800E-01  6.760E-01  6.570E-01
  413.5000  6.245E-01  6.493E-01  6.599E-01  6.560E-01  6.377E-01
  414.5000  6.423E-01  6.678E-01  6.787E-01  6.747E-01  6.558E-01
  415.5000  6.147E-01  6.392E-01  6.496E-01  6.458E-01  6.277E-01
  416.5000  6.695E-01  6.961E-01  7.074E-01  7.033E-01  6.836E-01
  417.5000  6.125E-01  6.367E-01  6.471E-01  6.433E-01  6.254E-01
  418.5000  6.177E-01  6.422E-01  6.526E-01  6.488E-01  6.307E-01
  419.5000  6.385E-01  6.638E-01  6.746E-01  6.706E-01  6.519E-01
------------------------------------------------------------
Dose rates, W m-2
   1 = UV-B, 280-315 nm                                  
   2 = UV-A, 315-400 nm                                  
   3 = Gaussian, 320 nm, 10 nm FWHM                      
   4 = RB Meter, model 501                               
   5 = DNA damage, in vitro (Setlow, 1974)               
   6 = UV index (WMO, 1994; Webb et al., 2011)           
   7 = Previtamin-D3 (CIE 2006)                          
values at z =      0.000 km
Columns: time, sza, weighting spectra
time, hrs.  sza, deg.          1          2          3          4          5          6          7
   11.0000     61.135  3.993E-01  2.500E+01  1.315E-01  1.112E-01  6.972E-04  2.107E+00  8.351E-02
   11.5000     60.158  4.311E-01  2.606E+01  1.384E-01  1.199E-01  7.695E-04  2.264E+00  9.128E-02
   12.0000     59.738  4.451E-01  2.652E+01  1.414E-01  1.237E-01  8.021E-04  2.334E+00  9.473E-02
   12.5000     59.892  4.399E-01  2.635E+01  1.403E-01  1.223E-01  7.900E-04  2.308E+00  9.346E-02
   13.0000     60.615  4.160E-01  2.556E+01  1.352E-01  1.158E-01  7.350E-04  2.190E+00  8.759E-02
------------------------------------------------------------
