Spectral Irradiance, W m-2 nm-1
values at z =      0.000 km
Columns: wavelength (nm), times (hrs.) or sza (deg.)
    wc, nm     11.000     11.500     12.000     12.500     13.000
    sza =      70.786     70.149     70.136     70.748     71.969
  280.5000  4.647E-28  4.877E-28  4.882E-28  4.660E-28  4.260E-28
  281.5000  1.608E-25  1.690E-25  1.692E-25  1.613E-25  1.472E-25
  282.5000  1.676E-23  1.763E-23  1.765E-23  1.681E-23  1.531E-23
  283.5000  3.096E-22  3.259E-22  3.263E-22  3.106E-22  2.824E-22
  284.5000  3.882E-20  4.094E-20  4.098E-20  3.894E-20  3.530E-20
  285.5000  8.716E-19  9.205E-19  9.216E-19  8.743E-19  7.904E-19
  286.5000  4.311E-17  4.560E-17  4.565E-17  4.325E-17  3.900E-17
  287.5000  1.223E-15  1.297E-15  1.298E-15  1.228E-15  1.103E-15
  288.5000  3.546E-14  3.768E-14  3.773E-14  3.559E-14  3.184E-14
  289.5000  6.896E-13  7.344E-13  7.354E-13  6.921E-13  6.167E-13
  290.5000  8.065E-12  8.611E-12  8.623E-12  8.096E-12  7.183E-12
  291.5000  8.709E-11  9.337E-11  9.351E-11  8.744E-11  7.708E-11
  292.5000  5.809E-10  6.261E-10  6.270E-10  5.834E-10  5.104E-10
  293.5000  4.474E-09  4.859E-09  4.868E-09  4.495E-09  3.888E-09
  294.5000  1.876E-08  2.057E-08  2.061E-08  1.886E-08  1.609E-08
  295.5000  1.135E-07  1.262E-07  1.265E-07  1.142E-07  9.527E-08
  296.5000  4.297E-07  4.856E-07  4.868E-07  4.327E-07  3.516E-07
  297.5000  1.705E-06  1.956E-06  1.961E-06  1.718E-06  1.356E-06
  298.5000  3.930E-06  4.560E-06  4.574E-06  3.963E-06  3.049E-06
  299.5000  1.710E-05  1.999E-05  2.006E-05  1.726E-05  1.300E-05
  300.5000  2.763E-05  3.236E-05  3.246E-05  2.789E-05  2.079E-05
  301.5000  1.025E-04  1.197E-04  1.200E-04  1.034E-04  7.693E-05
  302.5000  1.956E-04  2.273E-04  2.280E-04  1.973E-04  1.475E-04
  303.5000  5.628E-04  6.486E-04  6.505E-04  5.676E-04  4.295E-04
  304.5000  8.381E-04  9.599E-04  9.625E-04  8.448E-04  6.460E-04
  305.5000  1.775E-03  2.010E-03  2.015E-03  1.788E-03  1.395E-03
  306.5000  2.275E-03  2.563E-03  2.569E-03  2.291E-03  1.804E-03
  307.5000  4.901E-03  5.459E-03  5.471E-03  4.933E-03  3.971E-03
  308.5000  6.404E-03  7.101E-03  7.115E-03  6.443E-03  5.233E-03
  309.5000  7.391E-03  8.128E-03  8.143E-03  7.434E-03  6.137E-03
  310.5000  1.222E-02  1.335E-02  1.338E-02  1.228E-02  1.027E-02
  311.5000  1.787E-02  1.945E-02  1.948E-02  1.796E-02  1.514E-02
  312.5000  2.195E-02  2.370E-02  2.374E-02  2.205E-02  1.887E-02
  313.5000  2.629E-02  2.834E-02  2.839E-02  2.641E-02  2.269E-02
  314.5000  3.201E-02  3.427E-02  3.432E-02  3.214E-02  2.800E-02
  315.5000  3.417E-02  3.655E-02  3.660E-02  3.431E-02  2.995E-02
  316.5000  3.967E-02  4.220E-02  4.225E-02  3.981E-02  3.514E-02
  317.5000  5.619E-02  5.978E-02  5.985E-02  5.640E-02  4.977E-02
  318.5000  5.086E-02  5.384E-02  5.390E-02  5.103E-02  4.550E-02
  319.5000  6.379E-02  6.746E-02  6.754E-02  6.400E-02  5.717E-02
  320.5000  8.022E-02  8.475E-02  8.484E-02  8.049E-02  7.206E-02
  321.5000  7.738E-02  8.137E-02  8.145E-02  7.761E-02  7.015E-02
  322.5000  7.077E-02  7.469E-02  7.477E-02  7.100E-02  6.369E-02
  323.5000  8.504E-02  8.924E-02  8.933E-02  8.529E-02  7.741E-02
  324.5000  9.935E-02  1.043E-01  1.044E-01  9.964E-02  9.039E-02
  325.5000  1.093E-01  1.148E-01  1.149E-01  1.096E-01  9.930E-02
  326.5000  1.467E-01  1.535E-01  1.536E-01  1.471E-01  1.343E-01
  327.5000  1.324E-01  1.387E-01  1.388E-01  1.327E-01  1.209E-01
  328.5000  1.225E-01  1.283E-01  1.285E-01  1.228E-01  1.119E-01
  329.5000  1.713E-01  1.790E-01  1.792E-01  1.718E-01  1.574E-01
  330.5000  1.512E-01  1.582E-01  1.583E-01  1.516E-01  1.385E-01
  331.5000  1.487E-01  1.556E-01  1.557E-01  1.491E-01  1.361E-01
  332.5000  1.547E-01  1.615E-01  1.616E-01  1.551E-01  1.422E-01
  333.5000  1.422E-01  1.486E-01  1.488E-01  1.426E-01  1.305E-01
  334.5000  1.610E-01  1.682E-01  1.683E-01  1.614E-01  1.479E-01
  335.5000  1.676E-01  1.749E-01  1.750E-01  1.680E-01  1.543E-01
  336.5000  1.302E-01  1.359E-01  1.361E-01  1.306E-01  1.198E-01
  337.5000  1.406E-01  1.469E-01  1.470E-01  1.410E-01  1.292E-01
  338.5000  1.526E-01  1.592E-01  1.594E-01  1.530E-01  1.405E-01
  339.5000  1.667E-01  1.739E-01  1.741E-01  1.671E-01  1.535E-01
  340.5000  1.767E-01  1.845E-01  1.846E-01  1.772E-01  1.626E-01
  341.5000  1.593E-01  1.662E-01  1.663E-01  1.597E-01  1.467E-01
  342.5000  1.771E-01  1.848E-01  1.849E-01  1.776E-01  1.632E-01
  343.5000  1.834E-01  1.913E-01  1.915E-01  1.838E-01  1.689E-01
  344.5000  1.280E-01  1.336E-01  1.337E-01  1.284E-01  1.179E-01
  345.5000  1.779E-01  1.856E-01  1.857E-01  1.784E-01  1.639E-01
  346.5000  1.654E-01  1.725E-01  1.727E-01  1.658E-01  1.523E-01
  347.5000  1.619E-01  1.689E-01  1.691E-01  1.623E-01  1.491E-01
  348.5000  1.787E-01  1.864E-01  1.866E-01  1.791E-01  1.646E-01
  349.5000  1.499E-01  1.563E-01  1.565E-01  1.503E-01  1.381E-01
  350.5000  2.102E-01  2.193E-01  2.195E-01  2.108E-01  1.937E-01
  351.5000  1.812E-01  1.891E-01  1.892E-01  1.817E-01  1.669E-01
  352.5000  1.638E-01  1.709E-01  1.710E-01  1.642E-01  1.509E-01
  353.5000  1.977E-01  2.062E-01  2.064E-01  1.982E-01  1.821E-01
  354.5000  2.145E-01  2.237E-01  2.239E-01  2.150E-01  1.976E-01
  355.5000  2.007E-01  2.093E-01  2.095E-01  2.012E-01  1.849E-01
  356.5000  1.865E-01  1.945E-01  1.947E-01  1.870E-01  1.718E-01
  357.5000  1.587E-01  1.656E-01  1.657E-01  1.591E-01  1.463E-01
  358.5000  1.227E-01  1.280E-01  1.281E-01  1.230E-01  1.131E-01
  359.5000  2.068E-01  2.157E-01  2.158E-01  2.073E-01  1.905E-01
  360.5000  1.919E-01  2.001E-01  2.003E-01  1.924E-01  1.768E-01
  361.5000  1.733E-01  1.807E-01  1.809E-01  1.737E-01  1.597E-01
  362.5000  2.038E-01  2.125E-01  2.127E-01  2.043E-01  1.878E-01
  363.5000  1.815E-01  1.893E-01  1.895E-01  1.820E-01  1.673E-01
  364.5000  1.983E-01  2.068E-01  2.069E-01  1.988E-01  1.827E-01
  365.5000  2.418E-01  2.522E-01  2.524E-01  2.425E-01  2.229E-01
  366.5000  2.563E-01  2.673E-01  2.675E-01  2.570E-01  2.362E-01
  367.5000  2.437E-01  2.541E-01  2.544E-01  2.443E-01  2.246E-01
  368.5000  2.144E-01  2.235E-01  2.237E-01  2.149E-01  1.976E-01
  369.5000  2.575E-01  2.685E-01  2.687E-01  2.581E-01  2.373E-01
  370.5000  2.339E-01  2.439E-01  2.441E-01  2.345E-01  2.155E-01
  371.5000  2.679E-01  2.794E-01  2.796E-01  2.686E-01  2.470E-01
  372.5000  1.982E-01  2.066E-01  2.068E-01  1.987E-01  1.827E-01
  373.5000  1.793E-01  1.870E-01  1.871E-01  1.798E-01  1.653E-01
  374.5000  1.971E-01  2.055E-01  2.056E-01  1.976E-01  1.816E-01
  375.5000  2.226E-01  2.321E-01  2.323E-01  2.232E-01  2.052E-01
  376.5000  2.226E-01  2.321E-01  2.323E-01  2.232E-01  2.052E-01
  377.5000  2.654E-01  2.767E-01  2.769E-01  2.661E-01  2.447E-01
  378.5000  2.896E-01  3.019E-01  3.022E-01  2.903E-01  2.670E-01
  379.5000  2.145E-01  2.236E-01  2.238E-01  2.151E-01  1.978E-01
  380.5000  2.583E-01  2.693E-01  2.695E-01  2.590E-01  2.382E-01
  381.5000  2.430E-01  2.534E-01  2.536E-01  2.437E-01  2.241E-01
  382.5000  1.622E-01  1.690E-01  1.692E-01  1.626E-01  1.495E-01
  383.5000  1.426E-01  1.486E-01  1.487E-01  1.429E-01  1.314E-01
  384.5000  2.142E-01  2.233E-01  2.235E-01  2.147E-01  1.975E-01
  385.5000  2.122E-01  2.212E-01  2.214E-01  2.127E-01  1.957E-01
  386.5000  2.166E-01  2.257E-01  2.259E-01  2.171E-01  1.997E-01
  387.5000  2.015E-01  2.100E-01  2.102E-01  2.020E-01  1.858E-01
  388.5000  2.022E-01  2.108E-01  2.110E-01  2.027E-01  1.865E-01
  389.5000  2.554E-01  2.661E-01  2.664E-01  2.560E-01  2.355E-01
  390.5000  2.511E-01  2.617E-01  2.619E-01  2.518E-01  2.316E-01
  391.5000  2.983E-01  3.109E-01  3.111E-01  2.990E-01  2.751E-01
  392.5000  2.240E-01  2.334E-01  2.336E-01  2.245E-01  2.066E-01
  393.5000  9.749E-02  1.016E-01  1.017E-01  9.773E-02  8.992E-02
  394.5000  2.297E-01  2.394E-01  2.395E-01  2.302E-01  2.119E-01
  395.5000  2.959E-01  3.083E-01  3.086E-01  2.966E-01  2.729E-01
  396.5000  1.740E-01  1.813E-01  1.814E-01  1.744E-01  1.605E-01
  397.5000  2.010E-01  2.094E-01  2.096E-01  2.015E-01  1.854E-01
  398.5000  3.458E-01  3.603E-01  3.606E-01  3.466E-01  3.190E-01
  399.5000  3.601E-01  3.752E-01  3.755E-01  3.610E-01  3.323E-01
  400.5000  3.790E-01  3.949E-01  3.953E-01  3.800E-01  3.498E-01
  401.5000  3.905E-01  4.068E-01  4.072E-01  3.914E-01  3.603E-01
  402.5000  4.058E-01  4.228E-01  4.232E-01  4.068E-01  3.745E-01
  403.5000  3.719E-01  3.875E-01  3.878E-01  3.728E-01  3.432E-01
  404.5000  3.652E-01  3.805E-01  3.808E-01  3.661E-01  3.371E-01
  405.5000  3.799E-01  3.958E-01  3.961E-01  3.808E-01  3.506E-01
  406.5000  3.582E-01  3.732E-01  3.735E-01  3.591E-01  3.306E-01
  407.5000  3.616E-01  3.767E-01  3.770E-01  3.625E-01  3.338E-01
  408.5000  4.032E-01  4.200E-01  4.203E-01  4.042E-01  3.722E-01
  409.5000  3.957E-01  4.122E-01  4.125E-01  3.967E-01  3.653E-01
  410.5000  3.436E-01  3.579E-01  3.582E-01  3.444E-01  3.172E-01
  411.5000  4.134E-01  4.306E-01  4.310E-01  4.145E-01  3.817E-01
  412.5000  4.103E-01  4.273E-01  4.277E-01  4.113E-01  3.788E-01
  413.5000  3.984E-01  4.149E-01  4.153E-01  3.994E-01  3.679E-01
  414.5000  4.099E-01  4.270E-01  4.273E-01  4.110E-01  3.785E-01
  415.5000  3.925E-01  4.088E-01  4.092E-01  3.935E-01  3.625E-01
  416.5000  4.277E-01  4.454E-01  4.458E-01  4.288E-01  3.950E-01
  417.5000  3.914E-01  4.077E-01  4.080E-01  3.924E-01  3.615E-01
  418.5000  3.950E-01  4.113E-01  4.117E-01  3.959E-01  3.648E-01
  419.5000  4.085E-01  4.254E-01  4.257E-01  4.095E-01  3.773E-01
------------------------------------------------------------
Dose rates, W m-2
   1 = UV-B, 280-315 nm                                  
   2 = UV-A, 315-400 nm                                  
   3 = Gaussian, 320 nm, 10 nm FWHM                      
   4 = RB Meter, model 501                               
   5 = DNA damage, in vitro (Setlow, 1974)               
   6 = UV index (WMO, 1994; Webb et al., 2011)           
   7 = Previtamin-D3 (CIE 2006)                          
values at z =      0.000 km
Columns: time, sza, weighting spectra
time, hrs.  sza, deg.          1          2          3          4          5          6          7
   11.0000     70.786  1.348E-01  1.540E+01  6.873E-02  4.077E-02  1.887E-04  8.522E-01  2.388E-02
   11.5000     70.149  1.464E-01  1.607E+01  7.251E-02  4.387E-02  2.060E-04  9.096E-01  2.613E-02
   12.0000     70.136  1.466E-01  1.608E+01  7.258E-02  4.394E-02  2.063E-04  9.108E-01  2.618E-02
   12.5000     70.748  1.355E-01  1.544E+01  6.895E-02  4.095E-02  1.897E-04  8.555E-01  2.401E-02
   13.0000     71.969  1.148E-01  1.417E+01  6.191E-02  3.539E-02  1.598E-04  7.518E-01  2.006E-02
------------------------------------------------------------
