Spectral Irradiance, W m-2 nm-1
values at z =      0.000 km
Columns: wavelength (nm), times (hrs.) or sza (deg.)
    wc, nm     11.000     11.500     12.000     12.500     13.000
    sza =      95.037     94.620     94.494     94.660     95.117
  280.5000  5.513E-35  5.076E-34  7.550E-34  4.134E-34  2.560E-35
  281.5000  4.993E-32  3.848E-31  5.566E-31  3.182E-31  2.477E-32
  282.5000  1.188E-29  7.839E-29  1.107E-28  6.568E-29  6.242E-30
  283.5000  3.741E-28  2.233E-27  3.103E-27  1.886E-27  2.042E-28
  284.5000  1.212E-25  6.107E-25  8.271E-25  5.233E-25  7.043E-26
  285.5000  5.489E-24  2.431E-23  3.228E-23  2.105E-23  3.351E-24
  286.5000  4.634E-22  1.859E-21  2.433E-21  1.623E-21  2.938E-22
  287.5000  2.353E-20  8.501E-20  1.095E-19  7.485E-20  1.552E-20
  288.5000  1.270E-18  4.100E-18  5.196E-18  3.643E-18  8.749E-19
  289.5000  3.828E-17  1.140E-16  1.427E-16  1.019E-16  2.723E-17
  290.5000  6.408E-16  1.786E-15  2.216E-15  1.606E-15  4.678E-16
  291.5000  1.022E-14  2.654E-14  3.260E-14  2.399E-14  7.668E-15
  292.5000  9.264E-14  2.272E-13  2.768E-13  2.062E-13  7.118E-14
  293.5000  9.327E-13  2.171E-12  2.627E-12  1.980E-12  7.318E-13
  294.5000  4.744E-12  1.060E-11  1.275E-11  9.690E-12  3.786E-12
  295.5000  3.398E-11  7.288E-11  8.720E-11  6.686E-11  2.758E-11
  296.5000  1.427E-10  2.960E-10  3.526E-10  2.723E-10  1.175E-10
  297.5000  5.935E-10  1.197E-09  1.421E-09  1.103E-09  4.944E-10
  298.5000  1.369E-09  2.699E-09  3.193E-09  2.492E-09  1.152E-09
  299.5000  5.712E-09  1.103E-08  1.302E-08  1.021E-08  4.847E-09
  300.5000  8.733E-09  1.661E-08  1.955E-08  1.538E-08  7.461E-09
  301.5000  2.969E-08  5.558E-08  6.530E-08  5.155E-08  2.553E-08
  302.5000  5.300E-08  9.819E-08  1.152E-07  9.115E-08  4.578E-08
  303.5000  1.397E-07  2.559E-07  2.997E-07  2.378E-07  1.213E-07
  304.5000  1.976E-07  3.595E-07  4.206E-07  3.343E-07  1.721E-07
  305.5000  3.870E-07  6.974E-07  8.148E-07  6.494E-07  3.383E-07
  306.5000  4.810E-07  8.630E-07  1.008E-06  8.040E-07  4.212E-07
  307.5000  9.794E-07  1.744E-06  2.034E-06  1.626E-06  8.601E-07
  308.5000  1.260E-06  2.236E-06  2.606E-06  2.087E-06  1.108E-06
  309.5000  1.421E-06  2.508E-06  2.919E-06  2.342E-06  1.252E-06
  310.5000  2.336E-06  4.105E-06  4.775E-06  3.836E-06  2.061E-06
  311.5000  3.412E-06  5.979E-06  6.950E-06  5.590E-06  3.014E-06
  312.5000  4.261E-06  7.425E-06  8.622E-06  6.950E-06  3.770E-06
  313.5000  5.158E-06  8.971E-06  1.041E-05  8.400E-06  4.567E-06
  314.5000  6.550E-06  1.133E-05  1.313E-05  1.062E-05  5.810E-06
  315.5000  7.115E-06  1.229E-05  1.424E-05  1.152E-05  6.314E-06
  316.5000  8.833E-06  1.517E-05  1.755E-05  1.424E-05  7.851E-06
  317.5000  1.257E-05  2.156E-05  2.495E-05  2.024E-05  1.117E-05
  318.5000  1.258E-05  2.144E-05  2.478E-05  2.016E-05  1.120E-05
  319.5000  1.627E-05  2.769E-05  3.199E-05  2.604E-05  1.450E-05
  320.5000  2.108E-05  3.580E-05  4.133E-05  3.368E-05  1.879E-05
  321.5000  2.471E-05  4.162E-05  4.799E-05  3.921E-05  2.208E-05
  322.5000  1.924E-05  3.260E-05  3.763E-05  3.068E-05  1.716E-05
  323.5000  3.043E-05  5.104E-05  5.882E-05  4.812E-05  2.723E-05
  324.5000  3.526E-05  5.914E-05  6.814E-05  5.575E-05  3.155E-05
  325.5000  3.672E-05  6.166E-05  7.106E-05  5.812E-05  3.284E-05
  326.5000  6.636E-05  1.107E-04  1.275E-04  1.044E-04  5.948E-05
  327.5000  5.360E-05  8.953E-05  1.031E-04  8.444E-05  4.801E-05
  328.5000  4.907E-05  8.196E-05  9.441E-05  7.731E-05  4.396E-05
  329.5000  9.270E-05  1.543E-04  1.777E-04  1.455E-04  8.318E-05
  330.5000  7.108E-05  1.184E-04  1.364E-04  1.117E-04  6.375E-05
  331.5000  6.752E-05  1.125E-04  1.296E-04  1.061E-04  6.055E-05
  332.5000  9.033E-05  1.502E-04  1.731E-04  1.417E-04  8.108E-05
  333.5000  7.353E-05  1.223E-04  1.409E-04  1.154E-04  6.598E-05
  334.5000  8.770E-05  1.459E-04  1.681E-04  1.376E-04  7.871E-05
  335.5000  1.052E-04  1.750E-04  2.017E-04  1.650E-04  9.448E-05
  336.5000  7.787E-05  1.295E-04  1.493E-04  1.221E-04  6.991E-05
  337.5000  7.578E-05  1.260E-04  1.452E-04  1.189E-04  6.802E-05
  338.5000  9.541E-05  1.587E-04  1.830E-04  1.496E-04  8.567E-05
  339.5000  1.060E-04  1.764E-04  2.034E-04  1.663E-04  9.520E-05
  340.5000  1.055E-04  1.755E-04  2.023E-04  1.654E-04  9.472E-05
  341.5000  1.033E-04  1.718E-04  1.981E-04  1.619E-04  9.271E-05
  342.5000  1.162E-04  1.933E-04  2.230E-04  1.822E-04  1.043E-04
  343.5000  1.161E-04  1.932E-04  2.229E-04  1.821E-04  1.042E-04
  344.5000  7.810E-05  1.300E-04  1.499E-04  1.225E-04  7.013E-05
  345.5000  1.181E-04  1.967E-04  2.270E-04  1.853E-04  1.061E-04
  346.5000  1.035E-04  1.723E-04  1.988E-04  1.624E-04  9.296E-05
  347.5000  1.016E-04  1.691E-04  1.951E-04  1.593E-04  9.119E-05
  348.5000  1.138E-04  1.895E-04  2.187E-04  1.786E-04  1.022E-04
  349.5000  9.476E-05  1.578E-04  1.821E-04  1.487E-04  8.509E-05
  350.5000  1.329E-04  2.215E-04  2.556E-04  2.087E-04  1.194E-04
  351.5000  1.132E-04  1.886E-04  2.177E-04  1.777E-04  1.016E-04
  352.5000  1.025E-04  1.708E-04  1.972E-04  1.610E-04  9.205E-05
  353.5000  1.245E-04  2.075E-04  2.395E-04  1.955E-04  1.118E-04
  354.5000  1.356E-04  2.261E-04  2.611E-04  2.130E-04  1.218E-04
  355.5000  1.265E-04  2.109E-04  2.435E-04  1.986E-04  1.135E-04
  356.5000  1.169E-04  1.949E-04  2.251E-04  1.836E-04  1.049E-04
  357.5000  9.882E-05  1.648E-04  1.904E-04  1.553E-04  8.873E-05
  358.5000  7.640E-05  1.275E-04  1.472E-04  1.201E-04  6.859E-05
  359.5000  1.281E-04  2.138E-04  2.470E-04  2.014E-04  1.150E-04
  360.5000  1.184E-04  1.977E-04  2.284E-04  1.862E-04  1.063E-04
  361.5000  1.068E-04  1.783E-04  2.060E-04  1.680E-04  9.589E-05
  362.5000  1.253E-04  2.092E-04  2.417E-04  1.970E-04  1.125E-04
  363.5000  1.111E-04  1.856E-04  2.145E-04  1.748E-04  9.977E-05
  364.5000  1.207E-04  2.016E-04  2.330E-04  1.899E-04  1.084E-04
  365.5000  1.463E-04  2.445E-04  2.826E-04  2.303E-04  1.314E-04
  366.5000  1.546E-04  2.584E-04  2.987E-04  2.433E-04  1.388E-04
  367.5000  1.466E-04  2.450E-04  2.832E-04  2.307E-04  1.316E-04
  368.5000  1.283E-04  2.145E-04  2.480E-04  2.020E-04  1.152E-04
  369.5000  1.534E-04  2.565E-04  2.966E-04  2.416E-04  1.377E-04
  370.5000  1.387E-04  2.320E-04  2.682E-04  2.184E-04  1.245E-04
  371.5000  1.582E-04  2.647E-04  3.061E-04  2.492E-04  1.420E-04
  372.5000  1.165E-04  1.950E-04  2.255E-04  1.836E-04  1.046E-04
  373.5000  1.049E-04  1.756E-04  2.031E-04  1.653E-04  9.413E-05
  374.5000  1.146E-04  1.920E-04  2.221E-04  1.808E-04  1.029E-04
  375.5000  1.290E-04  2.160E-04  2.499E-04  2.034E-04  1.158E-04
  376.5000  1.284E-04  2.151E-04  2.489E-04  2.025E-04  1.152E-04
  377.5000  1.524E-04  2.553E-04  2.955E-04  2.404E-04  1.367E-04
  378.5000  1.654E-04  2.773E-04  3.210E-04  2.611E-04  1.485E-04
  379.5000  1.219E-04  2.044E-04  2.366E-04  1.925E-04  1.094E-04
  380.5000  1.461E-04  2.451E-04  2.837E-04  2.307E-04  1.312E-04
  381.5000  1.369E-04  2.296E-04  2.658E-04  2.161E-04  1.228E-04
  382.5000  9.087E-05  1.525E-04  1.765E-04  1.435E-04  8.155E-05
  383.5000  7.950E-05  1.334E-04  1.545E-04  1.256E-04  7.134E-05
  384.5000  1.189E-04  1.996E-04  2.312E-04  1.879E-04  1.067E-04
  385.5000  1.172E-04  1.968E-04  2.280E-04  1.853E-04  1.052E-04
  386.5000  1.191E-04  2.000E-04  2.317E-04  1.882E-04  1.068E-04
  387.5000  1.103E-04  1.852E-04  2.146E-04  1.744E-04  9.893E-05
  388.5000  1.101E-04  1.850E-04  2.144E-04  1.742E-04  9.879E-05
  389.5000  1.383E-04  2.326E-04  2.695E-04  2.189E-04  1.241E-04
  390.5000  1.354E-04  2.277E-04  2.639E-04  2.143E-04  1.215E-04
  391.5000  1.601E-04  2.693E-04  3.121E-04  2.534E-04  1.436E-04
  392.5000  1.196E-04  2.013E-04  2.333E-04  1.894E-04  1.073E-04
  393.5000  5.181E-05  8.720E-05  1.011E-04  8.206E-05  4.648E-05
  394.5000  1.215E-04  2.045E-04  2.371E-04  1.924E-04  1.090E-04
  395.5000  1.557E-04  2.622E-04  3.040E-04  2.467E-04  1.397E-04
  396.5000  9.110E-05  1.535E-04  1.780E-04  1.444E-04  8.172E-05
  397.5000  1.048E-04  1.766E-04  2.048E-04  1.661E-04  9.398E-05
  398.5000  1.794E-04  3.024E-04  3.508E-04  2.846E-04  1.609E-04
  399.5000  1.859E-04  3.135E-04  3.637E-04  2.950E-04  1.668E-04
  400.5000  1.948E-04  3.285E-04  3.811E-04  3.091E-04  1.747E-04
  401.5000  1.996E-04  3.368E-04  3.908E-04  3.169E-04  1.790E-04
  402.5000  2.065E-04  3.485E-04  4.044E-04  3.278E-04  1.852E-04
  403.5000  1.883E-04  3.179E-04  3.690E-04  2.991E-04  1.689E-04
  404.5000  1.841E-04  3.108E-04  3.608E-04  2.924E-04  1.651E-04
  405.5000  1.905E-04  3.219E-04  3.737E-04  3.028E-04  1.708E-04
  406.5000  1.788E-04  3.021E-04  3.508E-04  2.842E-04  1.603E-04
  407.5000  1.795E-04  3.034E-04  3.523E-04  2.854E-04  1.609E-04
  408.5000  1.991E-04  3.366E-04  3.909E-04  3.167E-04  1.785E-04
  409.5000  1.944E-04  3.288E-04  3.819E-04  3.093E-04  1.743E-04
  410.5000  1.680E-04  2.842E-04  3.302E-04  2.673E-04  1.506E-04
  411.5000  2.012E-04  3.406E-04  3.957E-04  3.204E-04  1.804E-04
  412.5000  1.988E-04  3.366E-04  3.911E-04  3.166E-04  1.782E-04
  413.5000  1.922E-04  3.255E-04  3.782E-04  3.061E-04  1.723E-04
  414.5000  1.968E-04  3.334E-04  3.875E-04  3.136E-04  1.764E-04
  415.5000  1.874E-04  3.177E-04  3.693E-04  2.988E-04  1.680E-04
  416.5000  2.032E-04  3.444E-04  4.004E-04  3.239E-04  1.821E-04
  417.5000  1.850E-04  3.138E-04  3.648E-04  2.951E-04  1.658E-04
  418.5000  1.858E-04  3.152E-04  3.665E-04  2.964E-04  1.665E-04
  419.5000  1.913E-04  3.247E-04  3.776E-04  3.053E-04  1.714E-04
------------------------------------------------------------
Dose rates, W m-2
   1 = UV-B, 280-315 nm                                  
   2 = UV-A, 315-400 nm                                  
   3 = Gaussian, 320 nm, 10 nm FWHM                      
   4 = RB Meter, model 501                               
   5 = DNA damage, in vitro (Setlow, 1974)               
   6 = UV index (WMO, 1994; Webb et al., 2011)           
   7 = Previtamin-D3 (CIE 2006)                          
values at z =      0.000 km
Columns: time, sza, weighting spectra
time, hrs.  sza, deg.          1          2          3          4          5          6          7
   11.0000     95.037  2.668E-05  8.657E-03  2.125E-05  1.051E-05  5.068E-08  3.008E-04  4.983E-06
   11.5000     94.620  4.666E-05  1.448E-02  3.586E-05  1.805E-05  8.786E-08  5.099E-04  8.751E-06
   12.0000     94.494  5.421E-05  1.674E-02  4.138E-05  2.090E-05  1.020E-07  5.898E-04  1.018E-05
   12.5000     94.660  4.365E-05  1.364E-02  3.377E-05  1.694E-05  8.232E-08  4.794E-04  8.182E-06
   13.0000     95.117  2.358E-05  7.769E-03  1.898E-05  9.341E-06  4.490E-08  2.686E-04  4.397E-06
------------------------------------------------------------
