Spectral Irradiance, W m-2 nm-1
values at z =      0.000 km
Columns: wavelength (nm), times (hrs.) or sza (deg.)
    wc, nm     11.000     11.500     12.000     12.500     13.000
    sza =      36.658     34.196     33.085     33.458     35.266
  280.5000  9.531E-17  2.684E-16  4.121E-16  3.578E-16  1.737E-16
  281.5000  4.920E-15  1.263E-14  1.868E-14  1.642E-14  8.500E-15
  282.5000  9.961E-14  2.364E-13  3.382E-13  3.006E-13  1.644E-13
  283.5000  6.369E-13  1.436E-12  2.012E-12  1.800E-12  1.020E-12
  284.5000  1.129E-11  2.292E-11  3.125E-11  2.832E-11  1.713E-11
  285.5000  5.925E-11  1.136E-10  1.488E-10  1.361E-10  8.639E-11
  286.5000  9.559E-10  1.738E-09  2.227E-09  2.052E-09  1.352E-09
  287.5000  7.743E-09  1.327E-08  1.660E-08  1.542E-08  1.058E-08
  288.5000  5.648E-08  9.081E-08  1.106E-07  1.036E-07  7.437E-08
  289.5000  4.056E-07  6.229E-07  7.444E-07  7.019E-07  5.201E-07
  290.5000  2.035E-06  3.007E-06  3.537E-06  3.353E-06  2.551E-06
  291.5000  8.264E-06  1.169E-05  1.351E-05  1.288E-05  1.010E-05
  292.5000  2.433E-05  3.322E-05  3.781E-05  3.623E-05  2.914E-05
  293.5000  8.478E-05  1.119E-04  1.257E-04  1.210E-04  9.958E-05
  294.5000  1.866E-04  2.400E-04  2.664E-04  2.574E-04  2.158E-04
  295.5000  5.475E-04  6.849E-04  7.517E-04  7.290E-04  6.233E-04
  296.5000  1.087E-03  1.328E-03  1.444E-03  1.405E-03  1.221E-03
  297.5000  2.332E-03  2.793E-03  3.011E-03  2.938E-03  2.589E-03
  298.5000  3.058E-03  3.601E-03  3.855E-03  3.769E-03  3.361E-03
  299.5000  7.461E-03  8.646E-03  9.194E-03  9.009E-03  8.126E-03
  300.5000  7.494E-03  8.578E-03  9.075E-03  8.908E-03  8.103E-03
  301.5000  1.603E-02  1.811E-02  1.906E-02  1.874E-02  1.720E-02
  302.5000  2.100E-02  2.351E-02  2.465E-02  2.427E-02  2.242E-02
  303.5000  3.799E-02  4.210E-02  4.394E-02  4.333E-02  4.031E-02
  304.5000  4.301E-02  4.739E-02  4.934E-02  4.869E-02  4.549E-02
  305.5000  5.982E-02  6.532E-02  6.777E-02  6.695E-02  6.294E-02
  306.5000  6.390E-02  6.951E-02  7.200E-02  7.117E-02  6.708E-02
  307.5000  9.620E-02  1.039E-01  1.073E-01  1.061E-01  1.006E-01
  308.5000  1.095E-01  1.179E-01  1.217E-01  1.204E-01  1.143E-01
  309.5000  9.932E-02  1.064E-01  1.096E-01  1.085E-01  1.034E-01
  310.5000  1.380E-01  1.474E-01  1.515E-01  1.502E-01  1.434E-01
  311.5000  1.801E-01  1.918E-01  1.970E-01  1.953E-01  1.868E-01
  312.5000  1.798E-01  1.909E-01  1.957E-01  1.941E-01  1.861E-01
  313.5000  2.052E-01  2.175E-01  2.229E-01  2.211E-01  2.122E-01
  314.5000  2.092E-01  2.210E-01  2.261E-01  2.244E-01  2.159E-01
  315.5000  2.168E-01  2.289E-01  2.342E-01  2.324E-01  2.237E-01
  316.5000  2.192E-01  2.308E-01  2.358E-01  2.342E-01  2.258E-01
  317.5000  3.101E-01  3.265E-01  3.336E-01  3.312E-01  3.194E-01
  318.5000  2.472E-01  2.596E-01  2.650E-01  2.632E-01  2.543E-01
  319.5000  3.025E-01  3.175E-01  3.241E-01  3.219E-01  3.110E-01
  320.5000  3.692E-01  3.873E-01  3.952E-01  3.926E-01  3.795E-01
  321.5000  3.171E-01  3.320E-01  3.384E-01  3.363E-01  3.256E-01
  322.5000  3.166E-01  3.320E-01  3.386E-01  3.364E-01  3.254E-01
  323.5000  3.306E-01  3.457E-01  3.522E-01  3.500E-01  3.392E-01
  324.5000  3.879E-01  4.055E-01  4.133E-01  4.107E-01  3.980E-01
  325.5000  4.341E-01  4.541E-01  4.627E-01  4.598E-01  4.455E-01
  326.5000  5.297E-01  5.530E-01  5.631E-01  5.597E-01  5.430E-01
  327.5000  4.921E-01  5.141E-01  5.236E-01  5.204E-01  5.047E-01
  328.5000  4.545E-01  4.747E-01  4.835E-01  4.806E-01  4.661E-01
  329.5000  5.923E-01  6.178E-01  6.288E-01  6.252E-01  6.069E-01
  330.5000  5.375E-01  5.609E-01  5.710E-01  5.677E-01  5.509E-01
  331.5000  5.310E-01  5.541E-01  5.642E-01  5.608E-01  5.442E-01
  332.5000  5.248E-01  5.470E-01  5.567E-01  5.535E-01  5.375E-01
  333.5000  4.925E-01  5.136E-01  5.227E-01  5.197E-01  5.045E-01
  334.5000  5.507E-01  5.741E-01  5.843E-01  5.809E-01  5.640E-01
  335.5000  5.590E-01  5.825E-01  5.927E-01  5.893E-01  5.724E-01
  336.5000  4.369E-01  4.553E-01  4.633E-01  4.606E-01  4.474E-01
  337.5000  4.792E-01  4.995E-01  5.082E-01  5.053E-01  4.908E-01
  338.5000  5.065E-01  5.277E-01  5.369E-01  5.338E-01  5.186E-01
  339.5000  5.508E-01  5.737E-01  5.837E-01  5.803E-01  5.639E-01
  340.5000  5.886E-01  6.132E-01  6.238E-01  6.203E-01  6.026E-01
  341.5000  5.232E-01  5.448E-01  5.542E-01  5.511E-01  5.355E-01
  342.5000  5.797E-01  6.036E-01  6.140E-01  6.105E-01  5.933E-01
  343.5000  6.020E-01  6.269E-01  6.376E-01  6.340E-01  6.162E-01
  344.5000  4.218E-01  4.393E-01  4.468E-01  4.443E-01  4.318E-01
  345.5000  5.783E-01  6.021E-01  6.123E-01  6.089E-01  5.919E-01
  346.5000  5.408E-01  5.631E-01  5.727E-01  5.695E-01  5.535E-01
  347.5000  5.285E-01  5.501E-01  5.595E-01  5.564E-01  5.408E-01
  348.5000  5.809E-01  6.046E-01  6.149E-01  6.115E-01  5.944E-01
  349.5000  4.868E-01  5.067E-01  5.153E-01  5.124E-01  4.981E-01
  350.5000  6.816E-01  7.094E-01  7.214E-01  7.174E-01  6.974E-01
  351.5000  5.874E-01  6.113E-01  6.217E-01  6.182E-01  6.011E-01
  352.5000  5.298E-01  5.513E-01  5.606E-01  5.575E-01  5.421E-01
  353.5000  6.377E-01  6.636E-01  6.748E-01  6.710E-01  6.525E-01
  354.5000  6.902E-01  7.181E-01  7.302E-01  7.262E-01  7.062E-01
  355.5000  6.450E-01  6.711E-01  6.823E-01  6.786E-01  6.599E-01
  356.5000  5.986E-01  6.227E-01  6.332E-01  6.297E-01  6.123E-01
  357.5000  5.090E-01  5.295E-01  5.383E-01  5.354E-01  5.207E-01
  358.5000  3.927E-01  4.085E-01  4.154E-01  4.131E-01  4.018E-01
  359.5000  6.610E-01  6.875E-01  6.990E-01  6.951E-01  6.761E-01
  360.5000  6.126E-01  6.372E-01  6.478E-01  6.442E-01  6.266E-01
  361.5000  5.523E-01  5.744E-01  5.840E-01  5.808E-01  5.649E-01
  362.5000  6.485E-01  6.744E-01  6.857E-01  6.819E-01  6.633E-01
  363.5000  5.769E-01  5.999E-01  6.099E-01  6.065E-01  5.900E-01
  364.5000  6.293E-01  6.544E-01  6.652E-01  6.616E-01  6.436E-01
  365.5000  7.668E-01  7.973E-01  8.104E-01  8.060E-01  7.842E-01
  366.5000  8.115E-01  8.437E-01  8.576E-01  8.530E-01  8.299E-01
  367.5000  7.704E-01  8.010E-01  8.142E-01  8.098E-01  7.879E-01
  368.5000  6.768E-01  7.035E-01  7.151E-01  7.113E-01  6.921E-01
  369.5000  8.117E-01  8.438E-01  8.577E-01  8.531E-01  8.301E-01
  370.5000  7.364E-01  7.655E-01  7.781E-01  7.739E-01  7.530E-01
  371.5000  8.426E-01  8.758E-01  8.902E-01  8.854E-01  8.616E-01
  372.5000  6.224E-01  6.469E-01  6.575E-01  6.539E-01  6.364E-01
  373.5000  5.625E-01  5.846E-01  5.942E-01  5.910E-01  5.752E-01
  374.5000  6.174E-01  6.416E-01  6.521E-01  6.486E-01  6.312E-01
  375.5000  6.965E-01  7.238E-01  7.356E-01  7.317E-01  7.121E-01
  376.5000  6.955E-01  7.227E-01  7.345E-01  7.306E-01  7.111E-01
  377.5000  8.282E-01  8.605E-01  8.745E-01  8.699E-01  8.467E-01
  378.5000  9.026E-01  9.378E-01  9.531E-01  9.480E-01  9.227E-01
  379.5000  6.678E-01  6.938E-01  7.050E-01  7.013E-01  6.826E-01
  380.5000  8.031E-01  8.343E-01  8.478E-01  8.433E-01  8.209E-01
  381.5000  7.546E-01  7.839E-01  7.966E-01  7.924E-01  7.713E-01
  382.5000  5.028E-01  5.223E-01  5.308E-01  5.279E-01  5.139E-01
  383.5000  4.415E-01  4.586E-01  4.660E-01  4.635E-01  4.513E-01
  384.5000  6.626E-01  6.882E-01  6.993E-01  6.956E-01  6.772E-01
  385.5000  6.555E-01  6.808E-01  6.918E-01  6.881E-01  6.700E-01
  386.5000  6.682E-01  6.939E-01  7.051E-01  7.014E-01  6.829E-01
  387.5000  6.210E-01  6.449E-01  6.552E-01  6.518E-01  6.346E-01
  388.5000  6.224E-01  6.463E-01  6.567E-01  6.533E-01  6.361E-01
  389.5000  7.849E-01  8.150E-01  8.281E-01  8.237E-01  8.021E-01
  390.5000  7.709E-01  8.005E-01  8.133E-01  8.090E-01  7.878E-01
  391.5000  9.146E-01  9.496E-01  9.648E-01  9.597E-01  9.346E-01
  392.5000  6.858E-01  7.121E-01  7.234E-01  7.196E-01  7.008E-01
  393.5000  2.982E-01  3.096E-01  3.145E-01  3.129E-01  3.047E-01
  394.5000  7.016E-01  7.284E-01  7.400E-01  7.361E-01  7.169E-01
  395.5000  9.027E-01  9.371E-01  9.520E-01  9.471E-01  9.224E-01
  396.5000  5.301E-01  5.503E-01  5.590E-01  5.561E-01  5.416E-01
  397.5000  6.117E-01  6.350E-01  6.450E-01  6.417E-01  6.250E-01
  398.5000  1.051E+00  1.091E+00  1.108E+00  1.103E+00  1.074E+00
  399.5000  1.093E+00  1.135E+00  1.153E+00  1.147E+00  1.117E+00
  400.5000  1.149E+00  1.193E+00  1.212E+00  1.206E+00  1.174E+00
  401.5000  1.183E+00  1.227E+00  1.247E+00  1.240E+00  1.208E+00
  402.5000  1.228E+00  1.274E+00  1.294E+00  1.288E+00  1.254E+00
  403.5000  1.124E+00  1.166E+00  1.185E+00  1.178E+00  1.148E+00
  404.5000  1.102E+00  1.144E+00  1.162E+00  1.156E+00  1.126E+00
  405.5000  1.145E+00  1.188E+00  1.207E+00  1.201E+00  1.170E+00
  406.5000  1.079E+00  1.119E+00  1.137E+00  1.131E+00  1.102E+00
  407.5000  1.087E+00  1.128E+00  1.146E+00  1.140E+00  1.111E+00
  408.5000  1.211E+00  1.257E+00  1.276E+00  1.270E+00  1.237E+00
  409.5000  1.187E+00  1.232E+00  1.251E+00  1.245E+00  1.213E+00
  410.5000  1.030E+00  1.068E+00  1.085E+00  1.079E+00  1.052E+00
  411.5000  1.238E+00  1.284E+00  1.304E+00  1.297E+00  1.264E+00
  412.5000  1.227E+00  1.273E+00  1.292E+00  1.286E+00  1.253E+00
  413.5000  1.190E+00  1.234E+00  1.253E+00  1.247E+00  1.215E+00
  414.5000  1.223E+00  1.268E+00  1.288E+00  1.282E+00  1.249E+00
  415.5000  1.170E+00  1.213E+00  1.232E+00  1.226E+00  1.195E+00
  416.5000  1.273E+00  1.320E+00  1.341E+00  1.334E+00  1.300E+00
  417.5000  1.164E+00  1.207E+00  1.226E+00  1.220E+00  1.189E+00
  418.5000  1.173E+00  1.217E+00  1.235E+00  1.229E+00  1.198E+00
  419.5000  1.212E+00  1.257E+00  1.276E+00  1.270E+00  1.237E+00
------------------------------------------------------------
Dose rates, W m-2
   1 = UV-B, 280-315 nm                                  
   2 = UV-A, 315-400 nm                                  
   3 = Gaussian, 320 nm, 10 nm FWHM                      
   4 = RB Meter, model 501                               
   5 = DNA damage, in vitro (Setlow, 1974)               
   6 = UV index (WMO, 1994; Webb et al., 2011)           
   7 = Previtamin-D3 (CIE 2006)                          
values at z =      0.000 km
Columns: time, sza, weighting spectra
time, hrs.  sza, deg.          1          2          3          4          5          6          7
   11.0000     36.658  1.481E+00  5.016E+01  3.113E-01  4.297E-01  4.509E-03  8.102E+00  3.983E-01
   11.5000     34.196  1.589E+00  5.219E+01  3.266E-01  4.633E-01  5.016E-03  8.766E+00  4.332E-01
   12.0000     33.085  1.636E+00  5.308E+01  3.333E-01  4.783E-01  5.247E-03  9.063E+00  4.487E-01
   12.5000     33.458  1.620E+00  5.278E+01  3.311E-01  4.733E-01  5.170E-03  8.964E+00  4.435E-01
   13.0000     35.266  1.542E+00  5.132E+01  3.201E-01  4.488E-01  4.795E-03  8.478E+00  4.181E-01
------------------------------------------------------------
