Spectral Irradiance, W m-2 nm-1
values at z =      0.000 km
Columns: wavelength (nm), times (hrs.) or sza (deg.)
    wc, nm     11.000     11.500     12.000     12.500     13.000
    sza =      12.315      6.799      6.593     11.974     18.596
  280.5000  2.751E-13  4.257E-13  4.306E-13  2.849E-13  1.195E-13
  281.5000  6.998E-12  1.042E-11  1.053E-11  7.224E-12  3.271E-12
  282.5000  7.714E-11  1.112E-10  1.122E-10  7.942E-11  3.839E-11
  283.5000  3.323E-10  4.688E-10  4.730E-10  3.415E-10  1.722E-10
  284.5000  2.868E-09  3.893E-09  3.924E-09  2.939E-09  1.601E-09
  285.5000  8.841E-09  1.166E-08  1.174E-08  9.038E-09  5.214E-09
  286.5000  9.473E-08  1.222E-07  1.230E-07  9.667E-08  5.828E-08
  287.5000  4.873E-07  6.134E-07  6.171E-07  4.963E-07  3.142E-07
  288.5000  2.171E-06  2.661E-06  2.675E-06  2.206E-06  1.473E-06
  289.5000  1.095E-05  1.317E-05  1.323E-05  1.111E-05  7.704E-06
  290.5000  4.081E-05  4.829E-05  4.851E-05  4.136E-05  2.961E-05
  291.5000  1.184E-04  1.376E-04  1.381E-04  1.198E-04  8.894E-05
  292.5000  2.646E-04  3.029E-04  3.040E-04  2.675E-04  2.045E-04
  293.5000  7.113E-04  8.030E-04  8.056E-04  7.182E-04  5.647E-04
  294.5000  1.277E-03  1.426E-03  1.431E-03  1.289E-03  1.036E-03
  295.5000  3.021E-03  3.334E-03  3.343E-03  3.045E-03  2.505E-03
  296.5000  5.013E-03  5.480E-03  5.492E-03  5.049E-03  4.234E-03
  297.5000  9.191E-03  9.961E-03  9.982E-03  9.250E-03  7.889E-03
  298.5000  1.056E-02  1.136E-02  1.138E-02  1.062E-02  9.187E-03
  299.5000  2.273E-02  2.429E-02  2.433E-02  2.285E-02  2.004E-02
  300.5000  2.075E-02  2.206E-02  2.209E-02  2.085E-02  1.847E-02
  301.5000  4.001E-02  4.230E-02  4.237E-02  4.019E-02  3.600E-02
  302.5000  4.894E-02  5.156E-02  5.163E-02  4.915E-02  4.436E-02
  303.5000  8.170E-02  8.569E-02  8.580E-02  8.202E-02  7.466E-02
  304.5000  8.831E-02  9.238E-02  9.249E-02  8.862E-02  8.109E-02
  305.5000  1.146E-01  1.195E-01  1.196E-01  1.150E-01  1.060E-01
  306.5000  1.188E-01  1.236E-01  1.238E-01  1.192E-01  1.102E-01
  307.5000  1.690E-01  1.753E-01  1.755E-01  1.695E-01  1.577E-01
  308.5000  1.882E-01  1.950E-01  1.952E-01  1.887E-01  1.760E-01
  309.5000  1.644E-01  1.699E-01  1.701E-01  1.648E-01  1.543E-01
  310.5000  2.223E-01  2.295E-01  2.297E-01  2.229E-01  2.094E-01
  311.5000  2.848E-01  2.938E-01  2.940E-01  2.855E-01  2.688E-01
  312.5000  2.757E-01  2.838E-01  2.840E-01  2.763E-01  2.609E-01
  313.5000  3.120E-01  3.211E-01  3.214E-01  3.128E-01  2.956E-01
  314.5000  3.096E-01  3.181E-01  3.184E-01  3.103E-01  2.941E-01
  315.5000  3.193E-01  3.280E-01  3.283E-01  3.200E-01  3.035E-01
  316.5000  3.161E-01  3.244E-01  3.246E-01  3.168E-01  3.011E-01
  317.5000  4.469E-01  4.586E-01  4.589E-01  4.478E-01  4.258E-01
  318.5000  3.495E-01  3.582E-01  3.585E-01  3.502E-01  3.337E-01
  319.5000  4.259E-01  4.364E-01  4.367E-01  4.267E-01  4.063E-01
  320.5000  5.173E-01  5.300E-01  5.304E-01  5.183E-01  4.944E-01
  321.5000  4.367E-01  4.470E-01  4.472E-01  4.375E-01  4.181E-01
  322.5000  4.415E-01  4.521E-01  4.524E-01  4.423E-01  4.221E-01
  323.5000  4.513E-01  4.617E-01  4.620E-01  4.521E-01  4.324E-01
  324.5000  5.297E-01  5.418E-01  5.422E-01  5.306E-01  5.075E-01
  325.5000  5.940E-01  6.078E-01  6.082E-01  5.952E-01  5.691E-01
  326.5000  7.145E-01  7.305E-01  7.309E-01  7.158E-01  6.856E-01
  327.5000  6.665E-01  6.815E-01  6.819E-01  6.677E-01  6.393E-01
  328.5000  6.152E-01  6.290E-01  6.294E-01  6.163E-01  5.901E-01
  329.5000  7.932E-01  8.105E-01  8.110E-01  7.945E-01  7.616E-01
  330.5000  7.224E-01  7.384E-01  7.383E-01  7.234E-01  6.934E-01
  331.5000  7.140E-01  7.297E-01  7.302E-01  7.151E-01  6.853E-01
  332.5000  7.001E-01  7.152E-01  7.156E-01  7.013E-01  6.725E-01
  333.5000  6.587E-01  6.731E-01  6.734E-01  6.599E-01  6.327E-01
  334.5000  7.350E-01  7.509E-01  7.514E-01  7.363E-01  7.061E-01
  335.5000  7.433E-01  7.592E-01  7.596E-01  7.445E-01  7.143E-01
  336.5000  5.812E-01  5.937E-01  5.940E-01  5.822E-01  5.586E-01
  337.5000  6.387E-01  6.524E-01  6.528E-01  6.398E-01  6.137E-01
  338.5000  6.724E-01  6.867E-01  6.871E-01  6.735E-01  6.463E-01
  339.5000  7.304E-01  7.459E-01  7.463E-01  7.317E-01  7.022E-01
  340.5000  7.812E-01  7.978E-01  7.983E-01  7.825E-01  7.510E-01
  341.5000  6.928E-01  7.074E-01  7.078E-01  6.939E-01  6.662E-01
  342.5000  7.670E-01  7.831E-01  7.836E-01  7.683E-01  7.376E-01
  343.5000  7.967E-01  8.134E-01  8.139E-01  7.980E-01  7.662E-01
  344.5000  5.584E-01  5.702E-01  5.705E-01  5.593E-01  5.370E-01
  345.5000  7.639E-01  7.798E-01  7.803E-01  7.651E-01  7.348E-01
  346.5000  7.147E-01  7.297E-01  7.301E-01  7.159E-01  6.875E-01
  347.5000  6.980E-01  7.126E-01  7.130E-01  6.992E-01  6.715E-01
  348.5000  7.666E-01  7.826E-01  7.830E-01  7.679E-01  7.375E-01
  349.5000  6.422E-01  6.556E-01  6.559E-01  6.433E-01  6.179E-01
  350.5000  8.987E-01  9.174E-01  9.179E-01  9.002E-01  8.647E-01
  351.5000  7.743E-01  7.904E-01  7.908E-01  7.756E-01  7.451E-01
  352.5000  6.979E-01  7.124E-01  7.128E-01  6.991E-01  6.717E-01
  353.5000  8.397E-01  8.570E-01  8.575E-01  8.410E-01  8.081E-01
  354.5000  9.083E-01  9.270E-01  9.275E-01  9.097E-01  8.742E-01
  355.5000  8.484E-01  8.659E-01  8.663E-01  8.498E-01  8.166E-01
  356.5000  7.870E-01  8.032E-01  8.036E-01  7.883E-01  7.576E-01
  357.5000  6.689E-01  6.827E-01  6.830E-01  6.700E-01  6.440E-01
  358.5000  5.159E-01  5.265E-01  5.268E-01  5.168E-01  4.967E-01
  359.5000  8.679E-01  8.857E-01  8.862E-01  8.693E-01  8.356E-01
  360.5000  8.041E-01  8.206E-01  8.210E-01  8.054E-01  7.743E-01
  361.5000  7.246E-01  7.394E-01  7.398E-01  7.258E-01  6.978E-01
  362.5000  8.506E-01  8.679E-01  8.683E-01  8.519E-01  8.191E-01
  363.5000  7.563E-01  7.717E-01  7.721E-01  7.575E-01  7.283E-01
  364.5000  8.247E-01  8.414E-01  8.419E-01  8.260E-01  7.942E-01
  365.5000  1.004E+00  1.025E+00  1.025E+00  1.006E+00  9.674E-01
  366.5000  1.063E+00  1.084E+00  1.085E+00  1.064E+00  1.023E+00
  367.5000  1.008E+00  1.029E+00  1.029E+00  1.010E+00  9.714E-01
  368.5000  8.855E-01  9.034E-01  9.039E-01  8.870E-01  8.530E-01
  369.5000  1.062E+00  1.083E+00  1.084E+00  1.063E+00  1.023E+00
  370.5000  9.629E-01  9.823E-01  9.828E-01  9.645E-01  9.277E-01
  371.5000  1.101E+00  1.123E+00  1.124E+00  1.103E+00  1.061E+00
  372.5000  8.132E-01  8.295E-01  8.299E-01  8.145E-01  7.835E-01
  373.5000  7.347E-01  7.494E-01  7.498E-01  7.359E-01  7.079E-01
  374.5000  8.061E-01  8.222E-01  8.226E-01  8.074E-01  7.767E-01
  375.5000  9.091E-01  9.273E-01  9.277E-01  9.105E-01  8.760E-01
  376.5000  9.075E-01  9.256E-01  9.260E-01  9.089E-01  8.745E-01
  377.5000  1.080E+00  1.102E+00  1.102E+00  1.082E+00  1.041E+00
  378.5000  1.177E+00  1.200E+00  1.201E+00  1.179E+00  1.134E+00
  379.5000  8.704E-01  8.877E-01  8.881E-01  8.717E-01  8.389E-01
  380.5000  1.046E+00  1.067E+00  1.068E+00  1.048E+00  1.009E+00
  381.5000  9.829E-01  1.002E+00  1.003E+00  9.844E-01  9.474E-01
  382.5000  6.547E-01  6.676E-01  6.680E-01  6.557E-01  6.311E-01
  383.5000  5.747E-01  5.860E-01  5.863E-01  5.756E-01  5.540E-01
  384.5000  8.621E-01  8.791E-01  8.796E-01  8.635E-01  8.312E-01
  385.5000  8.527E-01  8.695E-01  8.699E-01  8.540E-01  8.221E-01
  386.5000  8.689E-01  8.860E-01  8.864E-01  8.702E-01  8.377E-01
  387.5000  8.072E-01  8.231E-01  8.235E-01  8.085E-01  7.783E-01
  388.5000  8.088E-01  8.247E-01  8.251E-01  8.101E-01  7.799E-01
  389.5000  1.020E+00  1.040E+00  1.040E+00  1.021E+00  9.833E-01
  390.5000  1.001E+00  1.021E+00  1.021E+00  1.003E+00  9.655E-01
  391.5000  1.187E+00  1.211E+00  1.211E+00  1.189E+00  1.145E+00
  392.5000  8.902E-01  9.076E-01  9.080E-01  8.916E-01  8.585E-01
  393.5000  3.869E-01  3.944E-01  3.946E-01  3.875E-01  3.731E-01
  394.5000  9.101E-01  9.278E-01  9.283E-01  9.115E-01  8.778E-01
  395.5000  1.171E+00  1.193E+00  1.194E+00  1.172E+00  1.129E+00
  396.5000  6.872E-01  7.006E-01  7.009E-01  6.883E-01  6.629E-01
  397.5000  7.928E-01  8.082E-01  8.086E-01  7.940E-01  7.647E-01
  398.5000  1.362E+00  1.388E+00  1.389E+00  1.364E+00  1.314E+00
  399.5000  1.416E+00  1.444E+00  1.444E+00  1.418E+00  1.366E+00
  400.5000  1.488E+00  1.517E+00  1.518E+00  1.491E+00  1.436E+00
  401.5000  1.531E+00  1.561E+00  1.561E+00  1.533E+00  1.477E+00
  402.5000  1.589E+00  1.620E+00  1.620E+00  1.591E+00  1.533E+00
  403.5000  1.454E+00  1.482E+00  1.483E+00  1.456E+00  1.403E+00
  404.5000  1.426E+00  1.453E+00  1.454E+00  1.428E+00  1.376E+00
  405.5000  1.481E+00  1.509E+00  1.510E+00  1.483E+00  1.429E+00
  406.5000  1.394E+00  1.421E+00  1.422E+00  1.396E+00  1.345E+00
  407.5000  1.405E+00  1.432E+00  1.433E+00  1.408E+00  1.356E+00
  408.5000  1.565E+00  1.595E+00  1.596E+00  1.567E+00  1.510E+00
  409.5000  1.534E+00  1.563E+00  1.564E+00  1.536E+00  1.480E+00
  410.5000  1.330E+00  1.355E+00  1.356E+00  1.332E+00  1.283E+00
  411.5000  1.598E+00  1.628E+00  1.629E+00  1.600E+00  1.542E+00
  412.5000  1.583E+00  1.614E+00  1.614E+00  1.586E+00  1.528E+00
  413.5000  1.535E+00  1.565E+00  1.565E+00  1.538E+00  1.482E+00
  414.5000  1.578E+00  1.608E+00  1.608E+00  1.580E+00  1.523E+00
  415.5000  1.509E+00  1.537E+00  1.538E+00  1.511E+00  1.456E+00
  416.5000  1.642E+00  1.673E+00  1.674E+00  1.644E+00  1.585E+00
  417.5000  1.500E+00  1.529E+00  1.530E+00  1.503E+00  1.448E+00
  418.5000  1.512E+00  1.541E+00  1.541E+00  1.514E+00  1.459E+00
  419.5000  1.561E+00  1.591E+00  1.592E+00  1.564E+00  1.507E+00
------------------------------------------------------------
Dose rates, W m-2
   1 = UV-B, 280-315 nm                                  
   2 = UV-A, 315-400 nm                                  
   3 = Gaussian, 320 nm, 10 nm FWHM                      
   4 = RB Meter, model 501                               
   5 = DNA damage, in vitro (Setlow, 1974)               
   6 = UV index (WMO, 1994; Webb et al., 2011)           
   7 = Previtamin-D3 (CIE 2006)                          
values at z =      0.000 km
Columns: time, sza, weighting spectra
time, hrs.  sza, deg.          1          2          3          4          5          6          7
   11.0000     12.315  2.492E+00  6.613E+01  4.368E-01  7.632E-01  1.057E-02  1.498E+01  7.539E-01
   11.5000      6.799  2.581E+00  6.750E+01  4.476E-01  7.935E-01  1.118E-02  1.562E+01  7.863E-01
   12.0000      6.593  2.583E+00  6.753E+01  4.478E-01  7.943E-01  1.120E-02  1.564E+01  7.872E-01
   12.5000     11.974  2.499E+00  6.624E+01  4.377E-01  7.656E-01  1.061E-02  1.503E+01  7.564E-01
   13.0000     18.596  2.334E+00  6.364E+01  4.173E-01  7.096E-01  9.507E-03  1.385E+01  6.965E-01
------------------------------------------------------------
