Spectral Irradiance, W m-2 nm-1
values at z =      0.000 km
Columns: wavelength (nm), times (hrs.) or sza (deg.)
    wc, nm     11.000     11.500     12.000     12.500     13.000
    sza =      26.926     23.252     21.543     22.257     25.188
  280.5000  1.559E-14  3.752E-14  5.340E-14  4.627E-14  2.413E-14
  281.5000  5.082E-13  1.132E-12  1.562E-12  1.371E-12  7.570E-13
  282.5000  6.934E-12  1.446E-11  1.942E-11  1.723E-11  9.993E-12
  283.5000  3.431E-11  6.852E-11  9.047E-11  8.082E-11  4.840E-11
  284.5000  3.812E-10  7.038E-10  9.004E-10  8.147E-10  5.171E-10
  285.5000  1.416E-09  2.467E-09  3.084E-09  2.817E-09  1.867E-09
  286.5000  1.752E-08  2.918E-08  3.583E-08  3.297E-08  2.258E-08
  287.5000  1.057E-07  1.675E-07  2.016E-07  1.870E-07  1.329E-07
  288.5000  5.596E-07  8.407E-07  9.902E-07  9.265E-07  6.851E-07
  289.5000  3.195E-06  4.618E-06  5.356E-06  5.043E-06  3.837E-06
  290.5000  1.322E-05  1.850E-05  2.117E-05  2.004E-05  1.562E-05
  291.5000  4.315E-05  5.820E-05  6.565E-05  6.252E-05  5.007E-05
  292.5000  1.062E-04  1.390E-04  1.549E-04  1.483E-04  1.214E-04
  293.5000  3.127E-04  3.979E-04  4.384E-04  4.215E-04  3.525E-04
  294.5000  6.031E-04  7.506E-04  8.197E-04  7.909E-04  6.723E-04
  295.5000  1.539E-03  1.870E-03  2.023E-03  1.959E-03  1.695E-03
  296.5000  2.718E-03  3.240E-03  3.478E-03  3.379E-03  2.966E-03
  297.5000  5.267E-03  6.171E-03  6.578E-03  6.410E-03  5.698E-03
  298.5000  6.337E-03  7.318E-03  7.756E-03  7.575E-03  6.806E-03
  299.5000  1.425E-02  1.624E-02  1.712E-02  1.676E-02  1.521E-02
  300.5000  1.345E-02  1.517E-02  1.592E-02  1.561E-02  1.428E-02
  301.5000  2.691E-02  3.000E-02  3.134E-02  3.079E-02  2.840E-02
  302.5000  3.371E-02  3.730E-02  3.886E-02  3.822E-02  3.545E-02
  303.5000  5.788E-02  6.349E-02  6.591E-02  6.492E-02  6.060E-02
  304.5000  6.359E-02  6.940E-02  7.190E-02  7.087E-02  6.641E-02
  305.5000  8.456E-02  9.159E-02  9.460E-02  9.337E-02  8.798E-02
  306.5000  8.859E-02  9.564E-02  9.866E-02  9.742E-02  9.202E-02
  307.5000  1.285E-01  1.379E-01  1.419E-01  1.403E-01  1.331E-01
  308.5000  1.443E-01  1.544E-01  1.587E-01  1.570E-01  1.492E-01
  309.5000  1.277E-01  1.361E-01  1.396E-01  1.382E-01  1.318E-01
  310.5000  1.743E-01  1.853E-01  1.899E-01  1.880E-01  1.797E-01
  311.5000  2.248E-01  2.384E-01  2.442E-01  2.418E-01  2.314E-01
  312.5000  2.200E-01  2.325E-01  2.378E-01  2.356E-01  2.261E-01
  313.5000  2.497E-01  2.637E-01  2.696E-01  2.672E-01  2.565E-01
  314.5000  2.501E-01  2.633E-01  2.679E-01  2.666E-01  2.565E-01
  315.5000  2.584E-01  2.719E-01  2.776E-01  2.753E-01  2.650E-01
  316.5000  2.577E-01  2.706E-01  2.760E-01  2.738E-01  2.640E-01
  317.5000  3.644E-01  3.826E-01  3.903E-01  3.871E-01  3.733E-01
  318.5000  2.869E-01  3.006E-01  3.064E-01  3.040E-01  2.936E-01
  319.5000  3.501E-01  3.666E-01  3.736E-01  3.708E-01  3.582E-01
  320.5000  4.261E-01  4.459E-01  4.543E-01  4.509E-01  4.358E-01
  321.5000  3.619E-01  3.780E-01  3.848E-01  3.820E-01  3.694E-01
  322.5000  3.643E-01  3.810E-01  3.881E-01  3.852E-01  3.725E-01
  323.5000  3.751E-01  3.915E-01  3.984E-01  3.955E-01  3.831E-01
  324.5000  4.402E-01  4.594E-01  4.675E-01  4.642E-01  4.496E-01
  325.5000  4.934E-01  5.151E-01  5.241E-01  5.204E-01  5.040E-01
  326.5000  5.965E-01  6.215E-01  6.322E-01  6.279E-01  6.088E-01
  327.5000  5.557E-01  5.794E-01  5.893E-01  5.852E-01  5.673E-01
  328.5000  5.130E-01  5.348E-01  5.440E-01  5.402E-01  5.237E-01
  329.5000  6.639E-01  6.913E-01  7.028E-01  6.981E-01  6.773E-01
  330.5000  6.040E-01  6.289E-01  6.397E-01  6.354E-01  6.163E-01
  331.5000  5.968E-01  6.218E-01  6.322E-01  6.279E-01  6.090E-01
  332.5000  5.868E-01  6.108E-01  6.208E-01  6.167E-01  5.986E-01
  333.5000  5.517E-01  5.744E-01  5.839E-01  5.800E-01  5.628E-01
  334.5000  6.161E-01  6.412E-01  6.518E-01  6.475E-01  6.284E-01
  335.5000  6.239E-01  6.491E-01  6.596E-01  6.553E-01  6.362E-01
  336.5000  4.878E-01  5.075E-01  5.158E-01  5.124E-01  4.974E-01
  337.5000  5.357E-01  5.574E-01  5.665E-01  5.628E-01  5.463E-01
  338.5000  5.648E-01  5.874E-01  5.969E-01  5.930E-01  5.759E-01
  339.5000  6.137E-01  6.383E-01  6.486E-01  6.444E-01  6.258E-01
  340.5000  6.563E-01  6.826E-01  6.936E-01  6.891E-01  6.692E-01
  341.5000  5.825E-01  6.056E-01  6.154E-01  6.114E-01  5.938E-01
  342.5000  6.451E-01  6.707E-01  6.814E-01  6.770E-01  6.576E-01
  343.5000  6.700E-01  6.966E-01  7.078E-01  7.032E-01  6.830E-01
  344.5000  4.696E-01  4.883E-01  4.961E-01  4.929E-01  4.787E-01
  345.5000  6.429E-01  6.683E-01  6.789E-01  6.746E-01  6.553E-01
  346.5000  6.015E-01  6.252E-01  6.352E-01  6.311E-01  6.131E-01
  347.5000  5.875E-01  6.107E-01  6.204E-01  6.164E-01  5.989E-01
  348.5000  6.455E-01  6.708E-01  6.815E-01  6.771E-01  6.579E-01
  349.5000  5.408E-01  5.620E-01  5.709E-01  5.673E-01  5.512E-01
  350.5000  7.570E-01  7.866E-01  7.991E-01  7.940E-01  7.715E-01
  351.5000  6.523E-01  6.778E-01  6.885E-01  6.841E-01  6.648E-01
  352.5000  5.881E-01  6.111E-01  6.207E-01  6.168E-01  5.994E-01
  353.5000  7.077E-01  7.353E-01  7.468E-01  7.421E-01  7.212E-01
  354.5000  7.657E-01  7.955E-01  8.079E-01  8.028E-01  7.803E-01
  355.5000  7.154E-01  7.431E-01  7.548E-01  7.500E-01  7.290E-01
  356.5000  6.637E-01  6.894E-01  7.002E-01  6.958E-01  6.763E-01
  357.5000  5.643E-01  5.861E-01  5.952E-01  5.915E-01  5.750E-01
  358.5000  4.353E-01  4.521E-01  4.591E-01  4.563E-01  4.435E-01
  359.5000  7.324E-01  7.606E-01  7.724E-01  7.676E-01  7.462E-01
  360.5000  6.787E-01  7.048E-01  7.157E-01  7.113E-01  6.915E-01
  361.5000  6.117E-01  6.352E-01  6.450E-01  6.410E-01  6.232E-01
  362.5000  7.181E-01  7.457E-01  7.572E-01  7.525E-01  7.316E-01
  363.5000  6.387E-01  6.631E-01  6.733E-01  6.692E-01  6.506E-01
  364.5000  6.965E-01  7.231E-01  7.343E-01  7.297E-01  7.096E-01
  365.5000  8.485E-01  8.809E-01  8.944E-01  8.889E-01  8.644E-01
  366.5000  8.978E-01  9.320E-01  9.463E-01  9.404E-01  9.145E-01
  367.5000  8.522E-01  8.846E-01  8.982E-01  8.926E-01  8.681E-01
  368.5000  7.484E-01  7.768E-01  7.887E-01  7.839E-01  7.623E-01
  369.5000  8.975E-01  9.315E-01  9.458E-01  9.400E-01  9.142E-01
  370.5000  8.141E-01  8.449E-01  8.578E-01  8.525E-01  8.292E-01
  371.5000  9.312E-01  9.664E-01  9.812E-01  9.752E-01  9.485E-01
  372.5000  6.877E-01  7.137E-01  7.245E-01  7.201E-01  7.004E-01
  373.5000  6.214E-01  6.449E-01  6.547E-01  6.507E-01  6.329E-01
  374.5000  6.819E-01  7.076E-01  7.183E-01  7.139E-01  6.945E-01
  375.5000  7.692E-01  7.981E-01  8.102E-01  8.053E-01  7.834E-01
  376.5000  7.679E-01  7.967E-01  8.088E-01  8.039E-01  7.820E-01
  377.5000  9.142E-01  9.485E-01  9.628E-01  9.570E-01  9.310E-01
  378.5000  9.962E-01  1.033E+00  1.049E+00  1.043E+00  1.014E+00
  379.5000  7.369E-01  7.644E-01  7.759E-01  7.712E-01  7.504E-01
  380.5000  8.860E-01  9.190E-01  9.329E-01  9.272E-01  9.022E-01
  381.5000  8.323E-01  8.634E-01  8.764E-01  8.710E-01  8.475E-01
  382.5000  5.545E-01  5.751E-01  5.838E-01  5.802E-01  5.646E-01
  383.5000  4.868E-01  5.049E-01  5.125E-01  5.094E-01  4.957E-01
  384.5000  7.304E-01  7.575E-01  7.689E-01  7.642E-01  7.437E-01
  385.5000  7.225E-01  7.493E-01  7.605E-01  7.559E-01  7.356E-01
  386.5000  7.363E-01  7.636E-01  7.750E-01  7.703E-01  7.497E-01
  387.5000  6.842E-01  7.095E-01  7.201E-01  7.157E-01  6.966E-01
  388.5000  6.856E-01  7.109E-01  7.216E-01  7.172E-01  6.980E-01
  389.5000  8.645E-01  8.963E-01  9.097E-01  9.042E-01  8.801E-01
  390.5000  8.489E-01  8.802E-01  8.933E-01  8.880E-01  8.643E-01
  391.5000  1.007E+00  1.044E+00  1.060E+00  1.053E+00  1.025E+00
  392.5000  7.550E-01  7.827E-01  7.943E-01  7.896E-01  7.686E-01
  393.5000  3.282E-01  3.402E-01  3.453E-01  3.432E-01  3.341E-01
  394.5000  7.721E-01  8.004E-01  8.122E-01  8.074E-01  7.860E-01
  395.5000  9.932E-01  1.030E+00  1.045E+00  1.039E+00  1.011E+00
  396.5000  5.831E-01  6.044E-01  6.134E-01  6.097E-01  5.936E-01
  397.5000  6.728E-01  6.974E-01  7.076E-01  7.034E-01  6.848E-01
  398.5000  1.156E+00  1.198E+00  1.216E+00  1.208E+00  1.177E+00
  399.5000  1.202E+00  1.246E+00  1.264E+00  1.257E+00  1.224E+00
  400.5000  1.264E+00  1.310E+00  1.329E+00  1.321E+00  1.286E+00
  401.5000  1.300E+00  1.347E+00  1.367E+00  1.359E+00  1.323E+00
  402.5000  1.349E+00  1.398E+00  1.419E+00  1.410E+00  1.373E+00
  403.5000  1.235E+00  1.280E+00  1.298E+00  1.291E+00  1.257E+00
  404.5000  1.211E+00  1.255E+00  1.273E+00  1.266E+00  1.232E+00
  405.5000  1.258E+00  1.303E+00  1.322E+00  1.315E+00  1.280E+00
  406.5000  1.185E+00  1.227E+00  1.245E+00  1.238E+00  1.206E+00
  407.5000  1.194E+00  1.237E+00  1.255E+00  1.248E+00  1.215E+00
  408.5000  1.330E+00  1.378E+00  1.398E+00  1.390E+00  1.353E+00
  409.5000  1.303E+00  1.350E+00  1.370E+00  1.362E+00  1.326E+00
  410.5000  1.130E+00  1.171E+00  1.188E+00  1.181E+00  1.150E+00
  411.5000  1.358E+00  1.407E+00  1.428E+00  1.419E+00  1.382E+00
  412.5000  1.346E+00  1.394E+00  1.415E+00  1.406E+00  1.370E+00
  413.5000  1.305E+00  1.352E+00  1.372E+00  1.364E+00  1.328E+00
  414.5000  1.341E+00  1.390E+00  1.410E+00  1.401E+00  1.365E+00
  415.5000  1.283E+00  1.329E+00  1.348E+00  1.340E+00  1.305E+00
  416.5000  1.396E+00  1.446E+00  1.467E+00  1.458E+00  1.421E+00
  417.5000  1.276E+00  1.322E+00  1.341E+00  1.333E+00  1.299E+00
  418.5000  1.286E+00  1.332E+00  1.351E+00  1.343E+00  1.309E+00
  419.5000  1.328E+00  1.376E+00  1.395E+00  1.387E+00  1.352E+00
------------------------------------------------------------
Dose rates, W m-2
   1 = UV-B, 280-315 nm                                  
   2 = UV-A, 315-400 nm                                  
   3 = Gaussian, 320 nm, 10 nm FWHM                      
   4 = RB Meter, model 501                               
   5 = DNA damage, in vitro (Setlow, 1974)               
   6 = UV index (WMO, 1994; Webb et al., 2011)           
   7 = Previtamin-D3 (CIE 2006)                          
values at z =      0.000 km
Columns: time, sza, weighting spectra
time, hrs.  sza, deg.          1          2          3          4          5          6          7
   11.0000     26.926  1.919E+00  5.572E+01  3.596E-01  5.747E-01  7.151E-03  1.108E+01  5.556E-01
   11.5000     23.252  2.050E+00  5.789E+01  3.764E-01  6.180E-01  7.939E-03  1.198E+01  6.015E-01
   12.0000     21.543  2.105E+00  5.880E+01  3.834E-01  6.366E-01  8.286E-03  1.236E+01  6.213E-01
   12.5000     22.257  2.083E+00  5.843E+01  3.806E-01  6.290E-01  8.143E-03  1.220E+01  6.132E-01
   13.0000     25.188  1.983E+00  5.679E+01  3.677E-01  5.957E-01  7.530E-03  1.151E+01  5.779E-01
------------------------------------------------------------
