Spectral Irradiance, W m-2 nm-1
values at z =      0.000 km
Columns: wavelength (nm), times (hrs.) or sza (deg.)
    wc, nm     11.000     11.500     12.000     12.500     13.000
    sza =      78.222     77.712     77.702     78.194     79.178
  280.5000  3.428E-29  3.554E-29  3.557E-29  3.435E-29  3.200E-29
  281.5000  1.424E-26  1.477E-26  1.478E-26  1.427E-26  1.328E-26
  282.5000  1.733E-24  1.798E-24  1.800E-24  1.737E-24  1.616E-24
  283.5000  3.538E-23  3.672E-23  3.674E-23  3.545E-23  3.296E-23
  284.5000  5.308E-21  5.512E-21  5.516E-21  5.319E-21  4.939E-21
  285.5000  1.357E-19  1.410E-19  1.411E-19  1.360E-19  1.261E-19
  286.5000  7.402E-18  7.697E-18  7.703E-18  7.418E-18  6.873E-18
  287.5000  2.335E-16  2.430E-16  2.431E-16  2.340E-16  2.165E-16
  288.5000  7.555E-15  7.871E-15  7.877E-15  7.571E-15  6.990E-15
  289.5000  1.584E-13  1.652E-13  1.653E-13  1.587E-13  1.463E-13
  290.5000  1.965E-12  2.052E-12  2.053E-12  1.970E-12  1.812E-12
  291.5000  2.255E-11  2.357E-11  2.359E-11  2.260E-11  2.073E-11
  292.5000  1.569E-10  1.643E-10  1.644E-10  1.573E-10  1.439E-10
  293.5000  1.244E-09  1.304E-09  1.306E-09  1.247E-09  1.137E-09
  294.5000  5.268E-09  5.535E-09  5.540E-09  5.282E-09  4.801E-09
  295.5000  3.147E-08  3.313E-08  3.316E-08  3.155E-08  2.856E-08
  296.5000  1.147E-07  1.210E-07  1.212E-07  1.150E-07  1.037E-07
  297.5000  4.261E-07  4.509E-07  4.514E-07  4.274E-07  3.834E-07
  298.5000  9.041E-07  9.600E-07  9.611E-07  9.070E-07  8.092E-07
  299.5000  3.547E-06  3.784E-06  3.789E-06  3.559E-06  3.151E-06
  300.5000  5.248E-06  5.628E-06  5.636E-06  5.267E-06  4.624E-06
  301.5000  1.769E-05  1.914E-05  1.916E-05  1.776E-05  1.537E-05
  302.5000  3.205E-05  3.494E-05  3.500E-05  3.219E-05  2.749E-05
  303.5000  8.908E-05  9.823E-05  9.842E-05  8.954E-05  7.487E-05
  304.5000  1.326E-04  1.472E-04  1.475E-04  1.333E-04  1.099E-04
  305.5000  2.924E-04  3.278E-04  3.285E-04  2.942E-04  2.375E-04
  306.5000  3.872E-04  4.353E-04  4.363E-04  3.896E-04  3.120E-04
  307.5000  9.237E-04  1.041E-03  1.044E-03  9.297E-04  7.372E-04
  308.5000  1.268E-03  1.429E-03  1.432E-03  1.276E-03  1.011E-03
  309.5000  1.626E-03  1.826E-03  1.830E-03  1.636E-03  1.299E-03
  310.5000  2.931E-03  3.281E-03  3.288E-03  2.949E-03  2.355E-03
  311.5000  4.560E-03  5.087E-03  5.097E-03  4.587E-03  3.682E-03
  312.5000  6.337E-03  7.014E-03  7.027E-03  6.372E-03  5.187E-03
  313.5000  7.814E-03  8.633E-03  8.649E-03  7.856E-03  6.418E-03
  314.5000  1.070E-02  1.172E-02  1.174E-02  1.075E-02  8.928E-03
  315.5000  1.163E-02  1.273E-02  1.275E-02  1.169E-02  9.733E-03
  316.5000  1.487E-02  1.615E-02  1.617E-02  1.494E-02  1.263E-02
  317.5000  2.105E-02  2.286E-02  2.289E-02  2.114E-02  1.787E-02
  318.5000  2.089E-02  2.252E-02  2.255E-02  2.098E-02  1.800E-02
  319.5000  2.665E-02  2.869E-02  2.872E-02  2.676E-02  2.303E-02
  320.5000  3.423E-02  3.678E-02  3.683E-02  3.436E-02  2.968E-02
  321.5000  3.604E-02  3.844E-02  3.848E-02  3.617E-02  3.172E-02
  322.5000  3.075E-02  3.299E-02  3.303E-02  3.087E-02  2.674E-02
  323.5000  4.117E-02  4.376E-02  4.381E-02  4.131E-02  3.647E-02
  324.5000  4.786E-02  5.090E-02  5.096E-02  4.802E-02  4.237E-02
  325.5000  5.188E-02  5.525E-02  5.531E-02  5.206E-02  4.580E-02
  326.5000  7.497E-02  7.933E-02  7.941E-02  7.521E-02  6.706E-02
  327.5000  6.599E-02  6.998E-02  7.005E-02  6.620E-02  5.876E-02
  328.5000  6.110E-02  6.479E-02  6.486E-02  6.130E-02  5.441E-02
  329.5000  9.033E-02  9.532E-02  9.541E-02  9.060E-02  8.124E-02
  330.5000  7.785E-02  8.232E-02  8.241E-02  7.809E-02  6.972E-02
  331.5000  7.615E-02  8.057E-02  8.065E-02  7.639E-02  6.813E-02
  332.5000  8.247E-02  8.694E-02  8.703E-02  8.271E-02  7.432E-02
  333.5000  7.449E-02  7.866E-02  7.874E-02  7.472E-02  6.691E-02
  334.5000  8.506E-02  8.975E-02  8.984E-02  8.531E-02  7.653E-02
  335.5000  9.027E-02  9.508E-02  9.517E-02  9.052E-02  8.149E-02
  336.5000  6.971E-02  7.347E-02  7.354E-02  6.992E-02  6.286E-02
  337.5000  7.423E-02  7.833E-02  7.840E-02  7.444E-02  6.676E-02
  338.5000  8.221E-02  8.659E-02  8.667E-02  8.244E-02  7.421E-02
  339.5000  9.002E-02  9.480E-02  9.489E-02  9.028E-02  8.130E-02
  340.5000  9.470E-02  9.980E-02  9.990E-02  9.497E-02  8.540E-02
  341.5000  8.624E-02  9.081E-02  9.089E-02  8.648E-02  7.791E-02
  342.5000  9.605E-02  1.011E-01  1.012E-01  9.632E-02  8.680E-02
  343.5000  9.906E-02  1.043E-01  1.044E-01  9.934E-02  8.945E-02
  344.5000  6.887E-02  7.256E-02  7.263E-02  6.907E-02  6.214E-02
  345.5000  9.667E-02  1.018E-01  1.019E-01  9.694E-02  8.738E-02
  346.5000  8.927E-02  9.402E-02  9.411E-02  8.952E-02  8.059E-02
  347.5000  8.746E-02  9.212E-02  9.220E-02  8.771E-02  7.896E-02
  348.5000  9.671E-02  1.018E-01  1.019E-01  9.698E-02  8.734E-02
  349.5000  8.107E-02  8.538E-02  8.547E-02  8.130E-02  7.321E-02
  350.5000  1.138E-01  1.198E-01  1.199E-01  1.141E-01  1.027E-01
  351.5000  9.796E-02  1.032E-01  1.033E-01  9.824E-02  8.845E-02
  352.5000  8.859E-02  9.331E-02  9.340E-02  8.884E-02  7.999E-02
  353.5000  1.070E-01  1.127E-01  1.128E-01  1.073E-01  9.665E-02
  354.5000  1.162E-01  1.224E-01  1.225E-01  1.165E-01  1.049E-01
  355.5000  1.087E-01  1.145E-01  1.146E-01  1.090E-01  9.819E-02
  356.5000  1.010E-01  1.064E-01  1.065E-01  1.013E-01  9.119E-02
  357.5000  8.594E-02  9.051E-02  9.060E-02  8.618E-02  7.759E-02
  358.5000  6.646E-02  7.000E-02  7.006E-02  6.664E-02  6.000E-02
  359.5000  1.120E-01  1.179E-01  1.180E-01  1.123E-01  1.011E-01
  360.5000  1.039E-01  1.094E-01  1.096E-01  1.042E-01  9.379E-02
  361.5000  9.385E-02  9.886E-02  9.895E-02  9.412E-02  8.471E-02
  362.5000  1.104E-01  1.163E-01  1.164E-01  1.107E-01  9.963E-02
  363.5000  9.831E-02  1.036E-01  1.037E-01  9.859E-02  8.873E-02
  364.5000  1.073E-01  1.131E-01  1.132E-01  1.076E-01  9.688E-02
  365.5000  1.309E-01  1.379E-01  1.380E-01  1.313E-01  1.181E-01
  366.5000  1.387E-01  1.462E-01  1.463E-01  1.391E-01  1.252E-01
  367.5000  1.319E-01  1.390E-01  1.391E-01  1.323E-01  1.190E-01
  368.5000  1.160E-01  1.222E-01  1.224E-01  1.164E-01  1.047E-01
  369.5000  1.393E-01  1.468E-01  1.470E-01  1.397E-01  1.257E-01
  370.5000  1.266E-01  1.334E-01  1.335E-01  1.269E-01  1.142E-01
  371.5000  1.450E-01  1.528E-01  1.529E-01  1.454E-01  1.308E-01
  372.5000  1.072E-01  1.130E-01  1.131E-01  1.075E-01  9.673E-02
  373.5000  9.704E-02  1.023E-01  1.024E-01  9.732E-02  8.752E-02
  374.5000  1.066E-01  1.124E-01  1.125E-01  1.069E-01  9.615E-02
  375.5000  1.205E-01  1.269E-01  1.271E-01  1.208E-01  1.086E-01
  376.5000  1.204E-01  1.269E-01  1.271E-01  1.208E-01  1.086E-01
  377.5000  1.436E-01  1.513E-01  1.515E-01  1.440E-01  1.295E-01
  378.5000  1.567E-01  1.652E-01  1.653E-01  1.572E-01  1.413E-01
  379.5000  1.161E-01  1.223E-01  1.225E-01  1.164E-01  1.046E-01
  380.5000  1.398E-01  1.473E-01  1.475E-01  1.402E-01  1.260E-01
  381.5000  1.315E-01  1.386E-01  1.387E-01  1.319E-01  1.185E-01
  382.5000  8.774E-02  9.248E-02  9.257E-02  8.799E-02  7.907E-02
  383.5000  7.714E-02  8.131E-02  8.139E-02  7.736E-02  6.952E-02
  384.5000  1.159E-01  1.222E-01  1.223E-01  1.162E-01  1.045E-01
  385.5000  1.148E-01  1.210E-01  1.212E-01  1.152E-01  1.035E-01
  386.5000  1.172E-01  1.235E-01  1.237E-01  1.175E-01  1.056E-01
  387.5000  1.091E-01  1.150E-01  1.151E-01  1.094E-01  9.826E-02
  388.5000  1.095E-01  1.154E-01  1.155E-01  1.098E-01  9.861E-02
  389.5000  1.382E-01  1.457E-01  1.459E-01  1.386E-01  1.245E-01
  390.5000  1.359E-01  1.433E-01  1.435E-01  1.363E-01  1.225E-01
  391.5000  1.615E-01  1.703E-01  1.704E-01  1.620E-01  1.455E-01
  392.5000  1.213E-01  1.278E-01  1.280E-01  1.216E-01  1.092E-01
  393.5000  5.279E-02  5.566E-02  5.571E-02  5.294E-02  4.754E-02
  394.5000  1.244E-01  1.311E-01  1.313E-01  1.247E-01  1.120E-01
  395.5000  1.602E-01  1.690E-01  1.691E-01  1.607E-01  1.443E-01
  396.5000  9.422E-02  9.935E-02  9.944E-02  9.449E-02  8.484E-02
  397.5000  1.089E-01  1.148E-01  1.149E-01  1.092E-01  9.804E-02
  398.5000  1.873E-01  1.975E-01  1.977E-01  1.879E-01  1.687E-01
  399.5000  1.951E-01  2.058E-01  2.060E-01  1.957E-01  1.757E-01
  400.5000  2.054E-01  2.166E-01  2.168E-01  2.060E-01  1.849E-01
  401.5000  2.116E-01  2.232E-01  2.234E-01  2.123E-01  1.905E-01
  402.5000  2.200E-01  2.320E-01  2.322E-01  2.207E-01  1.981E-01
  403.5000  2.017E-01  2.127E-01  2.129E-01  2.023E-01  1.815E-01
  404.5000  1.981E-01  2.089E-01  2.091E-01  1.986E-01  1.783E-01
  405.5000  2.060E-01  2.173E-01  2.175E-01  2.066E-01  1.855E-01
  406.5000  1.943E-01  2.049E-01  2.051E-01  1.949E-01  1.749E-01
  407.5000  1.962E-01  2.069E-01  2.071E-01  1.968E-01  1.766E-01
  408.5000  2.188E-01  2.307E-01  2.310E-01  2.194E-01  1.969E-01
  409.5000  2.148E-01  2.265E-01  2.267E-01  2.154E-01  1.933E-01
  410.5000  1.865E-01  1.967E-01  1.969E-01  1.871E-01  1.679E-01
  411.5000  2.245E-01  2.368E-01  2.370E-01  2.252E-01  2.020E-01
  412.5000  2.228E-01  2.350E-01  2.353E-01  2.235E-01  2.005E-01
  413.5000  2.164E-01  2.283E-01  2.285E-01  2.171E-01  1.948E-01
  414.5000  2.228E-01  2.350E-01  2.352E-01  2.234E-01  2.005E-01
  415.5000  2.134E-01  2.250E-01  2.253E-01  2.140E-01  1.920E-01
  416.5000  2.325E-01  2.452E-01  2.455E-01  2.332E-01  2.092E-01
  417.5000  2.129E-01  2.245E-01  2.247E-01  2.135E-01  1.915E-01
  418.5000  2.148E-01  2.266E-01  2.268E-01  2.155E-01  1.933E-01
  419.5000  2.222E-01  2.344E-01  2.346E-01  2.229E-01  2.000E-01
------------------------------------------------------------
Dose rates, W m-2
   1 = UV-B, 280-315 nm                                  
   2 = UV-A, 315-400 nm                                  
   3 = Gaussian, 320 nm, 10 nm FWHM                      
   4 = RB Meter, model 501                               
   5 = DNA damage, in vitro (Setlow, 1974)               
   6 = UV index (WMO, 1994; Webb et al., 2011)           
   7 = Previtamin-D3 (CIE 2006)                          
values at z =      0.000 km
Columns: time, sza, weighting spectra
time, hrs.  sza, deg.          1          2          3          4          5          6          7
   11.0000     78.222  3.712E-02  8.219E+00  3.039E-02  1.384E-02  5.608E-05  3.370E-01  6.201E-03
   11.5000     77.712  4.110E-02  8.669E+00  3.253E-02  1.504E-02  6.112E-05  3.619E-01  6.859E-03
   12.0000     77.702  4.118E-02  8.677E+00  3.257E-02  1.506E-02  6.122E-05  3.623E-01  6.871E-03
   12.5000     78.194  3.732E-02  8.243E+00  3.050E-02  1.390E-02  5.634E-05  3.383E-01  6.235E-03
   13.0000     79.178  3.040E-02  7.398E+00  2.656E-02  1.177E-02  4.754E-05  2.935E-01  5.104E-03
------------------------------------------------------------
