Spectral Irradiance, W m-2 nm-1
values at z =      0.000 km
Columns: wavelength (nm), times (hrs.) or sza (deg.)
    wc, nm     11.000     11.500     12.000     12.500     13.000
    sza =      50.441     49.369     49.345     50.369     52.381
  280.5000  4.702E-18  1.033E-17  1.051E-17  4.962E-18  1.015E-18
  281.5000  3.135E-16  6.415E-16  6.519E-16  3.293E-16  7.774E-17
  282.5000  7.905E-15  1.522E-14  1.545E-14  8.268E-15  2.206E-15
  283.5000  5.826E-14  1.079E-13  1.094E-13  6.078E-14  1.755E-14
  284.5000  1.339E-12  2.308E-12  2.336E-12  1.390E-12  4.641E-13
  285.5000  8.508E-12  1.391E-11  1.406E-11  8.799E-12  3.269E-12
  286.5000  1.589E-10  2.494E-10  2.520E-10  1.639E-10  6.609E-11
  287.5000  1.514E-09  2.272E-09  2.293E-09  1.557E-09  6.803E-10
  288.5000  1.317E-08  1.882E-08  1.898E-08  1.350E-08  6.575E-09
  289.5000  1.072E-07  1.480E-07  1.490E-07  1.096E-07  5.725E-08
  290.5000  5.972E-07  8.006E-07  8.059E-07  6.092E-07  3.376E-07
  291.5000  2.731E-06  3.542E-06  3.563E-06  2.780E-06  1.646E-06
  292.5000  8.853E-06  1.118E-05  1.124E-05  8.996E-06  5.625E-06
  293.5000  3.377E-05  4.157E-05  4.177E-05  3.425E-05  2.254E-05
  294.5000  7.830E-05  9.621E-05  9.662E-05  8.074E-05  5.528E-05
  295.5000  2.520E-04  2.978E-04  2.990E-04  2.549E-04  1.820E-04
  296.5000  5.311E-04  6.177E-04  6.198E-04  5.372E-04  3.974E-04
  297.5000  1.203E-03  1.377E-03  1.381E-03  1.215E-03  9.263E-04
  298.5000  1.650E-03  1.864E-03  1.869E-03  1.664E-03  1.293E-03
  299.5000  4.199E-03  4.687E-03  4.699E-03  4.231E-03  3.392E-03
  300.5000  4.355E-03  4.758E-03  4.827E-03  4.385E-03  3.576E-03
  301.5000  9.645E-03  1.056E-02  1.058E-02  9.706E-03  8.089E-03
  302.5000  1.292E-02  1.406E-02  1.408E-02  1.299E-02  1.097E-02
  303.5000  2.401E-02  2.591E-02  2.596E-02  2.413E-02  2.070E-02
  304.5000  2.760E-02  2.967E-02  2.971E-02  2.774E-02  2.401E-02
  305.5000  3.928E-02  4.194E-02  4.200E-02  3.946E-02  3.461E-02
  306.5000  4.238E-02  4.512E-02  4.519E-02  4.257E-02  3.755E-02
  307.5000  6.504E-02  6.886E-02  6.895E-02  6.529E-02  5.825E-02
  308.5000  7.461E-02  7.883E-02  7.893E-02  7.489E-02  6.709E-02
  309.5000  6.853E-02  7.214E-02  7.222E-02  6.877E-02  6.206E-02
  310.5000  9.613E-02  1.009E-01  1.010E-01  9.645E-02  8.750E-02
  311.5000  1.262E-01  1.323E-01  1.324E-01  1.266E-01  1.152E-01
  312.5000  1.274E-01  1.331E-01  1.333E-01  1.278E-01  1.170E-01
  313.5000  1.455E-01  1.522E-01  1.524E-01  1.462E-01  1.341E-01
  314.5000  1.498E-01  1.562E-01  1.563E-01  1.504E-01  1.387E-01
  315.5000  1.557E-01  1.621E-01  1.623E-01  1.562E-01  1.441E-01
  316.5000  1.586E-01  1.646E-01  1.649E-01  1.590E-01  1.474E-01
  317.5000  2.245E-01  2.332E-01  2.334E-01  2.251E-01  2.086E-01
  318.5000  1.801E-01  1.868E-01  1.869E-01  1.806E-01  1.680E-01
  319.5000  2.207E-01  2.288E-01  2.290E-01  2.213E-01  2.060E-01
  320.5000  2.699E-01  2.797E-01  2.799E-01  2.706E-01  2.522E-01
  321.5000  2.333E-01  2.413E-01  2.415E-01  2.338E-01  2.186E-01
  322.5000  2.320E-01  2.403E-01  2.405E-01  2.326E-01  2.170E-01
  323.5000  2.439E-01  2.521E-01  2.523E-01  2.445E-01  2.290E-01
  324.5000  2.863E-01  2.959E-01  2.961E-01  2.869E-01  2.687E-01
  325.5000  3.203E-01  3.311E-01  3.314E-01  3.210E-01  3.005E-01
  326.5000  3.927E-01  4.054E-01  4.057E-01  3.935E-01  3.694E-01
  327.5000  3.645E-01  3.765E-01  3.768E-01  3.653E-01  3.427E-01
  328.5000  3.368E-01  3.479E-01  3.481E-01  3.376E-01  3.167E-01
  329.5000  4.406E-01  4.545E-01  4.548E-01  4.415E-01  4.150E-01
  330.5000  3.995E-01  4.123E-01  4.125E-01  4.003E-01  3.761E-01
  331.5000  3.947E-01  4.074E-01  4.077E-01  3.956E-01  3.716E-01
  332.5000  3.911E-01  4.034E-01  4.037E-01  3.920E-01  3.687E-01
  333.5000  3.669E-01  3.785E-01  3.787E-01  3.677E-01  3.457E-01
  334.5000  4.107E-01  4.235E-01  4.238E-01  4.115E-01  3.871E-01
  335.5000  4.175E-01  4.305E-01  4.308E-01  4.184E-01  3.939E-01
  336.5000  3.264E-01  3.365E-01  3.367E-01  3.271E-01  3.078E-01
  337.5000  3.579E-01  3.690E-01  3.693E-01  3.586E-01  3.374E-01
  338.5000  3.789E-01  3.906E-01  3.908E-01  3.797E-01  3.575E-01
  339.5000  4.123E-01  4.249E-01  4.252E-01  4.131E-01  3.891E-01
  340.5000  4.406E-01  4.542E-01  4.545E-01  4.415E-01  4.157E-01
  341.5000  3.920E-01  4.040E-01  4.043E-01  3.928E-01  3.701E-01
  342.5000  4.346E-01  4.478E-01  4.482E-01  4.355E-01  4.103E-01
  343.5000  4.515E-01  4.652E-01  4.656E-01  4.524E-01  4.262E-01
  344.5000  3.164E-01  3.261E-01  3.263E-01  3.171E-01  2.987E-01
  345.5000  4.343E-01  4.474E-01  4.478E-01  4.352E-01  4.101E-01
  346.5000  4.062E-01  4.185E-01  4.188E-01  4.070E-01  3.835E-01
  347.5000  3.971E-01  4.091E-01  4.094E-01  3.979E-01  3.750E-01
  348.5000  4.367E-01  4.499E-01  4.502E-01  4.376E-01  4.125E-01
  349.5000  3.661E-01  3.772E-01  3.775E-01  3.669E-01  3.459E-01
  350.5000  5.129E-01  5.284E-01  5.287E-01  5.140E-01  4.845E-01
  351.5000  4.422E-01  4.555E-01  4.558E-01  4.431E-01  4.178E-01
  352.5000  3.990E-01  4.110E-01  4.113E-01  3.998E-01  3.770E-01
  353.5000  4.806E-01  4.950E-01  4.953E-01  4.816E-01  4.541E-01
  354.5000  5.204E-01  5.360E-01  5.364E-01  5.215E-01  4.918E-01
  355.5000  4.866E-01  5.011E-01  5.014E-01  4.875E-01  4.599E-01
  356.5000  4.517E-01  4.652E-01  4.655E-01  4.526E-01  4.270E-01
  357.5000  3.843E-01  3.957E-01  3.960E-01  3.850E-01  3.632E-01
  358.5000  2.967E-01  3.055E-01  3.057E-01  2.973E-01  2.805E-01
  359.5000  4.995E-01  5.143E-01  5.147E-01  5.005E-01  4.722E-01
  360.5000  4.631E-01  4.769E-01  4.772E-01  4.641E-01  4.379E-01
  361.5000  4.177E-01  4.301E-01  4.304E-01  4.186E-01  3.950E-01
  362.5000  4.908E-01  5.053E-01  5.056E-01  4.917E-01  4.641E-01
  363.5000  4.367E-01  4.496E-01  4.499E-01  4.376E-01  4.130E-01
  364.5000  4.766E-01  4.907E-01  4.910E-01  4.776E-01  4.508E-01
  365.5000  5.810E-01  5.981E-01  5.985E-01  5.821E-01  5.495E-01
  366.5000  6.151E-01  6.332E-01  6.336E-01  6.163E-01  5.819E-01
  367.5000  5.842E-01  6.014E-01  6.018E-01  5.854E-01  5.527E-01
  368.5000  5.134E-01  5.285E-01  5.288E-01  5.144E-01  4.858E-01
  369.5000  6.161E-01  6.341E-01  6.345E-01  6.173E-01  5.829E-01
  370.5000  5.592E-01  5.755E-01  5.759E-01  5.603E-01  5.291E-01
  371.5000  6.400E-01  6.587E-01  6.592E-01  6.413E-01  6.057E-01
  372.5000  4.729E-01  4.867E-01  4.871E-01  4.739E-01  4.476E-01
  373.5000  4.276E-01  4.401E-01  4.404E-01  4.285E-01  4.048E-01
  374.5000  4.695E-01  4.832E-01  4.835E-01  4.705E-01  4.444E-01
  375.5000  5.299E-01  5.453E-01  5.457E-01  5.310E-01  5.017E-01
  376.5000  5.294E-01  5.447E-01  5.451E-01  5.304E-01  5.012E-01
  377.5000  6.306E-01  6.489E-01  6.493E-01  6.319E-01  5.970E-01
  378.5000  6.876E-01  7.074E-01  7.079E-01  6.889E-01  6.510E-01
  379.5000  5.089E-01  5.236E-01  5.239E-01  5.099E-01  4.818E-01
  380.5000  6.122E-01  6.299E-01  6.303E-01  6.134E-01  5.797E-01
  381.5000  5.755E-01  5.920E-01  5.924E-01  5.766E-01  5.450E-01
  382.5000  3.836E-01  3.946E-01  3.949E-01  3.843E-01  3.633E-01
  383.5000  3.370E-01  3.466E-01  3.469E-01  3.376E-01  3.192E-01
  384.5000  5.059E-01  5.204E-01  5.207E-01  5.068E-01  4.792E-01
  385.5000  5.007E-01  5.150E-01  5.153E-01  5.016E-01  4.743E-01
  386.5000  5.105E-01  5.251E-01  5.255E-01  5.115E-01  4.836E-01
  387.5000  4.746E-01  4.882E-01  4.885E-01  4.755E-01  4.497E-01
  388.5000  4.759E-01  4.895E-01  4.898E-01  4.768E-01  4.509E-01
  389.5000  6.004E-01  6.175E-01  6.179E-01  6.015E-01  5.689E-01
  390.5000  5.899E-01  6.067E-01  6.071E-01  5.910E-01  5.590E-01
  391.5000  7.001E-01  7.200E-01  7.204E-01  7.014E-01  6.635E-01
  392.5000  5.252E-01  5.401E-01  5.404E-01  5.262E-01  4.977E-01
  393.5000  2.284E-01  2.349E-01  2.350E-01  2.288E-01  2.165E-01
  394.5000  5.376E-01  5.529E-01  5.532E-01  5.387E-01  5.096E-01
  395.5000  6.920E-01  7.115E-01  7.120E-01  6.933E-01  6.560E-01
  396.5000  4.065E-01  4.180E-01  4.182E-01  4.073E-01  3.853E-01
  397.5000  4.692E-01  4.824E-01  4.828E-01  4.701E-01  4.448E-01
  398.5000  8.066E-01  8.293E-01  8.298E-01  8.081E-01  7.647E-01
  399.5000  8.392E-01  8.628E-01  8.634E-01  8.408E-01  7.957E-01
  400.5000  8.826E-01  9.074E-01  9.080E-01  8.843E-01  8.369E-01
  401.5000  9.084E-01  9.339E-01  9.345E-01  9.101E-01  8.614E-01
  402.5000  9.434E-01  9.698E-01  9.704E-01  9.452E-01  8.947E-01
  403.5000  8.638E-01  8.880E-01  8.885E-01  8.654E-01  8.192E-01
  404.5000  8.475E-01  8.712E-01  8.718E-01  8.491E-01  8.038E-01
  405.5000  8.807E-01  9.053E-01  9.059E-01  8.824E-01  8.354E-01
  406.5000  8.298E-01  8.530E-01  8.535E-01  8.314E-01  7.872E-01
  407.5000  8.369E-01  8.602E-01  8.608E-01  8.385E-01  7.939E-01
  408.5000  9.324E-01  9.583E-01  9.589E-01  9.341E-01  8.846E-01
  409.5000  9.143E-01  9.398E-01  9.403E-01  9.161E-01  8.675E-01
  410.5000  7.932E-01  8.152E-01  8.157E-01  7.947E-01  7.526E-01
  411.5000  9.537E-01  9.802E-01  9.808E-01  9.555E-01  9.050E-01
  412.5000  9.456E-01  9.718E-01  9.724E-01  9.473E-01  8.973E-01
  413.5000  9.174E-01  9.428E-01  9.434E-01  9.191E-01  8.706E-01
  414.5000  9.432E-01  9.693E-01  9.699E-01  9.450E-01  8.951E-01
  415.5000  9.024E-01  9.274E-01  9.280E-01  9.041E-01  8.565E-01
  416.5000  9.825E-01  1.010E+00  1.010E+00  9.844E-01  9.326E-01
  417.5000  8.985E-01  9.232E-01  9.238E-01  9.002E-01  8.528E-01
  418.5000  9.058E-01  9.308E-01  9.313E-01  9.075E-01  8.599E-01
  419.5000  9.360E-01  9.617E-01  9.623E-01  9.378E-01  8.886E-01
------------------------------------------------------------
Dose rates, W m-2
   1 = UV-B, 280-315 nm                                  
   2 = UV-A, 315-400 nm                                  
   3 = Gaussian, 320 nm, 10 nm FWHM                      
   4 = RB Meter, model 501                               
   5 = DNA damage, in vitro (Setlow, 1974)               
   6 = UV index (WMO, 1994; Webb et al., 2011)           
   7 = Previtamin-D3 (CIE 2006)                          
values at z =      0.000 km
Columns: time, sza, weighting spectra
time, hrs.  sza, deg.          1          2          3          4          5          6          7
   11.0000     50.441  1.021E+00  3.789E+01  2.276E-01  2.928E-01  2.845E-03  5.490E+00  2.653E-01
   11.5000     49.369  1.076E+00  3.902E+01  2.358E-01  3.092E-01  3.068E-03  5.807E+00  2.820E-01
   12.0000     49.345  1.077E+00  3.905E+01  2.360E-01  3.097E-01  3.075E-03  5.816E+00  2.824E-01
   12.5000     50.369  1.025E+00  3.796E+01  2.282E-01  2.939E-01  2.860E-03  5.511E+00  2.664E-01
   13.0000     52.381  9.258E-01  3.580E+01  2.126E-01  2.638E-01  2.461E-03  4.932E+00  2.359E-01
------------------------------------------------------------
