Spectral Irradiance, W m-2 nm-1
values at z =      0.000 km
Columns: wavelength (nm), times (hrs.) or sza (deg.)
    wc, nm     11.000     11.500     12.000     12.500     13.000
    sza =      31.411     28.747     27.861     28.916     31.722
  280.5000  1.790E-14  3.912E-14  4.965E-14  3.734E-14  1.623E-14
  281.5000  5.745E-13  1.172E-12  1.457E-12  1.123E-12  5.253E-13
  282.5000  7.732E-12  1.487E-11  1.815E-11  1.430E-11  7.122E-12
  283.5000  3.667E-11  7.020E-11  8.469E-11  6.767E-11  3.510E-11
  284.5000  4.147E-10  6.726E-10  8.451E-10  6.927E-10  3.872E-10
  285.5000  1.522E-09  2.495E-09  2.900E-09  2.422E-09  1.431E-09
  286.5000  1.866E-08  2.938E-08  3.375E-08  2.860E-08  1.762E-08
  287.5000  1.094E-07  1.679E-07  1.902E-07  1.638E-07  1.058E-07
  288.5000  5.834E-07  8.380E-07  9.359E-07  8.201E-07  5.575E-07
  289.5000  3.304E-06  4.586E-06  5.069E-06  4.497E-06  3.171E-06
  290.5000  1.358E-05  1.831E-05  2.006E-05  1.798E-05  1.308E-05
  291.5000  4.399E-05  5.741E-05  6.227E-05  5.650E-05  4.254E-05
  292.5000  1.076E-04  1.367E-04  1.471E-04  1.348E-04  1.044E-04
  293.5000  3.149E-04  3.902E-04  4.166E-04  3.852E-04  3.065E-04
  294.5000  6.045E-04  7.344E-04  7.794E-04  7.259E-04  5.899E-04
  295.5000  1.534E-03  1.825E-03  1.925E-03  1.806E-03  1.501E-03
  296.5000  2.699E-03  3.156E-03  3.311E-03  3.127E-03  2.647E-03
  297.5000  5.210E-03  6.000E-03  6.264E-03  5.949E-03  5.119E-03
  298.5000  6.249E-03  7.104E-03  7.389E-03  7.050E-03  6.149E-03
  299.5000  1.402E-02  1.574E-02  1.631E-02  1.563E-02  1.381E-02
  300.5000  1.320E-02  1.469E-02  1.518E-02  1.459E-02  1.302E-02
  301.5000  2.633E-02  2.901E-02  2.988E-02  2.884E-02  2.601E-02
  302.5000  3.293E-02  3.604E-02  3.705E-02  3.585E-02  3.256E-02
  303.5000  5.643E-02  6.128E-02  6.285E-02  6.098E-02  5.585E-02
  304.5000  6.118E-02  6.695E-02  6.857E-02  6.663E-02  6.132E-02
  305.5000  8.220E-02  8.828E-02  9.024E-02  8.790E-02  8.147E-02
  306.5000  8.606E-02  9.216E-02  9.412E-02  9.178E-02  8.533E-02
  307.5000  1.247E-01  1.328E-01  1.354E-01  1.323E-01  1.237E-01
  308.5000  1.399E-01  1.487E-01  1.515E-01  1.481E-01  1.388E-01
  309.5000  1.237E-01  1.310E-01  1.333E-01  1.305E-01  1.228E-01
  310.5000  1.688E-01  1.783E-01  1.813E-01  1.777E-01  1.677E-01
  311.5000  2.176E-01  2.294E-01  2.331E-01  2.286E-01  2.161E-01
  312.5000  2.128E-01  2.236E-01  2.271E-01  2.229E-01  2.114E-01
  313.5000  2.415E-01  2.536E-01  2.574E-01  2.528E-01  2.400E-01
  314.5000  2.417E-01  2.532E-01  2.568E-01  2.525E-01  2.403E-01
  315.5000  2.498E-01  2.615E-01  2.652E-01  2.607E-01  2.483E-01
  316.5000  2.490E-01  2.601E-01  2.637E-01  2.594E-01  2.476E-01
  317.5000  3.521E-01  3.678E-01  3.728E-01  3.669E-01  3.502E-01
  318.5000  2.771E-01  2.890E-01  2.927E-01  2.882E-01  2.757E-01
  319.5000  3.382E-01  3.525E-01  3.570E-01  3.516E-01  3.364E-01
  320.5000  4.115E-01  4.287E-01  4.341E-01  4.276E-01  4.094E-01
  321.5000  3.494E-01  3.633E-01  3.678E-01  3.625E-01  3.477E-01
  322.5000  3.518E-01  3.663E-01  3.709E-01  3.654E-01  3.501E-01
  323.5000  3.619E-01  3.763E-01  3.808E-01  3.755E-01  3.604E-01
  324.5000  4.251E-01  4.417E-01  4.469E-01  4.407E-01  4.230E-01
  325.5000  4.765E-01  4.953E-01  5.012E-01  4.941E-01  4.742E-01
  326.5000  5.758E-01  5.976E-01  6.045E-01  5.963E-01  5.731E-01
  327.5000  5.367E-01  5.571E-01  5.636E-01  5.558E-01  5.338E-01
  328.5000  4.954E-01  5.143E-01  5.203E-01  5.132E-01  4.931E-01
  329.5000  6.410E-01  6.648E-01  6.723E-01  6.633E-01  6.381E-01
  330.5000  5.833E-01  6.051E-01  6.120E-01  6.037E-01  5.806E-01
  331.5000  5.765E-01  5.981E-01  6.047E-01  5.967E-01  5.738E-01
  332.5000  5.667E-01  5.875E-01  5.940E-01  5.862E-01  5.641E-01
  333.5000  5.329E-01  5.526E-01  5.588E-01  5.513E-01  5.305E-01
  334.5000  5.951E-01  6.169E-01  6.238E-01  6.156E-01  5.924E-01
  335.5000  6.026E-01  6.245E-01  6.314E-01  6.231E-01  5.999E-01
  336.5000  4.712E-01  4.883E-01  4.937E-01  4.873E-01  4.691E-01
  337.5000  5.176E-01  5.364E-01  5.424E-01  5.353E-01  5.153E-01
  338.5000  5.457E-01  5.653E-01  5.715E-01  5.641E-01  5.433E-01
  339.5000  5.931E-01  6.144E-01  6.211E-01  6.130E-01  5.904E-01
  340.5000  6.342E-01  6.571E-01  6.643E-01  6.557E-01  6.314E-01
  341.5000  5.629E-01  5.830E-01  5.894E-01  5.818E-01  5.604E-01
  342.5000  6.235E-01  6.457E-01  6.527E-01  6.443E-01  6.207E-01
  343.5000  6.477E-01  6.708E-01  6.780E-01  6.693E-01  6.448E-01
  344.5000  4.540E-01  4.702E-01  4.753E-01  4.692E-01  4.520E-01
  345.5000  6.216E-01  6.436E-01  6.505E-01  6.422E-01  6.189E-01
  346.5000  5.816E-01  6.022E-01  6.087E-01  6.009E-01  5.790E-01
  347.5000  5.681E-01  5.882E-01  5.946E-01  5.870E-01  5.657E-01
  348.5000  6.242E-01  6.463E-01  6.532E-01  6.449E-01  6.215E-01
  349.5000  5.231E-01  5.415E-01  5.473E-01  5.404E-01  5.208E-01
  350.5000  7.322E-01  7.580E-01  7.661E-01  7.564E-01  7.290E-01
  351.5000  6.310E-01  6.532E-01  6.602E-01  6.518E-01  6.283E-01
  352.5000  5.690E-01  5.889E-01  5.952E-01  5.877E-01  5.665E-01
  353.5000  6.847E-01  7.087E-01  7.162E-01  7.072E-01  6.818E-01
  354.5000  7.409E-01  7.667E-01  7.749E-01  7.652E-01  7.377E-01
  355.5000  6.923E-01  7.164E-01  7.240E-01  7.149E-01  6.893E-01
  356.5000  6.423E-01  6.647E-01  6.717E-01  6.633E-01  6.396E-01
  357.5000  5.461E-01  5.651E-01  5.711E-01  5.639E-01  5.438E-01
  358.5000  4.213E-01  4.359E-01  4.405E-01  4.350E-01  4.195E-01
  359.5000  7.090E-01  7.335E-01  7.412E-01  7.320E-01  7.059E-01
  360.5000  6.570E-01  6.797E-01  6.869E-01  6.783E-01  6.542E-01
  361.5000  5.922E-01  6.127E-01  6.191E-01  6.114E-01  5.897E-01
  362.5000  6.953E-01  7.193E-01  7.268E-01  7.178E-01  6.924E-01
  363.5000  6.184E-01  6.397E-01  6.464E-01  6.384E-01  6.158E-01
  364.5000  6.745E-01  6.977E-01  7.050E-01  6.962E-01  6.717E-01
  365.5000  8.218E-01  8.499E-01  8.588E-01  8.482E-01  8.183E-01
  366.5000  8.695E-01  8.993E-01  9.087E-01  8.974E-01  8.659E-01
  367.5000  8.254E-01  8.536E-01  8.625E-01  8.519E-01  8.220E-01
  368.5000  7.250E-01  7.497E-01  7.575E-01  7.482E-01  7.219E-01
  369.5000  8.695E-01  8.991E-01  9.084E-01  8.973E-01  8.658E-01
  370.5000  7.887E-01  8.155E-01  8.240E-01  8.139E-01  7.854E-01
  371.5000  9.023E-01  9.329E-01  9.426E-01  9.310E-01  8.985E-01
  372.5000  6.664E-01  6.890E-01  6.961E-01  6.876E-01  6.636E-01
  373.5000  6.022E-01  6.226E-01  6.291E-01  6.214E-01  5.997E-01
  374.5000  6.609E-01  6.832E-01  6.903E-01  6.818E-01  6.581E-01
  375.5000  7.455E-01  7.707E-01  7.786E-01  7.691E-01  7.424E-01
  376.5000  7.443E-01  7.694E-01  7.773E-01  7.679E-01  7.412E-01
  377.5000  8.862E-01  9.160E-01  9.254E-01  9.142E-01  8.825E-01
  378.5000  9.657E-01  9.982E-01  1.008E+00  9.962E-01  9.617E-01
  379.5000  7.144E-01  7.384E-01  7.459E-01  7.369E-01  7.114E-01
  380.5000  8.590E-01  8.878E-01  8.969E-01  8.860E-01  8.555E-01
  381.5000  8.071E-01  8.341E-01  8.426E-01  8.324E-01  8.037E-01
  382.5000  5.377E-01  5.557E-01  5.613E-01  5.546E-01  5.355E-01
  383.5000  4.721E-01  4.879E-01  4.928E-01  4.869E-01  4.702E-01
  384.5000  7.084E-01  7.320E-01  7.394E-01  7.305E-01  7.055E-01
  385.5000  7.007E-01  7.241E-01  7.314E-01  7.226E-01  6.979E-01
  386.5000  7.142E-01  7.379E-01  7.454E-01  7.365E-01  7.113E-01
  387.5000  6.637E-01  6.857E-01  6.926E-01  6.843E-01  6.609E-01
  388.5000  6.651E-01  6.872E-01  6.941E-01  6.858E-01  6.624E-01
  389.5000  8.387E-01  8.665E-01  8.752E-01  8.647E-01  8.353E-01
  390.5000  8.237E-01  8.509E-01  8.595E-01  8.492E-01  8.203E-01
  391.5000  9.771E-01  1.009E+00  1.019E+00  1.007E+00  9.731E-01
  392.5000  7.326E-01  7.568E-01  7.644E-01  7.553E-01  7.296E-01
  393.5000  3.185E-01  3.290E-01  3.323E-01  3.283E-01  3.172E-01
  394.5000  7.493E-01  7.739E-01  7.817E-01  7.724E-01  7.462E-01
  395.5000  9.640E-01  9.956E-01  1.006E+00  9.937E-01  9.601E-01
  396.5000  5.660E-01  5.846E-01  5.904E-01  5.834E-01  5.637E-01
  397.5000  6.530E-01  6.745E-01  6.812E-01  6.731E-01  6.504E-01
  398.5000  1.122E+00  1.159E+00  1.170E+00  1.157E+00  1.118E+00
  399.5000  1.167E+00  1.205E+00  1.217E+00  1.203E+00  1.162E+00
  400.5000  1.227E+00  1.267E+00  1.279E+00  1.264E+00  1.222E+00
  401.5000  1.262E+00  1.303E+00  1.316E+00  1.301E+00  1.257E+00
  402.5000  1.310E+00  1.353E+00  1.366E+00  1.350E+00  1.305E+00
  403.5000  1.199E+00  1.238E+00  1.250E+00  1.236E+00  1.194E+00
  404.5000  1.176E+00  1.214E+00  1.226E+00  1.212E+00  1.171E+00
  405.5000  1.221E+00  1.261E+00  1.274E+00  1.259E+00  1.217E+00
  406.5000  1.150E+00  1.188E+00  1.199E+00  1.185E+00  1.146E+00
  407.5000  1.160E+00  1.197E+00  1.209E+00  1.195E+00  1.155E+00
  408.5000  1.292E+00  1.333E+00  1.347E+00  1.331E+00  1.286E+00
  409.5000  1.266E+00  1.307E+00  1.320E+00  1.304E+00  1.261E+00
  410.5000  1.098E+00  1.133E+00  1.144E+00  1.131E+00  1.093E+00
  411.5000  1.319E+00  1.362E+00  1.375E+00  1.359E+00  1.314E+00
  412.5000  1.308E+00  1.350E+00  1.363E+00  1.347E+00  1.302E+00
  413.5000  1.268E+00  1.309E+00  1.322E+00  1.306E+00  1.263E+00
  414.5000  1.303E+00  1.345E+00  1.358E+00  1.343E+00  1.298E+00
  415.5000  1.247E+00  1.287E+00  1.299E+00  1.284E+00  1.242E+00
  416.5000  1.357E+00  1.400E+00  1.414E+00  1.397E+00  1.351E+00
  417.5000  1.240E+00  1.280E+00  1.292E+00  1.277E+00  1.235E+00
  418.5000  1.250E+00  1.290E+00  1.302E+00  1.287E+00  1.245E+00
  419.5000  1.291E+00  1.332E+00  1.345E+00  1.330E+00  1.286E+00
------------------------------------------------------------
Dose rates, W m-2
   1 = UV-B, 280-315 nm                                  
   2 = UV-A, 315-400 nm                                  
   3 = Gaussian, 320 nm, 10 nm FWHM                      
   4 = RB Meter, model 501                               
   5 = DNA damage, in vitro (Setlow, 1974)               
   6 = UV index (WMO, 1994; Webb et al., 2011)           
   7 = Previtamin-D3 (CIE 2006)                          
values at z =      0.000 km
Columns: time, sza, weighting spectra
time, hrs.  sza, deg.          1          2          3          4          5          6          7
   11.0000     31.411  1.860E+00  5.395E+01  3.473E-01  5.576E-01  6.983E-03  1.077E+01  5.396E-01
   11.5000     28.747  1.974E+00  5.584E+01  3.619E-01  5.955E-01  7.675E-03  1.155E+01  5.799E-01
   12.0000     27.861  2.010E+00  5.643E+01  3.665E-01  6.076E-01  7.901E-03  1.180E+01  5.928E-01
   12.5000     28.916  1.967E+00  5.572E+01  3.610E-01  5.932E-01  7.632E-03  1.150E+01  5.774E-01
   13.0000     31.722  1.847E+00  5.372E+01  3.455E-01  5.535E-01  6.908E-03  1.068E+01  5.353E-01
------------------------------------------------------------
