Spectral Irradiance, W m-2 nm-1
values at z =      0.000 km
Columns: wavelength (nm), times (hrs.) or sza (deg.)
    wc, nm     11.000     11.500     12.000     12.500     13.000
    sza =      65.459     65.099     64.981     65.106     65.469
  280.5000  3.334E-37  3.451E-37  3.492E-37  3.449E-37  3.330E-37
  281.5000  8.303E-34  8.604E-34  8.708E-34  8.599E-34  8.295E-34
  282.5000  4.715E-31  4.890E-31  4.950E-31  4.886E-31  4.710E-31
  283.5000  2.617E-29  2.716E-29  2.750E-29  2.714E-29  2.614E-29
  284.5000  2.446E-26  2.542E-26  2.576E-26  2.540E-26  2.443E-26
  285.5000  2.426E-24  2.525E-24  2.559E-24  2.523E-24  2.423E-24
  286.5000  3.760E-22  3.918E-22  3.973E-22  3.915E-22  3.756E-22
  287.5000  3.796E-20  3.962E-20  4.020E-20  3.959E-20  3.791E-20
  288.5000  4.379E-18  4.583E-18  4.654E-18  4.579E-18  4.373E-18
  289.5000  2.293E-16  2.407E-16  2.447E-16  2.405E-16  2.290E-16
  290.5000  6.195E-15  6.527E-15  6.645E-15  6.521E-15  6.186E-15
  291.5000  1.744E-13  1.850E-13  1.888E-13  1.848E-13  1.741E-13
  292.5000  2.583E-12  2.765E-12  2.831E-12  2.762E-12  2.579E-12
  293.5000  4.300E-11  4.657E-11  4.788E-11  4.650E-11  4.291E-11
  294.5000  3.357E-10  3.676E-10  3.792E-10  3.669E-10  3.348E-10
  295.5000  4.011E-09  4.443E-09  4.601E-09  4.435E-09  3.999E-09
  296.5000  2.698E-08  3.010E-08  3.124E-08  3.004E-08  2.689E-08
  297.5000  1.767E-07  1.978E-07  2.054E-07  1.974E-07  1.761E-07
  298.5000  6.135E-07  6.860E-07  7.118E-07  6.846E-07  6.116E-07
  299.5000  3.860E-06  4.298E-06  4.453E-06  4.290E-06  3.848E-06
  300.5000  8.129E-06  9.003E-06  9.310E-06  8.987E-06  8.106E-06
  301.5000  3.946E-05  4.336E-05  4.472E-05  4.329E-05  3.935E-05
  302.5000  8.894E-05  9.715E-05  9.998E-05  9.699E-05  8.872E-05
  303.5000  3.080E-04  3.337E-04  3.425E-04  3.332E-04  3.073E-04
  304.5000  5.081E-04  5.477E-04  5.613E-04  5.470E-04  5.070E-04
  305.5000  1.244E-03  1.330E-03  1.359E-03  1.328E-03  1.241E-03
  306.5000  1.694E-03  1.805E-03  1.842E-03  1.803E-03  1.691E-03
  307.5000  4.079E-03  4.315E-03  4.395E-03  4.311E-03  4.073E-03
  308.5000  5.560E-03  5.865E-03  5.967E-03  5.859E-03  5.551E-03
  309.5000  6.882E-03  7.223E-03  7.337E-03  7.217E-03  6.872E-03
  310.5000  1.195E-02  1.249E-02  1.268E-02  1.248E-02  1.193E-02
  311.5000  1.804E-02  1.882E-02  1.908E-02  1.881E-02  1.802E-02
  312.5000  2.341E-02  2.431E-02  2.462E-02  2.430E-02  2.338E-02
  313.5000  2.842E-02  2.949E-02  2.985E-02  2.947E-02  2.839E-02
  314.5000  3.622E-02  3.744E-02  3.785E-02  3.742E-02  3.618E-02
  315.5000  3.899E-02  4.028E-02  4.071E-02  4.025E-02  3.895E-02
  316.5000  4.685E-02  4.826E-02  4.873E-02  4.823E-02  4.681E-02
  317.5000  6.643E-02  6.843E-02  6.909E-02  6.839E-02  6.637E-02
  318.5000  6.205E-02  6.375E-02  6.431E-02  6.372E-02  6.201E-02
  319.5000  7.833E-02  8.043E-02  8.112E-02  8.039E-02  7.827E-02
  320.5000  9.926E-02  1.019E-01  1.027E-01  1.018E-01  9.919E-02
  321.5000  9.853E-02  1.008E-01  1.016E-01  1.008E-01  9.846E-02
  322.5000  8.822E-02  9.047E-02  9.121E-02  9.043E-02  8.815E-02
  323.5000  1.097E-01  1.122E-01  1.130E-01  1.121E-01  1.097E-01
  324.5000  1.281E-01  1.310E-01  1.319E-01  1.309E-01  1.280E-01
  325.5000  1.403E-01  1.435E-01  1.446E-01  1.435E-01  1.402E-01
  326.5000  1.928E-01  1.968E-01  1.981E-01  1.967E-01  1.927E-01
  327.5000  1.727E-01  1.764E-01  1.776E-01  1.763E-01  1.726E-01
  328.5000  1.599E-01  1.633E-01  1.644E-01  1.633E-01  1.598E-01
  329.5000  2.276E-01  2.321E-01  2.336E-01  2.320E-01  2.274E-01
  330.5000  1.995E-01  2.035E-01  2.049E-01  2.035E-01  1.993E-01
  331.5000  1.958E-01  1.999E-01  2.012E-01  1.998E-01  1.957E-01
  332.5000  2.063E-01  2.103E-01  2.117E-01  2.103E-01  2.062E-01
  333.5000  1.887E-01  1.925E-01  1.937E-01  1.924E-01  1.886E-01
  334.5000  2.142E-01  2.184E-01  2.198E-01  2.184E-01  2.141E-01
  335.5000  2.244E-01  2.287E-01  2.301E-01  2.286E-01  2.242E-01
  336.5000  1.740E-01  1.774E-01  1.785E-01  1.773E-01  1.739E-01
  337.5000  1.872E-01  1.908E-01  1.920E-01  1.908E-01  1.871E-01
  338.5000  2.044E-01  2.083E-01  2.096E-01  2.082E-01  2.043E-01
  339.5000  2.234E-01  2.277E-01  2.291E-01  2.276E-01  2.233E-01
  340.5000  2.364E-01  2.409E-01  2.424E-01  2.408E-01  2.363E-01
  341.5000  2.137E-01  2.178E-01  2.191E-01  2.177E-01  2.136E-01
  342.5000  2.378E-01  2.423E-01  2.437E-01  2.422E-01  2.377E-01
  343.5000  2.459E-01  2.506E-01  2.521E-01  2.505E-01  2.458E-01
  344.5000  1.715E-01  1.748E-01  1.758E-01  1.747E-01  1.714E-01
  345.5000  2.391E-01  2.435E-01  2.450E-01  2.434E-01  2.389E-01
  346.5000  2.218E-01  2.260E-01  2.273E-01  2.259E-01  2.217E-01
  347.5000  2.172E-01  2.213E-01  2.227E-01  2.212E-01  2.171E-01
  348.5000  2.399E-01  2.444E-01  2.458E-01  2.443E-01  2.397E-01
  349.5000  2.012E-01  2.049E-01  2.062E-01  2.049E-01  2.011E-01
  350.5000  2.822E-01  2.875E-01  2.892E-01  2.874E-01  2.821E-01
  351.5000  2.432E-01  2.478E-01  2.493E-01  2.477E-01  2.431E-01
  352.5000  2.199E-01  2.240E-01  2.253E-01  2.239E-01  2.197E-01
  353.5000  2.654E-01  2.704E-01  2.720E-01  2.703E-01  2.653E-01
  354.5000  2.880E-01  2.934E-01  2.951E-01  2.933E-01  2.879E-01
  355.5000  2.695E-01  2.745E-01  2.762E-01  2.744E-01  2.694E-01
  356.5000  2.504E-01  2.550E-01  2.566E-01  2.549E-01  2.503E-01
  357.5000  2.131E-01  2.170E-01  2.183E-01  2.170E-01  2.130E-01
  358.5000  1.648E-01  1.678E-01  1.688E-01  1.677E-01  1.647E-01
  359.5000  2.776E-01  2.827E-01  2.844E-01  2.826E-01  2.774E-01
  360.5000  2.576E-01  2.624E-01  2.639E-01  2.623E-01  2.575E-01
  361.5000  2.326E-01  2.369E-01  2.383E-01  2.368E-01  2.325E-01
  362.5000  2.736E-01  2.786E-01  2.803E-01  2.785E-01  2.734E-01
  363.5000  2.437E-01  2.481E-01  2.496E-01  2.481E-01  2.435E-01
  364.5000  2.661E-01  2.710E-01  2.726E-01  2.709E-01  2.659E-01
  365.5000  3.245E-01  3.305E-01  3.324E-01  3.303E-01  3.243E-01
  366.5000  3.439E-01  3.502E-01  3.523E-01  3.501E-01  3.437E-01
  367.5000  3.270E-01  3.329E-01  3.349E-01  3.328E-01  3.268E-01
  368.5000  2.875E-01  2.928E-01  2.945E-01  2.927E-01  2.874E-01
  369.5000  3.453E-01  3.516E-01  3.537E-01  3.515E-01  3.451E-01
  370.5000  3.136E-01  3.193E-01  3.212E-01  3.192E-01  3.134E-01
  371.5000  3.593E-01  3.658E-01  3.680E-01  3.657E-01  3.591E-01
  372.5000  2.657E-01  2.705E-01  2.721E-01  2.704E-01  2.655E-01
  373.5000  2.404E-01  2.448E-01  2.462E-01  2.447E-01  2.403E-01
  374.5000  2.641E-01  2.689E-01  2.705E-01  2.688E-01  2.640E-01
  375.5000  2.983E-01  3.037E-01  3.055E-01  3.036E-01  2.982E-01
  376.5000  2.982E-01  3.036E-01  3.054E-01  3.035E-01  2.981E-01
  377.5000  3.555E-01  3.620E-01  3.641E-01  3.618E-01  3.553E-01
  378.5000  3.879E-01  3.949E-01  3.972E-01  3.948E-01  3.877E-01
  379.5000  2.873E-01  2.925E-01  2.942E-01  2.924E-01  2.871E-01
  380.5000  3.459E-01  3.521E-01  3.542E-01  3.520E-01  3.457E-01
  381.5000  3.254E-01  3.312E-01  3.332E-01  3.311E-01  3.252E-01
  382.5000  2.170E-01  2.209E-01  2.222E-01  2.209E-01  2.169E-01
  383.5000  1.908E-01  1.942E-01  1.953E-01  1.941E-01  1.907E-01
  384.5000  2.866E-01  2.917E-01  2.934E-01  2.916E-01  2.864E-01
  385.5000  2.839E-01  2.889E-01  2.906E-01  2.888E-01  2.837E-01
  386.5000  2.896E-01  2.948E-01  2.965E-01  2.947E-01  2.895E-01
  387.5000  2.695E-01  2.743E-01  2.759E-01  2.742E-01  2.693E-01
  388.5000  2.704E-01  2.752E-01  2.768E-01  2.751E-01  2.702E-01
  389.5000  3.413E-01  3.474E-01  3.494E-01  3.473E-01  3.411E-01
  390.5000  3.356E-01  3.416E-01  3.435E-01  3.415E-01  3.354E-01
  391.5000  3.985E-01  4.057E-01  4.080E-01  4.055E-01  3.983E-01
  392.5000  2.992E-01  3.045E-01  3.062E-01  3.044E-01  2.990E-01
  393.5000  1.302E-01  1.325E-01  1.333E-01  1.325E-01  1.301E-01
  394.5000  3.067E-01  3.121E-01  3.139E-01  3.120E-01  3.065E-01
  395.5000  3.950E-01  4.020E-01  4.043E-01  4.018E-01  3.948E-01
  396.5000  2.322E-01  2.363E-01  2.376E-01  2.362E-01  2.320E-01
  397.5000  2.682E-01  2.729E-01  2.745E-01  2.728E-01  2.680E-01
  398.5000  4.613E-01  4.695E-01  4.721E-01  4.693E-01  4.610E-01
  399.5000  4.803E-01  4.888E-01  4.916E-01  4.886E-01  4.800E-01
  400.5000  5.054E-01  5.144E-01  5.173E-01  5.142E-01  5.052E-01
  401.5000  5.205E-01  5.297E-01  5.327E-01  5.295E-01  5.202E-01
  402.5000  5.409E-01  5.504E-01  5.536E-01  5.503E-01  5.406E-01
  403.5000  4.956E-01  5.043E-01  5.072E-01  5.041E-01  4.953E-01
  404.5000  4.866E-01  4.951E-01  4.979E-01  4.949E-01  4.863E-01
  405.5000  5.059E-01  5.148E-01  5.177E-01  5.147E-01  5.057E-01
  406.5000  4.770E-01  4.854E-01  4.881E-01  4.852E-01  4.767E-01
  407.5000  4.813E-01  4.898E-01  4.925E-01  4.896E-01  4.811E-01
  408.5000  5.366E-01  5.460E-01  5.490E-01  5.458E-01  5.363E-01
  409.5000  5.265E-01  5.357E-01  5.387E-01  5.355E-01  5.262E-01
  410.5000  4.570E-01  4.650E-01  4.676E-01  4.648E-01  4.568E-01
  411.5000  5.498E-01  5.594E-01  5.626E-01  5.592E-01  5.495E-01
  412.5000  5.455E-01  5.550E-01  5.581E-01  5.548E-01  5.452E-01
  413.5000  5.296E-01  5.388E-01  5.418E-01  5.386E-01  5.293E-01
  414.5000  5.448E-01  5.543E-01  5.574E-01  5.541E-01  5.445E-01
  415.5000  5.215E-01  5.306E-01  5.336E-01  5.304E-01  5.213E-01
  416.5000  5.681E-01  5.780E-01  5.812E-01  5.778E-01  5.678E-01
  417.5000  5.198E-01  5.288E-01  5.318E-01  5.286E-01  5.195E-01
  418.5000  5.244E-01  5.334E-01  5.364E-01  5.333E-01  5.241E-01
  419.5000  5.422E-01  5.515E-01  5.546E-01  5.514E-01  5.419E-01
------------------------------------------------------------
Dose rates, W m-2
   1 = UV-B, 280-315 nm                                  
   2 = UV-A, 315-400 nm                                  
   3 = Gaussian, 320 nm, 10 nm FWHM                      
   4 = RB Meter, model 501                               
   5 = DNA damage, in vitro (Setlow, 1974)               
   6 = UV index (WMO, 1994; Webb et al., 2011)           
   7 = Previtamin-D3 (CIE 2006)                          
values at z =      0.000 km
Columns: time, sza, weighting spectra
time, hrs.  sza, deg.          1          2          3          4          5          6          7
   11.0000     65.459  1.385E-01  2.053E+01  8.584E-02  4.475E-02  1.864E-04  9.896E-01  2.310E-02
   11.5000     65.099  1.441E-01  2.091E+01  8.800E-02  4.630E-02  1.940E-04  1.019E+00  2.413E-02
   12.0000     64.981  1.460E-01  2.104E+01  8.871E-02  4.681E-02  1.965E-04  1.029E+00  2.447E-02
   12.5000     65.106  1.440E-01  2.090E+01  8.796E-02  4.627E-02  1.938E-04  1.018E+00  2.411E-02
   13.0000     65.469  1.383E-01  2.051E+01  8.577E-02  4.471E-02  1.862E-04  9.888E-01  2.307E-02
------------------------------------------------------------
