Spectral Irradiance, W m-2 nm-1
values at z =      0.000 km
Columns: wavelength (nm), times (hrs.) or sza (deg.)
    wc, nm     11.000     11.500     12.000     12.500     13.000
    sza =      34.181     32.579     32.600     34.242     37.292
  280.5000  2.066E-15  3.666E-15  3.639E-15  2.019E-15  5.932E-16
  281.5000  8.053E-14  1.358E-13  1.349E-13  7.887E-14  2.583E-14
  282.5000  1.264E-12  2.069E-12  2.057E-12  1.257E-12  4.518E-13
  283.5000  7.006E-12  1.100E-11  1.094E-11  6.881E-12  2.627E-12
  284.5000  9.334E-11  1.392E-10  1.385E-10  9.186E-11  3.916E-11
  285.5000  3.967E-10  5.695E-10  5.669E-10  3.911E-10  1.808E-10
  286.5000  5.389E-09  7.587E-09  7.556E-09  5.371E-09  2.644E-09
  287.5000  3.683E-08  4.970E-08  4.951E-08  3.639E-08  1.921E-08
  288.5000  2.210E-07  2.879E-07  2.869E-07  2.186E-07  1.244E-07
  289.5000  1.380E-06  1.753E-06  1.747E-06  1.367E-06  8.208E-07
  290.5000  6.154E-06  7.653E-06  7.632E-06  6.100E-06  3.834E-06
  291.5000  2.188E-05  2.656E-05  2.650E-05  2.171E-05  1.437E-05
  292.5000  5.776E-05  6.876E-05  6.861E-05  5.736E-05  3.958E-05
  293.5000  1.816E-04  2.123E-04  2.118E-04  1.805E-04  1.296E-04
  294.5000  3.689E-04  4.249E-04  4.241E-04  3.668E-04  2.716E-04
  295.5000  9.940E-04  1.127E-03  1.126E-03  9.891E-04  7.569E-04
  296.5000  1.838E-03  2.059E-03  2.056E-03  1.830E-03  1.439E-03
  297.5000  3.707E-03  4.105E-03  4.100E-03  3.692E-03  2.974E-03
  298.5000  4.613E-03  5.061E-03  5.055E-03  4.597E-03  3.777E-03
  299.5000  1.071E-02  1.165E-02  1.164E-02  1.068E-02  8.944E-03
  300.5000  1.036E-02  1.119E-02  1.118E-02  1.033E-02  8.779E-03
  301.5000  2.128E-02  2.282E-02  2.280E-02  2.123E-02  1.832E-02
  302.5000  2.713E-02  2.895E-02  2.893E-02  2.706E-02  2.360E-02
  303.5000  4.756E-02  5.045E-02  5.041E-02  4.745E-02  4.188E-02
  304.5000  5.287E-02  5.591E-02  5.587E-02  5.276E-02  4.690E-02
  305.5000  7.156E-02  7.530E-02  7.525E-02  7.142E-02  6.416E-02
  306.5000  7.556E-02  7.933E-02  7.929E-02  7.541E-02  6.805E-02
  307.5000  1.112E-01  1.163E-01  1.163E-01  1.111E-01  1.006E-01
  308.5000  1.256E-01  1.311E-01  1.310E-01  1.254E-01  1.145E-01
  309.5000  1.122E-01  1.168E-01  1.168E-01  1.120E-01  1.029E-01
  310.5000  1.543E-01  1.604E-01  1.603E-01  1.541E-01  1.421E-01
  311.5000  1.999E-01  2.075E-01  2.074E-01  1.996E-01  1.846E-01
  312.5000  1.972E-01  2.043E-01  2.042E-01  1.970E-01  1.830E-01
  313.5000  2.244E-01  2.322E-01  2.321E-01  2.241E-01  2.084E-01
  314.5000  2.263E-01  2.338E-01  2.337E-01  2.260E-01  2.111E-01
  315.5000  2.342E-01  2.418E-01  2.417E-01  2.339E-01  2.186E-01
  316.5000  2.348E-01  2.421E-01  2.421E-01  2.345E-01  2.199E-01
  317.5000  3.322E-01  3.425E-01  3.424E-01  3.318E-01  3.111E-01
  318.5000  2.628E-01  2.707E-01  2.706E-01  2.625E-01  2.469E-01
  319.5000  3.211E-01  3.294E-01  3.296E-01  3.208E-01  3.019E-01
  320.5000  3.913E-01  4.027E-01  4.025E-01  3.909E-01  3.681E-01
  321.5000  3.338E-01  3.431E-01  3.430E-01  3.335E-01  3.149E-01
  322.5000  3.350E-01  3.446E-01  3.445E-01  3.347E-01  3.154E-01
  323.5000  3.469E-01  3.563E-01  3.562E-01  3.465E-01  3.277E-01
  324.5000  4.071E-01  4.182E-01  4.180E-01  4.067E-01  3.845E-01
  325.5000  4.561E-01  4.686E-01  4.684E-01  4.556E-01  4.307E-01
  326.5000  5.534E-01  5.679E-01  5.678E-01  5.528E-01  5.237E-01
  327.5000  5.151E-01  5.287E-01  5.286E-01  5.146E-01  4.871E-01
  328.5000  4.756E-01  4.882E-01  4.881E-01  4.751E-01  4.499E-01
  329.5000  6.173E-01  6.332E-01  6.330E-01  6.167E-01  5.848E-01
  330.5000  5.611E-01  5.756E-01  5.755E-01  5.605E-01  5.313E-01
  331.5000  5.544E-01  5.688E-01  5.687E-01  5.539E-01  5.250E-01
  332.5000  5.463E-01  5.601E-01  5.600E-01  5.457E-01  5.179E-01
  333.5000  5.133E-01  5.264E-01  5.262E-01  5.128E-01  4.864E-01
  334.5000  5.735E-01  5.881E-01  5.879E-01  5.730E-01  5.437E-01
  335.5000  5.814E-01  5.960E-01  5.958E-01  5.808E-01  5.515E-01
  336.5000  4.545E-01  4.660E-01  4.658E-01  4.541E-01  4.311E-01
  337.5000  4.989E-01  5.116E-01  5.114E-01  4.985E-01  4.731E-01
  338.5000  5.266E-01  5.398E-01  5.396E-01  5.261E-01  4.997E-01
  339.5000  5.725E-01  5.868E-01  5.866E-01  5.720E-01  5.433E-01
  340.5000  6.121E-01  6.274E-01  6.272E-01  6.115E-01  5.808E-01
  341.5000  5.436E-01  5.571E-01  5.569E-01  5.431E-01  5.160E-01
  342.5000  6.022E-01  6.171E-01  6.169E-01  6.016E-01  5.717E-01
  343.5000  6.255E-01  6.410E-01  6.408E-01  6.249E-01  5.938E-01
  344.5000  4.384E-01  4.493E-01  4.491E-01  4.380E-01  4.162E-01
  345.5000  6.006E-01  6.154E-01  6.152E-01  6.000E-01  5.703E-01
  346.5000  5.618E-01  5.757E-01  5.755E-01  5.613E-01  5.335E-01
  347.5000  5.489E-01  5.624E-01  5.622E-01  5.484E-01  5.213E-01
  348.5000  6.032E-01  6.180E-01  6.178E-01  6.027E-01  5.729E-01
  349.5000  5.055E-01  5.179E-01  5.177E-01  5.050E-01  4.802E-01
  350.5000  7.077E-01  7.250E-01  7.248E-01  7.071E-01  6.723E-01
  351.5000  6.099E-01  6.248E-01  6.246E-01  6.094E-01  5.794E-01
  352.5000  5.500E-01  5.634E-01  5.633E-01  5.495E-01  5.226E-01
  353.5000  6.620E-01  6.781E-01  6.779E-01  6.614E-01  6.291E-01
  354.5000  7.164E-01  7.338E-01  7.336E-01  7.158E-01  6.808E-01
  355.5000  6.695E-01  6.857E-01  6.855E-01  6.689E-01  6.363E-01
  356.5000  6.212E-01  6.362E-01  6.361E-01  6.207E-01  5.905E-01
  357.5000  5.282E-01  5.410E-01  5.408E-01  5.277E-01  5.021E-01
  358.5000  4.076E-01  4.174E-01  4.173E-01  4.072E-01  3.874E-01
  359.5000  6.859E-01  7.024E-01  7.022E-01  6.852E-01  6.520E-01
  360.5000  6.357E-01  6.509E-01  6.507E-01  6.351E-01  6.044E-01
  361.5000  5.730E-01  5.868E-01  5.866E-01  5.725E-01  5.449E-01
  362.5000  6.728E-01  6.890E-01  6.888E-01  6.722E-01  6.398E-01
  363.5000  5.985E-01  6.128E-01  6.126E-01  5.979E-01  5.691E-01
  364.5000  6.528E-01  6.684E-01  6.682E-01  6.522E-01  6.209E-01
  365.5000  7.954E-01  8.144E-01  8.141E-01  7.947E-01  7.565E-01
  366.5000  8.417E-01  8.617E-01  8.615E-01  8.409E-01  8.006E-01
  367.5000  7.991E-01  8.181E-01  8.178E-01  7.984E-01  7.601E-01
  368.5000  7.019E-01  7.186E-01  7.184E-01  7.013E-01  6.677E-01
  369.5000  8.419E-01  8.618E-01  8.616E-01  8.411E-01  8.009E-01
  370.5000  7.637E-01  7.818E-01  7.816E-01  7.630E-01  7.267E-01
  371.5000  8.738E-01  8.944E-01  8.942E-01  8.730E-01  8.314E-01
  372.5000  6.454E-01  6.606E-01  6.604E-01  6.448E-01  6.141E-01
  373.5000  5.833E-01  5.970E-01  5.969E-01  5.828E-01  5.551E-01
  374.5000  6.401E-01  6.552E-01  6.550E-01  6.396E-01  6.092E-01
  375.5000  7.222E-01  7.391E-01  7.389E-01  7.215E-01  6.873E-01
  376.5000  7.211E-01  7.380E-01  7.378E-01  7.204E-01  6.864E-01
  377.5000  8.586E-01  8.787E-01  8.785E-01  8.578E-01  8.173E-01
  378.5000  9.357E-01  9.576E-01  9.573E-01  9.349E-01  8.908E-01
  379.5000  6.922E-01  7.084E-01  7.082E-01  6.916E-01  6.590E-01
  380.5000  8.324E-01  8.519E-01  8.516E-01  8.317E-01  7.926E-01
  381.5000  7.822E-01  8.004E-01  8.002E-01  7.815E-01  7.447E-01
  382.5000  5.211E-01  5.333E-01  5.331E-01  5.207E-01  4.962E-01
  383.5000  4.576E-01  4.682E-01  4.681E-01  4.572E-01  4.358E-01
  384.5000  6.867E-01  7.026E-01  7.024E-01  6.861E-01  6.539E-01
  385.5000  6.793E-01  6.951E-01  6.949E-01  6.787E-01  6.470E-01
  386.5000  6.924E-01  7.084E-01  7.082E-01  6.918E-01  6.595E-01
  387.5000  6.435E-01  6.583E-01  6.582E-01  6.429E-01  6.129E-01
  388.5000  6.449E-01  6.598E-01  6.596E-01  6.444E-01  6.144E-01
  389.5000  8.133E-01  8.320E-01  8.318E-01  8.126E-01  7.747E-01
  390.5000  7.988E-01  8.172E-01  8.169E-01  7.981E-01  7.610E-01
  391.5000  9.476E-01  9.694E-01  9.691E-01  9.468E-01  9.028E-01
  392.5000  7.105E-01  7.269E-01  7.267E-01  7.099E-01  6.770E-01
  393.5000  3.089E-01  3.160E-01  3.159E-01  3.086E-01  2.943E-01
  394.5000  7.268E-01  7.435E-01  7.433E-01  7.262E-01  6.926E-01
  395.5000  9.351E-01  9.566E-01  9.563E-01  9.343E-01  8.912E-01
  396.5000  5.491E-01  5.617E-01  5.615E-01  5.486E-01  5.233E-01
  397.5000  6.336E-01  6.481E-01  6.479E-01  6.331E-01  6.039E-01
  398.5000  1.089E+00  1.114E+00  1.113E+00  1.088E+00  1.038E+00
  399.5000  1.132E+00  1.158E+00  1.158E+00  1.131E+00  1.079E+00
  400.5000  1.190E+00  1.218E+00  1.217E+00  1.189E+00  1.135E+00
  401.5000  1.225E+00  1.253E+00  1.252E+00  1.224E+00  1.168E+00
  402.5000  1.272E+00  1.300E+00  1.300E+00  1.270E+00  1.212E+00
  403.5000  1.164E+00  1.190E+00  1.190E+00  1.163E+00  1.110E+00
  404.5000  1.141E+00  1.167E+00  1.167E+00  1.140E+00  1.088E+00
  405.5000  1.186E+00  1.213E+00  1.212E+00  1.185E+00  1.131E+00
  406.5000  1.117E+00  1.142E+00  1.142E+00  1.116E+00  1.065E+00
  407.5000  1.126E+00  1.151E+00  1.151E+00  1.125E+00  1.074E+00
  408.5000  1.254E+00  1.282E+00  1.282E+00  1.253E+00  1.196E+00
  409.5000  1.229E+00  1.257E+00  1.257E+00  1.228E+00  1.172E+00
  410.5000  1.066E+00  1.090E+00  1.090E+00  1.065E+00  1.017E+00
  411.5000  1.281E+00  1.310E+00  1.310E+00  1.280E+00  1.222E+00
  412.5000  1.270E+00  1.298E+00  1.298E+00  1.269E+00  1.211E+00
  413.5000  1.232E+00  1.259E+00  1.259E+00  1.231E+00  1.175E+00
  414.5000  1.266E+00  1.294E+00  1.294E+00  1.265E+00  1.208E+00
  415.5000  1.211E+00  1.238E+00  1.238E+00  1.210E+00  1.155E+00
  416.5000  1.318E+00  1.347E+00  1.347E+00  1.317E+00  1.257E+00
  417.5000  1.205E+00  1.232E+00  1.231E+00  1.204E+00  1.149E+00
  418.5000  1.214E+00  1.241E+00  1.241E+00  1.213E+00  1.158E+00
  419.5000  1.254E+00  1.282E+00  1.282E+00  1.253E+00  1.197E+00
------------------------------------------------------------
Dose rates, W m-2
   1 = UV-B, 280-315 nm                                  
   2 = UV-A, 315-400 nm                                  
   3 = Gaussian, 320 nm, 10 nm FWHM                      
   4 = RB Meter, model 501                               
   5 = DNA damage, in vitro (Setlow, 1974)               
   6 = UV index (WMO, 1994; Webb et al., 2011)           
   7 = Previtamin-D3 (CIE 2006)                          
values at z =      0.000 km
Columns: time, sza, weighting spectra
time, hrs.  sza, deg.          1          2          3          4          5          6          7
   11.0000     34.181  1.680E+00  5.213E+01  3.301E-01  4.962E-01  5.749E-03  9.471E+00  4.718E-01
   11.5000     32.579  1.751E+00  5.340E+01  3.396E-01  5.190E-01  6.130E-03  9.933E+00  4.958E-01
   12.0000     32.600  1.750E+00  5.339E+01  3.395E-01  5.188E-01  6.125E-03  9.928E+00  4.955E-01
   12.5000     34.242  1.677E+00  5.209E+01  3.297E-01  4.953E-01  5.734E-03  9.453E+00  4.708E-01
   13.0000     37.292  1.537E+00  4.953E+01  3.105E-01  4.506E-01  5.015E-03  8.557E+00  4.241E-01
------------------------------------------------------------
