Spectral Irradiance, W m-2 nm-1
values at z =      0.000 km
Columns: wavelength (nm), times (hrs.) or sza (deg.)
    wc, nm     11.000     11.500     12.000     12.500     13.000
    sza =      44.031     42.318     41.835     42.626     44.624
  280.5000  4.622E-17  1.202E-16  1.552E-16  1.018E-16  3.259E-17
  281.5000  2.518E-15  6.014E-15  7.589E-15  5.169E-15  1.831E-15
  282.5000  5.338E-14  1.185E-13  1.467E-13  1.032E-13  3.988E-14
  283.5000  3.517E-13  7.447E-13  9.099E-13  6.535E-13  2.673E-13
  284.5000  6.581E-12  1.278E-11  1.526E-11  1.139E-11  5.098E-12
  285.5000  3.595E-11  6.548E-11  7.687E-11  5.899E-11  2.888E-11
  286.5000  5.979E-10  1.037E-09  1.201E-09  9.421E-10  4.890E-10
  287.5000  5.010E-09  8.228E-09  9.395E-09  7.547E-09  4.180E-09
  288.5000  3.790E-08  5.867E-08  6.594E-08  5.437E-08  3.231E-08
  289.5000  2.793E-07  4.144E-07  4.606E-07  3.869E-07  2.418E-07
  290.5000  1.432E-06  2.050E-06  2.257E-06  1.926E-06  1.256E-06
  291.5000  5.958E-06  8.196E-06  8.927E-06  7.753E-06  5.303E-06
  292.5000  1.789E-05  2.381E-05  2.571E-05  2.265E-05  1.612E-05
  293.5000  6.348E-05  8.194E-05  8.773E-05  7.837E-05  5.784E-05
  294.5000  1.417E-04  1.785E-04  1.899E-04  1.715E-04  1.302E-04
  295.5000  4.220E-04  5.182E-04  5.475E-04  5.000E-04  3.916E-04
  296.5000  8.478E-04  1.019E-03  1.071E-03  9.871E-04  7.928E-04
  297.5000  1.838E-03  2.169E-03  2.239E-03  2.107E-03  1.731E-03
  298.5000  2.431E-03  2.825E-03  2.940E-03  2.752E-03  2.302E-03
  299.5000  5.980E-03  6.846E-03  7.099E-03  6.686E-03  5.693E-03
  300.5000  6.043E-03  6.840E-03  7.071E-03  6.693E-03  5.776E-03
  301.5000  1.301E-02  1.455E-02  1.499E-02  1.427E-02  1.249E-02
  302.5000  1.711E-02  1.898E-02  1.952E-02  1.864E-02  1.648E-02
  303.5000  3.111E-02  3.419E-02  3.506E-02  3.363E-02  3.006E-02
  304.5000  3.533E-02  3.861E-02  3.954E-02  3.801E-02  3.420E-02
  305.5000  4.933E-02  5.348E-02  5.466E-02  5.273E-02  4.791E-02
  306.5000  5.280E-02  5.704E-02  5.823E-02  5.627E-02  5.134E-02
  307.5000  7.977E-02  8.560E-02  8.724E-02  8.455E-02  7.775E-02
  308.5000  9.095E-02  9.735E-02  9.914E-02  9.620E-02  8.874E-02
  309.5000  8.267E-02  8.809E-02  8.961E-02  8.712E-02  8.079E-02
  310.5000  1.151E-01  1.223E-01  1.243E-01  1.210E-01  1.126E-01
  311.5000  1.503E-01  1.593E-01  1.619E-01  1.577E-01  1.472E-01
  312.5000  1.505E-01  1.589E-01  1.612E-01  1.574E-01  1.475E-01
  313.5000  1.718E-01  1.812E-01  1.839E-01  1.795E-01  1.685E-01
  314.5000  1.754E-01  1.845E-01  1.870E-01  1.828E-01  1.722E-01
  315.5000  1.819E-01  1.912E-01  1.938E-01  1.895E-01  1.786E-01
  316.5000  1.841E-01  1.931E-01  1.955E-01  1.915E-01  1.810E-01
  317.5000  2.605E-01  2.732E-01  2.767E-01  2.709E-01  2.561E-01
  318.5000  2.076E-01  2.175E-01  2.202E-01  2.158E-01  2.046E-01
  319.5000  2.546E-01  2.662E-01  2.694E-01  2.641E-01  2.505E-01
  320.5000  3.109E-01  3.248E-01  3.287E-01  3.223E-01  3.059E-01
  321.5000  2.673E-01  2.788E-01  2.819E-01  2.767E-01  2.633E-01
  322.5000  2.668E-01  2.786E-01  2.819E-01  2.765E-01  2.626E-01
  323.5000  2.788E-01  2.905E-01  2.937E-01  2.884E-01  2.747E-01
  324.5000  3.272E-01  3.409E-01  3.447E-01  3.385E-01  3.224E-01
  325.5000  3.663E-01  3.817E-01  3.860E-01  3.789E-01  3.609E-01
  326.5000  4.473E-01  4.653E-01  4.703E-01  4.621E-01  4.409E-01
  327.5000  4.156E-01  4.326E-01  4.373E-01  4.296E-01  4.097E-01
  328.5000  3.840E-01  3.996E-01  4.039E-01  3.968E-01  3.785E-01
  329.5000  5.007E-01  5.204E-01  5.259E-01  5.169E-01  4.937E-01
  330.5000  4.544E-01  4.725E-01  4.775E-01  4.693E-01  4.480E-01
  331.5000  4.490E-01  4.669E-01  4.719E-01  4.637E-01  4.427E-01
  332.5000  4.439E-01  4.612E-01  4.660E-01  4.581E-01  4.378E-01
  333.5000  4.166E-01  4.330E-01  4.375E-01  4.301E-01  4.109E-01
  334.5000  4.660E-01  4.842E-01  4.892E-01  4.810E-01  4.596E-01
  335.5000  4.733E-01  4.915E-01  4.966E-01  4.882E-01  4.669E-01
  336.5000  3.700E-01  3.842E-01  3.882E-01  3.817E-01  3.649E-01
  337.5000  4.058E-01  4.215E-01  4.259E-01  4.187E-01  4.002E-01
  338.5000  4.291E-01  4.456E-01  4.501E-01  4.426E-01  4.233E-01
  339.5000  4.667E-01  4.846E-01  4.895E-01  4.814E-01  4.605E-01
  340.5000  4.989E-01  5.180E-01  5.232E-01  5.146E-01  4.921E-01
  341.5000  4.435E-01  4.604E-01  4.650E-01  4.574E-01  4.376E-01
  342.5000  4.916E-01  5.102E-01  5.153E-01  5.068E-01  4.850E-01
  343.5000  5.106E-01  5.299E-01  5.353E-01  5.265E-01  5.038E-01
  344.5000  3.579E-01  3.714E-01  3.752E-01  3.690E-01  3.531E-01
  345.5000  4.908E-01  5.092E-01  5.143E-01  5.059E-01  4.843E-01
  346.5000  4.590E-01  4.763E-01  4.811E-01  4.732E-01  4.529E-01
  347.5000  4.486E-01  4.655E-01  4.702E-01  4.625E-01  4.427E-01
  348.5000  4.932E-01  5.117E-01  5.168E-01  5.084E-01  4.867E-01
  349.5000  4.134E-01  4.289E-01  4.332E-01  4.262E-01  4.080E-01
  350.5000  5.790E-01  6.006E-01  6.066E-01  5.968E-01  5.714E-01
  351.5000  4.991E-01  5.177E-01  5.229E-01  5.144E-01  4.925E-01
  352.5000  4.502E-01  4.670E-01  4.716E-01  4.640E-01  4.443E-01
  353.5000  5.421E-01  5.622E-01  5.678E-01  5.587E-01  5.350E-01
  354.5000  5.868E-01  6.086E-01  6.146E-01  6.047E-01  5.792E-01
  355.5000  5.485E-01  5.688E-01  5.745E-01  5.652E-01  5.414E-01
  356.5000  5.091E-01  5.280E-01  5.332E-01  5.246E-01  5.025E-01
  357.5000  4.330E-01  4.490E-01  4.534E-01  4.461E-01  4.274E-01
  358.5000  3.342E-01  3.465E-01  3.499E-01  3.443E-01  3.299E-01
  359.5000  5.625E-01  5.832E-01  5.890E-01  5.796E-01  5.552E-01
  360.5000  5.215E-01  5.407E-01  5.460E-01  5.373E-01  5.148E-01
  361.5000  4.703E-01  4.875E-01  4.923E-01  4.844E-01  4.642E-01
  362.5000  5.523E-01  5.725E-01  5.781E-01  5.689E-01  5.452E-01
  363.5000  4.914E-01  5.094E-01  5.143E-01  5.062E-01  4.851E-01
  364.5000  5.361E-01  5.557E-01  5.611E-01  5.522E-01  5.292E-01
  365.5000  6.534E-01  6.772E-01  6.838E-01  6.730E-01  6.450E-01
  366.5000  6.916E-01  7.168E-01  7.237E-01  7.123E-01  6.827E-01
  367.5000  6.568E-01  6.806E-01  6.872E-01  6.764E-01  6.483E-01
  368.5000  5.770E-01  5.980E-01  6.037E-01  5.942E-01  5.697E-01
  369.5000  6.923E-01  7.173E-01  7.243E-01  7.129E-01  6.834E-01
  370.5000  6.282E-01  6.509E-01  6.571E-01  6.468E-01  6.201E-01
  371.5000  7.188E-01  7.448E-01  7.520E-01  7.402E-01  7.097E-01
  372.5000  5.311E-01  5.502E-01  5.555E-01  5.468E-01  5.243E-01
  373.5000  4.801E-01  4.974E-01  5.021E-01  4.943E-01  4.740E-01
  374.5000  5.270E-01  5.459E-01  5.512E-01  5.425E-01  5.203E-01
  375.5000  5.947E-01  6.160E-01  6.219E-01  6.122E-01  5.871E-01
  376.5000  5.939E-01  6.152E-01  6.211E-01  6.114E-01  5.864E-01
  377.5000  7.073E-01  7.326E-01  7.396E-01  7.281E-01  6.984E-01
  378.5000  7.710E-01  7.986E-01  8.062E-01  7.937E-01  7.613E-01
  379.5000  5.705E-01  5.909E-01  5.965E-01  5.872E-01  5.633E-01
  380.5000  6.862E-01  7.107E-01  7.174E-01  7.063E-01  6.776E-01
  381.5000  6.449E-01  6.679E-01  6.742E-01  6.638E-01  6.368E-01
  382.5000  4.298E-01  4.451E-01  4.493E-01  4.423E-01  4.244E-01
  383.5000  3.775E-01  3.909E-01  3.946E-01  3.885E-01  3.727E-01
  384.5000  5.665E-01  5.866E-01  5.922E-01  5.830E-01  5.595E-01
  385.5000  5.606E-01  5.804E-01  5.859E-01  5.769E-01  5.536E-01
  386.5000  5.715E-01  5.917E-01  5.973E-01  5.881E-01  5.644E-01
  387.5000  5.312E-01  5.500E-01  5.552E-01  5.466E-01  5.246E-01
  388.5000  5.326E-01  5.513E-01  5.565E-01  5.480E-01  5.259E-01
  389.5000  6.717E-01  6.953E-01  7.019E-01  6.911E-01  6.633E-01
  390.5000  6.599E-01  6.830E-01  6.894E-01  6.789E-01  6.517E-01
  391.5000  7.829E-01  8.104E-01  8.180E-01  8.055E-01  7.732E-01
  392.5000  5.872E-01  6.078E-01  6.135E-01  6.041E-01  5.799E-01
  393.5000  2.553E-01  2.643E-01  2.667E-01  2.627E-01  2.522E-01
  394.5000  6.009E-01  6.219E-01  6.277E-01  6.182E-01  5.935E-01
  395.5000  7.733E-01  8.003E-01  8.077E-01  7.954E-01  7.637E-01
  396.5000  4.541E-01  4.700E-01  4.743E-01  4.671E-01  4.485E-01
  397.5000  5.241E-01  5.424E-01  5.474E-01  5.391E-01  5.177E-01
  398.5000  9.008E-01  9.321E-01  9.407E-01  9.265E-01  8.897E-01
  399.5000  9.371E-01  9.696E-01  9.786E-01  9.638E-01  9.256E-01
  400.5000  9.853E-01  1.019E+00  1.029E+00  1.013E+00  9.732E-01
  401.5000  1.014E+00  1.049E+00  1.059E+00  1.043E+00  1.002E+00
  402.5000  1.053E+00  1.089E+00  1.099E+00  1.083E+00  1.040E+00
  403.5000  9.638E-01  9.971E-01  1.006E+00  9.911E-01  9.520E-01
  404.5000  9.454E-01  9.780E-01  9.870E-01  9.722E-01  9.339E-01
  405.5000  9.823E-01  1.016E+00  1.025E+00  1.010E+00  9.703E-01
  406.5000  9.253E-01  9.572E-01  9.660E-01  9.515E-01  9.141E-01
  407.5000  9.331E-01  9.652E-01  9.740E-01  9.594E-01  9.217E-01
  408.5000  1.039E+00  1.075E+00  1.085E+00  1.069E+00  1.027E+00
  409.5000  1.019E+00  1.054E+00  1.064E+00  1.048E+00  1.007E+00
  410.5000  8.839E-01  9.141E-01  9.225E-01  9.087E-01  8.732E-01
  411.5000  1.063E+00  1.099E+00  1.109E+00  1.092E+00  1.050E+00
  412.5000  1.053E+00  1.089E+00  1.099E+00  1.083E+00  1.041E+00
  413.5000  1.022E+00  1.057E+00  1.066E+00  1.050E+00  1.009E+00
  414.5000  1.050E+00  1.086E+00  1.096E+00  1.080E+00  1.038E+00
  415.5000  1.005E+00  1.039E+00  1.048E+00  1.033E+00  9.926E-01
  416.5000  1.094E+00  1.131E+00  1.141E+00  1.124E+00  1.081E+00
  417.5000  1.000E+00  1.034E+00  1.043E+00  1.028E+00  9.879E-01
  418.5000  1.008E+00  1.042E+00  1.052E+00  1.036E+00  9.959E-01
  419.5000  1.041E+00  1.077E+00  1.086E+00  1.070E+00  1.029E+00
------------------------------------------------------------
Dose rates, W m-2
   1 = UV-B, 280-315 nm                                  
   2 = UV-A, 315-400 nm                                  
   3 = Gaussian, 320 nm, 10 nm FWHM                      
   4 = RB Meter, model 501                               
   5 = DNA damage, in vitro (Setlow, 1974)               
   6 = UV index (WMO, 1994; Webb et al., 2011)           
   7 = Previtamin-D3 (CIE 2006)                          
values at z =      0.000 km
Columns: time, sza, weighting spectra
time, hrs.  sza, deg.          1          2          3          4          5          6          7
   11.0000     44.031  1.233E+00  4.269E+01  2.621E-01  3.568E-01  3.688E-03  6.721E+00  3.293E-01
   11.5000     42.318  1.315E+00  4.428E+01  2.740E-01  3.822E-01  4.064E-03  7.221E+00  3.555E-01
   12.0000     41.835  1.338E+00  4.472E+01  2.772E-01  3.894E-01  4.170E-03  7.362E+00  3.629E-01
   12.5000     42.626  1.300E+00  4.400E+01  2.718E-01  3.776E-01  3.995E-03  7.131E+00  3.508E-01
   13.0000     44.624  1.205E+00  4.213E+01  2.580E-01  3.480E-01  3.562E-03  6.550E+00  3.203E-01
------------------------------------------------------------
