Spectral Irradiance, W m-2 nm-1
values at z =      0.000 km
Columns: wavelength (nm), times (hrs.) or sza (deg.)
    wc, nm     11.000     11.500     12.000     12.500     13.000
    sza =      87.659     87.087     86.914     87.142     87.769
  280.5000  8.956E-29  9.833E-29  1.010E-28  9.750E-29  8.787E-29
  281.5000  3.120E-26  3.424E-26  3.515E-26  3.395E-26  3.061E-26
  282.5000  3.261E-24  3.578E-24  3.673E-24  3.548E-24  3.199E-24
  283.5000  6.025E-23  6.611E-23  6.787E-23  6.555E-23  5.912E-23
  284.5000  7.530E-21  8.261E-21  8.480E-21  8.191E-21  7.389E-21
  285.5000  1.679E-19  1.842E-19  1.890E-19  1.826E-19  1.647E-19
  286.5000  8.230E-18  9.028E-18  9.268E-18  8.952E-18  8.076E-18
  287.5000  2.302E-16  2.525E-16  2.592E-16  2.504E-16  2.258E-16
  288.5000  6.512E-15  7.147E-15  7.338E-15  7.086E-15  6.390E-15
  289.5000  1.237E-13  1.358E-13  1.394E-13  1.346E-13  1.213E-13
  290.5000  1.408E-12  1.547E-12  1.589E-12  1.534E-12  1.382E-12
  291.5000  1.460E-11  1.604E-11  1.648E-11  1.590E-11  1.432E-11
  292.5000  9.309E-11  1.024E-10  1.052E-10  1.015E-10  9.131E-11
  293.5000  6.758E-10  7.442E-10  7.649E-10  7.376E-10  6.627E-10
  294.5000  2.660E-09  2.932E-09  3.015E-09  2.906E-09  2.608E-09
  295.5000  1.459E-08  1.611E-08  1.658E-08  1.596E-08  1.430E-08
  296.5000  4.920E-08  5.441E-08  5.600E-08  5.390E-08  4.821E-08
  297.5000  1.693E-07  1.876E-07  1.932E-07  1.858E-07  1.658E-07
  298.5000  3.338E-07  3.707E-07  3.820E-07  3.671E-07  3.269E-07
  299.5000  1.207E-06  1.344E-06  1.386E-06  1.330E-06  1.181E-06
  300.5000  1.657E-06  1.849E-06  1.909E-06  1.830E-06  1.621E-06
  301.5000  5.042E-06  5.647E-06  5.836E-06  5.588E-06  4.929E-06
  302.5000  8.398E-06  9.434E-06  9.757E-06  9.332E-06  8.205E-06
  303.5000  2.053E-05  2.316E-05  2.399E-05  2.290E-05  2.004E-05
  304.5000  2.788E-05  3.156E-05  3.271E-05  3.119E-05  2.720E-05
  305.5000  5.189E-05  5.908E-05  6.135E-05  5.836E-05  5.057E-05
  306.5000  6.323E-05  7.219E-05  7.503E-05  7.130E-05  6.159E-05
  307.5000  1.257E-04  1.446E-04  1.506E-04  1.427E-04  1.223E-04
  308.5000  1.606E-04  1.853E-04  1.932E-04  1.828E-04  1.561E-04
  309.5000  1.812E-04  2.106E-04  2.201E-04  2.076E-04  1.759E-04
  310.5000  3.005E-04  3.517E-04  3.684E-04  3.465E-04  2.914E-04
  311.5000  4.440E-04  5.226E-04  5.484E-04  5.146E-04  4.301E-04
  312.5000  5.787E-04  6.901E-04  7.272E-04  6.787E-04  5.592E-04
  313.5000  7.072E-04  8.460E-04  8.924E-04  8.317E-04  6.830E-04
  314.5000  9.675E-04  1.175E-03  1.244E-03  1.153E-03  9.316E-04
  315.5000  1.059E-03  1.288E-03  1.365E-03  1.264E-03  1.019E-03
  316.5000  1.437E-03  1.766E-03  1.877E-03  1.732E-03  1.380E-03
  317.5000  2.030E-03  2.494E-03  2.650E-03  2.446E-03  1.950E-03
  318.5000  2.251E-03  2.777E-03  2.953E-03  2.723E-03  2.159E-03
  319.5000  2.949E-03  3.638E-03  3.867E-03  3.567E-03  2.829E-03
  320.5000  3.920E-03  4.833E-03  5.136E-03  4.739E-03  3.760E-03
  321.5000  4.969E-03  6.069E-03  6.428E-03  5.958E-03  4.774E-03
  322.5000  3.635E-03  4.479E-03  4.758E-03  4.392E-03  3.487E-03
  323.5000  6.256E-03  7.584E-03  8.014E-03  7.450E-03  6.018E-03
  324.5000  7.182E-03  8.716E-03  9.212E-03  8.561E-03  6.908E-03
  325.5000  7.479E-03  9.107E-03  9.635E-03  8.942E-03  7.188E-03
  326.5000  1.333E-02  1.592E-02  1.675E-02  1.566E-02  1.286E-02
  327.5000  1.090E-02  1.311E-02  1.382E-02  1.289E-02  1.050E-02
  328.5000  1.009E-02  1.214E-02  1.280E-02  1.194E-02  9.723E-03
  329.5000  1.774E-02  2.095E-02  2.197E-02  2.064E-02  1.715E-02
  330.5000  1.417E-02  1.688E-02  1.774E-02  1.661E-02  1.368E-02
  331.5000  1.364E-02  1.628E-02  1.712E-02  1.601E-02  1.316E-02
  332.5000  1.684E-02  1.980E-02  2.074E-02  1.951E-02  1.630E-02
  333.5000  1.434E-02  1.698E-02  1.782E-02  1.672E-02  1.386E-02
  334.5000  1.686E-02  1.990E-02  2.085E-02  1.959E-02  1.631E-02
  335.5000  1.911E-02  2.237E-02  2.340E-02  2.205E-02  1.850E-02
  336.5000  1.446E-02  1.697E-02  1.776E-02  1.672E-02  1.400E-02
  337.5000  1.469E-02  1.733E-02  1.817E-02  1.707E-02  1.420E-02
  338.5000  1.744E-02  2.041E-02  2.135E-02  2.012E-02  1.689E-02
  339.5000  1.927E-02  2.253E-02  2.356E-02  2.221E-02  1.867E-02
  340.5000  1.974E-02  2.315E-02  2.423E-02  2.281E-02  1.911E-02
  341.5000  1.864E-02  2.177E-02  2.275E-02  2.146E-02  1.807E-02
  342.5000  2.090E-02  2.438E-02  2.547E-02  2.404E-02  2.025E-02
  343.5000  2.127E-02  2.485E-02  2.598E-02  2.450E-02  2.061E-02
  344.5000  1.457E-02  1.706E-02  1.784E-02  1.681E-02  1.411E-02
  345.5000  2.121E-02  2.471E-02  2.581E-02  2.437E-02  2.056E-02
  346.5000  1.914E-02  2.236E-02  2.338E-02  2.205E-02  1.854E-02
  347.5000  1.879E-02  2.195E-02  2.294E-02  2.164E-02  1.821E-02
  348.5000  2.094E-02  2.443E-02  2.553E-02  2.409E-02  2.029E-02
  349.5000  1.752E-02  2.045E-02  2.137E-02  2.016E-02  1.698E-02
  350.5000  2.462E-02  2.873E-02  3.002E-02  2.833E-02  2.387E-02
  351.5000  2.113E-02  2.467E-02  2.577E-02  2.432E-02  2.048E-02
  352.5000  1.915E-02  2.235E-02  2.335E-02  2.203E-02  1.856E-02
  353.5000  2.322E-02  2.708E-02  2.829E-02  2.670E-02  2.250E-02
  354.5000  2.528E-02  2.948E-02  3.079E-02  2.906E-02  2.451E-02
  355.5000  2.365E-02  2.757E-02  2.880E-02  2.719E-02  2.293E-02
  356.5000  2.195E-02  2.559E-02  2.673E-02  2.523E-02  2.128E-02
  357.5000  1.865E-02  2.175E-02  2.272E-02  2.144E-02  1.808E-02
  358.5000  1.444E-02  1.683E-02  1.758E-02  1.660E-02  1.400E-02
  359.5000  2.431E-02  2.834E-02  2.961E-02  2.795E-02  2.357E-02
  360.5000  2.256E-02  2.629E-02  2.746E-02  2.592E-02  2.187E-02
  361.5000  2.039E-02  2.376E-02  2.482E-02  2.343E-02  1.976E-02
  362.5000  2.398E-02  2.794E-02  2.918E-02  2.755E-02  2.324E-02
  363.5000  2.135E-02  2.488E-02  2.598E-02  2.453E-02  2.069E-02
  364.5000  2.329E-02  2.714E-02  2.834E-02  2.676E-02  2.257E-02
  365.5000  2.836E-02  3.305E-02  3.452E-02  3.259E-02  2.749E-02
  366.5000  3.006E-02  3.503E-02  3.659E-02  3.454E-02  2.914E-02
  367.5000  2.858E-02  3.330E-02  3.478E-02  3.284E-02  2.771E-02
  368.5000  2.512E-02  2.927E-02  3.057E-02  2.886E-02  2.435E-02
  369.5000  3.014E-02  3.512E-02  3.668E-02  3.463E-02  2.922E-02
  370.5000  2.736E-02  3.188E-02  3.330E-02  3.143E-02  2.652E-02
  371.5000  3.132E-02  3.650E-02  3.812E-02  3.599E-02  3.037E-02
  372.5000  2.315E-02  2.698E-02  2.818E-02  2.660E-02  2.244E-02
  373.5000  2.093E-02  2.439E-02  2.547E-02  2.405E-02  2.029E-02
  374.5000  2.298E-02  2.677E-02  2.796E-02  2.640E-02  2.227E-02
  375.5000  2.594E-02  3.023E-02  3.157E-02  2.980E-02  2.515E-02
  376.5000  2.592E-02  3.020E-02  3.154E-02  2.978E-02  2.513E-02
  377.5000  3.088E-02  3.598E-02  3.758E-02  3.548E-02  2.994E-02
  378.5000  3.367E-02  3.923E-02  4.097E-02  3.868E-02  3.264E-02
  379.5000  2.491E-02  2.903E-02  3.032E-02  2.862E-02  2.415E-02
  380.5000  2.998E-02  3.493E-02  3.648E-02  3.444E-02  2.906E-02
  381.5000  2.818E-02  3.284E-02  3.429E-02  3.238E-02  2.732E-02
  382.5000  1.879E-02  2.189E-02  2.286E-02  2.158E-02  1.821E-02
  383.5000  1.650E-02  1.923E-02  2.008E-02  1.896E-02  1.600E-02
  384.5000  2.477E-02  2.886E-02  3.015E-02  2.846E-02  2.402E-02
  385.5000  2.452E-02  2.857E-02  2.984E-02  2.817E-02  2.377E-02
  386.5000  2.500E-02  2.913E-02  3.043E-02  2.873E-02  2.424E-02
  387.5000  2.325E-02  2.708E-02  2.829E-02  2.671E-02  2.254E-02
  388.5000  2.331E-02  2.716E-02  2.836E-02  2.678E-02  2.260E-02
  389.5000  2.940E-02  3.426E-02  3.578E-02  3.378E-02  2.851E-02
  390.5000  2.889E-02  3.366E-02  3.516E-02  3.319E-02  2.801E-02
  391.5000  3.429E-02  3.995E-02  4.173E-02  3.939E-02  3.324E-02
  392.5000  2.572E-02  2.997E-02  3.130E-02  2.955E-02  2.494E-02
  393.5000  1.119E-02  1.303E-02  1.361E-02  1.285E-02  1.084E-02
  394.5000  2.633E-02  3.068E-02  3.204E-02  3.025E-02  2.553E-02
  395.5000  3.389E-02  3.948E-02  4.124E-02  3.893E-02  3.285E-02
  396.5000  1.991E-02  2.319E-02  2.423E-02  2.287E-02  1.930E-02
  397.5000  2.298E-02  2.678E-02  2.797E-02  2.640E-02  2.228E-02
  398.5000  3.951E-02  4.603E-02  4.808E-02  4.539E-02  3.830E-02
  399.5000  4.111E-02  4.790E-02  5.003E-02  4.723E-02  3.985E-02
  400.5000  4.323E-02  5.037E-02  5.261E-02  4.966E-02  4.191E-02
  401.5000  4.449E-02  5.184E-02  5.414E-02  5.111E-02  4.313E-02
  402.5000  4.620E-02  5.383E-02  5.622E-02  5.308E-02  4.479E-02
  403.5000  4.230E-02  4.929E-02  5.148E-02  4.860E-02  4.101E-02
  404.5000  4.151E-02  4.836E-02  5.051E-02  4.769E-02  4.024E-02
  405.5000  4.313E-02  5.026E-02  5.250E-02  4.955E-02  4.182E-02
  406.5000  4.064E-02  4.735E-02  4.946E-02  4.669E-02  3.940E-02
  407.5000  4.097E-02  4.774E-02  4.987E-02  4.708E-02  3.972E-02
  408.5000  4.564E-02  5.318E-02  5.555E-02  5.243E-02  4.424E-02
  409.5000  4.475E-02  5.214E-02  5.447E-02  5.141E-02  4.338E-02
  410.5000  3.882E-02  4.523E-02  4.725E-02  4.460E-02  3.763E-02
  411.5000  4.668E-02  5.439E-02  5.682E-02  5.363E-02  4.525E-02
  412.5000  4.629E-02  5.394E-02  5.634E-02  5.318E-02  4.487E-02
  413.5000  4.491E-02  5.234E-02  5.467E-02  5.160E-02  4.354E-02
  414.5000  4.617E-02  5.381E-02  5.621E-02  5.305E-02  4.476E-02
  415.5000  4.417E-02  5.147E-02  5.377E-02  5.075E-02  4.282E-02
  416.5000  4.807E-02  5.602E-02  5.852E-02  5.524E-02  4.660E-02
  417.5000  4.395E-02  5.122E-02  5.351E-02  5.051E-02  4.261E-02
  418.5000  4.431E-02  5.164E-02  5.395E-02  5.092E-02  4.296E-02
  419.5000  4.579E-02  5.337E-02  5.576E-02  5.262E-02  4.439E-02
------------------------------------------------------------
Dose rates, W m-2
   1 = UV-B, 280-315 nm                                  
   2 = UV-A, 315-400 nm                                  
   3 = Gaussian, 320 nm, 10 nm FWHM                      
   4 = RB Meter, model 501                               
   5 = DNA damage, in vitro (Setlow, 1974)               
   6 = UV index (WMO, 1994; Webb et al., 2011)           
   7 = Previtamin-D3 (CIE 2006)                          
values at z =      0.000 km
Columns: time, sza, weighting spectra
time, hrs.  sza, deg.          1          2          3          4          5          6          7
   11.0000     87.659  3.646E-03  1.714E+00  4.067E-03  1.735E-03  8.123E-06  5.370E-02  7.048E-04
   11.5000     87.087  4.330E-03  2.003E+00  4.946E-03  2.077E-03  9.561E-06  6.352E-02  8.321E-04
   12.0000     86.914  4.557E-03  2.095E+00  5.233E-03  2.189E-03  1.002E-05  6.667E-02  8.739E-04
   12.5000     87.142  4.260E-03  1.975E+00  4.856E-03  2.042E-03  9.416E-06  6.254E-02  8.192E-04
   13.0000     87.769  3.525E-03  1.660E+00  3.911E-03  1.674E-03  7.864E-06  5.192E-02  6.821E-04
------------------------------------------------------------
