Spectral Irradiance, W m-2 nm-1
values at z =      0.000 km
Columns: wavelength (nm), times (hrs.) or sza (deg.)
    wc, nm     11.000     11.500     12.000     12.500     13.000
    sza =      26.520     23.491     22.498     23.798     27.060
  280.5000  5.792E-14  1.158E-13  1.420E-13  1.085E-13  5.058E-14
  281.5000  1.682E-12  3.165E-12  3.812E-12  2.983E-12  1.487E-12
  282.5000  2.079E-11  3.712E-11  4.402E-11  3.515E-11  1.856E-11
  283.5000  9.645E-11  1.665E-10  1.955E-10  1.581E-10  8.668E-11
  284.5000  9.526E-10  1.546E-09  1.764E-09  1.477E-09  8.669E-10
  285.5000  3.245E-09  5.031E-09  5.723E-09  4.829E-09  2.979E-09
  286.5000  3.755E-08  5.620E-08  6.328E-08  5.411E-08  3.471E-08
  287.5000  2.104E-07  3.028E-07  3.371E-07  2.926E-07  1.959E-07
  288.5000  1.028E-06  1.418E-06  1.528E-06  1.376E-06  9.655E-07
  289.5000  5.542E-06  7.417E-06  8.082E-06  7.217E-06  5.235E-06
  290.5000  2.184E-05  2.850E-05  3.082E-05  2.780E-05  2.069E-05
  291.5000  6.751E-05  8.558E-05  9.177E-05  8.369E-05  6.446E-05
  292.5000  1.589E-04  1.967E-04  2.095E-04  1.928E-04  1.524E-04
  293.5000  4.486E-04  5.430E-04  5.745E-04  5.334E-04  4.321E-04
  294.5000  8.370E-04  9.958E-04  1.048E-03  9.796E-04  8.091E-04
  295.5000  2.062E-03  2.408E-03  2.520E-03  2.373E-03  2.000E-03
  296.5000  3.538E-03  4.069E-03  4.240E-03  4.016E-03  3.443E-03
  297.5000  6.682E-03  7.582E-03  7.870E-03  7.492E-03  6.520E-03
  298.5000  7.869E-03  8.828E-03  9.133E-03  8.733E-03  7.695E-03
  299.5000  1.735E-02  1.925E-02  1.985E-02  1.906E-02  1.700E-02
  300.5000  1.612E-02  1.774E-02  1.826E-02  1.759E-02  1.582E-02
  301.5000  3.171E-02  3.459E-02  3.549E-02  3.431E-02  3.117E-02
  302.5000  3.929E-02  4.261E-02  4.365E-02  4.229E-02  3.867E-02
  303.5000  6.659E-02  7.173E-02  7.332E-02  7.122E-02  6.563E-02
  304.5000  7.261E-02  7.790E-02  7.954E-02  7.738E-02  7.162E-02
  305.5000  9.548E-02  1.018E-01  1.038E-01  1.012E-01  9.429E-02
  306.5000  9.956E-02  1.059E-01  1.079E-01  1.053E-01  9.837E-02
  307.5000  1.431E-01  1.515E-01  1.541E-01  1.507E-01  1.416E-01
  308.5000  1.601E-01  1.691E-01  1.719E-01  1.683E-01  1.584E-01
  309.5000  1.408E-01  1.483E-01  1.506E-01  1.476E-01  1.394E-01
  310.5000  1.915E-01  2.012E-01  2.042E-01  2.003E-01  1.897E-01
  311.5000  2.462E-01  2.583E-01  2.620E-01  2.571E-01  2.439E-01
  312.5000  2.397E-01  2.508E-01  2.542E-01  2.497E-01  2.376E-01
  313.5000  2.718E-01  2.841E-01  2.879E-01  2.829E-01  2.694E-01
  314.5000  2.710E-01  2.827E-01  2.863E-01  2.816E-01  2.688E-01
  315.5000  2.799E-01  2.918E-01  2.954E-01  2.906E-01  2.776E-01
  316.5000  2.782E-01  2.895E-01  2.930E-01  2.884E-01  2.761E-01
  317.5000  3.934E-01  4.094E-01  4.143E-01  4.078E-01  3.904E-01
  318.5000  3.088E-01  3.208E-01  3.245E-01  3.196E-01  3.065E-01
  319.5000  3.766E-01  3.911E-01  3.955E-01  3.897E-01  3.739E-01
  320.5000  4.580E-01  4.754E-01  4.807E-01  4.722E-01  4.547E-01
  321.5000  3.879E-01  4.021E-01  4.064E-01  4.007E-01  3.852E-01
  322.5000  3.913E-01  4.060E-01  4.105E-01  4.046E-01  3.885E-01
  323.5000  4.016E-01  4.160E-01  4.203E-01  4.146E-01  3.989E-01
  324.5000  4.714E-01  4.882E-01  4.934E-01  4.866E-01  4.682E-01
  325.5000  5.286E-01  5.475E-01  5.533E-01  5.457E-01  5.250E-01
  326.5000  6.375E-01  6.596E-01  6.663E-01  6.575E-01  6.333E-01
  327.5000  5.943E-01  6.151E-01  6.214E-01  6.131E-01  5.904E-01
  328.5000  5.487E-01  5.678E-01  5.737E-01  5.660E-01  5.450E-01
  329.5000  7.089E-01  7.329E-01  7.403E-01  7.306E-01  7.043E-01
  330.5000  6.453E-01  6.674E-01  6.742E-01  6.653E-01  6.411E-01
  331.5000  6.378E-01  6.597E-01  6.659E-01  6.576E-01  6.337E-01
  332.5000  6.263E-01  6.474E-01  6.538E-01  6.453E-01  6.224E-01
  333.5000  5.892E-01  6.091E-01  6.151E-01  6.071E-01  5.854E-01
  334.5000  6.577E-01  6.798E-01  6.865E-01  6.777E-01  6.536E-01
  335.5000  6.657E-01  6.878E-01  6.945E-01  6.857E-01  6.615E-01
  336.5000  5.205E-01  5.378E-01  5.431E-01  5.362E-01  5.173E-01
  337.5000  5.719E-01  5.910E-01  5.968E-01  5.891E-01  5.683E-01
  338.5000  6.026E-01  6.225E-01  6.285E-01  6.206E-01  5.988E-01
  339.5000  6.548E-01  6.764E-01  6.829E-01  6.743E-01  6.507E-01
  340.5000  7.003E-01  7.234E-01  7.304E-01  7.212E-01  6.960E-01
  341.5000  6.214E-01  6.417E-01  6.479E-01  6.398E-01  6.175E-01
  342.5000  6.881E-01  7.106E-01  7.174E-01  7.084E-01  6.839E-01
  343.5000  7.148E-01  7.382E-01  7.453E-01  7.359E-01  7.104E-01
  344.5000  5.011E-01  5.174E-01  5.224E-01  5.159E-01  4.980E-01
  345.5000  6.858E-01  7.080E-01  7.148E-01  7.059E-01  6.816E-01
  346.5000  6.417E-01  6.625E-01  6.689E-01  6.605E-01  6.377E-01
  347.5000  6.268E-01  6.471E-01  6.533E-01  6.452E-01  6.230E-01
  348.5000  6.886E-01  7.109E-01  7.176E-01  7.087E-01  6.844E-01
  349.5000  5.769E-01  5.956E-01  6.012E-01  5.938E-01  5.734E-01
  350.5000  8.076E-01  8.336E-01  8.415E-01  8.311E-01  8.026E-01
  351.5000  6.959E-01  7.183E-01  7.251E-01  7.161E-01  6.916E-01
  352.5000  6.274E-01  6.476E-01  6.537E-01  6.456E-01  6.236E-01
  353.5000  7.550E-01  7.792E-01  7.865E-01  7.769E-01  7.504E-01
  354.5000  8.168E-01  8.429E-01  8.509E-01  8.404E-01  8.119E-01
  355.5000  7.631E-01  7.875E-01  7.949E-01  7.852E-01  7.585E-01
  356.5000  7.080E-01  7.306E-01  7.375E-01  7.284E-01  7.038E-01
  357.5000  6.019E-01  6.211E-01  6.269E-01  6.193E-01  5.983E-01
  358.5000  4.643E-01  4.791E-01  4.836E-01  4.777E-01  4.616E-01
  359.5000  7.813E-01  8.061E-01  8.136E-01  8.037E-01  7.766E-01
  360.5000  7.240E-01  7.469E-01  7.539E-01  7.447E-01  7.196E-01
  361.5000  6.525E-01  6.732E-01  6.794E-01  6.712E-01  6.486E-01
  362.5000  7.661E-01  7.902E-01  7.976E-01  7.879E-01  7.615E-01
  363.5000  6.813E-01  7.028E-01  7.093E-01  7.007E-01  6.772E-01
  364.5000  7.430E-01  7.664E-01  7.735E-01  7.642E-01  7.386E-01
  365.5000  9.051E-01  9.336E-01  9.422E-01  9.309E-01  8.998E-01
  366.5000  9.577E-01  9.877E-01  9.969E-01  9.849E-01  9.520E-01
  367.5000  9.091E-01  9.375E-01  9.462E-01  9.348E-01  9.037E-01
  368.5000  7.984E-01  8.234E-01  8.309E-01  8.210E-01  7.936E-01
  369.5000  9.574E-01  9.873E-01  9.964E-01  9.845E-01  9.517E-01
  370.5000  8.684E-01  8.955E-01  9.037E-01  8.929E-01  8.633E-01
  371.5000  9.934E-01  1.024E+00  1.034E+00  1.021E+00  9.875E-01
  372.5000  7.336E-01  7.564E-01  7.634E-01  7.542E-01  7.293E-01
  373.5000  6.629E-01  6.835E-01  6.898E-01  6.816E-01  6.590E-01
  374.5000  7.274E-01  7.500E-01  7.569E-01  7.478E-01  7.232E-01
  375.5000  8.205E-01  8.460E-01  8.537E-01  8.435E-01  8.157E-01
  376.5000  8.192E-01  8.445E-01  8.522E-01  8.421E-01  8.144E-01
  377.5000  9.753E-01  1.005E+00  1.015E+00  1.003E+00  9.696E-01
  378.5000  1.063E+00  1.095E+00  1.105E+00  1.092E+00  1.057E+00
  379.5000  7.861E-01  8.103E-01  8.176E-01  8.080E-01  7.815E-01
  380.5000  9.452E-01  9.742E-01  9.831E-01  9.714E-01  9.396E-01
  381.5000  8.879E-01  9.152E-01  9.235E-01  9.126E-01  8.828E-01
  382.5000  5.915E-01  6.097E-01  6.152E-01  6.080E-01  5.881E-01
  383.5000  5.193E-01  5.352E-01  5.401E-01  5.337E-01  5.163E-01
  384.5000  7.792E-01  8.030E-01  8.103E-01  8.008E-01  7.747E-01
  385.5000  7.708E-01  7.943E-01  8.015E-01  7.921E-01  7.663E-01
  386.5000  7.855E-01  8.095E-01  8.168E-01  8.072E-01  7.810E-01
  387.5000  7.299E-01  7.521E-01  7.589E-01  7.500E-01  7.257E-01
  388.5000  7.315E-01  7.537E-01  7.605E-01  7.516E-01  7.272E-01
  389.5000  9.223E-01  9.503E-01  9.588E-01  9.476E-01  9.169E-01
  390.5000  9.057E-01  9.332E-01  9.415E-01  9.306E-01  9.005E-01
  391.5000  1.074E+00  1.107E+00  1.117E+00  1.104E+00  1.068E+00
  392.5000  8.054E-01  8.298E-01  8.372E-01  8.275E-01  8.008E-01
  393.5000  3.501E-01  3.607E-01  3.639E-01  3.597E-01  3.481E-01
  394.5000  8.237E-01  8.486E-01  8.561E-01  8.462E-01  8.190E-01
  395.5000  1.060E+00  1.092E+00  1.101E+00  1.089E+00  1.054E+00
  396.5000  6.221E-01  6.409E-01  6.466E-01  6.391E-01  6.186E-01
  397.5000  7.178E-01  7.394E-01  7.460E-01  7.373E-01  7.137E-01
  398.5000  1.233E+00  1.270E+00  1.282E+00  1.267E+00  1.226E+00
  399.5000  1.283E+00  1.321E+00  1.333E+00  1.317E+00  1.275E+00
  400.5000  1.348E+00  1.389E+00  1.401E+00  1.385E+00  1.340E+00
  401.5000  1.387E+00  1.428E+00  1.441E+00  1.424E+00  1.379E+00
  402.5000  1.440E+00  1.483E+00  1.496E+00  1.479E+00  1.431E+00
  403.5000  1.317E+00  1.357E+00  1.369E+00  1.353E+00  1.310E+00
  404.5000  1.292E+00  1.331E+00  1.342E+00  1.327E+00  1.285E+00
  405.5000  1.342E+00  1.382E+00  1.394E+00  1.378E+00  1.334E+00
  406.5000  1.264E+00  1.301E+00  1.313E+00  1.298E+00  1.257E+00
  407.5000  1.274E+00  1.312E+00  1.323E+00  1.308E+00  1.267E+00
  408.5000  1.419E+00  1.461E+00  1.474E+00  1.457E+00  1.411E+00
  409.5000  1.391E+00  1.432E+00  1.444E+00  1.428E+00  1.383E+00
  410.5000  1.206E+00  1.242E+00  1.252E+00  1.238E+00  1.199E+00
  411.5000  1.449E+00  1.492E+00  1.505E+00  1.488E+00  1.441E+00
  412.5000  1.436E+00  1.479E+00  1.492E+00  1.475E+00  1.428E+00
  413.5000  1.393E+00  1.434E+00  1.446E+00  1.430E+00  1.385E+00
  414.5000  1.431E+00  1.474E+00  1.486E+00  1.470E+00  1.423E+00
  415.5000  1.369E+00  1.409E+00  1.422E+00  1.405E+00  1.361E+00
  416.5000  1.490E+00  1.534E+00  1.547E+00  1.529E+00  1.481E+00
  417.5000  1.362E+00  1.402E+00  1.414E+00  1.398E+00  1.354E+00
  418.5000  1.372E+00  1.413E+00  1.425E+00  1.409E+00  1.365E+00
  419.5000  1.417E+00  1.459E+00  1.472E+00  1.455E+00  1.409E+00
------------------------------------------------------------
Dose rates, W m-2
   1 = UV-B, 280-315 nm                                  
   2 = UV-A, 315-400 nm                                  
   3 = Gaussian, 320 nm, 10 nm FWHM                      
   4 = RB Meter, model 501                               
   5 = DNA damage, in vitro (Setlow, 1974)               
   6 = UV index (WMO, 1994; Webb et al., 2011)           
   7 = Previtamin-D3 (CIE 2006)                          
values at z =      0.000 km
Columns: time, sza, weighting spectra
time, hrs.  sza, deg.          1          2          3          4          5          6          7
   11.0000     26.520  2.125E+00  5.949E+01  3.866E-01  6.425E-01  8.383E-03  1.249E+01  6.272E-01
   11.5000     23.491  2.242E+00  6.139E+01  4.014E-01  6.820E-01  9.135E-03  1.331E+01  6.692E-01
   12.0000     22.498  2.279E+00  6.197E+01  4.059E-01  6.941E-01  9.372E-03  1.357E+01  6.823E-01
   12.5000     23.798  2.231E+00  6.121E+01  3.998E-01  6.781E-01  9.061E-03  1.323E+01  6.652E-01
   13.0000     27.060  2.103E+00  5.912E+01  3.838E-01  6.352E-01  8.245E-03  1.233E+01  6.194E-01
------------------------------------------------------------
