Spectral Irradiance, W m-2 nm-1
values at z =      0.000 km
Columns: wavelength (nm), times (hrs.) or sza (deg.)
    wc, nm     11.000     11.500     12.000     12.500     13.000
    sza =      89.876     89.499     89.310     89.311     89.500
  280.5000  1.084E-35  1.204E-35  1.266E-35  1.265E-35  1.204E-35
  281.5000  1.559E-32  1.731E-32  1.819E-32  1.819E-32  1.731E-32
  282.5000  5.505E-30  6.112E-30  6.420E-30  6.419E-30  6.110E-30
  283.5000  2.241E-28  2.488E-28  2.613E-28  2.612E-28  2.487E-28
  284.5000  1.185E-25  1.314E-25  1.380E-25  1.380E-25  1.314E-25
  285.5000  7.667E-24  8.499E-24  8.921E-24  8.920E-24  8.496E-24
  286.5000  8.521E-22  9.442E-22  9.909E-22  9.907E-22  9.439E-22
  287.5000  5.910E-20  6.545E-20  6.868E-20  6.866E-20  6.543E-20
  288.5000  4.485E-18  4.963E-18  5.206E-18  5.205E-18  4.962E-18
  289.5000  1.723E-16  1.906E-16  1.999E-16  1.999E-16  1.906E-16
  290.5000  3.547E-15  3.923E-15  4.114E-15  4.113E-15  3.922E-15
  291.5000  7.186E-14  7.943E-14  8.328E-14  8.326E-14  7.941E-14
  292.5000  7.923E-13  8.755E-13  9.179E-13  9.177E-13  8.753E-13
  293.5000  9.615E-12  1.062E-11  1.114E-11  1.113E-11  1.062E-11
  294.5000  5.650E-11  6.242E-11  6.544E-11  6.543E-11  6.240E-11
  295.5000  4.738E-10  5.235E-10  5.489E-10  5.488E-10  5.234E-10
  296.5000  2.267E-09  2.506E-09  2.628E-09  2.627E-09  2.505E-09
  297.5000  1.058E-08  1.170E-08  1.228E-08  1.228E-08  1.170E-08
  298.5000  2.692E-08  2.979E-08  3.127E-08  3.126E-08  2.978E-08
  299.5000  1.235E-07  1.368E-07  1.436E-07  1.436E-07  1.367E-07
  300.5000  2.028E-07  2.248E-07  2.362E-07  2.361E-07  2.248E-07
  301.5000  7.469E-07  8.292E-07  8.719E-07  8.717E-07  8.290E-07
  302.5000  1.405E-06  1.562E-06  1.644E-06  1.643E-06  1.562E-06
  303.5000  3.950E-06  4.400E-06  4.634E-06  4.633E-06  4.399E-06
  304.5000  5.800E-06  6.469E-06  6.819E-06  6.817E-06  6.467E-06
  305.5000  1.205E-05  1.348E-05  1.422E-05  1.422E-05  1.348E-05
  306.5000  1.535E-05  1.720E-05  1.817E-05  1.816E-05  1.719E-05
  307.5000  3.299E-05  3.709E-05  3.925E-05  3.924E-05  3.708E-05
  308.5000  4.332E-05  4.882E-05  5.169E-05  5.168E-05  4.878E-05
  309.5000  5.085E-05  5.750E-05  6.103E-05  6.102E-05  5.748E-05
  310.5000  8.631E-05  9.793E-05  1.041E-04  1.041E-04  9.790E-05
  311.5000  1.290E-04  1.467E-04  1.562E-04  1.562E-04  1.467E-04
  312.5000  1.693E-04  1.939E-04  2.072E-04  2.071E-04  1.938E-04
  313.5000  2.074E-04  2.378E-04  2.543E-04  2.542E-04  2.378E-04
  314.5000  2.796E-04  3.232E-04  3.469E-04  3.468E-04  3.230E-04
  315.5000  3.063E-04  3.544E-04  3.806E-04  3.805E-04  3.543E-04
  316.5000  4.063E-04  4.743E-04  5.118E-04  5.116E-04  4.742E-04
  317.5000  5.761E-04  6.722E-04  7.251E-04  7.248E-04  6.720E-04
  318.5000  6.283E-04  7.415E-04  8.044E-04  8.041E-04  7.412E-04
  319.5000  8.264E-04  9.771E-04  1.061E-03  1.060E-03  9.767E-04
  320.5000  1.099E-03  1.304E-03  1.417E-03  1.417E-03  1.303E-03
  321.5000  1.472E-03  1.764E-03  1.926E-03  1.925E-03  1.763E-03
  322.5000  1.025E-03  1.219E-03  1.327E-03  1.326E-03  1.218E-03
  323.5000  1.957E-03  2.350E-03  2.568E-03  2.567E-03  2.348E-03
  324.5000  2.234E-03  2.681E-03  2.929E-03  2.928E-03  2.680E-03
  325.5000  2.268E-03  2.721E-03  2.974E-03  2.973E-03  2.720E-03
  326.5000  4.755E-03  5.680E-03  6.187E-03  6.185E-03  5.677E-03
  327.5000  3.644E-03  4.367E-03  4.766E-03  4.765E-03  4.365E-03
  328.5000  3.367E-03  4.037E-03  4.408E-03  4.406E-03  4.035E-03
  329.5000  7.034E-03  8.333E-03  9.039E-03  9.036E-03  8.330E-03
  330.5000  5.183E-03  6.181E-03  6.728E-03  6.725E-03  6.178E-03
  331.5000  4.904E-03  5.857E-03  6.380E-03  6.377E-03  5.855E-03
  332.5000  7.000E-03  8.256E-03  8.935E-03  8.932E-03  8.253E-03
  333.5000  5.571E-03  6.614E-03  7.181E-03  7.179E-03  6.611E-03
  334.5000  6.768E-03  8.012E-03  8.686E-03  8.683E-03  8.008E-03
  335.5000  8.306E-03  9.753E-03  1.053E-02  1.053E-02  9.749E-03
  336.5000  6.133E-03  7.221E-03  7.807E-03  7.804E-03  7.218E-03
  337.5000  5.888E-03  6.971E-03  7.559E-03  7.556E-03  6.968E-03
  338.5000  7.612E-03  8.935E-03  9.646E-03  9.643E-03  8.931E-03
  339.5000  8.514E-03  9.981E-03  1.077E-02  1.077E-02  9.977E-03
  340.5000  8.436E-03  9.925E-03  1.073E-02  1.072E-02  9.921E-03
  341.5000  8.347E-03  9.771E-03  1.053E-02  1.053E-02  9.767E-03
  342.5000  9.438E-03  1.104E-02  1.189E-02  1.189E-02  1.103E-02
  343.5000  9.446E-03  1.107E-02  1.194E-02  1.194E-02  1.106E-02
  344.5000  6.354E-03  7.461E-03  8.056E-03  8.053E-03  7.458E-03
  345.5000  9.696E-03  1.132E-02  1.220E-02  1.219E-02  1.132E-02
  346.5000  8.498E-03  9.959E-03  1.074E-02  1.074E-02  9.955E-03
  347.5000  8.371E-03  9.807E-03  1.058E-02  1.057E-02  9.803E-03
  348.5000  9.425E-03  1.103E-02  1.189E-02  1.188E-02  1.102E-02
  349.5000  7.877E-03  9.219E-03  9.939E-03  9.936E-03  9.215E-03
  350.5000  1.109E-02  1.298E-02  1.399E-02  1.399E-02  1.298E-02
  351.5000  9.481E-03  1.110E-02  1.197E-02  1.196E-02  1.109E-02
  352.5000  8.621E-03  1.009E-02  1.088E-02  1.087E-02  1.008E-02
  353.5000  1.051E-02  1.229E-02  1.325E-02  1.324E-02  1.229E-02
  354.5000  1.150E-02  1.344E-02  1.448E-02  1.448E-02  1.343E-02
  355.5000  1.076E-02  1.258E-02  1.355E-02  1.355E-02  1.257E-02
  356.5000  9.982E-03  1.167E-02  1.257E-02  1.257E-02  1.166E-02
  357.5000  8.473E-03  9.907E-03  1.067E-02  1.067E-02  9.903E-03
  358.5000  6.575E-03  7.686E-03  8.280E-03  8.278E-03  7.683E-03
  359.5000  1.107E-02  1.294E-02  1.394E-02  1.394E-02  1.293E-02
  360.5000  1.027E-02  1.201E-02  1.294E-02  1.293E-02  1.200E-02
  361.5000  9.298E-03  1.087E-02  1.171E-02  1.170E-02  1.086E-02
  362.5000  1.094E-02  1.279E-02  1.378E-02  1.377E-02  1.279E-02
  363.5000  9.747E-03  1.139E-02  1.227E-02  1.227E-02  1.139E-02
  364.5000  1.063E-02  1.242E-02  1.338E-02  1.338E-02  1.242E-02
  365.5000  1.293E-02  1.512E-02  1.629E-02  1.628E-02  1.511E-02
  366.5000  1.372E-02  1.603E-02  1.727E-02  1.727E-02  1.603E-02
  367.5000  1.305E-02  1.526E-02  1.643E-02  1.643E-02  1.525E-02
  368.5000  1.147E-02  1.341E-02  1.444E-02  1.444E-02  1.340E-02
  369.5000  1.377E-02  1.609E-02  1.733E-02  1.733E-02  1.608E-02
  370.5000  1.249E-02  1.460E-02  1.573E-02  1.573E-02  1.460E-02
  371.5000  1.430E-02  1.672E-02  1.801E-02  1.801E-02  1.671E-02
  372.5000  1.057E-02  1.236E-02  1.332E-02  1.331E-02  1.236E-02
  373.5000  9.557E-03  1.117E-02  1.204E-02  1.203E-02  1.117E-02
  374.5000  1.049E-02  1.226E-02  1.321E-02  1.321E-02  1.226E-02
  375.5000  1.184E-02  1.385E-02  1.492E-02  1.491E-02  1.384E-02
  376.5000  1.184E-02  1.384E-02  1.491E-02  1.490E-02  1.383E-02
  377.5000  1.410E-02  1.648E-02  1.776E-02  1.775E-02  1.648E-02
  378.5000  1.537E-02  1.797E-02  1.936E-02  1.936E-02  1.796E-02
  379.5000  1.137E-02  1.330E-02  1.433E-02  1.432E-02  1.329E-02
  380.5000  1.368E-02  1.600E-02  1.724E-02  1.723E-02  1.599E-02
  381.5000  1.286E-02  1.504E-02  1.621E-02  1.620E-02  1.503E-02
  382.5000  8.575E-03  1.003E-02  1.080E-02  1.080E-02  1.002E-02
  383.5000  7.531E-03  8.806E-03  9.488E-03  9.485E-03  8.803E-03
  384.5000  1.131E-02  1.322E-02  1.424E-02  1.424E-02  1.322E-02
  385.5000  1.119E-02  1.309E-02  1.410E-02  1.409E-02  1.308E-02
  386.5000  1.141E-02  1.334E-02  1.438E-02  1.437E-02  1.334E-02
  387.5000  1.061E-02  1.240E-02  1.337E-02  1.336E-02  1.240E-02
  388.5000  1.063E-02  1.244E-02  1.340E-02  1.340E-02  1.243E-02
  389.5000  1.341E-02  1.569E-02  1.690E-02  1.690E-02  1.568E-02
  390.5000  1.318E-02  1.542E-02  1.661E-02  1.661E-02  1.541E-02
  391.5000  1.564E-02  1.830E-02  1.971E-02  1.971E-02  1.829E-02
  392.5000  1.173E-02  1.372E-02  1.479E-02  1.478E-02  1.372E-02
  393.5000  5.102E-03  5.968E-03  6.431E-03  6.429E-03  5.966E-03
  394.5000  1.201E-02  1.405E-02  1.514E-02  1.513E-02  1.404E-02
  395.5000  1.545E-02  1.808E-02  1.948E-02  1.947E-02  1.807E-02
  396.5000  9.078E-03  1.062E-02  1.144E-02  1.144E-02  1.061E-02
  397.5000  1.048E-02  1.226E-02  1.321E-02  1.321E-02  1.225E-02
  398.5000  1.802E-02  2.108E-02  2.271E-02  2.270E-02  2.107E-02
  399.5000  1.875E-02  2.193E-02  2.363E-02  2.362E-02  2.192E-02
  400.5000  1.971E-02  2.306E-02  2.485E-02  2.484E-02  2.305E-02
  401.5000  2.028E-02  2.373E-02  2.557E-02  2.556E-02  2.372E-02
  402.5000  2.106E-02  2.464E-02  2.655E-02  2.654E-02  2.463E-02
  403.5000  1.928E-02  2.256E-02  2.431E-02  2.431E-02  2.255E-02
  404.5000  1.892E-02  2.214E-02  2.386E-02  2.385E-02  2.213E-02
  405.5000  1.966E-02  2.301E-02  2.479E-02  2.478E-02  2.300E-02
  406.5000  1.852E-02  2.167E-02  2.336E-02  2.335E-02  2.166E-02
  407.5000  1.867E-02  2.185E-02  2.355E-02  2.354E-02  2.184E-02
  408.5000  2.079E-02  2.433E-02  2.622E-02  2.621E-02  2.432E-02
  409.5000  2.038E-02  2.385E-02  2.571E-02  2.570E-02  2.384E-02
  410.5000  1.768E-02  2.069E-02  2.230E-02  2.229E-02  2.068E-02
  411.5000  2.126E-02  2.488E-02  2.682E-02  2.681E-02  2.487E-02
  412.5000  2.109E-02  2.468E-02  2.660E-02  2.659E-02  2.467E-02
  413.5000  2.046E-02  2.395E-02  2.581E-02  2.580E-02  2.394E-02
  414.5000  2.104E-02  2.462E-02  2.653E-02  2.652E-02  2.461E-02
  415.5000  2.012E-02  2.355E-02  2.538E-02  2.537E-02  2.354E-02
  416.5000  2.189E-02  2.562E-02  2.761E-02  2.760E-02  2.561E-02
  417.5000  2.001E-02  2.342E-02  2.524E-02  2.524E-02  2.341E-02
  418.5000  2.018E-02  2.362E-02  2.545E-02  2.544E-02  2.361E-02
  419.5000  2.085E-02  2.441E-02  2.630E-02  2.630E-02  2.440E-02
------------------------------------------------------------
Dose rates, W m-2
   1 = UV-B, 280-315 nm                                  
   2 = UV-A, 315-400 nm                                  
   3 = Gaussian, 320 nm, 10 nm FWHM                      
   4 = RB Meter, model 501                               
   5 = DNA damage, in vitro (Setlow, 1974)               
   6 = UV index (WMO, 1994; Webb et al., 2011)           
   7 = Previtamin-D3 (CIE 2006)                          
values at z =      0.000 km
Columns: time, sza, weighting spectra
time, hrs.  sza, deg.          1          2          3          4          5          6          7
   11.0000     89.876  1.038E-03  7.599E-01  1.258E-03  5.445E-04  2.574E-06  2.027E-02  1.931E-04
   11.5000     89.499  1.187E-03  8.901E-01  1.499E-03  6.370E-04  2.991E-06  2.375E-02  2.211E-04
   12.0000     89.310  1.267E-03  9.600E-01  1.632E-03  6.874E-04  3.216E-06  2.563E-02  2.362E-04
   12.5000     89.311  1.267E-03  9.597E-01  1.631E-03  6.872E-04  3.215E-06  2.562E-02  2.361E-04
   13.0000     89.500  1.187E-03  8.898E-01  1.498E-03  6.367E-04  2.989E-06  2.374E-02  2.210E-04
------------------------------------------------------------
