Spectral Irradiance, W m-2 nm-1
values at z =      0.000 km
Columns: wavelength (nm), times (hrs.) or sza (deg.)
    wc, nm     11.000     11.500     12.000     12.500     13.000
    sza =      21.574     18.092     17.257     19.414     23.763
  280.5000  2.427E-14  4.588E-14  5.243E-14  3.660E-14  1.515E-14
  281.5000  7.617E-13  1.362E-12  1.538E-12  1.108E-12  4.957E-13
  282.5000  1.006E-11  1.714E-11  1.916E-11  1.418E-11  6.782E-12
  283.5000  4.874E-11  8.048E-11  8.941E-11  6.736E-11  3.363E-11
  284.5000  5.210E-10  8.129E-10  8.923E-10  6.942E-10  3.750E-10
  285.5000  1.882E-09  2.815E-09  3.063E-09  2.440E-09  1.397E-09
  286.5000  2.278E-08  3.300E-08  3.553E-08  2.893E-08  1.732E-08
  287.5000  1.342E-07  1.875E-07  2.011E-07  1.665E-07  1.048E-07
  288.5000  6.927E-07  9.309E-07  9.905E-07  8.382E-07  5.567E-07
  289.5000  3.884E-06  5.076E-06  5.369E-06  4.616E-06  3.187E-06
  290.5000  1.556E-05  2.020E-05  2.127E-05  1.852E-05  1.321E-05
  291.5000  5.079E-05  6.314E-05  6.609E-05  5.844E-05  4.303E-05
  292.5000  1.233E-04  1.500E-04  1.563E-04  1.399E-04  1.067E-04
  293.5000  3.584E-04  4.272E-04  4.432E-04  4.014E-04  3.149E-04
  294.5000  6.845E-04  8.028E-04  8.301E-04  7.586E-04  6.086E-04
  295.5000  1.728E-03  1.992E-03  2.053E-03  1.894E-03  1.556E-03
  296.5000  3.028E-03  3.442E-03  3.536E-03  3.289E-03  2.755E-03
  297.5000  5.824E-03  6.538E-03  6.699E-03  6.275E-03  5.348E-03
  298.5000  6.966E-03  7.739E-03  7.912E-03  7.455E-03  6.447E-03
  299.5000  1.558E-02  1.714E-02  1.749E-02  1.657E-02  1.453E-02
  300.5000  1.465E-02  1.599E-02  1.629E-02  1.550E-02  1.358E-02
  301.5000  2.917E-02  3.158E-02  3.212E-02  3.070E-02  2.751E-02
  302.5000  3.644E-02  3.924E-02  3.986E-02  3.822E-02  3.450E-02
  303.5000  6.236E-02  6.673E-02  6.769E-02  6.514E-02  5.933E-02
  304.5000  6.838E-02  7.291E-02  7.390E-02  7.126E-02  6.523E-02
  305.5000  9.068E-02  9.616E-02  9.735E-02  9.417E-02  8.685E-02
  306.5000  9.489E-02  1.004E-01  1.016E-01  9.840E-02  9.105E-02
  307.5000  1.374E-01  1.447E-01  1.463E-01  1.420E-01  1.323E-01
  308.5000  1.541E-01  1.620E-01  1.637E-01  1.591E-01  1.485E-01
  309.5000  1.361E-01  1.427E-01  1.441E-01  1.403E-01  1.313E-01
  310.5000  1.857E-01  1.943E-01  1.961E-01  1.912E-01  1.797E-01
  311.5000  2.393E-01  2.499E-01  2.522E-01  2.461E-01  2.318E-01
  312.5000  2.339E-01  2.437E-01  2.458E-01  2.402E-01  2.270E-01
  313.5000  2.654E-01  2.764E-01  2.787E-01  2.724E-01  2.577E-01
  314.5000  2.656E-01  2.760E-01  2.782E-01  2.722E-01  2.583E-01
  315.5000  2.744E-01  2.850E-01  2.873E-01  2.812E-01  2.669E-01
  316.5000  2.735E-01  2.835E-01  2.857E-01  2.799E-01  2.664E-01
  317.5000  3.867E-01  4.009E-01  4.040E-01  3.958E-01  3.767E-01
  318.5000  3.043E-01  3.150E-01  3.173E-01  3.111E-01  2.967E-01
  319.5000  3.713E-01  3.842E-01  3.870E-01  3.796E-01  3.622E-01
  320.5000  4.517E-01  4.673E-01  4.706E-01  4.617E-01  4.407E-01
  321.5000  3.835E-01  3.961E-01  3.988E-01  3.916E-01  3.745E-01
  322.5000  3.861E-01  3.992E-01  4.021E-01  3.945E-01  3.768E-01
  323.5000  3.974E-01  4.102E-01  4.130E-01  4.056E-01  3.883E-01
  324.5000  4.664E-01  4.814E-01  4.847E-01  4.760E-01  4.557E-01
  325.5000  5.228E-01  5.397E-01  5.434E-01  5.336E-01  5.108E-01
  326.5000  6.317E-01  6.510E-01  6.557E-01  6.443E-01  6.177E-01
  327.5000  5.885E-01  6.071E-01  6.111E-01  6.005E-01  5.754E-01
  328.5000  5.433E-01  5.604E-01  5.641E-01  5.542E-01  5.312E-01
  329.5000  7.029E-01  7.244E-01  7.291E-01  7.167E-01  6.877E-01
  330.5000  6.395E-01  6.592E-01  6.635E-01  6.521E-01  6.255E-01
  331.5000  6.319E-01  6.515E-01  6.556E-01  6.444E-01  6.181E-01
  332.5000  6.212E-01  6.400E-01  6.440E-01  6.332E-01  6.079E-01
  333.5000  5.840E-01  6.018E-01  6.057E-01  5.954E-01  5.714E-01
  334.5000  6.521E-01  6.719E-01  6.761E-01  6.648E-01  6.381E-01
  335.5000  6.603E-01  6.801E-01  6.843E-01  6.730E-01  6.463E-01
  336.5000  5.162E-01  5.317E-01  5.351E-01  5.261E-01  5.053E-01
  337.5000  5.669E-01  5.840E-01  5.877E-01  5.779E-01  5.548E-01
  338.5000  5.977E-01  6.155E-01  6.193E-01  6.091E-01  5.850E-01
  339.5000  6.495E-01  6.687E-01  6.729E-01  6.618E-01  6.358E-01
  340.5000  6.945E-01  7.151E-01  7.196E-01  7.077E-01  6.798E-01
  341.5000  6.163E-01  6.345E-01  6.384E-01  6.280E-01  6.034E-01
  342.5000  6.825E-01  7.026E-01  7.070E-01  6.954E-01  6.682E-01
  343.5000  7.089E-01  7.298E-01  7.343E-01  7.223E-01  6.941E-01
  344.5000  4.969E-01  5.115E-01  5.147E-01  5.062E-01  4.865E-01
  345.5000  6.802E-01  7.001E-01  7.044E-01  6.929E-01  6.660E-01
  346.5000  6.363E-01  6.550E-01  6.590E-01  6.483E-01  6.231E-01
  347.5000  6.215E-01  6.397E-01  6.437E-01  6.332E-01  6.086E-01
  348.5000  6.828E-01  7.027E-01  7.070E-01  6.956E-01  6.687E-01
  349.5000  5.721E-01  5.888E-01  5.924E-01  5.828E-01  5.602E-01
  350.5000  8.007E-01  8.240E-01  8.291E-01  8.157E-01  7.842E-01
  351.5000  6.900E-01  7.100E-01  7.144E-01  7.028E-01  6.757E-01
  352.5000  6.221E-01  6.401E-01  6.440E-01  6.336E-01  6.092E-01
  353.5000  7.485E-01  7.702E-01  7.749E-01  7.624E-01  7.331E-01
  354.5000  8.098E-01  8.332E-01  8.383E-01  8.248E-01  7.932E-01
  355.5000  7.566E-01  7.784E-01  7.831E-01  7.706E-01  7.411E-01
  356.5000  7.019E-01  7.222E-01  7.265E-01  7.149E-01  6.876E-01
  357.5000  5.967E-01  6.139E-01  6.176E-01  6.077E-01  5.845E-01
  358.5000  4.603E-01  4.735E-01  4.764E-01  4.688E-01  4.509E-01
  359.5000  7.745E-01  7.967E-01  8.015E-01  7.887E-01  7.587E-01
  360.5000  7.177E-01  7.382E-01  7.426E-01  7.308E-01  7.031E-01
  361.5000  6.468E-01  6.653E-01  6.693E-01  6.587E-01  6.337E-01
  362.5000  7.593E-01  7.810E-01  7.857E-01  7.732E-01  7.439E-01
  363.5000  6.753E-01  6.945E-01  6.987E-01  6.876E-01  6.616E-01
  364.5000  7.364E-01  7.574E-01  7.619E-01  7.499E-01  7.215E-01
  365.5000  8.971E-01  9.226E-01  9.281E-01  9.134E-01  8.790E-01
  366.5000  9.491E-01  9.761E-01  9.819E-01  9.664E-01  9.300E-01
  367.5000  9.009E-01  9.265E-01  9.320E-01  9.173E-01  8.828E-01
  368.5000  7.912E-01  8.136E-01  8.184E-01  8.056E-01  7.753E-01
  369.5000  9.488E-01  9.756E-01  9.814E-01  9.660E-01  9.297E-01
  370.5000  8.606E-01  8.849E-01  8.901E-01  8.761E-01  8.433E-01
  371.5000  9.844E-01  1.012E+00  1.018E+00  1.002E+00  9.647E-01
  372.5000  7.269E-01  7.474E-01  7.518E-01  7.401E-01  7.124E-01
  373.5000  6.569E-01  6.754E-01  6.794E-01  6.687E-01  6.438E-01
  374.5000  7.208E-01  7.410E-01  7.454E-01  7.338E-01  7.064E-01
  375.5000  8.130E-01  8.358E-01  8.407E-01  8.276E-01  7.968E-01
  376.5000  8.117E-01  8.344E-01  8.393E-01  8.262E-01  7.955E-01
  377.5000  9.663E-01  9.933E-01  9.991E-01  9.836E-01  9.471E-01
  378.5000  1.053E+00  1.082E+00  1.089E+00  1.072E+00  1.032E+00
  379.5000  7.788E-01  8.005E-01  8.052E-01  7.927E-01  7.634E-01
  380.5000  9.364E-01  9.624E-01  9.681E-01  9.531E-01  9.178E-01
  381.5000  8.797E-01  9.041E-01  9.094E-01  8.954E-01  8.623E-01
  382.5000  5.860E-01  6.023E-01  6.058E-01  5.965E-01  5.744E-01
  383.5000  5.145E-01  5.287E-01  5.318E-01  5.236E-01  5.043E-01
  384.5000  7.719E-01  7.933E-01  7.979E-01  7.856E-01  7.567E-01
  385.5000  7.635E-01  7.846E-01  7.892E-01  7.771E-01  7.485E-01
  386.5000  7.781E-01  7.996E-01  8.042E-01  7.919E-01  7.628E-01
  387.5000  7.230E-01  7.429E-01  7.472E-01  7.358E-01  7.088E-01
  388.5000  7.245E-01  7.445E-01  7.488E-01  7.373E-01  7.103E-01
  389.5000  9.135E-01  9.386E-01  9.441E-01  9.296E-01  8.956E-01
  390.5000  8.971E-01  9.217E-01  9.271E-01  9.129E-01  8.795E-01
  391.5000  1.064E+00  1.093E+00  1.100E+00  1.083E+00  1.043E+00
  392.5000  7.977E-01  8.196E-01  8.243E-01  8.118E-01  7.822E-01
  393.5000  3.468E-01  3.563E-01  3.583E-01  3.528E-01  3.400E-01
  394.5000  8.158E-01  8.381E-01  8.429E-01  8.301E-01  7.999E-01
  395.5000  1.049E+00  1.078E+00  1.084E+00  1.068E+00  1.029E+00
  396.5000  6.161E-01  6.329E-01  6.366E-01  6.269E-01  6.042E-01
  397.5000  7.108E-01  7.302E-01  7.344E-01  7.233E-01  6.971E-01
  398.5000  1.221E+00  1.255E+00  1.262E+00  1.243E+00  1.198E+00
  399.5000  1.270E+00  1.305E+00  1.312E+00  1.292E+00  1.245E+00
  400.5000  1.335E+00  1.371E+00  1.379E+00  1.358E+00  1.309E+00
  401.5000  1.373E+00  1.411E+00  1.419E+00  1.397E+00  1.347E+00
  402.5000  1.426E+00  1.464E+00  1.473E+00  1.450E+00  1.398E+00
  403.5000  1.305E+00  1.340E+00  1.348E+00  1.327E+00  1.279E+00
  404.5000  1.279E+00  1.314E+00  1.321E+00  1.302E+00  1.255E+00
  405.5000  1.329E+00  1.365E+00  1.372E+00  1.352E+00  1.303E+00
  406.5000  1.251E+00  1.285E+00  1.292E+00  1.273E+00  1.227E+00
  407.5000  1.261E+00  1.296E+00  1.303E+00  1.283E+00  1.237E+00
  408.5000  1.405E+00  1.443E+00  1.451E+00  1.429E+00  1.378E+00
  409.5000  1.377E+00  1.414E+00  1.422E+00  1.401E+00  1.351E+00
  410.5000  1.194E+00  1.226E+00  1.233E+00  1.214E+00  1.171E+00
  411.5000  1.435E+00  1.473E+00  1.482E+00  1.460E+00  1.407E+00
  412.5000  1.422E+00  1.460E+00  1.468E+00  1.446E+00  1.395E+00
  413.5000  1.379E+00  1.416E+00  1.424E+00  1.403E+00  1.353E+00
  414.5000  1.417E+00  1.455E+00  1.463E+00  1.441E+00  1.390E+00
  415.5000  1.355E+00  1.391E+00  1.399E+00  1.378E+00  1.329E+00
  416.5000  1.475E+00  1.514E+00  1.523E+00  1.500E+00  1.447E+00
  417.5000  1.348E+00  1.384E+00  1.392E+00  1.371E+00  1.322E+00
  418.5000  1.358E+00  1.395E+00  1.403E+00  1.382E+00  1.333E+00
  419.5000  1.403E+00  1.441E+00  1.449E+00  1.427E+00  1.376E+00
------------------------------------------------------------
Dose rates, W m-2
   1 = UV-B, 280-315 nm                                  
   2 = UV-A, 315-400 nm                                  
   3 = Gaussian, 320 nm, 10 nm FWHM                      
   4 = RB Meter, model 501                               
   5 = DNA damage, in vitro (Setlow, 1974)               
   6 = UV index (WMO, 1994; Webb et al., 2011)           
   7 = Previtamin-D3 (CIE 2006)                          
values at z =      0.000 km
Columns: time, sza, weighting spectra
time, hrs.  sza, deg.          1          2          3          4          5          6          7
   11.0000     21.574  2.048E+00  5.893E+01  3.812E-01  6.149E-01  7.742E-03  1.188E+01  5.958E-01
   11.5000     18.092  2.151E+00  6.064E+01  3.944E-01  6.488E-01  8.362E-03  1.258E+01  6.317E-01
   12.0000     17.257  2.173E+00  6.101E+01  3.972E-01  6.562E-01  8.499E-03  1.273E+01  6.396E-01
   12.5000     19.414  2.114E+00  6.003E+01  3.897E-01  6.365E-01  8.135E-03  1.232E+01  6.187E-01
   13.0000     23.763  1.976E+00  5.772E+01  3.719E-01  5.912E-01  7.316E-03  1.139E+01  5.707E-01
------------------------------------------------------------
