Spectral Irradiance, W m-2 nm-1
values at z =      0.000 km
Columns: wavelength (nm), times (hrs.) or sza (deg.)
    wc, nm     11.000     11.500     12.000     12.500     13.000
    sza =      41.808     39.298     38.066     38.237     39.790
  280.5000  7.715E-16  2.505E-15  4.250E-15  3.958E-15  2.010E-15
  281.5000  3.261E-14  9.541E-14  1.545E-13  1.448E-13  7.807E-14
  282.5000  5.562E-13  1.488E-12  2.314E-12  2.180E-12  1.238E-12
  283.5000  3.181E-12  8.030E-12  1.217E-11  1.150E-11  6.755E-12
  284.5000  4.602E-11  1.045E-10  1.510E-10  1.436E-10  8.964E-11
  285.5000  2.079E-10  4.363E-10  6.086E-10  5.819E-10  3.798E-10
  286.5000  2.988E-09  5.904E-09  8.017E-09  7.693E-09  5.198E-09
  287.5000  2.129E-08  3.935E-08  5.186E-08  4.996E-08  3.508E-08
  288.5000  1.351E-07  2.322E-07  2.962E-07  2.867E-07  2.098E-07
  289.5000  8.778E-07  1.433E-06  1.786E-06  1.733E-06  1.307E-06
  290.5000  4.049E-06  6.326E-06  7.733E-06  7.526E-06  5.820E-06
  291.5000  1.495E-05  2.224E-05  2.659E-05  2.595E-05  2.064E-05
  292.5000  4.071E-05  5.815E-05  6.827E-05  6.681E-05  5.439E-05
  293.5000  1.318E-04  1.812E-04  2.092E-04  2.052E-04  1.707E-04
  294.5000  2.738E-04  3.654E-04  4.163E-04  4.090E-04  3.462E-04
  295.5000  7.555E-04  9.773E-04  1.098E-03  1.081E-03  9.313E-04
  296.5000  1.425E-03  1.796E-03  1.993E-03  1.965E-03  1.720E-03
  297.5000  2.923E-03  3.601E-03  3.956E-03  3.906E-03  3.463E-03
  298.5000  3.691E-03  4.459E-03  4.857E-03  4.801E-03  4.304E-03
  299.5000  8.688E-03  1.031E-02  1.114E-02  1.102E-02  9.983E-03
  300.5000  8.489E-03  9.934E-03  1.067E-02  1.056E-02  9.645E-03
  301.5000  1.763E-02  2.032E-02  2.167E-02  2.148E-02  1.979E-02
  302.5000  2.264E-02  2.584E-02  2.744E-02  2.721E-02  2.521E-02
  303.5000  4.002E-02  4.515E-02  4.769E-02  4.734E-02  4.414E-02
  304.5000  4.471E-02  5.011E-02  5.277E-02  5.240E-02  4.905E-02
  305.5000  6.097E-02  6.765E-02  7.092E-02  7.047E-02  6.634E-02
  306.5000  6.458E-02  7.135E-02  7.465E-02  7.420E-02  7.002E-02
  307.5000  9.567E-02  1.048E-01  1.093E-01  1.087E-01  1.030E-01
  308.5000  1.083E-01  1.182E-01  1.231E-01  1.224E-01  1.163E-01
  309.5000  9.713E-02  1.055E-01  1.096E-01  1.090E-01  1.039E-01
  310.5000  1.340E-01  1.450E-01  1.503E-01  1.496E-01  1.429E-01
  311.5000  1.739E-01  1.877E-01  1.929E-01  1.934E-01  1.850E-01
  312.5000  1.722E-01  1.850E-01  1.912E-01  1.903E-01  1.825E-01
  313.5000  1.961E-01  2.104E-01  2.173E-01  2.148E-01  2.077E-01
  314.5000  1.984E-01  2.121E-01  2.186E-01  2.177E-01  2.094E-01
  315.5000  2.054E-01  2.194E-01  2.258E-01  2.252E-01  2.167E-01
  316.5000  2.065E-01  2.199E-01  2.263E-01  2.254E-01  2.173E-01
  317.5000  2.921E-01  3.111E-01  3.201E-01  3.189E-01  3.074E-01
  318.5000  2.317E-01  2.460E-01  2.528E-01  2.519E-01  2.432E-01
  319.5000  2.832E-01  3.005E-01  3.088E-01  3.077E-01  2.972E-01
  320.5000  3.453E-01  3.655E-01  3.761E-01  3.747E-01  3.621E-01
  321.5000  2.951E-01  3.122E-01  3.203E-01  3.192E-01  3.089E-01
  322.5000  2.959E-01  3.135E-01  3.219E-01  3.208E-01  3.101E-01
  323.5000  3.070E-01  3.244E-01  3.326E-01  3.315E-01  3.210E-01
  324.5000  3.604E-01  3.808E-01  3.905E-01  3.891E-01  3.768E-01
  325.5000  4.038E-01  4.267E-01  4.376E-01  4.361E-01  4.223E-01
  326.5000  4.906E-01  5.175E-01  5.302E-01  5.285E-01  5.123E-01
  327.5000  4.566E-01  4.818E-01  4.938E-01  4.921E-01  4.769E-01
  328.5000  4.217E-01  4.450E-01  4.560E-01  4.545E-01  4.405E-01
  329.5000  5.480E-01  5.773E-01  5.912E-01  5.893E-01  5.716E-01
  330.5000  4.980E-01  5.249E-01  5.377E-01  5.359E-01  5.197E-01
  331.5000  4.922E-01  5.188E-01  5.314E-01  5.297E-01  5.136E-01
  332.5000  4.853E-01  5.110E-01  5.232E-01  5.215E-01  5.061E-01
  333.5000  4.560E-01  4.803E-01  4.918E-01  4.902E-01  4.756E-01
  334.5000  5.097E-01  5.367E-01  5.495E-01  5.478E-01  5.315E-01
  335.5000  5.170E-01  5.440E-01  5.569E-01  5.551E-01  5.388E-01
  336.5000  4.042E-01  4.254E-01  4.355E-01  4.341E-01  4.213E-01
  337.5000  4.437E-01  4.671E-01  4.782E-01  4.767E-01  4.626E-01
  338.5000  4.686E-01  4.930E-01  5.046E-01  5.030E-01  4.883E-01
  339.5000  5.096E-01  5.360E-01  5.486E-01  5.469E-01  5.309E-01
  340.5000  5.449E-01  5.732E-01  5.867E-01  5.848E-01  5.677E-01
  341.5000  4.841E-01  5.091E-01  5.210E-01  5.193E-01  5.043E-01
  342.5000  5.364E-01  5.640E-01  5.771E-01  5.753E-01  5.587E-01
  343.5000  5.572E-01  5.860E-01  5.996E-01  5.977E-01  5.804E-01
  344.5000  3.906E-01  4.108E-01  4.203E-01  4.190E-01  4.069E-01
  345.5000  5.353E-01  5.628E-01  5.758E-01  5.740E-01  5.575E-01
  346.5000  5.009E-01  5.265E-01  5.387E-01  5.371E-01  5.216E-01
  347.5000  4.895E-01  5.145E-01  5.264E-01  5.248E-01  5.097E-01
  348.5000  5.380E-01  5.655E-01  5.785E-01  5.767E-01  5.602E-01
  349.5000  4.510E-01  4.739E-01  4.848E-01  4.833E-01  4.695E-01
  350.5000  6.315E-01  6.636E-01  6.788E-01  6.768E-01  6.574E-01
  351.5000  5.443E-01  5.720E-01  5.851E-01  5.833E-01  5.667E-01
  352.5000  4.910E-01  5.159E-01  5.277E-01  5.261E-01  5.111E-01
  353.5000  5.911E-01  6.210E-01  6.352E-01  6.332E-01  6.152E-01
  354.5000  6.398E-01  6.721E-01  6.874E-01  6.853E-01  6.659E-01
  355.5000  5.980E-01  6.282E-01  6.424E-01  6.405E-01  6.223E-01
  356.5000  5.550E-01  5.830E-01  5.962E-01  5.944E-01  5.776E-01
  357.5000  4.720E-01  4.957E-01  5.070E-01  5.055E-01  4.912E-01
  358.5000  3.643E-01  3.826E-01  3.912E-01  3.900E-01  3.790E-01
  359.5000  6.131E-01  6.439E-01  6.584E-01  6.564E-01  6.379E-01
  360.5000  5.684E-01  5.968E-01  6.103E-01  6.084E-01  5.913E-01
  361.5000  5.125E-01  5.381E-01  5.502E-01  5.485E-01  5.331E-01
  362.5000  6.019E-01  6.319E-01  6.461E-01  6.442E-01  6.261E-01
  363.5000  5.354E-01  5.621E-01  5.747E-01  5.730E-01  5.570E-01
  364.5000  5.842E-01  6.132E-01  6.270E-01  6.251E-01  6.076E-01
  365.5000  7.119E-01  7.472E-01  7.640E-01  7.617E-01  7.404E-01
  366.5000  7.535E-01  7.908E-01  8.085E-01  8.061E-01  7.836E-01
  367.5000  7.155E-01  7.509E-01  7.677E-01  7.654E-01  7.441E-01
  368.5000  6.286E-01  6.596E-01  6.744E-01  6.723E-01  6.537E-01
  369.5000  7.540E-01  7.913E-01  8.089E-01  8.065E-01  7.841E-01
  370.5000  6.842E-01  7.179E-01  7.339E-01  7.317E-01  7.114E-01
  371.5000  7.829E-01  8.215E-01  8.397E-01  8.372E-01  8.140E-01
  372.5000  5.784E-01  6.068E-01  6.203E-01  6.184E-01  6.013E-01
  373.5000  5.228E-01  5.485E-01  5.606E-01  5.590E-01  5.435E-01
  374.5000  5.739E-01  6.020E-01  6.153E-01  6.135E-01  5.966E-01
  375.5000  6.475E-01  6.792E-01  6.943E-01  6.922E-01  6.731E-01
  376.5000  6.467E-01  6.783E-01  6.933E-01  6.912E-01  6.722E-01
  377.5000  7.701E-01  8.077E-01  8.255E-01  8.231E-01  8.005E-01
  378.5000  8.395E-01  8.804E-01  8.998E-01  8.971E-01  8.725E-01
  379.5000  6.211E-01  6.514E-01  6.657E-01  6.637E-01  6.455E-01
  380.5000  7.471E-01  7.834E-01  8.006E-01  7.982E-01  7.764E-01
  381.5000  7.021E-01  7.362E-01  7.523E-01  7.501E-01  7.296E-01
  382.5000  4.679E-01  4.905E-01  5.013E-01  4.998E-01  4.862E-01
  383.5000  4.109E-01  4.308E-01  4.402E-01  4.389E-01  4.269E-01
  384.5000  6.167E-01  6.465E-01  6.606E-01  6.587E-01  6.407E-01
  385.5000  6.102E-01  6.396E-01  6.536E-01  6.517E-01  6.340E-01
  386.5000  6.220E-01  6.520E-01  6.662E-01  6.643E-01  6.463E-01
  387.5000  5.782E-01  6.060E-01  6.192E-01  6.174E-01  6.006E-01
  388.5000  5.796E-01  6.075E-01  6.206E-01  6.188E-01  6.021E-01
  389.5000  7.310E-01  7.661E-01  7.827E-01  7.804E-01  7.593E-01
  390.5000  7.180E-01  7.525E-01  7.688E-01  7.666E-01  7.459E-01
  391.5000  8.520E-01  8.928E-01  9.121E-01  9.095E-01  8.849E-01
  392.5000  6.389E-01  6.695E-01  6.840E-01  6.820E-01  6.636E-01
  393.5000  2.778E-01  2.911E-01  2.974E-01  2.965E-01  2.885E-01
  394.5000  6.538E-01  6.850E-01  6.998E-01  6.978E-01  6.790E-01
  395.5000  8.413E-01  8.814E-01  9.004E-01  8.978E-01  8.737E-01
  396.5000  4.941E-01  5.176E-01  5.287E-01  5.272E-01  5.131E-01
  397.5000  5.702E-01  5.973E-01  6.102E-01  6.084E-01  5.921E-01
  398.5000  9.799E-01  1.026E+00  1.048E+00  1.045E+00  1.018E+00
  399.5000  1.019E+00  1.068E+00  1.091E+00  1.087E+00  1.058E+00
  400.5000  1.072E+00  1.123E+00  1.147E+00  1.143E+00  1.113E+00
  401.5000  1.103E+00  1.155E+00  1.180E+00  1.176E+00  1.145E+00
  402.5000  1.145E+00  1.199E+00  1.225E+00  1.221E+00  1.189E+00
  403.5000  1.048E+00  1.098E+00  1.121E+00  1.118E+00  1.088E+00
  404.5000  1.028E+00  1.077E+00  1.100E+00  1.097E+00  1.067E+00
  405.5000  1.068E+00  1.119E+00  1.142E+00  1.139E+00  1.109E+00
  406.5000  1.006E+00  1.054E+00  1.076E+00  1.073E+00  1.045E+00
  407.5000  1.015E+00  1.062E+00  1.085E+00  1.082E+00  1.053E+00
  408.5000  1.130E+00  1.183E+00  1.208E+00  1.205E+00  1.173E+00
  409.5000  1.108E+00  1.160E+00  1.185E+00  1.181E+00  1.150E+00
  410.5000  9.612E-01  1.006E+00  1.027E+00  1.025E+00  9.975E-01
  411.5000  1.155E+00  1.210E+00  1.235E+00  1.232E+00  1.199E+00
  412.5000  1.145E+00  1.199E+00  1.224E+00  1.221E+00  1.189E+00
  413.5000  1.111E+00  1.163E+00  1.187E+00  1.184E+00  1.153E+00
  414.5000  1.142E+00  1.195E+00  1.220E+00  1.217E+00  1.185E+00
  415.5000  1.092E+00  1.143E+00  1.167E+00  1.164E+00  1.134E+00
  416.5000  1.189E+00  1.244E+00  1.271E+00  1.267E+00  1.234E+00
  417.5000  1.087E+00  1.138E+00  1.162E+00  1.158E+00  1.128E+00
  418.5000  1.096E+00  1.147E+00  1.171E+00  1.168E+00  1.137E+00
  419.5000  1.132E+00  1.185E+00  1.210E+00  1.206E+00  1.175E+00
------------------------------------------------------------
Dose rates, W m-2
   1 = UV-B, 280-315 nm                                  
   2 = UV-A, 315-400 nm                                  
   3 = Gaussian, 320 nm, 10 nm FWHM                      
   4 = RB Meter, model 501                               
   5 = DNA damage, in vitro (Setlow, 1974)               
   6 = UV index (WMO, 1994; Webb et al., 2011)           
   7 = Previtamin-D3 (CIE 2006)                          
values at z =      0.000 km
Columns: time, sza, weighting spectra
time, hrs.  sza, deg.          1          2          3          4          5          6          7
   11.0000     41.808  1.453E+00  4.660E+01  2.913E-01  4.268E-01  4.806E-03  8.121E+00  4.029E-01
   11.5000     39.298  1.581E+00  4.896E+01  3.089E-01  4.678E-01  5.473E-03  8.946E+00  4.458E-01
   12.0000     38.066  1.642E+00  5.008E+01  3.173E-01  4.877E-01  5.810E-03  9.350E+00  4.667E-01
   12.5000     38.237  1.633E+00  4.992E+01  3.162E-01  4.850E-01  5.763E-03  9.295E+00  4.638E-01
   13.0000     39.790  1.556E+00  4.850E+01  3.055E-01  4.598E-01  5.340E-03  8.784E+00  4.374E-01
------------------------------------------------------------
