Spectral Irradiance, W m-2 nm-1
values at z =      0.000 km
Columns: wavelength (nm), times (hrs.) or sza (deg.)
    wc, nm     11.000     11.500     12.000     12.500     13.000
    sza =      59.215     59.018     58.958     59.036     59.252
  280.5000  1.772E-20  1.990E-20  2.064E-20  1.968E-20  1.735E-20
  281.5000  1.743E-18  1.963E-18  2.038E-18  1.941E-18  1.706E-18
  282.5000  6.254E-17  7.049E-17  7.316E-17  6.968E-17  6.119E-17
  283.5000  5.835E-16  6.573E-16  6.820E-16  6.499E-16  5.710E-16
  284.5000  2.124E-14  2.383E-14  2.468E-14  2.357E-14  2.080E-14
  285.5000  1.922E-13  2.144E-13  2.218E-13  2.122E-13  1.883E-13
  286.5000  4.741E-12  5.264E-12  5.435E-12  5.212E-12  4.650E-12
  287.5000  6.210E-11  6.848E-11  7.055E-11  6.785E-11  6.098E-11
  288.5000  7.701E-10  8.419E-10  8.650E-10  8.348E-10  7.574E-10
  289.5000  8.103E-09  8.798E-09  9.021E-09  8.730E-09  7.980E-09
  290.5000  5.619E-08  6.063E-08  6.205E-08  6.020E-08  5.539E-08
  291.5000  3.305E-07  3.540E-07  3.615E-07  3.518E-07  3.263E-07
  292.5000  1.319E-06  1.404E-06  1.430E-06  1.395E-06  1.303E-06
  293.5000  6.125E-06  6.480E-06  6.591E-06  6.445E-06  6.061E-06
  294.5000  1.688E-05  1.776E-05  1.804E-05  1.768E-05  1.672E-05
  295.5000  6.297E-05  6.592E-05  6.684E-05  6.564E-05  6.243E-05
  296.5000  1.525E-04  1.590E-04  1.610E-04  1.583E-04  1.514E-04
  297.5000  3.898E-04  4.046E-04  4.092E-04  4.032E-04  3.871E-04
  298.5000  5.922E-04  6.126E-04  6.188E-04  6.106E-04  5.885E-04
  299.5000  1.661E-03  1.712E-03  1.728E-03  1.708E-03  1.652E-03
  300.5000  1.856E-03  1.908E-03  1.924E-03  1.903E-03  1.846E-03
  301.5000  4.458E-03  4.571E-03  4.606E-03  4.560E-03  4.437E-03
  302.5000  6.297E-03  6.445E-03  6.491E-03  6.431E-03  6.270E-03
  303.5000  1.246E-02  1.273E-02  1.281E-02  1.270E-02  1.241E-02
  304.5000  1.486E-02  1.516E-02  1.525E-02  1.513E-02  1.481E-02
  305.5000  2.233E-02  2.274E-02  2.286E-02  2.270E-02  2.226E-02
  306.5000  2.467E-02  2.510E-02  2.523E-02  2.506E-02  2.459E-02
  307.5000  3.961E-02  4.023E-02  4.042E-02  4.017E-02  3.950E-02
  308.5000  4.623E-02  4.693E-02  4.714E-02  4.686E-02  4.610E-02
  309.5000  4.376E-02  4.437E-02  4.456E-02  4.431E-02  4.364E-02
  310.5000  6.272E-02  6.355E-02  6.380E-02  6.347E-02  6.256E-02
  311.5000  8.350E-02  8.456E-02  8.489E-02  8.446E-02  8.330E-02
  312.5000  8.648E-02  8.750E-02  8.781E-02  8.741E-02  8.629E-02
  313.5000  9.955E-02  1.007E-01  1.011E-01  1.006E-01  9.934E-02
  314.5000  1.047E-01  1.058E-01  1.061E-01  1.057E-01  1.045E-01
  315.5000  1.091E-01  1.103E-01  1.106E-01  1.102E-01  1.089E-01
  316.5000  1.130E-01  1.141E-01  1.145E-01  1.140E-01  1.128E-01
  317.5000  1.600E-01  1.616E-01  1.621E-01  1.614E-01  1.597E-01
  318.5000  1.304E-01  1.316E-01  1.320E-01  1.315E-01  1.301E-01
  319.5000  1.603E-01  1.618E-01  1.622E-01  1.616E-01  1.600E-01
  320.5000  1.967E-01  1.986E-01  1.991E-01  1.984E-01  1.964E-01
  321.5000  1.724E-01  1.739E-01  1.744E-01  1.737E-01  1.721E-01
  322.5000  1.697E-01  1.713E-01  1.718E-01  1.712E-01  1.694E-01
  323.5000  1.815E-01  1.830E-01  1.835E-01  1.829E-01  1.812E-01
  324.5000  2.129E-01  2.148E-01  2.153E-01  2.146E-01  2.126E-01
  325.5000  2.378E-01  2.399E-01  2.405E-01  2.397E-01  2.374E-01
  326.5000  2.949E-01  2.973E-01  2.981E-01  2.971E-01  2.944E-01
  327.5000  2.729E-01  2.752E-01  2.759E-01  2.750E-01  2.725E-01
  328.5000  2.523E-01  2.544E-01  2.551E-01  2.542E-01  2.519E-01
  329.5000  3.328E-01  3.355E-01  3.363E-01  3.353E-01  3.323E-01
  330.5000  3.009E-01  3.034E-01  3.041E-01  3.031E-01  3.004E-01
  331.5000  2.972E-01  2.997E-01  3.004E-01  2.995E-01  2.968E-01
  332.5000  2.964E-01  2.987E-01  2.995E-01  2.985E-01  2.959E-01
  333.5000  2.774E-01  2.797E-01  2.804E-01  2.795E-01  2.770E-01
  334.5000  3.110E-01  3.136E-01  3.143E-01  3.133E-01  3.106E-01
  335.5000  3.173E-01  3.198E-01  3.206E-01  3.196E-01  3.168E-01
  336.5000  2.479E-01  2.499E-01  2.505E-01  2.497E-01  2.475E-01
  337.5000  2.714E-01  2.736E-01  2.742E-01  2.734E-01  2.710E-01
  338.5000  2.883E-01  2.906E-01  2.913E-01  2.904E-01  2.879E-01
  339.5000  3.140E-01  3.164E-01  3.172E-01  3.162E-01  3.135E-01
  340.5000  3.353E-01  3.380E-01  3.388E-01  3.377E-01  3.348E-01
  341.5000  2.989E-01  3.013E-01  3.020E-01  3.011E-01  2.985E-01
  342.5000  3.316E-01  3.342E-01  3.350E-01  3.340E-01  3.311E-01
  343.5000  3.445E-01  3.472E-01  3.480E-01  3.469E-01  3.440E-01
  344.5000  2.414E-01  2.433E-01  2.439E-01  2.431E-01  2.411E-01
  345.5000  3.319E-01  3.345E-01  3.353E-01  3.343E-01  3.314E-01
  346.5000  3.103E-01  3.127E-01  3.135E-01  3.125E-01  3.099E-01
  347.5000  3.035E-01  3.059E-01  3.066E-01  3.057E-01  3.031E-01
  348.5000  3.341E-01  3.367E-01  3.375E-01  3.364E-01  3.336E-01
  349.5000  2.802E-01  2.824E-01  2.830E-01  2.822E-01  2.798E-01
  350.5000  3.927E-01  3.958E-01  3.967E-01  3.955E-01  3.921E-01
  351.5000  3.387E-01  3.413E-01  3.421E-01  3.411E-01  3.382E-01
  352.5000  3.058E-01  3.081E-01  3.089E-01  3.079E-01  3.053E-01
  353.5000  3.685E-01  3.713E-01  3.722E-01  3.711E-01  3.680E-01
  354.5000  3.992E-01  4.023E-01  4.033E-01  4.020E-01  3.987E-01
  355.5000  3.734E-01  3.763E-01  3.772E-01  3.760E-01  3.729E-01
  356.5000  3.468E-01  3.495E-01  3.503E-01  3.492E-01  3.463E-01
  357.5000  2.952E-01  2.974E-01  2.981E-01  2.972E-01  2.947E-01
  358.5000  2.280E-01  2.297E-01  2.303E-01  2.296E-01  2.276E-01
  359.5000  3.840E-01  3.869E-01  3.878E-01  3.867E-01  3.834E-01
  360.5000  3.562E-01  3.589E-01  3.598E-01  3.587E-01  3.557E-01
  361.5000  3.214E-01  3.239E-01  3.246E-01  3.237E-01  3.210E-01
  362.5000  3.778E-01  3.807E-01  3.815E-01  3.804E-01  3.772E-01
  363.5000  3.363E-01  3.389E-01  3.397E-01  3.387E-01  3.359E-01
  364.5000  3.672E-01  3.700E-01  3.708E-01  3.697E-01  3.667E-01
  365.5000  4.478E-01  4.512E-01  4.522E-01  4.508E-01  4.471E-01
  366.5000  4.743E-01  4.779E-01  4.790E-01  4.775E-01  4.736E-01
  367.5000  4.507E-01  4.541E-01  4.551E-01  4.538E-01  4.500E-01
  368.5000  3.962E-01  3.992E-01  4.001E-01  3.989E-01  3.957E-01
  369.5000  4.756E-01  4.792E-01  4.803E-01  4.789E-01  4.750E-01
  370.5000  4.318E-01  4.351E-01  4.361E-01  4.348E-01  4.312E-01
  371.5000  4.945E-01  4.982E-01  4.994E-01  4.979E-01  4.938E-01
  372.5000  3.656E-01  3.683E-01  3.692E-01  3.681E-01  3.650E-01
  373.5000  3.307E-01  3.332E-01  3.339E-01  3.329E-01  3.302E-01
  374.5000  3.632E-01  3.659E-01  3.668E-01  3.657E-01  3.627E-01
  375.5000  4.101E-01  4.132E-01  4.141E-01  4.129E-01  4.095E-01
  376.5000  4.098E-01  4.129E-01  4.138E-01  4.126E-01  4.093E-01
  377.5000  4.884E-01  4.920E-01  4.932E-01  4.917E-01  4.877E-01
  378.5000  5.327E-01  5.367E-01  5.379E-01  5.363E-01  5.320E-01
  379.5000  3.944E-01  3.973E-01  3.982E-01  3.971E-01  3.939E-01
  380.5000  4.747E-01  4.782E-01  4.793E-01  4.779E-01  4.740E-01
  381.5000  4.464E-01  4.497E-01  4.507E-01  4.494E-01  4.457E-01
  382.5000  2.976E-01  2.999E-01  3.005E-01  2.997E-01  2.972E-01
  383.5000  2.616E-01  2.635E-01  2.641E-01  2.633E-01  2.612E-01
  384.5000  3.928E-01  3.957E-01  3.966E-01  3.955E-01  3.923E-01
  385.5000  3.889E-01  3.918E-01  3.927E-01  3.915E-01  3.884E-01
  386.5000  3.967E-01  3.997E-01  4.006E-01  3.994E-01  3.962E-01
  387.5000  3.690E-01  3.717E-01  3.725E-01  3.714E-01  3.685E-01
  388.5000  3.701E-01  3.728E-01  3.737E-01  3.726E-01  3.696E-01
  389.5000  4.670E-01  4.705E-01  4.715E-01  4.702E-01  4.664E-01
  390.5000  4.591E-01  4.625E-01  4.635E-01  4.621E-01  4.585E-01
  391.5000  5.450E-01  5.490E-01  5.502E-01  5.486E-01  5.443E-01
  392.5000  4.090E-01  4.120E-01  4.129E-01  4.117E-01  4.084E-01
  393.5000  1.779E-01  1.792E-01  1.796E-01  1.791E-01  1.777E-01
  394.5000  4.190E-01  4.221E-01  4.230E-01  4.218E-01  4.184E-01
  395.5000  5.395E-01  5.434E-01  5.446E-01  5.430E-01  5.387E-01
  396.5000  3.170E-01  3.193E-01  3.200E-01  3.191E-01  3.166E-01
  397.5000  3.661E-01  3.687E-01  3.695E-01  3.685E-01  3.656E-01
  398.5000  6.294E-01  6.340E-01  6.354E-01  6.336E-01  6.286E-01
  399.5000  6.552E-01  6.599E-01  6.614E-01  6.595E-01  6.543E-01
  400.5000  6.893E-01  6.943E-01  6.958E-01  6.938E-01  6.883E-01
  401.5000  7.096E-01  7.148E-01  7.164E-01  7.143E-01  7.087E-01
  402.5000  7.372E-01  7.426E-01  7.442E-01  7.421E-01  7.362E-01
  403.5000  6.753E-01  6.801E-01  6.816E-01  6.797E-01  6.743E-01
  404.5000  6.627E-01  6.675E-01  6.690E-01  6.671E-01  6.618E-01
  405.5000  6.889E-01  6.939E-01  6.954E-01  6.934E-01  6.880E-01
  406.5000  6.493E-01  6.540E-01  6.554E-01  6.536E-01  6.485E-01
  407.5000  6.551E-01  6.598E-01  6.612E-01  6.593E-01  6.542E-01
  408.5000  7.300E-01  7.353E-01  7.369E-01  7.348E-01  7.291E-01
  409.5000  7.161E-01  7.213E-01  7.229E-01  7.208E-01  7.152E-01
  410.5000  6.214E-01  6.259E-01  6.273E-01  6.255E-01  6.206E-01
  411.5000  7.474E-01  7.528E-01  7.544E-01  7.523E-01  7.465E-01
  412.5000  7.413E-01  7.466E-01  7.482E-01  7.461E-01  7.403E-01
  413.5000  7.194E-01  7.246E-01  7.262E-01  7.241E-01  7.185E-01
  414.5000  7.399E-01  7.452E-01  7.468E-01  7.447E-01  7.389E-01
  415.5000  7.082E-01  7.132E-01  7.147E-01  7.127E-01  7.072E-01
  416.5000  7.712E-01  7.767E-01  7.784E-01  7.762E-01  7.702E-01
  417.5000  7.055E-01  7.105E-01  7.120E-01  7.100E-01  7.045E-01
  418.5000  7.114E-01  7.165E-01  7.180E-01  7.160E-01  7.105E-01
  419.5000  7.354E-01  7.406E-01  7.422E-01  7.401E-01  7.344E-01
------------------------------------------------------------
Dose rates, W m-2
   1 = UV-B, 280-315 nm                                  
   2 = UV-A, 315-400 nm                                  
   3 = Gaussian, 320 nm, 10 nm FWHM                      
   4 = RB Meter, model 501                               
   5 = DNA damage, in vitro (Setlow, 1974)               
   6 = UV index (WMO, 1994; Webb et al., 2011)           
   7 = Previtamin-D3 (CIE 2006)                          
values at z =      0.000 km
Columns: time, sza, weighting spectra
time, hrs.  sza, deg.          1          2          3          4          5          6          7
   11.0000     59.215  6.563E-01  2.907E+01  1.659E-01  1.844E-01  1.531E-03  3.438E+00  1.582E-01
   11.5000     59.018  6.653E-01  2.929E+01  1.675E-01  1.870E-01  1.560E-03  3.486E+00  1.607E-01
   12.0000     58.958  6.680E-01  2.936E+01  1.679E-01  1.878E-01  1.569E-03  3.501E+00  1.615E-01
   12.5000     59.036  6.644E-01  2.927E+01  1.673E-01  1.868E-01  1.558E-03  3.482E+00  1.605E-01
   13.0000     59.252  6.547E-01  2.903E+01  1.656E-01  1.839E-01  1.526E-03  3.429E+00  1.577E-01
------------------------------------------------------------
