Spectral Irradiance, W m-2 nm-1
values at z =      0.000 km
Columns: wavelength (nm), times (hrs.) or sza (deg.)
    wc, nm     11.000     11.500     12.000     12.500     13.000
    sza =      34.655     32.786     32.376     33.478     35.956
  280.5000  9.677E-16  1.934E-15  2.233E-15  1.507E-15  5.755E-16
  281.5000  4.039E-14  7.592E-14  8.657E-14  6.049E-14  2.515E-14
  282.5000  6.814E-13  1.215E-12  1.371E-12  9.867E-13  4.414E-13
  283.5000  3.870E-12  6.671E-12  7.471E-12  5.484E-12  2.573E-12
  284.5000  5.527E-11  8.951E-11  9.896E-11  7.525E-11  3.850E-11
  285.5000  2.473E-10  3.825E-10  4.188E-10  3.269E-10  1.783E-10
  286.5000  3.529E-09  5.268E-09  5.727E-09  4.561E-09  2.613E-09
  287.5000  2.495E-08  3.581E-08  3.861E-08  3.144E-08  1.902E-08
  288.5000  1.570E-07  2.159E-07  2.307E-07  1.925E-07  1.236E-07
  289.5000  1.014E-06  1.353E-06  1.436E-06  1.219E-06  8.168E-07
  290.5000  4.653E-06  6.051E-06  6.391E-06  5.505E-06  3.822E-06
  291.5000  1.709E-05  2.158E-05  2.266E-05  1.984E-05  1.434E-05
  292.5000  4.631E-05  5.713E-05  5.969E-05  5.297E-05  3.958E-05
  293.5000  1.493E-04  1.801E-04  1.873E-04  1.684E-04  1.298E-04
  294.5000  3.092E-04  3.665E-04  3.797E-04  3.447E-04  2.723E-04
  295.5000  8.506E-04  9.897E-04  1.021E-03  9.372E-04  7.596E-04
  296.5000  1.600E-03  1.834E-03  1.886E-03  1.746E-03  1.446E-03
  297.5000  3.276E-03  3.703E-03  3.799E-03  3.543E-03  2.989E-03
  298.5000  4.129E-03  4.614E-03  4.723E-03  4.433E-03  3.800E-03
  299.5000  9.705E-03  1.073E-02  1.096E-02  1.035E-02  9.004E-03
  300.5000  9.472E-03  1.039E-02  1.059E-02  1.005E-02  8.842E-03
  301.5000  1.965E-02  2.135E-02  2.173E-02  2.072E-02  1.846E-02
  302.5000  2.521E-02  2.724E-02  2.769E-02  2.649E-02  2.380E-02
  303.5000  4.453E-02  4.778E-02  4.849E-02  4.658E-02  4.225E-02
  304.5000  4.972E-02  5.315E-02  5.389E-02  5.189E-02  4.732E-02
  305.5000  6.774E-02  7.198E-02  7.290E-02  7.042E-02  6.475E-02
  306.5000  7.172E-02  7.601E-02  7.695E-02  7.444E-02  6.869E-02
  307.5000  1.062E-01  1.120E-01  1.132E-01  1.098E-01  1.020E-01
  308.5000  1.201E-01  1.264E-01  1.278E-01  1.241E-01  1.156E-01
  309.5000  1.077E-01  1.130E-01  1.141E-01  1.110E-01  1.039E-01
  310.5000  1.485E-01  1.554E-01  1.569E-01  1.529E-01  1.435E-01
  311.5000  1.926E-01  2.014E-01  2.033E-01  1.982E-01  1.864E-01
  312.5000  1.906E-01  1.987E-01  2.005E-01  1.958E-01  1.849E-01
  313.5000  2.170E-01  2.261E-01  2.280E-01  2.228E-01  2.105E-01
  314.5000  2.194E-01  2.281E-01  2.299E-01  2.249E-01  2.119E-01
  315.5000  2.271E-01  2.360E-01  2.379E-01  2.328E-01  2.208E-01
  316.5000  2.282E-01  2.367E-01  2.385E-01  2.336E-01  2.222E-01
  317.5000  3.229E-01  3.348E-01  3.373E-01  3.304E-01  3.143E-01
  318.5000  2.559E-01  2.649E-01  2.669E-01  2.617E-01  2.495E-01
  319.5000  3.128E-01  3.237E-01  3.260E-01  3.196E-01  3.049E-01
  320.5000  3.813E-01  3.944E-01  3.972E-01  3.896E-01  3.719E-01
  321.5000  3.258E-01  3.358E-01  3.389E-01  3.327E-01  3.181E-01
  322.5000  3.266E-01  3.377E-01  3.400E-01  3.336E-01  3.186E-01
  323.5000  3.388E-01  3.497E-01  3.520E-01  3.457E-01  3.310E-01
  324.5000  3.976E-01  4.104E-01  4.131E-01  4.057E-01  3.884E-01
  325.5000  4.454E-01  4.597E-01  4.628E-01  4.538E-01  4.350E-01
  326.5000  5.411E-01  5.579E-01  5.615E-01  5.518E-01  5.290E-01
  327.5000  5.034E-01  5.192E-01  5.226E-01  5.135E-01  4.920E-01
  328.5000  4.649E-01  4.794E-01  4.826E-01  4.741E-01  4.544E-01
  329.5000  6.039E-01  6.222E-01  6.262E-01  6.156E-01  5.907E-01
  330.5000  5.487E-01  5.655E-01  5.691E-01  5.594E-01  5.366E-01
  331.5000  5.422E-01  5.588E-01  5.624E-01  5.528E-01  5.302E-01
  332.5000  5.345E-01  5.506E-01  5.540E-01  5.448E-01  5.230E-01
  333.5000  5.021E-01  5.173E-01  5.206E-01  5.118E-01  4.912E-01
  334.5000  5.611E-01  5.780E-01  5.816E-01  5.719E-01  5.490E-01
  335.5000  5.690E-01  5.859E-01  5.896E-01  5.798E-01  5.569E-01
  336.5000  4.448E-01  4.581E-01  4.609E-01  4.532E-01  4.353E-01
  337.5000  4.882E-01  5.028E-01  5.059E-01  4.975E-01  4.777E-01
  338.5000  5.155E-01  5.307E-01  5.340E-01  5.251E-01  5.045E-01
  339.5000  5.604E-01  5.769E-01  5.804E-01  5.709E-01  5.485E-01
  340.5000  5.991E-01  6.168E-01  6.205E-01  6.103E-01  5.863E-01
  341.5000  5.321E-01  5.477E-01  5.511E-01  5.421E-01  5.209E-01
  342.5000  5.895E-01  6.067E-01  6.104E-01  6.005E-01  5.771E-01
  343.5000  6.123E-01  6.302E-01  6.340E-01  6.237E-01  5.994E-01
  344.5000  4.291E-01  4.417E-01  4.444E-01  4.371E-01  4.201E-01
  345.5000  5.880E-01  6.051E-01  6.087E-01  5.988E-01  5.757E-01
  346.5000  5.500E-01  5.660E-01  5.694E-01  5.602E-01  5.385E-01
  347.5000  5.374E-01  5.530E-01  5.563E-01  5.473E-01  5.261E-01
  348.5000  5.906E-01  6.077E-01  6.113E-01  6.014E-01  5.783E-01
  349.5000  4.949E-01  5.092E-01  5.123E-01  5.040E-01  4.846E-01
  350.5000  6.929E-01  7.129E-01  7.171E-01  7.056E-01  6.785E-01
  351.5000  5.971E-01  6.143E-01  6.180E-01  6.081E-01  5.847E-01
  352.5000  5.385E-01  5.540E-01  5.573E-01  5.483E-01  5.273E-01
  353.5000  6.482E-01  6.668E-01  6.707E-01  6.600E-01  6.348E-01
  354.5000  7.014E-01  7.215E-01  7.258E-01  7.142E-01  6.870E-01
  355.5000  6.555E-01  6.742E-01  6.782E-01  6.674E-01  6.420E-01
  356.5000  6.082E-01  6.256E-01  6.293E-01  6.193E-01  5.957E-01
  357.5000  5.172E-01  5.319E-01  5.351E-01  5.265E-01  5.066E-01
  358.5000  3.991E-01  4.104E-01  4.128E-01  4.063E-01  3.909E-01
  359.5000  6.715E-01  6.906E-01  6.947E-01  6.837E-01  6.578E-01
  360.5000  6.224E-01  6.400E-01  6.438E-01  6.336E-01  6.097E-01
  361.5000  5.611E-01  5.770E-01  5.804E-01  5.712E-01  5.496E-01
  362.5000  6.588E-01  6.774E-01  6.814E-01  6.707E-01  6.454E-01
  363.5000  5.860E-01  6.026E-01  6.061E-01  5.965E-01  5.741E-01
  364.5000  6.392E-01  6.572E-01  6.611E-01  6.507E-01  6.262E-01
  365.5000  7.788E-01  8.007E-01  8.054E-01  7.928E-01  7.630E-01
  366.5000  8.242E-01  8.473E-01  8.523E-01  8.389E-01  8.075E-01
  367.5000  7.824E-01  8.044E-01  8.091E-01  7.964E-01  7.666E-01
  368.5000  6.873E-01  7.065E-01  7.107E-01  6.995E-01  6.734E-01
  369.5000  8.243E-01  8.474E-01  8.523E-01  8.390E-01  8.077E-01
  370.5000  7.478E-01  7.687E-01  7.732E-01  7.611E-01  7.328E-01
  371.5000  8.556E-01  8.795E-01  8.846E-01  8.708E-01  8.384E-01
  372.5000  6.319E-01  6.495E-01  6.533E-01  6.431E-01  6.193E-01
  373.5000  5.712E-01  5.870E-01  5.904E-01  5.813E-01  5.597E-01
  374.5000  6.268E-01  6.442E-01  6.480E-01  6.379E-01  6.143E-01
  375.5000  7.072E-01  7.268E-01  7.310E-01  7.196E-01  6.930E-01
  376.5000  7.061E-01  7.257E-01  7.298E-01  7.185E-01  6.920E-01
  377.5000  8.408E-01  8.640E-01  8.690E-01  8.555E-01  8.240E-01
  378.5000  9.163E-01  9.416E-01  9.470E-01  9.324E-01  8.980E-01
  379.5000  6.779E-01  6.965E-01  7.006E-01  6.897E-01  6.644E-01
  380.5000  8.151E-01  8.376E-01  8.424E-01  8.294E-01  7.990E-01
  381.5000  7.659E-01  7.870E-01  7.915E-01  7.793E-01  7.507E-01
  382.5000  5.103E-01  5.243E-01  5.273E-01  5.192E-01  5.002E-01
  383.5000  4.481E-01  4.604E-01  4.630E-01  4.559E-01  4.392E-01
  384.5000  6.724E-01  6.908E-01  6.948E-01  6.841E-01  6.591E-01
  385.5000  6.652E-01  6.834E-01  6.873E-01  6.768E-01  6.521E-01
  386.5000  6.781E-01  6.966E-01  7.005E-01  6.898E-01  6.647E-01
  387.5000  6.301E-01  6.473E-01  6.510E-01  6.411E-01  6.177E-01
  388.5000  6.316E-01  6.488E-01  6.525E-01  6.425E-01  6.191E-01
  389.5000  7.964E-01  8.181E-01  8.227E-01  8.102E-01  7.808E-01
  390.5000  7.822E-01  8.035E-01  8.080E-01  7.957E-01  7.669E-01
  391.5000  9.279E-01  9.531E-01  9.585E-01  9.440E-01  9.098E-01
  392.5000  6.958E-01  7.147E-01  7.187E-01  7.078E-01  6.822E-01
  393.5000  3.025E-01  3.107E-01  3.124E-01  3.077E-01  2.966E-01
  394.5000  7.118E-01  7.310E-01  7.351E-01  7.240E-01  6.979E-01
  395.5000  9.158E-01  9.405E-01  9.458E-01  9.315E-01  8.979E-01
  396.5000  5.377E-01  5.522E-01  5.553E-01  5.470E-01  5.273E-01
  397.5000  6.205E-01  6.372E-01  6.408E-01  6.311E-01  6.084E-01
  398.5000  1.066E+00  1.095E+00  1.101E+00  1.084E+00  1.045E+00
  399.5000  1.109E+00  1.139E+00  1.145E+00  1.128E+00  1.087E+00
  400.5000  1.166E+00  1.197E+00  1.204E+00  1.186E+00  1.143E+00
  401.5000  1.199E+00  1.232E+00  1.239E+00  1.220E+00  1.176E+00
  402.5000  1.245E+00  1.279E+00  1.286E+00  1.266E+00  1.221E+00
  403.5000  1.140E+00  1.170E+00  1.177E+00  1.159E+00  1.118E+00
  404.5000  1.118E+00  1.148E+00  1.154E+00  1.137E+00  1.096E+00
  405.5000  1.161E+00  1.192E+00  1.199E+00  1.181E+00  1.139E+00
  406.5000  1.094E+00  1.123E+00  1.129E+00  1.112E+00  1.073E+00
  407.5000  1.103E+00  1.132E+00  1.138E+00  1.121E+00  1.081E+00
  408.5000  1.228E+00  1.261E+00  1.268E+00  1.249E+00  1.204E+00
  409.5000  1.204E+00  1.236E+00  1.243E+00  1.224E+00  1.181E+00
  410.5000  1.044E+00  1.072E+00  1.078E+00  1.062E+00  1.024E+00
  411.5000  1.255E+00  1.288E+00  1.295E+00  1.276E+00  1.231E+00
  412.5000  1.244E+00  1.277E+00  1.284E+00  1.265E+00  1.220E+00
  413.5000  1.206E+00  1.238E+00  1.245E+00  1.227E+00  1.183E+00
  414.5000  1.240E+00  1.273E+00  1.280E+00  1.261E+00  1.216E+00
  415.5000  1.186E+00  1.217E+00  1.224E+00  1.206E+00  1.163E+00
  416.5000  1.291E+00  1.325E+00  1.332E+00  1.312E+00  1.266E+00
  417.5000  1.180E+00  1.211E+00  1.218E+00  1.200E+00  1.157E+00
  418.5000  1.189E+00  1.220E+00  1.227E+00  1.209E+00  1.166E+00
  419.5000  1.228E+00  1.261E+00  1.268E+00  1.249E+00  1.205E+00
------------------------------------------------------------
Dose rates, W m-2
   1 = UV-B, 280-315 nm                                  
   2 = UV-A, 315-400 nm                                  
   3 = Gaussian, 320 nm, 10 nm FWHM                      
   4 = RB Meter, model 501                               
   5 = DNA damage, in vitro (Setlow, 1974)               
   6 = UV index (WMO, 1994; Webb et al., 2011)           
   7 = Previtamin-D3 (CIE 2006)                          
values at z =      0.000 km
Columns: time, sza, weighting spectra
time, hrs.  sza, deg.          1          2          3          4          5          6          7
   11.0000     34.655  1.610E+00  5.102E+01  3.216E-01  4.733E-01  5.349E-03  9.004E+00  4.473E-01
   11.5000     32.786  1.691E+00  5.249E+01  3.327E-01  4.993E-01  5.771E-03  9.526E+00  4.745E-01
   12.0000     32.376  1.709E+00  5.280E+01  3.351E-01  5.049E-01  5.864E-03  9.640E+00  4.804E-01
   12.5000     33.478  1.662E+00  5.195E+01  3.286E-01  4.897E-01  5.615E-03  9.334E+00  4.645E-01
   13.0000     35.956  1.551E+00  4.997E+01  3.136E-01  4.549E-01  5.058E-03  8.637E+00  4.282E-01
------------------------------------------------------------
