Spectral Irradiance, W m-2 nm-1
values at z =      0.000 km
Columns: wavelength (nm), times (hrs.) or sza (deg.)
    wc, nm     11.000     11.500     12.000     12.500     13.000
    sza =      95.037     94.620     94.494     94.660     95.117
  280.5000  1.417E-34  1.268E-33  1.878E-33  1.035E-33  6.649E-35
  281.5000  1.176E-31  8.837E-31  1.273E-30  7.323E-31  5.889E-32
  282.5000  2.596E-29  1.675E-28  2.356E-28  1.406E-28  1.376E-29
  283.5000  7.789E-28  4.550E-27  6.304E-27  3.851E-27  4.286E-28
  284.5000  2.309E-25  1.143E-24  1.543E-24  9.806E-25  1.352E-25
  285.5000  9.800E-24  4.269E-23  5.655E-23  3.702E-23  6.021E-24
  286.5000  7.869E-22  3.110E-21  4.061E-21  2.719E-21  5.017E-22
  287.5000  3.779E-20  1.348E-19  1.733E-19  1.188E-19  2.506E-20
  288.5000  1.920E-18  6.131E-18  7.756E-18  5.452E-18  1.329E-18
  289.5000  5.543E-17  1.634E-16  2.044E-16  1.463E-16  3.958E-17
  290.5000  8.949E-16  2.473E-15  3.065E-15  2.225E-15  6.555E-16
  291.5000  1.369E-14  3.532E-14  4.333E-14  3.194E-14  1.031E-14
  292.5000  1.201E-13  2.925E-13  3.561E-13  2.657E-13  9.249E-14
  293.5000  1.171E-12  2.712E-12  3.279E-12  2.474E-12  9.212E-13
  294.5000  5.812E-12  1.292E-11  1.554E-11  1.182E-11  4.648E-12
  295.5000  4.055E-11  8.665E-11  1.036E-10  7.951E-11  3.297E-11
  296.5000  1.667E-10  3.446E-10  4.103E-10  3.171E-10  1.374E-10
  297.5000  6.801E-10  1.368E-09  1.623E-09  1.261E-09  5.672E-10
  298.5000  1.544E-09  3.037E-09  3.591E-09  2.805E-09  1.300E-09
  299.5000  6.346E-09  1.224E-08  1.443E-08  1.132E-08  5.389E-09
  300.5000  9.592E-09  1.821E-08  2.144E-08  1.687E-08  8.200E-09
  301.5000  3.220E-08  6.021E-08  7.072E-08  5.585E-08  2.771E-08
  302.5000  5.703E-08  1.055E-07  1.238E-07  9.798E-08  4.929E-08
  303.5000  1.489E-07  2.724E-07  3.190E-07  2.532E-07  1.293E-07
  304.5000  2.095E-07  3.807E-07  4.454E-07  3.541E-07  1.825E-07
  305.5000  4.069E-07  7.328E-07  8.560E-07  6.824E-07  3.558E-07
  306.5000  5.040E-07  9.036E-07  1.055E-06  8.419E-07  4.414E-07
  307.5000  1.020E-06  1.814E-06  2.115E-06  1.692E-06  8.955E-07
  308.5000  1.309E-06  2.321E-06  2.704E-06  2.165E-06  1.151E-06
  309.5000  1.469E-06  2.591E-06  3.016E-06  2.420E-06  1.294E-06
  310.5000  2.408E-06  4.229E-06  4.919E-06  3.953E-06  2.125E-06
  311.5000  3.510E-06  6.147E-06  7.146E-06  5.748E-06  3.100E-06
  312.5000  4.368E-06  7.609E-06  8.834E-06  7.122E-06  3.865E-06
  313.5000  5.283E-06  9.185E-06  1.066E-05  8.601E-06  4.678E-06
  314.5000  6.689E-06  1.157E-05  1.341E-05  1.084E-05  5.934E-06
  315.5000  7.262E-06  1.254E-05  1.452E-05  1.175E-05  6.445E-06
  316.5000  8.996E-06  1.544E-05  1.787E-05  1.450E-05  7.997E-06
  317.5000  1.280E-05  2.195E-05  2.540E-05  2.061E-05  1.138E-05
  318.5000  1.278E-05  2.178E-05  2.517E-05  2.048E-05  1.138E-05
  319.5000  1.653E-05  2.812E-05  3.248E-05  2.645E-05  1.473E-05
  320.5000  2.140E-05  3.633E-05  4.194E-05  3.418E-05  1.908E-05
  321.5000  2.502E-05  4.214E-05  4.858E-05  3.970E-05  2.236E-05
  322.5000  1.952E-05  3.306E-05  3.816E-05  3.112E-05  1.741E-05
  323.5000  3.077E-05  5.160E-05  5.946E-05  4.864E-05  2.753E-05
  324.5000  3.565E-05  5.978E-05  6.888E-05  5.635E-05  3.190E-05
  325.5000  3.715E-05  6.236E-05  7.187E-05  5.878E-05  3.323E-05
  326.5000  6.687E-05  1.115E-04  1.285E-04  1.052E-04  5.995E-05
  327.5000  5.409E-05  9.034E-05  1.040E-04  8.520E-05  4.845E-05
  328.5000  4.952E-05  8.271E-05  9.527E-05  7.801E-05  4.436E-05
  329.5000  9.315E-05  1.550E-04  1.786E-04  1.462E-04  8.358E-05
  330.5000  7.157E-05  1.192E-04  1.373E-04  1.124E-04  6.419E-05
  331.5000  6.801E-05  1.133E-04  1.305E-04  1.069E-04  6.099E-05
  332.5000  9.063E-05  1.507E-04  1.737E-04  1.421E-04  8.135E-05
  333.5000  7.392E-05  1.230E-04  1.417E-04  1.160E-04  6.633E-05
  334.5000  8.808E-05  1.465E-04  1.688E-04  1.382E-04  7.905E-05
  335.5000  1.054E-04  1.753E-04  2.021E-04  1.653E-04  9.466E-05
  336.5000  7.808E-05  1.298E-04  1.497E-04  1.224E-04  7.010E-05
  337.5000  7.610E-05  1.266E-04  1.459E-04  1.194E-04  6.831E-05
  338.5000  9.558E-05  1.590E-04  1.833E-04  1.499E-04  8.582E-05
  339.5000  1.062E-04  1.766E-04  2.037E-04  1.665E-04  9.533E-05
  340.5000  1.057E-04  1.759E-04  2.028E-04  1.658E-04  9.495E-05
  341.5000  1.033E-04  1.719E-04  1.983E-04  1.621E-04  9.279E-05
  342.5000  1.162E-04  1.935E-04  2.232E-04  1.823E-04  1.044E-04
  343.5000  1.162E-04  1.934E-04  2.231E-04  1.823E-04  1.044E-04
  344.5000  7.823E-05  1.302E-04  1.502E-04  1.227E-04  7.025E-05
  345.5000  1.181E-04  1.967E-04  2.270E-04  1.854E-04  1.061E-04
  346.5000  1.036E-04  1.725E-04  1.990E-04  1.626E-04  9.306E-05
  347.5000  1.017E-04  1.692E-04  1.953E-04  1.595E-04  9.128E-05
  348.5000  1.139E-04  1.896E-04  2.188E-04  1.787E-04  1.023E-04
  349.5000  9.482E-05  1.579E-04  1.823E-04  1.488E-04  8.514E-05
  350.5000  1.330E-04  2.216E-04  2.557E-04  2.088E-04  1.194E-04
  351.5000  1.133E-04  1.887E-04  2.178E-04  1.778E-04  1.017E-04
  352.5000  1.026E-04  1.709E-04  1.973E-04  1.611E-04  9.210E-05
  353.5000  1.245E-04  2.076E-04  2.396E-04  1.956E-04  1.118E-04
  354.5000  1.357E-04  2.262E-04  2.612E-04  2.131E-04  1.218E-04
  355.5000  1.265E-04  2.109E-04  2.435E-04  1.987E-04  1.136E-04
  356.5000  1.169E-04  1.950E-04  2.251E-04  1.837E-04  1.050E-04
  357.5000  9.885E-05  1.649E-04  1.904E-04  1.553E-04  8.875E-05
  358.5000  7.641E-05  1.275E-04  1.473E-04  1.201E-04  6.861E-05
  359.5000  1.282E-04  2.139E-04  2.470E-04  2.015E-04  1.151E-04
  360.5000  1.185E-04  1.977E-04  2.284E-04  1.862E-04  1.064E-04
  361.5000  1.068E-04  1.783E-04  2.060E-04  1.680E-04  9.590E-05
  362.5000  1.253E-04  2.092E-04  2.417E-04  1.970E-04  1.125E-04
  363.5000  1.111E-04  1.856E-04  2.145E-04  1.748E-04  9.977E-05
  364.5000  1.207E-04  2.017E-04  2.331E-04  1.899E-04  1.084E-04
  365.5000  1.463E-04  2.445E-04  2.826E-04  2.303E-04  1.314E-04
  366.5000  1.546E-04  2.584E-04  2.987E-04  2.434E-04  1.388E-04
  367.5000  1.466E-04  2.450E-04  2.833E-04  2.307E-04  1.316E-04
  368.5000  1.283E-04  2.145E-04  2.480E-04  2.020E-04  1.152E-04
  369.5000  1.534E-04  2.565E-04  2.966E-04  2.416E-04  1.377E-04
  370.5000  1.387E-04  2.320E-04  2.682E-04  2.184E-04  1.245E-04
  371.5000  1.582E-04  2.647E-04  3.061E-04  2.492E-04  1.420E-04
  372.5000  1.165E-04  1.950E-04  2.255E-04  1.836E-04  1.046E-04
  373.5000  1.049E-04  1.756E-04  2.031E-04  1.653E-04  9.413E-05
  374.5000  1.147E-04  1.920E-04  2.221E-04  1.808E-04  1.029E-04
  375.5000  1.290E-04  2.160E-04  2.499E-04  2.034E-04  1.158E-04
  376.5000  1.284E-04  2.151E-04  2.489E-04  2.025E-04  1.152E-04
  377.5000  1.524E-04  2.553E-04  2.955E-04  2.404E-04  1.367E-04
  378.5000  1.654E-04  2.773E-04  3.210E-04  2.611E-04  1.485E-04
  379.5000  1.219E-04  2.044E-04  2.366E-04  1.925E-04  1.094E-04
  380.5000  1.461E-04  2.451E-04  2.837E-04  2.307E-04  1.312E-04
  381.5000  1.369E-04  2.296E-04  2.658E-04  2.161E-04  1.228E-04
  382.5000  9.087E-05  1.525E-04  1.765E-04  1.435E-04  8.155E-05
  383.5000  7.950E-05  1.334E-04  1.545E-04  1.256E-04  7.135E-05
  384.5000  1.189E-04  1.996E-04  2.312E-04  1.879E-04  1.067E-04
  385.5000  1.172E-04  1.968E-04  2.280E-04  1.853E-04  1.052E-04
  386.5000  1.191E-04  2.000E-04  2.317E-04  1.882E-04  1.068E-04
  387.5000  1.103E-04  1.853E-04  2.146E-04  1.744E-04  9.893E-05
  388.5000  1.101E-04  1.851E-04  2.144E-04  1.742E-04  9.879E-05
  389.5000  1.384E-04  2.326E-04  2.695E-04  2.189E-04  1.241E-04
  390.5000  1.354E-04  2.277E-04  2.639E-04  2.143E-04  1.215E-04
  391.5000  1.601E-04  2.693E-04  3.121E-04  2.534E-04  1.436E-04
  392.5000  1.196E-04  2.013E-04  2.333E-04  1.894E-04  1.073E-04
  393.5000  5.181E-05  8.720E-05  1.011E-04  8.206E-05  4.648E-05
  394.5000  1.215E-04  2.045E-04  2.371E-04  1.924E-04  1.090E-04
  395.5000  1.557E-04  2.622E-04  3.040E-04  2.467E-04  1.397E-04
  396.5000  9.111E-05  1.535E-04  1.780E-04  1.444E-04  8.172E-05
  397.5000  1.048E-04  1.766E-04  2.048E-04  1.661E-04  9.398E-05
  398.5000  1.794E-04  3.024E-04  3.508E-04  2.846E-04  1.609E-04
  399.5000  1.859E-04  3.135E-04  3.637E-04  2.950E-04  1.668E-04
  400.5000  1.948E-04  3.285E-04  3.811E-04  3.091E-04  1.747E-04
  401.5000  1.996E-04  3.368E-04  3.908E-04  3.169E-04  1.790E-04
  402.5000  2.065E-04  3.485E-04  4.044E-04  3.278E-04  1.852E-04
  403.5000  1.883E-04  3.179E-04  3.690E-04  2.991E-04  1.689E-04
  404.5000  1.841E-04  3.109E-04  3.608E-04  2.924E-04  1.651E-04
  405.5000  1.905E-04  3.219E-04  3.737E-04  3.028E-04  1.709E-04
  406.5000  1.788E-04  3.021E-04  3.508E-04  2.842E-04  1.603E-04
  407.5000  1.795E-04  3.034E-04  3.524E-04  2.854E-04  1.609E-04
  408.5000  1.991E-04  3.367E-04  3.910E-04  3.167E-04  1.785E-04
  409.5000  1.944E-04  3.289E-04  3.820E-04  3.093E-04  1.743E-04
  410.5000  1.680E-04  2.842E-04  3.302E-04  2.674E-04  1.506E-04
  411.5000  2.012E-04  3.406E-04  3.957E-04  3.204E-04  1.804E-04
  412.5000  1.988E-04  3.366E-04  3.911E-04  3.166E-04  1.782E-04
  413.5000  1.922E-04  3.255E-04  3.783E-04  3.062E-04  1.723E-04
  414.5000  1.968E-04  3.334E-04  3.875E-04  3.136E-04  1.764E-04
  415.5000  1.875E-04  3.177E-04  3.693E-04  2.988E-04  1.680E-04
  416.5000  2.032E-04  3.445E-04  4.005E-04  3.240E-04  1.821E-04
  417.5000  1.850E-04  3.138E-04  3.648E-04  2.951E-04  1.658E-04
  418.5000  1.858E-04  3.153E-04  3.666E-04  2.965E-04  1.665E-04
  419.5000  1.913E-04  3.247E-04  3.776E-04  3.053E-04  1.714E-04
------------------------------------------------------------
Dose rates, W m-2
   1 = UV-B, 280-315 nm                                  
   2 = UV-A, 315-400 nm                                  
   3 = Gaussian, 320 nm, 10 nm FWHM                      
   4 = RB Meter, model 501                               
   5 = DNA damage, in vitro (Setlow, 1974)               
   6 = UV index (WMO, 1994; Webb et al., 2011)           
   7 = Previtamin-D3 (CIE 2006)                          
values at z =      0.000 km
Columns: time, sza, weighting spectra
time, hrs.  sza, deg.          1          2          3          4          5          6          7
   11.0000     95.037  2.743E-05  8.667E-03  2.152E-05  1.072E-05  5.201E-08  3.043E-04  5.144E-06
   11.5000     94.620  4.795E-05  1.450E-02  3.631E-05  1.841E-05  9.020E-08  5.159E-04  9.032E-06
   12.0000     94.494  5.571E-05  1.676E-02  4.189E-05  2.132E-05  1.047E-07  5.967E-04  1.050E-05
   12.5000     94.660  4.486E-05  1.366E-02  3.419E-05  1.728E-05  8.451E-08  4.850E-04  8.445E-06
   13.0000     95.117  2.424E-05  7.778E-03  1.922E-05  9.528E-06  4.607E-08  2.717E-04  4.539E-06
------------------------------------------------------------
