Spectral Irradiance, W m-2 nm-1
values at z =      0.000 km
Columns: wavelength (nm), times (hrs.) or sza (deg.)
    wc, nm     11.000     11.500     12.000     12.500     13.000
    sza =      80.269     79.660     79.425     79.567     80.083
  280.5000  7.321E-30  7.665E-30  7.800E-30  7.718E-30  7.426E-30
  281.5000  3.439E-27  3.601E-27  3.665E-27  3.627E-27  3.488E-27
  282.5000  4.649E-25  4.871E-25  4.958E-25  4.906E-25  4.717E-25
  283.5000  1.016E-23  1.065E-23  1.084E-23  1.072E-23  1.031E-23
  284.5000  1.724E-21  1.808E-21  1.841E-21  1.821E-21  1.750E-21
  285.5000  4.828E-20  5.066E-20  5.160E-20  5.103E-20  4.901E-20
  286.5000  2.823E-18  2.964E-18  3.019E-18  2.986E-18  2.865E-18
  287.5000  9.609E-17  1.010E-16  1.029E-16  1.017E-16  9.757E-17
  288.5000  3.374E-15  3.550E-15  3.619E-15  3.577E-15  3.428E-15
  289.5000  7.494E-14  7.891E-14  8.049E-14  7.953E-14  7.615E-14
  290.5000  9.754E-13  1.028E-12  1.049E-12  1.036E-12  9.914E-13
  291.5000  1.179E-11  1.245E-11  1.271E-11  1.255E-11  1.199E-11
  292.5000  8.561E-11  9.052E-11  9.247E-11  9.129E-11  8.709E-11
  293.5000  7.046E-10  7.464E-10  7.631E-10  7.530E-10  7.172E-10
  294.5000  3.070E-09  3.258E-09  3.333E-09  3.288E-09  3.127E-09
  295.5000  1.886E-08  2.007E-08  2.055E-08  2.025E-08  1.923E-08
  296.5000  7.024E-08  7.489E-08  7.676E-08  7.563E-08  7.164E-08
  297.5000  2.653E-07  2.836E-07  2.910E-07  2.865E-07  2.708E-07
  298.5000  5.691E-07  6.102E-07  6.268E-07  6.167E-07  5.814E-07
  299.5000  2.246E-06  2.416E-06  2.486E-06  2.444E-06  2.297E-06
  300.5000  3.320E-06  3.586E-06  3.695E-06  3.628E-06  3.399E-06
  301.5000  1.107E-05  1.203E-05  1.243E-05  1.219E-05  1.136E-05
  302.5000  1.976E-05  2.160E-05  2.237E-05  2.190E-05  2.030E-05
  303.5000  5.333E-05  5.890E-05  6.127E-05  5.982E-05  5.496E-05
  304.5000  7.759E-05  8.638E-05  9.015E-05  8.784E-05  8.015E-05
  305.5000  1.647E-04  1.861E-04  1.953E-04  1.897E-04  1.709E-04
  306.5000  2.147E-04  2.442E-04  2.570E-04  2.492E-04  2.232E-04
  307.5000  5.017E-04  5.779E-04  6.106E-04  5.906E-04  5.238E-04
  308.5000  6.869E-04  7.940E-04  8.398E-04  8.118E-04  7.180E-04
  309.5000  8.863E-04  1.028E-03  1.088E-03  1.052E-03  9.277E-04
  310.5000  1.622E-03  1.881E-03  1.990E-03  1.923E-03  1.698E-03
  311.5000  2.557E-03  2.961E-03  3.131E-03  3.027E-03  2.676E-03
  312.5000  3.685E-03  4.240E-03  4.470E-03  4.330E-03  3.849E-03
  313.5000  4.588E-03  5.269E-03  5.550E-03  5.379E-03  4.790E-03
  314.5000  6.561E-03  7.461E-03  7.829E-03  7.605E-03  6.829E-03
  315.5000  7.187E-03  8.159E-03  8.555E-03  8.314E-03  7.477E-03
  316.5000  9.569E-03  1.076E-02  1.124E-02  1.094E-02  9.925E-03
  317.5000  1.354E-02  1.522E-02  1.590E-02  1.548E-02  1.404E-02
  318.5000  1.400E-02  1.558E-02  1.621E-02  1.583E-02  1.448E-02
  319.5000  1.800E-02  1.999E-02  2.078E-02  2.030E-02  1.860E-02
  320.5000  2.334E-02  2.586E-02  2.686E-02  2.625E-02  2.410E-02
  321.5000  2.563E-02  2.807E-02  2.904E-02  2.845E-02  2.637E-02
  322.5000  2.115E-02  2.338E-02  2.426E-02  2.373E-02  2.182E-02
  323.5000  2.983E-02  3.251E-02  3.357E-02  3.293E-02  3.065E-02
  324.5000  3.460E-02  3.774E-02  3.898E-02  3.823E-02  3.555E-02
  325.5000  3.724E-02  4.069E-02  4.206E-02  4.123E-02  3.828E-02
  326.5000  5.582E-02  6.040E-02  6.220E-02  6.111E-02  5.721E-02
  327.5000  4.853E-02  5.269E-02  5.433E-02  5.333E-02  4.979E-02
  328.5000  4.495E-02  4.879E-02  5.031E-02  4.939E-02  4.611E-02
  329.5000  6.831E-02  7.361E-02  7.569E-02  7.443E-02  6.992E-02
  330.5000  5.818E-02  6.289E-02  6.475E-02  6.362E-02  5.961E-02
  331.5000  5.677E-02  6.141E-02  6.324E-02  6.213E-02  5.818E-02
  332.5000  6.274E-02  6.750E-02  6.936E-02  6.823E-02  6.419E-02
  333.5000  5.617E-02  6.057E-02  6.231E-02  6.126E-02  5.750E-02
  334.5000  6.442E-02  6.939E-02  7.135E-02  7.016E-02  6.593E-02
  335.5000  6.903E-02  7.416E-02  7.617E-02  7.495E-02  7.059E-02
  336.5000  5.315E-02  5.715E-02  5.872E-02  5.777E-02  5.437E-02
  337.5000  5.619E-02  6.054E-02  6.225E-02  6.121E-02  5.751E-02
  338.5000  6.288E-02  6.755E-02  6.939E-02  6.828E-02  6.430E-02
  339.5000  6.895E-02  7.405E-02  7.605E-02  7.484E-02  7.050E-02
  340.5000  7.225E-02  7.768E-02  7.981E-02  7.852E-02  7.390E-02
  341.5000  6.614E-02  7.101E-02  7.292E-02  7.177E-02  6.762E-02
  342.5000  7.373E-02  7.914E-02  8.127E-02  7.998E-02  7.538E-02
  343.5000  7.589E-02  8.151E-02  8.371E-02  8.238E-02  7.760E-02
  344.5000  5.265E-02  5.658E-02  5.813E-02  5.719E-02  5.384E-02
  345.5000  7.428E-02  7.972E-02  8.186E-02  8.056E-02  7.594E-02
  346.5000  6.837E-02  7.344E-02  7.544E-02  7.423E-02  6.991E-02
  347.5000  6.700E-02  7.197E-02  7.392E-02  7.274E-02  6.851E-02
  348.5000  7.417E-02  7.965E-02  8.180E-02  8.050E-02  7.583E-02
  349.5000  6.216E-02  6.676E-02  6.857E-02  6.747E-02  6.356E-02
  350.5000  8.724E-02  9.369E-02  9.623E-02  9.469E-02  8.920E-02
  351.5000  7.509E-02  8.065E-02  8.284E-02  8.152E-02  7.678E-02
  352.5000  6.792E-02  7.295E-02  7.493E-02  7.373E-02  6.945E-02
  353.5000  8.209E-02  8.817E-02  9.056E-02  8.911E-02  8.394E-02
  354.5000  8.917E-02  9.576E-02  9.835E-02  9.678E-02  9.117E-02
  355.5000  8.343E-02  8.961E-02  9.203E-02  9.056E-02  8.531E-02
  356.5000  7.748E-02  8.323E-02  8.548E-02  8.412E-02  7.923E-02
  357.5000  6.592E-02  7.081E-02  7.273E-02  7.157E-02  6.740E-02
  358.5000  5.098E-02  5.476E-02  5.625E-02  5.535E-02  5.213E-02
  359.5000  8.589E-02  9.226E-02  9.477E-02  9.325E-02  8.782E-02
  360.5000  7.970E-02  8.562E-02  8.795E-02  8.654E-02  8.150E-02
  361.5000  7.199E-02  7.734E-02  7.945E-02  7.817E-02  7.362E-02
  362.5000  8.467E-02  9.097E-02  9.344E-02  9.194E-02  8.658E-02
  363.5000  7.541E-02  8.102E-02  8.323E-02  8.189E-02  7.712E-02
  364.5000  8.233E-02  8.847E-02  9.088E-02  8.942E-02  8.419E-02
  365.5000  1.004E-01  1.079E-01  1.108E-01  1.090E-01  1.027E-01
  366.5000  1.064E-01  1.143E-01  1.175E-01  1.156E-01  1.088E-01
  367.5000  1.012E-01  1.087E-01  1.117E-01  1.099E-01  1.035E-01
  368.5000  8.897E-02  9.562E-02  9.824E-02  9.665E-02  9.099E-02
  369.5000  1.068E-01  1.148E-01  1.180E-01  1.161E-01  1.093E-01
  370.5000  9.703E-02  1.043E-01  1.072E-01  1.054E-01  9.924E-02
  371.5000  1.112E-01  1.195E-01  1.228E-01  1.208E-01  1.137E-01
  372.5000  8.221E-02  8.838E-02  9.081E-02  8.934E-02  8.408E-02
  373.5000  7.438E-02  7.997E-02  8.217E-02  8.084E-02  7.608E-02
  374.5000  8.172E-02  8.787E-02  9.028E-02  8.882E-02  8.359E-02
  375.5000  9.232E-02  9.927E-02  1.020E-01  1.003E-01  9.443E-02
  376.5000  9.230E-02  9.926E-02  1.020E-01  1.003E-01  9.441E-02
  377.5000  1.100E-01  1.183E-01  1.216E-01  1.196E-01  1.126E-01
  378.5000  1.201E-01  1.291E-01  1.327E-01  1.305E-01  1.228E-01
  379.5000  8.893E-02  9.565E-02  9.830E-02  9.670E-02  9.098E-02
  380.5000  1.071E-01  1.152E-01  1.184E-01  1.164E-01  1.095E-01
  381.5000  1.007E-01  1.084E-01  1.114E-01  1.096E-01  1.031E-01
  382.5000  6.721E-02  7.231E-02  7.431E-02  7.310E-02  6.876E-02
  383.5000  5.909E-02  6.357E-02  6.533E-02  6.427E-02  6.045E-02
  384.5000  8.879E-02  9.553E-02  9.818E-02  9.657E-02  9.084E-02
  385.5000  8.795E-02  9.464E-02  9.726E-02  9.567E-02  8.999E-02
  386.5000  8.977E-02  9.659E-02  9.928E-02  9.765E-02  9.184E-02
  387.5000  8.353E-02  8.989E-02  9.239E-02  9.087E-02  8.546E-02
  388.5000  8.383E-02  9.021E-02  9.272E-02  9.120E-02  8.577E-02
  389.5000  1.059E-01  1.139E-01  1.171E-01  1.152E-01  1.083E-01
  390.5000  1.041E-01  1.120E-01  1.152E-01  1.133E-01  1.065E-01
  391.5000  1.237E-01  1.331E-01  1.368E-01  1.346E-01  1.265E-01
  392.5000  9.286E-02  9.995E-02  1.027E-01  1.011E-01  9.501E-02
  393.5000  4.042E-02  4.351E-02  4.473E-02  4.399E-02  4.136E-02
  394.5000  9.524E-02  1.025E-01  1.054E-01  1.037E-01  9.745E-02
  395.5000  1.227E-01  1.321E-01  1.358E-01  1.336E-01  1.256E-01
  396.5000  7.215E-02  7.768E-02  7.985E-02  7.853E-02  7.383E-02
  397.5000  8.337E-02  8.976E-02  9.228E-02  9.075E-02  8.531E-02
  398.5000  1.435E-01  1.545E-01  1.588E-01  1.562E-01  1.468E-01
  399.5000  1.494E-01  1.609E-01  1.654E-01  1.627E-01  1.529E-01
  400.5000  1.573E-01  1.694E-01  1.741E-01  1.713E-01  1.610E-01
  401.5000  1.621E-01  1.745E-01  1.794E-01  1.764E-01  1.658E-01
  402.5000  1.685E-01  1.814E-01  1.865E-01  1.834E-01  1.724E-01
  403.5000  1.544E-01  1.663E-01  1.710E-01  1.682E-01  1.580E-01
  404.5000  1.517E-01  1.634E-01  1.679E-01  1.652E-01  1.552E-01
  405.5000  1.578E-01  1.699E-01  1.747E-01  1.718E-01  1.615E-01
  406.5000  1.488E-01  1.603E-01  1.648E-01  1.621E-01  1.523E-01
  407.5000  1.502E-01  1.618E-01  1.664E-01  1.636E-01  1.538E-01
  408.5000  1.675E-01  1.805E-01  1.856E-01  1.825E-01  1.715E-01
  409.5000  1.645E-01  1.772E-01  1.822E-01  1.791E-01  1.683E-01
  410.5000  1.428E-01  1.539E-01  1.582E-01  1.556E-01  1.462E-01
  411.5000  1.719E-01  1.852E-01  1.905E-01  1.873E-01  1.760E-01
  412.5000  1.707E-01  1.839E-01  1.891E-01  1.859E-01  1.747E-01
  413.5000  1.658E-01  1.786E-01  1.837E-01  1.806E-01  1.697E-01
  414.5000  1.706E-01  1.838E-01  1.890E-01  1.859E-01  1.747E-01
  415.5000  1.634E-01  1.761E-01  1.811E-01  1.781E-01  1.673E-01
  416.5000  1.781E-01  1.919E-01  1.973E-01  1.941E-01  1.823E-01
  417.5000  1.631E-01  1.757E-01  1.807E-01  1.777E-01  1.669E-01
  418.5000  1.646E-01  1.773E-01  1.824E-01  1.793E-01  1.685E-01
  419.5000  1.703E-01  1.835E-01  1.887E-01  1.855E-01  1.743E-01
------------------------------------------------------------
Dose rates, W m-2
   1 = UV-B, 280-315 nm                                  
   2 = UV-A, 315-400 nm                                  
   3 = Gaussian, 320 nm, 10 nm FWHM                      
   4 = RB Meter, model 501                               
   5 = DNA damage, in vitro (Setlow, 1974)               
   6 = UV index (WMO, 1994; Webb et al., 2011)           
   7 = Previtamin-D3 (CIE 2006)                          
values at z =      0.000 km
Columns: time, sza, weighting spectra
time, hrs.  sza, deg.          1          2          3          4          5          6          7
   11.0000     80.269  2.164E-02  6.261E+00  2.122E-02  8.982E-03  3.603E-05  2.341E-01  3.665E-03
   11.5000     79.660  2.483E-02  6.741E+00  2.335E-02  1.003E-02  4.019E-05  2.572E-01  4.176E-03
   12.0000     79.425  2.615E-02  6.929E+00  2.419E-02  1.046E-02  4.189E-05  2.665E-01  4.389E-03
   12.5000     79.567  2.535E-02  6.815E+00  2.368E-02  1.020E-02  4.086E-05  2.608E-01  4.259E-03
   13.0000     80.083  2.258E-02  6.407E+00  2.186E-02  9.296E-03  3.727E-05  2.410E-01  3.816E-03
------------------------------------------------------------
