Spectral Irradiance, W m-2 nm-1
values at z =      0.000 km
Columns: wavelength (nm), times (hrs.) or sza (deg.)
    wc, nm     11.000     11.500     12.000     12.500     13.000
    sza =      54.123     53.146     53.124     54.059     55.903
  280.5000  2.160E-21  5.597E-21  5.716E-21  2.285E-21  3.574E-22
  281.5000  2.914E-19  6.925E-19  7.060E-19  3.087E-19  5.643E-20
  282.5000  1.344E-17  2.968E-17  3.021E-17  1.417E-17  2.982E-18
  283.5000  1.465E-16  3.085E-16  3.136E-16  1.520E-16  3.548E-17
  284.5000  6.885E-15  1.328E-14  1.348E-14  7.195E-15  1.961E-15
  285.5000  7.416E-14  1.342E-13  1.360E-13  7.717E-14  2.381E-14
  286.5000  2.077E-12  3.577E-12  3.621E-12  2.154E-12  7.311E-13
  287.5000  3.101E-11  5.058E-11  5.113E-11  3.205E-11  1.210E-11
  288.5000  4.393E-10  6.754E-10  6.819E-10  4.522E-10  1.917E-10
  289.5000  5.064E-09  7.465E-09  7.529E-09  5.198E-09  2.394E-09
  290.5000  3.780E-08  5.379E-08  5.421E-08  3.866E-08  1.912E-08
  291.5000  2.408E-07  3.292E-07  3.315E-07  2.459E-07  1.315E-07
  292.5000  1.024E-06  1.354E-06  1.363E-06  1.040E-06  5.952E-07
  293.5000  5.038E-06  6.463E-06  6.499E-06  5.123E-06  3.108E-06
  294.5000  1.451E-05  1.818E-05  1.827E-05  1.473E-05  9.376E-06
  295.5000  5.669E-05  6.921E-05  6.951E-05  5.717E-05  3.848E-05
  296.5000  1.426E-04  1.704E-04  1.711E-04  1.443E-04  1.008E-04
  297.5000  3.763E-04  4.415E-04  4.431E-04  3.804E-04  2.759E-04
  298.5000  5.859E-04  6.784E-04  6.805E-04  5.906E-04  4.438E-04
  299.5000  1.686E-03  1.922E-03  1.928E-03  1.704E-03  1.313E-03
  300.5000  1.921E-03  2.164E-03  2.169E-03  1.938E-03  1.528E-03
  301.5000  4.711E-03  5.205E-03  5.251E-03  4.746E-03  3.836E-03
  302.5000  6.746E-03  7.439E-03  7.455E-03  6.789E-03  5.577E-03
  303.5000  1.355E-02  1.481E-02  1.484E-02  1.364E-02  1.142E-02
  304.5000  1.631E-02  1.772E-02  1.775E-02  1.640E-02  1.388E-02
  305.5000  2.481E-02  2.674E-02  2.679E-02  2.494E-02  2.146E-02
  306.5000  2.756E-02  2.959E-02  2.964E-02  2.769E-02  2.400E-02
  307.5000  4.469E-02  4.767E-02  4.774E-02  4.489E-02  3.944E-02
  308.5000  5.236E-02  5.571E-02  5.579E-02  5.258E-02  4.645E-02
  309.5000  4.988E-02  5.283E-02  5.290E-02  5.007E-02  4.463E-02
  310.5000  7.181E-02  7.582E-02  7.591E-02  7.208E-02  6.466E-02
  311.5000  9.589E-02  1.010E-01  1.011E-01  9.623E-02  8.669E-02
  312.5000  9.983E-02  1.048E-01  1.049E-01  1.002E-01  9.092E-02
  313.5000  1.151E-01  1.207E-01  1.208E-01  1.154E-01  1.050E-01
  314.5000  1.215E-01  1.270E-01  1.271E-01  1.219E-01  1.115E-01
  315.5000  1.267E-01  1.324E-01  1.325E-01  1.271E-01  1.165E-01
  316.5000  1.317E-01  1.372E-01  1.374E-01  1.320E-01  1.216E-01
  317.5000  1.864E-01  1.943E-01  1.945E-01  1.870E-01  1.722E-01
  318.5000  1.524E-01  1.585E-01  1.586E-01  1.528E-01  1.414E-01
  319.5000  1.875E-01  1.948E-01  1.950E-01  1.879E-01  1.741E-01
  320.5000  2.303E-01  2.392E-01  2.394E-01  2.308E-01  2.141E-01
  321.5000  2.023E-01  2.097E-01  2.099E-01  2.028E-01  1.889E-01
  322.5000  1.987E-01  2.063E-01  2.065E-01  1.993E-01  1.850E-01
  323.5000  2.132E-01  2.208E-01  2.210E-01  2.137E-01  1.994E-01
  324.5000  2.501E-01  2.590E-01  2.592E-01  2.507E-01  2.339E-01
  325.5000  2.792E-01  2.892E-01  2.894E-01  2.798E-01  2.609E-01
  326.5000  3.470E-01  3.588E-01  3.591E-01  3.478E-01  3.253E-01
  327.5000  3.208E-01  3.319E-01  3.321E-01  3.215E-01  3.005E-01
  328.5000  2.965E-01  3.067E-01  3.070E-01  2.972E-01  2.778E-01
  329.5000  3.918E-01  4.048E-01  4.051E-01  3.926E-01  3.679E-01
  330.5000  3.538E-01  3.657E-01  3.660E-01  3.546E-01  3.320E-01
  331.5000  3.494E-01  3.612E-01  3.615E-01  3.502E-01  3.278E-01
  332.5000  3.488E-01  3.602E-01  3.605E-01  3.495E-01  3.278E-01
  333.5000  3.262E-01  3.370E-01  3.373E-01  3.269E-01  3.064E-01
  334.5000  3.658E-01  3.778E-01  3.781E-01  3.666E-01  3.437E-01
  335.5000  3.732E-01  3.853E-01  3.856E-01  3.740E-01  3.510E-01
  336.5000  2.915E-01  3.010E-01  3.012E-01  2.921E-01  2.741E-01
  337.5000  3.189E-01  3.294E-01  3.296E-01  3.196E-01  2.997E-01
  338.5000  3.389E-01  3.499E-01  3.501E-01  3.397E-01  3.189E-01
  339.5000  3.690E-01  3.809E-01  3.812E-01  3.698E-01  3.472E-01
  340.5000  3.939E-01  4.067E-01  4.069E-01  3.948E-01  3.706E-01
  341.5000  3.512E-01  3.624E-01  3.627E-01  3.519E-01  3.306E-01
  342.5000  3.895E-01  4.020E-01  4.023E-01  3.904E-01  3.667E-01
  343.5000  4.045E-01  4.174E-01  4.177E-01  4.053E-01  3.807E-01
  344.5000  2.834E-01  2.924E-01  2.926E-01  2.840E-01  2.667E-01
  345.5000  3.896E-01  4.020E-01  4.023E-01  3.904E-01  3.669E-01
  346.5000  3.641E-01  3.757E-01  3.759E-01  3.649E-01  3.428E-01
  347.5000  3.560E-01  3.674E-01  3.676E-01  3.568E-01  3.353E-01
  348.5000  3.918E-01  4.042E-01  4.045E-01  3.926E-01  3.690E-01
  349.5000  3.285E-01  3.389E-01  3.392E-01  3.292E-01  3.094E-01
  350.5000  4.603E-01  4.749E-01  4.752E-01  4.613E-01  4.336E-01
  351.5000  3.969E-01  4.094E-01  4.097E-01  3.977E-01  3.739E-01
  352.5000  3.582E-01  3.695E-01  3.698E-01  3.590E-01  3.375E-01
  353.5000  4.316E-01  4.452E-01  4.455E-01  4.325E-01  4.067E-01
  354.5000  4.675E-01  4.822E-01  4.825E-01  4.685E-01  4.406E-01
  355.5000  4.372E-01  4.509E-01  4.512E-01  4.381E-01  4.120E-01
  356.5000  4.059E-01  4.186E-01  4.189E-01  4.068E-01  3.826E-01
  357.5000  3.454E-01  3.561E-01  3.564E-01  3.461E-01  3.255E-01
  358.5000  2.667E-01  2.750E-01  2.752E-01  2.672E-01  2.514E-01
  359.5000  4.491E-01  4.631E-01  4.634E-01  4.500E-01  4.234E-01
  360.5000  4.165E-01  4.294E-01  4.297E-01  4.173E-01  3.927E-01
  361.5000  3.757E-01  3.874E-01  3.877E-01  3.765E-01  3.543E-01
  362.5000  4.415E-01  4.552E-01  4.555E-01  4.424E-01  4.163E-01
  363.5000  3.929E-01  4.051E-01  4.054E-01  3.938E-01  3.706E-01
  364.5000  4.289E-01  4.421E-01  4.424E-01  4.298E-01  4.045E-01
  365.5000  5.228E-01  5.390E-01  5.394E-01  5.239E-01  4.931E-01
  366.5000  5.537E-01  5.707E-01  5.711E-01  5.548E-01  5.223E-01
  367.5000  5.260E-01  5.422E-01  5.426E-01  5.271E-01  4.962E-01
  368.5000  4.623E-01  4.765E-01  4.768E-01  4.633E-01  4.361E-01
  369.5000  5.548E-01  5.719E-01  5.723E-01  5.560E-01  5.235E-01
  370.5000  5.036E-01  5.191E-01  5.194E-01  5.047E-01  4.752E-01
  371.5000  5.766E-01  5.942E-01  5.946E-01  5.777E-01  5.441E-01
  372.5000  4.261E-01  4.391E-01  4.394E-01  4.270E-01  4.021E-01
  373.5000  3.854E-01  3.971E-01  3.974E-01  3.861E-01  3.637E-01
  374.5000  4.232E-01  4.361E-01  4.364E-01  4.240E-01  3.994E-01
  375.5000  4.777E-01  4.922E-01  4.926E-01  4.786E-01  4.509E-01
  376.5000  4.772E-01  4.918E-01  4.921E-01  4.782E-01  4.505E-01
  377.5000  5.686E-01  5.859E-01  5.863E-01  5.697E-01  5.368E-01
  378.5000  6.200E-01  6.388E-01  6.393E-01  6.213E-01  5.854E-01
  379.5000  4.589E-01  4.729E-01  4.732E-01  4.599E-01  4.333E-01
  380.5000  5.522E-01  5.689E-01  5.693E-01  5.533E-01  5.214E-01
  381.5000  5.192E-01  5.349E-01  5.352E-01  5.202E-01  4.903E-01
  382.5000  3.461E-01  3.566E-01  3.568E-01  3.468E-01  3.269E-01
  383.5000  3.041E-01  3.132E-01  3.134E-01  3.047E-01  2.872E-01
  384.5000  4.565E-01  4.703E-01  4.706E-01  4.575E-01  4.312E-01
  385.5000  4.519E-01  4.655E-01  4.658E-01  4.528E-01  4.269E-01
  386.5000  4.609E-01  4.747E-01  4.750E-01  4.618E-01  4.354E-01
  387.5000  4.285E-01  4.414E-01  4.417E-01  4.294E-01  4.049E-01
  388.5000  4.297E-01  4.426E-01  4.429E-01  4.306E-01  4.060E-01
  389.5000  5.422E-01  5.584E-01  5.588E-01  5.433E-01  5.123E-01
  390.5000  5.328E-01  5.487E-01  5.491E-01  5.339E-01  5.035E-01
  391.5000  6.324E-01  6.513E-01  6.517E-01  6.337E-01  5.977E-01
  392.5000  4.745E-01  4.886E-01  4.889E-01  4.754E-01  4.484E-01
  393.5000  2.064E-01  2.125E-01  2.127E-01  2.068E-01  1.951E-01
  394.5000  4.859E-01  5.003E-01  5.006E-01  4.868E-01  4.593E-01
  395.5000  6.254E-01  6.440E-01  6.444E-01  6.267E-01  5.912E-01
  396.5000  3.674E-01  3.783E-01  3.786E-01  3.682E-01  3.474E-01
  397.5000  4.242E-01  4.368E-01  4.370E-01  4.250E-01  4.011E-01
  398.5000  7.293E-01  7.508E-01  7.513E-01  7.307E-01  6.895E-01
  399.5000  7.589E-01  7.813E-01  7.818E-01  7.604E-01  7.176E-01
  400.5000  7.982E-01  8.218E-01  8.223E-01  7.998E-01  7.548E-01
  401.5000  8.217E-01  8.459E-01  8.464E-01  8.233E-01  7.770E-01
  402.5000  8.534E-01  8.785E-01  8.791E-01  8.551E-01  8.071E-01
  403.5000  7.815E-01  8.045E-01  8.050E-01  7.830E-01  7.392E-01
  404.5000  7.669E-01  7.894E-01  7.899E-01  7.684E-01  7.253E-01
  405.5000  7.970E-01  8.204E-01  8.209E-01  7.985E-01  7.539E-01
  406.5000  7.510E-01  7.730E-01  7.735E-01  7.525E-01  7.105E-01
  407.5000  7.575E-01  7.797E-01  7.802E-01  7.590E-01  7.167E-01
  408.5000  8.440E-01  8.687E-01  8.693E-01  8.457E-01  7.986E-01
  409.5000  8.278E-01  8.520E-01  8.525E-01  8.294E-01  7.833E-01
  410.5000  7.182E-01  7.391E-01  7.396E-01  7.196E-01  6.796E-01
  411.5000  8.637E-01  8.888E-01  8.894E-01  8.653E-01  8.173E-01
  412.5000  8.564E-01  8.813E-01  8.819E-01  8.580E-01  8.104E-01
  413.5000  8.310E-01  8.551E-01  8.557E-01  8.326E-01  7.864E-01
  414.5000  8.544E-01  8.792E-01  8.798E-01  8.561E-01  8.087E-01
  415.5000  8.176E-01  8.413E-01  8.418E-01  8.192E-01  7.739E-01
  416.5000  8.902E-01  9.160E-01  9.166E-01  8.919E-01  8.427E-01
  417.5000  8.142E-01  8.377E-01  8.383E-01  8.158E-01  7.707E-01
  418.5000  8.209E-01  8.446E-01  8.452E-01  8.225E-01  7.772E-01
  419.5000  8.484E-01  8.729E-01  8.734E-01  8.500E-01  8.032E-01
------------------------------------------------------------
Dose rates, W m-2
   1 = UV-B, 280-315 nm                                  
   2 = UV-A, 315-400 nm                                  
   3 = Gaussian, 320 nm, 10 nm FWHM                      
   4 = RB Meter, model 501                               
   5 = DNA damage, in vitro (Setlow, 1974)               
   6 = UV index (WMO, 1994; Webb et al., 2011)           
   7 = Previtamin-D3 (CIE 2006)                          
values at z =      0.000 km
Columns: time, sza, weighting spectra
time, hrs.  sza, deg.          1          2          3          4          5          6          7
   11.0000     54.123  7.495E-01  3.394E+01  1.942E-01  2.099E-01  1.687E-03  3.905E+00  1.779E-01
   11.5000     53.146  7.925E-01  3.501E+01  2.017E-01  2.223E-01  1.824E-03  4.136E+00  1.900E-01
   12.0000     53.124  7.935E-01  3.504E+01  2.018E-01  2.226E-01  1.828E-03  4.142E+00  1.903E-01
   12.5000     54.059  7.523E-01  3.401E+01  1.947E-01  2.107E-01  1.696E-03  3.920E+00  1.787E-01
   13.0000     55.903  6.732E-01  3.198E+01  1.805E-01  1.879E-01  1.453E-03  3.500E+00  1.567E-01
------------------------------------------------------------
