Spectral Irradiance, W m-2 nm-1
values at z =      0.000 km
Columns: wavelength (nm), times (hrs.) or sza (deg.)
    wc, nm     11.000     11.500     12.000     12.500     13.000
    sza =      79.749     79.490     79.429     79.564     79.892
  280.5000  2.983E-27  3.042E-27  3.056E-27  3.025E-27  2.952E-27
  281.5000  8.130E-25  8.291E-25  8.330E-25  8.246E-25  8.043E-25
  282.5000  6.890E-23  7.027E-23  7.060E-23  6.988E-23  6.815E-23
  283.5000  1.112E-21  1.134E-21  1.139E-21  1.128E-21  1.099E-21
  284.5000  1.086E-19  1.108E-19  1.113E-19  1.102E-19  1.074E-19
  285.5000  2.021E-18  2.063E-18  2.073E-18  2.051E-18  1.998E-18
  286.5000  8.637E-17  8.819E-17  8.863E-17  8.767E-17  8.539E-17
  287.5000  2.077E-15  2.122E-15  2.133E-15  2.109E-15  2.053E-15
  288.5000  5.005E-14  5.115E-14  5.142E-14  5.084E-14  4.945E-14
  289.5000  8.493E-13  8.684E-13  8.730E-13  8.629E-13  8.390E-13
  290.5000  8.820E-12  9.022E-12  9.071E-12  8.965E-12  8.710E-12
  291.5000  8.265E-11  8.461E-11  8.508E-11  8.405E-11  8.159E-11
  292.5000  4.872E-10  4.991E-10  5.019E-10  4.957E-10  4.807E-10
  293.5000  3.299E-09  3.383E-09  3.403E-09  3.359E-09  3.254E-09
  294.5000  1.235E-08  1.267E-08  1.275E-08  1.258E-08  1.218E-08
  295.5000  6.464E-08  6.640E-08  6.682E-08  6.589E-08  6.369E-08
  296.5000  2.109E-07  2.169E-07  2.183E-07  2.151E-07  2.077E-07
  297.5000  7.101E-07  7.312E-07  7.363E-07  7.252E-07  6.988E-07
  298.5000  1.385E-06  1.428E-06  1.438E-06  1.416E-06  1.362E-06
  299.5000  5.005E-06  5.170E-06  5.210E-06  5.123E-06  4.916E-06
  300.5000  6.933E-06  7.177E-06  7.237E-06  7.107E-06  6.803E-06
  301.5000  2.165E-05  2.249E-05  2.269E-05  2.224E-05  2.120E-05
  302.5000  3.714E-05  3.871E-05  3.910E-05  3.826E-05  3.632E-05
  303.5000  9.629E-05  1.009E-04  1.020E-04  9.956E-05  9.389E-05
  304.5000  1.373E-04  1.444E-04  1.462E-04  1.424E-04  1.336E-04
  305.5000  2.839E-04  3.003E-04  3.044E-04  2.955E-04  2.753E-04
  306.5000  3.657E-04  3.878E-04  3.932E-04  3.813E-04  3.542E-04
  307.5000  8.314E-04  8.844E-04  8.976E-04  8.690E-04  8.036E-04
  308.5000  1.122E-03  1.195E-03  1.213E-03  1.174E-03  1.084E-03
  309.5000  1.404E-03  1.495E-03  1.517E-03  1.469E-03  1.357E-03
  310.5000  2.498E-03  2.655E-03  2.694E-03  2.610E-03  2.414E-03
  311.5000  3.855E-03  4.094E-03  4.152E-03  4.025E-03  3.729E-03
  312.5000  5.306E-03  5.614E-03  5.690E-03  5.525E-03  5.141E-03
  313.5000  6.528E-03  6.902E-03  6.993E-03  6.795E-03  6.329E-03
  314.5000  8.901E-03  9.370E-03  9.484E-03  9.236E-03  8.649E-03
  315.5000  9.671E-03  1.017E-02  1.030E-02  1.003E-02  9.401E-03
  316.5000  1.235E-02  1.294E-02  1.309E-02  1.277E-02  1.203E-02
  317.5000  1.747E-02  1.831E-02  1.851E-02  1.807E-02  1.702E-02
  318.5000  1.735E-02  1.811E-02  1.829E-02  1.789E-02  1.694E-02
  319.5000  2.213E-02  2.308E-02  2.331E-02  2.281E-02  2.162E-02
  320.5000  2.843E-02  2.962E-02  2.991E-02  2.928E-02  2.779E-02
  321.5000  2.999E-02  3.111E-02  3.138E-02  3.079E-02  2.938E-02
  322.5000  2.554E-02  2.659E-02  2.684E-02  2.629E-02  2.497E-02
  323.5000  3.428E-02  3.550E-02  3.579E-02  3.515E-02  3.362E-02
  324.5000  3.984E-02  4.127E-02  4.161E-02  4.086E-02  3.907E-02
  325.5000  4.316E-02  4.474E-02  4.512E-02  4.429E-02  4.231E-02
  326.5000  6.251E-02  6.456E-02  6.505E-02  6.398E-02  6.140E-02
  327.5000  5.497E-02  5.685E-02  5.730E-02  5.631E-02  5.395E-02
  328.5000  5.090E-02  5.263E-02  5.305E-02  5.214E-02  4.996E-02
  329.5000  7.538E-02  7.774E-02  7.830E-02  7.707E-02  7.410E-02
  330.5000  6.491E-02  6.702E-02  6.752E-02  6.642E-02  6.376E-02
  331.5000  6.348E-02  6.556E-02  6.606E-02  6.497E-02  6.235E-02
  332.5000  6.885E-02  7.096E-02  7.146E-02  7.036E-02  6.770E-02
  333.5000  6.214E-02  6.411E-02  6.458E-02  6.355E-02  6.108E-02
  334.5000  7.098E-02  7.320E-02  7.373E-02  7.257E-02  6.978E-02
  335.5000  7.538E-02  7.765E-02  7.820E-02  7.701E-02  7.414E-02
  336.5000  5.820E-02  5.998E-02  6.040E-02  5.947E-02  5.724E-02
  337.5000  6.194E-02  6.387E-02  6.434E-02  6.332E-02  6.088E-02
  338.5000  6.865E-02  7.072E-02  7.122E-02  7.013E-02  6.752E-02
  339.5000  7.519E-02  7.745E-02  7.799E-02  7.680E-02  7.396E-02
  340.5000  7.907E-02  8.148E-02  8.206E-02  8.079E-02  7.776E-02
  341.5000  7.204E-02  7.419E-02  7.471E-02  7.358E-02  7.086E-02
  342.5000  8.024E-02  8.264E-02  8.321E-02  8.195E-02  7.893E-02
  343.5000  8.274E-02  8.523E-02  8.583E-02  8.452E-02  8.138E-02
  344.5000  5.751E-02  5.926E-02  5.968E-02  5.876E-02  5.656E-02
  345.5000  8.077E-02  8.318E-02  8.376E-02  8.249E-02  7.946E-02
  346.5000  7.456E-02  7.681E-02  7.735E-02  7.617E-02  7.334E-02
  347.5000  7.305E-02  7.526E-02  7.579E-02  7.463E-02  7.186E-02
  348.5000  8.079E-02  8.322E-02  8.380E-02  8.253E-02  7.947E-02
  349.5000  6.773E-02  6.977E-02  7.026E-02  6.919E-02  6.662E-02
  350.5000  9.505E-02  9.791E-02  9.860E-02  9.710E-02  9.349E-02
  351.5000  8.185E-02  8.432E-02  8.491E-02  8.362E-02  8.050E-02
  352.5000  7.402E-02  7.625E-02  7.679E-02  7.562E-02  7.280E-02
  353.5000  8.943E-02  9.213E-02  9.278E-02  9.136E-02  8.797E-02
  354.5000  9.711E-02  1.000E-01  1.007E-01  9.920E-02  9.552E-02
  355.5000  9.087E-02  9.361E-02  9.427E-02  9.283E-02  8.938E-02
  356.5000  8.441E-02  8.696E-02  8.757E-02  8.623E-02  8.302E-02
  357.5000  7.182E-02  7.400E-02  7.452E-02  7.338E-02  7.064E-02
  358.5000  5.555E-02  5.723E-02  5.763E-02  5.675E-02  5.463E-02
  359.5000  9.359E-02  9.642E-02  9.710E-02  9.561E-02  9.205E-02
  360.5000  8.686E-02  8.949E-02  9.012E-02  8.874E-02  8.543E-02
  361.5000  7.846E-02  8.083E-02  8.141E-02  8.016E-02  7.716E-02
  362.5000  9.228E-02  9.508E-02  9.575E-02  9.428E-02  9.076E-02
  363.5000  8.220E-02  8.469E-02  8.529E-02  8.398E-02  8.084E-02
  364.5000  8.976E-02  9.248E-02  9.314E-02  9.171E-02  8.827E-02
  365.5000  1.095E-01  1.128E-01  1.136E-01  1.118E-01  1.077E-01
  366.5000  1.160E-01  1.196E-01  1.204E-01  1.186E-01  1.141E-01
  367.5000  1.103E-01  1.137E-01  1.145E-01  1.127E-01  1.085E-01
  368.5000  9.705E-02  1.000E-01  1.007E-01  9.917E-02  9.544E-02
  369.5000  1.166E-01  1.201E-01  1.210E-01  1.191E-01  1.146E-01
  370.5000  1.059E-01  1.091E-01  1.099E-01  1.082E-01  1.041E-01
  371.5000  1.213E-01  1.250E-01  1.259E-01  1.240E-01  1.193E-01
  372.5000  8.973E-02  9.248E-02  9.313E-02  9.170E-02  8.824E-02
  373.5000  8.120E-02  8.369E-02  8.428E-02  8.298E-02  7.985E-02
  374.5000  8.923E-02  9.197E-02  9.262E-02  9.119E-02  8.774E-02
  375.5000  1.008E-01  1.039E-01  1.047E-01  1.030E-01  9.914E-02
  376.5000  1.008E-01  1.039E-01  1.047E-01  1.030E-01  9.913E-02
  377.5000  1.202E-01  1.239E-01  1.248E-01  1.229E-01  1.182E-01
  378.5000  1.312E-01  1.352E-01  1.362E-01  1.341E-01  1.290E-01
  379.5000  9.719E-02  1.002E-01  1.009E-01  9.933E-02  9.556E-02
  380.5000  1.170E-01  1.206E-01  1.215E-01  1.196E-01  1.151E-01
  381.5000  1.101E-01  1.135E-01  1.143E-01  1.126E-01  1.083E-01
  382.5000  7.349E-02  7.576E-02  7.630E-02  7.511E-02  7.226E-02
  383.5000  6.462E-02  6.661E-02  6.709E-02  6.605E-02  6.353E-02
  384.5000  9.711E-02  1.001E-01  1.008E-01  9.926E-02  9.548E-02
  385.5000  9.622E-02  9.919E-02  9.990E-02  9.834E-02  9.460E-02
  386.5000  9.822E-02  1.013E-01  1.020E-01  1.004E-01  9.656E-02
  387.5000  9.141E-02  9.424E-02  9.492E-02  9.343E-02  8.987E-02
  388.5000  9.175E-02  9.459E-02  9.528E-02  9.379E-02  9.021E-02
  389.5000  1.159E-01  1.195E-01  1.203E-01  1.184E-01  1.139E-01
  390.5000  1.140E-01  1.175E-01  1.184E-01  1.165E-01  1.121E-01
  391.5000  1.354E-01  1.396E-01  1.406E-01  1.384E-01  1.331E-01
  392.5000  1.017E-01  1.049E-01  1.056E-01  1.040E-01  9.998E-02
  393.5000  4.428E-02  4.566E-02  4.599E-02  4.526E-02  4.353E-02
  394.5000  1.043E-01  1.076E-01  1.084E-01  1.067E-01  1.026E-01
  395.5000  1.345E-01  1.386E-01  1.396E-01  1.375E-01  1.322E-01
  396.5000  7.907E-02  8.154E-02  8.213E-02  8.084E-02  7.773E-02
  397.5000  9.139E-02  9.423E-02  9.492E-02  9.343E-02  8.984E-02
  398.5000  1.573E-01  1.622E-01  1.634E-01  1.608E-01  1.546E-01
  399.5000  1.638E-01  1.690E-01  1.702E-01  1.675E-01  1.611E-01
  400.5000  1.725E-01  1.779E-01  1.792E-01  1.764E-01  1.696E-01
  401.5000  1.778E-01  1.833E-01  1.846E-01  1.817E-01  1.747E-01
  402.5000  1.848E-01  1.906E-01  1.920E-01  1.890E-01  1.817E-01
  403.5000  1.694E-01  1.747E-01  1.760E-01  1.732E-01  1.666E-01
  404.5000  1.665E-01  1.717E-01  1.729E-01  1.702E-01  1.636E-01
  405.5000  1.732E-01  1.786E-01  1.799E-01  1.771E-01  1.702E-01
  406.5000  1.634E-01  1.685E-01  1.697E-01  1.670E-01  1.606E-01
  407.5000  1.650E-01  1.701E-01  1.714E-01  1.687E-01  1.622E-01
  408.5000  1.840E-01  1.898E-01  1.911E-01  1.881E-01  1.809E-01
  409.5000  1.806E-01  1.863E-01  1.877E-01  1.847E-01  1.776E-01
  410.5000  1.569E-01  1.618E-01  1.630E-01  1.604E-01  1.542E-01
  411.5000  1.889E-01  1.948E-01  1.962E-01  1.931E-01  1.857E-01
  412.5000  1.875E-01  1.934E-01  1.948E-01  1.918E-01  1.843E-01
  413.5000  1.822E-01  1.879E-01  1.893E-01  1.863E-01  1.791E-01
  414.5000  1.876E-01  1.934E-01  1.948E-01  1.918E-01  1.844E-01
  415.5000  1.797E-01  1.853E-01  1.867E-01  1.837E-01  1.766E-01
  416.5000  1.958E-01  2.020E-01  2.035E-01  2.002E-01  1.925E-01
  417.5000  1.793E-01  1.849E-01  1.863E-01  1.833E-01  1.762E-01
  418.5000  1.810E-01  1.867E-01  1.880E-01  1.851E-01  1.779E-01
  419.5000  1.873E-01  1.932E-01  1.946E-01  1.915E-01  1.841E-01
------------------------------------------------------------
Dose rates, W m-2
   1 = UV-B, 280-315 nm                                  
   2 = UV-A, 315-400 nm                                  
   3 = Gaussian, 320 nm, 10 nm FWHM                      
   4 = RB Meter, model 501                               
   5 = DNA damage, in vitro (Setlow, 1974)               
   6 = UV index (WMO, 1994; Webb et al., 2011)           
   7 = Previtamin-D3 (CIE 2006)                          
values at z =      0.000 km
Columns: time, sza, weighting spectra
time, hrs.  sza, deg.          1          2          3          4          5          6          7
   11.0000     79.749  3.140E-02  6.874E+00  2.528E-02  1.167E-02  4.866E-05  2.836E-01  5.349E-03
   11.5000     79.490  3.322E-02  7.088E+00  2.628E-02  1.223E-02  5.100E-05  2.952E-01  5.650E-03
   12.0000     79.429  3.366E-02  7.139E+00  2.652E-02  1.236E-02  5.157E-05  2.980E-01  5.724E-03
   12.5000     79.564  3.270E-02  7.027E+00  2.599E-02  1.207E-02  5.033E-05  2.919E-01  5.564E-03
   13.0000     79.892  3.044E-02  6.758E+00  2.474E-02  1.137E-02  4.741E-05  2.774E-01  5.190E-03
------------------------------------------------------------
