Spectral Irradiance, W m-2 nm-1
values at z =      0.000 km
Columns: wavelength (nm), times (hrs.) or sza (deg.)
    wc, nm     11.000     11.500     12.000     12.500     13.000
    sza =      83.845     83.572     83.582     83.875     84.447
  280.5000  3.200E-26  3.286E-26  3.283E-26  3.191E-26  3.010E-26
  281.5000  6.789E-24  6.973E-24  6.967E-24  6.770E-24  6.385E-24
  282.5000  4.638E-22  4.764E-22  4.760E-22  4.625E-22  4.361E-22
  283.5000  6.506E-21  6.683E-21  6.677E-21  6.487E-21  6.115E-21
  284.5000  4.919E-19  5.055E-19  5.050E-19  4.905E-19  4.622E-19
  285.5000  7.571E-18  7.781E-18  7.774E-18  7.549E-18  7.110E-18
  286.5000  2.794E-16  2.872E-16  2.870E-16  2.786E-16  2.623E-16
  287.5000  5.706E-15  5.867E-15  5.862E-15  5.688E-15  5.352E-15
  288.5000  1.149E-13  1.182E-13  1.181E-13  1.146E-13  1.077E-13
  289.5000  1.713E-12  1.763E-12  1.761E-12  1.708E-12  1.604E-12
  290.5000  1.594E-11  1.641E-11  1.639E-11  1.589E-11  1.491E-11
  291.5000  1.316E-10  1.356E-10  1.354E-10  1.312E-10  1.230E-10
  292.5000  6.980E-10  7.196E-10  7.189E-10  6.958E-10  6.514E-10
  293.5000  4.271E-09  4.406E-09  4.401E-09  4.256E-09  3.979E-09
  294.5000  1.473E-08  1.521E-08  1.520E-08  1.468E-08  1.370E-08
  295.5000  7.050E-08  7.286E-08  7.278E-08  7.025E-08  6.543E-08
  296.5000  2.129E-07  2.202E-07  2.200E-07  2.121E-07  1.971E-07
  297.5000  6.676E-07  6.915E-07  6.907E-07  6.650E-07  6.165E-07
  298.5000  1.222E-06  1.267E-06  1.266E-06  1.217E-06  1.125E-06
  299.5000  4.137E-06  4.297E-06  4.292E-06  4.120E-06  3.798E-06
  300.5000  5.426E-06  5.643E-06  5.636E-06  5.403E-06  4.965E-06
  301.5000  1.580E-05  1.647E-05  1.645E-05  1.573E-05  1.440E-05
  302.5000  2.569E-05  2.682E-05  2.678E-05  2.557E-05  2.333E-05
  303.5000  6.146E-05  6.432E-05  6.422E-05  6.116E-05  5.551E-05
  304.5000  8.282E-05  8.685E-05  8.671E-05  8.240E-05  7.451E-05
  305.5000  1.543E-04  1.625E-04  1.622E-04  1.534E-04  1.376E-04
  306.5000  1.890E-04  1.996E-04  1.992E-04  1.879E-04  1.677E-04
  307.5000  3.873E-04  4.116E-04  4.107E-04  3.848E-04  3.391E-04
  308.5000  5.034E-04  5.365E-04  5.353E-04  5.000E-04  4.381E-04
  309.5000  5.947E-04  6.371E-04  6.356E-04  5.903E-04  5.113E-04
  310.5000  1.028E-03  1.105E-03  1.102E-03  1.020E-03  8.764E-04
  311.5000  1.568E-03  1.688E-03  1.684E-03  1.555E-03  1.330E-03
  312.5000  2.161E-03  2.331E-03  2.325E-03  2.143E-03  1.822E-03
  313.5000  2.668E-03  2.878E-03  2.871E-03  2.646E-03  2.248E-03
  314.5000  3.755E-03  4.045E-03  4.035E-03  3.725E-03  3.169E-03
  315.5000  4.107E-03  4.422E-03  4.411E-03  4.074E-03  3.469E-03
  316.5000  5.486E-03  5.887E-03  5.873E-03  5.444E-03  4.664E-03
  317.5000  7.751E-03  8.318E-03  8.298E-03  7.692E-03  6.589E-03
  318.5000  8.125E-03  8.678E-03  8.658E-03  8.067E-03  6.977E-03
  319.5000  1.047E-02  1.118E-02  1.115E-02  1.040E-02  9.015E-03
  320.5000  1.364E-02  1.453E-02  1.450E-02  1.354E-02  1.177E-02
  321.5000  1.533E-02  1.623E-02  1.620E-02  1.523E-02  1.342E-02
  322.5000  1.240E-02  1.320E-02  1.317E-02  1.231E-02  1.073E-02
  323.5000  1.805E-02  1.906E-02  1.902E-02  1.795E-02  1.591E-02
  324.5000  2.090E-02  2.207E-02  2.203E-02  2.077E-02  1.840E-02
  325.5000  2.237E-02  2.365E-02  2.361E-02  2.223E-02  1.964E-02
  326.5000  3.441E-02  3.616E-02  3.610E-02  3.422E-02  3.065E-02
  327.5000  2.963E-02  3.121E-02  3.116E-02  2.947E-02  2.627E-02
  328.5000  2.744E-02  2.890E-02  2.885E-02  2.728E-02  2.433E-02
  329.5000  4.259E-02  4.464E-02  4.457E-02  4.237E-02  3.819E-02
  330.5000  3.593E-02  3.773E-02  3.767E-02  3.574E-02  3.206E-02
  331.5000  3.498E-02  3.675E-02  3.669E-02  3.479E-02  3.118E-02
  332.5000  3.928E-02  4.112E-02  4.106E-02  3.908E-02  3.531E-02
  333.5000  3.490E-02  3.660E-02  3.654E-02  3.472E-02  3.126E-02
  334.5000  4.016E-02  4.208E-02  4.202E-02  3.996E-02  3.604E-02
  335.5000  4.337E-02  4.536E-02  4.530E-02  4.316E-02  3.909E-02
  336.5000  3.331E-02  3.486E-02  3.480E-02  3.314E-02  2.998E-02
  337.5000  3.500E-02  3.668E-02  3.662E-02  3.482E-02  3.141E-02
  338.5000  3.950E-02  4.131E-02  4.124E-02  3.930E-02  3.560E-02
  339.5000  4.335E-02  4.532E-02  4.526E-02  4.314E-02  3.909E-02
  340.5000  4.526E-02  4.736E-02  4.729E-02  4.504E-02  4.075E-02
  341.5000  4.161E-02  4.350E-02  4.343E-02  4.141E-02  3.755E-02
  342.5000  4.641E-02  4.851E-02  4.844E-02  4.619E-02  4.190E-02
  343.5000  4.768E-02  4.985E-02  4.978E-02  4.745E-02  4.301E-02
  344.5000  3.301E-02  3.453E-02  3.447E-02  3.285E-02  2.975E-02
  345.5000  4.677E-02  4.888E-02  4.880E-02  4.655E-02  4.225E-02
  346.5000  4.291E-02  4.487E-02  4.480E-02  4.271E-02  3.871E-02
  347.5000  4.206E-02  4.397E-02  4.390E-02  4.185E-02  3.794E-02
  348.5000  4.658E-02  4.869E-02  4.862E-02  4.636E-02  4.204E-02
  349.5000  3.903E-02  4.080E-02  4.073E-02  3.884E-02  3.522E-02
  350.5000  5.476E-02  5.725E-02  5.716E-02  5.450E-02  4.943E-02
  351.5000  4.710E-02  4.924E-02  4.916E-02  4.687E-02  4.250E-02
  352.5000  4.260E-02  4.454E-02  4.447E-02  4.240E-02  3.845E-02
  353.5000  5.150E-02  5.383E-02  5.375E-02  5.126E-02  4.649E-02
  354.5000  5.594E-02  5.847E-02  5.838E-02  5.567E-02  5.051E-02
  355.5000  5.233E-02  5.469E-02  5.461E-02  5.208E-02  4.724E-02
  356.5000  4.858E-02  5.077E-02  5.070E-02  4.834E-02  4.385E-02
  357.5000  4.130E-02  4.317E-02  4.311E-02  4.111E-02  3.728E-02
  358.5000  3.194E-02  3.339E-02  3.334E-02  3.179E-02  2.883E-02
  359.5000  5.378E-02  5.622E-02  5.614E-02  5.353E-02  4.855E-02
  360.5000  4.989E-02  5.215E-02  5.207E-02  4.965E-02  4.504E-02
  361.5000  4.505E-02  4.709E-02  4.702E-02  4.484E-02  4.067E-02
  362.5000  5.297E-02  5.537E-02  5.528E-02  5.271E-02  4.781E-02
  363.5000  4.716E-02  4.929E-02  4.922E-02  4.693E-02  4.257E-02
  364.5000  5.146E-02  5.379E-02  5.371E-02  5.121E-02  4.645E-02
  365.5000  6.271E-02  6.556E-02  6.546E-02  6.241E-02  5.660E-02
  366.5000  6.644E-02  6.946E-02  6.935E-02  6.612E-02  5.996E-02
  367.5000  6.315E-02  6.602E-02  6.592E-02  6.285E-02  5.700E-02
  368.5000  5.551E-02  5.803E-02  5.795E-02  5.524E-02  5.009E-02
  369.5000  6.663E-02  6.966E-02  6.955E-02  6.631E-02  6.012E-02
  370.5000  6.048E-02  6.324E-02  6.314E-02  6.019E-02  5.457E-02
  371.5000  6.926E-02  7.241E-02  7.230E-02  6.892E-02  6.249E-02
  372.5000  5.119E-02  5.353E-02  5.345E-02  5.095E-02  4.619E-02
  373.5000  4.630E-02  4.841E-02  4.834E-02  4.607E-02  4.176E-02
  374.5000  5.084E-02  5.316E-02  5.308E-02  5.059E-02  4.586E-02
  375.5000  5.740E-02  6.003E-02  5.994E-02  5.712E-02  5.178E-02
  376.5000  5.736E-02  5.999E-02  5.990E-02  5.708E-02  5.174E-02
  377.5000  6.835E-02  7.148E-02  7.138E-02  6.802E-02  6.165E-02
  378.5000  7.455E-02  7.796E-02  7.784E-02  7.418E-02  6.722E-02
  379.5000  5.518E-02  5.772E-02  5.763E-02  5.492E-02  4.976E-02
  380.5000  6.641E-02  6.946E-02  6.936E-02  6.609E-02  5.988E-02
  381.5000  6.245E-02  6.532E-02  6.522E-02  6.214E-02  5.630E-02
  382.5000  4.164E-02  4.356E-02  4.349E-02  4.144E-02  3.754E-02
  383.5000  3.659E-02  3.827E-02  3.822E-02  3.641E-02  3.298E-02
  384.5000  5.495E-02  5.748E-02  5.739E-02  5.468E-02  4.953E-02
  385.5000  5.440E-02  5.691E-02  5.683E-02  5.414E-02  4.903E-02
  386.5000  5.549E-02  5.806E-02  5.797E-02  5.522E-02  5.001E-02
  387.5000  5.161E-02  5.400E-02  5.392E-02  5.136E-02  4.650E-02
  388.5000  5.177E-02  5.416E-02  5.408E-02  5.151E-02  4.664E-02
  389.5000  6.533E-02  6.836E-02  6.825E-02  6.501E-02  5.885E-02
  390.5000  6.422E-02  6.720E-02  6.709E-02  6.390E-02  5.785E-02
  391.5000  7.624E-02  7.978E-02  7.966E-02  7.587E-02  6.867E-02
  392.5000  5.722E-02  5.988E-02  5.979E-02  5.694E-02  5.153E-02
  393.5000  2.489E-02  2.605E-02  2.601E-02  2.477E-02  2.242E-02
  394.5000  5.862E-02  6.135E-02  6.126E-02  5.833E-02  5.278E-02
  395.5000  7.548E-02  7.900E-02  7.888E-02  7.511E-02  6.796E-02
  396.5000  4.436E-02  4.643E-02  4.636E-02  4.414E-02  3.993E-02
  397.5000  5.123E-02  5.363E-02  5.355E-02  5.098E-02  4.611E-02
  398.5000  8.811E-02  9.223E-02  9.209E-02  8.767E-02  7.930E-02
  399.5000  9.172E-02  9.602E-02  9.587E-02  9.127E-02  8.254E-02
  400.5000  9.651E-02  1.010E-01  1.009E-01  9.603E-02  8.684E-02
  401.5000  9.937E-02  1.040E-01  1.039E-01  9.888E-02  8.940E-02
  402.5000  1.032E-01  1.081E-01  1.079E-01  1.027E-01  9.288E-02
  403.5000  9.459E-02  9.904E-02  9.889E-02  9.412E-02  8.508E-02
  404.5000  9.286E-02  9.723E-02  9.708E-02  9.239E-02  8.351E-02
  405.5000  9.655E-02  1.011E-01  1.009E-01  9.606E-02  8.682E-02
  406.5000  9.101E-02  9.531E-02  9.517E-02  9.056E-02  8.183E-02
  407.5000  9.183E-02  9.618E-02  9.603E-02  9.137E-02  8.256E-02
  408.5000  1.024E-01  1.072E-01  1.070E-01  1.018E-01  9.200E-02
  409.5000  1.004E-01  1.052E-01  1.050E-01  9.992E-02  9.026E-02
  410.5000  8.717E-02  9.131E-02  9.116E-02  8.673E-02  7.833E-02
  411.5000  1.049E-01  1.099E-01  1.097E-01  1.043E-01  9.424E-02
  412.5000  1.041E-01  1.090E-01  1.088E-01  1.035E-01  9.349E-02
  413.5000  1.010E-01  1.058E-01  1.057E-01  1.005E-01  9.075E-02
  414.5000  1.039E-01  1.089E-01  1.087E-01  1.034E-01  9.335E-02
  415.5000  9.949E-02  1.042E-01  1.041E-01  9.898E-02  8.935E-02
  416.5000  1.084E-01  1.136E-01  1.134E-01  1.078E-01  9.731E-02
  417.5000  9.916E-02  1.039E-01  1.037E-01  9.865E-02  8.903E-02
  418.5000  1.000E-01  1.048E-01  1.047E-01  9.953E-02  8.981E-02
  419.5000  1.034E-01  1.084E-01  1.082E-01  1.029E-01  9.286E-02
------------------------------------------------------------
Dose rates, W m-2
   1 = UV-B, 280-315 nm                                  
   2 = UV-A, 315-400 nm                                  
   3 = Gaussian, 320 nm, 10 nm FWHM                      
   4 = RB Meter, model 501                               
   5 = DNA damage, in vitro (Setlow, 1974)               
   6 = UV index (WMO, 1994; Webb et al., 2011)           
   7 = Previtamin-D3 (CIE 2006)                          
values at z =      0.000 km
Columns: time, sza, weighting spectra
time, hrs.  sza, deg.          1          2          3          4          5          6          7
   11.0000     83.845  1.321E-02  3.888E+00  1.263E-02  5.518E-03  2.421E-05  1.454E-01  2.401E-03
   11.5000     83.572  1.420E-02  4.070E+00  1.340E-02  5.875E-03  2.567E-05  1.536E-01  2.567E-03
   12.0000     83.582  1.417E-02  4.064E+00  1.337E-02  5.863E-03  2.562E-05  1.533E-01  2.561E-03
   12.5000     83.875  1.310E-02  3.869E+00  1.255E-02  5.480E-03  2.406E-05  1.445E-01  2.384E-03
   13.0000     84.447  1.122E-02  3.499E+00  1.102E-02  4.783E-03  2.123E-05  1.282E-01  2.067E-03
------------------------------------------------------------
