Spectral Irradiance, W m-2 nm-1
values at z =      0.000 km
Columns: wavelength (nm), times (hrs.) or sza (deg.)
    wc, nm     11.000     11.500     12.000     12.500     13.000
    sza =      78.440     77.780     77.525     77.680     78.240
  280.5000  2.702E-31  2.831E-31  2.882E-31  2.851E-31  2.741E-31
  281.5000  1.740E-28  1.823E-28  1.856E-28  1.836E-28  1.765E-28
  282.5000  3.085E-26  3.234E-26  3.294E-26  3.258E-26  3.130E-26
  283.5000  8.036E-25  8.429E-25  8.584E-25  8.490E-25  8.154E-25
  284.5000  1.881E-22  1.975E-22  2.012E-22  1.989E-22  1.909E-22
  285.5000  6.680E-21  7.018E-21  7.152E-21  7.070E-21  6.781E-21
  286.5000  4.689E-19  4.930E-19  5.025E-19  4.967E-19  4.761E-19
  287.5000  1.956E-17  2.058E-17  2.099E-17  2.074E-17  1.987E-17
  288.5000  8.573E-16  9.033E-16  9.217E-16  9.105E-16  8.711E-16
  289.5000  2.232E-14  2.354E-14  2.403E-14  2.373E-14  2.268E-14
  290.5000  3.321E-13  3.508E-13  3.583E-13  3.537E-13  3.377E-13
  291.5000  4.678E-12  4.950E-12  5.059E-12  4.993E-12  4.759E-12
  292.5000  3.850E-11  4.081E-11  4.174E-11  4.117E-11  3.919E-11
  293.5000  3.570E-10  3.792E-10  3.882E-10  3.827E-10  3.636E-10
  294.5000  1.709E-09  1.819E-09  1.863E-09  1.836E-09  1.742E-09
  295.5000  1.162E-08  1.240E-08  1.271E-08  1.252E-08  1.185E-08
  296.5000  4.709E-08  5.040E-08  5.174E-08  5.092E-08  4.807E-08
  297.5000  1.919E-07  2.060E-07  2.118E-07  2.082E-07  1.960E-07
  298.5000  4.395E-07  4.735E-07  4.875E-07  4.790E-07  4.495E-07
  299.5000  1.849E-06  2.003E-06  2.066E-06  2.027E-06  1.894E-06
  300.5000  2.880E-06  3.136E-06  3.243E-06  3.177E-06  2.954E-06
  301.5000  1.022E-05  1.123E-05  1.167E-05  1.140E-05  1.051E-05
  302.5000  1.909E-05  2.118E-05  2.208E-05  2.152E-05  1.969E-05
  303.5000  5.484E-05  6.171E-05  6.470E-05  6.286E-05  5.680E-05
  304.5000  8.311E-05  9.444E-05  9.938E-05  9.633E-05  8.634E-05
  305.5000  1.886E-04  2.175E-04  2.301E-04  2.224E-04  1.969E-04
  306.5000  2.533E-04  2.938E-04  3.114E-04  3.005E-04  2.649E-04
  307.5000  6.249E-04  7.298E-04  7.749E-04  7.472E-04  6.549E-04
  308.5000  8.710E-04  1.018E-03  1.081E-03  1.043E-03  9.133E-04
  309.5000  1.152E-03  1.345E-03  1.426E-03  1.376E-03  1.208E-03
  310.5000  2.132E-03  2.479E-03  2.624E-03  2.535E-03  2.233E-03
  311.5000  3.379E-03  3.914E-03  4.137E-03  4.000E-03  3.535E-03
  312.5000  4.873E-03  5.590E-03  5.884E-03  5.704E-03  5.083E-03
  313.5000  6.064E-03  6.938E-03  7.297E-03  7.077E-03  6.320E-03
  314.5000  8.600E-03  9.730E-03  1.019E-02  9.908E-03  8.934E-03
  315.5000  9.407E-03  1.062E-02  1.112E-02  1.082E-02  9.767E-03
  316.5000  1.239E-02  1.384E-02  1.443E-02  1.407E-02  1.282E-02
  317.5000  1.753E-02  1.960E-02  2.043E-02  1.992E-02  1.814E-02
  318.5000  1.790E-02  1.980E-02  2.056E-02  2.009E-02  1.846E-02
  319.5000  2.295E-02  2.534E-02  2.629E-02  2.571E-02  2.366E-02
  320.5000  2.967E-02  3.268E-02  3.388E-02  3.315E-02  3.057E-02
  321.5000  3.209E-02  3.497E-02  3.611E-02  3.542E-02  3.295E-02
  322.5000  2.682E-02  2.947E-02  3.053E-02  2.989E-02  2.761E-02
  323.5000  3.710E-02  4.025E-02  4.149E-02  4.073E-02  3.805E-02
  324.5000  4.308E-02  4.676E-02  4.821E-02  4.733E-02  4.418E-02
  325.5000  4.650E-02  5.056E-02  5.217E-02  5.119E-02  4.772E-02
  326.5000  6.873E-02  7.406E-02  7.615E-02  7.488E-02  7.033E-02
  327.5000  6.005E-02  6.491E-02  6.682E-02  6.566E-02  6.151E-02
  328.5000  5.562E-02  6.011E-02  6.188E-02  6.081E-02  5.697E-02
  329.5000  8.363E-02  8.977E-02  9.218E-02  9.071E-02  8.548E-02
  330.5000  7.157E-02  7.705E-02  7.921E-02  7.789E-02  7.322E-02
  331.5000  6.991E-02  7.531E-02  7.744E-02  7.614E-02  7.153E-02
  332.5000  7.665E-02  8.216E-02  8.432E-02  8.301E-02  7.831E-02
  333.5000  6.887E-02  7.399E-02  7.600E-02  7.477E-02  7.041E-02
  334.5000  7.886E-02  8.463E-02  8.689E-02  8.551E-02  8.059E-02
  335.5000  8.418E-02  9.012E-02  9.245E-02  9.103E-02  8.597E-02
  336.5000  6.490E-02  6.954E-02  7.136E-02  7.025E-02  6.630E-02
  337.5000  6.882E-02  7.387E-02  7.585E-02  7.464E-02  7.034E-02
  338.5000  7.670E-02  8.211E-02  8.423E-02  8.294E-02  7.832E-02
  339.5000  8.406E-02  8.997E-02  9.228E-02  9.087E-02  8.584E-02
  340.5000  8.823E-02  9.452E-02  9.699E-02  9.549E-02  9.012E-02
  341.5000  8.061E-02  8.625E-02  8.846E-02  8.711E-02  8.230E-02
  342.5000  8.983E-02  9.610E-02  9.855E-02  9.706E-02  9.172E-02
  343.5000  9.254E-02  9.905E-02  1.016E-01  1.000E-01  9.450E-02
  344.5000  6.427E-02  6.882E-02  7.061E-02  6.952E-02  6.564E-02
  345.5000  9.049E-02  9.678E-02  9.925E-02  9.775E-02  9.238E-02
  346.5000  8.341E-02  8.928E-02  9.159E-02  9.019E-02  8.517E-02
  347.5000  8.174E-02  8.749E-02  8.975E-02  8.837E-02  8.347E-02
  348.5000  9.044E-02  9.679E-02  9.928E-02  9.776E-02  9.235E-02
  349.5000  7.582E-02  8.115E-02  8.324E-02  8.196E-02  7.742E-02
  350.5000  1.064E-01  1.139E-01  1.168E-01  1.150E-01  1.087E-01
  351.5000  9.161E-02  9.806E-02  1.006E-01  9.905E-02  9.355E-02
  352.5000  8.286E-02  8.870E-02  9.099E-02  8.959E-02  8.462E-02
  353.5000  1.001E-01  1.072E-01  1.099E-01  1.083E-01  1.023E-01
  354.5000  1.088E-01  1.164E-01  1.194E-01  1.176E-01  1.111E-01
  355.5000  1.018E-01  1.089E-01  1.117E-01  1.100E-01  1.039E-01
  356.5000  9.454E-02  1.012E-01  1.038E-01  1.022E-01  9.654E-02
  357.5000  8.044E-02  8.610E-02  8.832E-02  8.697E-02  8.214E-02
  358.5000  6.222E-02  6.660E-02  6.831E-02  6.727E-02  6.353E-02
  359.5000  1.048E-01  1.122E-01  1.151E-01  1.133E-01  1.070E-01
  360.5000  9.728E-02  1.041E-01  1.068E-01  1.052E-01  9.935E-02
  361.5000  8.788E-02  9.408E-02  9.651E-02  9.503E-02  8.974E-02
  362.5000  1.034E-01  1.107E-01  1.135E-01  1.118E-01  1.056E-01
  363.5000  9.207E-02  9.857E-02  1.011E-01  9.956E-02  9.402E-02
  364.5000  1.005E-01  1.076E-01  1.104E-01  1.087E-01  1.027E-01
  365.5000  1.226E-01  1.313E-01  1.347E-01  1.326E-01  1.252E-01
  366.5000  1.299E-01  1.391E-01  1.427E-01  1.405E-01  1.327E-01
  367.5000  1.236E-01  1.323E-01  1.358E-01  1.337E-01  1.262E-01
  368.5000  1.087E-01  1.164E-01  1.194E-01  1.176E-01  1.110E-01
  369.5000  1.305E-01  1.398E-01  1.434E-01  1.412E-01  1.333E-01
  370.5000  1.186E-01  1.270E-01  1.303E-01  1.283E-01  1.211E-01
  371.5000  1.358E-01  1.455E-01  1.493E-01  1.470E-01  1.387E-01
  372.5000  1.005E-01  1.076E-01  1.104E-01  1.087E-01  1.026E-01
  373.5000  9.091E-02  9.737E-02  9.991E-02  9.836E-02  9.286E-02
  374.5000  9.990E-02  1.070E-01  1.098E-01  1.081E-01  1.020E-01
  375.5000  1.129E-01  1.209E-01  1.240E-01  1.221E-01  1.153E-01
  376.5000  1.128E-01  1.209E-01  1.240E-01  1.221E-01  1.153E-01
  377.5000  1.346E-01  1.441E-01  1.479E-01  1.456E-01  1.374E-01
  378.5000  1.468E-01  1.573E-01  1.614E-01  1.589E-01  1.500E-01
  379.5000  1.088E-01  1.165E-01  1.196E-01  1.177E-01  1.111E-01
  380.5000  1.310E-01  1.403E-01  1.440E-01  1.418E-01  1.338E-01
  381.5000  1.232E-01  1.320E-01  1.355E-01  1.334E-01  1.259E-01
  382.5000  8.222E-02  8.810E-02  9.040E-02  8.900E-02  8.399E-02
  383.5000  7.229E-02  7.746E-02  7.949E-02  7.825E-02  7.385E-02
  384.5000  1.086E-01  1.164E-01  1.195E-01  1.176E-01  1.110E-01
  385.5000  1.076E-01  1.153E-01  1.183E-01  1.165E-01  1.099E-01
  386.5000  1.099E-01  1.177E-01  1.208E-01  1.189E-01  1.122E-01
  387.5000  1.022E-01  1.096E-01  1.124E-01  1.107E-01  1.044E-01
  388.5000  1.026E-01  1.100E-01  1.128E-01  1.111E-01  1.048E-01
  389.5000  1.296E-01  1.389E-01  1.425E-01  1.403E-01  1.324E-01
  390.5000  1.274E-01  1.366E-01  1.402E-01  1.380E-01  1.302E-01
  391.5000  1.514E-01  1.623E-01  1.665E-01  1.639E-01  1.547E-01
  392.5000  1.137E-01  1.218E-01  1.250E-01  1.231E-01  1.161E-01
  393.5000  4.949E-02  5.304E-02  5.444E-02  5.359E-02  5.056E-02
  394.5000  1.166E-01  1.250E-01  1.283E-01  1.263E-01  1.191E-01
  395.5000  1.502E-01  1.610E-01  1.653E-01  1.627E-01  1.535E-01
  396.5000  8.834E-02  9.470E-02  9.719E-02  9.567E-02  9.026E-02
  397.5000  1.021E-01  1.094E-01  1.123E-01  1.106E-01  1.043E-01
  398.5000  1.757E-01  1.883E-01  1.933E-01  1.903E-01  1.795E-01
  399.5000  1.830E-01  1.962E-01  2.013E-01  1.982E-01  1.870E-01
  400.5000  1.926E-01  2.065E-01  2.119E-01  2.086E-01  1.968E-01
  401.5000  1.985E-01  2.128E-01  2.184E-01  2.150E-01  2.028E-01
  402.5000  2.063E-01  2.212E-01  2.270E-01  2.235E-01  2.108E-01
  403.5000  1.891E-01  2.028E-01  2.081E-01  2.049E-01  1.932E-01
  404.5000  1.858E-01  1.992E-01  2.044E-01  2.012E-01  1.898E-01
  405.5000  1.933E-01  2.072E-01  2.127E-01  2.093E-01  1.975E-01
  406.5000  1.823E-01  1.954E-01  2.006E-01  1.975E-01  1.863E-01
  407.5000  1.840E-01  1.973E-01  2.025E-01  1.993E-01  1.880E-01
  408.5000  2.052E-01  2.200E-01  2.258E-01  2.223E-01  2.097E-01
  409.5000  2.015E-01  2.160E-01  2.217E-01  2.182E-01  2.059E-01
  410.5000  1.750E-01  1.876E-01  1.925E-01  1.895E-01  1.788E-01
  411.5000  2.106E-01  2.258E-01  2.318E-01  2.282E-01  2.152E-01
  412.5000  2.091E-01  2.242E-01  2.301E-01  2.265E-01  2.136E-01
  413.5000  2.031E-01  2.177E-01  2.235E-01  2.200E-01  2.075E-01
  414.5000  2.090E-01  2.241E-01  2.300E-01  2.264E-01  2.136E-01
  415.5000  2.002E-01  2.147E-01  2.203E-01  2.169E-01  2.046E-01
  416.5000  2.182E-01  2.339E-01  2.401E-01  2.364E-01  2.229E-01
  417.5000  1.997E-01  2.142E-01  2.198E-01  2.164E-01  2.041E-01
  418.5000  2.016E-01  2.162E-01  2.219E-01  2.184E-01  2.060E-01
  419.5000  2.086E-01  2.236E-01  2.295E-01  2.259E-01  2.131E-01
------------------------------------------------------------
Dose rates, W m-2
   1 = UV-B, 280-315 nm                                  
   2 = UV-A, 315-400 nm                                  
   3 = Gaussian, 320 nm, 10 nm FWHM                      
   4 = RB Meter, model 501                               
   5 = DNA damage, in vitro (Setlow, 1974)               
   6 = UV index (WMO, 1994; Webb et al., 2011)           
   7 = Previtamin-D3 (CIE 2006)                          
values at z =      0.000 km
Columns: time, sza, weighting spectra
time, hrs.  sza, deg.          1          2          3          4          5          6          7
   11.0000     78.440  2.831E-02  7.664E+00  2.672E-02  1.142E-02  4.493E-05  2.923E-01  4.693E-03
   11.5000     77.780  3.245E-02  8.219E+00  2.925E-02  1.273E-02  5.016E-05  3.204E-01  5.357E-03
   12.0000     77.525  3.416E-02  8.437E+00  3.026E-02  1.326E-02  5.231E-05  3.317E-01  5.632E-03
   12.5000     77.680  3.311E-02  8.304E+00  2.965E-02  1.294E-02  5.099E-05  3.248E-01  5.463E-03
   13.0000     78.240  2.952E-02  7.831E+00  2.748E-02  1.181E-02  4.646E-05  3.006E-01  4.886E-03
------------------------------------------------------------
