Spectral Irradiance, W m-2 nm-1
values at z =      0.000 km
Columns: wavelength (nm), times (hrs.) or sza (deg.)
    wc, nm     11.000     11.500     12.000     12.500     13.000
    sza =      28.895     26.946     26.970     28.964     32.568
  280.5000  1.923E-14  3.252E-14  3.232E-14  1.886E-14  6.158E-15
  281.5000  6.136E-13  9.908E-13  9.852E-13  6.027E-13  2.172E-13
  282.5000  8.218E-12  1.275E-11  1.269E-11  8.085E-12  3.171E-12
  283.5000  4.019E-11  6.078E-11  6.049E-11  3.957E-11  1.640E-11
  284.5000  4.368E-10  6.304E-10  6.277E-10  4.309E-10  1.973E-10
  285.5000  1.597E-09  2.226E-09  2.218E-09  1.578E-09  7.781E-10
  286.5000  1.952E-08  2.649E-08  2.639E-08  1.930E-08  1.008E-08
  287.5000  1.162E-07  1.531E-07  1.526E-07  1.150E-07  6.396E-08
  288.5000  6.064E-07  7.737E-07  7.715E-07  6.009E-07  3.580E-07
  289.5000  3.427E-06  4.273E-06  4.262E-06  3.399E-06  2.127E-06
  290.5000  1.406E-05  1.719E-05  1.715E-05  1.395E-05  9.100E-06
  291.5000  4.546E-05  5.439E-05  5.427E-05  4.516E-05  3.086E-05
  292.5000  1.092E-04  1.305E-04  1.302E-04  1.104E-04  7.839E-05
  293.5000  3.247E-04  3.751E-04  3.745E-04  3.229E-04  2.377E-04
  294.5000  6.228E-04  7.101E-04  7.090E-04  6.198E-04  4.693E-04
  295.5000  1.580E-03  1.776E-03  1.773E-03  1.573E-03  1.227E-03
  296.5000  2.778E-03  3.087E-03  3.083E-03  2.767E-03  2.214E-03
  297.5000  5.361E-03  5.896E-03  5.890E-03  5.342E-03  4.368E-03
  298.5000  6.429E-03  7.011E-03  7.004E-03  6.409E-03  5.337E-03
  299.5000  1.442E-02  1.560E-02  1.558E-02  1.438E-02  1.218E-02
  300.5000  1.358E-02  1.460E-02  1.458E-02  1.354E-02  1.163E-02
  301.5000  2.709E-02  2.893E-02  2.890E-02  2.703E-02  2.354E-02
  302.5000  3.389E-02  3.603E-02  3.600E-02  3.382E-02  2.973E-02
  303.5000  5.809E-02  6.143E-02  6.139E-02  5.797E-02  5.154E-02
  304.5000  6.376E-02  6.721E-02  6.717E-02  6.364E-02  5.694E-02
  305.5000  8.466E-02  8.885E-02  8.880E-02  8.451E-02  7.635E-02
  306.5000  8.803E-02  9.286E-02  9.281E-02  8.850E-02  8.028E-02
  307.5000  1.285E-01  1.341E-01  1.340E-01  1.283E-01  1.173E-01
  308.5000  1.442E-01  1.502E-01  1.501E-01  1.439E-01  1.320E-01
  309.5000  1.275E-01  1.325E-01  1.325E-01  1.273E-01  1.174E-01
  310.5000  1.740E-01  1.806E-01  1.805E-01  1.738E-01  1.608E-01
  311.5000  2.243E-01  2.325E-01  2.324E-01  2.240E-01  2.078E-01
  312.5000  2.194E-01  2.269E-01  2.268E-01  2.191E-01  2.042E-01
  313.5000  2.490E-01  2.575E-01  2.574E-01  2.487E-01  2.320E-01
  314.5000  2.494E-01  2.573E-01  2.572E-01  2.491E-01  2.332E-01
  315.5000  2.576E-01  2.658E-01  2.657E-01  2.574E-01  2.411E-01
  316.5000  2.569E-01  2.647E-01  2.646E-01  2.566E-01  2.411E-01
  317.5000  3.633E-01  3.743E-01  3.741E-01  3.629E-01  3.411E-01
  318.5000  2.860E-01  2.942E-01  2.941E-01  2.857E-01  2.692E-01
  319.5000  3.490E-01  3.590E-01  3.589E-01  3.487E-01  3.287E-01
  320.5000  4.247E-01  4.367E-01  4.366E-01  4.243E-01  4.003E-01
  321.5000  3.607E-01  3.704E-01  3.703E-01  3.603E-01  3.408E-01
  322.5000  3.631E-01  3.733E-01  3.732E-01  3.628E-01  3.425E-01
  323.5000  3.739E-01  3.838E-01  3.837E-01  3.735E-01  3.537E-01
  324.5000  4.388E-01  4.504E-01  4.503E-01  4.384E-01  4.151E-01
  325.5000  4.919E-01  5.050E-01  5.049E-01  4.915E-01  4.652E-01
  326.5000  5.945E-01  6.099E-01  6.096E-01  5.940E-01  5.634E-01
  327.5000  5.540E-01  5.683E-01  5.682E-01  5.535E-01  5.247E-01
  328.5000  5.115E-01  5.247E-01  5.245E-01  5.110E-01  4.845E-01
  329.5000  6.619E-01  6.785E-01  6.783E-01  6.613E-01  6.279E-01
  330.5000  6.022E-01  6.175E-01  6.173E-01  6.017E-01  5.710E-01
  331.5000  5.952E-01  6.103E-01  6.101E-01  5.947E-01  5.643E-01
  332.5000  5.852E-01  5.997E-01  5.995E-01  5.846E-01  5.554E-01
  333.5000  5.502E-01  5.640E-01  5.638E-01  5.497E-01  5.221E-01
  334.5000  6.144E-01  6.298E-01  6.296E-01  6.139E-01  5.832E-01
  335.5000  6.222E-01  6.376E-01  6.374E-01  6.217E-01  5.909E-01
  336.5000  4.865E-01  4.985E-01  4.984E-01  4.861E-01  4.620E-01
  337.5000  5.344E-01  5.476E-01  5.475E-01  5.339E-01  5.073E-01
  338.5000  5.634E-01  5.772E-01  5.771E-01  5.629E-01  5.352E-01
  339.5000  6.123E-01  6.273E-01  6.271E-01  6.118E-01  5.818E-01
  340.5000  6.548E-01  6.709E-01  6.707E-01  6.543E-01  6.221E-01
  341.5000  5.812E-01  5.953E-01  5.952E-01  5.807E-01  5.523E-01
  342.5000  6.437E-01  6.593E-01  6.591E-01  6.432E-01  6.118E-01
  343.5000  6.687E-01  6.849E-01  6.847E-01  6.681E-01  6.355E-01
  344.5000  4.687E-01  4.801E-01  4.800E-01  4.683E-01  4.455E-01
  345.5000  6.417E-01  6.572E-01  6.570E-01  6.412E-01  6.101E-01
  346.5000  6.004E-01  6.149E-01  6.147E-01  5.999E-01  5.708E-01
  347.5000  5.865E-01  6.007E-01  6.005E-01  5.860E-01  5.577E-01
  348.5000  6.444E-01  6.599E-01  6.597E-01  6.439E-01  6.128E-01
  349.5000  5.400E-01  5.530E-01  5.528E-01  5.395E-01  5.135E-01
  350.5000  7.559E-01  7.740E-01  7.738E-01  7.553E-01  7.189E-01
  351.5000  6.514E-01  6.670E-01  6.668E-01  6.509E-01  6.196E-01
  352.5000  5.874E-01  6.014E-01  6.012E-01  5.869E-01  5.587E-01
  353.5000  7.069E-01  7.237E-01  7.235E-01  7.063E-01  6.724E-01
  354.5000  7.648E-01  7.830E-01  7.828E-01  7.642E-01  7.277E-01
  355.5000  7.146E-01  7.316E-01  7.314E-01  7.140E-01  6.800E-01
  356.5000  6.631E-01  6.788E-01  6.786E-01  6.625E-01  6.309E-01
  357.5000  5.637E-01  5.771E-01  5.769E-01  5.633E-01  5.365E-01
  358.5000  4.349E-01  4.452E-01  4.451E-01  4.346E-01  4.139E-01
  359.5000  7.318E-01  7.491E-01  7.489E-01  7.312E-01  6.965E-01
  360.5000  6.782E-01  6.942E-01  6.940E-01  6.776E-01  6.455E-01
  361.5000  6.113E-01  6.257E-01  6.255E-01  6.108E-01  5.819E-01
  362.5000  7.177E-01  7.346E-01  7.344E-01  7.171E-01  6.833E-01
  363.5000  6.384E-01  6.533E-01  6.532E-01  6.378E-01  6.077E-01
  364.5000  6.962E-01  7.125E-01  7.124E-01  6.957E-01  6.629E-01
  365.5000  8.482E-01  8.681E-01  8.678E-01  8.475E-01  8.077E-01
  366.5000  8.975E-01  9.185E-01  9.182E-01  8.968E-01  8.547E-01
  367.5000  8.520E-01  8.719E-01  8.716E-01  8.513E-01  8.114E-01
  368.5000  7.483E-01  7.658E-01  7.656E-01  7.477E-01  7.127E-01
  369.5000  8.975E-01  9.183E-01  9.181E-01  8.967E-01  8.548E-01
  370.5000  8.141E-01  8.330E-01  8.328E-01  8.134E-01  7.754E-01
  371.5000  9.313E-01  9.529E-01  9.527E-01  9.306E-01  8.871E-01
  372.5000  6.878E-01  7.037E-01  7.036E-01  6.873E-01  6.552E-01
  373.5000  6.216E-01  6.360E-01  6.358E-01  6.211E-01  5.922E-01
  374.5000  6.821E-01  6.979E-01  6.977E-01  6.816E-01  6.499E-01
  375.5000  7.695E-01  7.872E-01  7.870E-01  7.689E-01  7.332E-01
  376.5000  7.682E-01  7.859E-01  7.857E-01  7.676E-01  7.320E-01
  377.5000  9.147E-01  9.357E-01  9.355E-01  9.139E-01  8.716E-01
  378.5000  9.968E-01  1.020E+00  1.019E+00  9.960E-01  9.499E-01
  379.5000  7.373E-01  7.542E-01  7.541E-01  7.367E-01  7.027E-01
  380.5000  8.866E-01  9.069E-01  9.067E-01  8.859E-01  8.450E-01
  381.5000  8.330E-01  8.521E-01  8.518E-01  8.323E-01  7.940E-01
  382.5000  5.550E-01  5.677E-01  5.675E-01  5.545E-01  5.290E-01
  383.5000  4.873E-01  4.984E-01  4.982E-01  4.869E-01  4.645E-01
  384.5000  7.311E-01  7.478E-01  7.476E-01  7.305E-01  6.970E-01
  385.5000  7.232E-01  7.397E-01  7.395E-01  7.227E-01  6.895E-01
  386.5000  7.371E-01  7.539E-01  7.537E-01  7.365E-01  7.028E-01
  387.5000  6.850E-01  7.005E-01  7.003E-01  6.844E-01  6.531E-01
  388.5000  6.865E-01  7.021E-01  7.019E-01  6.859E-01  6.546E-01
  389.5000  8.656E-01  8.852E-01  8.850E-01  8.649E-01  8.255E-01
  390.5000  8.501E-01  8.694E-01  8.691E-01  8.494E-01  8.107E-01
  391.5000  1.008E+00  1.031E+00  1.031E+00  1.008E+00  9.618E-01
  392.5000  7.561E-01  7.732E-01  7.730E-01  7.555E-01  7.212E-01
  393.5000  3.287E-01  3.361E-01  3.360E-01  3.284E-01  3.135E-01
  394.5000  7.733E-01  7.907E-01  7.905E-01  7.727E-01  7.377E-01
  395.5000  9.949E-01  1.017E+00  1.017E+00  9.941E-01  9.491E-01
  396.5000  5.841E-01  5.973E-01  5.971E-01  5.837E-01  5.573E-01
  397.5000  6.740E-01  6.891E-01  6.890E-01  6.735E-01  6.430E-01
  398.5000  1.158E+00  1.184E+00  1.184E+00  1.157E+00  1.105E+00
  399.5000  1.204E+00  1.231E+00  1.231E+00  1.203E+00  1.149E+00
  400.5000  1.266E+00  1.294E+00  1.294E+00  1.265E+00  1.208E+00
  401.5000  1.303E+00  1.332E+00  1.331E+00  1.302E+00  1.243E+00
  402.5000  1.352E+00  1.382E+00  1.382E+00  1.351E+00  1.290E+00
  403.5000  1.238E+00  1.265E+00  1.265E+00  1.237E+00  1.181E+00
  404.5000  1.214E+00  1.241E+00  1.240E+00  1.213E+00  1.158E+00
  405.5000  1.261E+00  1.289E+00  1.288E+00  1.260E+00  1.203E+00
  406.5000  1.187E+00  1.214E+00  1.213E+00  1.186E+00  1.133E+00
  407.5000  1.197E+00  1.224E+00  1.223E+00  1.196E+00  1.143E+00
  408.5000  1.333E+00  1.363E+00  1.362E+00  1.332E+00  1.272E+00
  409.5000  1.307E+00  1.336E+00  1.335E+00  1.306E+00  1.247E+00
  410.5000  1.133E+00  1.158E+00  1.158E+00  1.132E+00  1.082E+00
  411.5000  1.362E+00  1.392E+00  1.392E+00  1.361E+00  1.300E+00
  412.5000  1.350E+00  1.379E+00  1.379E+00  1.349E+00  1.289E+00
  413.5000  1.309E+00  1.338E+00  1.337E+00  1.308E+00  1.250E+00
  414.5000  1.345E+00  1.375E+00  1.375E+00  1.344E+00  1.285E+00
  415.5000  1.287E+00  1.315E+00  1.315E+00  1.286E+00  1.229E+00
  416.5000  1.400E+00  1.431E+00  1.431E+00  1.399E+00  1.337E+00
  417.5000  1.280E+00  1.308E+00  1.308E+00  1.279E+00  1.222E+00
  418.5000  1.290E+00  1.318E+00  1.318E+00  1.289E+00  1.232E+00
  419.5000  1.332E+00  1.362E+00  1.361E+00  1.331E+00  1.273E+00
------------------------------------------------------------
Dose rates, W m-2
   1 = UV-B, 280-315 nm                                  
   2 = UV-A, 315-400 nm                                  
   3 = Gaussian, 320 nm, 10 nm FWHM                      
   4 = RB Meter, model 501                               
   5 = DNA damage, in vitro (Setlow, 1974)               
   6 = UV index (WMO, 1994; Webb et al., 2011)           
   7 = Previtamin-D3 (CIE 2006)                          
values at z =      0.000 km
Columns: time, sza, weighting spectra
time, hrs.  sza, deg.          1          2          3          4          5          6          7
   11.0000     28.895  1.917E+00  5.569E+01  3.584E-01  5.748E-01  7.194E-03  1.110E+01  5.561E-01
   11.5000     26.946  1.996E+00  5.702E+01  3.686E-01  6.009E-01  7.666E-03  1.164E+01  5.838E-01
   12.0000     26.970  1.995E+00  5.700E+01  3.685E-01  6.006E-01  7.660E-03  1.163E+01  5.835E-01
   12.5000     28.964  1.915E+00  5.564E+01  3.581E-01  5.741E-01  7.181E-03  1.108E+01  5.554E-01
   13.0000     32.568  1.761E+00  5.298E+01  3.378E-01  5.238E-01  6.299E-03  1.005E+01  5.023E-01
------------------------------------------------------------
