Spectral Irradiance, W m-2 nm-1
values at z =      0.000 km
Columns: wavelength (nm), times (hrs.) or sza (deg.)
    wc, nm     11.000     11.500     12.000     12.500     13.000
    sza =      41.381     40.116     40.134     41.435     43.905
  280.5000  1.034E-14  1.800E-14  1.786E-14  1.009E-14  3.078E-15
  281.5000  3.437E-13  5.698E-13  5.658E-13  3.362E-13  1.139E-13
  282.5000  4.768E-12  7.579E-12  7.531E-12  4.672E-12  1.733E-12
  283.5000  2.385E-11  3.690E-11  3.668E-11  2.340E-11  9.202E-12
  284.5000  2.702E-10  3.977E-10  3.956E-10  2.657E-10  1.163E-10
  285.5000  1.019E-09  1.445E-09  1.438E-09  1.003E-09  4.749E-10
  286.5000  1.274E-08  1.757E-08  1.749E-08  1.256E-08  6.319E-09
  287.5000  7.781E-08  1.040E-07  1.036E-07  7.683E-08  4.133E-08
  288.5000  4.175E-07  5.394E-07  5.375E-07  4.129E-07  2.389E-07
  289.5000  2.406E-06  3.034E-06  3.024E-06  2.382E-06  1.452E-06
  290.5000  1.003E-05  1.240E-05  1.236E-05  9.942E-06  6.333E-06
  291.5000  3.305E-05  3.990E-05  3.979E-05  3.278E-05  2.194E-05
  292.5000  8.194E-05  9.706E-05  9.683E-05  8.134E-05  5.670E-05
  293.5000  2.429E-04  2.826E-04  2.820E-04  2.413E-04  1.747E-04
  294.5000  4.708E-04  5.403E-04  5.393E-04  4.680E-04  3.492E-04
  295.5000  1.208E-03  1.365E-03  1.363E-03  1.201E-03  9.249E-04
  296.5000  2.143E-03  2.393E-03  2.390E-03  2.132E-03  1.686E-03
  297.5000  4.167E-03  4.604E-03  4.598E-03  4.149E-03  3.355E-03
  298.5000  5.028E-03  5.506E-03  5.499E-03  5.008E-03  4.130E-03
  299.5000  1.134E-02  1.232E-02  1.230E-02  1.130E-02  9.491E-03
  300.5000  1.073E-02  1.157E-02  1.156E-02  1.069E-02  9.104E-03
  301.5000  2.151E-02  2.304E-02  2.301E-02  2.144E-02  1.853E-02
  302.5000  2.698E-02  2.877E-02  2.875E-02  2.660E-02  2.349E-02
  303.5000  4.641E-02  4.921E-02  4.917E-02  4.629E-02  4.089E-02
  304.5000  5.105E-02  5.396E-02  5.392E-02  5.092E-02  4.528E-02
  305.5000  6.799E-02  7.154E-02  7.149E-02  6.784E-02  6.093E-02
  306.5000  7.129E-02  7.486E-02  7.481E-02  7.115E-02  6.417E-02
  307.5000  1.036E-01  1.084E-01  1.083E-01  1.034E-01  9.404E-02
  308.5000  1.164E-01  1.215E-01  1.215E-01  1.162E-01  1.060E-01
  309.5000  1.031E-01  1.074E-01  1.073E-01  1.029E-01  9.442E-02
  310.5000  1.409E-01  1.466E-01  1.465E-01  1.407E-01  1.296E-01
  311.5000  1.819E-01  1.889E-01  1.888E-01  1.816E-01  1.677E-01
  312.5000  1.782E-01  1.846E-01  1.845E-01  1.779E-01  1.650E-01
  313.5000  2.023E-01  2.096E-01  2.095E-01  2.020E-01  1.876E-01
  314.5000  2.029E-01  2.097E-01  2.096E-01  2.026E-01  1.889E-01
  315.5000  2.097E-01  2.167E-01  2.166E-01  2.094E-01  1.954E-01
  316.5000  2.093E-01  2.160E-01  2.159E-01  2.090E-01  1.956E-01
  317.5000  2.961E-01  3.055E-01  3.055E-01  2.957E-01  2.768E-01
  318.5000  2.333E-01  2.404E-01  2.403E-01  2.330E-01  2.187E-01
  319.5000  2.848E-01  2.935E-01  2.933E-01  2.845E-01  2.672E-01
  320.5000  3.467E-01  3.572E-01  3.570E-01  3.463E-01  3.255E-01
  321.5000  2.947E-01  3.031E-01  3.030E-01  2.944E-01  2.773E-01
  322.5000  2.967E-01  3.055E-01  3.054E-01  2.963E-01  2.787E-01
  323.5000  3.057E-01  3.143E-01  3.142E-01  3.054E-01  2.881E-01
  324.5000  3.589E-01  3.690E-01  3.689E-01  3.585E-01  3.383E-01
  325.5000  4.025E-01  4.139E-01  4.137E-01  4.020E-01  3.792E-01
  326.5000  4.868E-01  5.000E-01  4.999E-01  4.862E-01  4.595E-01
  327.5000  4.536E-01  4.661E-01  4.660E-01  4.531E-01  4.280E-01
  328.5000  4.190E-01  4.305E-01  4.303E-01  4.185E-01  3.954E-01
  329.5000  5.425E-01  5.570E-01  5.568E-01  5.418E-01  5.127E-01
  330.5000  4.937E-01  5.070E-01  5.068E-01  4.931E-01  4.663E-01
  331.5000  4.881E-01  5.012E-01  5.011E-01  4.875E-01  4.610E-01
  332.5000  4.801E-01  4.928E-01  4.926E-01  4.795E-01  4.540E-01
  333.5000  4.515E-01  4.635E-01  4.634E-01  4.510E-01  4.268E-01
  334.5000  5.044E-01  5.178E-01  5.176E-01  5.038E-01  4.770E-01
  335.5000  5.110E-01  5.244E-01  5.242E-01  5.104E-01  4.835E-01
  336.5000  3.997E-01  4.101E-01  4.100E-01  3.992E-01  3.781E-01
  337.5000  4.391E-01  4.507E-01  4.505E-01  4.386E-01  4.153E-01
  338.5000  4.631E-01  4.752E-01  4.750E-01  4.626E-01  4.383E-01
  339.5000  5.035E-01  5.166E-01  5.164E-01  5.029E-01  4.766E-01
  340.5000  5.386E-01  5.526E-01  5.524E-01  5.380E-01  5.098E-01
  341.5000  4.782E-01  4.906E-01  4.904E-01  4.777E-01  4.528E-01
  342.5000  5.298E-01  5.435E-01  5.433E-01  5.292E-01  5.017E-01
  343.5000  5.505E-01  5.647E-01  5.645E-01  5.499E-01  5.213E-01
  344.5000  3.860E-01  3.960E-01  3.958E-01  3.856E-01  3.655E-01
  345.5000  5.286E-01  5.422E-01  5.420E-01  5.281E-01  5.008E-01
  346.5000  4.948E-01  5.075E-01  5.073E-01  4.942E-01  4.687E-01
  347.5000  4.835E-01  4.959E-01  4.957E-01  4.830E-01  4.580E-01
  348.5000  5.314E-01  5.450E-01  5.448E-01  5.308E-01  5.034E-01
  349.5000  4.454E-01  4.568E-01  4.566E-01  4.449E-01  4.220E-01
  350.5000  6.236E-01  6.395E-01  6.393E-01  6.230E-01  5.910E-01
  351.5000  5.376E-01  5.513E-01  5.511E-01  5.370E-01  5.095E-01
  352.5000  4.849E-01  4.972E-01  4.970E-01  4.844E-01  4.595E-01
  353.5000  5.837E-01  5.985E-01  5.983E-01  5.831E-01  5.533E-01
  354.5000  6.317E-01  6.477E-01  6.475E-01  6.311E-01  5.989E-01
  355.5000  5.905E-01  6.054E-01  6.052E-01  5.898E-01  5.598E-01
  356.5000  5.480E-01  5.618E-01  5.616E-01  5.474E-01  5.196E-01
  357.5000  4.660E-01  4.778E-01  4.776E-01  4.656E-01  4.419E-01
  358.5000  3.597E-01  3.687E-01  3.686E-01  3.593E-01  3.411E-01
  359.5000  6.053E-01  6.206E-01  6.203E-01  6.047E-01  5.741E-01
  360.5000  5.611E-01  5.752E-01  5.750E-01  5.606E-01  5.322E-01
  361.5000  5.059E-01  5.186E-01  5.184E-01  5.054E-01  4.799E-01
  362.5000  5.942E-01  6.090E-01  6.088E-01  5.936E-01  5.636E-01
  363.5000  5.286E-01  5.418E-01  5.416E-01  5.281E-01  5.015E-01
  364.5000  5.767E-01  5.911E-01  5.909E-01  5.761E-01  5.471E-01
  365.5000  7.028E-01  7.203E-01  7.200E-01  7.020E-01  6.668E-01
  366.5000  7.438E-01  7.623E-01  7.620E-01  7.430E-01  7.058E-01
  367.5000  7.063E-01  7.238E-01  7.236E-01  7.055E-01  6.702E-01
  368.5000  6.205E-01  6.359E-01  6.357E-01  6.199E-01  5.889E-01
  369.5000  7.443E-01  7.628E-01  7.625E-01  7.436E-01  7.064E-01
  370.5000  6.754E-01  6.921E-01  6.918E-01  6.747E-01  6.410E-01
  371.5000  7.728E-01  7.919E-01  7.916E-01  7.720E-01  7.336E-01
  372.5000  5.709E-01  5.850E-01  5.848E-01  5.703E-01  5.420E-01
  373.5000  5.161E-01  5.288E-01  5.286E-01  5.155E-01  4.899E-01
  374.5000  5.665E-01  5.804E-01  5.802E-01  5.659E-01  5.378E-01
  375.5000  6.392E-01  6.548E-01  6.546E-01  6.385E-01  6.069E-01
  376.5000  6.383E-01  6.540E-01  6.537E-01  6.377E-01  6.061E-01
  377.5000  7.602E-01  7.788E-01  7.785E-01  7.594E-01  7.219E-01
  378.5000  8.286E-01  8.488E-01  8.485E-01  8.277E-01  7.869E-01
  379.5000  6.131E-01  6.280E-01  6.278E-01  6.124E-01  5.823E-01
  380.5000  7.373E-01  7.553E-01  7.551E-01  7.366E-01  7.004E-01
  381.5000  6.929E-01  7.098E-01  7.096E-01  6.922E-01  6.582E-01
  382.5000  4.618E-01  4.730E-01  4.728E-01  4.613E-01  4.387E-01
  383.5000  4.055E-01  4.154E-01  4.152E-01  4.051E-01  3.852E-01
  384.5000  6.086E-01  6.234E-01  6.232E-01  6.080E-01  5.782E-01
  385.5000  6.022E-01  6.168E-01  6.166E-01  6.016E-01  5.722E-01
  386.5000  6.139E-01  6.287E-01  6.285E-01  6.133E-01  5.833E-01
  387.5000  5.706E-01  5.844E-01  5.842E-01  5.700E-01  5.422E-01
  388.5000  5.720E-01  5.858E-01  5.856E-01  5.714E-01  5.436E-01
  389.5000  7.214E-01  7.388E-01  7.385E-01  7.207E-01  6.856E-01
  390.5000  7.086E-01  7.257E-01  7.254E-01  7.079E-01  6.735E-01
  391.5000  8.408E-01  8.610E-01  8.607E-01  8.399E-01  7.992E-01
  392.5000  6.305E-01  6.457E-01  6.455E-01  6.299E-01  5.994E-01
  393.5000  2.742E-01  2.807E-01  2.806E-01  2.739E-01  2.606E-01
  394.5000  6.452E-01  6.606E-01  6.604E-01  6.446E-01  6.134E-01
  395.5000  8.302E-01  8.501E-01  8.498E-01  8.294E-01  7.893E-01
  396.5000  4.876E-01  4.992E-01  4.990E-01  4.871E-01  4.636E-01
  397.5000  5.627E-01  5.761E-01  5.759E-01  5.621E-01  5.350E-01
  398.5000  9.670E-01  9.900E-01  9.897E-01  9.660E-01  9.195E-01
  399.5000  1.006E+00  1.030E+00  1.030E+00  1.005E+00  9.566E-01
  400.5000  1.058E+00  1.083E+00  1.082E+00  1.057E+00  1.006E+00
  401.5000  1.088E+00  1.114E+00  1.114E+00  1.087E+00  1.035E+00
  402.5000  1.130E+00  1.157E+00  1.156E+00  1.129E+00  1.075E+00
  403.5000  1.034E+00  1.059E+00  1.059E+00  1.033E+00  9.839E-01
  404.5000  1.015E+00  1.039E+00  1.038E+00  1.014E+00  9.652E-01
  405.5000  1.054E+00  1.079E+00  1.079E+00  1.053E+00  1.003E+00
  406.5000  9.930E-01  1.016E+00  1.016E+00  9.920E-01  9.447E-01
  407.5000  1.001E+00  1.025E+00  1.025E+00  1.000E+00  9.526E-01
  408.5000  1.115E+00  1.142E+00  1.141E+00  1.114E+00  1.061E+00
  409.5000  1.093E+00  1.119E+00  1.119E+00  1.092E+00  1.040E+00
  410.5000  9.484E-01  9.706E-01  9.703E-01  9.474E-01  9.024E-01
  411.5000  1.140E+00  1.167E+00  1.166E+00  1.139E+00  1.085E+00
  412.5000  1.130E+00  1.157E+00  1.156E+00  1.129E+00  1.075E+00
  413.5000  1.096E+00  1.122E+00  1.121E+00  1.095E+00  1.043E+00
  414.5000  1.127E+00  1.153E+00  1.153E+00  1.126E+00  1.072E+00
  415.5000  1.078E+00  1.103E+00  1.103E+00  1.077E+00  1.026E+00
  416.5000  1.173E+00  1.201E+00  1.200E+00  1.172E+00  1.117E+00
  417.5000  1.073E+00  1.098E+00  1.097E+00  1.072E+00  1.021E+00
  418.5000  1.081E+00  1.106E+00  1.106E+00  1.080E+00  1.029E+00
  419.5000  1.117E+00  1.143E+00  1.143E+00  1.116E+00  1.063E+00
------------------------------------------------------------
Dose rates, W m-2
   1 = UV-B, 280-315 nm                                  
   2 = UV-A, 315-400 nm                                  
   3 = Gaussian, 320 nm, 10 nm FWHM                      
   4 = RB Meter, model 501                               
   5 = DNA damage, in vitro (Setlow, 1974)               
   6 = UV index (WMO, 1994; Webb et al., 2011)           
   7 = Previtamin-D3 (CIE 2006)                          
values at z =      0.000 km
Columns: time, sza, weighting spectra
time, hrs.  sza, deg.          1          2          3          4          5          6          7
   11.0000     41.381  1.550E+00  4.608E+01  2.926E-01  4.636E-01  5.724E-03  8.938E+00  4.471E-01
   11.5000     40.116  1.617E+00  4.724E+01  3.014E-01  4.855E-01  6.113E-03  9.389E+00  4.702E-01
   12.0000     40.134  1.616E+00  4.723E+01  3.013E-01  4.852E-01  6.108E-03  9.382E+00  4.699E-01
   12.5000     41.435  1.547E+00  4.603E+01  2.923E-01  4.625E-01  5.703E-03  8.915E+00  4.459E-01
   13.0000     43.905  1.416E+00  4.367E+01  2.747E-01  4.201E-01  4.976E-03  8.050E+00  4.013E-01
------------------------------------------------------------
