Spectral Irradiance, W m-2 nm-1
values at z =      0.000 km
Columns: wavelength (nm), times (hrs.) or sza (deg.)
    wc, nm     11.000     11.500     12.000     12.500     13.000
    sza =      61.005     60.011     59.576     59.715     60.419
  280.5000  9.651E-23  1.326E-22  1.594E-22  1.498E-22  1.146E-22
  281.5000  1.307E-20  1.862E-20  2.277E-20  2.128E-20  1.584E-20
  282.5000  6.199E-19  9.134E-19  1.132E-18  1.054E-18  7.663E-19
  283.5000  6.958E-18  1.049E-17  1.309E-17  1.217E-17  8.722E-18
  284.5000  3.630E-16  5.671E-16  7.133E-16  6.617E-16  4.658E-16
  285.5000  4.384E-15  6.973E-15  8.772E-15  8.142E-15  5.700E-15
  286.5000  1.373E-13  2.198E-13  2.755E-13  2.561E-13  1.796E-13
  287.5000  2.390E-12  3.814E-12  4.743E-12  4.422E-12  3.129E-12
  288.5000  4.140E-11  6.496E-11  7.969E-11  7.464E-11  5.380E-11
  289.5000  5.613E-10  8.631E-10  1.046E-09  9.835E-10  7.219E-10
  290.5000  4.861E-09  7.309E-09  8.747E-09  8.261E-09  6.176E-09
  291.5000  3.716E-08  5.415E-08  6.380E-08  6.056E-08  4.639E-08
  292.5000  1.849E-07  2.617E-07  3.040E-07  2.899E-07  2.270E-07
  293.5000  1.063E-06  1.459E-06  1.671E-06  1.601E-06  1.282E-06
  294.5000  3.470E-06  4.642E-06  5.256E-06  5.053E-06  4.123E-06
  295.5000  1.555E-05  2.021E-05  2.259E-05  2.181E-05  1.817E-05
  296.5000  4.394E-05  5.568E-05  6.157E-05  5.964E-05  5.058E-05
  297.5000  1.287E-04  1.594E-04  1.746E-04  1.696E-04  1.462E-04
  298.5000  2.195E-04  2.666E-04  2.895E-04  2.821E-04  2.464E-04
  299.5000  6.874E-04  8.192E-04  8.822E-04  8.618E-04  7.629E-04
  300.5000  8.356E-04  9.812E-04  1.050E-03  1.028E-03  9.194E-04
  301.5000  2.201E-03  2.543E-03  2.703E-03  2.652E-03  2.399E-03
  302.5000  3.304E-03  3.777E-03  3.996E-03  3.925E-03  3.577E-03
  303.5000  7.026E-03  7.929E-03  8.344E-03  8.211E-03  7.550E-03
  304.5000  8.733E-03  9.783E-03  1.026E-02  1.011E-02  9.343E-03
  305.5000  1.396E-02  1.547E-02  1.615E-02  1.593E-02  1.484E-02
  306.5000  1.584E-02  1.746E-02  1.819E-02  1.796E-02  1.678E-02
  307.5000  2.677E-02  2.924E-02  3.034E-02  2.999E-02  2.821E-02
  308.5000  3.186E-02  3.467E-02  3.593E-02  3.553E-02  3.350E-02
  309.5000  3.120E-02  3.374E-02  3.487E-02  3.451E-02  3.268E-02
  310.5000  4.581E-02  4.932E-02  5.089E-02  5.038E-02  4.786E-02
  311.5000  6.197E-02  6.652E-02  6.855E-02  6.790E-02  6.463E-02
  312.5000  6.603E-02  7.052E-02  7.250E-02  7.187E-02  6.866E-02
  313.5000  7.653E-02  8.162E-02  8.388E-02  8.316E-02  7.952E-02
  314.5000  8.245E-02  8.754E-02  8.979E-02  8.907E-02  8.544E-02
  315.5000  8.629E-02  9.155E-02  9.387E-02  9.313E-02  8.938E-02
  316.5000  9.106E-02  9.628E-02  9.858E-02  9.784E-02  9.412E-02
  317.5000  1.290E-01  1.363E-01  1.396E-01  1.385E-01  1.333E-01
  318.5000  1.069E-01  1.127E-01  1.152E-01  1.144E-01  1.103E-01
  319.5000  1.319E-01  1.389E-01  1.420E-01  1.410E-01  1.360E-01
  320.5000  1.625E-01  1.711E-01  1.748E-01  1.736E-01  1.675E-01
  321.5000  1.447E-01  1.518E-01  1.550E-01  1.540E-01  1.489E-01
  322.5000  1.407E-01  1.480E-01  1.512E-01  1.502E-01  1.450E-01
  323.5000  1.534E-01  1.608E-01  1.640E-01  1.630E-01  1.577E-01
  324.5000  1.799E-01  1.885E-01  1.923E-01  1.911E-01  1.849E-01
  325.5000  2.004E-01  2.101E-01  2.143E-01  2.130E-01  2.061E-01
  326.5000  2.517E-01  2.633E-01  2.683E-01  2.667E-01  2.585E-01
  327.5000  2.319E-01  2.428E-01  2.475E-01  2.460E-01  2.383E-01
  328.5000  2.144E-01  2.245E-01  2.289E-01  2.275E-01  2.203E-01
  329.5000  2.856E-01  2.984E-01  3.040E-01  3.022E-01  2.931E-01
  330.5000  2.571E-01  2.689E-01  2.740E-01  2.724E-01  2.640E-01
  331.5000  2.538E-01  2.654E-01  2.705E-01  2.689E-01  2.606E-01
  332.5000  2.548E-01  2.661E-01  2.711E-01  2.695E-01  2.615E-01
  333.5000  2.378E-01  2.485E-01  2.532E-01  2.517E-01  2.441E-01
  334.5000  2.670E-01  2.789E-01  2.841E-01  2.825E-01  2.740E-01
  335.5000  2.733E-01  2.853E-01  2.905E-01  2.888E-01  2.803E-01
  336.5000  2.133E-01  2.227E-01  2.268E-01  2.255E-01  2.188E-01
  337.5000  2.329E-01  2.433E-01  2.478E-01  2.464E-01  2.390E-01
  338.5000  2.483E-01  2.592E-01  2.639E-01  2.624E-01  2.547E-01
  339.5000  2.705E-01  2.823E-01  2.875E-01  2.858E-01  2.774E-01
  340.5000  2.885E-01  3.012E-01  3.067E-01  3.050E-01  2.960E-01
  341.5000  2.576E-01  2.689E-01  2.738E-01  2.722E-01  2.642E-01
  342.5000  2.859E-01  2.983E-01  3.038E-01  3.020E-01  2.932E-01
  343.5000  2.968E-01  3.097E-01  3.153E-01  3.135E-01  3.044E-01
  344.5000  2.079E-01  2.169E-01  2.209E-01  2.196E-01  2.132E-01
  345.5000  2.862E-01  2.986E-01  3.040E-01  3.023E-01  2.935E-01
  346.5000  2.673E-01  2.789E-01  2.840E-01  2.824E-01  2.741E-01
  347.5000  2.615E-01  2.728E-01  2.778E-01  2.762E-01  2.682E-01
  348.5000  2.879E-01  3.003E-01  3.058E-01  3.041E-01  2.952E-01
  349.5000  2.415E-01  2.519E-01  2.564E-01  2.550E-01  2.476E-01
  350.5000  3.384E-01  3.530E-01  3.594E-01  3.574E-01  3.470E-01
  351.5000  2.918E-01  3.044E-01  3.099E-01  3.081E-01  2.992E-01
  352.5000  2.635E-01  2.748E-01  2.798E-01  2.782E-01  2.701E-01
  353.5000  3.176E-01  3.312E-01  3.372E-01  3.353E-01  3.256E-01
  354.5000  3.441E-01  3.589E-01  3.653E-01  3.633E-01  3.528E-01
  355.5000  3.219E-01  3.357E-01  3.417E-01  3.398E-01  3.300E-01
  356.5000  2.989E-01  3.117E-01  3.173E-01  3.155E-01  3.064E-01
  357.5000  2.544E-01  2.653E-01  2.700E-01  2.685E-01  2.608E-01
  358.5000  1.965E-01  2.049E-01  2.086E-01  2.074E-01  2.014E-01
  359.5000  3.309E-01  3.451E-01  3.513E-01  3.493E-01  3.392E-01
  360.5000  3.070E-01  3.201E-01  3.258E-01  3.240E-01  3.147E-01
  361.5000  2.770E-01  2.888E-01  2.940E-01  2.924E-01  2.840E-01
  362.5000  3.256E-01  3.395E-01  3.455E-01  3.436E-01  3.337E-01
  363.5000  2.899E-01  3.022E-01  3.076E-01  3.059E-01  2.971E-01
  364.5000  3.164E-01  3.299E-01  3.358E-01  3.339E-01  3.244E-01
  365.5000  3.859E-01  4.023E-01  4.094E-01  4.071E-01  3.955E-01
  366.5000  4.087E-01  4.261E-01  4.336E-01  4.312E-01  4.189E-01
  367.5000  3.884E-01  4.049E-01  4.121E-01  4.098E-01  3.981E-01
  368.5000  3.415E-01  3.559E-01  3.622E-01  3.602E-01  3.500E-01
  369.5000  4.099E-01  4.272E-01  4.348E-01  4.324E-01  4.201E-01
  370.5000  3.722E-01  3.879E-01  3.948E-01  3.926E-01  3.814E-01
  371.5000  4.262E-01  4.442E-01  4.520E-01  4.495E-01  4.368E-01
  372.5000  3.150E-01  3.283E-01  3.341E-01  3.323E-01  3.229E-01
  373.5000  2.850E-01  2.970E-01  3.022E-01  3.006E-01  2.920E-01
  374.5000  3.130E-01  3.262E-01  3.319E-01  3.301E-01  3.208E-01
  375.5000  3.534E-01  3.683E-01  3.748E-01  3.727E-01  3.622E-01
  376.5000  3.532E-01  3.680E-01  3.745E-01  3.725E-01  3.619E-01
  377.5000  4.209E-01  4.386E-01  4.463E-01  4.438E-01  4.313E-01
  378.5000  4.591E-01  4.783E-01  4.868E-01  4.841E-01  4.704E-01
  379.5000  3.399E-01  3.542E-01  3.604E-01  3.584E-01  3.483E-01
  380.5000  4.091E-01  4.262E-01  4.337E-01  4.313E-01  4.192E-01
  381.5000  3.847E-01  4.008E-01  4.078E-01  4.056E-01  3.942E-01
  382.5000  2.565E-01  2.673E-01  2.719E-01  2.704E-01  2.628E-01
  383.5000  2.254E-01  2.348E-01  2.390E-01  2.376E-01  2.310E-01
  384.5000  3.386E-01  3.527E-01  3.588E-01  3.569E-01  3.469E-01
  385.5000  3.352E-01  3.492E-01  3.553E-01  3.533E-01  3.434E-01
  386.5000  3.420E-01  3.562E-01  3.624E-01  3.604E-01  3.503E-01
  387.5000  3.180E-01  3.313E-01  3.370E-01  3.352E-01  3.258E-01
  388.5000  3.190E-01  3.323E-01  3.381E-01  3.362E-01  3.268E-01
  389.5000  4.026E-01  4.193E-01  4.266E-01  4.243E-01  4.124E-01
  390.5000  3.957E-01  4.121E-01  4.193E-01  4.170E-01  4.054E-01
  391.5000  4.698E-01  4.893E-01  4.978E-01  4.951E-01  4.813E-01
  392.5000  3.526E-01  3.672E-01  3.735E-01  3.715E-01  3.612E-01
  393.5000  1.534E-01  1.597E-01  1.625E-01  1.616E-01  1.571E-01
  394.5000  3.612E-01  3.761E-01  3.827E-01  3.806E-01  3.700E-01
  395.5000  4.651E-01  4.843E-01  4.927E-01  4.900E-01  4.764E-01
  396.5000  2.733E-01  2.846E-01  2.895E-01  2.879E-01  2.799E-01
  397.5000  3.156E-01  3.286E-01  3.343E-01  3.325E-01  3.233E-01
  398.5000  5.427E-01  5.651E-01  5.748E-01  5.717E-01  5.559E-01
  399.5000  5.649E-01  5.882E-01  5.983E-01  5.951E-01  5.786E-01
  400.5000  5.944E-01  6.188E-01  6.294E-01  6.260E-01  6.087E-01
  401.5000  6.120E-01  6.371E-01  6.480E-01  6.445E-01  6.267E-01
  402.5000  6.358E-01  6.618E-01  6.732E-01  6.696E-01  6.511E-01
  403.5000  5.824E-01  6.062E-01  6.166E-01  6.133E-01  5.964E-01
  404.5000  5.716E-01  5.950E-01  6.052E-01  6.019E-01  5.854E-01
  405.5000  5.942E-01  6.185E-01  6.291E-01  6.257E-01  6.085E-01
  406.5000  5.601E-01  5.829E-01  5.929E-01  5.897E-01  5.735E-01
  407.5000  5.651E-01  5.881E-01  5.982E-01  5.949E-01  5.786E-01
  408.5000  6.298E-01  6.554E-01  6.666E-01  6.630E-01  6.449E-01
  409.5000  6.178E-01  6.429E-01  6.539E-01  6.504E-01  6.326E-01
  410.5000  5.361E-01  5.579E-01  5.674E-01  5.644E-01  5.490E-01
  411.5000  6.449E-01  6.711E-01  6.825E-01  6.789E-01  6.603E-01
  412.5000  6.396E-01  6.656E-01  6.769E-01  6.733E-01  6.549E-01
  413.5000  6.208E-01  6.460E-01  6.569E-01  6.534E-01  6.356E-01
  414.5000  6.385E-01  6.643E-01  6.756E-01  6.720E-01  6.537E-01
  415.5000  6.111E-01  6.358E-01  6.466E-01  6.432E-01  6.257E-01
  416.5000  6.655E-01  6.925E-01  7.042E-01  7.005E-01  6.814E-01
  417.5000  6.088E-01  6.334E-01  6.442E-01  6.407E-01  6.233E-01
  418.5000  6.140E-01  6.388E-01  6.496E-01  6.462E-01  6.286E-01
  419.5000  6.347E-01  6.603E-01  6.715E-01  6.679E-01  6.498E-01
------------------------------------------------------------
Dose rates, W m-2
   1 = UV-B, 280-315 nm                                  
   2 = UV-A, 315-400 nm                                  
   3 = Gaussian, 320 nm, 10 nm FWHM                      
   4 = RB Meter, model 501                               
   5 = DNA damage, in vitro (Setlow, 1974)               
   6 = UV index (WMO, 1994; Webb et al., 2011)           
   7 = Previtamin-D3 (CIE 2006)                          
values at z =      0.000 km
Columns: time, sza, weighting spectra
time, hrs.  sza, deg.          1          2          3          4          5          6          7
   11.0000     61.005  4.756E-01  2.497E+01  1.372E-01  1.323E-01  9.473E-04  2.474E+00  1.065E-01
   11.5000     60.011  5.124E-01  2.605E+01  1.443E-01  1.427E-01  1.047E-03  2.664E+00  1.162E-01
   12.0000     59.576  5.289E-01  2.652E+01  1.475E-01  1.473E-01  1.093E-03  2.749E+00  1.206E-01
   12.5000     59.715  5.236E-01  2.637E+01  1.465E-01  1.458E-01  1.078E-03  2.722E+00  1.192E-01
   13.0000     60.419  4.972E-01  2.561E+01  1.414E-01  1.384E-01  1.005E-03  2.585E+00  1.122E-01
------------------------------------------------------------
