Spectral Irradiance, W m-2 nm-1
values at z =      0.000 km
Columns: wavelength (nm), times (hrs.) or sza (deg.)
    wc, nm     11.000     11.500     12.000     12.500     13.000
    sza =      28.190     26.522     26.529     28.210     31.289
  280.5000  1.195E-17  2.072E-17  2.066E-17  1.187E-17  3.779E-18
  281.5000  7.565E-16  1.248E-15  1.246E-15  7.517E-16  2.650E-16
  282.5000  1.825E-14  2.887E-14  2.881E-14  1.814E-14  6.979E-15
  283.5000  1.307E-13  2.013E-13  2.009E-13  1.300E-13  5.294E-14
  284.5000  2.850E-12  4.176E-12  4.169E-12  2.837E-12  1.281E-12
  285.5000  1.744E-11  2.463E-11  2.459E-11  1.736E-11  8.467E-12
  286.5000  3.165E-10  4.346E-10  4.340E-10  3.153E-10  1.631E-10
  287.5000  2.922E-09  3.888E-09  3.883E-09  2.912E-09  1.608E-09
  288.5000  2.457E-08  3.160E-08  3.157E-08  2.450E-08  1.452E-08
  289.5000  1.953E-07  2.452E-07  2.449E-07  1.948E-07  1.215E-07
  290.5000  1.067E-06  1.313E-06  1.311E-06  1.065E-06  6.929E-07
  291.5000  4.777E-06  5.739E-06  5.734E-06  4.766E-06  3.255E-06
  292.5000  1.522E-05  1.795E-05  1.794E-05  1.519E-05  1.080E-05
  293.5000  5.718E-05  6.620E-05  6.616E-05  5.707E-05  4.209E-05
  294.5000  1.334E-04  1.523E-04  1.523E-04  1.332E-04  1.012E-04
  295.5000  4.167E-04  4.688E-04  4.686E-04  4.161E-04  3.259E-04
  296.5000  8.713E-04  9.681E-04  9.677E-04  8.701E-04  6.993E-04
  297.5000  1.957E-03  2.151E-03  2.150E-03  1.954E-03  1.606E-03
  298.5000  2.666E-03  2.904E-03  2.903E-03  2.663E-03  2.231E-03
  299.5000  6.746E-03  7.285E-03  7.283E-03  6.740E-03  5.748E-03
  300.5000  6.967E-03  7.474E-03  7.472E-03  6.961E-03  6.019E-03
  301.5000  1.537E-02  1.637E-02  1.636E-02  1.535E-02  1.347E-02
  302.5000  2.053E-02  2.176E-02  2.176E-02  2.051E-02  1.818E-02
  303.5000  3.801E-02  4.008E-02  4.007E-02  3.799E-02  3.405E-02
  304.5000  4.363E-02  4.585E-02  4.584E-02  4.360E-02  3.935E-02
  305.5000  6.190E-02  6.476E-02  6.474E-02  6.187E-02  5.638E-02
  306.5000  6.670E-02  6.962E-02  6.961E-02  6.666E-02  6.101E-02
  307.5000  1.021E-01  1.061E-01  1.061E-01  1.020E-01  9.413E-02
  308.5000  1.169E-01  1.214E-01  1.214E-01  1.169E-01  1.082E-01
  309.5000  1.072E-01  1.110E-01  1.110E-01  1.071E-01  9.969E-02
  310.5000  1.501E-01  1.551E-01  1.551E-01  1.500E-01  1.401E-01
  311.5000  1.967E-01  2.031E-01  2.031E-01  1.967E-01  1.842E-01
  312.5000  1.982E-01  2.042E-01  2.042E-01  1.982E-01  1.864E-01
  313.5000  2.266E-01  2.334E-01  2.333E-01  2.266E-01  2.134E-01
  314.5000  2.327E-01  2.392E-01  2.392E-01  2.327E-01  2.200E-01
  315.5000  2.415E-01  2.481E-01  2.481E-01  2.415E-01  2.284E-01
  316.5000  2.456E-01  2.519E-01  2.519E-01  2.455E-01  2.330E-01
  317.5000  3.474E-01  3.564E-01  3.564E-01  3.473E-01  3.296E-01
  318.5000  2.784E-01  2.852E-01  2.852E-01  2.783E-01  2.649E-01
  319.5000  3.410E-01  3.492E-01  3.492E-01  3.409E-01  3.246E-01
  320.5000  4.167E-01  4.266E-01  4.266E-01  4.165E-01  3.969E-01
  321.5000  3.597E-01  3.678E-01  3.678E-01  3.596E-01  3.433E-01
  322.5000  3.577E-01  3.660E-01  3.660E-01  3.575E-01  3.409E-01
  323.5000  3.756E-01  3.839E-01  3.838E-01  3.755E-01  3.591E-01
  324.5000  4.405E-01  4.502E-01  4.502E-01  4.404E-01  4.212E-01
  325.5000  4.926E-01  5.035E-01  5.034E-01  4.924E-01  4.708E-01
  326.5000  6.034E-01  6.162E-01  6.161E-01  6.032E-01  5.779E-01
  327.5000  5.598E-01  5.718E-01  5.717E-01  5.596E-01  5.358E-01
  328.5000  5.169E-01  5.280E-01  5.279E-01  5.168E-01  4.948E-01
  329.5000  6.756E-01  6.895E-01  6.895E-01  6.754E-01  6.477E-01
  330.5000  6.121E-01  6.249E-01  6.249E-01  6.120E-01  5.865E-01
  331.5000  6.044E-01  6.171E-01  6.171E-01  6.043E-01  5.792E-01
  332.5000  5.985E-01  6.108E-01  6.107E-01  5.984E-01  5.742E-01
  333.5000  5.610E-01  5.726E-01  5.726E-01  5.609E-01  5.380E-01
  334.5000  6.275E-01  6.404E-01  6.403E-01  6.274E-01  6.019E-01
  335.5000  6.376E-01  6.505E-01  6.504E-01  6.375E-01  6.120E-01
  336.5000  4.981E-01  5.081E-01  5.081E-01  4.979E-01  4.780E-01
  337.5000  5.457E-01  5.568E-01  5.568E-01  5.456E-01  5.236E-01
  338.5000  5.774E-01  5.890E-01  5.889E-01  5.773E-01  5.543E-01
  339.5000  6.278E-01  6.403E-01  6.403E-01  6.277E-01  6.028E-01
  340.5000  6.705E-01  6.839E-01  6.839E-01  6.703E-01  6.437E-01
  341.5000  5.962E-01  6.080E-01  6.080E-01  5.960E-01  5.725E-01
  342.5000  6.605E-01  6.736E-01  6.735E-01  6.603E-01  6.343E-01
  343.5000  6.856E-01  6.992E-01  6.992E-01  6.855E-01  6.585E-01
  344.5000  4.803E-01  4.898E-01  4.898E-01  4.802E-01  4.612E-01
  345.5000  6.586E-01  6.716E-01  6.715E-01  6.585E-01  6.328E-01
  346.5000  6.156E-01  6.277E-01  6.277E-01  6.155E-01  5.914E-01
  347.5000  6.014E-01  6.132E-01  6.132E-01  6.013E-01  5.778E-01
  348.5000  6.610E-01  6.740E-01  6.739E-01  6.609E-01  6.351E-01
  349.5000  5.538E-01  5.647E-01  5.646E-01  5.537E-01  5.322E-01
  350.5000  7.753E-01  7.904E-01  7.904E-01  7.751E-01  7.450E-01
  351.5000  6.680E-01  6.810E-01  6.810E-01  6.679E-01  6.420E-01
  352.5000  6.023E-01  6.141E-01  6.141E-01  6.022E-01  5.789E-01
  353.5000  7.250E-01  7.391E-01  7.391E-01  7.249E-01  6.969E-01
  354.5000  7.846E-01  7.998E-01  7.997E-01  7.844E-01  7.542E-01
  355.5000  7.330E-01  7.473E-01  7.472E-01  7.329E-01  7.047E-01
  356.5000  6.801E-01  6.933E-01  6.932E-01  6.800E-01  6.539E-01
  357.5000  5.782E-01  5.894E-01  5.893E-01  5.781E-01  5.559E-01
  358.5000  4.461E-01  4.547E-01  4.547E-01  4.460E-01  4.289E-01
  359.5000  7.506E-01  7.650E-01  7.650E-01  7.504E-01  7.217E-01
  360.5000  6.956E-01  7.089E-01  7.089E-01  6.954E-01  6.689E-01
  361.5000  6.270E-01  6.390E-01  6.389E-01  6.268E-01  6.029E-01
  362.5000  7.361E-01  7.502E-01  7.501E-01  7.359E-01  7.079E-01
  363.5000  6.547E-01  6.672E-01  6.671E-01  6.545E-01  6.297E-01
  364.5000  7.140E-01  7.276E-01  7.276E-01  7.138E-01  6.868E-01
  365.5000  8.698E-01  8.864E-01  8.863E-01  8.696E-01  8.367E-01
  366.5000  9.203E-01  9.378E-01  9.378E-01  9.201E-01  8.853E-01
  367.5000  8.736E-01  8.902E-01  8.902E-01  8.734E-01  8.405E-01
  368.5000  7.673E-01  7.818E-01  7.818E-01  7.671E-01  7.382E-01
  369.5000  9.202E-01  9.376E-01  9.375E-01  9.200E-01  8.853E-01
  370.5000  8.346E-01  8.504E-01  8.504E-01  8.345E-01  8.031E-01
  371.5000  9.548E-01  9.728E-01  9.728E-01  9.546E-01  9.188E-01
  372.5000  7.051E-01  7.184E-01  7.184E-01  7.050E-01  6.785E-01
  373.5000  6.372E-01  6.492E-01  6.492E-01  6.371E-01  6.132E-01
  374.5000  6.992E-01  7.124E-01  7.123E-01  6.991E-01  6.729E-01
  375.5000  7.887E-01  8.035E-01  8.035E-01  7.886E-01  7.591E-01
  376.5000  7.874E-01  8.022E-01  8.022E-01  7.873E-01  7.579E-01
  377.5000  9.375E-01  9.551E-01  9.550E-01  9.373E-01  9.024E-01
  378.5000  1.022E+00  1.041E+00  1.041E+00  1.021E+00  9.834E-01
  379.5000  7.556E-01  7.698E-01  7.697E-01  7.555E-01  7.274E-01
  380.5000  9.086E-01  9.255E-01  9.255E-01  9.084E-01  8.747E-01
  381.5000  8.536E-01  8.695E-01  8.695E-01  8.534E-01  8.218E-01
  382.5000  5.687E-01  5.793E-01  5.792E-01  5.686E-01  5.475E-01
  383.5000  4.993E-01  5.086E-01  5.085E-01  4.992E-01  4.807E-01
  384.5000  7.491E-01  7.630E-01  7.630E-01  7.490E-01  7.213E-01
  385.5000  7.410E-01  7.548E-01  7.547E-01  7.409E-01  7.136E-01
  386.5000  7.552E-01  7.692E-01  7.691E-01  7.551E-01  7.273E-01
  387.5000  7.017E-01  7.147E-01  7.147E-01  7.016E-01  6.758E-01
  388.5000  7.033E-01  7.163E-01  7.162E-01  7.031E-01  6.773E-01
  389.5000  8.867E-01  9.031E-01  9.030E-01  8.865E-01  8.541E-01
  390.5000  8.708E-01  8.869E-01  8.868E-01  8.706E-01  8.388E-01
  391.5000  1.033E+00  1.052E+00  1.052E+00  1.033E+00  9.950E-01
  392.5000  7.745E-01  7.887E-01  7.886E-01  7.743E-01  7.460E-01
  393.5000  3.366E-01  3.428E-01  3.428E-01  3.366E-01  3.243E-01
  394.5000  7.920E-01  8.066E-01  8.065E-01  7.919E-01  7.630E-01
  395.5000  1.019E+00  1.038E+00  1.037E+00  1.019E+00  9.816E-01
  396.5000  5.982E-01  6.092E-01  6.091E-01  5.981E-01  5.764E-01
  397.5000  6.902E-01  7.028E-01  7.028E-01  6.901E-01  6.650E-01
  398.5000  1.186E+00  1.207E+00  1.207E+00  1.186E+00  1.143E+00
  399.5000  1.233E+00  1.256E+00  1.256E+00  1.233E+00  1.188E+00
  400.5000  1.296E+00  1.320E+00  1.320E+00  1.296E+00  1.249E+00
  401.5000  1.334E+00  1.358E+00  1.358E+00  1.333E+00  1.285E+00
  402.5000  1.384E+00  1.410E+00  1.409E+00  1.384E+00  1.334E+00
  403.5000  1.267E+00  1.290E+00  1.290E+00  1.267E+00  1.221E+00
  404.5000  1.243E+00  1.265E+00  1.265E+00  1.242E+00  1.198E+00
  405.5000  1.291E+00  1.314E+00  1.314E+00  1.290E+00  1.244E+00
  406.5000  1.215E+00  1.237E+00  1.237E+00  1.215E+00  1.172E+00
  407.5000  1.225E+00  1.247E+00  1.247E+00  1.225E+00  1.181E+00
  408.5000  1.364E+00  1.389E+00  1.389E+00  1.364E+00  1.315E+00
  409.5000  1.337E+00  1.362E+00  1.361E+00  1.337E+00  1.289E+00
  410.5000  1.160E+00  1.181E+00  1.180E+00  1.159E+00  1.118E+00
  411.5000  1.394E+00  1.419E+00  1.419E+00  1.394E+00  1.344E+00
  412.5000  1.381E+00  1.406E+00  1.406E+00  1.381E+00  1.332E+00
  413.5000  1.340E+00  1.364E+00  1.363E+00  1.339E+00  1.292E+00
  414.5000  1.377E+00  1.401E+00  1.401E+00  1.376E+00  1.327E+00
  415.5000  1.317E+00  1.340E+00  1.340E+00  1.316E+00  1.269E+00
  416.5000  1.433E+00  1.458E+00  1.458E+00  1.432E+00  1.382E+00
  417.5000  1.310E+00  1.333E+00  1.333E+00  1.309E+00  1.263E+00
  418.5000  1.320E+00  1.343E+00  1.343E+00  1.320E+00  1.273E+00
  419.5000  1.363E+00  1.388E+00  1.387E+00  1.363E+00  1.315E+00
------------------------------------------------------------
Dose rates, W m-2
   1 = UV-B, 280-315 nm                                  
   2 = UV-A, 315-400 nm                                  
   3 = Gaussian, 320 nm, 10 nm FWHM                      
   4 = RB Meter, model 501                               
   5 = DNA damage, in vitro (Setlow, 1974)               
   6 = UV index (WMO, 1994; Webb et al., 2011)           
   7 = Previtamin-D3 (CIE 2006)                          
values at z =      0.000 km
Columns: time, sza, weighting spectra
time, hrs.  sza, deg.          1          2          3          4          5          6          7
   11.0000     28.190  1.597E+00  5.687E+01  3.512E-01  4.579E-01  4.499E-03  8.571E+00  4.167E-01
   11.5000     26.522  1.653E+00  5.798E+01  3.596E-01  4.754E-01  4.742E-03  8.909E+00  4.346E-01
   12.0000     26.529  1.653E+00  5.798E+01  3.596E-01  4.753E-01  4.741E-03  8.908E+00  4.345E-01
   12.5000     28.210  1.596E+00  5.686E+01  3.512E-01  4.577E-01  4.496E-03  8.567E+00  4.165E-01
   13.0000     31.289  1.485E+00  5.466E+01  3.345E-01  4.240E-01  4.037E-03  7.918E+00  3.821E-01
------------------------------------------------------------
