Spectral Irradiance, W m-2 nm-1
values at z =      0.000 km
Columns: wavelength (nm), times (hrs.) or sza (deg.)
    wc, nm     11.000     11.500     12.000     12.500     13.000
    sza =      21.112     18.228     17.263     18.523     21.617
  280.5000  5.174E-16  9.360E-16  1.116E-15  8.852E-16  4.613E-16
  281.5000  2.333E-14  4.005E-14  4.701E-14  3.806E-14  2.101E-14
  282.5000  4.206E-13  6.903E-13  7.995E-13  6.588E-13  3.821E-13
  283.5000  2.494E-12  3.975E-12  4.564E-12  3.804E-12  2.279E-12
  284.5000  3.854E-11  5.824E-11  6.583E-11  5.602E-11  3.558E-11
  285.5000  1.828E-10  2.655E-10  2.966E-10  2.563E-10  1.700E-10
  286.5000  2.728E-09  3.844E-09  4.256E-09  3.722E-09  2.552E-09
  287.5000  2.026E-08  2.761E-08  3.027E-08  2.682E-08  1.908E-08
  288.5000  1.346E-07  1.768E-07  1.917E-07  1.643E-07  1.276E-07
  289.5000  9.035E-07  1.156E-06  1.244E-06  1.130E-06  8.614E-07
  290.5000  4.284E-06  5.302E-06  5.734E-06  5.251E-06  4.101E-06
  291.5000  1.632E-05  1.993E-05  2.115E-05  1.956E-05  1.570E-05
  292.5000  4.560E-05  5.456E-05  5.755E-05  5.365E-05  4.404E-05
  293.5000  1.513E-04  1.776E-04  1.862E-04  1.749E-04  1.446E-04
  294.5000  3.203E-04  3.704E-04  3.867E-04  3.653E-04  3.115E-04
  295.5000  9.025E-04  1.027E-03  1.067E-03  1.015E-03  8.802E-04
  296.5000  1.732E-03  1.945E-03  2.013E-03  1.924E-03  1.694E-03
  297.5000  3.608E-03  4.005E-03  4.131E-03  3.965E-03  3.536E-03
  298.5000  4.615E-03  5.073E-03  5.217E-03  5.028E-03  4.532E-03
  299.5000  1.100E-02  1.198E-02  1.229E-02  1.188E-02  1.082E-02
  300.5000  1.085E-02  1.174E-02  1.201E-02  1.165E-02  1.069E-02
  301.5000  2.278E-02  2.444E-02  2.496E-02  2.428E-02  2.247E-02
  302.5000  2.946E-02  3.145E-02  3.206E-02  3.125E-02  2.909E-02
  303.5000  5.250E-02  5.571E-02  5.671E-02  5.540E-02  5.190E-02
  304.5000  5.893E-02  6.233E-02  6.338E-02  6.200E-02  5.830E-02
  305.5000  8.091E-02  8.514E-02  8.644E-02  8.473E-02  8.013E-02
  306.5000  8.595E-02  8.927E-02  9.155E-02  8.982E-02  8.514E-02
  307.5000  1.280E-01  1.338E-01  1.356E-01  1.333E-01  1.269E-01
  308.5000  1.451E-01  1.515E-01  1.534E-01  1.509E-01  1.439E-01
  309.5000  1.307E-01  1.360E-01  1.376E-01  1.355E-01  1.297E-01
  310.5000  1.807E-01  1.877E-01  1.898E-01  1.870E-01  1.793E-01
  311.5000  2.348E-01  2.436E-01  2.463E-01  2.428E-01  2.332E-01
  312.5000  2.331E-01  2.413E-01  2.438E-01  2.405E-01  2.316E-01
  313.5000  2.655E-01  2.747E-01  2.775E-01  2.738E-01  2.638E-01
  314.5000  2.692E-01  2.779E-01  2.806E-01  2.771E-01  2.676E-01
  315.5000  2.788E-01  2.877E-01  2.904E-01  2.868E-01  2.771E-01
  316.5000  2.807E-01  2.892E-01  2.918E-01  2.884E-01  2.791E-01
  317.5000  3.969E-01  4.090E-01  4.126E-01  4.078E-01  3.947E-01
  318.5000  3.153E-01  3.244E-01  3.271E-01  3.235E-01  3.136E-01
  319.5000  3.854E-01  3.964E-01  3.997E-01  3.953E-01  3.833E-01
  320.5000  4.699E-01  4.831E-01  4.871E-01  4.818E-01  4.674E-01
  321.5000  4.023E-01  4.131E-01  4.163E-01  4.120E-01  4.003E-01
  322.5000  4.024E-01  4.136E-01  4.170E-01  4.125E-01  4.003E-01
  323.5000  4.185E-01  4.294E-01  4.327E-01  4.284E-01  4.164E-01
  324.5000  4.909E-01  5.037E-01  5.077E-01  5.025E-01  4.885E-01
  325.5000  5.495E-01  5.640E-01  5.684E-01  5.626E-01  5.468E-01
  326.5000  6.687E-01  6.855E-01  6.906E-01  6.839E-01  6.655E-01
  327.5000  6.215E-01  6.374E-01  6.422E-01  6.359E-01  6.186E-01
  328.5000  5.738E-01  5.884E-01  5.928E-01  5.870E-01  5.711E-01
  329.5000  7.462E-01  7.646E-01  7.701E-01  7.628E-01  7.428E-01
  330.5000  6.774E-01  6.943E-01  6.994E-01  6.926E-01  6.743E-01
  331.5000  6.691E-01  6.857E-01  6.908E-01  6.842E-01  6.659E-01
  332.5000  6.601E-01  6.762E-01  6.811E-01  6.747E-01  6.571E-01
  333.5000  6.198E-01  6.348E-01  6.394E-01  6.334E-01  6.167E-01
  334.5000  6.924E-01  7.093E-01  7.144E-01  7.077E-01  6.893E-01
  335.5000  7.023E-01  7.192E-01  7.243E-01  7.176E-01  6.991E-01
  336.5000  5.488E-01  5.620E-01  5.660E-01  5.607E-01  5.463E-01
  337.5000  6.019E-01  6.165E-01  6.209E-01  6.151E-01  5.992E-01
  338.5000  6.357E-01  6.509E-01  6.555E-01  6.494E-01  6.328E-01
  339.5000  6.909E-01  7.074E-01  7.124E-01  7.058E-01  6.878E-01
  340.5000  7.383E-01  7.559E-01  7.612E-01  7.542E-01  7.349E-01
  341.5000  6.558E-01  6.713E-01  6.760E-01  6.698E-01  6.528E-01
  342.5000  7.263E-01  7.434E-01  7.487E-01  7.418E-01  7.230E-01
  343.5000  7.541E-01  7.719E-01  7.773E-01  7.702E-01  7.507E-01
  344.5000  5.283E-01  5.408E-01  5.446E-01  5.396E-01  5.260E-01
  345.5000  7.239E-01  7.408E-01  7.460E-01  7.392E-01  7.206E-01
  346.5000  6.768E-01  6.927E-01  6.975E-01  6.912E-01  6.738E-01
  347.5000  6.611E-01  6.766E-01  6.813E-01  6.751E-01  6.582E-01
  348.5000  7.264E-01  7.434E-01  7.485E-01  7.417E-01  7.232E-01
  349.5000  6.085E-01  6.228E-01  6.271E-01  6.214E-01  6.059E-01
  350.5000  8.518E-01  8.716E-01  8.776E-01  8.697E-01  8.480E-01
  351.5000  7.339E-01  7.509E-01  7.561E-01  7.493E-01  7.306E-01
  352.5000  6.616E-01  6.770E-01  6.817E-01  6.755E-01  6.587E-01
  353.5000  7.962E-01  8.146E-01  8.202E-01  8.129E-01  7.927E-01
  354.5000  8.614E-01  8.813E-01  8.874E-01  8.794E-01  8.577E-01
  355.5000  8.048E-01  8.233E-01  8.290E-01  8.216E-01  8.013E-01
  356.5000  7.466E-01  7.638E-01  7.690E-01  7.621E-01  7.433E-01
  357.5000  6.346E-01  6.492E-01  6.537E-01  6.479E-01  6.319E-01
  358.5000  4.896E-01  5.008E-01  5.042E-01  4.997E-01  4.874E-01
  359.5000  8.236E-01  8.425E-01  8.483E-01  8.407E-01  8.201E-01
  360.5000  7.632E-01  7.807E-01  7.860E-01  7.790E-01  7.599E-01
  361.5000  6.878E-01  7.036E-01  7.083E-01  7.021E-01  6.849E-01
  362.5000  8.075E-01  8.259E-01  8.315E-01  8.241E-01  8.040E-01
  363.5000  7.181E-01  7.344E-01  7.394E-01  7.328E-01  7.150E-01
  364.5000  7.830E-01  8.009E-01  8.063E-01  7.992E-01  7.797E-01
  365.5000  9.538E-01  9.755E-01  9.821E-01  9.734E-01  9.497E-01
  366.5000  1.009E+00  1.032E+00  1.039E+00  1.030E+00  1.005E+00
  367.5000  9.578E-01  9.795E-01  9.861E-01  9.774E-01  9.537E-01
  368.5000  8.411E-01  8.602E-01  8.660E-01  8.584E-01  8.375E-01
  369.5000  1.009E+00  1.031E+00  1.038E+00  1.029E+00  1.004E+00
  370.5000  9.148E-01  9.354E-01  9.417E-01  9.335E-01  9.109E-01
  371.5000  1.046E+00  1.070E+00  1.077E+00  1.068E+00  1.042E+00
  372.5000  7.727E-01  7.901E-01  7.953E-01  7.884E-01  7.694E-01
  373.5000  6.982E-01  7.139E-01  7.187E-01  7.124E-01  6.952E-01
  374.5000  7.661E-01  7.833E-01  7.885E-01  7.816E-01  7.628E-01
  375.5000  8.641E-01  8.834E-01  8.893E-01  8.816E-01  8.604E-01
  376.5000  8.626E-01  8.819E-01  8.877E-01  8.800E-01  8.589E-01
  377.5000  1.027E+00  1.050E+00  1.057E+00  1.048E+00  1.023E+00
  378.5000  1.119E+00  1.144E+00  1.151E+00  1.141E+00  1.114E+00
  379.5000  8.275E-01  8.460E-01  8.516E-01  8.442E-01  8.241E-01
  380.5000  9.949E-01  1.017E+00  1.024E+00  1.015E+00  9.908E-01
  381.5000  9.347E-01  9.554E-01  9.617E-01  9.534E-01  9.307E-01
  382.5000  6.226E-01  6.364E-01  6.406E-01  6.351E-01  6.200E-01
  383.5000  5.466E-01  5.587E-01  5.624E-01  5.575E-01  5.443E-01
  384.5000  8.200E-01  8.382E-01  8.437E-01  8.364E-01  8.166E-01
  385.5000  8.111E-01  8.290E-01  8.345E-01  8.273E-01  8.077E-01
  386.5000  8.266E-01  8.448E-01  8.503E-01  8.431E-01  8.231E-01
  387.5000  7.680E-01  7.849E-01  7.900E-01  7.833E-01  7.648E-01
  388.5000  7.696E-01  7.865E-01  7.917E-01  7.849E-01  7.664E-01
  389.5000  9.703E-01  9.916E-01  9.981E-01  9.896E-01  9.662E-01
  390.5000  9.528E-01  9.737E-01  9.801E-01  9.717E-01  9.488E-01
  391.5000  1.130E+00  1.155E+00  1.162E+00  1.152E+00  1.125E+00
  392.5000  8.472E-01  8.658E-01  8.714E-01  8.640E-01  8.437E-01
  393.5000  3.682E-01  3.763E-01  3.787E-01  3.755E-01  3.667E-01
  394.5000  8.663E-01  8.852E-01  8.910E-01  8.834E-01  8.627E-01
  395.5000  1.114E+00  1.139E+00  1.146E+00  1.136E+00  1.110E+00
  396.5000  6.542E-01  6.685E-01  6.728E-01  6.671E-01  6.515E-01
  397.5000  7.548E-01  7.712E-01  7.762E-01  7.696E-01  7.517E-01
  398.5000  1.297E+00  1.325E+00  1.333E+00  1.322E+00  1.291E+00
  399.5000  1.348E+00  1.378E+00  1.387E+00  1.375E+00  1.343E+00
  400.5000  1.417E+00  1.448E+00  1.457E+00  1.445E+00  1.412E+00
  401.5000  1.458E+00  1.490E+00  1.499E+00  1.487E+00  1.452E+00
  402.5000  1.513E+00  1.546E+00  1.556E+00  1.543E+00  1.507E+00
  403.5000  1.385E+00  1.415E+00  1.424E+00  1.412E+00  1.379E+00
  404.5000  1.358E+00  1.387E+00  1.396E+00  1.385E+00  1.352E+00
  405.5000  1.410E+00  1.441E+00  1.450E+00  1.438E+00  1.405E+00
  406.5000  1.328E+00  1.357E+00  1.366E+00  1.354E+00  1.323E+00
  407.5000  1.339E+00  1.368E+00  1.376E+00  1.365E+00  1.333E+00
  408.5000  1.491E+00  1.523E+00  1.533E+00  1.520E+00  1.485E+00
  409.5000  1.461E+00  1.493E+00  1.502E+00  1.490E+00  1.455E+00
  410.5000  1.267E+00  1.294E+00  1.302E+00  1.292E+00  1.262E+00
  411.5000  1.523E+00  1.555E+00  1.565E+00  1.552E+00  1.516E+00
  412.5000  1.509E+00  1.541E+00  1.551E+00  1.538E+00  1.503E+00
  413.5000  1.463E+00  1.494E+00  1.504E+00  1.492E+00  1.457E+00
  414.5000  1.504E+00  1.536E+00  1.545E+00  1.533E+00  1.498E+00
  415.5000  1.438E+00  1.469E+00  1.478E+00  1.466E+00  1.432E+00
  416.5000  1.565E+00  1.598E+00  1.608E+00  1.595E+00  1.558E+00
  417.5000  1.430E+00  1.461E+00  1.470E+00  1.458E+00  1.424E+00
  418.5000  1.441E+00  1.472E+00  1.481E+00  1.469E+00  1.435E+00
  419.5000  1.489E+00  1.520E+00  1.530E+00  1.517E+00  1.483E+00
------------------------------------------------------------
Dose rates, W m-2
   1 = UV-B, 280-315 nm                                  
   2 = UV-A, 315-400 nm                                  
   3 = Gaussian, 320 nm, 10 nm FWHM                      
   4 = RB Meter, model 501                               
   5 = DNA damage, in vitro (Setlow, 1974)               
   6 = UV index (WMO, 1994; Webb et al., 2011)           
   7 = Previtamin-D3 (CIE 2006)                          
values at z =      0.000 km
Columns: time, sza, weighting spectra
time, hrs.  sza, deg.          1          2          3          4          5          6          7
   11.0000     21.112  1.951E+00  6.253E+01  3.963E-01  5.703E-01  6.268E-03  1.080E+01  5.355E-01
   11.5000     18.228  2.031E+00  6.398E+01  4.074E-01  5.957E-01  6.672E-03  1.131E+01  5.619E-01
   12.0000     17.263  2.057E+00  6.442E+01  4.108E-01  6.040E-01  6.803E-03  1.147E+01  5.707E-01
   12.5000     18.523  2.024E+00  6.384E+01  4.064E-01  5.936E-01  6.636E-03  1.126E+01  5.598E-01
   13.0000     21.617  1.936E+00  6.225E+01  3.942E-01  5.655E-01  6.192E-03  1.070E+01  5.305E-01
------------------------------------------------------------
