Spectral Irradiance, W m-2 nm-1
values at z =      0.000 km
Columns: wavelength (nm), times (hrs.) or sza (deg.)
    wc, nm     11.000     11.500     12.000     12.500     13.000
    sza =      13.559      7.087      3.649      8.554     15.154
  280.5000  5.953E-14  1.066E-13  1.248E-13  9.658E-14  4.854E-14
  281.5000  1.729E-12  2.942E-12  3.397E-12  2.689E-12  1.435E-12
  282.5000  2.136E-11  3.479E-11  3.970E-11  3.203E-11  1.801E-11
  283.5000  9.911E-11  1.569E-10  1.776E-10  1.451E-10  8.439E-11
  284.5000  9.794E-10  1.472E-09  1.643E-09  1.374E-09  8.492E-10
  285.5000  3.337E-09  4.824E-09  5.333E-09  4.533E-09  2.933E-09
  286.5000  3.862E-08  5.423E-08  5.945E-08  5.120E-08  3.430E-08
  287.5000  2.164E-07  2.941E-07  3.195E-07  2.792E-07  1.944E-07
  288.5000  1.058E-06  1.388E-06  1.493E-06  1.325E-06  9.625E-07
  289.5000  5.707E-06  7.295E-06  7.797E-06  6.998E-06  5.237E-06
  290.5000  2.251E-05  2.816E-05  2.992E-05  2.711E-05  2.063E-05
  291.5000  6.960E-05  8.499E-05  8.971E-05  8.216E-05  6.490E-05
  292.5000  1.639E-04  1.939E-04  2.060E-04  1.903E-04  1.539E-04
  293.5000  4.630E-04  5.439E-04  5.682E-04  5.293E-04  4.376E-04
  294.5000  8.645E-04  1.001E-03  1.041E-03  9.763E-04  8.214E-04
  295.5000  2.131E-03  2.429E-03  2.516E-03  2.375E-03  2.036E-03
  296.5000  3.660E-03  4.118E-03  4.252E-03  4.036E-03  3.513E-03
  297.5000  6.918E-03  7.695E-03  7.920E-03  7.557E-03  6.665E-03
  298.5000  8.153E-03  8.982E-03  9.221E-03  8.835E-03  7.881E-03
  299.5000  1.799E-02  1.964E-02  2.011E-02  1.935E-02  1.744E-02
  300.5000  1.673E-02  1.813E-02  1.854E-02  1.789E-02  1.626E-02
  301.5000  3.292E-02  3.543E-02  3.614E-02  3.499E-02  3.209E-02
  302.5000  4.081E-02  4.370E-02  4.452E-02  4.320E-02  3.985E-02
  303.5000  6.922E-02  7.369E-02  7.496E-02  7.291E-02  6.772E-02
  304.5000  7.550E-02  8.011E-02  8.141E-02  7.931E-02  7.396E-02
  305.5000  9.935E-02  1.049E-01  1.064E-01  1.039E-01  9.749E-02
  306.5000  1.036E-01  1.092E-01  1.107E-01  1.082E-01  1.018E-01
  307.5000  1.490E-01  1.564E-01  1.584E-01  1.551E-01  1.466E-01
  308.5000  1.667E-01  1.746E-01  1.768E-01  1.732E-01  1.640E-01
  309.5000  1.455E-01  1.532E-01  1.550E-01  1.521E-01  1.445E-01
  310.5000  1.995E-01  2.080E-01  2.103E-01  2.065E-01  1.966E-01
  311.5000  2.565E-01  2.670E-01  2.700E-01  2.652E-01  2.529E-01
  312.5000  2.498E-01  2.595E-01  2.622E-01  2.578E-01  2.465E-01
  313.5000  2.832E-01  2.940E-01  2.970E-01  2.921E-01  2.787E-01
  314.5000  2.825E-01  2.927E-01  2.955E-01  2.909E-01  2.790E-01
  315.5000  2.917E-01  3.021E-01  3.050E-01  3.003E-01  2.881E-01
  316.5000  2.900E-01  2.999E-01  3.026E-01  2.982E-01  2.866E-01
  317.5000  4.100E-01  4.239E-01  4.278E-01  4.215E-01  4.053E-01
  318.5000  3.219E-01  3.324E-01  3.353E-01  3.306E-01  3.183E-01
  319.5000  3.925E-01  4.052E-01  4.087E-01  4.030E-01  3.882E-01
  320.5000  4.773E-01  4.925E-01  4.968E-01  4.899E-01  4.721E-01
  321.5000  4.044E-01  4.167E-01  4.202E-01  4.146E-01  4.002E-01
  322.5000  4.077E-01  4.205E-01  4.241E-01  4.183E-01  4.033E-01
  323.5000  4.186E-01  4.311E-01  4.346E-01  4.290E-01  4.143E-01
  324.5000  4.912E-01  5.059E-01  5.100E-01  5.028E-01  4.862E-01
  325.5000  5.507E-01  5.672E-01  5.719E-01  5.644E-01  5.451E-01
  326.5000  6.643E-01  6.836E-01  6.889E-01  6.803E-01  6.578E-01
  327.5000  6.192E-01  6.373E-01  6.423E-01  6.342E-01  6.130E-01
  328.5000  5.715E-01  5.882E-01  5.928E-01  5.853E-01  5.658E-01
  329.5000  7.385E-01  7.594E-01  7.653E-01  7.558E-01  7.314E-01
  330.5000  6.721E-01  6.914E-01  6.967E-01  6.880E-01  6.655E-01
  331.5000  6.642E-01  6.832E-01  6.884E-01  6.799E-01  6.576E-01
  332.5000  6.523E-01  6.706E-01  6.756E-01  6.674E-01  6.460E-01
  333.5000  6.134E-01  6.307E-01  6.354E-01  6.276E-01  6.075E-01
  334.5000  6.847E-01  7.039E-01  7.093E-01  7.006E-01  6.782E-01
  335.5000  6.929E-01  7.122E-01  7.175E-01  7.088E-01  6.864E-01
  336.5000  5.418E-01  5.568E-01  5.610E-01  5.542E-01  5.366E-01
  337.5000  5.951E-01  6.117E-01  6.163E-01  6.088E-01  5.894E-01
  338.5000  6.270E-01  6.443E-01  6.491E-01  6.413E-01  6.211E-01
  339.5000  6.812E-01  7.000E-01  7.052E-01  6.967E-01  6.748E-01
  340.5000  7.284E-01  7.485E-01  7.541E-01  7.450E-01  7.216E-01
  341.5000  6.462E-01  6.639E-01  6.689E-01  6.609E-01  6.402E-01
  342.5000  7.156E-01  7.351E-01  7.405E-01  7.317E-01  7.089E-01
  343.5000  7.432E-01  7.635E-01  7.691E-01  7.600E-01  7.363E-01
  344.5000  5.209E-01  5.351E-01  5.391E-01  5.326E-01  5.160E-01
  345.5000  7.128E-01  7.322E-01  7.376E-01  7.288E-01  7.062E-01
  346.5000  6.669E-01  6.850E-01  6.901E-01  6.819E-01  6.607E-01
  347.5000  6.513E-01  6.690E-01  6.739E-01  6.659E-01  6.453E-01
  348.5000  7.154E-01  7.348E-01  7.402E-01  7.314E-01  7.088E-01
  349.5000  5.994E-01  6.155E-01  6.200E-01  6.127E-01  5.938E-01
  350.5000  8.388E-01  8.614E-01  8.677E-01  8.575E-01  8.311E-01
  351.5000  7.227E-01  7.422E-01  7.476E-01  7.388E-01  7.161E-01
  352.5000  6.515E-01  6.690E-01  6.739E-01  6.660E-01  6.455E-01
  353.5000  7.839E-01  8.049E-01  8.107E-01  8.013E-01  7.767E-01
  354.5000  8.480E-01  8.707E-01  8.770E-01  8.667E-01  8.402E-01
  355.5000  7.921E-01  8.133E-01  8.192E-01  8.096E-01  7.849E-01
  356.5000  7.348E-01  7.544E-01  7.599E-01  7.510E-01  7.281E-01
  357.5000  6.246E-01  6.413E-01  6.459E-01  6.384E-01  6.189E-01
  358.5000  4.818E-01  4.946E-01  4.982E-01  4.924E-01  4.774E-01
  359.5000  8.105E-01  8.321E-01  8.380E-01  8.283E-01  8.032E-01
  360.5000  7.510E-01  7.709E-01  7.764E-01  7.675E-01  7.442E-01
  361.5000  6.768E-01  6.947E-01  6.997E-01  6.916E-01  6.707E-01
  362.5000  7.944E-01  8.154E-01  8.213E-01  8.118E-01  7.873E-01
  363.5000  7.064E-01  7.251E-01  7.303E-01  7.219E-01  7.001E-01
  364.5000  7.703E-01  7.906E-01  7.963E-01  7.871E-01  7.634E-01
  365.5000  9.383E-01  9.630E-01  9.699E-01  9.588E-01  9.299E-01
  366.5000  9.927E-01  1.019E+00  1.026E+00  1.014E+00  9.838E-01
  367.5000  9.421E-01  9.669E-01  9.737E-01  9.626E-01  9.337E-01
  368.5000  8.273E-01  8.490E-01  8.550E-01  8.453E-01  8.199E-01
  369.5000  9.920E-01  1.018E+00  1.025E+00  1.014E+00  9.832E-01
  370.5000  8.997E-01  9.232E-01  9.298E-01  9.192E-01  8.917E-01
  371.5000  1.029E+00  1.056E+00  1.063E+00  1.051E+00  1.020E+00
  372.5000  7.599E-01  7.797E-01  7.852E-01  7.763E-01  7.531E-01
  373.5000  6.866E-01  7.045E-01  7.094E-01  7.014E-01  6.805E-01
  374.5000  7.533E-01  7.729E-01  7.783E-01  7.695E-01  7.466E-01
  375.5000  8.496E-01  8.717E-01  8.778E-01  8.679E-01  8.421E-01
  376.5000  8.481E-01  8.701E-01  8.762E-01  8.663E-01  8.406E-01
  377.5000  1.010E+00  1.036E+00  1.043E+00  1.031E+00  1.001E+00
  378.5000  1.100E+00  1.128E+00  1.136E+00  1.124E+00  1.090E+00
  379.5000  8.136E-01  8.346E-01  8.404E-01  8.309E-01  8.064E-01
  380.5000  9.781E-01  1.003E+00  1.010E+00  9.990E-01  9.695E-01
  381.5000  9.188E-01  9.425E-01  9.490E-01  9.384E-01  9.107E-01
  382.5000  6.120E-01  6.278E-01  6.322E-01  6.251E-01  6.067E-01
  383.5000  5.373E-01  5.511E-01  5.549E-01  5.487E-01  5.326E-01
  384.5000  8.060E-01  8.267E-01  8.325E-01  8.231E-01  7.990E-01
  385.5000  7.972E-01  8.176E-01  8.233E-01  8.141E-01  7.902E-01
  386.5000  8.124E-01  8.332E-01  8.390E-01  8.296E-01  8.053E-01
  387.5000  7.548E-01  7.741E-01  7.794E-01  7.707E-01  7.482E-01
  388.5000  7.563E-01  7.756E-01  7.810E-01  7.723E-01  7.497E-01
  389.5000  9.535E-01  9.778E-01  9.846E-01  9.736E-01  9.452E-01
  390.5000  9.363E-01  9.602E-01  9.668E-01  9.560E-01  9.282E-01
  391.5000  1.110E+00  1.139E+00  1.147E+00  1.134E+00  1.101E+00
  392.5000  8.325E-01  8.537E-01  8.595E-01  8.500E-01  8.253E-01
  393.5000  3.618E-01  3.710E-01  3.736E-01  3.694E-01  3.587E-01
  394.5000  8.512E-01  8.728E-01  8.788E-01  8.691E-01  8.438E-01
  395.5000  1.095E+00  1.123E+00  1.130E+00  1.118E+00  1.085E+00
  396.5000  6.428E-01  6.590E-01  6.636E-01  6.562E-01  6.372E-01
  397.5000  7.416E-01  7.603E-01  7.655E-01  7.570E-01  7.351E-01
  398.5000  1.274E+00  1.306E+00  1.315E+00  1.301E+00  1.263E+00
  399.5000  1.325E+00  1.358E+00  1.367E+00  1.352E+00  1.313E+00
  400.5000  1.392E+00  1.427E+00  1.437E+00  1.421E+00  1.380E+00
  401.5000  1.432E+00  1.468E+00  1.478E+00  1.462E+00  1.420E+00
  402.5000  1.487E+00  1.524E+00  1.534E+00  1.517E+00  1.474E+00
  403.5000  1.360E+00  1.395E+00  1.404E+00  1.389E+00  1.349E+00
  404.5000  1.334E+00  1.367E+00  1.377E+00  1.362E+00  1.323E+00
  405.5000  1.385E+00  1.420E+00  1.430E+00  1.414E+00  1.374E+00
  406.5000  1.305E+00  1.337E+00  1.346E+00  1.332E+00  1.293E+00
  407.5000  1.315E+00  1.348E+00  1.357E+00  1.342E+00  1.304E+00
  408.5000  1.464E+00  1.501E+00  1.511E+00  1.495E+00  1.452E+00
  409.5000  1.435E+00  1.471E+00  1.481E+00  1.465E+00  1.423E+00
  410.5000  1.244E+00  1.275E+00  1.284E+00  1.270E+00  1.234E+00
  411.5000  1.495E+00  1.533E+00  1.543E+00  1.526E+00  1.483E+00
  412.5000  1.482E+00  1.519E+00  1.529E+00  1.512E+00  1.469E+00
  413.5000  1.437E+00  1.473E+00  1.482E+00  1.466E+00  1.425E+00
  414.5000  1.477E+00  1.513E+00  1.523E+00  1.507E+00  1.464E+00
  415.5000  1.412E+00  1.447E+00  1.457E+00  1.441E+00  1.400E+00
  416.5000  1.537E+00  1.575E+00  1.585E+00  1.568E+00  1.524E+00
  417.5000  1.404E+00  1.439E+00  1.449E+00  1.433E+00  1.393E+00
  418.5000  1.415E+00  1.450E+00  1.460E+00  1.444E+00  1.403E+00
  419.5000  1.462E+00  1.498E+00  1.508E+00  1.491E+00  1.449E+00
------------------------------------------------------------
Dose rates, W m-2
   1 = UV-B, 280-315 nm                                  
   2 = UV-A, 315-400 nm                                  
   3 = Gaussian, 320 nm, 10 nm FWHM                      
   4 = RB Meter, model 501                               
   5 = DNA damage, in vitro (Setlow, 1974)               
   6 = UV index (WMO, 1994; Webb et al., 2011)           
   7 = Previtamin-D3 (CIE 2006)                          
values at z =      0.000 km
Columns: time, sza, weighting spectra
time, hrs.  sza, deg.          1          2          3          4          5          6          7
   11.0000     13.559  2.211E+00  6.170E+01  4.029E-01  6.685E-01  8.706E-03  1.298E+01  6.523E-01
   11.5000      7.087  2.315E+00  6.336E+01  4.158E-01  7.030E-01  9.359E-03  1.370E+01  6.892E-01
   12.0000      3.649  2.344E+00  6.382E+01  4.194E-01  7.127E-01  9.546E-03  1.391E+01  6.995E-01
   12.5000      8.554  2.297E+00  6.307E+01  4.135E-01  6.971E-01  9.244E-03  1.358E+01  6.828E-01
   13.0000     15.154  2.177E+00  6.113E+01  3.985E-01  6.572E-01  8.492E-03  1.275E+01  6.403E-01
------------------------------------------------------------
