Spectral Irradiance, W m-2 nm-1
values at z =      0.000 km
Columns: wavelength (nm), times (hrs.) or sza (deg.)
    wc, nm     11.000     11.500     12.000     12.500     13.000
    sza =      28.752     24.961     22.973     23.258     25.737
  280.5000  4.438E-14  1.141E-13  1.745E-13  1.646E-13  9.539E-14
  281.5000  1.313E-12  3.108E-12  4.581E-12  4.344E-12  2.641E-12
  282.5000  1.650E-11  3.636E-11  5.190E-11  4.944E-11  3.131E-11
  283.5000  7.739E-11  1.628E-10  2.276E-10  2.174E-10  1.414E-10
  284.5000  7.796E-10  1.508E-09  2.030E-09  1.949E-09  1.331E-09
  285.5000  2.695E-09  4.897E-09  6.410E-09  6.179E-09  4.373E-09
  286.5000  3.114E-08  5.264E-08  6.999E-08  6.766E-08  4.923E-08
  287.5000  1.789E-07  2.939E-07  3.676E-07  3.565E-07  2.675E-07
  288.5000  8.863E-07  1.374E-06  1.675E-06  1.631E-06  1.265E-06
  289.5000  4.826E-06  7.180E-06  8.591E-06  8.383E-06  6.659E-06
  290.5000  1.918E-05  2.757E-05  3.247E-05  3.175E-05  2.574E-05
  291.5000  5.987E-05  8.272E-05  9.572E-05  9.383E-05  7.780E-05
  292.5000  1.420E-04  1.900E-04  2.167E-04  2.129E-04  1.798E-04
  293.5000  4.040E-04  5.244E-04  5.900E-04  5.805E-04  4.991E-04
  294.5000  7.585E-04  9.614E-04  1.070E-03  1.055E-03  9.191E-04
  295.5000  1.881E-03  2.324E-03  2.558E-03  2.524E-03  2.232E-03
  296.5000  3.245E-03  3.927E-03  4.282E-03  4.231E-03  3.788E-03
  297.5000  6.158E-03  7.318E-03  7.912E-03  7.828E-03  7.082E-03
  298.5000  7.283E-03  8.521E-03  9.149E-03  9.060E-03  8.270E-03
  299.5000  1.612E-02  1.858E-02  1.982E-02  1.965E-02  1.809E-02
  300.5000  1.502E-02  1.713E-02  1.818E-02  1.803E-02  1.671E-02
  301.5000  2.965E-02  3.340E-02  3.526E-02  3.500E-02  3.265E-02
  302.5000  3.682E-02  4.115E-02  4.328E-02  4.298E-02  4.029E-02
  303.5000  6.258E-02  6.928E-02  7.256E-02  7.210E-02  6.795E-02
  304.5000  6.815E-02  7.525E-02  7.863E-02  7.816E-02  7.389E-02
  305.5000  9.009E-02  9.840E-02  1.024E-01  1.019E-01  9.676E-02
  306.5000  9.403E-02  1.024E-01  1.064E-01  1.058E-01  1.007E-01
  307.5000  1.355E-01  1.465E-01  1.518E-01  1.511E-01  1.443E-01
  308.5000  1.516E-01  1.635E-01  1.693E-01  1.685E-01  1.612E-01
  309.5000  1.336E-01  1.434E-01  1.481E-01  1.475E-01  1.415E-01
  310.5000  1.818E-01  1.946E-01  2.007E-01  1.999E-01  1.921E-01
  311.5000  2.339E-01  2.498E-01  2.575E-01  2.564E-01  2.467E-01
  312.5000  2.280E-01  2.427E-01  2.497E-01  2.487E-01  2.398E-01
  313.5000  2.586E-01  2.750E-01  2.828E-01  2.817E-01  2.718E-01
  314.5000  2.582E-01  2.737E-01  2.810E-01  2.800E-01  2.706E-01
  315.5000  2.667E-01  2.825E-01  2.900E-01  2.889E-01  2.794E-01
  316.5000  2.653E-01  2.803E-01  2.875E-01  2.865E-01  2.774E-01
  317.5000  3.752E-01  3.964E-01  4.065E-01  4.051E-01  3.923E-01
  318.5000  2.948E-01  3.107E-01  3.183E-01  3.172E-01  3.076E-01
  319.5000  3.596E-01  3.788E-01  3.880E-01  3.867E-01  3.751E-01
  320.5000  4.374E-01  4.605E-01  4.715E-01  4.700E-01  4.560E-01
  321.5000  3.707E-01  3.895E-01  3.985E-01  3.972E-01  3.859E-01
  322.5000  3.738E-01  3.933E-01  4.026E-01  4.013E-01  3.895E-01
  323.5000  3.840E-01  4.031E-01  4.121E-01  4.109E-01  3.994E-01
  324.5000  4.507E-01  4.731E-01  4.838E-01  4.823E-01  4.687E-01
  325.5000  5.054E-01  5.306E-01  5.426E-01  5.410E-01  5.257E-01
  326.5000  6.099E-01  6.393E-01  6.533E-01  6.513E-01  6.336E-01
  327.5000  5.686E-01  5.962E-01  6.093E-01  6.075E-01  5.908E-01
  328.5000  5.249E-01  5.504E-01  5.625E-01  5.608E-01  5.455E-01
  329.5000  6.786E-01  7.106E-01  7.258E-01  7.237E-01  7.043E-01
  330.5000  6.177E-01  6.471E-01  6.610E-01  6.591E-01  6.414E-01
  331.5000  6.105E-01  6.396E-01  6.534E-01  6.515E-01  6.339E-01
  332.5000  5.997E-01  6.277E-01  6.410E-01  6.392E-01  6.223E-01
  333.5000  5.641E-01  5.906E-01  6.032E-01  6.014E-01  5.854E-01
  334.5000  6.299E-01  6.593E-01  6.732E-01  6.713E-01  6.536E-01
  335.5000  6.376E-01  6.671E-01  6.810E-01  6.791E-01  6.613E-01
  336.5000  4.986E-01  5.217E-01  5.326E-01  5.311E-01  5.172E-01
  337.5000  5.478E-01  5.732E-01  5.853E-01  5.836E-01  5.683E-01
  338.5000  5.773E-01  6.038E-01  6.164E-01  6.147E-01  5.987E-01
  339.5000  6.274E-01  6.561E-01  6.698E-01  6.679E-01  6.505E-01
  340.5000  6.710E-01  7.018E-01  7.164E-01  7.144E-01  6.958E-01
  341.5000  5.955E-01  6.226E-01  6.355E-01  6.337E-01  6.173E-01
  342.5000  6.595E-01  6.895E-01  7.037E-01  7.017E-01  6.836E-01
  343.5000  6.851E-01  7.163E-01  7.310E-01  7.290E-01  7.102E-01
  344.5000  4.803E-01  5.021E-01  5.125E-01  5.110E-01  4.979E-01
  345.5000  6.574E-01  6.871E-01  7.012E-01  6.993E-01  6.813E-01
  346.5000  6.152E-01  6.430E-01  6.562E-01  6.544E-01  6.376E-01
  347.5000  6.009E-01  6.281E-01  6.410E-01  6.392E-01  6.228E-01
  348.5000  6.602E-01  6.900E-01  7.041E-01  7.021E-01  6.842E-01
  349.5000  5.532E-01  5.781E-01  5.899E-01  5.883E-01  5.733E-01
  350.5000  7.744E-01  8.092E-01  8.257E-01  8.234E-01  8.024E-01
  351.5000  6.674E-01  6.973E-01  7.115E-01  7.095E-01  6.915E-01
  352.5000  6.017E-01  6.287E-01  6.414E-01  6.397E-01  6.234E-01
  353.5000  7.241E-01  7.565E-01  7.718E-01  7.697E-01  7.502E-01
  354.5000  7.835E-01  8.185E-01  8.350E-01  8.327E-01  8.117E-01
  355.5000  7.321E-01  7.647E-01  7.801E-01  7.780E-01  7.583E-01
  356.5000  6.793E-01  7.095E-01  7.238E-01  7.218E-01  7.036E-01
  357.5000  5.775E-01  6.032E-01  6.153E-01  6.136E-01  5.982E-01
  358.5000  4.455E-01  4.653E-01  4.746E-01  4.733E-01  4.614E-01
  359.5000  7.497E-01  7.829E-01  7.986E-01  7.964E-01  7.764E-01
  360.5000  6.948E-01  7.255E-01  7.400E-01  7.380E-01  7.195E-01
  361.5000  6.262E-01  6.539E-01  6.669E-01  6.651E-01  6.485E-01
  362.5000  7.352E-01  7.676E-01  7.830E-01  7.808E-01  7.613E-01
  363.5000  6.539E-01  6.827E-01  6.963E-01  6.944E-01  6.771E-01
  364.5000  7.132E-01  7.445E-01  7.594E-01  7.573E-01  7.384E-01
  365.5000  8.689E-01  9.070E-01  9.251E-01  9.226E-01  8.996E-01
  366.5000  9.194E-01  9.597E-01  9.787E-01  9.761E-01  9.518E-01
  367.5000  8.728E-01  9.109E-01  9.290E-01  9.265E-01  9.035E-01
  368.5000  7.666E-01  8.000E-01  8.159E-01  8.137E-01  7.935E-01
  369.5000  9.193E-01  9.594E-01  9.784E-01  9.758E-01  9.516E-01
  370.5000  8.339E-01  8.702E-01  8.874E-01  8.850E-01  8.632E-01
  371.5000  9.540E-01  9.955E-01  1.015E+00  1.012E+00  9.874E-01
  372.5000  7.046E-01  7.352E-01  7.496E-01  7.476E-01  7.292E-01
  373.5000  6.367E-01  6.644E-01  6.774E-01  6.756E-01  6.590E-01
  374.5000  6.987E-01  7.290E-01  7.433E-01  7.413E-01  7.231E-01
  375.5000  7.882E-01  8.223E-01  8.384E-01  8.362E-01  8.157E-01
  376.5000  7.870E-01  8.209E-01  8.370E-01  8.348E-01  8.143E-01
  377.5000  9.370E-01  9.774E-01  9.965E-01  9.938E-01  9.695E-01
  378.5000  1.021E+00  1.065E+00  1.086E+00  1.083E+00  1.056E+00
  379.5000  7.553E-01  7.878E-01  8.031E-01  8.010E-01  7.814E-01
  380.5000  9.082E-01  9.472E-01  9.656E-01  9.631E-01  9.396E-01
  381.5000  8.533E-01  8.899E-01  9.072E-01  9.048E-01  8.827E-01
  382.5000  5.685E-01  5.928E-01  6.044E-01  6.028E-01  5.881E-01
  383.5000  4.991E-01  5.205E-01  5.306E-01  5.292E-01  5.163E-01
  384.5000  7.489E-01  7.809E-01  7.961E-01  7.940E-01  7.747E-01
  385.5000  7.408E-01  7.725E-01  7.874E-01  7.853E-01  7.663E-01
  386.5000  7.551E-01  7.873E-01  8.025E-01  8.004E-01  7.810E-01
  387.5000  7.016E-01  7.315E-01  7.456E-01  7.437E-01  7.257E-01
  388.5000  7.032E-01  7.331E-01  7.472E-01  7.453E-01  7.273E-01
  389.5000  8.867E-01  9.243E-01  9.421E-01  9.396E-01  9.170E-01
  390.5000  8.708E-01  9.077E-01  9.252E-01  9.228E-01  9.005E-01
  391.5000  1.033E+00  1.077E+00  1.097E+00  1.095E+00  1.068E+00
  392.5000  7.745E-01  8.073E-01  8.228E-01  8.206E-01  8.009E-01
  393.5000  3.367E-01  3.509E-01  3.576E-01  3.567E-01  3.481E-01
  394.5000  7.921E-01  8.256E-01  8.414E-01  8.392E-01  8.191E-01
  395.5000  1.019E+00  1.062E+00  1.082E+00  1.080E+00  1.054E+00
  396.5000  5.984E-01  6.235E-01  6.355E-01  6.338E-01  6.186E-01
  397.5000  6.904E-01  7.194E-01  7.332E-01  7.313E-01  7.138E-01
  398.5000  1.186E+00  1.236E+00  1.260E+00  1.256E+00  1.226E+00
  399.5000  1.234E+00  1.285E+00  1.310E+00  1.307E+00  1.275E+00
  400.5000  1.297E+00  1.351E+00  1.377E+00  1.373E+00  1.341E+00
  401.5000  1.334E+00  1.390E+00  1.416E+00  1.413E+00  1.379E+00
  402.5000  1.385E+00  1.443E+00  1.470E+00  1.467E+00  1.432E+00
  403.5000  1.268E+00  1.321E+00  1.346E+00  1.342E+00  1.310E+00
  404.5000  1.243E+00  1.295E+00  1.320E+00  1.316E+00  1.285E+00
  405.5000  1.291E+00  1.345E+00  1.371E+00  1.367E+00  1.335E+00
  406.5000  1.216E+00  1.267E+00  1.291E+00  1.287E+00  1.257E+00
  407.5000  1.226E+00  1.277E+00  1.301E+00  1.298E+00  1.267E+00
  408.5000  1.365E+00  1.422E+00  1.449E+00  1.445E+00  1.411E+00
  409.5000  1.338E+00  1.394E+00  1.420E+00  1.417E+00  1.383E+00
  410.5000  1.161E+00  1.209E+00  1.231E+00  1.228E+00  1.199E+00
  411.5000  1.395E+00  1.453E+00  1.480E+00  1.476E+00  1.441E+00
  412.5000  1.382E+00  1.440E+00  1.467E+00  1.463E+00  1.429E+00
  413.5000  1.341E+00  1.396E+00  1.422E+00  1.419E+00  1.385E+00
  414.5000  1.378E+00  1.435E+00  1.462E+00  1.458E+00  1.424E+00
  415.5000  1.318E+00  1.372E+00  1.398E+00  1.394E+00  1.362E+00
  416.5000  1.434E+00  1.493E+00  1.521E+00  1.517E+00  1.482E+00
  417.5000  1.311E+00  1.365E+00  1.391E+00  1.387E+00  1.355E+00
  418.5000  1.321E+00  1.376E+00  1.401E+00  1.398E+00  1.365E+00
  419.5000  1.365E+00  1.421E+00  1.447E+00  1.444E+00  1.410E+00
------------------------------------------------------------
Dose rates, W m-2
   1 = UV-B, 280-315 nm                                  
   2 = UV-A, 315-400 nm                                  
   3 = Gaussian, 320 nm, 10 nm FWHM                      
   4 = RB Meter, model 501                               
   5 = DNA damage, in vitro (Setlow, 1974)               
   6 = UV index (WMO, 1994; Webb et al., 2011)           
   7 = Previtamin-D3 (CIE 2006)                          
values at z =      0.000 km
Columns: time, sza, weighting spectra
time, hrs.  sza, deg.          1          2          3          4          5          6          7
   11.0000     28.752  2.014E+00  5.708E+01  3.692E-01  6.077E-01  7.847E-03  1.179E+01  5.918E-01
   11.5000     24.961  2.169E+00  5.963E+01  3.888E-01  6.594E-01  8.825E-03  1.287E+01  6.469E-01
   12.0000     22.973  2.243E+00  6.084E+01  3.981E-01  6.846E-01  9.314E-03  1.340E+01  6.737E-01
   12.5000     23.258  2.233E+00  6.067E+01  3.968E-01  6.810E-01  9.245E-03  1.333E+01  6.699E-01
   13.0000     25.737  2.138E+00  5.913E+01  3.850E-01  6.492E-01  8.629E-03  1.266E+01  6.360E-01
------------------------------------------------------------
