Spectral Irradiance, W m-2 nm-1
values at z =      0.000 km
Columns: wavelength (nm), times (hrs.) or sza (deg.)
    wc, nm     11.000     11.500     12.000     12.500     13.000
    sza =      57.875     57.104     57.117     57.917     59.470
  280.5000  7.486E-21  1.422E-20  1.405E-20  7.244E-21  2.634E-21
  281.5000  8.517E-19  1.564E-18  1.547E-18  8.252E-19  2.986E-19
  282.5000  3.421E-17  6.073E-17  6.011E-17  3.320E-17  1.215E-17
  283.5000  3.417E-16  5.923E-16  5.864E-16  3.318E-16  1.232E-16
  284.5000  1.386E-14  2.287E-14  2.266E-14  1.349E-14  5.253E-15
  285.5000  1.344E-13  2.133E-13  2.116E-13  1.311E-13  5.366E-14
  286.5000  3.483E-12  5.353E-12  5.313E-12  3.402E-12  1.457E-12
  287.5000  4.788E-11  7.092E-11  7.043E-11  4.687E-11  2.130E-11
  288.5000  6.223E-10  8.837E-10  8.782E-10  6.105E-10  2.984E-10
  289.5000  6.753E-09  9.296E-09  9.244E-09  6.635E-09  3.433E-09
  290.5000  4.796E-08  6.429E-08  6.396E-08  4.720E-08  2.568E-08
  291.5000  2.893E-07  3.760E-07  3.743E-07  2.852E-07  1.648E-07
  292.5000  1.177E-06  1.491E-06  1.485E-06  1.162E-06  7.067E-07
  293.5000  5.562E-06  6.874E-06  6.849E-06  5.498E-06  3.515E-06
  294.5000  1.553E-05  1.882E-05  1.876E-05  1.536E-05  1.022E-05
  295.5000  5.870E-05  6.967E-05  6.947E-05  5.814E-05  4.040E-05
  296.5000  1.437E-04  1.676E-04  1.672E-04  1.425E-04  1.027E-04
  297.5000  3.706E-04  4.256E-04  4.246E-04  3.678E-04  2.738E-04
  298.5000  5.672E-04  6.430E-04  6.416E-04  5.633E-04  4.311E-04
  299.5000  1.602E-03  1.794E-03  1.790E-03  1.592E-03  1.251E-03
  300.5000  1.799E-03  1.995E-03  1.991E-03  1.789E-03  1.434E-03
  301.5000  4.345E-03  4.769E-03  4.761E-03  4.323E-03  3.544E-03
  302.5000  6.160E-03  6.715E-03  6.705E-03  6.131E-03  5.101E-03
  303.5000  1.224E-02  1.324E-02  1.322E-02  1.219E-02  1.032E-02
  304.5000  1.463E-02  1.575E-02  1.573E-02  1.457E-02  1.246E-02
  305.5000  2.207E-02  2.358E-02  2.356E-02  2.199E-02  1.909E-02
  306.5000  2.441E-02  2.601E-02  2.598E-02  2.433E-02  2.125E-02
  307.5000  3.930E-02  4.163E-02  4.159E-02  3.918E-02  3.466E-02
  308.5000  4.592E-02  4.853E-02  4.849E-02  4.578E-02  4.070E-02
  309.5000  4.354E-02  4.584E-02  4.580E-02  4.342E-02  3.892E-02
  310.5000  6.248E-02  6.560E-02  6.555E-02  6.232E-02  5.619E-02
  311.5000  8.326E-02  8.725E-02  8.718E-02  8.304E-02  7.517E-02
  312.5000  8.635E-02  9.020E-02  9.013E-02  8.615E-02  7.853E-02
  313.5000  9.944E-02  1.038E-01  1.037E-01  9.921E-02  9.059E-02
  314.5000  1.047E-01  1.090E-01  1.089E-01  1.045E-01  9.595E-02
  315.5000  1.091E-01  1.135E-01  1.135E-01  1.089E-01  1.001E-01
  316.5000  1.131E-01  1.174E-01  1.174E-01  1.129E-01  1.043E-01
  317.5000  1.602E-01  1.663E-01  1.662E-01  1.598E-01  1.477E-01
  318.5000  1.306E-01  1.353E-01  1.353E-01  1.304E-01  1.210E-01
  319.5000  1.606E-01  1.663E-01  1.662E-01  1.603E-01  1.489E-01
  320.5000  1.972E-01  2.041E-01  2.040E-01  1.968E-01  1.830E-01
  321.5000  1.729E-01  1.787E-01  1.786E-01  1.726E-01  1.611E-01
  322.5000  1.701E-01  1.760E-01  1.759E-01  1.698E-01  1.580E-01
  323.5000  1.821E-01  1.880E-01  1.879E-01  1.818E-01  1.700E-01
  324.5000  2.136E-01  2.206E-01  2.205E-01  2.133E-01  1.994E-01
  325.5000  2.386E-01  2.464E-01  2.462E-01  2.381E-01  2.225E-01
  326.5000  2.960E-01  3.052E-01  3.051E-01  2.955E-01  2.770E-01
  327.5000  2.738E-01  2.825E-01  2.823E-01  2.734E-01  2.560E-01
  328.5000  2.531E-01  2.611E-01  2.610E-01  2.527E-01  2.366E-01
  329.5000  3.341E-01  3.442E-01  3.441E-01  3.335E-01  3.130E-01
  330.5000  3.019E-01  3.112E-01  3.111E-01  3.014E-01  2.826E-01
  331.5000  2.982E-01  3.074E-01  3.073E-01  2.977E-01  2.791E-01
  332.5000  2.974E-01  3.064E-01  3.062E-01  2.969E-01  2.789E-01
  333.5000  2.783E-01  2.868E-01  2.866E-01  2.779E-01  2.608E-01
  334.5000  3.120E-01  3.215E-01  3.213E-01  3.115E-01  2.925E-01
  335.5000  3.183E-01  3.278E-01  3.276E-01  3.178E-01  2.987E-01
  336.5000  2.487E-01  2.561E-01  2.560E-01  2.483E-01  2.333E-01
  337.5000  2.722E-01  2.804E-01  2.802E-01  2.717E-01  2.552E-01
  338.5000  2.892E-01  2.977E-01  2.976E-01  2.887E-01  2.714E-01
  339.5000  3.148E-01  3.242E-01  3.240E-01  3.143E-01  2.956E-01
  340.5000  3.362E-01  3.462E-01  3.460E-01  3.357E-01  3.155E-01
  341.5000  2.997E-01  3.085E-01  3.084E-01  2.992E-01  2.814E-01
  342.5000  3.325E-01  3.422E-01  3.421E-01  3.319E-01  3.122E-01
  343.5000  3.453E-01  3.554E-01  3.553E-01  3.447E-01  3.242E-01
  344.5000  2.419E-01  2.491E-01  2.490E-01  2.416E-01  2.272E-01
  345.5000  3.326E-01  3.424E-01  3.422E-01  3.321E-01  3.125E-01
  346.5000  3.109E-01  3.200E-01  3.199E-01  3.104E-01  2.920E-01
  347.5000  3.041E-01  3.130E-01  3.129E-01  3.036E-01  2.856E-01
  348.5000  3.347E-01  3.444E-01  3.443E-01  3.341E-01  3.144E-01
  349.5000  2.807E-01  2.889E-01  2.887E-01  2.802E-01  2.637E-01
  350.5000  3.933E-01  4.048E-01  4.046E-01  3.927E-01  3.695E-01
  351.5000  3.392E-01  3.490E-01  3.489E-01  3.386E-01  3.187E-01
  352.5000  3.062E-01  3.151E-01  3.149E-01  3.057E-01  2.877E-01
  353.5000  3.689E-01  3.796E-01  3.794E-01  3.683E-01  3.467E-01
  354.5000  3.997E-01  4.112E-01  4.110E-01  3.990E-01  3.756E-01
  355.5000  3.738E-01  3.846E-01  3.844E-01  3.732E-01  3.513E-01
  356.5000  3.471E-01  3.572E-01  3.570E-01  3.466E-01  3.263E-01
  357.5000  2.954E-01  3.039E-01  3.038E-01  2.949E-01  2.777E-01
  358.5000  2.281E-01  2.347E-01  2.346E-01  2.278E-01  2.145E-01
  359.5000  3.842E-01  3.952E-01  3.951E-01  3.836E-01  3.612E-01
  360.5000  3.563E-01  3.666E-01  3.664E-01  3.558E-01  3.351E-01
  361.5000  3.215E-01  3.308E-01  3.306E-01  3.210E-01  3.024E-01
  362.5000  3.778E-01  3.887E-01  3.885E-01  3.773E-01  3.554E-01
  363.5000  3.364E-01  3.460E-01  3.458E-01  3.358E-01  3.164E-01
  364.5000  3.672E-01  3.777E-01  3.775E-01  3.666E-01  3.454E-01
  365.5000  4.477E-01  4.605E-01  4.603E-01  4.470E-01  4.211E-01
  366.5000  4.741E-01  4.877E-01  4.875E-01  4.734E-01  4.460E-01
  367.5000  4.505E-01  4.634E-01  4.631E-01  4.498E-01  4.238E-01
  368.5000  3.960E-01  4.073E-01  4.071E-01  3.954E-01  3.726E-01
  369.5000  4.754E-01  4.889E-01  4.886E-01  4.746E-01  4.473E-01
  370.5000  4.316E-01  4.438E-01  4.436E-01  4.309E-01  4.061E-01
  371.5000  4.941E-01  5.082E-01  5.079E-01  4.934E-01  4.650E-01
  372.5000  3.652E-01  3.756E-01  3.754E-01  3.647E-01  3.437E-01
  373.5000  3.303E-01  3.397E-01  3.395E-01  3.299E-01  3.109E-01
  374.5000  3.628E-01  3.731E-01  3.729E-01  3.623E-01  3.415E-01
  375.5000  4.096E-01  4.212E-01  4.210E-01  4.090E-01  3.856E-01
  376.5000  4.093E-01  4.209E-01  4.207E-01  4.087E-01  3.853E-01
  377.5000  4.877E-01  5.015E-01  5.012E-01  4.870E-01  4.592E-01
  378.5000  5.319E-01  5.469E-01  5.466E-01  5.311E-01  5.008E-01
  379.5000  3.938E-01  4.049E-01  4.047E-01  3.932E-01  3.708E-01
  380.5000  4.739E-01  4.872E-01  4.870E-01  4.732E-01  4.462E-01
  381.5000  4.456E-01  4.581E-01  4.579E-01  4.449E-01  4.196E-01
  382.5000  2.971E-01  3.054E-01  3.053E-01  2.967E-01  2.798E-01
  383.5000  2.611E-01  2.684E-01  2.682E-01  2.607E-01  2.459E-01
  384.5000  3.920E-01  4.030E-01  4.028E-01  3.914E-01  3.693E-01
  385.5000  3.881E-01  3.989E-01  3.988E-01  3.875E-01  3.656E-01
  386.5000  3.959E-01  4.069E-01  4.067E-01  3.953E-01  3.729E-01
  387.5000  3.681E-01  3.784E-01  3.782E-01  3.676E-01  3.468E-01
  388.5000  3.692E-01  3.795E-01  3.793E-01  3.687E-01  3.479E-01
  389.5000  4.659E-01  4.789E-01  4.787E-01  4.652E-01  4.390E-01
  390.5000  4.579E-01  4.706E-01  4.704E-01  4.573E-01  4.315E-01
  391.5000  5.436E-01  5.587E-01  5.584E-01  5.428E-01  5.123E-01
  392.5000  4.079E-01  4.192E-01  4.190E-01  4.073E-01  3.844E-01
  393.5000  1.774E-01  1.824E-01  1.823E-01  1.772E-01  1.672E-01
  394.5000  4.178E-01  4.294E-01  4.292E-01  4.172E-01  3.938E-01
  395.5000  5.379E-01  5.528E-01  5.525E-01  5.371E-01  5.070E-01
  396.5000  3.161E-01  3.248E-01  3.246E-01  3.156E-01  2.979E-01
  397.5000  3.649E-01  3.750E-01  3.748E-01  3.644E-01  3.440E-01
  398.5000  6.275E-01  6.448E-01  6.445E-01  6.266E-01  5.916E-01
  399.5000  6.531E-01  6.710E-01  6.707E-01  6.521E-01  6.158E-01
  400.5000  6.870E-01  7.059E-01  7.056E-01  6.860E-01  6.478E-01
  401.5000  7.073E-01  7.267E-01  7.263E-01  7.063E-01  6.670E-01
  402.5000  7.347E-01  7.548E-01  7.545E-01  7.337E-01  6.929E-01
  403.5000  6.729E-01  6.913E-01  6.910E-01  6.719E-01  6.346E-01
  404.5000  6.604E-01  6.784E-01  6.781E-01  6.594E-01  6.229E-01
  405.5000  6.864E-01  7.052E-01  7.049E-01  6.854E-01  6.475E-01
  406.5000  6.469E-01  6.646E-01  6.643E-01  6.460E-01  6.103E-01
  407.5000  6.526E-01  6.704E-01  6.701E-01  6.517E-01  6.157E-01
  408.5000  7.273E-01  7.471E-01  7.467E-01  7.262E-01  6.861E-01
  409.5000  7.134E-01  7.328E-01  7.324E-01  7.124E-01  6.731E-01
  410.5000  6.190E-01  6.358E-01  6.355E-01  6.181E-01  5.841E-01
  411.5000  7.445E-01  7.647E-01  7.643E-01  7.434E-01  7.025E-01
  412.5000  7.383E-01  7.583E-01  7.580E-01  7.373E-01  6.967E-01
  413.5000  7.165E-01  7.359E-01  7.356E-01  7.155E-01  6.762E-01
  414.5000  7.368E-01  7.568E-01  7.564E-01  7.358E-01  6.954E-01
  415.5000  7.052E-01  7.242E-01  7.239E-01  7.042E-01  6.656E-01
  416.5000  7.679E-01  7.886E-01  7.883E-01  7.668E-01  7.248E-01
  417.5000  7.024E-01  7.213E-01  7.210E-01  7.014E-01  6.630E-01
  418.5000  7.083E-01  7.274E-01  7.271E-01  7.073E-01  6.687E-01
  419.5000  7.321E-01  7.518E-01  7.515E-01  7.311E-01  6.911E-01
------------------------------------------------------------
Dose rates, W m-2
   1 = UV-B, 280-315 nm                                  
   2 = UV-A, 315-400 nm                                  
   3 = Gaussian, 320 nm, 10 nm FWHM                      
   4 = RB Meter, model 501                               
   5 = DNA damage, in vitro (Setlow, 1974)               
   6 = UV index (WMO, 1994; Webb et al., 2011)           
   7 = Previtamin-D3 (CIE 2006)                          
values at z =      0.000 km
Columns: time, sza, weighting spectra
time, hrs.  sza, deg.          1          2          3          4          5          6          7
   11.0000     57.875  6.534E-01  2.907E+01  1.663E-01  1.834E-01  1.509E-03  3.417E+00  1.568E-01
   11.5000     57.104  6.870E-01  2.992E+01  1.721E-01  1.932E-01  1.619E-03  3.599E+00  1.663E-01
   12.0000     57.117  6.864E-01  2.990E+01  1.720E-01  1.930E-01  1.617E-03  3.596E+00  1.662E-01
   12.5000     57.917  6.516E-01  2.903E+01  1.660E-01  1.829E-01  1.503E-03  3.407E+00  1.563E-01
   13.0000     59.470  5.860E-01  2.732E+01  1.543E-01  1.639E-01  1.297E-03  3.055E+00  1.380E-01
------------------------------------------------------------
