Spectral Irradiance, W m-2 nm-1
values at z =      0.000 km
Columns: wavelength (nm), times (hrs.) or sza (deg.)
    wc, nm     11.000     11.500     12.000     12.500     13.000
    sza =      57.116     56.666     56.663     57.105     57.976
  280.5000  7.703E-27  1.255E-26  1.260E-26  7.792E-27  3.479E-27
  281.5000  3.170E-24  5.032E-24  5.049E-24  3.205E-24  1.450E-24
  282.5000  3.839E-22  5.935E-22  5.954E-22  3.880E-22  1.795E-22
  283.5000  7.844E-21  1.190E-20  1.194E-20  7.923E-21  3.738E-21
  284.5000  1.173E-18  1.713E-18  1.717E-18  1.183E-18  5.869E-19
  285.5000  2.983E-17  4.226E-17  4.236E-17  3.008E-17  1.561E-17
  286.5000  1.620E-15  2.239E-15  2.244E-15  1.633E-15  8.812E-16
  287.5000  5.060E-14  6.797E-14  6.811E-14  5.097E-14  2.888E-14
  288.5000  1.603E-12  2.085E-12  2.089E-12  1.614E-12  9.685E-13
  289.5000  3.290E-11  4.177E-11  4.184E-11  3.309E-11  2.075E-11
  290.5000  3.991E-10  4.965E-10  4.972E-10  4.013E-10  2.614E-10
  291.5000  4.415E-09  5.362E-09  5.370E-09  4.436E-09  3.022E-09
  292.5000  2.949E-08  3.512E-08  3.516E-08  2.962E-08  2.096E-08
  293.5000  2.222E-07  2.597E-07  2.600E-07  2.231E-07  1.638E-07
  294.5000  8.936E-07  1.029E-06  1.030E-06  8.967E-07  6.776E-07
  295.5000  4.978E-06  5.640E-06  5.645E-06  4.993E-06  3.894E-06
  296.5000  1.681E-05  1.879E-05  1.881E-05  1.686E-05  1.349E-05
  297.5000  5.746E-05  6.349E-05  6.353E-05  5.760E-05  4.721E-05
  298.5000  1.115E-04  1.220E-04  1.220E-04  1.118E-04  9.342E-05
  299.5000  3.939E-04  4.268E-04  4.270E-04  3.947E-04  3.362E-04
  300.5000  5.248E-04  5.645E-04  5.648E-04  5.258E-04  4.545E-04
  301.5000  1.526E-03  1.628E-03  1.629E-03  1.528E-03  1.342E-03
  302.5000  2.443E-03  2.593E-03  2.594E-03  2.446E-03  2.171E-03
  303.5000  5.602E-03  5.910E-03  5.912E-03  5.609E-03  5.040E-03
  304.5000  7.272E-03  7.644E-03  7.647E-03  7.281E-03  6.588E-03
  305.5000  1.239E-02  1.296E-02  1.296E-02  1.241E-02  1.135E-02
  306.5000  1.445E-02  1.507E-02  1.508E-02  1.446E-02  1.329E-02
  307.5000  2.572E-02  2.671E-02  2.672E-02  2.575E-02  2.387E-02
  308.5000  3.123E-02  3.238E-02  3.239E-02  3.126E-02  2.908E-02
  309.5000  3.163E-02  3.270E-02  3.271E-02  3.166E-02  2.962E-02
  310.5000  4.758E-02  4.908E-02  4.909E-02  4.761E-02  4.474E-02
  311.5000  6.538E-02  6.736E-02  6.737E-02  6.543E-02  6.165E-02
  312.5000  7.164E-02  7.362E-02  7.364E-02  7.169E-02  6.788E-02
  313.5000  8.359E-02  8.586E-02  8.587E-02  8.365E-02  7.930E-02
  314.5000  9.220E-02  9.450E-02  9.452E-02  9.226E-02  8.784E-02
  315.5000  9.690E-02  9.928E-02  9.930E-02  9.696E-02  9.238E-02
  316.5000  1.041E-01  1.065E-01  1.065E-01  1.042E-01  9.960E-02
  317.5000  1.475E-01  1.509E-01  1.509E-01  1.476E-01  1.411E-01
  318.5000  1.244E-01  1.270E-01  1.270E-01  1.244E-01  1.193E-01
  319.5000  1.539E-01  1.571E-01  1.572E-01  1.540E-01  1.477E-01
  320.5000  1.904E-01  1.944E-01  1.944E-01  1.905E-01  1.829E-01
  321.5000  1.721E-01  1.754E-01  1.755E-01  1.722E-01  1.658E-01
  322.5000  1.655E-01  1.689E-01  1.689E-01  1.656E-01  1.591E-01
  323.5000  1.837E-01  1.872E-01  1.872E-01  1.838E-01  1.772E-01
  324.5000  2.153E-01  2.193E-01  2.193E-01  2.154E-01  2.076E-01
  325.5000  2.393E-01  2.438E-01  2.438E-01  2.394E-01  2.307E-01
  326.5000  3.043E-01  3.097E-01  3.098E-01  3.045E-01  2.940E-01
  327.5000  2.794E-01  2.844E-01  2.845E-01  2.795E-01  2.697E-01
  328.5000  2.583E-01  2.630E-01  2.630E-01  2.585E-01  2.494E-01
  329.5000  3.472E-01  3.532E-01  3.532E-01  3.474E-01  3.358E-01
  330.5000  3.115E-01  3.169E-01  3.170E-01  3.116E-01  3.010E-01
  331.5000  3.072E-01  3.126E-01  3.126E-01  3.073E-01  2.969E-01
  332.5000  3.105E-01  3.157E-01  3.158E-01  3.106E-01  3.004E-01
  333.5000  2.889E-01  2.939E-01  2.939E-01  2.890E-01  2.794E-01
  334.5000  3.249E-01  3.304E-01  3.305E-01  3.250E-01  3.143E-01
  335.5000  3.335E-01  3.391E-01  3.391E-01  3.337E-01  3.228E-01
  336.5000  2.601E-01  2.644E-01  2.645E-01  2.602E-01  2.517E-01
  337.5000  2.834E-01  2.882E-01  2.883E-01  2.836E-01  2.742E-01
  338.5000  3.031E-01  3.082E-01  3.082E-01  3.032E-01  2.934E-01
  339.5000  3.303E-01  3.358E-01  3.359E-01  3.305E-01  3.198E-01
  340.5000  3.519E-01  3.578E-01  3.578E-01  3.521E-01  3.407E-01
  341.5000  3.148E-01  3.200E-01  3.200E-01  3.149E-01  3.048E-01
  342.5000  3.494E-01  3.551E-01  3.552E-01  3.495E-01  3.384E-01
  343.5000  3.625E-01  3.685E-01  3.685E-01  3.626E-01  3.510E-01
  344.5000  2.537E-01  2.579E-01  2.579E-01  2.538E-01  2.457E-01
  345.5000  3.499E-01  3.556E-01  3.557E-01  3.501E-01  3.389E-01
  346.5000  3.264E-01  3.318E-01  3.319E-01  3.266E-01  3.162E-01
  347.5000  3.194E-01  3.246E-01  3.246E-01  3.195E-01  3.093E-01
  348.5000  3.517E-01  3.575E-01  3.575E-01  3.519E-01  3.407E-01
  349.5000  2.949E-01  2.998E-01  2.998E-01  2.951E-01  2.857E-01
  350.5000  4.134E-01  4.201E-01  4.202E-01  4.136E-01  4.005E-01
  351.5000  3.564E-01  3.622E-01  3.622E-01  3.566E-01  3.453E-01
  352.5000  3.218E-01  3.270E-01  3.271E-01  3.219E-01  3.118E-01
  353.5000  3.879E-01  3.942E-01  3.942E-01  3.881E-01  3.759E-01
  354.5000  4.204E-01  4.272E-01  4.272E-01  4.205E-01  4.073E-01
  355.5000  3.932E-01  3.995E-01  3.996E-01  3.933E-01  3.810E-01
  356.5000  3.651E-01  3.710E-01  3.710E-01  3.653E-01  3.538E-01
  357.5000  3.107E-01  3.157E-01  3.157E-01  3.108E-01  3.011E-01
  358.5000  2.400E-01  2.438E-01  2.439E-01  2.401E-01  2.326E-01
  359.5000  4.041E-01  4.106E-01  4.107E-01  4.043E-01  3.917E-01
  360.5000  3.749E-01  3.809E-01  3.809E-01  3.750E-01  3.634E-01
  361.5000  3.383E-01  3.437E-01  3.437E-01  3.384E-01  3.279E-01
  362.5000  3.976E-01  4.039E-01  4.040E-01  3.977E-01  3.854E-01
  363.5000  3.539E-01  3.596E-01  3.596E-01  3.541E-01  3.431E-01
  364.5000  3.863E-01  3.925E-01  3.925E-01  3.865E-01  3.745E-01
  365.5000  4.710E-01  4.785E-01  4.786E-01  4.712E-01  4.566E-01
  366.5000  4.989E-01  5.068E-01  5.069E-01  4.991E-01  4.837E-01
  367.5000  4.740E-01  4.816E-01  4.816E-01  4.742E-01  4.596E-01
  368.5000  4.167E-01  4.233E-01  4.234E-01  4.169E-01  4.040E-01
  369.5000  5.002E-01  5.081E-01  5.082E-01  5.004E-01  4.850E-01
  370.5000  4.541E-01  4.613E-01  4.613E-01  4.543E-01  4.403E-01
  371.5000  5.199E-01  5.281E-01  5.282E-01  5.202E-01  5.042E-01
  372.5000  3.843E-01  3.904E-01  3.904E-01  3.845E-01  3.727E-01
  373.5000  3.476E-01  3.531E-01  3.531E-01  3.477E-01  3.371E-01
  374.5000  3.817E-01  3.877E-01  3.878E-01  3.819E-01  3.702E-01
  375.5000  4.310E-01  4.378E-01  4.378E-01  4.312E-01  4.180E-01
  376.5000  4.307E-01  4.374E-01  4.375E-01  4.309E-01  4.177E-01
  377.5000  5.132E-01  5.212E-01  5.213E-01  5.134E-01  4.978E-01
  378.5000  5.597E-01  5.684E-01  5.685E-01  5.599E-01  5.429E-01
  379.5000  4.143E-01  4.208E-01  4.208E-01  4.145E-01  4.019E-01
  380.5000  4.986E-01  5.064E-01  5.064E-01  4.988E-01  4.837E-01
  381.5000  4.688E-01  4.761E-01  4.762E-01  4.690E-01  4.548E-01
  382.5000  3.126E-01  3.175E-01  3.175E-01  3.127E-01  3.033E-01
  383.5000  2.747E-01  2.789E-01  2.790E-01  2.748E-01  2.665E-01
  384.5000  4.124E-01  4.188E-01  4.189E-01  4.126E-01  4.002E-01
  385.5000  4.083E-01  4.146E-01  4.147E-01  4.085E-01  3.962E-01
  386.5000  4.165E-01  4.229E-01  4.230E-01  4.166E-01  4.041E-01
  387.5000  3.873E-01  3.933E-01  3.933E-01  3.875E-01  3.758E-01
  388.5000  3.884E-01  3.944E-01  3.945E-01  3.886E-01  3.769E-01
  389.5000  4.902E-01  4.977E-01  4.978E-01  4.904E-01  4.757E-01
  390.5000  4.817E-01  4.892E-01  4.892E-01  4.819E-01  4.675E-01
  391.5000  5.719E-01  5.807E-01  5.807E-01  5.721E-01  5.550E-01
  392.5000  4.291E-01  4.357E-01  4.357E-01  4.293E-01  4.165E-01
  393.5000  1.867E-01  1.895E-01  1.895E-01  1.867E-01  1.812E-01
  394.5000  4.395E-01  4.462E-01  4.463E-01  4.397E-01  4.266E-01
  395.5000  5.658E-01  5.745E-01  5.745E-01  5.660E-01  5.492E-01
  396.5000  3.324E-01  3.375E-01  3.376E-01  3.326E-01  3.227E-01
  397.5000  3.839E-01  3.897E-01  3.898E-01  3.840E-01  3.726E-01
  398.5000  6.600E-01  6.700E-01  6.701E-01  6.603E-01  6.407E-01
  399.5000  6.869E-01  6.973E-01  6.974E-01  6.872E-01  6.668E-01
  400.5000  7.226E-01  7.335E-01  7.336E-01  7.229E-01  7.015E-01
  401.5000  7.438E-01  7.551E-01  7.552E-01  7.442E-01  7.222E-01
  402.5000  7.727E-01  7.844E-01  7.845E-01  7.730E-01  7.502E-01
  403.5000  7.077E-01  7.184E-01  7.185E-01  7.080E-01  6.871E-01
  404.5000  6.945E-01  7.050E-01  7.051E-01  6.948E-01  6.743E-01
  405.5000  7.219E-01  7.328E-01  7.328E-01  7.221E-01  7.009E-01
  406.5000  6.803E-01  6.906E-01  6.906E-01  6.806E-01  6.606E-01
  407.5000  6.862E-01  6.966E-01  6.967E-01  6.865E-01  6.664E-01
  408.5000  7.647E-01  7.762E-01  7.763E-01  7.650E-01  7.426E-01
  409.5000  7.501E-01  7.613E-01  7.614E-01  7.504E-01  7.284E-01
  410.5000  6.508E-01  6.606E-01  6.607E-01  6.511E-01  6.321E-01
  411.5000  7.827E-01  7.945E-01  7.946E-01  7.830E-01  7.602E-01
  412.5000  7.762E-01  7.879E-01  7.879E-01  7.765E-01  7.539E-01
  413.5000  7.533E-01  7.645E-01  7.646E-01  7.536E-01  7.317E-01
  414.5000  7.746E-01  7.862E-01  7.863E-01  7.749E-01  7.524E-01
  415.5000  7.413E-01  7.524E-01  7.525E-01  7.416E-01  7.201E-01
  416.5000  8.072E-01  8.193E-01  8.194E-01  8.075E-01  7.841E-01
  417.5000  7.383E-01  7.493E-01  7.494E-01  7.386E-01  7.172E-01
  418.5000  7.445E-01  7.556E-01  7.557E-01  7.448E-01  7.233E-01
  419.5000  7.695E-01  7.809E-01  7.810E-01  7.698E-01  7.476E-01
------------------------------------------------------------
Dose rates, W m-2
   1 = UV-B, 280-315 nm                                  
   2 = UV-A, 315-400 nm                                  
   3 = Gaussian, 320 nm, 10 nm FWHM                      
   4 = RB Meter, model 501                               
   5 = DNA damage, in vitro (Setlow, 1974)               
   6 = UV index (WMO, 1994; Webb et al., 2011)           
   7 = Previtamin-D3 (CIE 2006)                          
values at z =      0.000 km
Columns: time, sza, weighting spectra
time, hrs.  sza, deg.          1          2          3          4          5          6          7
   11.0000     57.116  4.938E-01  3.037E+01  1.609E-01  1.373E-01  8.674E-04  2.597E+00  1.037E-01
   11.5000     56.666  5.092E-01  3.086E+01  1.642E-01  1.416E-01  9.029E-04  2.673E+00  1.075E-01
   12.0000     56.663  5.094E-01  3.087E+01  1.642E-01  1.416E-01  9.032E-04  2.674E+00  1.075E-01
   12.5000     57.105  4.942E-01  3.038E+01  1.610E-01  1.374E-01  8.683E-04  2.599E+00  1.038E-01
   13.0000     57.976  4.647E-01  2.942E+01  1.546E-01  1.294E-01  8.020E-04  2.455E+00  9.662E-02
------------------------------------------------------------
