Spectral Irradiance, W m-2 nm-1
values at z =      0.000 km
Columns: wavelength (nm), times (hrs.) or sza (deg.)
    wc, nm     11.000     11.500     12.000     12.500     13.000
    sza =      40.459     37.781     36.395     36.448     37.934
  280.5000  1.563E-16  5.493E-16  9.461E-16  9.695E-16  4.918E-16
  281.5000  7.675E-15  2.413E-14  4.133E-14  4.050E-14  2.269E-14
  282.5000  1.489E-13  4.254E-13  6.964E-13  6.837E-13  4.020E-13
  283.5000  9.261E-13  2.486E-12  3.953E-12  3.885E-12  2.357E-12
  284.5000  1.560E-11  3.740E-11  5.639E-11  5.553E-11  3.567E-11
  285.5000  7.888E-11  1.738E-10  2.520E-10  2.485E-10  1.666E-10
  286.5000  1.236E-09  2.555E-09  3.594E-09  3.548E-09  2.457E-09
  287.5000  9.698E-09  1.866E-08  2.538E-08  2.509E-08  1.801E-08
  288.5000  6.831E-08  1.216E-07  1.595E-07  1.579E-07  1.179E-07
  289.5000  4.783E-07  8.056E-07  1.030E-06  1.020E-06  7.832E-07
  290.5000  2.349E-06  3.776E-06  4.722E-06  4.682E-06  3.681E-06
  291.5000  9.315E-06  1.420E-05  1.732E-05  1.720E-05  1.388E-05
  292.5000  2.689E-05  3.926E-05  4.693E-05  4.661E-05  3.846E-05
  293.5000  9.196E-05  1.289E-04  1.512E-04  1.480E-04  1.266E-04
  294.5000  1.994E-04  2.708E-04  3.129E-04  3.112E-04  2.664E-04
  295.5000  5.760E-04  7.564E-04  8.601E-04  8.560E-04  7.453E-04
  296.5000  1.128E-03  1.441E-03  1.617E-03  1.610E-03  1.422E-03
  297.5000  2.393E-03  2.982E-03  3.308E-03  3.295E-03  2.947E-03
  298.5000  3.108E-03  3.793E-03  4.167E-03  4.153E-03  3.752E-03
  299.5000  7.512E-03  8.992E-03  9.790E-03  9.759E-03  8.784E-03
  300.5000  7.490E-03  8.834E-03  9.551E-03  9.523E-03  8.755E-03
  301.5000  1.590E-02  1.845E-02  1.980E-02  1.975E-02  1.830E-02
  302.5000  2.072E-02  2.379E-02  2.540E-02  2.534E-02  2.361E-02
  303.5000  3.725E-02  4.224E-02  4.484E-02  4.474E-02  4.196E-02
  304.5000  4.203E-02  4.732E-02  5.006E-02  4.996E-02  4.702E-02
  305.5000  5.814E-02  6.477E-02  6.818E-02  6.805E-02  6.439E-02
  306.5000  6.197E-02  6.872E-02  7.218E-02  7.204E-02  6.833E-02
  307.5000  9.290E-02  1.021E-01  1.068E-01  1.066E-01  1.016E-01
  308.5000  1.056E-01  1.157E-01  1.208E-01  1.206E-01  1.151E-01
  309.5000  9.549E-02  1.040E-01  1.083E-01  1.081E-01  1.035E-01
  310.5000  1.325E-01  1.437E-01  1.493E-01  1.491E-01  1.430E-01
  311.5000  1.726E-01  1.866E-01  1.937E-01  1.935E-01  1.858E-01
  312.5000  1.720E-01  1.851E-01  1.917E-01  1.914E-01  1.843E-01
  313.5000  1.961E-01  2.108E-01  2.182E-01  2.179E-01  2.100E-01
  314.5000  1.995E-01  2.136E-01  2.206E-01  2.203E-01  2.128E-01
  315.5000  2.067E-01  2.211E-01  2.283E-01  2.281E-01  2.203E-01
  316.5000  2.087E-01  2.225E-01  2.294E-01  2.291E-01  2.217E-01
  317.5000  2.953E-01  3.148E-01  3.245E-01  3.241E-01  3.137E-01
  318.5000  2.351E-01  2.498E-01  2.572E-01  2.569E-01  2.490E-01
  319.5000  2.876E-01  3.054E-01  3.144E-01  3.140E-01  3.044E-01
  320.5000  3.509E-01  3.725E-01  3.832E-01  3.828E-01  3.712E-01
  321.5000  3.011E-01  3.187E-01  3.275E-01  3.271E-01  3.177E-01
  322.5000  3.009E-01  3.191E-01  3.282E-01  3.279E-01  3.181E-01
  323.5000  3.137E-01  3.315E-01  3.405E-01  3.402E-01  3.306E-01
  324.5000  3.681E-01  3.891E-01  3.996E-01  3.992E-01  3.879E-01
  325.5000  4.122E-01  4.358E-01  4.476E-01  4.472E-01  4.345E-01
  326.5000  5.023E-01  5.300E-01  5.438E-01  5.432E-01  5.284E-01
  327.5000  4.670E-01  4.930E-01  5.059E-01  5.055E-01  4.915E-01
  328.5000  4.313E-01  4.553E-01  4.672E-01  4.668E-01  4.539E-01
  329.5000  5.616E-01  5.919E-01  6.069E-01  6.064E-01  5.902E-01
  330.5000  5.099E-01  5.377E-01  5.515E-01  5.510E-01  5.361E-01
  331.5000  5.039E-01  5.313E-01  5.450E-01  5.445E-01  5.298E-01
  332.5000  4.976E-01  5.241E-01  5.373E-01  5.368E-01  5.226E-01
  333.5000  4.672E-01  4.923E-01  5.047E-01  5.042E-01  4.908E-01
  334.5000  5.224E-01  5.502E-01  5.641E-01  5.636E-01  5.487E-01
  335.5000  5.302E-01  5.581E-01  5.720E-01  5.715E-01  5.566E-01
  336.5000  4.145E-01  4.363E-01  4.472E-01  4.468E-01  4.351E-01
  337.5000  4.547E-01  4.788E-01  4.908E-01  4.904E-01  4.775E-01
  338.5000  4.806E-01  5.057E-01  5.182E-01  5.178E-01  5.043E-01
  339.5000  5.226E-01  5.499E-01  5.634E-01  5.629E-01  5.483E-01
  340.5000  5.586E-01  5.878E-01  6.023E-01  6.018E-01  5.862E-01
  341.5000  4.965E-01  5.222E-01  5.351E-01  5.346E-01  5.208E-01
  342.5000  5.501E-01  5.786E-01  5.928E-01  5.922E-01  5.770E-01
  343.5000  5.714E-01  6.010E-01  6.157E-01  6.151E-01  5.993E-01
  344.5000  4.005E-01  4.212E-01  4.316E-01  4.312E-01  4.201E-01
  345.5000  5.490E-01  5.773E-01  5.913E-01  5.908E-01  5.757E-01
  346.5000  5.135E-01  5.400E-01  5.531E-01  5.526E-01  5.385E-01
  347.5000  5.018E-01  5.276E-01  5.404E-01  5.400E-01  5.262E-01
  348.5000  5.516E-01  5.799E-01  5.940E-01  5.934E-01  5.783E-01
  349.5000  4.623E-01  4.860E-01  4.978E-01  4.973E-01  4.847E-01
  350.5000  6.474E-01  6.805E-01  6.969E-01  6.963E-01  6.786E-01
  351.5000  5.580E-01  5.865E-01  6.006E-01  6.001E-01  5.849E-01
  352.5000  5.033E-01  5.289E-01  5.417E-01  5.412E-01  5.275E-01
  353.5000  6.059E-01  6.367E-01  6.520E-01  6.514E-01  6.350E-01
  354.5000  6.559E-01  6.891E-01  7.056E-01  7.050E-01  6.872E-01
  355.5000  6.130E-01  6.440E-01  6.594E-01  6.588E-01  6.423E-01
  356.5000  5.689E-01  5.976E-01  6.119E-01  6.114E-01  5.960E-01
  357.5000  4.838E-01  5.082E-01  5.203E-01  5.199E-01  5.068E-01
  358.5000  3.734E-01  3.922E-01  4.015E-01  4.011E-01  3.911E-01
  359.5000  6.284E-01  6.600E-01  6.757E-01  6.751E-01  6.582E-01
  360.5000  5.825E-01  6.117E-01  6.263E-01  6.257E-01  6.101E-01
  361.5000  5.252E-01  5.515E-01  5.646E-01  5.641E-01  5.500E-01
  362.5000  6.168E-01  6.476E-01  6.629E-01  6.624E-01  6.459E-01
  363.5000  5.487E-01  5.761E-01  5.897E-01  5.892E-01  5.745E-01
  364.5000  5.986E-01  6.284E-01  6.433E-01  6.427E-01  6.267E-01
  365.5000  7.294E-01  7.657E-01  7.838E-01  7.831E-01  7.637E-01
  366.5000  7.720E-01  8.104E-01  8.294E-01  8.287E-01  8.082E-01
  367.5000  7.330E-01  7.694E-01  7.875E-01  7.868E-01  7.674E-01
  368.5000  6.440E-01  6.759E-01  6.917E-01  6.911E-01  6.741E-01
  369.5000  7.725E-01  8.107E-01  8.297E-01  8.290E-01  8.086E-01
  370.5000  7.009E-01  7.355E-01  7.527E-01  7.521E-01  7.336E-01
  371.5000  8.020E-01  8.416E-01  8.612E-01  8.605E-01  8.393E-01
  372.5000  5.924E-01  6.216E-01  6.361E-01  6.356E-01  6.200E-01
  373.5000  5.355E-01  5.619E-01  5.749E-01  5.744E-01  5.604E-01
  374.5000  5.878E-01  6.167E-01  6.310E-01  6.304E-01  6.150E-01
  375.5000  6.632E-01  6.957E-01  7.119E-01  7.113E-01  6.939E-01
  376.5000  6.623E-01  6.947E-01  7.108E-01  7.102E-01  6.929E-01
  377.5000  7.887E-01  8.273E-01  8.464E-01  8.457E-01  8.251E-01
  378.5000  8.596E-01  9.016E-01  9.225E-01  9.217E-01  8.993E-01
  379.5000  6.360E-01  6.671E-01  6.825E-01  6.819E-01  6.653E-01
  380.5000  7.650E-01  8.022E-01  8.207E-01  8.200E-01  8.001E-01
  381.5000  7.189E-01  7.538E-01  7.712E-01  7.705E-01  7.519E-01
  382.5000  4.790E-01  5.023E-01  5.138E-01  5.134E-01  5.010E-01
  383.5000  4.207E-01  4.411E-01  4.512E-01  4.508E-01  4.399E-01
  384.5000  6.313E-01  6.619E-01  6.771E-01  6.765E-01  6.602E-01
  385.5000  6.246E-01  6.549E-01  6.699E-01  6.693E-01  6.532E-01
  386.5000  6.368E-01  6.675E-01  6.828E-01  6.822E-01  6.658E-01
  387.5000  5.918E-01  6.204E-01  6.346E-01  6.340E-01  6.188E-01
  388.5000  5.932E-01  6.218E-01  6.360E-01  6.355E-01  6.202E-01
  389.5000  7.482E-01  7.842E-01  8.021E-01  8.014E-01  7.822E-01
  390.5000  7.349E-01  7.703E-01  7.878E-01  7.871E-01  7.683E-01
  391.5000  8.720E-01  9.138E-01  9.346E-01  9.338E-01  9.115E-01
  392.5000  6.539E-01  6.853E-01  7.008E-01  7.002E-01  6.835E-01
  393.5000  2.843E-01  2.979E-01  3.047E-01  3.044E-01  2.972E-01
  394.5000  6.691E-01  7.011E-01  7.169E-01  7.163E-01  6.993E-01
  395.5000  8.609E-01  9.020E-01  9.224E-01  9.216E-01  8.997E-01
  396.5000  5.056E-01  5.297E-01  5.416E-01  5.412E-01  5.283E-01
  397.5000  5.834E-01  6.112E-01  6.250E-01  6.245E-01  6.097E-01
  398.5000  1.003E+00  1.050E+00  1.074E+00  1.073E+00  1.048E+00
  399.5000  1.043E+00  1.093E+00  1.117E+00  1.116E+00  1.090E+00
  400.5000  1.097E+00  1.149E+00  1.174E+00  1.173E+00  1.146E+00
  401.5000  1.128E+00  1.182E+00  1.208E+00  1.207E+00  1.179E+00
  402.5000  1.171E+00  1.227E+00  1.254E+00  1.253E+00  1.224E+00
  403.5000  1.072E+00  1.123E+00  1.148E+00  1.147E+00  1.120E+00
  404.5000  1.052E+00  1.102E+00  1.126E+00  1.125E+00  1.099E+00
  405.5000  1.093E+00  1.144E+00  1.170E+00  1.169E+00  1.141E+00
  406.5000  1.029E+00  1.078E+00  1.102E+00  1.101E+00  1.075E+00
  407.5000  1.038E+00  1.087E+00  1.111E+00  1.110E+00  1.084E+00
  408.5000  1.156E+00  1.210E+00  1.237E+00  1.236E+00  1.207E+00
  409.5000  1.133E+00  1.187E+00  1.213E+00  1.212E+00  1.184E+00
  410.5000  9.830E-01  1.029E+00  1.052E+00  1.051E+00  1.026E+00
  411.5000  1.182E+00  1.237E+00  1.264E+00  1.263E+00  1.234E+00
  412.5000  1.171E+00  1.226E+00  1.253E+00  1.252E+00  1.223E+00
  413.5000  1.136E+00  1.189E+00  1.216E+00  1.214E+00  1.186E+00
  414.5000  1.168E+00  1.222E+00  1.249E+00  1.248E+00  1.219E+00
  415.5000  1.117E+00  1.169E+00  1.195E+00  1.194E+00  1.166E+00
  416.5000  1.216E+00  1.272E+00  1.301E+00  1.299E+00  1.269E+00
  417.5000  1.112E+00  1.163E+00  1.189E+00  1.188E+00  1.160E+00
  418.5000  1.120E+00  1.173E+00  1.198E+00  1.197E+00  1.170E+00
  419.5000  1.157E+00  1.211E+00  1.238E+00  1.237E+00  1.208E+00
------------------------------------------------------------
Dose rates, W m-2
   1 = UV-B, 280-315 nm                                  
   2 = UV-A, 315-400 nm                                  
   3 = Gaussian, 320 nm, 10 nm FWHM                      
   4 = RB Meter, model 501                               
   5 = DNA damage, in vitro (Setlow, 1974)               
   6 = UV index (WMO, 1994; Webb et al., 2011)           
   7 = Previtamin-D3 (CIE 2006)                          
values at z =      0.000 km
Columns: time, sza, weighting spectra
time, hrs.  sza, deg.          1          2          3          4          5          6          7
   11.0000     40.459  1.425E+00  4.771E+01  2.960E-01  4.147E-01  4.431E-03  7.839E+00  3.863E-01
   11.5000     37.781  1.554E+00  5.014E+01  3.142E-01  4.553E-01  5.056E-03  8.644E+00  4.284E-01
   12.0000     36.395  1.620E+00  5.134E+01  3.233E-01  4.762E-01  5.388E-03  9.062E+00  4.502E-01
   12.5000     36.448  1.617E+00  5.130E+01  3.229E-01  4.754E-01  5.375E-03  9.045E+00  4.494E-01
   13.0000     37.934  1.547E+00  5.000E+01  3.131E-01  4.529E-01  5.015E-03  8.594E+00  4.259E-01
------------------------------------------------------------
