Spectral Irradiance, W m-2 nm-1
values at z =      0.000 km
Columns: wavelength (nm), times (hrs.) or sza (deg.)
    wc, nm     11.000     11.500     12.000     12.500     13.000
    sza =      62.882     62.786     62.757     62.795     62.899
  280.5000  1.637E-26  1.659E-26  1.666E-26  1.657E-26  1.632E-26
  281.5000  4.510E-24  4.575E-24  4.595E-24  4.569E-24  4.498E-24
  282.5000  3.879E-22  3.939E-22  3.957E-22  3.933E-22  3.869E-22
  283.5000  6.348E-21  6.450E-21  6.481E-21  6.440E-21  6.330E-21
  284.5000  6.462E-19  6.577E-19  6.613E-19  6.566E-19  6.442E-19
  285.5000  1.261E-17  1.287E-17  1.295E-17  1.284E-17  1.257E-17
  286.5000  5.686E-16  5.814E-16  5.854E-16  5.801E-16  5.664E-16
  287.5000  1.490E-14  1.529E-14  1.541E-14  1.525E-14  1.484E-14
  288.5000  4.117E-13  4.240E-13  4.279E-13  4.228E-13  4.095E-13
  289.5000  7.983E-12  8.245E-12  8.327E-12  8.220E-12  7.936E-12
  290.5000  9.544E-11  9.876E-11  9.981E-11  9.845E-11  9.484E-11
  291.5000  1.084E-09  1.123E-09  1.135E-09  1.119E-09  1.077E-09
  292.5000  7.639E-09  7.915E-09  8.001E-09  7.889E-09  7.590E-09
  293.5000  6.219E-08  6.436E-08  6.504E-08  6.416E-08  6.180E-08
  294.5000  2.699E-07  2.789E-07  2.817E-07  2.781E-07  2.683E-07
  295.5000  1.656E-06  1.707E-06  1.723E-06  1.702E-06  1.647E-06
  296.5000  6.117E-06  6.292E-06  6.347E-06  6.276E-06  6.086E-06
  297.5000  2.278E-05  2.338E-05  2.356E-05  2.332E-05  2.268E-05
  298.5000  4.772E-05  4.887E-05  4.922E-05  4.876E-05  4.752E-05
  299.5000  1.819E-04  1.858E-04  1.870E-04  1.854E-04  1.811E-04
  300.5000  2.572E-04  2.623E-04  2.639E-04  2.619E-04  2.563E-04
  301.5000  7.998E-04  8.141E-04  8.185E-04  8.128E-04  7.972E-04
  302.5000  1.339E-03  1.361E-03  1.367E-03  1.359E-03  1.335E-03
  303.5000  3.240E-03  3.288E-03  3.303E-03  3.284E-03  3.232E-03
  304.5000  4.340E-03  4.400E-03  4.418E-03  4.394E-03  4.329E-03
  305.5000  7.759E-03  7.855E-03  7.884E-03  7.846E-03  7.741E-03
  306.5000  9.232E-03  9.341E-03  9.374E-03  9.331E-03  9.212E-03
  307.5000  1.711E-02  1.729E-02  1.735E-02  1.727E-02  1.708E-02
  308.5000  2.110E-02  2.131E-02  2.137E-02  2.129E-02  2.106E-02
  309.5000  2.195E-02  2.215E-02  2.221E-02  2.213E-02  2.191E-02
  310.5000  3.366E-02  3.395E-02  3.404E-02  3.392E-02  3.361E-02
  311.5000  4.685E-02  4.724E-02  4.736E-02  4.720E-02  4.678E-02
  312.5000  5.254E-02  5.293E-02  5.305E-02  5.290E-02  5.246E-02
  313.5000  6.163E-02  6.209E-02  6.223E-02  6.205E-02  6.155E-02
  314.5000  6.935E-02  6.982E-02  6.996E-02  6.977E-02  6.926E-02
  315.5000  7.311E-02  7.360E-02  7.375E-02  7.356E-02  7.303E-02
  316.5000  7.979E-02  8.029E-02  8.044E-02  8.024E-02  7.970E-02
  317.5000  1.131E-01  1.138E-01  1.140E-01  1.137E-01  1.129E-01
  318.5000  9.667E-02  9.723E-02  9.740E-02  9.718E-02  9.657E-02
  319.5000  1.200E-01  1.206E-01  1.209E-01  1.206E-01  1.198E-01
  320.5000  1.489E-01  1.498E-01  1.500E-01  1.497E-01  1.488E-01
  321.5000  1.363E-01  1.371E-01  1.373E-01  1.370E-01  1.362E-01
  322.5000  1.299E-01  1.306E-01  1.308E-01  1.305E-01  1.297E-01
  323.5000  1.464E-01  1.472E-01  1.474E-01  1.471E-01  1.463E-01
  324.5000  1.715E-01  1.724E-01  1.727E-01  1.723E-01  1.714E-01
  325.5000  1.903E-01  1.913E-01  1.916E-01  1.912E-01  1.901E-01
  326.5000  2.446E-01  2.458E-01  2.461E-01  2.457E-01  2.444E-01
  327.5000  2.238E-01  2.249E-01  2.253E-01  2.248E-01  2.236E-01
  328.5000  2.071E-01  2.081E-01  2.084E-01  2.080E-01  2.069E-01
  329.5000  2.805E-01  2.818E-01  2.822E-01  2.817E-01  2.803E-01
  330.5000  2.509E-01  2.521E-01  2.524E-01  2.520E-01  2.507E-01
  331.5000  2.474E-01  2.485E-01  2.489E-01  2.484E-01  2.471E-01
  332.5000  2.514E-01  2.526E-01  2.529E-01  2.525E-01  2.512E-01
  333.5000  2.335E-01  2.346E-01  2.349E-01  2.345E-01  2.333E-01
  334.5000  2.630E-01  2.642E-01  2.645E-01  2.641E-01  2.627E-01
  335.5000  2.707E-01  2.719E-01  2.723E-01  2.718E-01  2.705E-01
  336.5000  2.110E-01  2.120E-01  2.123E-01  2.119E-01  2.108E-01
  337.5000  2.296E-01  2.307E-01  2.310E-01  2.306E-01  2.294E-01
  338.5000  2.463E-01  2.474E-01  2.477E-01  2.473E-01  2.461E-01
  339.5000  2.686E-01  2.698E-01  2.702E-01  2.697E-01  2.684E-01
  340.5000  2.860E-01  2.872E-01  2.876E-01  2.871E-01  2.857E-01
  341.5000  2.562E-01  2.573E-01  2.577E-01  2.572E-01  2.560E-01
  342.5000  2.845E-01  2.858E-01  2.862E-01  2.857E-01  2.843E-01
  343.5000  2.951E-01  2.965E-01  2.969E-01  2.963E-01  2.949E-01
  344.5000  2.065E-01  2.074E-01  2.077E-01  2.074E-01  2.064E-01
  345.5000  2.853E-01  2.866E-01  2.870E-01  2.865E-01  2.851E-01
  346.5000  2.661E-01  2.672E-01  2.676E-01  2.671E-01  2.659E-01
  347.5000  2.604E-01  2.615E-01  2.619E-01  2.614E-01  2.602E-01
  348.5000  2.869E-01  2.882E-01  2.886E-01  2.881E-01  2.867E-01
  349.5000  2.407E-01  2.418E-01  2.421E-01  2.417E-01  2.405E-01
  350.5000  3.375E-01  3.390E-01  3.394E-01  3.388E-01  3.372E-01
  351.5000  2.910E-01  2.923E-01  2.927E-01  2.922E-01  2.908E-01
  352.5000  2.629E-01  2.640E-01  2.644E-01  2.639E-01  2.627E-01
  353.5000  3.170E-01  3.184E-01  3.188E-01  3.183E-01  3.168E-01
  354.5000  3.437E-01  3.452E-01  3.457E-01  3.451E-01  3.434E-01
  355.5000  3.216E-01  3.230E-01  3.234E-01  3.228E-01  3.213E-01
  356.5000  2.987E-01  3.000E-01  3.004E-01  2.999E-01  2.985E-01
  357.5000  2.542E-01  2.553E-01  2.557E-01  2.552E-01  2.540E-01
  358.5000  1.965E-01  1.973E-01  1.976E-01  1.972E-01  1.963E-01
  359.5000  3.310E-01  3.324E-01  3.328E-01  3.323E-01  3.307E-01
  360.5000  3.071E-01  3.084E-01  3.088E-01  3.083E-01  3.069E-01
  361.5000  2.772E-01  2.784E-01  2.788E-01  2.783E-01  2.770E-01
  362.5000  3.259E-01  3.273E-01  3.278E-01  3.272E-01  3.257E-01
  363.5000  2.902E-01  2.915E-01  2.919E-01  2.914E-01  2.900E-01
  364.5000  3.169E-01  3.183E-01  3.187E-01  3.182E-01  3.167E-01
  365.5000  3.865E-01  3.882E-01  3.887E-01  3.880E-01  3.862E-01
  366.5000  4.095E-01  4.113E-01  4.118E-01  4.111E-01  4.092E-01
  367.5000  3.892E-01  3.909E-01  3.914E-01  3.908E-01  3.889E-01
  368.5000  3.423E-01  3.437E-01  3.442E-01  3.436E-01  3.420E-01
  369.5000  4.110E-01  4.127E-01  4.133E-01  4.126E-01  4.106E-01
  370.5000  3.732E-01  3.748E-01  3.753E-01  3.747E-01  3.729E-01
  371.5000  4.275E-01  4.293E-01  4.299E-01  4.291E-01  4.271E-01
  372.5000  3.161E-01  3.174E-01  3.178E-01  3.173E-01  3.158E-01
  373.5000  2.860E-01  2.872E-01  2.876E-01  2.871E-01  2.857E-01
  374.5000  3.142E-01  3.155E-01  3.159E-01  3.154E-01  3.139E-01
  375.5000  3.548E-01  3.563E-01  3.568E-01  3.562E-01  3.545E-01
  376.5000  3.546E-01  3.561E-01  3.566E-01  3.560E-01  3.544E-01
  377.5000  4.227E-01  4.245E-01  4.251E-01  4.243E-01  4.224E-01
  378.5000  4.612E-01  4.631E-01  4.637E-01  4.629E-01  4.608E-01
  379.5000  3.415E-01  3.429E-01  3.434E-01  3.428E-01  3.412E-01
  380.5000  4.111E-01  4.128E-01  4.134E-01  4.127E-01  4.108E-01
  381.5000  3.867E-01  3.883E-01  3.888E-01  3.881E-01  3.864E-01
  382.5000  2.579E-01  2.590E-01  2.593E-01  2.589E-01  2.577E-01
  383.5000  2.267E-01  2.276E-01  2.279E-01  2.275E-01  2.265E-01
  384.5000  3.405E-01  3.419E-01  3.423E-01  3.418E-01  3.402E-01
  385.5000  3.372E-01  3.386E-01  3.390E-01  3.385E-01  3.369E-01
  386.5000  3.440E-01  3.454E-01  3.459E-01  3.453E-01  3.437E-01
  387.5000  3.200E-01  3.213E-01  3.217E-01  3.212E-01  3.198E-01
  388.5000  3.210E-01  3.224E-01  3.228E-01  3.223E-01  3.208E-01
  389.5000  4.052E-01  4.069E-01  4.074E-01  4.068E-01  4.049E-01
  390.5000  3.984E-01  4.000E-01  4.006E-01  3.999E-01  3.981E-01
  391.5000  4.731E-01  4.750E-01  4.756E-01  4.748E-01  4.727E-01
  392.5000  3.551E-01  3.565E-01  3.570E-01  3.564E-01  3.548E-01
  393.5000  1.545E-01  1.551E-01  1.553E-01  1.551E-01  1.544E-01
  394.5000  3.639E-01  3.654E-01  3.658E-01  3.652E-01  3.636E-01
  395.5000  4.686E-01  4.705E-01  4.711E-01  4.704E-01  4.682E-01
  396.5000  2.754E-01  2.765E-01  2.769E-01  2.764E-01  2.752E-01
  397.5000  3.181E-01  3.194E-01  3.198E-01  3.193E-01  3.179E-01
  398.5000  5.471E-01  5.493E-01  5.500E-01  5.491E-01  5.467E-01
  399.5000  5.695E-01  5.719E-01  5.726E-01  5.717E-01  5.691E-01
  400.5000  5.993E-01  6.017E-01  6.025E-01  6.015E-01  5.988E-01
  401.5000  6.171E-01  6.196E-01  6.204E-01  6.194E-01  6.166E-01
  402.5000  6.412E-01  6.438E-01  6.446E-01  6.436E-01  6.407E-01
  403.5000  5.874E-01  5.898E-01  5.906E-01  5.896E-01  5.870E-01
  404.5000  5.766E-01  5.790E-01  5.797E-01  5.788E-01  5.762E-01
  405.5000  5.995E-01  6.020E-01  6.027E-01  6.018E-01  5.991E-01
  406.5000  5.652E-01  5.675E-01  5.682E-01  5.673E-01  5.647E-01
  407.5000  5.703E-01  5.726E-01  5.733E-01  5.724E-01  5.698E-01
  408.5000  6.356E-01  6.382E-01  6.390E-01  6.380E-01  6.352E-01
  409.5000  6.236E-01  6.262E-01  6.270E-01  6.259E-01  6.232E-01
  410.5000  5.413E-01  5.435E-01  5.441E-01  5.433E-01  5.409E-01
  411.5000  6.511E-01  6.538E-01  6.546E-01  6.535E-01  6.507E-01
  412.5000  6.459E-01  6.485E-01  6.493E-01  6.483E-01  6.454E-01
  413.5000  6.270E-01  6.295E-01  6.303E-01  6.293E-01  6.265E-01
  414.5000  6.449E-01  6.475E-01  6.483E-01  6.473E-01  6.444E-01
  415.5000  6.173E-01  6.198E-01  6.206E-01  6.196E-01  6.169E-01
  416.5000  6.724E-01  6.751E-01  6.759E-01  6.749E-01  6.719E-01
  417.5000  6.152E-01  6.176E-01  6.184E-01  6.174E-01  6.147E-01
  418.5000  6.205E-01  6.230E-01  6.237E-01  6.228E-01  6.200E-01
  419.5000  6.415E-01  6.440E-01  6.448E-01  6.438E-01  6.410E-01
------------------------------------------------------------
Dose rates, W m-2
   1 = UV-B, 280-315 nm                                  
   2 = UV-A, 315-400 nm                                  
   3 = Gaussian, 320 nm, 10 nm FWHM                      
   4 = RB Meter, model 501                               
   5 = DNA damage, in vitro (Setlow, 1974)               
   6 = UV index (WMO, 1994; Webb et al., 2011)           
   7 = Previtamin-D3 (CIE 2006)                          
values at z =      0.000 km
Columns: time, sza, weighting spectra
time, hrs.  sza, deg.          1          2          3          4          5          6          7
   11.0000     62.882  3.514E-01  2.484E+01  1.261E-01  9.853E-02  5.734E-04  1.895E+00  7.063E-02
   11.5000     62.786  3.544E-01  2.495E+01  1.268E-01  9.932E-02  5.794E-04  1.909E+00  7.132E-02
   12.0000     62.757  3.553E-01  2.498E+01  1.270E-01  9.957E-02  5.812E-04  1.913E+00  7.153E-02
   12.5000     62.795  3.541E-01  2.494E+01  1.267E-01  9.925E-02  5.789E-04  1.908E+00  7.125E-02
   13.0000     62.899  3.509E-01  2.482E+01  1.260E-01  9.838E-02  5.723E-04  1.892E+00  7.051E-02
------------------------------------------------------------
