Spectral Irradiance, W m-2 nm-1
values at z =      0.000 km
Columns: wavelength (nm), times (hrs.) or sza (deg.)
    wc, nm     11.000     11.500     12.000     12.500     13.000
    sza =      89.509     88.975     88.814     89.027     89.611
  280.5000  6.135E-32  7.016E-32  7.283E-32  6.931E-32  5.968E-32
  281.5000  4.030E-29  4.605E-29  4.779E-29  4.550E-29  3.920E-29
  282.5000  7.260E-27  8.294E-27  8.605E-27  8.193E-27  7.064E-27
  283.5000  1.910E-25  2.181E-25  2.263E-25  2.155E-25  1.858E-25
  284.5000  4.550E-23  5.191E-23  5.385E-23  5.130E-23  4.428E-23
  285.5000  1.633E-21  1.863E-21  1.932E-21  1.840E-21  1.590E-21
  286.5000  1.155E-19  1.316E-19  1.365E-19  1.300E-19  1.124E-19
  287.5000  4.846E-18  5.520E-18  5.724E-18  5.455E-18  4.718E-18
  288.5000  2.131E-16  2.426E-16  2.515E-16  2.397E-16  2.075E-16
  289.5000  5.542E-15  6.307E-15  6.538E-15  6.233E-15  5.397E-15
  290.5000  8.219E-14  9.352E-14  9.695E-14  9.242E-14  8.005E-14
  291.5000  1.148E-12  1.306E-12  1.354E-12  1.291E-12  1.118E-12
  292.5000  9.343E-12  1.063E-11  1.102E-11  1.050E-11  9.100E-12
  293.5000  8.520E-11  9.694E-11  1.005E-10  9.581E-11  8.298E-11
  294.5000  4.004E-10  4.558E-10  4.727E-10  4.504E-10  3.900E-10
  295.5000  2.650E-09  3.018E-09  3.130E-09  2.982E-09  2.580E-09
  296.5000  1.042E-08  1.188E-08  1.233E-08  1.174E-08  1.015E-08
  297.5000  4.098E-08  4.677E-08  4.855E-08  4.620E-08  3.989E-08
  298.5000  9.025E-08  1.031E-07  1.071E-07  1.019E-07  8.783E-08
  299.5000  3.615E-07  4.138E-07  4.300E-07  4.087E-07  3.517E-07
  300.5000  5.356E-07  6.143E-07  6.386E-07  6.066E-07  5.210E-07
  301.5000  1.765E-06  2.030E-06  2.112E-06  2.004E-06  1.716E-06
  302.5000  3.091E-06  3.561E-06  3.708E-06  3.515E-06  3.004E-06
  303.5000  7.987E-06  9.234E-06  9.624E-06  9.111E-06  7.758E-06
  304.5000  1.118E-05  1.295E-05  1.351E-05  1.278E-05  1.085E-05
  305.5000  2.165E-05  2.520E-05  2.632E-05  2.485E-05  2.099E-05
  306.5000  2.678E-05  3.126E-05  3.267E-05  3.081E-05  2.597E-05
  307.5000  5.449E-05  6.397E-05  6.700E-05  6.302E-05  5.276E-05
  308.5000  7.012E-05  8.255E-05  8.654E-05  8.131E-05  6.787E-05
  309.5000  7.961E-05  9.431E-05  9.905E-05  9.283E-05  7.697E-05
  310.5000  1.321E-04  1.574E-04  1.655E-04  1.548E-04  1.276E-04
  311.5000  1.947E-04  2.328E-04  2.452E-04  2.290E-04  1.879E-04
  312.5000  2.501E-04  3.019E-04  3.189E-04  2.966E-04  2.410E-04
  313.5000  3.046E-04  3.685E-04  3.895E-04  3.620E-04  2.934E-04
  314.5000  4.047E-04  4.956E-04  5.258E-04  4.863E-04  3.889E-04
  315.5000  4.418E-04  5.419E-04  5.752E-04  5.316E-04  4.244E-04
  316.5000  5.818E-04  7.232E-04  7.709E-04  7.085E-04  5.574E-04
  317.5000  8.237E-04  1.023E-03  1.091E-03  1.003E-03  7.893E-04
  318.5000  8.938E-04  1.127E-03  1.207E-03  1.103E-03  8.540E-04
  319.5000  1.172E-03  1.481E-03  1.587E-03  1.449E-03  1.120E-03
  320.5000  1.556E-03  1.974E-03  2.116E-03  1.930E-03  1.485E-03
  321.5000  2.043E-03  2.609E-03  2.801E-03  2.550E-03  1.946E-03
  322.5000  1.447E-03  1.839E-03  1.973E-03  1.798E-03  1.380E-03
  323.5000  2.665E-03  3.400E-03  3.646E-03  3.323E-03  2.539E-03
  324.5000  3.047E-03  3.887E-03  4.170E-03  3.800E-03  2.903E-03
  325.5000  3.120E-03  3.986E-03  4.278E-03  3.896E-03  2.971E-03
  326.5000  6.173E-03  7.788E-03  8.321E-03  7.622E-03  5.891E-03
  327.5000  4.843E-03  6.148E-03  6.583E-03  6.013E-03  4.617E-03
  328.5000  4.478E-03  5.688E-03  6.091E-03  5.563E-03  4.268E-03
  329.5000  8.770E-03  1.093E-02  1.164E-02  1.071E-02  8.387E-03
  330.5000  6.662E-03  8.385E-03  8.953E-03  8.209E-03  6.361E-03
  331.5000  6.344E-03  8.001E-03  8.548E-03  7.831E-03  6.054E-03
  332.5000  8.568E-03  1.062E-02  1.129E-02  1.042E-02  8.203E-03
  333.5000  6.999E-03  8.751E-03  9.324E-03  8.573E-03  6.691E-03
  334.5000  8.396E-03  1.046E-02  1.113E-02  1.025E-02  8.032E-03
  335.5000  9.989E-03  1.232E-02  1.307E-02  1.208E-02  9.575E-03
  336.5000  7.448E-03  9.212E-03  9.784E-03  9.034E-03  7.134E-03
  337.5000  7.306E-03  9.102E-03  9.688E-03  8.920E-03  6.989E-03
  338.5000  9.140E-03  1.126E-02  1.195E-02  1.105E-02  8.761E-03
  339.5000  1.017E-02  1.252E-02  1.328E-02  1.228E-02  9.756E-03
  340.5000  1.021E-02  1.262E-02  1.340E-02  1.238E-02  9.783E-03
  341.5000  9.922E-03  1.219E-02  1.292E-02  1.196E-02  9.517E-03
  342.5000  1.118E-02  1.372E-02  1.454E-02  1.346E-02  1.073E-02
  343.5000  1.126E-02  1.385E-02  1.469E-02  1.359E-02  1.080E-02
  344.5000  7.631E-03  9.408E-03  9.982E-03  9.228E-03  7.314E-03
  345.5000  1.143E-02  1.400E-02  1.483E-02  1.374E-02  1.097E-02
  346.5000  1.013E-02  1.246E-02  1.322E-02  1.223E-02  9.717E-03
  347.5000  9.969E-03  1.226E-02  1.299E-02  1.203E-02  9.560E-03
  348.5000  1.118E-02  1.372E-02  1.454E-02  1.347E-02  1.072E-02
  349.5000  9.348E-03  1.148E-02  1.217E-02  1.126E-02  8.966E-03
  350.5000  1.315E-02  1.615E-02  1.711E-02  1.585E-02  1.262E-02
  351.5000  1.126E-02  1.383E-02  1.466E-02  1.357E-02  1.080E-02
  352.5000  1.022E-02  1.255E-02  1.330E-02  1.232E-02  9.807E-03
  353.5000  1.244E-02  1.526E-02  1.617E-02  1.498E-02  1.193E-02
  354.5000  1.358E-02  1.665E-02  1.764E-02  1.634E-02  1.303E-02
  355.5000  1.271E-02  1.558E-02  1.651E-02  1.529E-02  1.219E-02
  356.5000  1.179E-02  1.446E-02  1.532E-02  1.419E-02  1.131E-02
  357.5000  1.001E-02  1.228E-02  1.301E-02  1.205E-02  9.606E-03
  358.5000  7.763E-03  9.518E-03  1.008E-02  9.342E-03  7.448E-03
  359.5000  1.307E-02  1.603E-02  1.698E-02  1.573E-02  1.254E-02
  360.5000  1.213E-02  1.487E-02  1.575E-02  1.459E-02  1.163E-02
  361.5000  1.097E-02  1.345E-02  1.424E-02  1.320E-02  1.053E-02
  362.5000  1.291E-02  1.582E-02  1.676E-02  1.553E-02  1.239E-02
  363.5000  1.149E-02  1.409E-02  1.492E-02  1.383E-02  1.103E-02
  364.5000  1.253E-02  1.537E-02  1.628E-02  1.508E-02  1.203E-02
  365.5000  1.526E-02  1.871E-02  1.982E-02  1.836E-02  1.464E-02
  366.5000  1.618E-02  1.983E-02  2.101E-02  1.947E-02  1.552E-02
  367.5000  1.539E-02  1.887E-02  1.999E-02  1.852E-02  1.477E-02
  368.5000  1.352E-02  1.658E-02  1.756E-02  1.627E-02  1.298E-02
  369.5000  1.623E-02  1.990E-02  2.108E-02  1.953E-02  1.557E-02
  370.5000  1.473E-02  1.806E-02  1.913E-02  1.773E-02  1.413E-02
  371.5000  1.687E-02  2.068E-02  2.190E-02  2.030E-02  1.618E-02
  372.5000  1.247E-02  1.529E-02  1.619E-02  1.500E-02  1.196E-02
  373.5000  1.127E-02  1.382E-02  1.464E-02  1.356E-02  1.081E-02
  374.5000  1.237E-02  1.517E-02  1.607E-02  1.489E-02  1.187E-02
  375.5000  1.397E-02  1.713E-02  1.814E-02  1.681E-02  1.340E-02
  376.5000  1.396E-02  1.711E-02  1.813E-02  1.680E-02  1.339E-02
  377.5000  1.663E-02  2.039E-02  2.160E-02  2.001E-02  1.595E-02
  378.5000  1.813E-02  2.223E-02  2.354E-02  2.181E-02  1.739E-02
  379.5000  1.341E-02  1.645E-02  1.742E-02  1.614E-02  1.287E-02
  380.5000  1.614E-02  1.979E-02  2.096E-02  1.942E-02  1.548E-02
  381.5000  1.517E-02  1.860E-02  1.971E-02  1.826E-02  1.456E-02
  382.5000  1.011E-02  1.240E-02  1.314E-02  1.217E-02  9.702E-03
  383.5000  8.883E-03  1.089E-02  1.154E-02  1.069E-02  8.522E-03
  384.5000  1.334E-02  1.635E-02  1.732E-02  1.605E-02  1.279E-02
  385.5000  1.320E-02  1.619E-02  1.715E-02  1.589E-02  1.266E-02
  386.5000  1.346E-02  1.651E-02  1.749E-02  1.620E-02  1.291E-02
  387.5000  1.251E-02  1.535E-02  1.626E-02  1.506E-02  1.200E-02
  388.5000  1.254E-02  1.539E-02  1.630E-02  1.510E-02  1.203E-02
  389.5000  1.582E-02  1.941E-02  2.056E-02  1.905E-02  1.518E-02
  390.5000  1.555E-02  1.907E-02  2.020E-02  1.872E-02  1.492E-02
  391.5000  1.845E-02  2.264E-02  2.398E-02  2.222E-02  1.770E-02
  392.5000  1.384E-02  1.698E-02  1.799E-02  1.667E-02  1.328E-02
  393.5000  6.020E-03  7.384E-03  7.823E-03  7.247E-03  5.775E-03
  394.5000  1.417E-02  1.738E-02  1.841E-02  1.706E-02  1.359E-02
  395.5000  1.823E-02  2.237E-02  2.370E-02  2.195E-02  1.749E-02
  396.5000  1.071E-02  1.314E-02  1.392E-02  1.290E-02  1.028E-02
  397.5000  1.237E-02  1.517E-02  1.607E-02  1.489E-02  1.186E-02
  398.5000  2.126E-02  2.608E-02  2.763E-02  2.560E-02  2.039E-02
  399.5000  2.212E-02  2.714E-02  2.875E-02  2.663E-02  2.122E-02
  400.5000  2.326E-02  2.854E-02  3.023E-02  2.801E-02  2.231E-02
  401.5000  2.394E-02  2.937E-02  3.111E-02  2.882E-02  2.296E-02
  402.5000  2.486E-02  3.050E-02  3.231E-02  2.993E-02  2.384E-02
  403.5000  2.276E-02  2.792E-02  2.958E-02  2.740E-02  2.183E-02
  404.5000  2.233E-02  2.740E-02  2.903E-02  2.689E-02  2.142E-02
  405.5000  2.321E-02  2.847E-02  3.016E-02  2.795E-02  2.226E-02
  406.5000  2.186E-02  2.683E-02  2.842E-02  2.633E-02  2.097E-02
  407.5000  2.204E-02  2.705E-02  2.865E-02  2.654E-02  2.115E-02
  408.5000  2.455E-02  3.012E-02  3.191E-02  2.956E-02  2.355E-02
  409.5000  2.407E-02  2.953E-02  3.129E-02  2.898E-02  2.309E-02
  410.5000  2.088E-02  2.562E-02  2.714E-02  2.514E-02  2.003E-02
  411.5000  2.511E-02  3.081E-02  3.264E-02  3.023E-02  2.408E-02
  412.5000  2.490E-02  3.055E-02  3.237E-02  2.998E-02  2.389E-02
  413.5000  2.416E-02  2.965E-02  3.141E-02  2.910E-02  2.318E-02
  414.5000  2.484E-02  3.048E-02  3.229E-02  2.991E-02  2.383E-02
  415.5000  2.376E-02  2.915E-02  3.088E-02  2.861E-02  2.279E-02
  416.5000  2.586E-02  3.173E-02  3.361E-02  3.114E-02  2.480E-02
  417.5000  2.364E-02  2.901E-02  3.073E-02  2.847E-02  2.267E-02
  418.5000  2.383E-02  2.924E-02  3.098E-02  2.870E-02  2.286E-02
  419.5000  2.463E-02  3.022E-02  3.202E-02  2.966E-02  2.363E-02
------------------------------------------------------------
Dose rates, W m-2
   1 = UV-B, 280-315 nm                                  
   2 = UV-A, 315-400 nm                                  
   3 = Gaussian, 320 nm, 10 nm FWHM                      
   4 = RB Meter, model 501                               
   5 = DNA damage, in vitro (Setlow, 1974)               
   6 = UV index (WMO, 1994; Webb et al., 2011)           
   7 = Previtamin-D3 (CIE 2006)                          
values at z =      0.000 km
Columns: time, sza, weighting spectra
time, hrs.  sza, deg.          1          2          3          4          5          6          7
   11.0000     89.509  1.564E-03  9.057E-01  1.721E-03  7.592E-04  3.639E-06  2.590E-02  2.985E-04
   11.5000     88.975  1.882E-03  1.114E+00  2.179E-03  9.373E-04  4.433E-06  3.193E-02  3.591E-04
   12.0000     88.814  1.987E-03  1.181E+00  2.333E-03  9.963E-04  4.693E-06  3.390E-02  3.789E-04
   12.5000     89.027  1.850E-03  1.093E+00  2.132E-03  9.191E-04  4.353E-06  3.132E-02  3.529E-04
   13.0000     89.611  1.508E-03  8.685E-01  1.643E-03  7.280E-04  3.498E-06  2.484E-02  2.877E-04
------------------------------------------------------------
