Spectral Irradiance, W m-2 nm-1
values at z =      0.000 km
Columns: wavelength (nm), times (hrs.) or sza (deg.)
    wc, nm     11.000     11.500     12.000     12.500     13.000
    sza =      23.479     19.726     18.391     19.968     23.886
  280.5000  7.780E-14  1.602E-13  1.997E-13  1.536E-13  7.126E-14
  281.5000  2.200E-12  4.252E-12  5.200E-12  4.093E-12  2.031E-12
  282.5000  2.657E-11  4.862E-11  5.848E-11  4.694E-11  2.468E-11
  283.5000  1.214E-10  2.145E-10  2.552E-10  2.075E-10  1.133E-10
  284.5000  1.167E-09  1.933E-09  2.256E-09  1.878E-09  1.098E-09
  285.5000  3.896E-09  6.153E-09  7.076E-09  5.992E-09  3.685E-09
  286.5000  4.438E-08  6.757E-08  7.684E-08  6.594E-08  4.216E-08
  287.5000  2.444E-07  3.573E-07  4.012E-07  3.494E-07  2.333E-07
  288.5000  1.172E-06  1.639E-06  1.816E-06  1.607E-06  1.125E-06
  289.5000  6.231E-06  8.444E-06  9.267E-06  8.297E-06  6.004E-06
  290.5000  2.428E-05  3.204E-05  3.488E-05  3.153E-05  2.347E-05
  291.5000  7.407E-05  9.485E-05  1.023E-04  9.349E-05  7.045E-05
  292.5000  1.725E-04  2.155E-04  2.307E-04  2.127E-04  1.679E-04
  293.5000  4.819E-04  5.883E-04  6.253E-04  5.815E-04  4.704E-04
  294.5000  8.922E-04  1.069E-03  1.130E-03  1.058E-03  8.727E-04
  295.5000  2.179E-03  2.562E-03  2.692E-03  2.538E-03  2.136E-03
  296.5000  3.713E-03  4.296E-03  4.493E-03  4.260E-03  3.648E-03
  297.5000  6.969E-03  7.951E-03  8.278E-03  7.890E-03  6.858E-03
  298.5000  8.164E-03  9.204E-03  9.549E-03  9.140E-03  8.046E-03
  299.5000  1.791E-02  1.996E-02  2.064E-02  1.984E-02  1.767E-02
  300.5000  1.658E-02  1.832E-02  1.889E-02  1.822E-02  1.638E-02
  301.5000  3.247E-02  3.555E-02  3.651E-02  3.537E-02  3.211E-02
  302.5000  4.012E-02  4.367E-02  4.482E-02  4.345E-02  3.971E-02
  303.5000  6.777E-02  7.324E-02  7.500E-02  7.291E-02  6.714E-02
  304.5000  7.375E-02  7.937E-02  8.118E-02  7.903E-02  7.310E-02
  305.5000  9.672E-02  1.034E-01  1.056E-01  1.030E-01  9.593E-02
  306.5000  1.007E-01  1.074E-01  1.096E-01  1.070E-01  9.993E-02
  307.5000  1.445E-01  1.533E-01  1.561E-01  1.528E-01  1.434E-01
  308.5000  1.613E-01  1.709E-01  1.740E-01  1.704E-01  1.603E-01
  309.5000  1.417E-01  1.496E-01  1.521E-01  1.491E-01  1.408E-01
  310.5000  1.925E-01  2.027E-01  2.060E-01  2.021E-01  1.913E-01
  311.5000  2.473E-01  2.600E-01  2.640E-01  2.592E-01  2.458E-01
  312.5000  2.405E-01  2.521E-01  2.558E-01  2.514E-01  2.391E-01
  313.5000  2.725E-01  2.855E-01  2.896E-01  2.847E-01  2.710E-01
  314.5000  2.715E-01  2.837E-01  2.876E-01  2.829E-01  2.700E-01
  315.5000  2.802E-01  2.927E-01  2.966E-01  2.919E-01  2.788E-01
  316.5000  2.783E-01  2.901E-01  2.939E-01  2.894E-01  2.769E-01
  317.5000  3.935E-01  4.102E-01  4.155E-01  4.092E-01  3.915E-01
  318.5000  3.086E-01  3.212E-01  3.251E-01  3.204E-01  3.071E-01
  319.5000  3.763E-01  3.914E-01  3.962E-01  3.905E-01  3.745E-01
  320.5000  4.575E-01  4.757E-01  4.814E-01  4.746E-01  4.553E-01
  321.5000  3.872E-01  4.019E-01  4.066E-01  4.011E-01  3.854E-01
  322.5000  3.907E-01  4.060E-01  4.109E-01  4.051E-01  3.889E-01
  323.5000  4.007E-01  4.156E-01  4.203E-01  4.136E-01  3.989E-01
  324.5000  4.703E-01  4.878E-01  4.933E-01  4.867E-01  4.682E-01
  325.5000  5.273E-01  5.471E-01  5.533E-01  5.459E-01  5.250E-01
  326.5000  6.356E-01  6.585E-01  6.658E-01  6.572E-01  6.329E-01
  327.5000  5.926E-01  6.142E-01  6.210E-01  6.129E-01  5.901E-01
  328.5000  5.471E-01  5.669E-01  5.732E-01  5.657E-01  5.447E-01
  329.5000  7.065E-01  7.314E-01  7.393E-01  7.299E-01  7.035E-01
  330.5000  6.432E-01  6.661E-01  6.734E-01  6.647E-01  6.404E-01
  331.5000  6.357E-01  6.583E-01  6.655E-01  6.570E-01  6.329E-01
  332.5000  6.240E-01  6.458E-01  6.527E-01  6.445E-01  6.214E-01
  333.5000  5.870E-01  6.076E-01  6.141E-01  6.064E-01  5.845E-01
  334.5000  6.552E-01  6.781E-01  6.853E-01  6.767E-01  6.525E-01
  335.5000  6.630E-01  6.859E-01  6.931E-01  6.845E-01  6.602E-01
  336.5000  5.184E-01  5.363E-01  5.420E-01  5.353E-01  5.163E-01
  337.5000  5.695E-01  5.893E-01  5.956E-01  5.881E-01  5.672E-01
  338.5000  6.000E-01  6.206E-01  6.271E-01  6.194E-01  5.975E-01
  339.5000  6.519E-01  6.743E-01  6.813E-01  6.729E-01  6.493E-01
  340.5000  6.972E-01  7.212E-01  7.287E-01  7.197E-01  6.944E-01
  341.5000  6.185E-01  6.396E-01  6.463E-01  6.383E-01  6.160E-01
  342.5000  6.849E-01  7.082E-01  7.156E-01  7.068E-01  6.821E-01
  343.5000  7.115E-01  7.356E-01  7.433E-01  7.342E-01  7.086E-01
  344.5000  4.987E-01  5.156E-01  5.210E-01  5.146E-01  4.967E-01
  345.5000  6.824E-01  7.055E-01  7.128E-01  7.041E-01  6.797E-01
  346.5000  6.386E-01  6.601E-01  6.669E-01  6.588E-01  6.360E-01
  347.5000  6.237E-01  6.447E-01  6.514E-01  6.435E-01  6.212E-01
  348.5000  6.851E-01  7.081E-01  7.154E-01  7.068E-01  6.824E-01
  349.5000  5.740E-01  5.933E-01  5.994E-01  5.921E-01  5.717E-01
  350.5000  8.034E-01  8.303E-01  8.388E-01  8.287E-01  8.001E-01
  351.5000  6.922E-01  7.154E-01  7.227E-01  7.140E-01  6.895E-01
  352.5000  6.241E-01  6.449E-01  6.515E-01  6.436E-01  6.216E-01
  353.5000  7.509E-01  7.759E-01  7.838E-01  7.744E-01  7.479E-01
  354.5000  8.123E-01  8.394E-01  8.479E-01  8.377E-01  8.091E-01
  355.5000  7.589E-01  7.841E-01  7.921E-01  7.826E-01  7.559E-01
  356.5000  7.041E-01  7.274E-01  7.348E-01  7.260E-01  7.013E-01
  357.5000  5.985E-01  6.183E-01  6.246E-01  6.171E-01  5.961E-01
  358.5000  4.617E-01  4.769E-01  4.818E-01  4.760E-01  4.599E-01
  359.5000  7.767E-01  8.024E-01  8.105E-01  8.008E-01  7.737E-01
  360.5000  7.197E-01  7.434E-01  7.509E-01  7.420E-01  7.169E-01
  361.5000  6.487E-01  6.700E-01  6.767E-01  6.687E-01  6.461E-01
  362.5000  7.615E-01  7.865E-01  7.943E-01  7.849E-01  7.585E-01
  363.5000  6.772E-01  6.993E-01  7.063E-01  6.980E-01  6.745E-01
  364.5000  7.385E-01  7.626E-01  7.702E-01  7.612E-01  7.356E-01
  365.5000  8.996E-01  9.289E-01  9.382E-01  9.272E-01  8.960E-01
  366.5000  9.517E-01  9.827E-01  9.925E-01  9.809E-01  9.480E-01
  367.5000  9.033E-01  9.327E-01  9.420E-01  9.310E-01  8.998E-01
  368.5000  7.933E-01  8.191E-01  8.272E-01  8.175E-01  7.902E-01
  369.5000  9.513E-01  9.821E-01  9.919E-01  9.803E-01  9.476E-01
  370.5000  8.628E-01  8.908E-01  8.996E-01  8.891E-01  8.594E-01
  371.5000  9.869E-01  1.019E+00  1.029E+00  1.017E+00  9.831E-01
  372.5000  7.288E-01  7.523E-01  7.598E-01  7.509E-01  7.260E-01
  373.5000  6.585E-01  6.798E-01  6.865E-01  6.785E-01  6.560E-01
  374.5000  7.226E-01  7.458E-01  7.532E-01  7.444E-01  7.198E-01
  375.5000  8.150E-01  8.412E-01  8.495E-01  8.396E-01  8.119E-01
  376.5000  8.136E-01  8.397E-01  8.480E-01  8.382E-01  8.105E-01
  377.5000  9.686E-01  9.996E-01  1.009E+00  9.978E-01  9.648E-01
  378.5000  1.055E+00  1.089E+00  1.100E+00  1.087E+00  1.051E+00
  379.5000  7.806E-01  8.056E-01  8.134E-01  8.041E-01  7.776E-01
  380.5000  9.385E-01  9.685E-01  9.779E-01  9.667E-01  9.349E-01
  381.5000  8.816E-01  9.098E-01  9.187E-01  9.081E-01  8.783E-01
  382.5000  5.873E-01  6.060E-01  6.119E-01  6.049E-01  5.851E-01
  383.5000  5.156E-01  5.320E-01  5.372E-01  5.310E-01  5.136E-01
  384.5000  7.736E-01  7.981E-01  8.059E-01  7.967E-01  7.706E-01
  385.5000  7.651E-01  7.894E-01  7.971E-01  7.880E-01  7.622E-01
  386.5000  7.797E-01  8.044E-01  8.123E-01  8.030E-01  7.768E-01
  387.5000  7.245E-01  7.474E-01  7.547E-01  7.460E-01  7.217E-01
  388.5000  7.260E-01  7.490E-01  7.562E-01  7.476E-01  7.233E-01
  389.5000  9.153E-01  9.442E-01  9.533E-01  9.425E-01  9.119E-01
  390.5000  8.988E-01  9.272E-01  9.361E-01  9.255E-01  8.955E-01
  391.5000  1.066E+00  1.100E+00  1.110E+00  1.098E+00  1.062E+00
  392.5000  7.993E-01  8.244E-01  8.323E-01  8.229E-01  7.963E-01
  393.5000  3.474E-01  3.583E-01  3.618E-01  3.577E-01  3.461E-01
  394.5000  8.173E-01  8.430E-01  8.510E-01  8.414E-01  8.142E-01
  395.5000  1.051E+00  1.084E+00  1.095E+00  1.082E+00  1.047E+00
  396.5000  6.172E-01  6.366E-01  6.426E-01  6.354E-01  6.149E-01
  397.5000  7.121E-01  7.344E-01  7.414E-01  7.330E-01  7.094E-01
  398.5000  1.223E+00  1.262E+00  1.274E+00  1.259E+00  1.219E+00
  399.5000  1.272E+00  1.312E+00  1.324E+00  1.310E+00  1.268E+00
  400.5000  1.337E+00  1.379E+00  1.392E+00  1.376E+00  1.332E+00
  401.5000  1.376E+00  1.418E+00  1.432E+00  1.416E+00  1.371E+00
  402.5000  1.428E+00  1.472E+00  1.486E+00  1.470E+00  1.423E+00
  403.5000  1.307E+00  1.347E+00  1.360E+00  1.345E+00  1.302E+00
  404.5000  1.281E+00  1.321E+00  1.334E+00  1.319E+00  1.277E+00
  405.5000  1.331E+00  1.372E+00  1.385E+00  1.370E+00  1.326E+00
  406.5000  1.253E+00  1.292E+00  1.304E+00  1.290E+00  1.249E+00
  407.5000  1.263E+00  1.302E+00  1.315E+00  1.300E+00  1.259E+00
  408.5000  1.407E+00  1.450E+00  1.464E+00  1.448E+00  1.402E+00
  409.5000  1.379E+00  1.421E+00  1.435E+00  1.419E+00  1.374E+00
  410.5000  1.196E+00  1.232E+00  1.244E+00  1.230E+00  1.191E+00
  411.5000  1.437E+00  1.481E+00  1.495E+00  1.478E+00  1.432E+00
  412.5000  1.424E+00  1.468E+00  1.481E+00  1.465E+00  1.419E+00
  413.5000  1.381E+00  1.423E+00  1.437E+00  1.421E+00  1.376E+00
  414.5000  1.419E+00  1.462E+00  1.476E+00  1.460E+00  1.414E+00
  415.5000  1.357E+00  1.399E+00  1.412E+00  1.396E+00  1.352E+00
  416.5000  1.477E+00  1.522E+00  1.536E+00  1.519E+00  1.471E+00
  417.5000  1.350E+00  1.391E+00  1.404E+00  1.388E+00  1.345E+00
  418.5000  1.360E+00  1.402E+00  1.415E+00  1.399E+00  1.355E+00
  419.5000  1.405E+00  1.448E+00  1.461E+00  1.445E+00  1.400E+00
------------------------------------------------------------
Dose rates, W m-2
   1 = UV-B, 280-315 nm                                  
   2 = UV-A, 315-400 nm                                  
   3 = Gaussian, 320 nm, 10 nm FWHM                      
   4 = RB Meter, model 501                               
   5 = DNA damage, in vitro (Setlow, 1974)               
   6 = UV index (WMO, 1994; Webb et al., 2011)           
   7 = Previtamin-D3 (CIE 2006)                          
values at z =      0.000 km
Columns: time, sza, weighting spectra
time, hrs.  sza, deg.          1          2          3          4          5          6          7
   11.0000     23.479  2.141E+00  5.915E+01  3.862E-01  6.491E-01  8.575E-03  1.264E+01  6.353E-01
   11.5000     19.726  2.265E+00  6.112E+01  4.016E-01  6.908E-01  9.386E-03  1.351E+01  6.799E-01
   12.0000     18.391  2.305E+00  6.174E+01  4.065E-01  7.042E-01  9.651E-03  1.380E+01  6.943E-01
   12.5000     19.968  2.257E+00  6.100E+01  4.006E-01  6.883E-01  9.336E-03  1.346E+01  6.772E-01
   13.0000     23.886  2.126E+00  5.891E+01  3.844E-01  6.442E-01  8.483E-03  1.254E+01  6.301E-01
------------------------------------------------------------
