Spectral Irradiance, W m-2 nm-1
values at z =      0.000 km
Columns: wavelength (nm), times (hrs.) or sza (deg.)
    wc, nm     11.000     11.500     12.000     12.500     13.000
    sza =      20.959     16.715     14.920     16.401     20.458
  280.5000  2.795E-14  5.797E-14  7.460E-14  6.072E-14  3.077E-14
  281.5000  8.661E-13  1.685E-12  2.121E-12  1.758E-12  9.456E-13
  282.5000  1.131E-11  2.083E-11  2.573E-11  2.166E-11  1.226E-11
  283.5000  5.442E-11  9.669E-11  1.179E-10  1.003E-10  5.871E-11
  284.5000  5.743E-10  9.561E-10  1.140E-09  9.876E-10  6.143E-10
  285.5000  2.055E-09  3.259E-09  3.824E-09  3.356E-09  2.184E-09
  286.5000  2.469E-08  3.774E-08  4.371E-08  3.877E-08  2.611E-08
  287.5000  1.442E-07  2.116E-07  2.416E-07  2.168E-07  1.517E-07
  288.5000  7.375E-07  1.035E-06  1.164E-06  1.057E-06  7.711E-07
  289.5000  4.107E-06  5.581E-06  6.207E-06  5.691E-06  4.277E-06
  290.5000  1.664E-05  2.201E-05  2.389E-05  2.241E-05  1.727E-05
  291.5000  5.306E-05  6.810E-05  7.423E-05  6.916E-05  5.484E-05
  292.5000  1.281E-04  1.604E-04  1.733E-04  1.627E-04  1.320E-04
  293.5000  3.706E-04  4.530E-04  4.857E-04  4.589E-04  3.805E-04
  294.5000  7.048E-04  8.459E-04  9.012E-04  8.558E-04  7.219E-04
  295.5000  1.772E-03  2.085E-03  2.206E-03  2.107E-03  1.810E-03
  296.5000  3.092E-03  3.581E-03  3.768E-03  3.615E-03  3.153E-03
  297.5000  5.928E-03  6.768E-03  7.086E-03  6.825E-03  6.032E-03
  298.5000  7.070E-03  7.975E-03  8.316E-03  8.037E-03  7.183E-03
  299.5000  1.577E-02  1.759E-02  1.827E-02  1.772E-02  1.600E-02
  300.5000  1.479E-02  1.636E-02  1.694E-02  1.646E-02  1.499E-02
  301.5000  2.939E-02  3.219E-02  3.323E-02  3.238E-02  2.974E-02
  302.5000  3.666E-02  3.991E-02  4.110E-02  4.012E-02  3.707E-02
  303.5000  6.262E-02  6.767E-02  6.953E-02  6.801E-02  6.326E-02
  304.5000  6.859E-02  7.381E-02  7.572E-02  7.416E-02  6.926E-02
  305.5000  9.081E-02  9.712E-02  9.941E-02  9.753E-02  9.161E-02
  306.5000  9.496E-02  1.013E-01  1.036E-01  1.017E-01  9.576E-02
  307.5000  1.373E-01  1.457E-01  1.487E-01  1.462E-01  1.384E-01
  308.5000  1.539E-01  1.629E-01  1.662E-01  1.635E-01  1.550E-01
  309.5000  1.358E-01  1.433E-01  1.460E-01  1.438E-01  1.368E-01
  310.5000  1.852E-01  1.949E-01  1.985E-01  1.956E-01  1.864E-01
  311.5000  2.385E-01  2.506E-01  2.550E-01  2.514E-01  2.400E-01
  312.5000  2.329E-01  2.441E-01  2.481E-01  2.448E-01  2.343E-01
  313.5000  2.643E-01  2.767E-01  2.812E-01  2.775E-01  2.659E-01
  314.5000  2.642E-01  2.760E-01  2.803E-01  2.768E-01  2.657E-01
  315.5000  2.729E-01  2.845E-01  2.893E-01  2.858E-01  2.745E-01
  316.5000  2.718E-01  2.833E-01  2.874E-01  2.840E-01  2.733E-01
  317.5000  3.844E-01  4.006E-01  4.064E-01  4.016E-01  3.865E-01
  318.5000  3.023E-01  3.145E-01  3.188E-01  3.153E-01  3.039E-01
  319.5000  3.688E-01  3.835E-01  3.888E-01  3.845E-01  3.707E-01
  320.5000  4.487E-01  4.663E-01  4.726E-01  4.675E-01  4.509E-01
  321.5000  3.807E-01  3.950E-01  4.002E-01  3.959E-01  3.825E-01
  322.5000  3.834E-01  3.983E-01  4.036E-01  3.993E-01  3.853E-01
  323.5000  3.944E-01  4.089E-01  4.141E-01  4.099E-01  3.962E-01
  324.5000  4.628E-01  4.799E-01  4.860E-01  4.810E-01  4.650E-01
  325.5000  5.188E-01  5.380E-01  5.448E-01  5.393E-01  5.213E-01
  326.5000  6.266E-01  6.490E-01  6.570E-01  6.504E-01  6.295E-01
  327.5000  5.838E-01  6.049E-01  6.124E-01  6.063E-01  5.866E-01
  328.5000  5.390E-01  5.583E-01  5.653E-01  5.596E-01  5.415E-01
  329.5000  6.971E-01  7.214E-01  7.302E-01  7.230E-01  7.002E-01
  330.5000  6.342E-01  6.566E-01  6.646E-01  6.581E-01  6.371E-01
  331.5000  6.267E-01  6.489E-01  6.568E-01  6.503E-01  6.296E-01
  332.5000  6.159E-01  6.372E-01  6.448E-01  6.386E-01  6.187E-01
  333.5000  5.791E-01  5.993E-01  6.065E-01  6.006E-01  5.817E-01
  334.5000  6.466E-01  6.689E-01  6.770E-01  6.704E-01  6.495E-01
  335.5000  6.546E-01  6.770E-01  6.850E-01  6.784E-01  6.575E-01
  336.5000  5.118E-01  5.293E-01  5.356E-01  5.304E-01  5.140E-01
  337.5000  5.621E-01  5.814E-01  5.883E-01  5.826E-01  5.645E-01
  338.5000  5.924E-01  6.126E-01  6.198E-01  6.139E-01  5.950E-01
  339.5000  6.438E-01  6.656E-01  6.734E-01  6.670E-01  6.466E-01
  340.5000  6.884E-01  7.117E-01  7.201E-01  7.133E-01  6.914E-01
  341.5000  6.108E-01  6.314E-01  6.388E-01  6.328E-01  6.135E-01
  342.5000  6.764E-01  6.992E-01  7.073E-01  7.007E-01  6.794E-01
  343.5000  7.026E-01  7.262E-01  7.347E-01  7.277E-01  7.056E-01
  344.5000  4.924E-01  5.090E-01  5.149E-01  5.101E-01  4.945E-01
  345.5000  6.740E-01  6.965E-01  7.046E-01  6.980E-01  6.769E-01
  346.5000  6.306E-01  6.517E-01  6.592E-01  6.531E-01  6.333E-01
  347.5000  6.159E-01  6.365E-01  6.438E-01  6.378E-01  6.186E-01
  348.5000  6.766E-01  6.991E-01  7.072E-01  7.006E-01  6.795E-01
  349.5000  5.669E-01  5.857E-01  5.925E-01  5.869E-01  5.693E-01
  350.5000  7.934E-01  8.197E-01  8.291E-01  8.214E-01  7.968E-01
  351.5000  6.836E-01  7.063E-01  7.144E-01  7.078E-01  6.865E-01
  352.5000  6.163E-01  6.367E-01  6.440E-01  6.380E-01  6.189E-01
  353.5000  7.416E-01  7.661E-01  7.748E-01  7.677E-01  7.447E-01
  354.5000  8.023E-01  8.287E-01  8.382E-01  8.305E-01  8.057E-01
  355.5000  7.495E-01  7.742E-01  7.830E-01  7.758E-01  7.527E-01
  356.5000  6.954E-01  7.182E-01  7.264E-01  7.197E-01  6.983E-01
  357.5000  5.911E-01  6.105E-01  6.174E-01  6.118E-01  5.936E-01
  358.5000  4.560E-01  4.709E-01  4.762E-01  4.719E-01  4.579E-01
  359.5000  7.671E-01  7.922E-01  8.012E-01  7.939E-01  7.704E-01
  360.5000  7.108E-01  7.340E-01  7.423E-01  7.356E-01  7.138E-01
  361.5000  6.406E-01  6.615E-01  6.690E-01  6.629E-01  6.433E-01
  362.5000  7.521E-01  7.765E-01  7.853E-01  7.781E-01  7.552E-01
  363.5000  6.688E-01  6.905E-01  6.983E-01  6.919E-01  6.716E-01
  364.5000  7.293E-01  7.530E-01  7.615E-01  7.545E-01  7.324E-01
  365.5000  8.884E-01  9.172E-01  9.275E-01  9.191E-01  8.921E-01
  366.5000  9.400E-01  9.704E-01  9.812E-01  9.723E-01  9.439E-01
  367.5000  8.922E-01  9.210E-01  9.313E-01  9.229E-01  8.959E-01
  368.5000  7.835E-01  8.088E-01  8.178E-01  8.104E-01  7.868E-01
  369.5000  9.395E-01  9.698E-01  9.806E-01  9.717E-01  9.434E-01
  370.5000  8.521E-01  8.795E-01  8.893E-01  8.813E-01  8.557E-01
  371.5000  9.747E-01  1.006E+00  1.017E+00  1.008E+00  9.788E-01
  372.5000  7.198E-01  7.429E-01  7.511E-01  7.444E-01  7.228E-01
  373.5000  6.504E-01  6.712E-01  6.787E-01  6.726E-01  6.531E-01
  374.5000  7.136E-01  7.365E-01  7.446E-01  7.379E-01  7.166E-01
  375.5000  8.049E-01  8.306E-01  8.398E-01  8.323E-01  8.083E-01
  376.5000  8.036E-01  8.292E-01  8.384E-01  8.309E-01  8.069E-01
  377.5000  9.566E-01  9.871E-01  9.980E-01  9.891E-01  9.605E-01
  378.5000  1.042E+00  1.075E+00  1.087E+00  1.078E+00  1.047E+00
  379.5000  7.710E-01  7.954E-01  8.042E-01  7.970E-01  7.741E-01
  380.5000  9.269E-01  9.563E-01  9.668E-01  9.582E-01  9.307E-01
  381.5000  8.708E-01  8.984E-01  9.082E-01  9.001E-01  8.743E-01
  382.5000  5.801E-01  5.984E-01  6.050E-01  5.996E-01  5.824E-01
  383.5000  5.092E-01  5.253E-01  5.311E-01  5.264E-01  5.113E-01
  384.5000  7.640E-01  7.881E-01  7.967E-01  7.897E-01  7.671E-01
  385.5000  7.557E-01  7.795E-01  7.880E-01  7.811E-01  7.588E-01
  386.5000  7.701E-01  7.944E-01  8.030E-01  7.959E-01  7.732E-01
  387.5000  7.156E-01  7.380E-01  7.461E-01  7.395E-01  7.184E-01
  388.5000  7.171E-01  7.396E-01  7.476E-01  7.410E-01  7.200E-01
  389.5000  9.040E-01  9.324E-01  9.425E-01  9.342E-01  9.077E-01
  390.5000  8.878E-01  9.156E-01  9.255E-01  9.174E-01  8.914E-01
  391.5000  1.053E+00  1.086E+00  1.098E+00  1.088E+00  1.057E+00
  392.5000  7.894E-01  8.141E-01  8.229E-01  8.157E-01  7.926E-01
  393.5000  3.431E-01  3.538E-01  3.577E-01  3.545E-01  3.445E-01
  394.5000  8.073E-01  8.324E-01  8.414E-01  8.340E-01  8.105E-01
  395.5000  1.038E+00  1.071E+00  1.082E+00  1.073E+00  1.043E+00
  396.5000  6.096E-01  6.286E-01  6.354E-01  6.298E-01  6.121E-01
  397.5000  7.033E-01  7.252E-01  7.330E-01  7.266E-01  7.062E-01
  398.5000  1.208E+00  1.246E+00  1.259E+00  1.248E+00  1.213E+00
  399.5000  1.257E+00  1.296E+00  1.309E+00  1.298E+00  1.262E+00
  400.5000  1.321E+00  1.362E+00  1.376E+00  1.364E+00  1.326E+00
  401.5000  1.359E+00  1.401E+00  1.416E+00  1.403E+00  1.364E+00
  402.5000  1.410E+00  1.454E+00  1.469E+00  1.457E+00  1.416E+00
  403.5000  1.291E+00  1.330E+00  1.345E+00  1.333E+00  1.296E+00
  404.5000  1.266E+00  1.305E+00  1.319E+00  1.307E+00  1.271E+00
  405.5000  1.315E+00  1.355E+00  1.369E+00  1.358E+00  1.320E+00
  406.5000  1.238E+00  1.276E+00  1.290E+00  1.278E+00  1.243E+00
  407.5000  1.248E+00  1.286E+00  1.300E+00  1.289E+00  1.253E+00
  408.5000  1.390E+00  1.432E+00  1.447E+00  1.435E+00  1.395E+00
  409.5000  1.362E+00  1.404E+00  1.419E+00  1.406E+00  1.367E+00
  410.5000  1.181E+00  1.217E+00  1.230E+00  1.219E+00  1.186E+00
  411.5000  1.419E+00  1.463E+00  1.478E+00  1.465E+00  1.425E+00
  412.5000  1.406E+00  1.449E+00  1.465E+00  1.452E+00  1.412E+00
  413.5000  1.364E+00  1.405E+00  1.420E+00  1.408E+00  1.369E+00
  414.5000  1.402E+00  1.444E+00  1.460E+00  1.447E+00  1.407E+00
  415.5000  1.340E+00  1.381E+00  1.396E+00  1.384E+00  1.346E+00
  416.5000  1.459E+00  1.503E+00  1.519E+00  1.506E+00  1.464E+00
  417.5000  1.333E+00  1.374E+00  1.388E+00  1.376E+00  1.338E+00
  418.5000  1.343E+00  1.384E+00  1.399E+00  1.387E+00  1.349E+00
  419.5000  1.388E+00  1.430E+00  1.445E+00  1.432E+00  1.393E+00
------------------------------------------------------------
Dose rates, W m-2
   1 = UV-B, 280-315 nm                                  
   2 = UV-A, 315-400 nm                                  
   3 = Gaussian, 320 nm, 10 nm FWHM                      
   4 = RB Meter, model 501                               
   5 = DNA damage, in vitro (Setlow, 1974)               
   6 = UV index (WMO, 1994; Webb et al., 2011)           
   7 = Previtamin-D3 (CIE 2006)                          
values at z =      0.000 km
Columns: time, sza, weighting spectra
time, hrs.  sza, deg.          1          2          3          4          5          6          7
   11.0000     20.959  2.045E+00  5.838E+01  3.786E-01  6.147E-01  7.792E-03  1.189E+01  5.965E-01
   11.5000     16.715  2.162E+00  6.031E+01  3.936E-01  6.536E-01  8.513E-03  1.269E+01  6.379E-01
   12.0000     14.920  2.205E+00  6.100E+01  3.990E-01  6.678E-01  8.782E-03  1.299E+01  6.531E-01
   12.5000     16.401  2.170E+00  6.043E+01  3.946E-01  6.562E-01  8.562E-03  1.275E+01  6.407E-01
   13.0000     20.458  2.060E+00  5.863E+01  3.806E-01  6.196E-01  7.883E-03  1.199E+01  6.018E-01
------------------------------------------------------------
