Spectral Irradiance, W m-2 nm-1
values at z =      0.000 km
Columns: wavelength (nm), times (hrs.) or sza (deg.)
    wc, nm     11.000     11.500     12.000     12.500     13.000
    sza =      80.978     80.097     79.679     79.733     80.256
  280.5000  7.067E-35  7.560E-35  7.798E-35  7.767E-35  7.470E-35
  281.5000  9.570E-32  1.024E-31  1.057E-31  1.052E-31  1.012E-31
  282.5000  3.211E-29  3.438E-29  3.548E-29  3.534E-29  3.397E-29
  283.5000  1.265E-27  1.355E-27  1.398E-27  1.393E-27  1.339E-27
  284.5000  6.296E-25  6.747E-25  6.966E-25  6.937E-25  6.664E-25
  285.5000  3.901E-23  4.184E-23  4.321E-23  4.303E-23  4.132E-23
  286.5000  4.197E-21  4.504E-21  4.653E-21  4.634E-21  4.448E-21
  287.5000  2.810E-19  3.018E-19  3.120E-19  3.107E-19  2.980E-19
  288.5000  2.056E-17  2.211E-17  2.287E-17  2.277E-17  2.183E-17
  289.5000  7.712E-16  8.305E-16  8.595E-16  8.557E-16  8.196E-16
  290.5000  1.559E-14  1.681E-14  1.740E-14  1.732E-14  1.658E-14
  291.5000  3.100E-13  3.348E-13  3.470E-13  3.454E-13  3.302E-13
  292.5000  3.378E-12  3.655E-12  3.792E-12  3.774E-12  3.604E-12
  293.5000  4.070E-11  4.414E-11  4.584E-11  4.562E-11  4.350E-11
  294.5000  2.387E-10  2.595E-10  2.698E-10  2.684E-10  2.556E-10
  295.5000  2.008E-09  2.189E-09  2.279E-09  2.267E-09  2.156E-09
  296.5000  9.691E-09  1.060E-08  1.105E-08  1.099E-08  1.043E-08
  297.5000  4.587E-08  5.033E-08  5.257E-08  5.228E-08  4.950E-08
  298.5000  1.188E-07  1.308E-07  1.369E-07  1.361E-07  1.286E-07
  299.5000  5.589E-07  6.181E-07  6.481E-07  6.441E-07  6.070E-07
  300.5000  9.431E-07  1.047E-06  1.100E-06  1.093E-06  1.028E-06
  301.5000  3.616E-06  4.040E-06  4.258E-06  4.229E-06  3.960E-06
  302.5000  7.045E-06  7.914E-06  8.365E-06  8.305E-06  7.748E-06
  303.5000  2.093E-05  2.373E-05  2.522E-05  2.502E-05  2.319E-05
  304.5000  3.202E-05  3.659E-05  3.905E-05  3.872E-05  3.570E-05
  305.5000  7.246E-05  8.427E-05  9.077E-05  8.989E-05  8.195E-05
  306.5000  9.680E-05  1.137E-04  1.231E-04  1.218E-04  1.103E-04
  307.5000  2.365E-04  2.842E-04  3.110E-04  3.073E-04  2.747E-04
  308.5000  3.300E-04  4.002E-04  4.397E-04  4.343E-04  3.863E-04
  309.5000  4.430E-04  5.455E-04  6.027E-04  5.949E-04  5.252E-04
  310.5000  8.422E-04  1.045E-03  1.157E-03  1.142E-03  1.005E-03
  311.5000  1.369E-03  1.704E-03  1.887E-03  1.863E-03  1.638E-03
  312.5000  2.117E-03  2.630E-03  2.906E-03  2.869E-03  2.530E-03
  313.5000  2.686E-03  3.332E-03  3.679E-03  3.633E-03  3.207E-03
  314.5000  4.160E-03  5.107E-03  5.604E-03  5.538E-03  4.925E-03
  315.5000  4.622E-03  5.661E-03  6.205E-03  6.133E-03  5.462E-03
  316.5000  6.627E-03  8.001E-03  8.708E-03  8.615E-03  7.740E-03
  317.5000  9.373E-03  1.132E-02  1.232E-02  1.219E-02  1.095E-02
  318.5000  1.045E-02  1.241E-02  1.340E-02  1.327E-02  1.204E-02
  319.5000  1.364E-02  1.614E-02  1.740E-02  1.723E-02  1.567E-02
  320.5000  1.801E-02  2.122E-02  2.284E-02  2.262E-02  2.062E-02
  321.5000  2.134E-02  2.466E-02  2.630E-02  2.609E-02  2.404E-02
  322.5000  1.659E-02  1.947E-02  2.092E-02  2.073E-02  1.893E-02
  323.5000  2.572E-02  2.945E-02  3.129E-02  3.105E-02  2.876E-02
  324.5000  2.971E-02  3.407E-02  3.622E-02  3.594E-02  3.326E-02
  325.5000  3.156E-02  3.632E-02  3.867E-02  3.837E-02  3.544E-02
  326.5000  5.058E-02  5.715E-02  6.037E-02  5.996E-02  5.594E-02
  327.5000  4.302E-02  4.891E-02  5.181E-02  5.143E-02  4.782E-02
  328.5000  3.986E-02  4.532E-02  4.800E-02  4.765E-02  4.431E-02
  329.5000  6.373E-02  7.145E-02  7.521E-02  7.472E-02  7.003E-02
  330.5000  5.313E-02  5.992E-02  6.325E-02  6.282E-02  5.867E-02
  331.5000  5.161E-02  5.829E-02  6.156E-02  6.113E-02  5.706E-02
  332.5000  5.918E-02  6.615E-02  6.955E-02  6.911E-02  6.487E-02
  333.5000  5.214E-02  5.855E-02  6.168E-02  6.127E-02  5.737E-02
  334.5000  6.029E-02  6.755E-02  7.109E-02  7.063E-02  6.621E-02
  335.5000  6.576E-02  7.331E-02  7.699E-02  7.651E-02  7.192E-02
  336.5000  5.036E-02  5.624E-02  5.910E-02  5.873E-02  5.516E-02
  337.5000  5.258E-02  5.892E-02  6.202E-02  6.162E-02  5.776E-02
  338.5000  5.995E-02  6.683E-02  7.018E-02  6.974E-02  6.556E-02
  339.5000  6.589E-02  7.341E-02  7.707E-02  7.659E-02  7.202E-02
  340.5000  6.857E-02  7.654E-02  8.043E-02  7.993E-02  7.507E-02
  341.5000  6.337E-02  7.055E-02  7.405E-02  7.360E-02  6.923E-02
  342.5000  7.076E-02  7.874E-02  8.264E-02  8.213E-02  7.728E-02
  343.5000  7.259E-02  8.086E-02  8.489E-02  8.437E-02  7.934E-02
  344.5000  5.017E-02  5.595E-02  5.877E-02  5.840E-02  5.489E-02
  345.5000  7.144E-02  7.947E-02  8.338E-02  8.287E-02  7.799E-02
  346.5000  6.538E-02  7.285E-02  7.649E-02  7.602E-02  7.147E-02
  347.5000  6.411E-02  7.142E-02  7.499E-02  7.453E-02  7.008E-02
  348.5000  7.110E-02  7.917E-02  8.311E-02  8.260E-02  7.769E-02
  349.5000  5.957E-02  6.634E-02  6.964E-02  6.922E-02  6.509E-02
  350.5000  8.363E-02  9.313E-02  9.777E-02  9.717E-02  9.139E-02
  351.5000  7.191E-02  8.011E-02  8.411E-02  8.359E-02  7.860E-02
  352.5000  6.509E-02  7.250E-02  7.611E-02  7.564E-02  7.113E-02
  353.5000  7.874E-02  8.769E-02  9.206E-02  9.149E-02  8.604E-02
  354.5000  8.559E-02  9.530E-02  1.000E-01  9.942E-02  9.351E-02
  355.5000  8.008E-02  8.917E-02  9.361E-02  9.303E-02  8.750E-02
  356.5000  7.436E-02  8.281E-02  8.693E-02  8.640E-02  8.125E-02
  357.5000  6.324E-02  7.043E-02  7.395E-02  7.349E-02  6.911E-02
  358.5000  4.892E-02  5.449E-02  5.721E-02  5.685E-02  5.347E-02
  359.5000  8.241E-02  9.179E-02  9.637E-02  9.577E-02  9.006E-02
  360.5000  7.646E-02  8.518E-02  8.943E-02  8.888E-02  8.357E-02
  361.5000  6.908E-02  7.695E-02  8.079E-02  8.029E-02  7.550E-02
  362.5000  8.124E-02  9.051E-02  9.503E-02  9.444E-02  8.880E-02
  363.5000  7.235E-02  8.061E-02  8.464E-02  8.412E-02  7.909E-02
  364.5000  7.897E-02  8.800E-02  9.240E-02  9.183E-02  8.634E-02
  365.5000  9.626E-02  1.073E-01  1.127E-01  1.120E-01  1.052E-01
  366.5000  1.020E-01  1.137E-01  1.194E-01  1.187E-01  1.116E-01
  367.5000  9.702E-02  1.081E-01  1.136E-01  1.128E-01  1.061E-01
  368.5000  8.530E-02  9.508E-02  9.986E-02  9.924E-02  9.328E-02
  369.5000  1.024E-01  1.142E-01  1.199E-01  1.192E-01  1.120E-01
  370.5000  9.300E-02  1.037E-01  1.089E-01  1.082E-01  1.017E-01
  371.5000  1.065E-01  1.188E-01  1.248E-01  1.240E-01  1.165E-01
  372.5000  7.877E-02  8.784E-02  9.226E-02  9.169E-02  8.617E-02
  373.5000  7.126E-02  7.947E-02  8.347E-02  8.295E-02  7.795E-02
  374.5000  7.827E-02  8.730E-02  9.171E-02  9.114E-02  8.564E-02
  375.5000  8.841E-02  9.862E-02  1.036E-01  1.030E-01  9.674E-02
  376.5000  8.838E-02  9.859E-02  1.036E-01  1.029E-01  9.671E-02
  377.5000  1.054E-01  1.175E-01  1.235E-01  1.227E-01  1.153E-01
  378.5000  1.149E-01  1.282E-01  1.347E-01  1.339E-01  1.258E-01
  379.5000  8.511E-02  9.497E-02  9.979E-02  9.916E-02  9.316E-02
  380.5000  1.025E-01  1.143E-01  1.202E-01  1.194E-01  1.122E-01
  381.5000  9.638E-02  1.076E-01  1.130E-01  1.123E-01  1.055E-01
  382.5000  6.429E-02  7.176E-02  7.541E-02  7.494E-02  7.039E-02
  383.5000  5.651E-02  6.309E-02  6.630E-02  6.588E-02  6.187E-02
  384.5000  8.489E-02  9.478E-02  9.961E-02  9.898E-02  9.296E-02
  385.5000  8.408E-02  9.388E-02  9.867E-02  9.805E-02  9.208E-02
  386.5000  8.580E-02  9.581E-02  1.007E-01  1.001E-01  9.397E-02
  387.5000  7.982E-02  8.915E-02  9.370E-02  9.311E-02  8.743E-02
  388.5000  8.009E-02  8.946E-02  9.403E-02  9.344E-02  8.773E-02
  389.5000  1.011E-01  1.129E-01  1.187E-01  1.180E-01  1.108E-01
  390.5000  9.943E-02  1.111E-01  1.168E-01  1.160E-01  1.089E-01
  391.5000  1.181E-01  1.319E-01  1.387E-01  1.378E-01  1.294E-01
  392.5000  8.865E-02  9.906E-02  1.041E-01  1.035E-01  9.714E-02
  393.5000  3.858E-02  4.312E-02  4.533E-02  4.504E-02  4.228E-02
  394.5000  9.089E-02  1.016E-01  1.068E-01  1.061E-01  9.961E-02
  395.5000  1.171E-01  1.309E-01  1.376E-01  1.367E-01  1.283E-01
  396.5000  6.883E-02  7.694E-02  8.089E-02  8.038E-02  7.544E-02
  397.5000  7.952E-02  8.889E-02  9.347E-02  9.288E-02  8.717E-02
  398.5000  1.368E-01  1.529E-01  1.608E-01  1.598E-01  1.500E-01
  399.5000  1.425E-01  1.593E-01  1.675E-01  1.664E-01  1.562E-01
  400.5000  1.500E-01  1.677E-01  1.763E-01  1.752E-01  1.644E-01
  401.5000  1.545E-01  1.727E-01  1.816E-01  1.805E-01  1.694E-01
  402.5000  1.605E-01  1.795E-01  1.888E-01  1.876E-01  1.760E-01
  403.5000  1.471E-01  1.646E-01  1.731E-01  1.720E-01  1.613E-01
  404.5000  1.445E-01  1.616E-01  1.700E-01  1.689E-01  1.585E-01
  405.5000  1.503E-01  1.681E-01  1.768E-01  1.757E-01  1.648E-01
  406.5000  1.417E-01  1.585E-01  1.668E-01  1.657E-01  1.554E-01
  407.5000  1.430E-01  1.600E-01  1.683E-01  1.672E-01  1.569E-01
  408.5000  1.595E-01  1.784E-01  1.877E-01  1.865E-01  1.750E-01
  409.5000  1.565E-01  1.752E-01  1.842E-01  1.831E-01  1.717E-01
  410.5000  1.359E-01  1.521E-01  1.600E-01  1.590E-01  1.491E-01
  411.5000  1.636E-01  1.831E-01  1.926E-01  1.913E-01  1.795E-01
  412.5000  1.623E-01  1.817E-01  1.911E-01  1.899E-01  1.781E-01
  413.5000  1.577E-01  1.765E-01  1.857E-01  1.845E-01  1.730E-01
  414.5000  1.622E-01  1.816E-01  1.911E-01  1.898E-01  1.781E-01
  415.5000  1.554E-01  1.739E-01  1.830E-01  1.818E-01  1.705E-01
  416.5000  1.693E-01  1.895E-01  1.994E-01  1.981E-01  1.858E-01
  417.5000  1.549E-01  1.735E-01  1.825E-01  1.814E-01  1.701E-01
  418.5000  1.564E-01  1.751E-01  1.842E-01  1.830E-01  1.716E-01
  419.5000  1.617E-01  1.811E-01  1.906E-01  1.894E-01  1.776E-01
------------------------------------------------------------
Dose rates, W m-2
   1 = UV-B, 280-315 nm                                  
   2 = UV-A, 315-400 nm                                  
   3 = Gaussian, 320 nm, 10 nm FWHM                      
   4 = RB Meter, model 501                               
   5 = DNA damage, in vitro (Setlow, 1974)               
   6 = UV index (WMO, 1994; Webb et al., 2011)           
   7 = Previtamin-D3 (CIE 2006)                          
values at z =      0.000 km
Columns: time, sza, weighting spectra
time, hrs.  sza, deg.          1          2          3          4          5          6          7
   11.0000     80.978  1.242E-02  5.934E+00  1.722E-02  6.469E-03  2.523E-05  1.918E-01  2.145E-03
   11.5000     80.097  1.532E-02  6.633E+00  2.000E-02  7.626E-03  2.945E-05  2.201E-01  2.601E-03
   12.0000     79.679  1.688E-02  6.975E+00  2.138E-02  8.222E-03  3.164E-05  2.343E-01  2.845E-03
   12.5000     79.733  1.667E-02  6.931E+00  2.120E-02  8.143E-03  3.135E-05  2.325E-01  2.813E-03
   13.0000     80.256  1.476E-02  6.504E+00  1.948E-02  7.407E-03  2.865E-05  2.148E-01  2.513E-03
------------------------------------------------------------
