Spectral Irradiance, W m-2 nm-1
values at z =      0.000 km
Columns: wavelength (nm), times (hrs.) or sza (deg.)
    wc, nm     11.000     11.500     12.000     12.500     13.000
    sza =      61.516     60.703     60.686     61.465     63.010
  280.5000  3.079E-24  3.722E-24  3.740E-24  3.112E-24  2.378E-24
  281.5000  5.509E-22  6.802E-22  6.838E-22  5.574E-22  4.172E-22
  282.5000  3.299E-20  4.172E-20  4.197E-20  3.342E-20  2.440E-20
  283.5000  4.296E-19  5.535E-19  5.570E-19  4.356E-19  3.112E-19
  284.5000  2.929E-17  3.920E-17  3.949E-17  2.977E-17  2.017E-17
  285.5000  4.316E-16  5.944E-16  5.991E-16  4.395E-16  2.832E-16
  286.5000  1.580E-14  2.219E-14  2.237E-14  1.611E-14  9.936E-15
  287.5000  3.298E-13  4.700E-13  4.739E-13  3.367E-13  1.977E-13
  288.5000  7.048E-12  1.009E-11  1.017E-11  7.202E-12  4.047E-12
  289.5000  1.121E-10  1.596E-10  1.609E-10  1.146E-10  6.317E-11
  290.5000  1.118E-09  1.574E-09  1.586E-09  1.142E-09  6.271E-10
  291.5000  1.010E-08  1.395E-08  1.405E-08  1.031E-08  5.731E-09
  292.5000  5.796E-08  7.835E-08  7.887E-08  5.907E-08  3.362E-08
  293.5000  3.824E-07  5.048E-07  5.079E-07  3.892E-07  2.291E-07
  294.5000  1.394E-06  1.802E-06  1.812E-06  1.417E-06  8.623E-07
  295.5000  7.040E-06  8.880E-06  8.925E-06  7.145E-06  4.533E-06
  296.5000  2.199E-05  2.715E-05  2.727E-05  2.229E-05  1.471E-05
  297.5000  7.041E-05  8.520E-05  8.555E-05  7.128E-05  4.880E-05
  298.5000  1.295E-04  1.540E-04  1.546E-04  1.310E-04  9.269E-05
  299.5000  4.357E-04  5.094E-04  5.111E-04  4.401E-04  3.219E-04
  300.5000  5.596E-04  6.457E-04  6.476E-04  5.648E-04  4.239E-04
  301.5000  1.565E-03  1.780E-03  1.785E-03  1.578E-03  1.220E-03
  302.5000  2.444E-03  2.752E-03  2.759E-03  2.463E-03  1.940E-03
  303.5000  5.445E-03  6.060E-03  6.074E-03  5.483E-03  4.421E-03
  304.5000  6.952E-03  7.685E-03  7.702E-03  6.998E-03  5.719E-03
  305.5000  1.157E-02  1.266E-02  1.269E-02  1.164E-02  9.709E-03
  306.5000  1.335E-02  1.455E-02  1.457E-02  1.343E-02  1.130E-02
  307.5000  2.332E-02  2.519E-02  2.523E-02  2.344E-02  2.007E-02
  308.5000  2.811E-02  3.027E-02  3.031E-02  2.825E-02  2.434E-02
  309.5000  2.813E-02  3.011E-02  3.016E-02  2.825E-02  2.463E-02
  310.5000  4.195E-02  4.472E-02  4.479E-02  4.212E-02  3.703E-02
  311.5000  5.732E-02  6.096E-02  6.104E-02  5.755E-02  5.087E-02
  312.5000  6.221E-02  6.583E-02  6.591E-02  6.243E-02  5.573E-02
  313.5000  7.241E-02  7.654E-02  7.663E-02  7.267E-02  6.501E-02
  314.5000  7.923E-02  8.340E-02  8.349E-02  7.949E-02  7.172E-02
  315.5000  8.313E-02  8.745E-02  8.755E-02  8.341E-02  7.536E-02
  316.5000  8.879E-02  9.310E-02  9.320E-02  8.906E-02  8.099E-02
  317.5000  1.258E-01  1.319E-01  1.320E-01  1.261E-01  1.147E-01
  318.5000  1.054E-01  1.102E-01  1.103E-01  1.057E-01  9.673E-02
  319.5000  1.303E-01  1.362E-01  1.363E-01  1.307E-01  1.197E-01
  320.5000  1.610E-01  1.681E-01  1.683E-01  1.615E-01  1.481E-01
  321.5000  1.448E-01  1.508E-01  1.509E-01  1.452E-01  1.339E-01
  322.5000  1.398E-01  1.459E-01  1.460E-01  1.402E-01  1.287E-01
  323.5000  1.542E-01  1.604E-01  1.605E-01  1.546E-01  1.429E-01
  324.5000  1.807E-01  1.880E-01  1.882E-01  1.812E-01  1.675E-01
  325.5000  2.011E-01  2.092E-01  2.094E-01  2.016E-01  1.862E-01
  326.5000  2.546E-01  2.644E-01  2.646E-01  2.553E-01  2.368E-01
  327.5000  2.341E-01  2.432E-01  2.434E-01  2.346E-01  2.174E-01
  328.5000  2.165E-01  2.249E-01  2.251E-01  2.170E-01  2.011E-01
  329.5000  2.900E-01  3.009E-01  3.011E-01  2.907E-01  2.703E-01
  330.5000  2.605E-01  2.704E-01  2.706E-01  2.612E-01  2.424E-01
  331.5000  2.570E-01  2.668E-01  2.670E-01  2.577E-01  2.392E-01
  332.5000  2.592E-01  2.688E-01  2.690E-01  2.598E-01  2.417E-01
  333.5000  2.415E-01  2.505E-01  2.507E-01  2.420E-01  2.250E-01
  334.5000  2.714E-01  2.815E-01  2.817E-01  2.721E-01  2.530E-01
  335.5000  2.784E-01  2.885E-01  2.887E-01  2.790E-01  2.598E-01
  336.5000  2.172E-01  2.251E-01  2.253E-01  2.177E-01  2.026E-01
  337.5000  2.369E-01  2.456E-01  2.458E-01  2.374E-01  2.209E-01
  338.5000  2.531E-01  2.622E-01  2.624E-01  2.536E-01  2.362E-01
  339.5000  2.758E-01  2.858E-01  2.860E-01  2.764E-01  2.575E-01
  340.5000  2.940E-01  3.047E-01  3.049E-01  2.946E-01  2.744E-01
  341.5000  2.628E-01  2.723E-01  2.725E-01  2.634E-01  2.455E-01
  342.5000  2.917E-01  3.022E-01  3.024E-01  2.924E-01  2.725E-01
  343.5000  3.027E-01  3.137E-01  3.139E-01  3.034E-01  2.828E-01
  344.5000  2.120E-01  2.196E-01  2.198E-01  2.124E-01  1.979E-01
  345.5000  2.922E-01  3.027E-01  3.029E-01  2.929E-01  2.731E-01
  346.5000  2.728E-01  2.826E-01  2.828E-01  2.734E-01  2.548E-01
  347.5000  2.669E-01  2.764E-01  2.767E-01  2.675E-01  2.493E-01
  348.5000  2.939E-01  3.044E-01  3.047E-01  2.946E-01  2.746E-01
  349.5000  2.465E-01  2.553E-01  2.555E-01  2.471E-01  2.303E-01
  350.5000  3.455E-01  3.579E-01  3.582E-01  3.463E-01  3.229E-01
  351.5000  2.980E-01  3.086E-01  3.088E-01  2.986E-01  2.785E-01
  352.5000  2.691E-01  2.787E-01  2.789E-01  2.697E-01  2.515E-01
  353.5000  3.244E-01  3.359E-01  3.362E-01  3.251E-01  3.032E-01
  354.5000  3.516E-01  3.640E-01  3.643E-01  3.523E-01  3.287E-01
  355.5000  3.288E-01  3.405E-01  3.408E-01  3.296E-01  3.075E-01
  356.5000  3.054E-01  3.163E-01  3.165E-01  3.061E-01  2.856E-01
  357.5000  2.599E-01  2.691E-01  2.693E-01  2.605E-01  2.430E-01
  358.5000  2.008E-01  2.079E-01  2.081E-01  2.013E-01  1.878E-01
  359.5000  3.382E-01  3.502E-01  3.504E-01  3.390E-01  3.163E-01
  360.5000  3.138E-01  3.249E-01  3.251E-01  3.145E-01  2.935E-01
  361.5000  2.832E-01  2.932E-01  2.934E-01  2.838E-01  2.649E-01
  362.5000  3.329E-01  3.446E-01  3.449E-01  3.336E-01  3.114E-01
  363.5000  2.964E-01  3.068E-01  3.070E-01  2.971E-01  2.773E-01
  364.5000  3.236E-01  3.350E-01  3.352E-01  3.243E-01  3.027E-01
  365.5000  3.946E-01  4.084E-01  4.087E-01  3.955E-01  3.692E-01
  366.5000  4.180E-01  4.327E-01  4.330E-01  4.189E-01  3.911E-01
  367.5000  3.973E-01  4.112E-01  4.115E-01  3.981E-01  3.717E-01
  368.5000  3.493E-01  3.615E-01  3.617E-01  3.501E-01  3.268E-01
  369.5000  4.193E-01  4.339E-01  4.343E-01  4.202E-01  3.924E-01
  370.5000  3.807E-01  3.940E-01  3.943E-01  3.816E-01  3.563E-01
  371.5000  4.360E-01  4.512E-01  4.515E-01  4.370E-01  4.081E-01
  372.5000  3.223E-01  3.336E-01  3.338E-01  3.231E-01  3.017E-01
  373.5000  2.916E-01  3.017E-01  3.020E-01  2.922E-01  2.730E-01
  374.5000  3.203E-01  3.314E-01  3.317E-01  3.210E-01  2.999E-01
  375.5000  3.617E-01  3.742E-01  3.745E-01  3.625E-01  3.386E-01
  376.5000  3.615E-01  3.740E-01  3.743E-01  3.623E-01  3.384E-01
  377.5000  4.308E-01  4.457E-01  4.460E-01  4.318E-01  4.034E-01
  378.5000  4.699E-01  4.862E-01  4.865E-01  4.710E-01  4.400E-01
  379.5000  3.480E-01  3.600E-01  3.602E-01  3.487E-01  3.258E-01
  380.5000  4.188E-01  4.332E-01  4.336E-01  4.197E-01  3.922E-01
  381.5000  3.939E-01  4.074E-01  4.077E-01  3.947E-01  3.689E-01
  382.5000  2.627E-01  2.717E-01  2.719E-01  2.632E-01  2.460E-01
  383.5000  2.308E-01  2.388E-01  2.389E-01  2.313E-01  2.162E-01
  384.5000  3.467E-01  3.586E-01  3.588E-01  3.474E-01  3.248E-01
  385.5000  3.433E-01  3.550E-01  3.553E-01  3.440E-01  3.216E-01
  386.5000  3.502E-01  3.622E-01  3.625E-01  3.510E-01  3.281E-01
  387.5000  3.257E-01  3.369E-01  3.371E-01  3.264E-01  3.052E-01
  388.5000  3.267E-01  3.379E-01  3.382E-01  3.275E-01  3.062E-01
  389.5000  4.124E-01  4.264E-01  4.268E-01  4.133E-01  3.864E-01
  390.5000  4.054E-01  4.192E-01  4.195E-01  4.062E-01  3.799E-01
  391.5000  4.813E-01  4.977E-01  4.980E-01  4.823E-01  4.511E-01
  392.5000  3.612E-01  3.735E-01  3.738E-01  3.620E-01  3.385E-01
  393.5000  1.572E-01  1.625E-01  1.626E-01  1.575E-01  1.473E-01
  394.5000  3.701E-01  3.827E-01  3.829E-01  3.709E-01  3.469E-01
  395.5000  4.765E-01  4.927E-01  4.931E-01  4.776E-01  4.467E-01
  396.5000  2.800E-01  2.895E-01  2.897E-01  2.807E-01  2.626E-01
  397.5000  3.234E-01  3.344E-01  3.346E-01  3.241E-01  3.032E-01
  398.5000  5.562E-01  5.750E-01  5.754E-01  5.574E-01  5.215E-01
  399.5000  5.789E-01  5.985E-01  5.989E-01  5.802E-01  5.429E-01
  400.5000  6.091E-01  6.297E-01  6.301E-01  6.104E-01  5.712E-01
  401.5000  6.272E-01  6.483E-01  6.488E-01  6.285E-01  5.882E-01
  402.5000  6.516E-01  6.735E-01  6.740E-01  6.530E-01  6.112E-01
  403.5000  5.969E-01  6.169E-01  6.174E-01  5.982E-01  5.599E-01
  404.5000  5.859E-01  6.055E-01  6.060E-01  5.871E-01  5.496E-01
  405.5000  6.091E-01  6.295E-01  6.300E-01  6.104E-01  5.714E-01
  406.5000  5.741E-01  5.934E-01  5.938E-01  5.753E-01  5.386E-01
  407.5000  5.792E-01  5.986E-01  5.991E-01  5.805E-01  5.435E-01
  408.5000  6.456E-01  6.672E-01  6.676E-01  6.470E-01  6.058E-01
  409.5000  6.333E-01  6.545E-01  6.550E-01  6.347E-01  5.943E-01
  410.5000  5.496E-01  5.680E-01  5.684E-01  5.508E-01  5.158E-01
  411.5000  6.611E-01  6.832E-01  6.837E-01  6.626E-01  6.205E-01
  412.5000  6.558E-01  6.776E-01  6.781E-01  6.572E-01  6.155E-01
  413.5000  6.365E-01  6.577E-01  6.581E-01  6.378E-01  5.974E-01
  414.5000  6.547E-01  6.764E-01  6.769E-01  6.561E-01  6.145E-01
  415.5000  6.266E-01  6.474E-01  6.479E-01  6.279E-01  5.882E-01
  416.5000  6.825E-01  7.051E-01  7.056E-01  6.839E-01  6.407E-01
  417.5000  6.243E-01  6.450E-01  6.455E-01  6.256E-01  5.861E-01
  418.5000  6.297E-01  6.505E-01  6.510E-01  6.310E-01  5.912E-01
  419.5000  6.509E-01  6.724E-01  6.729E-01  6.523E-01  6.112E-01
------------------------------------------------------------
Dose rates, W m-2
   1 = UV-B, 280-315 nm                                  
   2 = UV-A, 315-400 nm                                  
   3 = Gaussian, 320 nm, 10 nm FWHM                      
   4 = RB Meter, model 501                               
   5 = DNA damage, in vitro (Setlow, 1974)               
   6 = UV index (WMO, 1994; Webb et al., 2011)           
   7 = Previtamin-D3 (CIE 2006)                          
values at z =      0.000 km
Columns: time, sza, weighting spectra
time, hrs.  sza, deg.          1          2          3          4          5          6          7
   11.0000     61.516  4.352E-01  2.547E+01  1.360E-01  1.210E-01  7.982E-04  2.279E+00  9.347E-02
   11.5000     60.703  4.639E-01  2.638E+01  1.420E-01  1.289E-01  8.678E-04  2.423E+00  1.007E-01
   12.0000     60.686  4.646E-01  2.640E+01  1.421E-01  1.291E-01  8.694E-04  2.426E+00  1.008E-01
   12.5000     61.465  4.370E-01  2.553E+01  1.364E-01  1.215E-01  8.025E-04  2.288E+00  9.392E-02
   13.0000     63.010  3.846E-01  2.380E+01  1.252E-01  1.071E-01  6.804E-04  2.028E+00  8.098E-02
------------------------------------------------------------
