Spectral Irradiance, W m-2 nm-1
values at z =      0.000 km
Columns: wavelength (nm), times (hrs.) or sza (deg.)
    wc, nm     11.000     11.500     12.000     12.500     13.000
    sza =      35.812     34.626     34.259     34.741     36.033
  280.5000  3.492E-19  6.233E-19  7.408E-19  5.902E-19  3.123E-19
  281.5000  3.028E-17  5.133E-17  6.007E-17  4.884E-17  2.736E-17
  282.5000  9.578E-16  1.553E-15  1.793E-15  1.484E-15  8.727E-16
  283.5000  8.183E-15  1.289E-14  1.476E-14  1.235E-14  7.497E-15
  284.5000  2.458E-13  3.674E-13  4.141E-13  3.538E-13  2.275E-13
  285.5000  1.907E-12  2.742E-12  3.055E-12  2.649E-12  1.778E-12
  286.5000  4.155E-11  5.797E-11  6.402E-11  5.617E-11  3.895E-11
  287.5000  4.696E-10  6.339E-10  6.931E-10  6.162E-10  4.433E-10
  288.5000  4.921E-09  6.407E-09  6.931E-09  6.249E-09  4.677E-09
  289.5000  4.581E-08  5.811E-08  6.238E-08  5.682E-08  4.374E-08
  290.5000  2.858E-07  3.548E-07  3.785E-07  3.476E-07  2.741E-07
  291.5000  1.486E-06  1.801E-06  1.907E-06  1.768E-06  1.432E-06
  292.5000  5.357E-06  6.362E-06  6.696E-06  6.259E-06  5.183E-06
  293.5000  2.259E-05  2.632E-05  2.755E-05  2.595E-05  2.194E-05
  294.5000  5.773E-05  6.628E-05  6.907E-05  6.542E-05  5.621E-05
  295.5000  1.986E-04  2.245E-04  2.328E-04  2.219E-04  1.940E-04
  296.5000  4.499E-04  5.019E-04  5.186E-04  4.967E-04  4.405E-04
  297.5000  1.084E-03  1.196E-03  1.231E-03  1.185E-03  1.064E-03
  298.5000  1.567E-03  1.712E-03  1.758E-03  1.698E-03  1.541E-03
  299.5000  4.194E-03  4.541E-03  4.650E-03  4.507E-03  4.131E-03
  300.5000  4.522E-03  4.862E-03  4.968E-03  4.829E-03  4.459E-03
  301.5000  1.045E-02  1.115E-02  1.137E-02  1.108E-02  1.032E-02
  302.5000  1.439E-02  1.528E-02  1.556E-02  1.519E-02  1.422E-02
  303.5000  2.763E-02  2.917E-02  2.965E-02  2.902E-02  2.734E-02
  304.5000  3.238E-02  3.407E-02  3.459E-02  3.391E-02  3.206E-02
  305.5000  4.739E-02  4.962E-02  5.030E-02  4.940E-02  4.697E-02
  306.5000  5.175E-02  5.406E-02  5.478E-02  5.384E-02  5.131E-02
  307.5000  8.124E-02  8.453E-02  8.554E-02  8.422E-02  8.062E-02
  308.5000  9.400E-02  9.766E-02  9.878E-02  9.731E-02  9.332E-02
  309.5000  8.763E-02  9.079E-02  9.176E-02  9.048E-02  8.703E-02
  310.5000  1.242E-01  1.285E-01  1.297E-01  1.280E-01  1.234E-01
  311.5000  1.641E-01  1.695E-01  1.712E-01  1.690E-01  1.631E-01
  312.5000  1.678E-01  1.729E-01  1.744E-01  1.724E-01  1.668E-01
  313.5000  1.925E-01  1.982E-01  2.000E-01  1.977E-01  1.914E-01
  314.5000  2.001E-01  2.057E-01  2.074E-01  2.051E-01  1.991E-01
  315.5000  2.081E-01  2.138E-01  2.156E-01  2.133E-01  2.070E-01
  316.5000  2.136E-01  2.192E-01  2.209E-01  2.186E-01  2.126E-01
  317.5000  3.023E-01  3.101E-01  3.126E-01  3.094E-01  3.008E-01
  318.5000  2.444E-01  2.504E-01  2.522E-01  2.498E-01  2.432E-01
  319.5000  2.998E-01  3.071E-01  3.093E-01  3.064E-01  2.985E-01
  320.5000  3.672E-01  3.760E-01  3.786E-01  3.751E-01  3.656E-01
  321.5000  3.195E-01  3.267E-01  3.289E-01  3.260E-01  3.181E-01
  322.5000  3.159E-01  3.233E-01  3.248E-01  3.226E-01  3.145E-01
  323.5000  3.349E-01  3.423E-01  3.445E-01  3.416E-01  3.336E-01
  324.5000  3.928E-01  4.014E-01  4.041E-01  4.003E-01  3.912E-01
  325.5000  4.388E-01  4.485E-01  4.514E-01  4.476E-01  4.369E-01
  326.5000  5.410E-01  5.524E-01  5.559E-01  5.513E-01  5.388E-01
  327.5000  5.010E-01  5.114E-01  5.150E-01  5.107E-01  4.990E-01
  328.5000  4.628E-01  4.726E-01  4.756E-01  4.711E-01  4.609E-01
  329.5000  6.077E-01  6.202E-01  6.240E-01  6.190E-01  6.054E-01
  330.5000  5.497E-01  5.612E-01  5.647E-01  5.601E-01  5.476E-01
  331.5000  5.428E-01  5.541E-01  5.575E-01  5.530E-01  5.406E-01
  332.5000  5.394E-01  5.503E-01  5.536E-01  5.493E-01  5.373E-01
  333.5000  5.050E-01  5.153E-01  5.185E-01  5.143E-01  5.030E-01
  334.5000  5.653E-01  5.768E-01  5.803E-01  5.757E-01  5.632E-01
  335.5000  5.755E-01  5.870E-01  5.905E-01  5.859E-01  5.733E-01
  336.5000  4.494E-01  4.584E-01  4.612E-01  4.576E-01  4.477E-01
  337.5000  4.920E-01  5.019E-01  5.050E-01  5.010E-01  4.901E-01
  338.5000  5.215E-01  5.319E-01  5.351E-01  5.309E-01  5.195E-01
  339.5000  5.673E-01  5.786E-01  5.820E-01  5.775E-01  5.651E-01
  340.5000  6.056E-01  6.177E-01  6.214E-01  6.165E-01  6.033E-01
  341.5000  5.390E-01  5.497E-01  5.529E-01  5.487E-01  5.370E-01
  342.5000  5.974E-01  6.092E-01  6.128E-01  6.081E-01  5.952E-01
  343.5000  6.201E-01  6.324E-01  6.361E-01  6.312E-01  6.178E-01
  344.5000  4.343E-01  4.429E-01  4.455E-01  4.421E-01  4.327E-01
  345.5000  5.962E-01  6.079E-01  6.115E-01  6.068E-01  5.940E-01
  346.5000  5.571E-01  5.681E-01  5.714E-01  5.670E-01  5.550E-01
  347.5000  5.444E-01  5.551E-01  5.583E-01  5.541E-01  5.424E-01
  348.5000  5.986E-01  6.103E-01  6.138E-01  6.092E-01  5.964E-01
  349.5000  5.016E-01  5.114E-01  5.144E-01  5.105E-01  4.998E-01
  350.5000  7.024E-01  7.161E-01  7.202E-01  7.148E-01  6.998E-01
  351.5000  6.053E-01  6.170E-01  6.206E-01  6.159E-01  6.030E-01
  352.5000  5.459E-01  5.565E-01  5.597E-01  5.555E-01  5.439E-01
  353.5000  6.573E-01  6.700E-01  6.739E-01  6.688E-01  6.549E-01
  354.5000  7.115E-01  7.252E-01  7.294E-01  7.239E-01  7.089E-01
  355.5000  6.649E-01  6.777E-01  6.816E-01  6.765E-01  6.625E-01
  356.5000  6.170E-01  6.289E-01  6.325E-01  6.277E-01  6.147E-01
  357.5000  5.246E-01  5.347E-01  5.378E-01  5.337E-01  5.227E-01
  358.5000  4.048E-01  4.126E-01  4.150E-01  4.119E-01  4.034E-01
  359.5000  6.813E-01  6.944E-01  6.983E-01  6.931E-01  6.788E-01
  360.5000  6.315E-01  6.436E-01  6.472E-01  6.424E-01  6.292E-01
  361.5000  5.693E-01  5.802E-01  5.835E-01  5.792E-01  5.673E-01
  362.5000  6.685E-01  6.813E-01  6.852E-01  6.801E-01  6.661E-01
  363.5000  5.947E-01  6.060E-01  6.095E-01  6.050E-01  5.926E-01
  364.5000  6.487E-01  6.610E-01  6.648E-01  6.599E-01  6.464E-01
  365.5000  7.904E-01  8.054E-01  8.100E-01  8.040E-01  7.876E-01
  366.5000  8.365E-01  8.523E-01  8.572E-01  8.508E-01  8.335E-01
  367.5000  7.942E-01  8.092E-01  8.138E-01  8.078E-01  7.913E-01
  368.5000  6.976E-01  7.108E-01  7.148E-01  7.096E-01  6.951E-01
  369.5000  8.368E-01  8.526E-01  8.574E-01  8.511E-01  8.338E-01
  370.5000  7.591E-01  7.735E-01  7.778E-01  7.721E-01  7.564E-01
  371.5000  8.686E-01  8.849E-01  8.899E-01  8.834E-01  8.655E-01
  372.5000  6.416E-01  6.536E-01  6.573E-01  6.525E-01  6.393E-01
  373.5000  5.799E-01  5.908E-01  5.941E-01  5.897E-01  5.778E-01
  374.5000  6.364E-01  6.483E-01  6.520E-01  6.472E-01  6.341E-01
  375.5000  7.180E-01  7.314E-01  7.355E-01  7.302E-01  7.154E-01
  376.5000  7.169E-01  7.304E-01  7.344E-01  7.291E-01  7.144E-01
  377.5000  8.537E-01  8.697E-01  8.745E-01  8.681E-01  8.507E-01
  378.5000  9.304E-01  9.478E-01  9.531E-01  9.461E-01  9.271E-01
  379.5000  6.883E-01  7.012E-01  7.051E-01  6.999E-01  6.859E-01
  380.5000  8.278E-01  8.432E-01  8.479E-01  8.417E-01  8.249E-01
  381.5000  7.778E-01  7.923E-01  7.967E-01  7.909E-01  7.751E-01
  382.5000  5.183E-01  5.279E-01  5.308E-01  5.270E-01  5.165E-01
  383.5000  4.551E-01  4.635E-01  4.661E-01  4.627E-01  4.535E-01
  384.5000  6.829E-01  6.956E-01  6.994E-01  6.944E-01  6.805E-01
  385.5000  6.757E-01  6.881E-01  6.919E-01  6.870E-01  6.733E-01
  386.5000  6.887E-01  7.014E-01  7.053E-01  7.002E-01  6.863E-01
  387.5000  6.400E-01  6.519E-01  6.554E-01  6.507E-01  6.378E-01
  388.5000  6.415E-01  6.533E-01  6.569E-01  6.522E-01  6.393E-01
  389.5000  8.090E-01  8.239E-01  8.284E-01  8.225E-01  8.062E-01
  390.5000  7.946E-01  8.092E-01  8.136E-01  8.078E-01  7.918E-01
  391.5000  9.427E-01  9.600E-01  9.652E-01  9.583E-01  9.394E-01
  392.5000  7.069E-01  7.198E-01  7.238E-01  7.186E-01  7.044E-01
  393.5000  3.073E-01  3.129E-01  3.147E-01  3.124E-01  3.063E-01
  394.5000  7.231E-01  7.364E-01  7.404E-01  7.351E-01  7.206E-01
  395.5000  9.304E-01  9.474E-01  9.526E-01  9.458E-01  9.272E-01
  396.5000  5.463E-01  5.563E-01  5.593E-01  5.554E-01  5.445E-01
  397.5000  6.305E-01  6.419E-01  6.454E-01  6.409E-01  6.283E-01
  398.5000  1.083E+00  1.103E+00  1.109E+00  1.101E+00  1.080E+00
  399.5000  1.127E+00  1.147E+00  1.154E+00  1.145E+00  1.123E+00
  400.5000  1.185E+00  1.206E+00  1.213E+00  1.204E+00  1.181E+00
  401.5000  1.219E+00  1.241E+00  1.248E+00  1.239E+00  1.215E+00
  402.5000  1.265E+00  1.288E+00  1.295E+00  1.286E+00  1.261E+00
  403.5000  1.158E+00  1.179E+00  1.186E+00  1.177E+00  1.154E+00
  404.5000  1.136E+00  1.157E+00  1.163E+00  1.155E+00  1.132E+00
  405.5000  1.180E+00  1.201E+00  1.208E+00  1.199E+00  1.176E+00
  406.5000  1.112E+00  1.132E+00  1.138E+00  1.130E+00  1.108E+00
  407.5000  1.121E+00  1.141E+00  1.147E+00  1.139E+00  1.117E+00
  408.5000  1.248E+00  1.271E+00  1.277E+00  1.268E+00  1.244E+00
  409.5000  1.224E+00  1.246E+00  1.252E+00  1.244E+00  1.219E+00
  410.5000  1.061E+00  1.080E+00  1.086E+00  1.078E+00  1.058E+00
  411.5000  1.275E+00  1.298E+00  1.305E+00  1.296E+00  1.271E+00
  412.5000  1.264E+00  1.287E+00  1.294E+00  1.285E+00  1.260E+00
  413.5000  1.226E+00  1.248E+00  1.255E+00  1.246E+00  1.222E+00
  414.5000  1.260E+00  1.283E+00  1.290E+00  1.281E+00  1.256E+00
  415.5000  1.205E+00  1.227E+00  1.234E+00  1.225E+00  1.201E+00
  416.5000  1.312E+00  1.335E+00  1.343E+00  1.333E+00  1.308E+00
  417.5000  1.199E+00  1.221E+00  1.227E+00  1.219E+00  1.195E+00
  418.5000  1.209E+00  1.230E+00  1.237E+00  1.228E+00  1.205E+00
  419.5000  1.249E+00  1.271E+00  1.278E+00  1.269E+00  1.245E+00
------------------------------------------------------------
Dose rates, W m-2
   1 = UV-B, 280-315 nm                                  
   2 = UV-A, 315-400 nm                                  
   3 = Gaussian, 320 nm, 10 nm FWHM                      
   4 = RB Meter, model 501                               
   5 = DNA damage, in vitro (Setlow, 1974)               
   6 = UV index (WMO, 1994; Webb et al., 2011)           
   7 = Previtamin-D3 (CIE 2006)                          
values at z =      0.000 km
Columns: time, sza, weighting spectra
time, hrs.  sza, deg.          1          2          3          4          5          6          7
   11.0000     35.812  1.308E+00  5.154E+01  3.095E-01  3.701E-01  3.309E-03  6.889E+00  3.267E-01
   11.5000     34.626  1.354E+00  5.254E+01  3.169E-01  3.840E-01  3.483E-03  7.152E+00  3.406E-01
   12.0000     34.259  1.369E+00  5.284E+01  3.191E-01  3.883E-01  3.537E-03  7.233E+00  3.449E-01
   12.5000     34.741  1.350E+00  5.244E+01  3.162E-01  3.827E-01  3.466E-03  7.126E+00  3.392E-01
   13.0000     36.033  1.299E+00  5.135E+01  3.081E-01  3.675E-01  3.277E-03  6.840E+00  3.241E-01
------------------------------------------------------------
