Spectral Irradiance, W m-2 nm-1
values at z =      0.000 km
Columns: wavelength (nm), times (hrs.) or sza (deg.)
    wc, nm     11.000     11.500     12.000     12.500     13.000
    sza =      52.128     50.728     50.114     50.314     51.317
  280.5000  7.711E-30  4.875E-29  1.075E-28  8.369E-29  2.300E-29
  281.5000  6.295E-27  3.406E-26  6.892E-26  5.491E-26  1.699E-26
  282.5000  1.364E-24  6.378E-24  1.215E-23  9.868E-24  3.378E-24
  283.5000  4.062E-23  1.728E-22  3.163E-22  2.603E-22  9.291E-23
  284.5000  1.191E-20  4.260E-20  7.257E-20  6.112E-20  2.519E-20
  285.5000  4.970E-19  1.565E-18  2.529E-18  2.167E-18  9.755E-19
  286.5000  3.942E-17  1.126E-16  1.747E-16  1.516E-16  7.306E-17
  287.5000  1.869E-15  4.792E-15  7.103E-15  6.256E-15  3.250E-15
  288.5000  9.291E-14  2.118E-13  2.989E-13  2.675E-13  1.508E-13
  289.5000  2.630E-12  5.514E-12  7.515E-12  6.801E-12  4.064E-12
  290.5000  4.180E-11  8.168E-11  1.081E-10  9.877E-11  6.197E-11
  291.5000  6.266E-10  1.131E-09  1.448E-09  1.337E-09  8.865E-10
  292.5000  5.369E-09  9.081E-09  1.132E-08  1.054E-08  7.311E-09
  293.5000  5.109E-08  8.132E-08  9.879E-08  9.278E-08  6.714E-08
  294.5000  2.466E-07  3.744E-07  4.459E-07  4.215E-07  3.152E-07
  295.5000  1.667E-06  2.407E-06  2.807E-06  2.671E-06  2.069E-06
  296.5000  6.611E-06  9.155E-06  1.049E-05  1.004E-05  8.005E-06
  297.5000  2.601E-05  3.473E-05  3.920E-05  3.770E-05  3.083E-05
  298.5000  5.682E-05  7.359E-05  8.200E-05  7.919E-05  6.615E-05
  299.5000  2.244E-04  2.824E-04  3.109E-04  3.014E-04  2.568E-04
  300.5000  3.256E-04  4.008E-04  4.373E-04  4.252E-04  3.679E-04
  301.5000  1.038E-03  1.248E-03  1.348E-03  1.315E-03  1.157E-03
  302.5000  1.766E-03  2.077E-03  2.243E-03  2.192E-03  1.949E-03
  303.5000  4.348E-03  5.053E-03  5.381E-03  5.272E-03  4.749E-03
  304.5000  5.881E-03  6.762E-03  7.169E-03  7.035E-03  6.384E-03
  305.5000  1.065E-02  1.205E-02  1.270E-02  1.249E-02  1.145E-02
  306.5000  1.275E-02  1.433E-02  1.505E-02  1.481E-02  1.365E-02
  307.5000  2.384E-02  2.646E-02  2.764E-02  2.725E-02  2.534E-02
  308.5000  2.950E-02  3.258E-02  3.397E-02  3.351E-02  3.127E-02
  309.5000  3.086E-02  3.379E-02  3.510E-02  3.467E-02  3.255E-02
  310.5000  4.750E-02  5.169E-02  5.356E-02  5.295E-02  4.992E-02
  311.5000  6.627E-02  7.183E-02  7.430E-02  7.349E-02  6.947E-02
  312.5000  7.457E-02  8.025E-02  8.276E-02  8.194E-02  7.760E-02
  313.5000  8.757E-02  9.407E-02  9.695E-02  9.601E-02  9.133E-02
  314.5000  9.877E-02  1.055E-01  1.084E-01  1.075E-01  1.027E-01
  315.5000  1.042E-01  1.112E-01  1.142E-01  1.132E-01  1.082E-01
  316.5000  1.140E-01  1.210E-01  1.241E-01  1.229E-01  1.180E-01
  317.5000  1.614E-01  1.714E-01  1.758E-01  1.743E-01  1.672E-01
  318.5000  1.383E-01  1.462E-01  1.496E-01  1.485E-01  1.429E-01
  319.5000  1.717E-01  1.812E-01  1.855E-01  1.841E-01  1.772E-01
  320.5000  2.132E-01  2.249E-01  2.300E-01  2.283E-01  2.199E-01
  321.5000  1.955E-01  2.054E-01  2.098E-01  2.084E-01  2.013E-01
  322.5000  1.859E-01  1.959E-01  2.003E-01  1.988E-01  1.917E-01
  323.5000  2.100E-01  2.203E-01  2.248E-01  2.233E-01  2.160E-01
  324.5000  2.459E-01  2.580E-01  2.632E-01  2.615E-01  2.529E-01
  325.5000  2.727E-01  2.862E-01  2.921E-01  2.902E-01  2.805E-01
  326.5000  3.510E-01  3.672E-01  3.743E-01  3.720E-01  3.604E-01
  327.5000  3.209E-01  3.360E-01  3.426E-01  3.405E-01  3.296E-01
  328.5000  2.967E-01  3.107E-01  3.168E-01  3.148E-01  3.048E-01
  329.5000  4.024E-01  4.203E-01  4.281E-01  4.256E-01  4.128E-01
  330.5000  3.595E-01  3.759E-01  3.830E-01  3.807E-01  3.690E-01
  331.5000  3.542E-01  3.704E-01  3.774E-01  3.751E-01  3.636E-01
  332.5000  3.603E-01  3.761E-01  3.830E-01  3.807E-01  3.694E-01
  333.5000  3.342E-01  3.491E-01  3.556E-01  3.535E-01  3.429E-01
  334.5000  3.763E-01  3.929E-01  4.002E-01  3.978E-01  3.859E-01
  335.5000  3.875E-01  4.042E-01  4.115E-01  4.091E-01  3.972E-01
  336.5000  3.018E-01  3.149E-01  3.206E-01  3.188E-01  3.094E-01
  337.5000  3.281E-01  3.425E-01  3.488E-01  3.468E-01  3.365E-01
  338.5000  3.520E-01  3.671E-01  3.737E-01  3.715E-01  3.607E-01
  339.5000  3.837E-01  4.001E-01  4.072E-01  4.049E-01  3.932E-01
  340.5000  4.082E-01  4.257E-01  4.334E-01  4.309E-01  4.184E-01
  341.5000  3.656E-01  3.812E-01  3.879E-01  3.857E-01  3.746E-01
  342.5000  4.058E-01  4.231E-01  4.306E-01  4.281E-01  4.158E-01
  343.5000  4.207E-01  4.386E-01  4.464E-01  4.438E-01  4.311E-01
  344.5000  2.942E-01  3.067E-01  3.122E-01  3.104E-01  3.015E-01
  345.5000  4.063E-01  4.234E-01  4.309E-01  4.284E-01  4.162E-01
  346.5000  3.786E-01  3.947E-01  4.016E-01  3.994E-01  3.879E-01
  347.5000  3.704E-01  3.860E-01  3.928E-01  3.906E-01  3.794E-01
  348.5000  4.079E-01  4.251E-01  4.326E-01  4.301E-01  4.179E-01
  349.5000  3.420E-01  3.564E-01  3.626E-01  3.606E-01  3.503E-01
  350.5000  4.792E-01  4.994E-01  5.081E-01  5.052E-01  4.909E-01
  351.5000  4.130E-01  4.303E-01  4.379E-01  4.354E-01  4.231E-01
  352.5000  3.729E-01  3.885E-01  3.953E-01  3.931E-01  3.819E-01
  353.5000  4.495E-01  4.682E-01  4.764E-01  4.737E-01  4.603E-01
  354.5000  4.870E-01  5.073E-01  5.161E-01  5.132E-01  4.988E-01
  355.5000  4.554E-01  4.743E-01  4.826E-01  4.799E-01  4.664E-01
  356.5000  4.228E-01  4.403E-01  4.480E-01  4.455E-01  4.330E-01
  357.5000  3.597E-01  3.746E-01  3.810E-01  3.789E-01  3.683E-01
  358.5000  2.778E-01  2.893E-01  2.943E-01  2.926E-01  2.844E-01
  359.5000  4.677E-01  4.870E-01  4.954E-01  4.927E-01  4.789E-01
  360.5000  4.337E-01  4.516E-01  4.594E-01  4.569E-01  4.441E-01
  361.5000  3.913E-01  4.074E-01  4.144E-01  4.121E-01  4.007E-01
  362.5000  4.598E-01  4.787E-01  4.869E-01  4.842E-01  4.708E-01
  363.5000  4.092E-01  4.260E-01  4.333E-01  4.309E-01  4.190E-01
  364.5000  4.466E-01  4.649E-01  4.729E-01  4.703E-01  4.572E-01
  365.5000  5.444E-01  5.667E-01  5.763E-01  5.732E-01  5.573E-01
  366.5000  5.764E-01  6.000E-01  6.103E-01  6.069E-01  5.901E-01
  367.5000  5.476E-01  5.700E-01  5.797E-01  5.765E-01  5.606E-01
  368.5000  4.813E-01  5.009E-01  5.094E-01  5.066E-01  4.927E-01
  369.5000  5.776E-01  6.011E-01  6.113E-01  6.080E-01  5.912E-01
  370.5000  5.242E-01  5.455E-01  5.548E-01  5.518E-01  5.366E-01
  371.5000  6.001E-01  6.245E-01  6.351E-01  6.316E-01  6.142E-01
  372.5000  4.435E-01  4.615E-01  4.693E-01  4.667E-01  4.539E-01
  373.5000  4.010E-01  4.173E-01  4.243E-01  4.220E-01  4.104E-01
  374.5000  4.403E-01  4.581E-01  4.658E-01  4.633E-01  4.506E-01
  375.5000  4.970E-01  5.171E-01  5.258E-01  5.230E-01  5.087E-01
  376.5000  4.965E-01  5.166E-01  5.252E-01  5.224E-01  5.082E-01
  377.5000  5.915E-01  6.153E-01  6.257E-01  6.223E-01  6.054E-01
  378.5000  6.450E-01  6.709E-01  6.822E-01  6.785E-01  6.600E-01
  379.5000  4.774E-01  4.965E-01  5.049E-01  5.022E-01  4.885E-01
  380.5000  5.744E-01  5.974E-01  6.074E-01  6.041E-01  5.877E-01
  381.5000  5.399E-01  5.616E-01  5.710E-01  5.679E-01  5.525E-01
  382.5000  3.599E-01  3.743E-01  3.806E-01  3.785E-01  3.683E-01
  383.5000  3.162E-01  3.288E-01  3.343E-01  3.325E-01  3.235E-01
  384.5000  4.747E-01  4.936E-01  5.019E-01  4.992E-01  4.857E-01
  385.5000  4.699E-01  4.886E-01  4.967E-01  4.941E-01  4.807E-01
  386.5000  4.791E-01  4.982E-01  5.065E-01  5.038E-01  4.902E-01
  387.5000  4.455E-01  4.632E-01  4.709E-01  4.684E-01  4.558E-01
  388.5000  4.467E-01  4.644E-01  4.721E-01  4.696E-01  4.570E-01
  389.5000  5.636E-01  5.859E-01  5.956E-01  5.924E-01  5.765E-01
  390.5000  5.538E-01  5.757E-01  5.852E-01  5.821E-01  5.665E-01
  391.5000  6.572E-01  6.832E-01  6.945E-01  6.908E-01  6.723E-01
  392.5000  4.931E-01  5.125E-01  5.210E-01  5.182E-01  5.043E-01
  393.5000  2.144E-01  2.229E-01  2.266E-01  2.254E-01  2.193E-01
  394.5000  5.048E-01  5.247E-01  5.333E-01  5.305E-01  5.163E-01
  395.5000  6.498E-01  6.753E-01  6.864E-01  6.828E-01  6.646E-01
  396.5000  3.817E-01  3.967E-01  4.032E-01  4.011E-01  3.904E-01
  397.5000  4.406E-01  4.579E-01  4.654E-01  4.630E-01  4.507E-01
  398.5000  7.575E-01  7.872E-01  8.000E-01  7.958E-01  7.747E-01
  399.5000  7.882E-01  8.190E-01  8.324E-01  8.281E-01  8.061E-01
  400.5000  8.290E-01  8.614E-01  8.754E-01  8.709E-01  8.478E-01
  401.5000  8.532E-01  8.865E-01  9.010E-01  8.963E-01  8.726E-01
  402.5000  8.861E-01  9.207E-01  9.357E-01  9.308E-01  9.062E-01
  403.5000  8.114E-01  8.430E-01  8.567E-01  8.523E-01  8.298E-01
  404.5000  7.962E-01  8.271E-01  8.406E-01  8.362E-01  8.141E-01
  405.5000  8.274E-01  8.595E-01  8.735E-01  8.689E-01  8.460E-01
  406.5000  7.796E-01  8.099E-01  8.230E-01  8.187E-01  7.972E-01
  407.5000  7.863E-01  8.168E-01  8.300E-01  8.257E-01  8.040E-01
  408.5000  8.760E-01  9.099E-01  9.246E-01  9.199E-01  8.957E-01
  409.5000  8.591E-01  8.923E-01  9.067E-01  9.020E-01  8.784E-01
  410.5000  7.453E-01  7.741E-01  7.866E-01  7.825E-01  7.620E-01
  411.5000  8.962E-01  9.308E-01  9.458E-01  9.409E-01  9.163E-01
  412.5000  8.886E-01  9.228E-01  9.377E-01  9.328E-01  9.085E-01
  413.5000  8.622E-01  8.953E-01  9.097E-01  9.050E-01  8.814E-01
  414.5000  8.865E-01  9.205E-01  9.353E-01  9.305E-01  9.062E-01
  415.5000  8.482E-01  8.807E-01  8.949E-01  8.903E-01  8.671E-01
  416.5000  9.234E-01  9.589E-01  9.742E-01  9.692E-01  9.440E-01
  417.5000  8.445E-01  8.768E-01  8.909E-01  8.863E-01  8.633E-01
  418.5000  8.514E-01  8.840E-01  8.981E-01  8.935E-01  8.703E-01
  419.5000  8.799E-01  9.135E-01  9.281E-01  9.233E-01  8.994E-01
------------------------------------------------------------
Dose rates, W m-2
   1 = UV-B, 280-315 nm                                  
   2 = UV-A, 315-400 nm                                  
   3 = Gaussian, 320 nm, 10 nm FWHM                      
   4 = RB Meter, model 501                               
   5 = DNA damage, in vitro (Setlow, 1974)               
   6 = UV index (WMO, 1994; Webb et al., 2011)           
   7 = Previtamin-D3 (CIE 2006)                          
values at z =      0.000 km
Columns: time, sza, weighting spectra
time, hrs.  sza, deg.          1          2          3          4          5          6          7
   11.0000     52.128  4.960E-01  3.500E+01  1.805E-01  1.390E-01  7.950E-04  2.671E+00  9.877E-02
   11.5000     50.728  5.385E-01  3.647E+01  1.903E-01  1.505E-01  8.816E-04  2.875E+00  1.087E-01
   12.0000     50.114  5.575E-01  3.711E+01  1.946E-01  1.556E-01  9.215E-04  2.967E+00  1.131E-01
   12.5000     50.314  5.513E-01  3.690E+01  1.931E-01  1.539E-01  9.085E-04  2.937E+00  1.117E-01
   13.0000     51.317  5.202E-01  3.585E+01  1.861E-01  1.456E-01  8.445E-04  2.788E+00  1.044E-01
------------------------------------------------------------
