Spectral Irradiance, W m-2 nm-1
values at z =      0.000 km
Columns: wavelength (nm), times (hrs.) or sza (deg.)
    wc, nm     11.000     11.500     12.000     12.500     13.000
    sza =      33.477     32.174     32.178     33.488     35.955
  280.5000  4.090E-20  7.562E-20  7.547E-20  4.069E-20  1.137E-20
  281.5000  4.339E-18  7.593E-18  7.579E-18  4.318E-18  1.353E-18
  282.5000  1.632E-16  2.723E-16  2.719E-16  1.624E-16  5.613E-17
  283.5000  1.559E-15  2.524E-15  2.520E-15  1.553E-15  5.720E-16
  284.5000  5.750E-14  8.802E-14  8.790E-14  5.729E-14  2.369E-14
  285.5000  5.189E-13  7.622E-13  7.612E-13  5.172E-13  2.331E-13
  286.5000  1.270E-11  1.807E-11  1.805E-11  1.266E-11  6.094E-12
  287.5000  1.633E-10  2.242E-10  2.240E-10  1.628E-10  8.434E-11
  288.5000  1.968E-09  2.602E-09  2.600E-09  1.963E-09  1.101E-09
  289.5000  2.025E-08  2.604E-08  2.602E-08  2.020E-08  1.199E-08
  290.5000  1.374E-07  1.727E-07  1.726E-07  1.371E-07  8.539E-08
  291.5000  7.859E-07  9.627E-07  9.620E-07  7.846E-07  5.157E-07
  292.5000  3.063E-06  3.672E-06  3.670E-06  3.059E-06  2.101E-06
  293.5000  1.390E-05  1.633E-05  1.632E-05  1.388E-05  9.942E-06
  294.5000  3.761E-05  4.351E-05  4.349E-05  3.757E-05  2.780E-05
  295.5000  1.375E-04  1.564E-04  1.564E-04  1.374E-04  1.052E-04
  296.5000  3.277E-04  3.676E-04  3.675E-04  3.274E-04  2.581E-04
  297.5000  8.253E-04  9.148E-04  9.145E-04  8.246E-04  6.667E-04
  298.5000  1.239E-03  1.359E-03  1.359E-03  1.238E-03  1.022E-03
  299.5000  3.434E-03  3.731E-03  3.730E-03  3.431E-03  2.891E-03
  300.5000  3.803E-03  4.102E-03  4.101E-03  3.801E-03  3.251E-03
  301.5000  9.047E-03  9.681E-03  9.679E-03  9.042E-03  7.864E-03
  302.5000  1.270E-02  1.352E-02  1.352E-02  1.269E-02  1.116E-02
  303.5000  2.494E-02  2.639E-02  2.638E-02  2.493E-02  2.220E-02
  304.5000  2.962E-02  3.080E-02  3.087E-02  2.960E-02  2.656E-02
  305.5000  4.419E-02  4.634E-02  4.633E-02  4.417E-02  4.007E-02
  306.5000  4.865E-02  5.090E-02  5.090E-02  4.864E-02  4.433E-02
  307.5000  7.760E-02  8.084E-02  8.083E-02  7.758E-02  7.134E-02
  308.5000  9.034E-02  9.394E-02  9.393E-02  9.031E-02  8.334E-02
  309.5000  8.508E-02  8.822E-02  8.821E-02  8.506E-02  7.896E-02
  310.5000  1.215E-01  1.257E-01  1.257E-01  1.215E-01  1.132E-01
  311.5000  1.613E-01  1.667E-01  1.667E-01  1.613E-01  1.508E-01
  312.5000  1.663E-01  1.714E-01  1.714E-01  1.663E-01  1.562E-01
  313.5000  1.912E-01  1.970E-01  1.970E-01  1.911E-01  1.798E-01
  314.5000  2.002E-01  2.058E-01  2.058E-01  2.001E-01  1.891E-01
  315.5000  2.084E-01  2.142E-01  2.142E-01  2.084E-01  1.970E-01
  316.5000  2.152E-01  2.208E-01  2.208E-01  2.151E-01  2.041E-01
  317.5000  3.045E-01  3.124E-01  3.124E-01  3.044E-01  2.888E-01
  318.5000  2.474E-01  2.535E-01  2.534E-01  2.473E-01  2.354E-01
  319.5000  3.038E-01  3.112E-01  3.112E-01  3.037E-01  2.892E-01
  320.5000  3.725E-01  3.814E-01  3.813E-01  3.724E-01  3.549E-01
  321.5000  3.256E-01  3.329E-01  3.329E-01  3.255E-01  3.111E-01
  322.5000  3.207E-01  3.283E-01  3.283E-01  3.207E-01  3.058E-01
  323.5000  3.420E-01  3.495E-01  3.495E-01  3.420E-01  3.272E-01
  324.5000  4.010E-01  4.098E-01  4.097E-01  4.009E-01  3.836E-01
  325.5000  4.476E-01  4.574E-01  4.574E-01  4.475E-01  4.280E-01
  326.5000  5.539E-01  5.655E-01  5.655E-01  5.538E-01  5.309E-01
  327.5000  5.123E-01  5.232E-01  5.232E-01  5.122E-01  4.907E-01
  328.5000  4.732E-01  4.832E-01  4.832E-01  4.731E-01  4.533E-01
  329.5000  6.232E-01  6.359E-01  6.359E-01  6.231E-01  5.980E-01
  330.5000  5.629E-01  5.747E-01  5.746E-01  5.628E-01  5.399E-01
  331.5000  5.557E-01  5.672E-01  5.672E-01  5.556E-01  5.328E-01
  332.5000  5.533E-01  5.644E-01  5.644E-01  5.532E-01  5.312E-01
  333.5000  5.175E-01  5.280E-01  5.280E-01  5.175E-01  4.967E-01
  334.5000  5.796E-01  5.913E-01  5.913E-01  5.795E-01  5.564E-01
  335.5000  5.906E-01  6.023E-01  6.023E-01  5.905E-01  5.673E-01
  336.5000  4.610E-01  4.702E-01  4.702E-01  4.610E-01  4.428E-01
  337.5000  5.043E-01  5.144E-01  5.144E-01  5.042E-01  4.842E-01
  338.5000  5.351E-01  5.456E-01  5.456E-01  5.350E-01  5.141E-01
  339.5000  5.821E-01  5.935E-01  5.935E-01  5.820E-01  5.594E-01
  340.5000  6.211E-01  6.334E-01  6.334E-01  6.211E-01  5.968E-01
  341.5000  5.531E-01  5.639E-01  5.639E-01  5.530E-01  5.316E-01
  342.5000  6.130E-01  6.250E-01  6.249E-01  6.129E-01  5.893E-01
  343.5000  6.362E-01  6.486E-01  6.485E-01  6.361E-01  6.115E-01
  344.5000  4.454E-01  4.541E-01  4.541E-01  4.454E-01  4.282E-01
  345.5000  6.117E-01  6.236E-01  6.236E-01  6.117E-01  5.882E-01
  346.5000  5.714E-01  5.825E-01  5.825E-01  5.713E-01  5.494E-01
  347.5000  5.584E-01  5.692E-01  5.692E-01  5.583E-01  5.369E-01
  348.5000  6.139E-01  6.258E-01  6.258E-01  6.139E-01  5.904E-01
  349.5000  5.144E-01  5.244E-01  5.243E-01  5.144E-01  4.947E-01
  350.5000  7.203E-01  7.342E-01  7.341E-01  7.202E-01  6.928E-01
  351.5000  6.206E-01  6.326E-01  6.325E-01  6.205E-01  5.969E-01
  352.5000  5.598E-01  5.705E-01  5.705E-01  5.597E-01  5.384E-01
  353.5000  6.739E-01  6.868E-01  6.868E-01  6.738E-01  6.483E-01
  354.5000  7.295E-01  7.434E-01  7.433E-01  7.294E-01  7.018E-01
  355.5000  6.816E-01  6.946E-01  6.946E-01  6.816E-01  6.558E-01
  356.5000  6.325E-01  6.445E-01  6.445E-01  6.324E-01  6.086E-01
  357.5000  5.378E-01  5.480E-01  5.480E-01  5.377E-01  5.174E-01
  358.5000  4.150E-01  4.228E-01  4.228E-01  4.149E-01  3.993E-01
  359.5000  6.983E-01  7.115E-01  7.115E-01  6.982E-01  6.720E-01
  360.5000  6.472E-01  6.594E-01  6.594E-01  6.471E-01  6.229E-01
  361.5000  5.834E-01  5.945E-01  5.944E-01  5.834E-01  5.616E-01
  362.5000  6.851E-01  6.980E-01  6.980E-01  6.850E-01  6.594E-01
  363.5000  6.094E-01  6.208E-01  6.208E-01  6.093E-01  5.866E-01
  364.5000  6.647E-01  6.771E-01  6.771E-01  6.646E-01  6.398E-01
  365.5000  8.098E-01  8.250E-01  8.249E-01  8.097E-01  7.796E-01
  366.5000  8.569E-01  8.730E-01  8.729E-01  8.568E-01  8.250E-01
  367.5000  8.136E-01  8.288E-01  8.287E-01  8.134E-01  7.833E-01
  368.5000  7.146E-01  7.279E-01  7.279E-01  7.145E-01  6.881E-01
  369.5000  8.571E-01  8.730E-01  8.730E-01  8.570E-01  8.253E-01
  370.5000  7.775E-01  7.920E-01  7.919E-01  7.774E-01  7.487E-01
  371.5000  8.895E-01  9.061E-01  9.060E-01  8.894E-01  8.566E-01
  372.5000  6.570E-01  6.692E-01  6.691E-01  6.569E-01  6.327E-01
  373.5000  5.938E-01  6.048E-01  6.047E-01  5.937E-01  5.719E-01
  374.5000  6.516E-01  6.637E-01  6.636E-01  6.515E-01  6.276E-01
  375.5000  7.351E-01  7.487E-01  7.487E-01  7.350E-01  7.081E-01
  376.5000  7.340E-01  7.475E-01  7.475E-01  7.339E-01  7.070E-01
  377.5000  8.739E-01  8.900E-01  8.900E-01  8.738E-01  8.419E-01
  378.5000  9.524E-01  9.699E-01  9.699E-01  9.523E-01  9.175E-01
  379.5000  7.046E-01  7.175E-01  7.175E-01  7.045E-01  6.788E-01
  380.5000  8.472E-01  8.628E-01  8.627E-01  8.471E-01  8.163E-01
  381.5000  7.961E-01  8.106E-01  8.106E-01  7.960E-01  7.670E-01
  382.5000  5.304E-01  5.401E-01  5.401E-01  5.303E-01  5.111E-01
  383.5000  4.657E-01  4.742E-01  4.742E-01  4.656E-01  4.488E-01
  384.5000  6.988E-01  7.116E-01  7.115E-01  6.987E-01  6.734E-01
  385.5000  6.913E-01  7.039E-01  7.039E-01  6.912E-01  6.662E-01
  386.5000  7.046E-01  7.175E-01  7.174E-01  7.045E-01  6.791E-01
  387.5000  6.548E-01  6.667E-01  6.667E-01  6.547E-01  6.311E-01
  388.5000  6.563E-01  6.682E-01  6.682E-01  6.562E-01  6.326E-01
  389.5000  8.275E-01  8.425E-01  8.425E-01  8.274E-01  7.977E-01
  390.5000  8.128E-01  8.275E-01  8.274E-01  8.127E-01  7.835E-01
  391.5000  9.642E-01  9.816E-01  9.816E-01  9.640E-01  9.294E-01
  392.5000  7.229E-01  7.360E-01  7.360E-01  7.229E-01  6.970E-01
  393.5000  3.143E-01  3.200E-01  3.199E-01  3.142E-01  3.030E-01
  394.5000  7.395E-01  7.528E-01  7.528E-01  7.394E-01  7.130E-01
  395.5000  9.514E-01  9.685E-01  9.685E-01  9.513E-01  9.173E-01
  396.5000  5.586E-01  5.687E-01  5.686E-01  5.586E-01  5.386E-01
  397.5000  6.446E-01  6.562E-01  6.561E-01  6.445E-01  6.216E-01
  398.5000  1.108E+00  1.127E+00  1.127E+00  1.107E+00  1.068E+00
  399.5000  1.152E+00  1.173E+00  1.173E+00  1.152E+00  1.111E+00
  400.5000  1.211E+00  1.233E+00  1.233E+00  1.211E+00  1.168E+00
  401.5000  1.246E+00  1.268E+00  1.268E+00  1.246E+00  1.202E+00
  402.5000  1.293E+00  1.316E+00  1.316E+00  1.293E+00  1.247E+00
  403.5000  1.184E+00  1.205E+00  1.205E+00  1.184E+00  1.142E+00
  404.5000  1.161E+00  1.182E+00  1.182E+00  1.161E+00  1.120E+00
  405.5000  1.206E+00  1.227E+00  1.227E+00  1.206E+00  1.163E+00
  406.5000  1.136E+00  1.156E+00  1.156E+00  1.136E+00  1.096E+00
  407.5000  1.145E+00  1.165E+00  1.165E+00  1.145E+00  1.105E+00
  408.5000  1.275E+00  1.298E+00  1.298E+00  1.275E+00  1.230E+00
  409.5000  1.250E+00  1.272E+00  1.272E+00  1.250E+00  1.206E+00
  410.5000  1.084E+00  1.103E+00  1.103E+00  1.084E+00  1.046E+00
  411.5000  1.303E+00  1.326E+00  1.326E+00  1.303E+00  1.257E+00
  412.5000  1.291E+00  1.314E+00  1.314E+00  1.291E+00  1.246E+00
  413.5000  1.253E+00  1.275E+00  1.275E+00  1.252E+00  1.209E+00
  414.5000  1.287E+00  1.310E+00  1.310E+00  1.287E+00  1.242E+00
  415.5000  1.231E+00  1.253E+00  1.253E+00  1.231E+00  1.188E+00
  416.5000  1.340E+00  1.364E+00  1.363E+00  1.340E+00  1.293E+00
  417.5000  1.225E+00  1.246E+00  1.246E+00  1.225E+00  1.182E+00
  418.5000  1.234E+00  1.256E+00  1.256E+00  1.234E+00  1.191E+00
  419.5000  1.275E+00  1.298E+00  1.297E+00  1.275E+00  1.231E+00
------------------------------------------------------------
Dose rates, W m-2
   1 = UV-B, 280-315 nm                                  
   2 = UV-A, 315-400 nm                                  
   3 = Gaussian, 320 nm, 10 nm FWHM                      
   4 = RB Meter, model 501                               
   5 = DNA damage, in vitro (Setlow, 1974)               
   6 = UV index (WMO, 1994; Webb et al., 2011)           
   7 = Previtamin-D3 (CIE 2006)                          
values at z =      0.000 km
Columns: time, sza, weighting spectra
time, hrs.  sza, deg.          1          2          3          4          5          6          7
   11.0000     33.477  1.272E+00  5.275E+01  3.140E-01  3.578E-01  3.033E-03  6.642E+00  3.099E-01
   11.5000     32.174  1.318E+00  5.377E+01  3.215E-01  3.711E-01  3.190E-03  6.890E+00  3.230E-01
   12.0000     32.178  1.318E+00  5.376E+01  3.214E-01  3.711E-01  3.190E-03  6.890E+00  3.231E-01
   12.5000     33.488  1.272E+00  5.275E+01  3.139E-01  3.577E-01  3.032E-03  6.640E+00  3.098E-01
   13.0000     35.955  1.183E+00  5.074E+01  2.992E-01  3.317E-01  2.731E-03  6.155E+00  2.842E-01
------------------------------------------------------------
