Spectral Irradiance, W m-2 nm-1
values at z =      0.000 km
Columns: wavelength (nm), times (hrs.) or sza (deg.)
    wc, nm     11.000     11.500     12.000     12.500     13.000
    sza =      68.908     68.441     68.346     68.626     69.275
  280.5000  7.519E-26  7.820E-26  7.885E-26  7.699E-26  7.296E-26
  281.5000  1.663E-23  1.731E-23  1.746E-23  1.703E-23  1.612E-23
  282.5000  1.180E-21  1.230E-21  1.240E-21  1.210E-21  1.143E-21
  283.5000  1.699E-20  1.772E-20  1.788E-20  1.743E-20  1.645E-20
  284.5000  1.355E-18  1.415E-18  1.428E-18  1.391E-18  1.310E-18
  285.5000  2.179E-17  2.279E-17  2.301E-17  2.239E-17  2.105E-17
  286.5000  8.348E-16  8.745E-16  8.830E-16  8.585E-16  8.056E-16
  287.5000  1.787E-14  1.876E-14  1.895E-14  1.840E-14  1.722E-14
  288.5000  3.824E-13  4.026E-13  4.069E-13  3.944E-13  3.678E-13
  289.5000  6.002E-12  6.337E-12  6.410E-12  6.201E-12  5.760E-12
  290.5000  5.884E-11  6.237E-11  6.315E-11  6.093E-11  5.632E-11
  291.5000  5.246E-10  5.599E-10  5.678E-10  5.454E-10  4.997E-10
  292.5000  3.024E-09  3.257E-09  3.309E-09  3.161E-09  2.863E-09
  293.5000  2.062E-08  2.247E-08  2.289E-08  2.170E-08  1.936E-08
  294.5000  7.973E-08  8.784E-08  8.967E-08  8.448E-08  7.424E-08
  295.5000  4.490E-07  5.008E-07  5.125E-07  4.793E-07  4.139E-07
  296.5000  1.611E-06  1.812E-06  1.857E-06  1.729E-06  1.474E-06
  297.5000  6.067E-06  6.853E-06  7.028E-06  6.529E-06  5.525E-06
  298.5000  1.321E-05  1.492E-05  1.530E-05  1.422E-05  1.201E-05
  299.5000  5.350E-05  6.026E-05  6.174E-05  5.750E-05  4.873E-05
  300.5000  8.052E-05  9.026E-05  9.239E-05  8.629E-05  7.356E-05
  301.5000  2.717E-04  3.024E-04  3.090E-04  2.899E-04  2.495E-04
  302.5000  4.830E-04  5.343E-04  5.454E-04  5.135E-04  4.455E-04
  303.5000  1.265E-03  1.388E-03  1.414E-03  1.338E-03  1.174E-03
  304.5000  1.777E-03  1.940E-03  1.974E-03  1.874E-03  1.656E-03
  305.5000  3.427E-03  3.711E-03  3.771E-03  3.597E-03  3.215E-03
  306.5000  4.215E-03  4.547E-03  4.617E-03  4.414E-03  3.966E-03
  307.5000  8.356E-03  8.946E-03  9.070E-03  8.710E-03  7.909E-03
  308.5000  1.057E-02  1.128E-02  1.143E-02  1.100E-02  1.003E-02
  309.5000  1.152E-02  1.223E-02  1.238E-02  1.195E-02  1.098E-02
  310.5000  1.827E-02  1.932E-02  1.954E-02  1.890E-02  1.746E-02
  311.5000  2.599E-02  2.743E-02  2.772E-02  2.686E-02  2.489E-02
  312.5000  3.035E-02  3.188E-02  3.219E-02  3.127E-02  2.918E-02
  313.5000  3.594E-02  3.770E-02  3.807E-02  3.700E-02  3.458E-02
  314.5000  4.189E-02  4.377E-02  4.416E-02  4.302E-02  4.044E-02
  315.5000  4.441E-02  4.637E-02  4.677E-02  4.559E-02  4.289E-02
  316.5000  4.982E-02  5.185E-02  5.227E-02  5.105E-02  4.824E-02
  317.5000  7.058E-02  7.346E-02  7.405E-02  7.232E-02  6.834E-02
  318.5000  6.190E-02  6.424E-02  6.472E-02  6.331E-02  6.009E-02
  319.5000  7.718E-02  8.005E-02  8.064E-02  7.891E-02  7.495E-02
  320.5000  9.637E-02  9.989E-02  1.006E-01  9.850E-02  9.364E-02
  321.5000  9.030E-02  9.334E-02  9.397E-02  9.214E-02  8.793E-02
  322.5000  8.448E-02  8.751E-02  8.813E-02  8.631E-02  8.212E-02
  323.5000  9.799E-02  1.012E-01  1.018E-01  9.992E-02  9.551E-02
  324.5000  1.147E-01  1.184E-01  1.192E-01  1.169E-01  1.117E-01
  325.5000  1.267E-01  1.309E-01  1.318E-01  1.293E-01  1.235E-01
  326.5000  1.661E-01  1.712E-01  1.722E-01  1.691E-01  1.621E-01
  327.5000  1.510E-01  1.558E-01  1.568E-01  1.539E-01  1.473E-01
  328.5000  1.398E-01  1.442E-01  1.451E-01  1.424E-01  1.363E-01
  329.5000  1.920E-01  1.977E-01  1.989E-01  1.955E-01  1.876E-01
  330.5000  1.708E-01  1.760E-01  1.770E-01  1.739E-01  1.667E-01
  331.5000  1.682E-01  1.733E-01  1.744E-01  1.713E-01  1.642E-01
  332.5000  1.727E-01  1.778E-01  1.788E-01  1.758E-01  1.688E-01
  333.5000  1.597E-01  1.645E-01  1.655E-01  1.626E-01  1.560E-01
  334.5000  1.803E-01  1.856E-01  1.867E-01  1.835E-01  1.761E-01
  335.5000  1.866E-01  1.920E-01  1.931E-01  1.898E-01  1.823E-01
  336.5000  1.452E-01  1.495E-01  1.503E-01  1.478E-01  1.419E-01
  337.5000  1.575E-01  1.622E-01  1.631E-01  1.603E-01  1.539E-01
  338.5000  1.698E-01  1.748E-01  1.758E-01  1.728E-01  1.660E-01
  339.5000  1.854E-01  1.907E-01  1.918E-01  1.886E-01  1.812E-01
  340.5000  1.970E-01  2.028E-01  2.039E-01  2.005E-01  1.926E-01
  341.5000  1.770E-01  1.821E-01  1.832E-01  1.801E-01  1.730E-01
  342.5000  1.967E-01  2.024E-01  2.035E-01  2.001E-01  1.923E-01
  343.5000  2.039E-01  2.098E-01  2.110E-01  2.075E-01  1.993E-01
  344.5000  1.426E-01  1.467E-01  1.475E-01  1.451E-01  1.394E-01
  345.5000  1.975E-01  2.031E-01  2.043E-01  2.009E-01  1.931E-01
  346.5000  1.839E-01  1.892E-01  1.903E-01  1.871E-01  1.798E-01
  347.5000  1.801E-01  1.852E-01  1.863E-01  1.832E-01  1.760E-01
  348.5000  1.986E-01  2.043E-01  2.054E-01  2.020E-01  1.941E-01
  349.5000  1.666E-01  1.714E-01  1.723E-01  1.695E-01  1.629E-01
  350.5000  2.337E-01  2.404E-01  2.417E-01  2.377E-01  2.285E-01
  351.5000  2.015E-01  2.073E-01  2.085E-01  2.050E-01  1.970E-01
  352.5000  1.821E-01  1.873E-01  1.884E-01  1.852E-01  1.780E-01
  353.5000  2.197E-01  2.260E-01  2.273E-01  2.235E-01  2.148E-01
  354.5000  2.383E-01  2.451E-01  2.465E-01  2.424E-01  2.330E-01
  355.5000  2.230E-01  2.294E-01  2.307E-01  2.269E-01  2.181E-01
  356.5000  2.072E-01  2.131E-01  2.143E-01  2.108E-01  2.026E-01
  357.5000  1.764E-01  1.814E-01  1.824E-01  1.794E-01  1.725E-01
  358.5000  1.364E-01  1.402E-01  1.410E-01  1.387E-01  1.333E-01
  359.5000  2.298E-01  2.363E-01  2.376E-01  2.337E-01  2.247E-01
  360.5000  2.133E-01  2.193E-01  2.206E-01  2.169E-01  2.085E-01
  361.5000  1.926E-01  1.980E-01  1.992E-01  1.959E-01  1.883E-01
  362.5000  2.265E-01  2.329E-01  2.342E-01  2.304E-01  2.215E-01
  363.5000  2.017E-01  2.074E-01  2.086E-01  2.052E-01  1.973E-01
  364.5000  2.203E-01  2.266E-01  2.278E-01  2.241E-01  2.155E-01
  365.5000  2.688E-01  2.764E-01  2.779E-01  2.734E-01  2.628E-01
  366.5000  2.849E-01  2.929E-01  2.945E-01  2.897E-01  2.786E-01
  367.5000  2.708E-01  2.785E-01  2.800E-01  2.755E-01  2.649E-01
  368.5000  2.382E-01  2.449E-01  2.463E-01  2.423E-01  2.330E-01
  369.5000  2.861E-01  2.942E-01  2.958E-01  2.910E-01  2.798E-01
  370.5000  2.599E-01  2.672E-01  2.687E-01  2.643E-01  2.542E-01
  371.5000  2.978E-01  3.061E-01  3.079E-01  3.028E-01  2.912E-01
  372.5000  2.202E-01  2.264E-01  2.277E-01  2.240E-01  2.154E-01
  373.5000  1.993E-01  2.049E-01  2.061E-01  2.027E-01  1.949E-01
  374.5000  2.190E-01  2.252E-01  2.264E-01  2.227E-01  2.142E-01
  375.5000  2.474E-01  2.544E-01  2.558E-01  2.516E-01  2.420E-01
  376.5000  2.474E-01  2.543E-01  2.558E-01  2.516E-01  2.420E-01
  377.5000  2.950E-01  3.032E-01  3.049E-01  3.000E-01  2.885E-01
  378.5000  3.219E-01  3.309E-01  3.327E-01  3.273E-01  3.149E-01
  379.5000  2.384E-01  2.451E-01  2.465E-01  2.425E-01  2.332E-01
  380.5000  2.871E-01  2.951E-01  2.968E-01  2.920E-01  2.808E-01
  381.5000  2.701E-01  2.777E-01  2.792E-01  2.747E-01  2.642E-01
  382.5000  1.802E-01  1.852E-01  1.863E-01  1.833E-01  1.763E-01
  383.5000  1.585E-01  1.629E-01  1.638E-01  1.611E-01  1.550E-01
  384.5000  2.381E-01  2.447E-01  2.461E-01  2.421E-01  2.329E-01
  385.5000  2.358E-01  2.424E-01  2.437E-01  2.398E-01  2.307E-01
  386.5000  2.407E-01  2.474E-01  2.488E-01  2.448E-01  2.355E-01
  387.5000  2.240E-01  2.302E-01  2.315E-01  2.277E-01  2.191E-01
  388.5000  2.248E-01  2.310E-01  2.323E-01  2.285E-01  2.199E-01
  389.5000  2.838E-01  2.917E-01  2.933E-01  2.886E-01  2.777E-01
  390.5000  2.791E-01  2.868E-01  2.884E-01  2.838E-01  2.731E-01
  391.5000  3.315E-01  3.407E-01  3.426E-01  3.371E-01  3.243E-01
  392.5000  2.489E-01  2.558E-01  2.572E-01  2.531E-01  2.435E-01
  393.5000  1.083E-01  1.113E-01  1.119E-01  1.102E-01  1.060E-01
  394.5000  2.552E-01  2.623E-01  2.637E-01  2.595E-01  2.497E-01
  395.5000  3.288E-01  3.379E-01  3.397E-01  3.343E-01  3.217E-01
  396.5000  1.933E-01  1.986E-01  1.997E-01  1.965E-01  1.891E-01
  397.5000  2.233E-01  2.295E-01  2.307E-01  2.271E-01  2.185E-01
  398.5000  3.842E-01  3.948E-01  3.969E-01  3.906E-01  3.760E-01
  399.5000  4.001E-01  4.111E-01  4.134E-01  4.068E-01  3.915E-01
  400.5000  4.212E-01  4.327E-01  4.351E-01  4.282E-01  4.121E-01
  401.5000  4.338E-01  4.457E-01  4.481E-01  4.410E-01  4.245E-01
  402.5000  4.509E-01  4.633E-01  4.658E-01  4.584E-01  4.413E-01
  403.5000  4.132E-01  4.245E-01  4.268E-01  4.201E-01  4.044E-01
  404.5000  4.058E-01  4.168E-01  4.191E-01  4.125E-01  3.971E-01
  405.5000  4.220E-01  4.335E-01  4.359E-01  4.290E-01  4.130E-01
  406.5000  3.980E-01  4.088E-01  4.110E-01  4.045E-01  3.895E-01
  407.5000  4.017E-01  4.126E-01  4.148E-01  4.083E-01  3.931E-01
  408.5000  4.478E-01  4.600E-01  4.625E-01  4.552E-01  4.383E-01
  409.5000  4.395E-01  4.515E-01  4.539E-01  4.468E-01  4.302E-01
  410.5000  3.816E-01  3.920E-01  3.941E-01  3.879E-01  3.735E-01
  411.5000  4.592E-01  4.716E-01  4.742E-01  4.667E-01  4.494E-01
  412.5000  4.557E-01  4.680E-01  4.705E-01  4.631E-01  4.460E-01
  413.5000  4.424E-01  4.544E-01  4.569E-01  4.497E-01  4.331E-01
  414.5000  4.553E-01  4.676E-01  4.701E-01  4.627E-01  4.456E-01
  415.5000  4.359E-01  4.477E-01  4.501E-01  4.430E-01  4.267E-01
  416.5000  4.749E-01  4.877E-01  4.904E-01  4.827E-01  4.649E-01
  417.5000  4.347E-01  4.464E-01  4.488E-01  4.417E-01  4.255E-01
  418.5000  4.386E-01  4.504E-01  4.528E-01  4.457E-01  4.293E-01
  419.5000  4.535E-01  4.657E-01  4.682E-01  4.609E-01  4.440E-01
------------------------------------------------------------
Dose rates, W m-2
   1 = UV-B, 280-315 nm                                  
   2 = UV-A, 315-400 nm                                  
   3 = Gaussian, 320 nm, 10 nm FWHM                      
   4 = RB Meter, model 501                               
   5 = DNA damage, in vitro (Setlow, 1974)               
   6 = UV index (WMO, 1994; Webb et al., 2011)           
   7 = Previtamin-D3 (CIE 2006)                          
values at z =      0.000 km
Columns: time, sza, weighting spectra
time, hrs.  sza, deg.          1          2          3          4          5          6          7
   11.0000     68.908  1.945E-01  1.720E+01  8.196E-02  5.600E-02  2.906E-04  1.115E+00  3.669E-02
   11.5000     68.441  2.052E-01  1.769E+01  8.490E-02  5.885E-02  3.090E-04  1.167E+00  3.896E-02
   12.0000     68.346  2.074E-01  1.779E+01  8.550E-02  5.944E-02  3.129E-04  1.177E+00  3.944E-02
   12.5000     68.626  2.009E-01  1.750E+01  8.373E-02  5.771E-02  3.016E-04  1.146E+00  3.806E-02
   13.0000     69.275  1.863E-01  1.681E+01  7.967E-02  5.382E-02  2.767E-04  1.075E+00  3.497E-02
------------------------------------------------------------
