Spectral Irradiance, W m-2 nm-1
values at z =      0.000 km
Columns: wavelength (nm), times (hrs.) or sza (deg.)
    wc, nm     11.000     11.500     12.000     12.500     13.000
    sza =      51.160     49.536     48.947     49.429     50.953
  280.5000  2.064E-19  7.593E-19  1.188E-18  8.244E-19  2.453E-19
  281.5000  1.828E-17  5.979E-17  8.985E-17  6.444E-17  2.139E-17
  282.5000  5.880E-16  1.739E-15  2.525E-15  1.863E-15  6.788E-16
  283.5000  5.076E-15  1.406E-14  1.997E-14  1.500E-14  5.718E-15
  284.5000  1.556E-13  3.827E-13  5.216E-13  4.052E-13  1.753E-13
  285.5000  1.224E-12  2.756E-12  3.645E-12  2.902E-12  1.363E-12
  286.5000  2.692E-11  5.668E-11  7.324E-11  5.942E-11  2.971E-11
  287.5000  3.076E-10  6.010E-10  7.568E-10  6.270E-10  3.361E-10
  288.5000  3.258E-09  5.871E-09  7.190E-09  6.094E-09  3.522E-09
  289.5000  3.052E-08  5.191E-08  6.233E-08  5.369E-08  3.274E-08
  290.5000  1.914E-07  3.102E-07  3.663E-07  3.198E-07  2.040E-07
  291.5000  1.001E-06  1.535E-06  1.779E-06  1.578E-06  1.059E-06
  292.5000  3.621E-06  5.312E-06  6.061E-06  5.442E-06  3.809E-06
  293.5000  1.531E-05  2.154E-05  2.422E-05  2.201E-05  1.602E-05
  294.5000  3.918E-05  5.333E-05  5.931E-05  5.438E-05  4.081E-05
  295.5000  1.349E-04  1.774E-04  1.949E-04  1.805E-04  1.399E-04
  296.5000  3.057E-04  3.905E-04  4.249E-04  3.966E-04  3.158E-04
  297.5000  7.364E-04  9.172E-04  9.893E-04  9.301E-04  7.581E-04
  298.5000  1.064E-03  1.298E-03  1.389E-03  1.314E-03  1.092E-03
  299.5000  2.845E-03  3.401E-03  3.617E-03  3.439E-03  2.913E-03
  300.5000  3.064E-03  3.607E-03  3.816E-03  3.644E-03  3.131E-03
  301.5000  7.070E-03  8.187E-03  8.611E-03  8.263E-03  7.208E-03
  302.5000  9.728E-03  1.114E-02  1.168E-02  1.124E-02  9.904E-03
  303.5000  1.866E-02  2.110E-02  2.201E-02  2.124E-02  1.896E-02
  304.5000  2.185E-02  2.452E-02  2.552E-02  2.470E-02  2.218E-02
  305.5000  3.194E-02  3.546E-02  3.677E-02  3.570E-02  3.238E-02
  306.5000  3.487E-02  3.853E-02  3.988E-02  3.877E-02  3.533E-02
  307.5000  5.471E-02  5.991E-02  6.182E-02  6.025E-02  5.536E-02
  308.5000  6.329E-02  6.906E-02  7.118E-02  6.945E-02  6.402E-02
  309.5000  5.898E-02  6.398E-02  6.581E-02  6.431E-02  5.962E-02
  310.5000  8.361E-02  9.030E-02  9.275E-02  9.075E-02  8.446E-02
  311.5000  1.105E-01  1.190E-01  1.221E-01  1.196E-01  1.116E-01
  312.5000  1.129E-01  1.210E-01  1.240E-01  1.216E-01  1.140E-01
  313.5000  1.296E-01  1.387E-01  1.420E-01  1.393E-01  1.308E-01
  314.5000  1.347E-01  1.436E-01  1.468E-01  1.442E-01  1.358E-01
  315.5000  1.402E-01  1.493E-01  1.525E-01  1.499E-01  1.413E-01
  316.5000  1.439E-01  1.527E-01  1.559E-01  1.533E-01  1.450E-01
  317.5000  2.037E-01  2.161E-01  2.207E-01  2.170E-01  2.053E-01
  318.5000  1.647E-01  1.742E-01  1.776E-01  1.748E-01  1.659E-01
  319.5000  2.021E-01  2.137E-01  2.178E-01  2.144E-01  2.036E-01
  320.5000  2.476E-01  2.615E-01  2.666E-01  2.625E-01  2.494E-01
  321.5000  2.154E-01  2.269E-01  2.310E-01  2.276E-01  2.168E-01
  322.5000  2.131E-01  2.250E-01  2.293E-01  2.258E-01  2.147E-01
  323.5000  2.259E-01  2.377E-01  2.419E-01  2.385E-01  2.274E-01
  324.5000  2.651E-01  2.789E-01  2.839E-01  2.798E-01  2.668E-01
  325.5000  2.963E-01  3.118E-01  3.174E-01  3.129E-01  2.983E-01
  326.5000  3.652E-01  3.835E-01  3.901E-01  3.847E-01  3.676E-01
  327.5000  3.385E-01  3.557E-01  3.619E-01  3.568E-01  3.407E-01
  328.5000  3.128E-01  3.287E-01  3.344E-01  3.297E-01  3.148E-01
  329.5000  4.108E-01  4.309E-01  4.381E-01  4.322E-01  4.133E-01
  330.5000  3.719E-01  3.903E-01  3.969E-01  3.915E-01  3.742E-01
  331.5000  3.673E-01  3.856E-01  3.921E-01  3.868E-01  3.697E-01
  332.5000  3.651E-01  3.827E-01  3.890E-01  3.839E-01  3.673E-01
  333.5000  3.420E-01  3.587E-01  3.647E-01  3.598E-01  3.442E-01
  334.5000  3.831E-01  4.016E-01  4.083E-01  4.029E-01  3.855E-01
  335.5000  3.901E-01  4.087E-01  4.154E-01  4.099E-01  3.925E-01
  336.5000  3.048E-01  3.194E-01  3.246E-01  3.203E-01  3.067E-01
  337.5000  3.339E-01  3.500E-01  3.558E-01  3.510E-01  3.360E-01
  338.5000  3.540E-01  3.709E-01  3.769E-01  3.720E-01  3.562E-01
  339.5000  3.853E-01  4.036E-01  4.101E-01  4.047E-01  3.876E-01
  340.5000  4.116E-01  4.311E-01  4.382E-01  4.324E-01  4.141E-01
  341.5000  3.665E-01  3.838E-01  3.900E-01  3.849E-01  3.687E-01
  342.5000  4.064E-01  4.255E-01  4.323E-01  4.267E-01  4.088E-01
  343.5000  4.221E-01  4.419E-01  4.490E-01  4.432E-01  4.246E-01
  344.5000  2.958E-01  3.097E-01  3.147E-01  3.106E-01  2.976E-01
  345.5000  4.062E-01  4.252E-01  4.320E-01  4.264E-01  4.086E-01
  346.5000  3.798E-01  3.975E-01  4.039E-01  3.987E-01  3.821E-01
  347.5000  3.713E-01  3.886E-01  3.949E-01  3.898E-01  3.735E-01
  348.5000  4.084E-01  4.275E-01  4.343E-01  4.287E-01  4.109E-01
  349.5000  3.425E-01  3.584E-01  3.641E-01  3.594E-01  3.445E-01
  350.5000  4.798E-01  5.020E-01  5.100E-01  5.035E-01  4.826E-01
  351.5000  4.136E-01  4.328E-01  4.397E-01  4.341E-01  4.161E-01
  352.5000  3.733E-01  3.905E-01  3.967E-01  3.917E-01  3.755E-01
  353.5000  4.496E-01  4.704E-01  4.778E-01  4.717E-01  4.523E-01
  354.5000  4.869E-01  5.093E-01  5.174E-01  5.108E-01  4.898E-01
  355.5000  4.553E-01  4.762E-01  4.837E-01  4.776E-01  4.579E-01
  356.5000  4.227E-01  4.421E-01  4.490E-01  4.433E-01  4.252E-01
  357.5000  3.596E-01  3.761E-01  3.820E-01  3.771E-01  3.617E-01
  358.5000  2.776E-01  2.903E-01  2.949E-01  2.911E-01  2.792E-01
  359.5000  4.674E-01  4.888E-01  4.964E-01  4.902E-01  4.702E-01
  360.5000  4.334E-01  4.532E-01  4.603E-01  4.545E-01  4.360E-01
  361.5000  3.910E-01  4.088E-01  4.152E-01  4.099E-01  3.932E-01
  362.5000  4.593E-01  4.802E-01  4.877E-01  4.816E-01  4.620E-01
  363.5000  4.088E-01  4.273E-01  4.340E-01  4.285E-01  4.112E-01
  364.5000  4.461E-01  4.663E-01  4.736E-01  4.676E-01  4.487E-01
  365.5000  5.438E-01  5.684E-01  5.772E-01  5.700E-01  5.470E-01
  366.5000  5.758E-01  6.018E-01  6.111E-01  6.035E-01  5.791E-01
  367.5000  5.469E-01  5.716E-01  5.804E-01  5.732E-01  5.501E-01
  368.5000  4.806E-01  5.023E-01  5.101E-01  5.037E-01  4.834E-01
  369.5000  5.767E-01  6.027E-01  6.120E-01  6.044E-01  5.801E-01
  370.5000  5.235E-01  5.470E-01  5.554E-01  5.485E-01  5.265E-01
  371.5000  5.992E-01  6.261E-01  6.357E-01  6.279E-01  6.027E-01
  372.5000  4.428E-01  4.626E-01  4.697E-01  4.639E-01  4.453E-01
  373.5000  4.004E-01  4.183E-01  4.247E-01  4.195E-01  4.027E-01
  374.5000  4.396E-01  4.593E-01  4.663E-01  4.605E-01  4.421E-01
  375.5000  4.962E-01  5.183E-01  5.263E-01  5.198E-01  4.990E-01
  376.5000  4.957E-01  5.178E-01  5.257E-01  5.192E-01  4.985E-01
  377.5000  5.905E-01  6.168E-01  6.262E-01  6.185E-01  5.939E-01
  378.5000  6.438E-01  6.724E-01  6.827E-01  6.743E-01  6.475E-01
  379.5000  4.765E-01  4.977E-01  5.052E-01  4.990E-01  4.792E-01
  380.5000  5.733E-01  5.987E-01  6.078E-01  6.003E-01  5.766E-01
  381.5000  5.389E-01  5.628E-01  5.713E-01  5.643E-01  5.420E-01
  382.5000  3.592E-01  3.751E-01  3.808E-01  3.761E-01  3.613E-01
  383.5000  3.156E-01  3.295E-01  3.345E-01  3.304E-01  3.174E-01
  384.5000  4.738E-01  4.946E-01  5.021E-01  4.960E-01  4.764E-01
  385.5000  4.689E-01  4.895E-01  4.969E-01  4.909E-01  4.715E-01
  386.5000  4.781E-01  4.991E-01  5.067E-01  5.005E-01  4.808E-01
  387.5000  4.445E-01  4.640E-01  4.710E-01  4.653E-01  4.470E-01
  388.5000  4.457E-01  4.653E-01  4.723E-01  4.665E-01  4.483E-01
  389.5000  5.623E-01  5.869E-01  5.957E-01  5.885E-01  5.655E-01
  390.5000  5.525E-01  5.767E-01  5.853E-01  5.783E-01  5.556E-01
  391.5000  6.558E-01  6.844E-01  6.946E-01  6.862E-01  6.594E-01
  392.5000  4.919E-01  5.134E-01  5.210E-01  5.148E-01  4.947E-01
  393.5000  2.139E-01  2.233E-01  2.266E-01  2.239E-01  2.151E-01
  394.5000  5.036E-01  5.255E-01  5.333E-01  5.269E-01  5.064E-01
  395.5000  6.482E-01  6.763E-01  6.864E-01  6.782E-01  6.518E-01
  396.5000  3.808E-01  3.973E-01  4.032E-01  3.984E-01  3.829E-01
  397.5000  4.396E-01  4.586E-01  4.654E-01  4.598E-01  4.420E-01
  398.5000  7.556E-01  7.882E-01  7.999E-01  7.904E-01  7.598E-01
  399.5000  7.862E-01  8.201E-01  8.323E-01  8.224E-01  7.906E-01
  400.5000  8.269E-01  8.625E-01  8.753E-01  8.648E-01  8.315E-01
  401.5000  8.510E-01  8.877E-01  9.008E-01  8.901E-01  8.558E-01
  402.5000  8.838E-01  9.218E-01  9.355E-01  9.243E-01  8.887E-01
  403.5000  8.093E-01  8.440E-01  8.565E-01  8.463E-01  8.138E-01
  404.5000  7.940E-01  8.281E-01  8.403E-01  8.303E-01  7.984E-01
  405.5000  8.251E-01  8.605E-01  8.732E-01  8.628E-01  8.297E-01
  406.5000  7.775E-01  8.108E-01  8.227E-01  8.129E-01  7.818E-01
  407.5000  7.841E-01  8.176E-01  8.296E-01  8.198E-01  7.884E-01
  408.5000  8.736E-01  9.109E-01  9.242E-01  9.133E-01  8.784E-01
  409.5000  8.567E-01  8.932E-01  9.063E-01  8.956E-01  8.614E-01
  410.5000  7.432E-01  7.749E-01  7.862E-01  7.769E-01  7.473E-01
  411.5000  8.936E-01  9.316E-01  9.452E-01  9.341E-01  8.985E-01
  412.5000  8.860E-01  9.237E-01  9.371E-01  9.261E-01  8.909E-01
  413.5000  8.596E-01  8.961E-01  9.092E-01  8.985E-01  8.643E-01
  414.5000  8.838E-01  9.213E-01  9.347E-01  9.237E-01  8.886E-01
  415.5000  8.456E-01  8.815E-01  8.943E-01  8.838E-01  8.503E-01
  416.5000  9.207E-01  9.596E-01  9.735E-01  9.621E-01  9.257E-01
  417.5000  8.419E-01  8.775E-01  8.902E-01  8.798E-01  8.465E-01
  418.5000  8.488E-01  8.846E-01  8.975E-01  8.870E-01  8.534E-01
  419.5000  8.771E-01  9.141E-01  9.273E-01  9.165E-01  8.819E-01
------------------------------------------------------------
Dose rates, W m-2
   1 = UV-B, 280-315 nm                                  
   2 = UV-A, 315-400 nm                                  
   3 = Gaussian, 320 nm, 10 nm FWHM                      
   4 = RB Meter, model 501                               
   5 = DNA damage, in vitro (Setlow, 1974)               
   6 = UV index (WMO, 1994; Webb et al., 2011)           
   7 = Previtamin-D3 (CIE 2006)                          
values at z =      0.000 km
Columns: time, sza, weighting spectra
time, hrs.  sza, deg.          1          2          3          4          5          6          7
   11.0000     51.160  8.807E-01  3.540E+01  2.087E-01  2.495E-01  2.234E-03  4.653E+00  2.202E-01
   11.5000     49.536  9.544E-01  3.703E+01  2.205E-01  2.715E-01  2.511E-03  5.072E+00  2.422E-01
   12.0000     48.947  9.814E-01  3.762E+01  2.248E-01  2.797E-01  2.616E-03  5.227E+00  2.504E-01
   12.5000     49.429  9.593E-01  3.714E+01  2.213E-01  2.730E-01  2.530E-03  5.100E+00  2.437E-01
   13.0000     50.953  8.900E-01  3.561E+01  2.102E-01  2.523E-01  2.269E-03  4.706E+00  2.229E-01
------------------------------------------------------------
