Spectral Irradiance, W m-2 nm-1
values at z =      0.000 km
Columns: wavelength (nm), times (hrs.) or sza (deg.)
    wc, nm     11.000     11.500     12.000     12.500     13.000
    sza =      75.549     74.502     74.005     74.070     74.695
  280.5000  4.787E-34  5.135E-34  5.309E-34  5.286E-34  5.069E-34
  281.5000  5.649E-31  6.065E-31  6.273E-31  6.246E-31  5.986E-31
  282.5000  1.685E-28  1.811E-28  1.874E-28  1.866E-28  1.787E-28
  283.5000  6.156E-27  6.620E-27  6.853E-27  6.822E-27  6.532E-27
  284.5000  2.670E-24  2.876E-24  2.980E-24  2.966E-24  2.837E-24
  285.5000  1.497E-22  1.614E-22  1.674E-22  1.666E-22  1.592E-22
  286.5000  1.493E-20  1.612E-20  1.672E-20  1.664E-20  1.589E-20
  287.5000  9.197E-19  9.951E-19  1.033E-18  1.028E-18  9.808E-19
  288.5000  6.164E-17  6.686E-17  6.952E-17  6.916E-17  6.586E-17
  289.5000  2.176E-15  2.365E-15  2.462E-15  2.449E-15  2.329E-15
  290.5000  4.186E-14  4.560E-14  4.752E-14  4.727E-14  4.489E-14
  291.5000  7.896E-13  8.631E-13  9.009E-13  8.958E-13  8.490E-13
  292.5000  8.263E-12  9.060E-12  9.472E-12  9.417E-12  8.907E-12
  293.5000  9.618E-11  1.059E-10  1.109E-10  1.102E-10  1.040E-10
  294.5000  5.507E-10  6.084E-10  6.384E-10  6.344E-10  5.972E-10
  295.5000  4.536E-09  5.036E-09  5.299E-09  5.263E-09  4.939E-09
  296.5000  2.161E-08  2.413E-08  2.547E-08  2.529E-08  2.364E-08
  297.5000  1.018E-07  1.145E-07  1.213E-07  1.204E-07  1.120E-07
  298.5000  2.643E-07  3.001E-07  3.198E-07  3.171E-07  2.930E-07
  299.5000  1.261E-06  1.452E-06  1.561E-06  1.546E-06  1.414E-06
  300.5000  2.177E-06  2.549E-06  2.764E-06  2.734E-06  2.473E-06
  301.5000  8.759E-06  1.051E-05  1.153E-05  1.139E-05  1.014E-05
  302.5000  1.794E-05  2.192E-05  2.428E-05  2.395E-05  2.109E-05
  303.5000  5.802E-05  7.252E-05  8.105E-05  7.986E-05  6.952E-05
  304.5000  9.445E-05  1.194E-04  1.339E-04  1.319E-04  1.142E-04
  305.5000  2.379E-04  3.036E-04  3.412E-04  3.360E-04  2.902E-04
  306.5000  3.331E-04  4.255E-04  4.778E-04  4.707E-04  4.068E-04
  307.5000  8.781E-04  1.115E-03  1.246E-03  1.229E-03  1.068E-03
  308.5000  1.249E-03  1.579E-03  1.760E-03  1.735E-03  1.514E-03
  309.5000  1.694E-03  2.116E-03  2.343E-03  2.313E-03  2.033E-03
  310.5000  3.168E-03  3.914E-03  4.309E-03  4.256E-03  3.768E-03
  311.5000  5.041E-03  6.176E-03  6.771E-03  6.691E-03  5.955E-03
  312.5000  7.259E-03  8.737E-03  9.500E-03  9.398E-03  8.452E-03
  313.5000  9.027E-03  1.082E-02  1.174E-02  1.162E-02  1.047E-02
  314.5000  1.269E-02  1.494E-02  1.609E-02  1.593E-02  1.451E-02
  315.5000  1.386E-02  1.628E-02  1.750E-02  1.734E-02  1.582E-02
  316.5000  1.804E-02  2.088E-02  2.230E-02  2.211E-02  2.034E-02
  317.5000  2.556E-02  2.958E-02  3.160E-02  3.133E-02  2.882E-02
  318.5000  2.576E-02  2.939E-02  3.119E-02  3.096E-02  2.871E-02
  319.5000  3.296E-02  3.751E-02  3.977E-02  3.947E-02  3.666E-02
  320.5000  4.249E-02  4.820E-02  5.102E-02  5.065E-02  4.713E-02
  321.5000  4.531E-02  5.070E-02  5.334E-02  5.299E-02  4.969E-02
  322.5000  3.832E-02  4.335E-02  4.583E-02  4.550E-02  4.240E-02
  323.5000  5.207E-02  5.791E-02  6.077E-02  6.039E-02  5.682E-02
  324.5000  6.053E-02  6.737E-02  7.072E-02  7.028E-02  6.609E-02
  325.5000  6.551E-02  7.309E-02  7.680E-02  7.631E-02  7.167E-02
  326.5000  9.560E-02  1.054E-01  1.102E-01  1.096E-01  1.036E-01
  327.5000  8.392E-02  9.290E-02  9.728E-02  9.670E-02  9.122E-02
  328.5000  7.773E-02  8.604E-02  9.009E-02  8.956E-02  8.449E-02
  329.5000  1.157E-01  1.270E-01  1.325E-01  1.317E-01  1.249E-01
  330.5000  9.948E-02  1.096E-01  1.145E-01  1.138E-01  1.077E-01
  331.5000  9.728E-02  1.072E-01  1.121E-01  1.114E-01  1.054E-01
  332.5000  1.059E-01  1.160E-01  1.209E-01  1.202E-01  1.141E-01
  333.5000  9.547E-02  1.049E-01  1.094E-01  1.088E-01  1.031E-01
  334.5000  1.091E-01  1.197E-01  1.249E-01  1.242E-01  1.178E-01
  335.5000  1.161E-01  1.270E-01  1.323E-01  1.316E-01  1.250E-01
  336.5000  8.963E-02  9.812E-02  1.022E-01  1.017E-01  9.654E-02
  337.5000  9.530E-02  1.046E-01  1.091E-01  1.085E-01  1.028E-01
  338.5000  1.058E-01  1.157E-01  1.205E-01  1.199E-01  1.139E-01
  339.5000  1.159E-01  1.267E-01  1.320E-01  1.313E-01  1.247E-01
  340.5000  1.219E-01  1.334E-01  1.390E-01  1.383E-01  1.313E-01
  341.5000  1.111E-01  1.215E-01  1.264E-01  1.258E-01  1.195E-01
  342.5000  1.238E-01  1.353E-01  1.408E-01  1.401E-01  1.332E-01
  343.5000  1.277E-01  1.396E-01  1.453E-01  1.446E-01  1.374E-01
  344.5000  8.874E-02  9.708E-02  1.011E-01  1.006E-01  9.553E-02
  345.5000  1.247E-01  1.362E-01  1.418E-01  1.411E-01  1.341E-01
  346.5000  1.151E-01  1.259E-01  1.311E-01  1.304E-01  1.239E-01
  347.5000  1.128E-01  1.233E-01  1.284E-01  1.278E-01  1.214E-01
  348.5000  1.248E-01  1.364E-01  1.420E-01  1.413E-01  1.342E-01
  349.5000  1.046E-01  1.144E-01  1.191E-01  1.185E-01  1.126E-01
  350.5000  1.468E-01  1.605E-01  1.671E-01  1.662E-01  1.580E-01
  351.5000  1.265E-01  1.382E-01  1.439E-01  1.432E-01  1.361E-01
  352.5000  1.144E-01  1.250E-01  1.302E-01  1.295E-01  1.231E-01
  353.5000  1.382E-01  1.511E-01  1.573E-01  1.565E-01  1.487E-01
  354.5000  1.501E-01  1.640E-01  1.708E-01  1.699E-01  1.615E-01
  355.5000  1.405E-01  1.535E-01  1.598E-01  1.590E-01  1.511E-01
  356.5000  1.305E-01  1.426E-01  1.485E-01  1.477E-01  1.404E-01
  357.5000  1.111E-01  1.214E-01  1.264E-01  1.257E-01  1.195E-01
  358.5000  8.590E-02  9.388E-02  9.774E-02  9.723E-02  9.239E-02
  359.5000  1.447E-01  1.582E-01  1.647E-01  1.638E-01  1.557E-01
  360.5000  1.343E-01  1.468E-01  1.529E-01  1.521E-01  1.445E-01
  361.5000  1.214E-01  1.326E-01  1.381E-01  1.374E-01  1.305E-01
  362.5000  1.427E-01  1.560E-01  1.624E-01  1.616E-01  1.535E-01
  363.5000  1.272E-01  1.390E-01  1.447E-01  1.439E-01  1.368E-01
  364.5000  1.389E-01  1.518E-01  1.580E-01  1.572E-01  1.494E-01
  365.5000  1.693E-01  1.851E-01  1.927E-01  1.917E-01  1.822E-01
  366.5000  1.795E-01  1.962E-01  2.043E-01  2.032E-01  1.931E-01
  367.5000  1.707E-01  1.866E-01  1.943E-01  1.933E-01  1.837E-01
  368.5000  1.502E-01  1.641E-01  1.709E-01  1.700E-01  1.615E-01
  369.5000  1.804E-01  1.971E-01  2.053E-01  2.042E-01  1.940E-01
  370.5000  1.638E-01  1.791E-01  1.865E-01  1.855E-01  1.763E-01
  371.5000  1.877E-01  2.052E-01  2.136E-01  2.125E-01  2.019E-01
  372.5000  1.388E-01  1.518E-01  1.580E-01  1.572E-01  1.494E-01
  373.5000  1.256E-01  1.374E-01  1.430E-01  1.423E-01  1.352E-01
  374.5000  1.381E-01  1.509E-01  1.572E-01  1.563E-01  1.485E-01
  375.5000  1.560E-01  1.705E-01  1.776E-01  1.766E-01  1.678E-01
  376.5000  1.560E-01  1.705E-01  1.775E-01  1.766E-01  1.678E-01
  377.5000  1.860E-01  2.033E-01  2.117E-01  2.106E-01  2.001E-01
  378.5000  2.030E-01  2.219E-01  2.310E-01  2.298E-01  2.184E-01
  379.5000  1.504E-01  1.644E-01  1.711E-01  1.703E-01  1.618E-01
  380.5000  1.811E-01  1.980E-01  2.061E-01  2.050E-01  1.948E-01
  381.5000  1.704E-01  1.863E-01  1.939E-01  1.929E-01  1.833E-01
  382.5000  1.137E-01  1.243E-01  1.294E-01  1.287E-01  1.223E-01
  383.5000  9.995E-02  1.093E-01  1.138E-01  1.132E-01  1.075E-01
  384.5000  1.502E-01  1.642E-01  1.710E-01  1.701E-01  1.616E-01
  385.5000  1.488E-01  1.627E-01  1.694E-01  1.685E-01  1.601E-01
  386.5000  1.519E-01  1.660E-01  1.729E-01  1.720E-01  1.634E-01
  387.5000  1.413E-01  1.545E-01  1.609E-01  1.600E-01  1.521E-01
  388.5000  1.419E-01  1.551E-01  1.615E-01  1.606E-01  1.526E-01
  389.5000  1.791E-01  1.958E-01  2.039E-01  2.028E-01  1.927E-01
  390.5000  1.762E-01  1.926E-01  2.005E-01  1.995E-01  1.896E-01
  391.5000  2.093E-01  2.288E-01  2.382E-01  2.370E-01  2.252E-01
  392.5000  1.572E-01  1.718E-01  1.789E-01  1.780E-01  1.691E-01
  393.5000  6.842E-02  7.480E-02  7.787E-02  7.747E-02  7.361E-02
  394.5000  1.612E-01  1.762E-01  1.835E-01  1.825E-01  1.734E-01
  395.5000  2.077E-01  2.271E-01  2.364E-01  2.352E-01  2.235E-01
  396.5000  1.221E-01  1.335E-01  1.390E-01  1.383E-01  1.314E-01
  397.5000  1.411E-01  1.543E-01  1.606E-01  1.598E-01  1.518E-01
  398.5000  2.428E-01  2.655E-01  2.764E-01  2.749E-01  2.613E-01
  399.5000  2.529E-01  2.765E-01  2.878E-01  2.863E-01  2.721E-01
  400.5000  2.663E-01  2.911E-01  3.030E-01  3.014E-01  2.865E-01
  401.5000  2.743E-01  2.999E-01  3.122E-01  3.106E-01  2.951E-01
  402.5000  2.852E-01  3.117E-01  3.245E-01  3.228E-01  3.068E-01
  403.5000  2.614E-01  2.857E-01  2.974E-01  2.959E-01  2.812E-01
  404.5000  2.567E-01  2.806E-01  2.921E-01  2.906E-01  2.762E-01
  405.5000  2.671E-01  2.919E-01  3.039E-01  3.023E-01  2.873E-01
  406.5000  2.519E-01  2.753E-01  2.866E-01  2.851E-01  2.710E-01
  407.5000  2.543E-01  2.779E-01  2.893E-01  2.878E-01  2.735E-01
  408.5000  2.835E-01  3.099E-01  3.226E-01  3.209E-01  3.050E-01
  409.5000  2.783E-01  3.042E-01  3.167E-01  3.150E-01  2.994E-01
  410.5000  2.417E-01  2.642E-01  2.750E-01  2.735E-01  2.600E-01
  411.5000  2.909E-01  3.180E-01  3.309E-01  3.292E-01  3.129E-01
  412.5000  2.888E-01  3.156E-01  3.285E-01  3.268E-01  3.106E-01
  413.5000  2.804E-01  3.065E-01  3.190E-01  3.174E-01  3.017E-01
  414.5000  2.886E-01  3.154E-01  3.283E-01  3.266E-01  3.105E-01
  415.5000  2.764E-01  3.021E-01  3.144E-01  3.128E-01  2.973E-01
  416.5000  3.012E-01  3.292E-01  3.426E-01  3.408E-01  3.240E-01
  417.5000  2.757E-01  3.013E-01  3.136E-01  3.120E-01  2.966E-01
  418.5000  2.783E-01  3.041E-01  3.165E-01  3.148E-01  2.993E-01
  419.5000  2.879E-01  3.145E-01  3.273E-01  3.257E-01  3.096E-01
------------------------------------------------------------
Dose rates, W m-2
   1 = UV-B, 280-315 nm                                  
   2 = UV-A, 315-400 nm                                  
   3 = Gaussian, 320 nm, 10 nm FWHM                      
   4 = RB Meter, model 501                               
   5 = DNA damage, in vitro (Setlow, 1974)               
   6 = UV index (WMO, 1994; Webb et al., 2011)           
   7 = Previtamin-D3 (CIE 2006)                          
values at z =      0.000 km
Columns: time, sza, weighting spectra
time, hrs.  sza, deg.          1          2          3          4          5          6          7
   11.0000     75.549  4.176E-02  1.060E+01  3.794E-02  1.638E-02  6.316E-05  4.123E-01  6.774E-03
   11.5000     74.502  5.036E-02  1.161E+01  4.274E-02  1.900E-02  7.380E-05  4.668E-01  8.164E-03
   12.0000     74.005  5.483E-02  1.210E+01  4.511E-02  2.033E-02  7.933E-05  4.942E-01  8.896E-03
   12.5000     74.070  5.423E-02  1.204E+01  4.479E-02  2.015E-02  7.859E-05  4.906E-01  8.797E-03
   13.0000     74.695  4.869E-02  1.143E+01  4.184E-02  1.850E-02  7.174E-05  4.565E-01  7.893E-03
------------------------------------------------------------
