Spectral Irradiance, W m-2 nm-1
values at z =      0.000 km
Columns: wavelength (nm), times (hrs.) or sza (deg.)
    wc, nm     11.000     11.500     12.000     12.500     13.000
    sza =      42.496     40.438     39.630     40.147     41.937
  280.5000  1.068E-17  3.300E-17  4.991E-17  3.838E-17  1.467E-17
  281.5000  6.672E-16  1.865E-15  2.718E-15  2.140E-15  8.908E-16
  282.5000  1.591E-14  4.081E-14  5.762E-14  4.629E-14  2.074E-14
  283.5000  1.132E-13  2.744E-13  3.797E-13  3.090E-13  1.452E-13
  284.5000  2.436E-12  5.331E-12  7.105E-12  5.921E-12  3.036E-12
  285.5000  1.476E-11  2.994E-11  3.882E-11  3.221E-11  1.801E-11
  286.5000  2.658E-10  5.089E-10  6.458E-10  5.552E-10  3.190E-10
  287.5000  2.432E-09  4.367E-09  5.413E-09  4.723E-09  2.867E-09
  288.5000  2.026E-08  3.391E-08  4.097E-08  3.634E-08  2.341E-08
  289.5000  1.599E-07  2.546E-07  3.020E-07  2.710E-07  1.822E-07
  290.5000  8.685E-07  1.326E-06  1.549E-06  1.404E-06  9.782E-07
  291.5000  3.860E-06  5.620E-06  6.451E-06  5.910E-06  4.289E-06
  292.5000  1.223E-05  1.713E-05  1.938E-05  1.792E-05  1.344E-05
  293.5000  4.566E-05  6.165E-05  6.884E-05  6.418E-05  4.968E-05
  294.5000  1.060E-04  1.391E-04  1.537E-04  1.443E-04  1.145E-04
  295.5000  3.295E-04  4.194E-04  4.584E-04  4.333E-04  3.526E-04
  296.5000  6.859E-04  8.513E-04  9.217E-04  8.763E-04  7.288E-04
  297.5000  1.534E-03  1.862E-03  2.000E-03  1.911E-03  1.620E-03
  298.5000  2.082E-03  2.482E-03  2.648E-03  2.541E-03  2.188E-03
  299.5000  5.250E-03  6.149E-03  6.518E-03  6.281E-03  5.489E-03
  300.5000  5.407E-03  6.248E-03  6.591E-03  6.371E-03  5.631E-03
  301.5000  1.189E-02  1.354E-02  1.420E-02  1.378E-02  1.233E-02
  302.5000  1.584E-02  1.788E-02  1.869E-02  1.817E-02  1.639E-02
  303.5000  2.926E-02  3.265E-02  3.400E-02  3.314E-02  3.018E-02
  304.5000  3.354E-02  3.718E-02  3.862E-02  3.770E-02  3.452E-02
  305.5000  4.748E-02  5.213E-02  5.397E-02  5.280E-02  4.874E-02
  306.5000  5.111E-02  5.589E-02  5.777E-02  5.657E-02  5.241E-02
  307.5000  7.809E-02  8.472E-02  8.731E-02  8.566E-02  7.989E-02
  308.5000  8.942E-02  9.671E-02  9.956E-02  9.774E-02  9.141E-02
  309.5000  8.188E-02  8.809E-02  9.051E-02  8.897E-02  8.357E-02
  310.5000  1.146E-01  1.228E-01  1.260E-01  1.240E-01  1.168E-01
  311.5000  1.502E-01  1.606E-01  1.646E-01  1.620E-01  1.530E-01
  312.5000  1.512E-01  1.610E-01  1.648E-01  1.624E-01  1.539E-01
  313.5000  1.729E-01  1.839E-01  1.881E-01  1.854E-01  1.759E-01
  314.5000  1.775E-01  1.880E-01  1.921E-01  1.895E-01  1.804E-01
  315.5000  1.842E-01  1.950E-01  1.992E-01  1.965E-01  1.872E-01
  316.5000  1.872E-01  1.976E-01  2.017E-01  1.991E-01  1.901E-01
  317.5000  2.649E-01  2.797E-01  2.853E-01  2.817E-01  2.690E-01
  318.5000  2.123E-01  2.234E-01  2.278E-01  2.250E-01  2.153E-01
  319.5000  2.600E-01  2.735E-01  2.788E-01  2.754E-01  2.637E-01
  320.5000  3.178E-01  3.341E-01  3.404E-01  3.364E-01  3.223E-01
  321.5000  2.742E-01  2.876E-01  2.927E-01  2.894E-01  2.779E-01
  322.5000  2.725E-01  2.867E-01  2.921E-01  2.887E-01  2.767E-01
  323.5000  2.864E-01  3.001E-01  3.053E-01  3.020E-01  2.902E-01
  324.5000  3.361E-01  3.521E-01  3.583E-01  3.543E-01  3.405E-01
  325.5000  3.760E-01  3.940E-01  4.010E-01  3.965E-01  3.809E-01
  326.5000  4.604E-01  4.815E-01  4.896E-01  4.845E-01  4.662E-01
  327.5000  4.274E-01  4.473E-01  4.549E-01  4.500E-01  4.329E-01
  328.5000  3.948E-01  4.131E-01  4.202E-01  4.157E-01  3.999E-01
  329.5000  5.159E-01  5.390E-01  5.479E-01  5.422E-01  5.223E-01
  330.5000  4.678E-01  4.890E-01  4.971E-01  4.919E-01  4.736E-01
  331.5000  4.621E-01  4.831E-01  4.911E-01  4.860E-01  4.679E-01
  332.5000  4.576E-01  4.778E-01  4.856E-01  4.806E-01  4.631E-01
  333.5000  4.292E-01  4.483E-01  4.557E-01  4.510E-01  4.344E-01
  334.5000  4.802E-01  5.014E-01  5.096E-01  5.044E-01  4.860E-01
  335.5000  4.880E-01  5.093E-01  5.175E-01  5.123E-01  4.938E-01
  336.5000  3.813E-01  3.980E-01  4.045E-01  4.004E-01  3.859E-01
  337.5000  4.181E-01  4.365E-01  4.436E-01  4.391E-01  4.231E-01
  338.5000  4.424E-01  4.616E-01  4.690E-01  4.643E-01  4.477E-01
  339.5000  4.812E-01  5.021E-01  5.101E-01  5.050E-01  4.869E-01
  340.5000  5.142E-01  5.365E-01  5.451E-01  5.396E-01  5.203E-01
  341.5000  4.573E-01  4.770E-01  4.846E-01  4.797E-01  4.627E-01
  342.5000  5.068E-01  5.286E-01  5.369E-01  5.316E-01  5.128E-01
  343.5000  5.263E-01  5.490E-01  5.577E-01  5.521E-01  5.326E-01
  344.5000  3.688E-01  3.847E-01  3.908E-01  3.869E-01  3.732E-01
  345.5000  5.060E-01  5.276E-01  5.359E-01  5.306E-01  5.119E-01
  346.5000  4.731E-01  4.933E-01  5.011E-01  4.962E-01  4.787E-01
  347.5000  4.624E-01  4.821E-01  4.897E-01  4.849E-01  4.678E-01
  348.5000  5.084E-01  5.300E-01  5.383E-01  5.330E-01  5.143E-01
  349.5000  4.261E-01  4.442E-01  4.512E-01  4.467E-01  4.311E-01
  350.5000  5.967E-01  6.220E-01  6.317E-01  6.256E-01  6.037E-01
  351.5000  5.143E-01  5.361E-01  5.445E-01  5.392E-01  5.203E-01
  352.5000  4.639E-01  4.836E-01  4.911E-01  4.863E-01  4.694E-01
  353.5000  5.586E-01  5.822E-01  5.912E-01  5.855E-01  5.651E-01
  354.5000  6.047E-01  6.302E-01  6.399E-01  6.337E-01  6.117E-01
  355.5000  5.652E-01  5.890E-01  5.981E-01  5.923E-01  5.718E-01
  356.5000  5.246E-01  5.466E-01  5.551E-01  5.497E-01  5.307E-01
  357.5000  4.461E-01  4.648E-01  4.720E-01  4.674E-01  4.513E-01
  358.5000  3.443E-01  3.587E-01  3.643E-01  3.607E-01  3.483E-01
  359.5000  5.796E-01  6.038E-01  6.130E-01  6.071E-01  5.862E-01
  360.5000  5.373E-01  5.597E-01  5.683E-01  5.628E-01  5.434E-01
  361.5000  4.844E-01  5.046E-01  5.123E-01  5.074E-01  4.900E-01
  362.5000  5.689E-01  5.926E-01  6.017E-01  5.959E-01  5.755E-01
  363.5000  5.062E-01  5.272E-01  5.352E-01  5.301E-01  5.120E-01
  364.5000  5.522E-01  5.751E-01  5.839E-01  5.783E-01  5.585E-01
  365.5000  6.730E-01  7.008E-01  7.115E-01  7.047E-01  6.806E-01
  366.5000  7.123E-01  7.417E-01  7.530E-01  7.458E-01  7.204E-01
  367.5000  6.764E-01  7.043E-01  7.150E-01  7.082E-01  6.841E-01
  368.5000  5.943E-01  6.187E-01  6.281E-01  6.221E-01  6.010E-01
  369.5000  7.129E-01  7.422E-01  7.534E-01  7.463E-01  7.210E-01
  370.5000  6.468E-01  6.734E-01  6.836E-01  6.771E-01  6.542E-01
  371.5000  7.402E-01  7.705E-01  7.822E-01  7.748E-01  7.486E-01
  372.5000  5.468E-01  5.692E-01  5.778E-01  5.723E-01  5.530E-01
  373.5000  4.943E-01  5.145E-01  5.222E-01  5.173E-01  4.999E-01
  374.5000  5.426E-01  5.647E-01  5.732E-01  5.678E-01  5.487E-01
  375.5000  6.122E-01  6.372E-01  6.467E-01  6.407E-01  6.191E-01
  376.5000  6.114E-01  6.363E-01  6.458E-01  6.398E-01  6.183E-01
  377.5000  7.281E-01  7.577E-01  7.691E-01  7.619E-01  7.363E-01
  378.5000  7.937E-01  8.259E-01  8.382E-01  8.304E-01  8.026E-01
  379.5000  5.873E-01  6.111E-01  6.202E-01  6.144E-01  5.938E-01
  380.5000  7.063E-01  7.349E-01  7.459E-01  7.389E-01  7.142E-01
  381.5000  6.638E-01  6.906E-01  7.009E-01  6.944E-01  6.712E-01
  382.5000  4.424E-01  4.602E-01  4.671E-01  4.627E-01  4.473E-01
  383.5000  3.885E-01  4.041E-01  4.101E-01  4.063E-01  3.928E-01
  384.5000  5.831E-01  6.065E-01  6.155E-01  6.098E-01  5.895E-01
  385.5000  5.769E-01  6.001E-01  6.090E-01  6.033E-01  5.833E-01
  386.5000  5.881E-01  6.118E-01  6.208E-01  6.150E-01  5.947E-01
  387.5000  5.467E-01  5.686E-01  5.770E-01  5.716E-01  5.527E-01
  388.5000  5.480E-01  5.699E-01  5.783E-01  5.730E-01  5.541E-01
  389.5000  6.911E-01  7.188E-01  7.294E-01  7.226E-01  6.988E-01
  390.5000  6.789E-01  7.061E-01  7.164E-01  7.098E-01  6.864E-01
  391.5000  8.056E-01  8.377E-01  8.500E-01  8.421E-01  8.144E-01
  392.5000  6.041E-01  6.282E-01  6.374E-01  6.315E-01  6.108E-01
  393.5000  2.627E-01  2.731E-01  2.771E-01  2.746E-01  2.656E-01
  394.5000  6.182E-01  6.427E-01  6.521E-01  6.462E-01  6.250E-01
  395.5000  7.955E-01  8.270E-01  8.391E-01  8.314E-01  8.042E-01
  396.5000  4.672E-01  4.857E-01  4.928E-01  4.882E-01  4.723E-01
  397.5000  5.391E-01  5.605E-01  5.686E-01  5.634E-01  5.450E-01
  398.5000  9.266E-01  9.632E-01  9.772E-01  9.683E-01  9.367E-01
  399.5000  9.639E-01  1.002E+00  1.016E+00  1.007E+00  9.744E-01
  400.5000  1.013E+00  1.053E+00  1.069E+00  1.059E+00  1.024E+00
  401.5000  1.043E+00  1.084E+00  1.100E+00  1.090E+00  1.054E+00
  402.5000  1.083E+00  1.125E+00  1.142E+00  1.131E+00  1.095E+00
  403.5000  9.912E-01  1.030E+00  1.045E+00  1.036E+00  1.002E+00
  404.5000  9.723E-01  1.010E+00  1.025E+00  1.016E+00  9.828E-01
  405.5000  1.010E+00  1.050E+00  1.065E+00  1.055E+00  1.021E+00
  406.5000  9.516E-01  9.888E-01  1.003E+00  9.940E-01  9.619E-01
  407.5000  9.595E-01  9.970E-01  1.011E+00  1.002E+00  9.698E-01
  408.5000  1.069E+00  1.110E+00  1.126E+00  1.116E+00  1.080E+00
  409.5000  1.048E+00  1.089E+00  1.104E+00  1.094E+00  1.059E+00
  410.5000  9.088E-01  9.442E-01  9.577E-01  9.491E-01  9.186E-01
  411.5000  1.093E+00  1.135E+00  1.151E+00  1.141E+00  1.104E+00
  412.5000  1.083E+00  1.125E+00  1.141E+00  1.131E+00  1.095E+00
  413.5000  1.050E+00  1.091E+00  1.107E+00  1.097E+00  1.062E+00
  414.5000  1.080E+00  1.122E+00  1.138E+00  1.127E+00  1.091E+00
  415.5000  1.033E+00  1.073E+00  1.088E+00  1.079E+00  1.044E+00
  416.5000  1.124E+00  1.168E+00  1.184E+00  1.174E+00  1.136E+00
  417.5000  1.028E+00  1.068E+00  1.083E+00  1.073E+00  1.039E+00
  418.5000  1.036E+00  1.076E+00  1.091E+00  1.082E+00  1.047E+00
  419.5000  1.070E+00  1.112E+00  1.128E+00  1.118E+00  1.082E+00
------------------------------------------------------------
Dose rates, W m-2
   1 = UV-B, 280-315 nm                                  
   2 = UV-A, 315-400 nm                                  
   3 = Gaussian, 320 nm, 10 nm FWHM                      
   4 = RB Meter, model 501                               
   5 = DNA damage, in vitro (Setlow, 1974)               
   6 = UV index (WMO, 1994; Webb et al., 2011)           
   7 = Previtamin-D3 (CIE 2006)                          
values at z =      0.000 km
Columns: time, sza, weighting spectra
time, hrs.  sza, deg.          1          2          3          4          5          6          7
   11.0000     42.496  1.220E+00  4.394E+01  2.679E-01  3.505E-01  3.464E-03  6.574E+00  3.194E-01
   11.5000     40.438  1.313E+00  4.580E+01  2.817E-01  3.791E-01  3.867E-03  7.130E+00  3.487E-01
   12.0000     39.630  1.350E+00  4.651E+01  2.870E-01  3.904E-01  4.030E-03  7.350E+00  3.602E-01
   12.5000     40.147  1.326E+00  4.606E+01  2.837E-01  3.832E-01  3.926E-03  7.210E+00  3.528E-01
   13.0000     41.937  1.246E+00  4.446E+01  2.717E-01  3.583E-01  3.572E-03  6.725E+00  3.273E-01
------------------------------------------------------------
