Spectral Irradiance, W m-2 nm-1
values at z =      0.000 km
Columns: wavelength (nm), times (hrs.) or sza (deg.)
    wc, nm     11.000     11.500     12.000     12.500     13.000
    sza =      48.599     47.476     47.450     48.523     50.625
  280.5000  1.168E-18  2.623E-18  2.671E-18  1.235E-18  2.406E-19
  281.5000  8.886E-17  1.856E-16  1.887E-16  9.351E-17  2.111E-17
  282.5000  2.510E-15  4.926E-15  5.002E-15  2.630E-15  6.738E-16
  283.5000  1.992E-14  3.755E-14  3.809E-14  2.082E-14  5.788E-15
  284.5000  5.238E-13  9.169E-13  9.286E-13  5.445E-13  1.758E-13
  285.5000  3.677E-12  6.096E-12  6.166E-12  3.808E-12  1.373E-12
  286.5000  7.417E-11  1.179E-10  1.192E-10  7.659E-11  3.005E-11
  287.5000  7.697E-10  1.168E-09  1.179E-09  7.923E-10  3.414E-10
  288.5000  7.346E-09  1.060E-08  1.069E-08  7.535E-09  3.595E-09
  289.5000  6.390E-08  8.898E-08  8.965E-08  6.538E-08  3.354E-08
  290.5000  3.766E-07  5.089E-07  5.123E-07  3.845E-07  2.096E-07
  291.5000  1.836E-06  2.397E-06  2.411E-06  1.870E-06  1.092E-06
  292.5000  6.270E-06  7.963E-06  8.007E-06  6.374E-06  3.938E-06
  293.5000  2.512E-05  3.109E-05  3.124E-05  2.550E-05  1.661E-05
  294.5000  6.165E-05  7.474E-05  7.506E-05  6.248E-05  4.240E-05
  295.5000  2.031E-04  2.409E-04  2.419E-04  2.055E-04  1.457E-04
  296.5000  4.435E-04  5.168E-04  5.186E-04  4.482E-04  3.295E-04
  297.5000  1.035E-03  1.187E-03  1.190E-03  1.044E-03  7.925E-04
  298.5000  1.455E-03  1.647E-03  1.652E-03  1.468E-03  1.144E-03
  299.5000  3.793E-03  4.241E-03  4.252E-03  3.822E-03  3.054E-03
  300.5000  4.006E-03  4.437E-03  4.447E-03  4.035E-03  3.286E-03
  301.5000  9.052E-03  9.923E-03  9.944E-03  9.110E-03  7.576E-03
  302.5000  1.228E-02  1.338E-02  1.340E-02  1.236E-02  1.042E-02
  303.5000  2.318E-02  2.504E-02  2.508E-02  2.330E-02  1.996E-02
  304.5000  2.689E-02  2.892E-02  2.897E-02  2.703E-02  2.337E-02
  305.5000  3.877E-02  4.141E-02  4.147E-02  3.895E-02  3.415E-02
  306.5000  4.207E-02  4.480E-02  4.487E-02  4.226E-02  3.727E-02
  307.5000  6.526E-02  6.910E-02  6.919E-02  6.552E-02  5.844E-02
  308.5000  7.518E-02  7.942E-02  7.952E-02  7.546E-02  6.760E-02
  309.5000  6.953E-02  7.319E-02  7.327E-02  6.977E-02  6.298E-02
  310.5000  9.802E-02  1.029E-01  1.030E-01  9.835E-02  8.926E-02
  311.5000  1.291E-01  1.353E-01  1.354E-01  1.295E-01  1.179E-01
  312.5000  1.308E-01  1.370E-01  1.371E-01  1.315E-01  1.205E-01
  313.5000  1.502E-01  1.568E-01  1.570E-01  1.507E-01  1.383E-01
  314.5000  1.553E-01  1.617E-01  1.618E-01  1.557E-01  1.438E-01
  315.5000  1.614E-01  1.680E-01  1.679E-01  1.619E-01  1.495E-01
  316.5000  1.650E-01  1.713E-01  1.715E-01  1.653E-01  1.535E-01
  317.5000  2.335E-01  2.425E-01  2.427E-01  2.341E-01  2.172E-01
  318.5000  1.881E-01  1.949E-01  1.951E-01  1.884E-01  1.756E-01
  319.5000  2.306E-01  2.389E-01  2.391E-01  2.312E-01  2.155E-01
  320.5000  2.822E-01  2.923E-01  2.925E-01  2.829E-01  2.640E-01
  321.5000  2.447E-01  2.529E-01  2.531E-01  2.452E-01  2.296E-01
  322.5000  2.428E-01  2.512E-01  2.515E-01  2.433E-01  2.272E-01
  323.5000  2.562E-01  2.646E-01  2.648E-01  2.568E-01  2.408E-01
  324.5000  3.006E-01  3.105E-01  3.108E-01  3.013E-01  2.826E-01
  325.5000  3.362E-01  3.473E-01  3.476E-01  3.369E-01  3.158E-01
  326.5000  4.132E-01  4.263E-01  4.266E-01  4.141E-01  3.893E-01
  327.5000  3.833E-01  3.956E-01  3.958E-01  3.841E-01  3.608E-01
  328.5000  3.541E-01  3.655E-01  3.657E-01  3.549E-01  3.334E-01
  329.5000  4.641E-01  4.784E-01  4.788E-01  4.650E-01  4.378E-01
  330.5000  4.204E-01  4.336E-01  4.339E-01  4.213E-01  3.963E-01
  331.5000  4.153E-01  4.284E-01  4.287E-01  4.162E-01  3.915E-01
  332.5000  4.121E-01  4.247E-01  4.250E-01  4.130E-01  3.890E-01
  333.5000  3.863E-01  3.982E-01  3.985E-01  3.871E-01  3.645E-01
  334.5000  4.325E-01  4.457E-01  4.461E-01  4.334E-01  4.082E-01
  335.5000  4.400E-01  4.533E-01  4.536E-01  4.409E-01  4.156E-01
  336.5000  3.439E-01  3.543E-01  3.545E-01  3.446E-01  3.248E-01
  337.5000  3.768E-01  3.883E-01  3.886E-01  3.776E-01  3.558E-01
  338.5000  3.992E-01  4.112E-01  4.115E-01  4.000E-01  3.772E-01
  339.5000  4.344E-01  4.474E-01  4.477E-01  4.353E-01  4.105E-01
  340.5000  4.641E-01  4.780E-01  4.784E-01  4.650E-01  4.385E-01
  341.5000  4.130E-01  4.254E-01  4.257E-01  4.139E-01  3.904E-01
  342.5000  4.579E-01  4.715E-01  4.719E-01  4.588E-01  4.329E-01
  343.5000  4.756E-01  4.898E-01  4.901E-01  4.766E-01  4.496E-01
  344.5000  3.333E-01  3.432E-01  3.435E-01  3.340E-01  3.151E-01
  345.5000  4.575E-01  4.711E-01  4.714E-01  4.584E-01  4.327E-01
  346.5000  4.278E-01  4.405E-01  4.408E-01  4.286E-01  4.045E-01
  347.5000  4.182E-01  4.306E-01  4.309E-01  4.190E-01  3.955E-01
  348.5000  4.599E-01  4.735E-01  4.738E-01  4.609E-01  4.350E-01
  349.5000  3.856E-01  3.969E-01  3.972E-01  3.864E-01  3.647E-01
  350.5000  5.401E-01  5.560E-01  5.564E-01  5.412E-01  5.110E-01
  351.5000  4.656E-01  4.793E-01  4.796E-01  4.666E-01  4.405E-01
  352.5000  4.201E-01  4.324E-01  4.327E-01  4.210E-01  3.975E-01
  353.5000  5.060E-01  5.208E-01  5.211E-01  5.070E-01  4.788E-01
  354.5000  5.479E-01  5.639E-01  5.643E-01  5.490E-01  5.185E-01
  355.5000  5.122E-01  5.271E-01  5.275E-01  5.132E-01  4.848E-01
  356.5000  4.755E-01  4.893E-01  4.897E-01  4.764E-01  4.501E-01
  357.5000  4.045E-01  4.162E-01  4.165E-01  4.053E-01  3.829E-01
  358.5000  3.122E-01  3.213E-01  3.215E-01  3.129E-01  2.956E-01
  359.5000  5.257E-01  5.409E-01  5.413E-01  5.267E-01  4.977E-01
  360.5000  4.874E-01  5.015E-01  5.018E-01  4.884E-01  4.615E-01
  361.5000  4.396E-01  4.523E-01  4.526E-01  4.405E-01  4.163E-01
  362.5000  5.164E-01  5.313E-01  5.316E-01  5.174E-01  4.890E-01
  363.5000  4.595E-01  4.727E-01  4.731E-01  4.604E-01  4.352E-01
  364.5000  5.014E-01  5.158E-01  5.162E-01  5.024E-01  4.749E-01
  365.5000  6.112E-01  6.287E-01  6.291E-01  6.124E-01  5.789E-01
  366.5000  6.470E-01  6.656E-01  6.660E-01  6.483E-01  6.130E-01
  367.5000  6.145E-01  6.321E-01  6.326E-01  6.158E-01  5.822E-01
  368.5000  5.400E-01  5.555E-01  5.558E-01  5.411E-01  5.117E-01
  369.5000  6.480E-01  6.665E-01  6.669E-01  6.492E-01  6.140E-01
  370.5000  5.881E-01  6.048E-01  6.052E-01  5.892E-01  5.573E-01
  371.5000  6.731E-01  6.922E-01  6.927E-01  6.744E-01  6.379E-01
  372.5000  4.973E-01  5.115E-01  5.118E-01  4.983E-01  4.713E-01
  373.5000  4.496E-01  4.624E-01  4.627E-01  4.505E-01  4.262E-01
  374.5000  4.937E-01  5.076E-01  5.080E-01  4.946E-01  4.679E-01
  375.5000  5.571E-01  5.729E-01  5.733E-01  5.582E-01  5.282E-01
  376.5000  5.565E-01  5.722E-01  5.726E-01  5.576E-01  5.276E-01
  377.5000  6.629E-01  6.816E-01  6.820E-01  6.642E-01  6.285E-01
  378.5000  7.227E-01  7.431E-01  7.436E-01  7.241E-01  6.853E-01
  379.5000  5.348E-01  5.499E-01  5.503E-01  5.359E-01  5.072E-01
  380.5000  6.434E-01  6.615E-01  6.619E-01  6.446E-01  6.102E-01
  381.5000  6.048E-01  6.218E-01  6.221E-01  6.059E-01  5.736E-01
  382.5000  4.031E-01  4.144E-01  4.147E-01  4.039E-01  3.823E-01
  383.5000  3.541E-01  3.640E-01  3.642E-01  3.548E-01  3.358E-01
  384.5000  5.315E-01  5.464E-01  5.467E-01  5.325E-01  5.042E-01
  385.5000  5.260E-01  5.407E-01  5.410E-01  5.270E-01  4.990E-01
  386.5000  5.363E-01  5.513E-01  5.516E-01  5.374E-01  5.088E-01
  387.5000  4.986E-01  5.125E-01  5.128E-01  4.996E-01  4.731E-01
  388.5000  4.999E-01  5.138E-01  5.141E-01  5.009E-01  4.743E-01
  389.5000  6.306E-01  6.481E-01  6.485E-01  6.318E-01  5.984E-01
  390.5000  6.196E-01  6.368E-01  6.372E-01  6.208E-01  5.880E-01
  391.5000  7.353E-01  7.556E-01  7.561E-01  7.367E-01  6.978E-01
  392.5000  5.515E-01  5.668E-01  5.671E-01  5.526E-01  5.234E-01
  393.5000  2.398E-01  2.465E-01  2.466E-01  2.403E-01  2.277E-01
  394.5000  5.645E-01  5.801E-01  5.805E-01  5.656E-01  5.359E-01
  395.5000  7.266E-01  7.466E-01  7.471E-01  7.280E-01  6.897E-01
  396.5000  4.268E-01  4.385E-01  4.388E-01  4.276E-01  4.052E-01
  397.5000  4.926E-01  5.062E-01  5.065E-01  4.935E-01  4.677E-01
  398.5000  8.467E-01  8.700E-01  8.705E-01  8.483E-01  8.039E-01
  399.5000  8.810E-01  9.051E-01  9.057E-01  8.826E-01  8.365E-01
  400.5000  9.265E-01  9.518E-01  9.524E-01  9.282E-01  8.798E-01
  401.5000  9.535E-01  9.796E-01  9.802E-01  9.553E-01  9.055E-01
  402.5000  9.901E-01  1.017E+00  1.018E+00  9.920E-01  9.403E-01
  403.5000  9.066E-01  9.313E-01  9.319E-01  9.083E-01  8.610E-01
  404.5000  8.894E-01  9.136E-01  9.142E-01  8.911E-01  8.448E-01
  405.5000  9.242E-01  9.494E-01  9.499E-01  9.259E-01  8.779E-01
  406.5000  8.707E-01  8.944E-01  8.950E-01  8.724E-01  8.271E-01
  407.5000  8.781E-01  9.020E-01  9.025E-01  8.798E-01  8.342E-01
  408.5000  9.783E-01  1.005E+00  1.005E+00  9.801E-01  9.294E-01
  409.5000  9.593E-01  9.853E-01  9.859E-01  9.611E-01  9.114E-01
  410.5000  8.321E-01  8.546E-01  8.552E-01  8.337E-01  7.906E-01
  411.5000  1.000E+00  1.028E+00  1.028E+00  1.002E+00  9.507E-01
  412.5000  9.919E-01  1.019E+00  1.019E+00  9.937E-01  9.425E-01
  413.5000  9.623E-01  9.882E-01  9.888E-01  9.641E-01  9.145E-01
  414.5000  9.893E-01  1.016E+00  1.017E+00  9.911E-01  9.402E-01
  415.5000  9.465E-01  9.720E-01  9.726E-01  9.483E-01  8.996E-01
  416.5000  1.030E+00  1.058E+00  1.059E+00  1.032E+00  9.794E-01
  417.5000  9.422E-01  9.675E-01  9.681E-01  9.440E-01  8.956E-01
  418.5000  9.499E-01  9.754E-01  9.760E-01  9.516E-01  9.029E-01
  419.5000  9.815E-01  1.008E+00  1.008E+00  9.833E-01  9.330E-01
------------------------------------------------------------
Dose rates, W m-2
   1 = UV-B, 280-315 nm                                  
   2 = UV-A, 315-400 nm                                  
   3 = Gaussian, 320 nm, 10 nm FWHM                      
   4 = RB Meter, model 501                               
   5 = DNA damage, in vitro (Setlow, 1974)               
   6 = UV index (WMO, 1994; Webb et al., 2011)           
   7 = Previtamin-D3 (CIE 2006)                          
values at z =      0.000 km
Columns: time, sza, weighting spectra
time, hrs.  sza, deg.          1          2          3          4          5          6          7
   11.0000     48.599  1.037E+00  3.983E+01  2.380E-01  2.953E-01  2.756E-03  5.519E+00  2.642E-01
   11.5000     47.476  1.091E+00  4.100E+01  2.464E-01  3.118E-01  2.970E-03  5.833E+00  2.808E-01
   12.0000     47.450  1.092E+00  4.103E+01  2.466E-01  3.121E-01  2.975E-03  5.841E+00  2.812E-01
   12.5000     48.523  1.041E+00  3.991E+01  2.385E-01  2.965E-01  2.770E-03  5.541E+00  2.654E-01
   13.0000     50.625  9.404E-01  3.769E+01  2.226E-01  2.665E-01  2.390E-03  4.970E+00  2.353E-01
------------------------------------------------------------
