Spectral Irradiance, W m-2 nm-1
values at z =      0.000 km
Columns: wavelength (nm), times (hrs.) or sza (deg.)
    wc, nm     11.000     11.500     12.000     12.500     13.000
    sza =      66.390     66.142     66.137     66.373     66.845
  280.5000  1.956E-25  2.005E-25  2.006E-25  1.959E-25  1.871E-25
  281.5000  4.079E-23  4.185E-23  4.187E-23  4.086E-23  3.898E-23
  282.5000  2.756E-21  2.829E-21  2.831E-21  2.761E-21  2.630E-21
  283.5000  3.846E-20  3.951E-20  3.953E-20  3.853E-20  3.667E-20
  284.5000  2.902E-18  2.985E-18  2.987E-18  2.908E-18  2.761E-18
  285.5000  4.489E-17  4.623E-17  4.626E-17  4.498E-17  4.262E-17
  286.5000  1.673E-15  1.725E-15  1.726E-15  1.676E-15  1.585E-15
  287.5000  3.487E-14  3.604E-14  3.606E-14  3.494E-14  3.291E-14
  288.5000  7.309E-13  7.583E-13  7.589E-13  7.326E-13  6.856E-13
  289.5000  1.142E-11  1.190E-11  1.191E-11  1.145E-11  1.063E-11
  290.5000  1.127E-10  1.181E-10  1.182E-10  1.131E-10  1.041E-10
  291.5000  1.032E-09  1.090E-09  1.091E-09  1.036E-09  9.408E-10
  292.5000  6.183E-09  6.573E-09  6.581E-09  6.208E-09  5.564E-09
  293.5000  4.423E-08  4.730E-08  4.737E-08  4.442E-08  3.931E-08
  294.5000  1.776E-07  1.906E-07  1.909E-07  1.784E-07  1.567E-07
  295.5000  1.031E-06  1.108E-06  1.110E-06  1.036E-06  9.054E-07
  296.5000  3.724E-06  3.999E-06  4.005E-06  3.741E-06  3.271E-06
  297.5000  1.383E-05  1.481E-05  1.483E-05  1.389E-05  1.219E-05
  298.5000  2.922E-05  3.118E-05  3.122E-05  2.934E-05  2.591E-05
  299.5000  1.133E-04  1.203E-04  1.205E-04  1.137E-04  1.012E-04
  300.5000  1.632E-04  1.727E-04  1.729E-04  1.638E-04  1.469E-04
  301.5000  5.201E-04  5.477E-04  5.482E-04  5.219E-04  4.724E-04
  302.5000  8.865E-04  9.303E-04  9.311E-04  8.894E-04  8.104E-04
  303.5000  2.199E-03  2.297E-03  2.299E-03  2.205E-03  2.026E-03
  304.5000  2.988E-03  3.113E-03  3.116E-03  2.996E-03  2.767E-03
  305.5000  5.470E-03  5.676E-03  5.680E-03  5.484E-03  5.105E-03
  306.5000  6.576E-03  6.811E-03  6.816E-03  6.591E-03  6.158E-03
  307.5000  1.245E-02  1.285E-02  1.286E-02  1.248E-02  1.174E-02
  308.5000  1.547E-02  1.595E-02  1.596E-02  1.550E-02  1.462E-02
  309.5000  1.634E-02  1.680E-02  1.681E-02  1.637E-02  1.551E-02
  310.5000  2.532E-02  2.599E-02  2.600E-02  2.537E-02  2.412E-02
  311.5000  3.550E-02  3.639E-02  3.641E-02  3.556E-02  3.389E-02
  312.5000  4.032E-02  4.125E-02  4.127E-02  4.039E-02  3.865E-02
  313.5000  4.744E-02  4.851E-02  4.853E-02  4.752E-02  4.551E-02
  314.5000  5.399E-02  5.511E-02  5.513E-02  5.407E-02  5.198E-02
  315.5000  5.703E-02  5.819E-02  5.821E-02  5.710E-02  5.492E-02
  316.5000  6.279E-02  6.398E-02  6.400E-02  6.287E-02  6.064E-02
  317.5000  8.896E-02  9.064E-02  9.067E-02  8.907E-02  8.591E-02
  318.5000  7.669E-02  7.804E-02  7.807E-02  7.678E-02  7.425E-02
  319.5000  9.532E-02  9.697E-02  9.700E-02  9.543E-02  9.232E-02
  320.5000  1.186E-01  1.206E-01  1.206E-01  1.187E-01  1.149E-01
  321.5000  1.094E-01  1.111E-01  1.111E-01  1.095E-01  1.062E-01
  322.5000  1.036E-01  1.053E-01  1.053E-01  1.037E-01  1.004E-01
  323.5000  1.178E-01  1.196E-01  1.197E-01  1.180E-01  1.146E-01
  324.5000  1.380E-01  1.401E-01  1.401E-01  1.381E-01  1.341E-01
  325.5000  1.529E-01  1.553E-01  1.553E-01  1.531E-01  1.486E-01
  326.5000  1.978E-01  2.006E-01  2.007E-01  1.980E-01  1.925E-01
  327.5000  1.806E-01  1.833E-01  1.833E-01  1.808E-01  1.757E-01
  328.5000  1.671E-01  1.696E-01  1.696E-01  1.673E-01  1.626E-01
  329.5000  2.274E-01  2.306E-01  2.307E-01  2.276E-01  2.216E-01
  330.5000  2.030E-01  2.059E-01  2.060E-01  2.032E-01  1.977E-01
  331.5000  2.001E-01  2.030E-01  2.030E-01  2.003E-01  1.949E-01
  332.5000  2.041E-01  2.069E-01  2.070E-01  2.043E-01  1.989E-01
  333.5000  1.893E-01  1.919E-01  1.920E-01  1.895E-01  1.844E-01
  334.5000  2.133E-01  2.163E-01  2.164E-01  2.135E-01  2.079E-01
  335.5000  2.200E-01  2.230E-01  2.231E-01  2.202E-01  2.145E-01
  336.5000  1.714E-01  1.738E-01  1.738E-01  1.716E-01  1.671E-01
  337.5000  1.863E-01  1.889E-01  1.890E-01  1.865E-01  1.816E-01
  338.5000  2.002E-01  2.030E-01  2.030E-01  2.004E-01  1.952E-01
  339.5000  2.184E-01  2.214E-01  2.215E-01  2.186E-01  2.130E-01
  340.5000  2.324E-01  2.356E-01  2.357E-01  2.326E-01  2.266E-01
  341.5000  2.084E-01  2.113E-01  2.113E-01  2.086E-01  2.033E-01
  342.5000  2.316E-01  2.347E-01  2.348E-01  2.318E-01  2.258E-01
  343.5000  2.401E-01  2.434E-01  2.435E-01  2.404E-01  2.342E-01
  344.5000  1.680E-01  1.703E-01  1.703E-01  1.682E-01  1.638E-01
  345.5000  2.323E-01  2.354E-01  2.355E-01  2.325E-01  2.266E-01
  346.5000  2.166E-01  2.195E-01  2.195E-01  2.167E-01  2.112E-01
  347.5000  2.120E-01  2.148E-01  2.149E-01  2.122E-01  2.067E-01
  348.5000  2.337E-01  2.368E-01  2.369E-01  2.339E-01  2.279E-01
  349.5000  1.960E-01  1.987E-01  1.987E-01  1.962E-01  1.912E-01
  350.5000  2.749E-01  2.786E-01  2.787E-01  2.751E-01  2.681E-01
  351.5000  2.371E-01  2.402E-01  2.403E-01  2.373E-01  2.312E-01
  352.5000  2.142E-01  2.170E-01  2.171E-01  2.144E-01  2.089E-01
  353.5000  2.584E-01  2.618E-01  2.619E-01  2.586E-01  2.520E-01
  354.5000  2.801E-01  2.839E-01  2.840E-01  2.804E-01  2.733E-01
  355.5000  2.621E-01  2.656E-01  2.657E-01  2.624E-01  2.557E-01
  356.5000  2.435E-01  2.468E-01  2.469E-01  2.438E-01  2.376E-01
  357.5000  2.073E-01  2.101E-01  2.101E-01  2.075E-01  2.023E-01
  358.5000  1.602E-01  1.624E-01  1.624E-01  1.604E-01  1.563E-01
  359.5000  2.700E-01  2.736E-01  2.736E-01  2.702E-01  2.634E-01
  360.5000  2.505E-01  2.539E-01  2.539E-01  2.508E-01  2.445E-01
  361.5000  2.262E-01  2.292E-01  2.293E-01  2.264E-01  2.207E-01
  362.5000  2.660E-01  2.695E-01  2.696E-01  2.662E-01  2.595E-01
  363.5000  2.369E-01  2.400E-01  2.401E-01  2.371E-01  2.312E-01
  364.5000  2.587E-01  2.621E-01  2.622E-01  2.589E-01  2.524E-01
  365.5000  3.156E-01  3.197E-01  3.198E-01  3.158E-01  3.079E-01
  366.5000  3.344E-01  3.388E-01  3.389E-01  3.347E-01  3.263E-01
  367.5000  3.179E-01  3.221E-01  3.222E-01  3.182E-01  3.102E-01
  368.5000  2.796E-01  2.833E-01  2.834E-01  2.798E-01  2.728E-01
  369.5000  3.358E-01  3.402E-01  3.403E-01  3.361E-01  3.277E-01
  370.5000  3.050E-01  3.090E-01  3.091E-01  3.052E-01  2.976E-01
  371.5000  3.494E-01  3.540E-01  3.540E-01  3.497E-01  3.410E-01
  372.5000  2.584E-01  2.618E-01  2.618E-01  2.586E-01  2.522E-01
  373.5000  2.338E-01  2.369E-01  2.369E-01  2.340E-01  2.282E-01
  374.5000  2.569E-01  2.602E-01  2.603E-01  2.571E-01  2.507E-01
  375.5000  2.902E-01  2.940E-01  2.940E-01  2.904E-01  2.832E-01
  376.5000  2.901E-01  2.939E-01  2.940E-01  2.903E-01  2.831E-01
  377.5000  3.458E-01  3.503E-01  3.504E-01  3.461E-01  3.375E-01
  378.5000  3.773E-01  3.823E-01  3.824E-01  3.777E-01  3.683E-01
  379.5000  2.795E-01  2.831E-01  2.832E-01  2.797E-01  2.728E-01
  380.5000  3.365E-01  3.409E-01  3.410E-01  3.368E-01  3.285E-01
  381.5000  3.165E-01  3.207E-01  3.207E-01  3.168E-01  3.090E-01
  382.5000  2.112E-01  2.139E-01  2.140E-01  2.113E-01  2.061E-01
  383.5000  1.856E-01  1.880E-01  1.881E-01  1.858E-01  1.812E-01
  384.5000  2.789E-01  2.825E-01  2.826E-01  2.791E-01  2.722E-01
  385.5000  2.762E-01  2.798E-01  2.799E-01  2.765E-01  2.697E-01
  386.5000  2.819E-01  2.855E-01  2.856E-01  2.821E-01  2.752E-01
  387.5000  2.622E-01  2.656E-01  2.657E-01  2.625E-01  2.560E-01
  388.5000  2.631E-01  2.665E-01  2.666E-01  2.634E-01  2.569E-01
  389.5000  3.322E-01  3.365E-01  3.366E-01  3.325E-01  3.243E-01
  390.5000  3.266E-01  3.309E-01  3.309E-01  3.269E-01  3.189E-01
  391.5000  3.879E-01  3.929E-01  3.930E-01  3.883E-01  3.788E-01
  392.5000  2.912E-01  2.950E-01  2.951E-01  2.915E-01  2.844E-01
  393.5000  1.267E-01  1.284E-01  1.284E-01  1.269E-01  1.238E-01
  394.5000  2.986E-01  3.024E-01  3.025E-01  2.988E-01  2.915E-01
  395.5000  3.846E-01  3.895E-01  3.896E-01  3.849E-01  3.755E-01
  396.5000  2.261E-01  2.290E-01  2.290E-01  2.262E-01  2.208E-01
  397.5000  2.611E-01  2.645E-01  2.645E-01  2.614E-01  2.550E-01
  398.5000  4.492E-01  4.549E-01  4.551E-01  4.496E-01  4.387E-01
  399.5000  4.677E-01  4.737E-01  4.738E-01  4.681E-01  4.568E-01
  400.5000  4.922E-01  4.985E-01  4.987E-01  4.927E-01  4.807E-01
  401.5000  5.070E-01  5.134E-01  5.136E-01  5.074E-01  4.951E-01
  402.5000  5.269E-01  5.336E-01  5.337E-01  5.273E-01  5.146E-01
  403.5000  4.828E-01  4.889E-01  4.890E-01  4.832E-01  4.715E-01
  404.5000  4.740E-01  4.800E-01  4.801E-01  4.744E-01  4.630E-01
  405.5000  4.929E-01  4.991E-01  4.993E-01  4.933E-01  4.814E-01
  406.5000  4.647E-01  4.706E-01  4.707E-01  4.651E-01  4.539E-01
  407.5000  4.690E-01  4.749E-01  4.751E-01  4.694E-01  4.581E-01
  408.5000  5.228E-01  5.295E-01  5.296E-01  5.233E-01  5.107E-01
  409.5000  5.131E-01  5.195E-01  5.197E-01  5.135E-01  5.012E-01
  410.5000  4.454E-01  4.510E-01  4.511E-01  4.458E-01  4.351E-01
  411.5000  5.359E-01  5.426E-01  5.428E-01  5.363E-01  5.235E-01
  412.5000  5.317E-01  5.384E-01  5.385E-01  5.321E-01  5.194E-01
  413.5000  5.162E-01  5.227E-01  5.228E-01  5.166E-01  5.043E-01
  414.5000  5.310E-01  5.377E-01  5.379E-01  5.315E-01  5.188E-01
  415.5000  5.084E-01  5.148E-01  5.149E-01  5.088E-01  4.967E-01
  416.5000  5.539E-01  5.608E-01  5.609E-01  5.543E-01  5.411E-01
  417.5000  5.068E-01  5.132E-01  5.133E-01  5.072E-01  4.952E-01
  418.5000  5.113E-01  5.177E-01  5.178E-01  5.117E-01  4.996E-01
  419.5000  5.287E-01  5.353E-01  5.354E-01  5.291E-01  5.166E-01
------------------------------------------------------------
Dose rates, W m-2
   1 = UV-B, 280-315 nm                                  
   2 = UV-A, 315-400 nm                                  
   3 = Gaussian, 320 nm, 10 nm FWHM                      
   4 = RB Meter, model 501                               
   5 = DNA damage, in vitro (Setlow, 1974)               
   6 = UV index (WMO, 1994; Webb et al., 2011)           
   7 = Previtamin-D3 (CIE 2006)                          
values at z =      0.000 km
Columns: time, sza, weighting spectra
time, hrs.  sza, deg.          1          2          3          4          5          6          7
   11.0000     66.390  2.658E-01  2.025E+01  1.005E-01  7.507E-02  4.205E-04  1.459E+00  5.231E-02
   11.5000     66.142  2.726E-01  2.052E+01  1.022E-01  7.689E-02  4.334E-04  1.492E+00  5.382E-02
   12.0000     66.137  2.727E-01  2.053E+01  1.022E-01  7.692E-02  4.337E-04  1.493E+00  5.385E-02
   12.5000     66.373  2.663E-01  2.027E+01  1.006E-01  7.519E-02  4.213E-04  1.462E+00  5.241E-02
   13.0000     66.845  2.537E-01  1.975E+01  9.744E-02  7.181E-02  3.975E-04  1.401E+00  4.959E-02
------------------------------------------------------------
