Spectral Irradiance, W m-2 nm-1
values at z =      0.000 km
Columns: wavelength (nm), times (hrs.) or sza (deg.)
    wc, nm     11.000     11.500     12.000     12.500     13.000
    sza =      27.872     25.375     24.810     26.305     29.548
  280.5000  1.351E-11  2.217E-11  2.459E-11  1.858E-11  9.343E-12
  281.5000  2.351E-10  3.696E-10  4.063E-10  3.145E-10  1.678E-10
  282.5000  1.870E-09  2.835E-09  3.092E-09  2.443E-09  1.372E-09
  283.5000  6.521E-09  9.650E-09  1.047E-08  8.389E-09  4.872E-09
  284.5000  3.827E-08  5.421E-08  5.831E-08  4.787E-08  2.953E-08
  285.5000  8.869E-08  1.217E-07  1.300E-07  1.087E-07  7.011E-08
  286.5000  7.634E-07  1.022E-06  1.065E-06  9.205E-07  6.147E-07
  287.5000  3.080E-06  4.010E-06  4.237E-06  3.649E-06  2.531E-06
  288.5000  1.054E-05  1.331E-05  1.398E-05  1.225E-05  8.854E-06
  289.5000  4.401E-05  5.443E-05  5.691E-05  5.045E-05  3.757E-05
  290.5000  1.400E-04  1.700E-04  1.771E-04  1.586E-04  1.211E-04
  291.5000  3.393E-04  4.039E-04  4.189E-04  3.795E-04  2.981E-04
  292.5000  6.546E-04  7.663E-04  7.920E-04  7.244E-04  5.824E-04
  293.5000  1.533E-03  1.766E-03  1.819E-03  1.679E-03  1.380E-03
  294.5000  2.470E-03  2.812E-03  2.889E-03  2.684E-03  2.244E-03
  295.5000  5.207E-03  5.851E-03  5.995E-03  5.612E-03  4.777E-03
  296.5000  7.854E-03  8.729E-03  8.925E-03  8.405E-03  7.263E-03
  297.5000  1.324E-02  1.458E-02  1.488E-02  1.409E-02  1.233E-02
  298.5000  1.418E-02  1.548E-02  1.577E-02  1.500E-02  1.328E-02
  299.5000  2.856E-02  3.096E-02  3.149E-02  3.008E-02  2.651E-02
  300.5000  2.477E-02  2.670E-02  2.712E-02  2.599E-02  2.344E-02
  301.5000  4.522E-02  4.842E-02  4.912E-02  4.725E-02  4.299E-02
  302.5000  5.335E-02  5.690E-02  5.767E-02  5.560E-02  5.088E-02
  303.5000  8.535E-02  9.059E-02  9.173E-02  8.868E-02  8.169E-02
  304.5000  9.002E-02  9.528E-02  9.642E-02  9.336E-02  8.634E-02
  305.5000  1.127E-01  1.188E-01  1.201E-01  1.166E-01  1.084E-01
  306.5000  1.150E-01  1.210E-01  1.223E-01  1.188E-01  1.108E-01
  307.5000  1.588E-01  1.665E-01  1.682E-01  1.637E-01  1.534E-01
  308.5000  1.749E-01  1.831E-01  1.849E-01  1.801E-01  1.691E-01
  309.5000  1.498E-01  1.565E-01  1.579E-01  1.540E-01  1.451E-01
  310.5000  1.999E-01  2.084E-01  2.103E-01  2.053E-01  1.938E-01
  311.5000  2.538E-01  2.644E-01  2.666E-01  2.605E-01  2.463E-01
  312.5000  2.417E-01  2.513E-01  2.533E-01  2.478E-01  2.349E-01
  313.5000  2.726E-01  2.832E-01  2.855E-01  2.794E-01  2.650E-01
  314.5000  2.667E-01  2.767E-01  2.789E-01  2.731E-01  2.597E-01
  315.5000  2.745E-01  2.847E-01  2.869E-01  2.810E-01  2.673E-01
  316.5000  2.689E-01  2.785E-01  2.806E-01  2.751E-01  2.621E-01
  317.5000  3.802E-01  3.938E-01  3.967E-01  3.889E-01  3.706E-01
  318.5000  2.945E-01  3.046E-01  3.068E-01  3.010E-01  2.873E-01
  319.5000  3.582E-01  3.705E-01  3.731E-01  3.660E-01  3.495E-01
  320.5000  4.343E-01  4.490E-01  4.522E-01  4.437E-01  4.238E-01
  321.5000  3.634E-01  3.753E-01  3.778E-01  3.710E-01  3.549E-01
  322.5000  3.700E-01  3.824E-01  3.851E-01  3.779E-01  3.612E-01
  323.5000  3.742E-01  3.862E-01  3.888E-01  3.819E-01  3.656E-01
  324.5000  4.394E-01  4.535E-01  4.566E-01  4.485E-01  4.294E-01
  325.5000  4.938E-01  5.097E-01  5.131E-01  5.039E-01  4.824E-01
  326.5000  5.896E-01  6.081E-01  6.121E-01  6.014E-01  5.764E-01
  327.5000  5.515E-01  5.689E-01  5.726E-01  5.626E-01  5.391E-01
  328.5000  5.091E-01  5.251E-01  5.286E-01  5.193E-01  4.977E-01
  329.5000  6.529E-01  6.731E-01  6.774E-01  6.658E-01  6.386E-01
  330.5000  5.963E-01  6.148E-01  6.187E-01  6.081E-01  5.830E-01
  331.5000  5.897E-01  6.080E-01  6.120E-01  6.014E-01  5.767E-01
  332.5000  5.761E-01  5.937E-01  5.975E-01  5.873E-01  5.635E-01
  333.5000  5.431E-01  5.598E-01  5.634E-01  5.538E-01  5.313E-01
  334.5000  6.057E-01  6.242E-01  6.282E-01  6.175E-01  5.925E-01
  335.5000  6.115E-01  6.300E-01  6.340E-01  6.233E-01  5.983E-01
  336.5000  4.786E-01  4.931E-01  4.962E-01  4.878E-01  4.682E-01
  337.5000  5.267E-01  5.427E-01  5.462E-01  5.369E-01  5.153E-01
  338.5000  5.536E-01  5.703E-01  5.738E-01  5.642E-01  5.417E-01
  339.5000  6.014E-01  6.195E-01  6.234E-01  6.129E-01  5.885E-01
  340.5000  6.439E-01  6.632E-01  6.674E-01  6.562E-01  6.301E-01
  341.5000  5.706E-01  5.876E-01  5.913E-01  5.815E-01  5.584E-01
  342.5000  6.317E-01  6.506E-01  6.546E-01  6.438E-01  6.183E-01
  343.5000  6.566E-01  6.762E-01  6.804E-01  6.691E-01  6.426E-01
  344.5000  4.605E-01  4.743E-01  4.772E-01  4.693E-01  4.507E-01
  345.5000  6.295E-01  6.482E-01  6.522E-01  6.415E-01  6.162E-01
  346.5000  5.896E-01  6.071E-01  6.108E-01  6.007E-01  5.771E-01
  347.5000  5.759E-01  5.929E-01  5.966E-01  5.868E-01  5.637E-01
  348.5000  6.325E-01  6.512E-01  6.552E-01  6.444E-01  6.191E-01
  349.5000  5.300E-01  5.457E-01  5.490E-01  5.400E-01  5.188E-01
  350.5000  7.419E-01  7.638E-01  7.685E-01  7.559E-01  7.263E-01
  351.5000  6.394E-01  6.583E-01  6.623E-01  6.514E-01  6.260E-01
  352.5000  5.765E-01  5.934E-01  5.971E-01  5.873E-01  5.644E-01
  353.5000  6.937E-01  7.140E-01  7.184E-01  7.066E-01  6.791E-01
  354.5000  7.504E-01  7.724E-01  7.771E-01  7.645E-01  7.347E-01
  355.5000  7.012E-01  7.217E-01  7.261E-01  7.143E-01  6.865E-01
  356.5000  6.506E-01  6.696E-01  6.737E-01  6.627E-01  6.370E-01
  357.5000  5.532E-01  5.693E-01  5.728E-01  5.635E-01  5.416E-01
  358.5000  4.267E-01  4.392E-01  4.418E-01  4.347E-01  4.179E-01
  359.5000  7.181E-01  7.389E-01  7.434E-01  7.314E-01  7.031E-01
  360.5000  6.654E-01  6.848E-01  6.889E-01  6.778E-01  6.516E-01
  361.5000  5.998E-01  6.172E-01  6.209E-01  6.109E-01  5.874E-01
  362.5000  7.042E-01  7.246E-01  7.289E-01  7.172E-01  6.896E-01
  363.5000  6.263E-01  6.444E-01  6.483E-01  6.379E-01  6.134E-01
  364.5000  6.831E-01  7.028E-01  7.071E-01  6.957E-01  6.690E-01
  365.5000  8.322E-01  8.562E-01  8.614E-01  8.476E-01  8.151E-01
  366.5000  8.806E-01  9.060E-01  9.114E-01  8.968E-01  8.625E-01
  367.5000  8.359E-01  8.600E-01  8.651E-01  8.513E-01  8.187E-01
  368.5000  7.342E-01  7.553E-01  7.598E-01  7.477E-01  7.191E-01
  369.5000  8.805E-01  9.058E-01  9.112E-01  8.967E-01  8.625E-01
  370.5000  7.988E-01  8.216E-01  8.265E-01  8.134E-01  7.824E-01
  371.5000  9.138E-01  9.399E-01  9.455E-01  9.305E-01  8.951E-01
  372.5000  6.749E-01  6.941E-01  6.983E-01  6.872E-01  6.611E-01
  373.5000  6.099E-01  6.273E-01  6.310E-01  6.210E-01  5.975E-01
  374.5000  6.693E-01  6.884E-01  6.924E-01  6.815E-01  6.557E-01
  375.5000  7.550E-01  7.765E-01  7.811E-01  7.687E-01  7.396E-01
  376.5000  7.538E-01  7.752E-01  7.798E-01  7.675E-01  7.385E-01
  377.5000  8.975E-01  9.230E-01  9.284E-01  9.138E-01  8.793E-01
  378.5000  9.781E-01  1.006E+00  1.012E+00  9.957E-01  9.582E-01
  379.5000  7.235E-01  7.440E-01  7.484E-01  7.366E-01  7.089E-01
  380.5000  8.700E-01  8.946E-01  8.998E-01  8.857E-01  8.524E-01
  381.5000  8.174E-01  8.405E-01  8.454E-01  8.321E-01  8.009E-01
  382.5000  5.446E-01  5.599E-01  5.632E-01  5.544E-01  5.336E-01
  383.5000  4.781E-01  4.916E-01  4.945E-01  4.867E-01  4.685E-01
  384.5000  7.175E-01  7.376E-01  7.420E-01  7.303E-01  7.030E-01
  385.5000  7.097E-01  7.297E-01  7.339E-01  7.225E-01  6.955E-01
  386.5000  7.234E-01  7.437E-01  7.480E-01  7.363E-01  7.088E-01
  387.5000  6.722E-01  6.910E-01  6.951E-01  6.842E-01  6.587E-01
  388.5000  6.737E-01  6.925E-01  6.966E-01  6.857E-01  6.602E-01
  389.5000  8.495E-01  8.732E-01  8.783E-01  8.646E-01  8.325E-01
  390.5000  8.343E-01  8.576E-01  8.626E-01  8.492E-01  8.176E-01
  391.5000  9.896E-01  1.017E+00  1.023E+00  1.007E+00  9.699E-01
  392.5000  7.420E-01  7.627E-01  7.671E-01  7.552E-01  7.272E-01
  393.5000  3.226E-01  3.315E-01  3.335E-01  3.283E-01  3.161E-01
  394.5000  7.590E-01  7.801E-01  7.846E-01  7.724E-01  7.439E-01
  395.5000  9.764E-01  1.004E+00  1.009E+00  9.937E-01  9.570E-01
  396.5000  5.733E-01  5.892E-01  5.926E-01  5.835E-01  5.619E-01
  397.5000  6.615E-01  6.798E-01  6.838E-01  6.732E-01  6.484E-01
  398.5000  1.137E+00  1.168E+00  1.175E+00  1.157E+00  1.114E+00
  399.5000  1.182E+00  1.215E+00  1.222E+00  1.203E+00  1.159E+00
  400.5000  1.243E+00  1.277E+00  1.284E+00  1.265E+00  1.218E+00
  401.5000  1.278E+00  1.314E+00  1.321E+00  1.301E+00  1.253E+00
  402.5000  1.327E+00  1.364E+00  1.372E+00  1.351E+00  1.301E+00
  403.5000  1.215E+00  1.248E+00  1.255E+00  1.236E+00  1.191E+00
  404.5000  1.191E+00  1.224E+00  1.231E+00  1.212E+00  1.168E+00
  405.5000  1.237E+00  1.271E+00  1.279E+00  1.259E+00  1.213E+00
  406.5000  1.165E+00  1.197E+00  1.204E+00  1.186E+00  1.143E+00
  407.5000  1.175E+00  1.207E+00  1.214E+00  1.196E+00  1.152E+00
  408.5000  1.309E+00  1.344E+00  1.352E+00  1.331E+00  1.283E+00
  409.5000  1.283E+00  1.318E+00  1.325E+00  1.305E+00  1.258E+00
  410.5000  1.112E+00  1.143E+00  1.149E+00  1.132E+00  1.091E+00
  411.5000  1.337E+00  1.373E+00  1.381E+00  1.360E+00  1.311E+00
  412.5000  1.325E+00  1.361E+00  1.369E+00  1.348E+00  1.299E+00
  413.5000  1.285E+00  1.320E+00  1.327E+00  1.307E+00  1.260E+00
  414.5000  1.321E+00  1.357E+00  1.364E+00  1.344E+00  1.295E+00
  415.5000  1.263E+00  1.297E+00  1.305E+00  1.285E+00  1.239E+00
  416.5000  1.375E+00  1.412E+00  1.420E+00  1.399E+00  1.348E+00
  417.5000  1.257E+00  1.291E+00  1.298E+00  1.278E+00  1.232E+00
  418.5000  1.266E+00  1.301E+00  1.308E+00  1.288E+00  1.242E+00
  419.5000  1.308E+00  1.344E+00  1.351E+00  1.331E+00  1.283E+00
------------------------------------------------------------
Dose rates, W m-2
   1 = UV-B, 280-315 nm                                  
   2 = UV-A, 315-400 nm                                  
   3 = Gaussian, 320 nm, 10 nm FWHM                      
   4 = RB Meter, model 501                               
   5 = DNA damage, in vitro (Setlow, 1974)               
   6 = UV index (WMO, 1994; Webb et al., 2011)           
   7 = Previtamin-D3 (CIE 2006)                          
values at z =      0.000 km
Columns: time, sza, weighting spectra
time, hrs.  sza, deg.          1          2          3          4          5          6          7
   11.0000     27.872  2.319E+00  5.486E+01  3.672E-01  7.410E-01  1.235E-02  1.510E+01  7.537E-01
   11.5000     25.375  2.429E+00  5.647E+01  3.797E-01  7.807E-01  1.333E-02  1.598E+01  7.967E-01
   12.0000     24.810  2.453E+00  5.681E+01  3.824E-01  7.893E-01  1.354E-02  1.618E+01  8.061E-01
   12.5000     26.305  2.389E+00  5.589E+01  3.751E-01  7.662E-01  1.297E-02  1.566E+01  7.810E-01
   13.0000     29.548  2.241E+00  5.371E+01  3.583E-01  7.129E-01  1.167E-02  1.447E+01  7.232E-01
------------------------------------------------------------
