Spectral Irradiance, W m-2 nm-1
values at z =      0.000 km
Columns: wavelength (nm), times (hrs.) or sza (deg.)
    wc, nm     11.000     11.500     12.000     12.500     13.000
    sza =      33.477     32.174     32.178     33.488     35.955
  280.5000  2.753E-20  5.119E-20  5.109E-20  2.738E-20  7.562E-21
  281.5000  3.029E-18  5.328E-18  5.318E-18  3.014E-18  9.342E-19
  282.5000  1.175E-16  1.971E-16  1.967E-16  1.170E-16  4.003E-17
  283.5000  1.146E-15  1.864E-15  1.861E-15  1.142E-15  4.166E-16
  284.5000  4.387E-14  6.741E-14  6.732E-14  4.370E-14  1.793E-14
  285.5000  4.069E-13  5.997E-13  5.990E-13  4.055E-13  1.814E-13
  286.5000  1.017E-11  1.452E-11  1.450E-11  1.014E-11  4.848E-12
  287.5000  1.339E-10  1.844E-10  1.842E-10  1.335E-10  6.873E-11
  288.5000  1.655E-09  2.193E-09  2.191E-09  1.651E-09  9.211E-10
  289.5000  1.734E-08  2.235E-08  2.233E-08  1.730E-08  1.022E-08
  290.5000  1.195E-07  1.505E-07  1.504E-07  1.193E-07  7.394E-08
  291.5000  6.954E-07  8.532E-07  8.527E-07  6.942E-07  4.546E-07
  292.5000  2.749E-06  3.301E-06  3.299E-06  2.745E-06  1.880E-06
  293.5000  1.264E-05  1.487E-05  1.487E-05  1.262E-05  9.017E-06
  294.5000  3.457E-05  4.004E-05  4.002E-05  3.453E-05  2.549E-05
  295.5000  1.278E-04  1.455E-04  1.455E-04  1.277E-04  9.759E-05
  296.5000  3.074E-04  3.452E-04  3.450E-04  3.071E-04  2.416E-04
  297.5000  7.804E-04  8.657E-04  8.654E-04  7.797E-04  6.294E-04
  298.5000  1.179E-03  1.295E-03  1.295E-03  1.179E-03  9.719E-04
  299.5000  3.291E-03  3.578E-03  3.577E-03  3.288E-03  2.767E-03
  300.5000  3.662E-03  3.953E-03  3.952E-03  3.660E-03  3.128E-03
  301.5000  8.760E-03  9.378E-03  9.376E-03  8.755E-03  7.607E-03
  302.5000  1.234E-02  1.314E-02  1.314E-02  1.234E-02  1.084E-02
  303.5000  2.434E-02  2.576E-02  2.575E-02  2.433E-02  2.165E-02
  304.5000  2.897E-02  3.054E-02  3.054E-02  2.895E-02  2.596E-02
  305.5000  4.337E-02  4.549E-02  4.549E-02  4.336E-02  3.931E-02
  306.5000  4.783E-02  5.005E-02  5.005E-02  4.782E-02  4.355E-02
  307.5000  7.651E-02  7.972E-02  7.971E-02  7.649E-02  7.031E-02
  308.5000  8.917E-02  9.274E-02  9.273E-02  8.914E-02  8.223E-02
  309.5000  8.414E-02  8.726E-02  8.725E-02  8.412E-02  7.807E-02
  310.5000  1.203E-01  1.245E-01  1.245E-01  1.203E-01  1.121E-01
  311.5000  1.599E-01  1.653E-01  1.652E-01  1.599E-01  1.494E-01
  312.5000  1.651E-01  1.702E-01  1.702E-01  1.651E-01  1.551E-01
  313.5000  1.899E-01  1.957E-01  1.956E-01  1.898E-01  1.786E-01
  314.5000  1.991E-01  2.047E-01  2.047E-01  1.990E-01  1.880E-01
  315.5000  2.074E-01  2.131E-01  2.131E-01  2.073E-01  1.960E-01
  316.5000  2.143E-01  2.199E-01  2.199E-01  2.142E-01  2.032E-01
  317.5000  3.032E-01  3.111E-01  3.111E-01  3.031E-01  2.876E-01
  318.5000  2.466E-01  2.527E-01  2.526E-01  2.465E-01  2.346E-01
  319.5000  3.029E-01  3.103E-01  3.102E-01  3.028E-01  2.883E-01
  320.5000  3.714E-01  3.803E-01  3.803E-01  3.714E-01  3.539E-01
  321.5000  3.250E-01  3.323E-01  3.323E-01  3.249E-01  3.105E-01
  322.5000  3.199E-01  3.275E-01  3.274E-01  3.199E-01  3.050E-01
  323.5000  3.415E-01  3.490E-01  3.490E-01  3.415E-01  3.267E-01
  324.5000  4.004E-01  4.092E-01  4.091E-01  4.003E-01  3.830E-01
  325.5000  4.468E-01  4.567E-01  4.567E-01  4.467E-01  4.273E-01
  326.5000  5.534E-01  5.650E-01  5.650E-01  5.533E-01  5.304E-01
  327.5000  5.117E-01  5.226E-01  5.226E-01  5.116E-01  4.901E-01
  328.5000  4.726E-01  4.827E-01  4.826E-01  4.726E-01  4.527E-01
  329.5000  6.228E-01  6.355E-01  6.355E-01  6.227E-01  5.976E-01
  330.5000  5.626E-01  5.742E-01  5.742E-01  5.625E-01  5.395E-01
  331.5000  5.550E-01  5.667E-01  5.666E-01  5.548E-01  5.324E-01
  332.5000  5.531E-01  5.642E-01  5.642E-01  5.530E-01  5.310E-01
  333.5000  5.172E-01  5.277E-01  5.277E-01  5.171E-01  4.963E-01
  334.5000  5.793E-01  5.910E-01  5.910E-01  5.792E-01  5.561E-01
  335.5000  5.904E-01  6.021E-01  6.021E-01  5.903E-01  5.671E-01
  336.5000  4.608E-01  4.700E-01  4.700E-01  4.608E-01  4.426E-01
  337.5000  5.040E-01  5.141E-01  5.141E-01  5.039E-01  4.839E-01
  338.5000  5.349E-01  5.455E-01  5.454E-01  5.348E-01  5.139E-01
  339.5000  5.819E-01  5.933E-01  5.933E-01  5.818E-01  5.592E-01
  340.5000  6.209E-01  6.332E-01  6.331E-01  6.208E-01  5.966E-01
  341.5000  5.530E-01  5.638E-01  5.637E-01  5.529E-01  5.315E-01
  342.5000  6.128E-01  6.248E-01  6.248E-01  6.128E-01  5.891E-01
  343.5000  6.360E-01  6.484E-01  6.483E-01  6.359E-01  6.113E-01
  344.5000  4.453E-01  4.540E-01  4.540E-01  4.452E-01  4.280E-01
  345.5000  6.116E-01  6.235E-01  6.234E-01  6.115E-01  5.881E-01
  346.5000  5.712E-01  5.823E-01  5.823E-01  5.712E-01  5.492E-01
  347.5000  5.582E-01  5.690E-01  5.690E-01  5.581E-01  5.367E-01
  348.5000  6.138E-01  6.256E-01  6.256E-01  6.137E-01  5.902E-01
  349.5000  5.143E-01  5.242E-01  5.242E-01  5.142E-01  4.946E-01
  350.5000  7.201E-01  7.340E-01  7.339E-01  7.200E-01  6.926E-01
  351.5000  6.205E-01  6.324E-01  6.324E-01  6.204E-01  5.968E-01
  352.5000  5.596E-01  5.703E-01  5.703E-01  5.595E-01  5.383E-01
  353.5000  6.738E-01  6.866E-01  6.866E-01  6.737E-01  6.481E-01
  354.5000  7.293E-01  7.432E-01  7.432E-01  7.292E-01  7.016E-01
  355.5000  6.815E-01  6.945E-01  6.944E-01  6.814E-01  6.557E-01
  356.5000  6.323E-01  6.444E-01  6.443E-01  6.323E-01  6.084E-01
  357.5000  5.376E-01  5.478E-01  5.478E-01  5.376E-01  5.173E-01
  358.5000  4.149E-01  4.227E-01  4.227E-01  4.148E-01  3.992E-01
  359.5000  6.981E-01  7.114E-01  7.113E-01  6.980E-01  6.718E-01
  360.5000  6.470E-01  6.593E-01  6.592E-01  6.469E-01  6.227E-01
  361.5000  5.833E-01  5.943E-01  5.943E-01  5.832E-01  5.614E-01
  362.5000  6.849E-01  6.978E-01  6.978E-01  6.848E-01  6.593E-01
  363.5000  6.092E-01  6.207E-01  6.207E-01  6.092E-01  5.864E-01
  364.5000  6.645E-01  6.770E-01  6.770E-01  6.644E-01  6.397E-01
  365.5000  8.096E-01  8.248E-01  8.247E-01  8.095E-01  7.794E-01
  366.5000  8.567E-01  8.728E-01  8.727E-01  8.566E-01  8.248E-01
  367.5000  8.134E-01  8.286E-01  8.285E-01  8.133E-01  7.831E-01
  368.5000  7.144E-01  7.278E-01  7.277E-01  7.143E-01  6.879E-01
  369.5000  8.569E-01  8.729E-01  8.728E-01  8.568E-01  8.251E-01
  370.5000  7.773E-01  7.918E-01  7.918E-01  7.772E-01  7.485E-01
  371.5000  8.893E-01  9.059E-01  9.058E-01  8.892E-01  8.564E-01
  372.5000  6.568E-01  6.690E-01  6.690E-01  6.568E-01  6.326E-01
  373.5000  5.936E-01  6.046E-01  6.046E-01  5.936E-01  5.717E-01
  374.5000  6.515E-01  6.635E-01  6.635E-01  6.514E-01  6.275E-01
  375.5000  7.349E-01  7.485E-01  7.485E-01  7.348E-01  7.079E-01
  376.5000  7.338E-01  7.474E-01  7.473E-01  7.337E-01  7.069E-01
  377.5000  8.737E-01  8.899E-01  8.898E-01  8.736E-01  8.417E-01
  378.5000  9.522E-01  9.697E-01  9.697E-01  9.521E-01  9.173E-01
  379.5000  7.044E-01  7.174E-01  7.173E-01  7.043E-01  6.786E-01
  380.5000  8.470E-01  8.626E-01  8.626E-01  8.469E-01  8.161E-01
  381.5000  7.959E-01  8.105E-01  8.104E-01  7.958E-01  7.669E-01
  382.5000  5.303E-01  5.400E-01  5.400E-01  5.302E-01  5.110E-01
  383.5000  4.656E-01  4.741E-01  4.741E-01  4.655E-01  4.487E-01
  384.5000  6.987E-01  7.114E-01  7.114E-01  6.986E-01  6.733E-01
  385.5000  6.912E-01  7.038E-01  7.037E-01  6.911E-01  6.661E-01
  386.5000  7.045E-01  7.173E-01  7.173E-01  7.044E-01  6.789E-01
  387.5000  6.546E-01  6.666E-01  6.665E-01  6.546E-01  6.310E-01
  388.5000  6.561E-01  6.680E-01  6.680E-01  6.560E-01  6.324E-01
  389.5000  8.274E-01  8.424E-01  8.423E-01  8.273E-01  7.975E-01
  390.5000  8.126E-01  8.273E-01  8.273E-01  8.125E-01  7.833E-01
  391.5000  9.639E-01  9.814E-01  9.813E-01  9.638E-01  9.292E-01
  392.5000  7.228E-01  7.359E-01  7.358E-01  7.227E-01  6.968E-01
  393.5000  3.142E-01  3.199E-01  3.199E-01  3.142E-01  3.029E-01
  394.5000  7.393E-01  7.527E-01  7.526E-01  7.392E-01  7.128E-01
  395.5000  9.512E-01  9.683E-01  9.683E-01  9.511E-01  9.171E-01
  396.5000  5.585E-01  5.685E-01  5.685E-01  5.584E-01  5.385E-01
  397.5000  6.444E-01  6.560E-01  6.560E-01  6.444E-01  6.214E-01
  398.5000  1.107E+00  1.127E+00  1.127E+00  1.107E+00  1.068E+00
  399.5000  1.152E+00  1.172E+00  1.172E+00  1.152E+00  1.111E+00
  400.5000  1.211E+00  1.232E+00  1.232E+00  1.211E+00  1.168E+00
  401.5000  1.246E+00  1.268E+00  1.268E+00  1.245E+00  1.201E+00
  402.5000  1.293E+00  1.316E+00  1.316E+00  1.293E+00  1.247E+00
  403.5000  1.184E+00  1.205E+00  1.205E+00  1.183E+00  1.142E+00
  404.5000  1.161E+00  1.181E+00  1.181E+00  1.161E+00  1.120E+00
  405.5000  1.206E+00  1.227E+00  1.227E+00  1.206E+00  1.163E+00
  406.5000  1.136E+00  1.156E+00  1.156E+00  1.136E+00  1.095E+00
  407.5000  1.145E+00  1.165E+00  1.165E+00  1.145E+00  1.104E+00
  408.5000  1.275E+00  1.298E+00  1.298E+00  1.275E+00  1.230E+00
  409.5000  1.250E+00  1.272E+00  1.272E+00  1.250E+00  1.206E+00
  410.5000  1.084E+00  1.103E+00  1.103E+00  1.084E+00  1.046E+00
  411.5000  1.303E+00  1.326E+00  1.326E+00  1.303E+00  1.257E+00
  412.5000  1.291E+00  1.314E+00  1.314E+00  1.291E+00  1.246E+00
  413.5000  1.252E+00  1.274E+00  1.274E+00  1.252E+00  1.208E+00
  414.5000  1.287E+00  1.310E+00  1.310E+00  1.287E+00  1.242E+00
  415.5000  1.231E+00  1.253E+00  1.253E+00  1.231E+00  1.188E+00
  416.5000  1.340E+00  1.363E+00  1.363E+00  1.340E+00  1.293E+00
  417.5000  1.225E+00  1.246E+00  1.246E+00  1.225E+00  1.182E+00
  418.5000  1.234E+00  1.256E+00  1.256E+00  1.234E+00  1.191E+00
  419.5000  1.275E+00  1.297E+00  1.297E+00  1.275E+00  1.230E+00
------------------------------------------------------------
Dose rates, W m-2
   1 = UV-B, 280-315 nm                                  
   2 = UV-A, 315-400 nm                                  
   3 = Gaussian, 320 nm, 10 nm FWHM                      
   4 = RB Meter, model 501                               
   5 = DNA damage, in vitro (Setlow, 1974)               
   6 = UV index (WMO, 1994; Webb et al., 2011)           
   7 = Previtamin-D3 (CIE 2006)                          
values at z =      0.000 km
Columns: time, sza, weighting spectra
time, hrs.  sza, deg.          1          2          3          4          5          6          7
   11.0000     33.477  1.259E+00  5.273E+01  3.131E-01  3.537E-01  2.970E-03  6.563E+00  3.053E-01
   11.5000     32.174  1.305E+00  5.374E+01  3.206E-01  3.670E-01  3.127E-03  6.813E+00  3.185E-01
   12.0000     32.178  1.305E+00  5.374E+01  3.206E-01  3.670E-01  3.126E-03  6.812E+00  3.185E-01
   12.5000     33.488  1.259E+00  5.272E+01  3.130E-01  3.536E-01  2.969E-03  6.562E+00  3.052E-01
   13.0000     35.955  1.171E+00  5.072E+01  2.983E-01  3.278E-01  2.674E-03  6.083E+00  2.798E-01
------------------------------------------------------------
