Spectral Irradiance, W m-2 nm-1
values at z =      0.000 km
Columns: wavelength (nm), times (hrs.) or sza (deg.)
    wc, nm     11.000     11.500     12.000     12.500     13.000
    sza =      71.789     71.198     70.939     71.017     71.428
  280.5000  1.771E-38  1.844E-38  1.877E-38  1.867E-38  1.815E-38
  281.5000  5.469E-35  5.698E-35  5.803E-35  5.771E-35  5.607E-35
  282.5000  3.730E-32  3.888E-32  3.961E-32  3.939E-32  3.825E-32
  283.5000  2.329E-30  2.429E-30  2.475E-30  2.461E-30  2.390E-30
  284.5000  2.690E-27  2.809E-27  2.863E-27  2.847E-27  2.762E-27
  285.5000  3.112E-25  3.253E-25  3.317E-25  3.298E-25  3.197E-25
  286.5000  5.416E-23  5.667E-23  5.782E-23  5.746E-23  5.567E-23
  287.5000  6.197E-21  6.491E-21  6.627E-21  6.585E-21  6.374E-21
  288.5000  8.144E-19  8.545E-19  8.730E-19  8.673E-19  8.385E-19
  289.5000  4.657E-17  4.893E-17  5.002E-17  4.969E-17  4.799E-17
  290.5000  1.345E-15  1.415E-15  1.448E-15  1.438E-15  1.387E-15
  291.5000  4.027E-14  4.247E-14  4.349E-14  4.318E-14  4.159E-14
  292.5000  6.158E-13  6.508E-13  6.670E-13  6.620E-13  6.367E-13
  293.5000  1.026E-11  1.087E-11  1.116E-11  1.107E-11  1.063E-11
  294.5000  7.790E-11  8.277E-11  8.505E-11  8.435E-11  8.082E-11
  295.5000  8.690E-10  9.273E-10  9.548E-10  9.464E-10  9.038E-10
  296.5000  5.351E-09  5.742E-09  5.930E-09  5.872E-09  5.583E-09
  297.5000  3.180E-08  3.441E-08  3.569E-08  3.529E-08  3.335E-08
  298.5000  1.016E-07  1.111E-07  1.159E-07  1.144E-07  1.072E-07
  299.5000  5.993E-07  6.653E-07  6.983E-07  6.880E-07  6.380E-07
  300.5000  1.235E-06  1.389E-06  1.466E-06  1.442E-06  1.325E-06
  301.5000  6.108E-06  6.973E-06  7.405E-06  7.271E-06  6.616E-06
  302.5000  1.439E-05  1.656E-05  1.764E-05  1.730E-05  1.567E-05
  303.5000  5.477E-05  6.333E-05  6.753E-05  6.623E-05  5.982E-05
  304.5000  9.729E-05  1.125E-04  1.199E-04  1.176E-04  1.063E-04
  305.5000  2.743E-04  3.158E-04  3.357E-04  3.296E-04  2.989E-04
  306.5000  4.003E-04  4.591E-04  4.872E-04  4.786E-04  4.353E-04
  307.5000  1.122E-03  1.274E-03  1.346E-03  1.324E-03  1.213E-03
  308.5000  1.627E-03  1.839E-03  1.938E-03  1.908E-03  1.754E-03
  309.5000  2.258E-03  2.529E-03  2.654E-03  2.616E-03  2.420E-03
  310.5000  4.271E-03  4.747E-03  4.966E-03  4.899E-03  4.557E-03
  311.5000  6.832E-03  7.553E-03  7.884E-03  7.783E-03  7.266E-03
  312.5000  9.871E-03  1.080E-02  1.123E-02  1.110E-02  1.043E-02
  313.5000  1.229E-02  1.342E-02  1.393E-02  1.378E-02  1.297E-02
  314.5000  1.723E-02  1.864E-02  1.928E-02  1.908E-02  1.808E-02
  315.5000  1.883E-02  2.034E-02  2.102E-02  2.081E-02  1.974E-02
  316.5000  2.440E-02  2.616E-02  2.695E-02  2.671E-02  2.547E-02
  317.5000  3.459E-02  3.709E-02  3.821E-02  3.787E-02  3.611E-02
  318.5000  3.467E-02  3.691E-02  3.791E-02  3.761E-02  3.603E-02
  319.5000  4.434E-02  4.715E-02  4.840E-02  4.802E-02  4.604E-02
  320.5000  5.710E-02  6.061E-02  6.218E-02  6.171E-02  5.923E-02
  321.5000  6.050E-02  6.379E-02  6.526E-02  6.481E-02  6.250E-02
  322.5000  5.148E-02  5.457E-02  5.595E-02  5.553E-02  5.336E-02
  323.5000  6.935E-02  7.292E-02  7.450E-02  7.402E-02  7.152E-02
  324.5000  8.069E-02  8.487E-02  8.672E-02  8.616E-02  8.323E-02
  325.5000  8.748E-02  9.211E-02  9.416E-02  9.354E-02  9.029E-02
  326.5000  1.269E-01  1.328E-01  1.355E-01  1.347E-01  1.305E-01
  327.5000  1.117E-01  1.171E-01  1.196E-01  1.188E-01  1.150E-01
  328.5000  1.034E-01  1.085E-01  1.107E-01  1.101E-01  1.065E-01
  329.5000  1.533E-01  1.601E-01  1.632E-01  1.622E-01  1.575E-01
  330.5000  1.321E-01  1.382E-01  1.410E-01  1.401E-01  1.358E-01
  331.5000  1.293E-01  1.353E-01  1.380E-01  1.372E-01  1.330E-01
  332.5000  1.402E-01  1.464E-01  1.491E-01  1.482E-01  1.440E-01
  333.5000  1.267E-01  1.324E-01  1.349E-01  1.341E-01  1.301E-01
  334.5000  1.447E-01  1.512E-01  1.540E-01  1.531E-01  1.486E-01
  335.5000  1.537E-01  1.603E-01  1.632E-01  1.624E-01  1.577E-01
  336.5000  1.188E-01  1.239E-01  1.262E-01  1.255E-01  1.219E-01
  337.5000  1.265E-01  1.321E-01  1.346E-01  1.338E-01  1.299E-01
  338.5000  1.402E-01  1.462E-01  1.488E-01  1.480E-01  1.438E-01
  339.5000  1.536E-01  1.601E-01  1.630E-01  1.621E-01  1.576E-01
  340.5000  1.616E-01  1.686E-01  1.717E-01  1.707E-01  1.659E-01
  341.5000  1.473E-01  1.535E-01  1.562E-01  1.554E-01  1.510E-01
  342.5000  1.641E-01  1.710E-01  1.740E-01  1.731E-01  1.683E-01
  343.5000  1.693E-01  1.765E-01  1.796E-01  1.787E-01  1.736E-01
  344.5000  1.177E-01  1.228E-01  1.250E-01  1.243E-01  1.208E-01
  345.5000  1.653E-01  1.723E-01  1.753E-01  1.744E-01  1.695E-01
  346.5000  1.527E-01  1.592E-01  1.621E-01  1.612E-01  1.567E-01
  347.5000  1.497E-01  1.560E-01  1.588E-01  1.580E-01  1.535E-01
  348.5000  1.656E-01  1.726E-01  1.756E-01  1.747E-01  1.698E-01
  349.5000  1.388E-01  1.447E-01  1.473E-01  1.465E-01  1.424E-01
  350.5000  1.949E-01  2.031E-01  2.067E-01  2.056E-01  1.999E-01
  351.5000  1.679E-01  1.750E-01  1.781E-01  1.772E-01  1.722E-01
  352.5000  1.519E-01  1.583E-01  1.611E-01  1.602E-01  1.558E-01
  353.5000  1.835E-01  1.913E-01  1.947E-01  1.936E-01  1.882E-01
  354.5000  1.993E-01  2.077E-01  2.114E-01  2.103E-01  2.044E-01
  355.5000  1.866E-01  1.944E-01  1.979E-01  1.968E-01  1.913E-01
  356.5000  1.733E-01  1.806E-01  1.838E-01  1.829E-01  1.778E-01
  357.5000  1.475E-01  1.537E-01  1.565E-01  1.556E-01  1.513E-01
  358.5000  1.141E-01  1.189E-01  1.210E-01  1.204E-01  1.170E-01
  359.5000  1.923E-01  2.004E-01  2.040E-01  2.029E-01  1.972E-01
  360.5000  1.785E-01  1.860E-01  1.893E-01  1.883E-01  1.831E-01
  361.5000  1.613E-01  1.681E-01  1.710E-01  1.701E-01  1.654E-01
  362.5000  1.897E-01  1.977E-01  2.012E-01  2.001E-01  1.946E-01
  363.5000  1.690E-01  1.761E-01  1.792E-01  1.783E-01  1.733E-01
  364.5000  1.846E-01  1.924E-01  1.958E-01  1.947E-01  1.893E-01
  365.5000  2.252E-01  2.346E-01  2.388E-01  2.375E-01  2.309E-01
  366.5000  2.387E-01  2.487E-01  2.531E-01  2.518E-01  2.448E-01
  367.5000  2.271E-01  2.366E-01  2.407E-01  2.395E-01  2.328E-01
  368.5000  1.997E-01  2.081E-01  2.118E-01  2.106E-01  2.048E-01
  369.5000  2.399E-01  2.499E-01  2.543E-01  2.530E-01  2.460E-01
  370.5000  2.180E-01  2.271E-01  2.311E-01  2.299E-01  2.235E-01
  371.5000  2.498E-01  2.602E-01  2.648E-01  2.634E-01  2.561E-01
  372.5000  1.847E-01  1.925E-01  1.958E-01  1.948E-01  1.894E-01
  373.5000  1.672E-01  1.742E-01  1.772E-01  1.763E-01  1.714E-01
  374.5000  1.837E-01  1.914E-01  1.948E-01  1.938E-01  1.884E-01
  375.5000  2.076E-01  2.163E-01  2.201E-01  2.189E-01  2.129E-01
  376.5000  2.076E-01  2.163E-01  2.201E-01  2.189E-01  2.129E-01
  377.5000  2.476E-01  2.579E-01  2.624E-01  2.610E-01  2.538E-01
  378.5000  2.702E-01  2.814E-01  2.864E-01  2.849E-01  2.770E-01
  379.5000  2.002E-01  2.085E-01  2.121E-01  2.110E-01  2.052E-01
  380.5000  2.410E-01  2.511E-01  2.555E-01  2.541E-01  2.471E-01
  381.5000  2.268E-01  2.362E-01  2.404E-01  2.391E-01  2.325E-01
  382.5000  1.513E-01  1.576E-01  1.604E-01  1.595E-01  1.552E-01
  383.5000  1.331E-01  1.386E-01  1.410E-01  1.403E-01  1.364E-01
  384.5000  2.000E-01  2.083E-01  2.119E-01  2.108E-01  2.050E-01
  385.5000  1.981E-01  2.063E-01  2.099E-01  2.088E-01  2.031E-01
  386.5000  2.022E-01  2.106E-01  2.143E-01  2.132E-01  2.073E-01
  387.5000  1.882E-01  1.960E-01  1.994E-01  1.984E-01  1.929E-01
  388.5000  1.889E-01  1.967E-01  2.001E-01  1.991E-01  1.936E-01
  389.5000  2.385E-01  2.484E-01  2.527E-01  2.514E-01  2.445E-01
  390.5000  2.346E-01  2.443E-01  2.485E-01  2.472E-01  2.405E-01
  391.5000  2.787E-01  2.902E-01  2.952E-01  2.937E-01  2.857E-01
  392.5000  2.093E-01  2.179E-01  2.217E-01  2.205E-01  2.145E-01
  393.5000  9.110E-02  9.485E-02  9.650E-02  9.600E-02  9.338E-02
  394.5000  2.146E-01  2.235E-01  2.274E-01  2.262E-01  2.200E-01
  395.5000  2.765E-01  2.879E-01  2.929E-01  2.914E-01  2.834E-01
  396.5000  1.626E-01  1.693E-01  1.722E-01  1.713E-01  1.667E-01
  397.5000  1.879E-01  1.956E-01  1.990E-01  1.980E-01  1.926E-01
  398.5000  3.233E-01  3.366E-01  3.424E-01  3.406E-01  3.314E-01
  399.5000  3.367E-01  3.505E-01  3.566E-01  3.547E-01  3.451E-01
  400.5000  3.544E-01  3.690E-01  3.754E-01  3.734E-01  3.633E-01
  401.5000  3.651E-01  3.801E-01  3.867E-01  3.847E-01  3.742E-01
  402.5000  3.796E-01  3.951E-01  4.019E-01  3.999E-01  3.890E-01
  403.5000  3.479E-01  3.621E-01  3.684E-01  3.665E-01  3.565E-01
  404.5000  3.417E-01  3.556E-01  3.618E-01  3.599E-01  3.502E-01
  405.5000  3.554E-01  3.699E-01  3.763E-01  3.744E-01  3.642E-01
  406.5000  3.352E-01  3.488E-01  3.549E-01  3.530E-01  3.435E-01
  407.5000  3.383E-01  3.521E-01  3.582E-01  3.563E-01  3.467E-01
  408.5000  3.773E-01  3.926E-01  3.994E-01  3.973E-01  3.866E-01
  409.5000  3.703E-01  3.854E-01  3.920E-01  3.900E-01  3.795E-01
  410.5000  3.215E-01  3.346E-01  3.404E-01  3.386E-01  3.295E-01
  411.5000  3.870E-01  4.027E-01  4.096E-01  4.075E-01  3.966E-01
  412.5000  3.841E-01  3.997E-01  4.065E-01  4.044E-01  3.936E-01
  413.5000  3.730E-01  3.881E-01  3.948E-01  3.928E-01  3.822E-01
  414.5000  3.838E-01  3.994E-01  4.062E-01  4.042E-01  3.933E-01
  415.5000  3.676E-01  3.825E-01  3.890E-01  3.870E-01  3.766E-01
  416.5000  4.005E-01  4.167E-01  4.238E-01  4.217E-01  4.104E-01
  417.5000  3.666E-01  3.814E-01  3.879E-01  3.859E-01  3.756E-01
  418.5000  3.699E-01  3.849E-01  3.914E-01  3.894E-01  3.790E-01
  419.5000  3.826E-01  3.981E-01  4.048E-01  4.028E-01  3.920E-01
------------------------------------------------------------
Dose rates, W m-2
   1 = UV-B, 280-315 nm                                  
   2 = UV-A, 315-400 nm                                  
   3 = Gaussian, 320 nm, 10 nm FWHM                      
   4 = RB Meter, model 501                               
   5 = DNA damage, in vitro (Setlow, 1974)               
   6 = UV index (WMO, 1994; Webb et al., 2011)           
   7 = Previtamin-D3 (CIE 2006)                          
values at z =      0.000 km
Columns: time, sza, weighting spectra
time, hrs.  sza, deg.          1          2          3          4          5          6          7
   11.0000     71.789  5.635E-02  1.410E+01  5.081E-02  2.192E-02  8.312E-05  5.494E-01  8.997E-03
   11.5000     71.198  6.178E-02  1.471E+01  5.376E-02  2.355E-02  8.975E-05  5.831E-01  9.875E-03
   12.0000     70.939  6.426E-02  1.497E+01  5.507E-02  2.429E-02  9.278E-05  5.982E-01  1.028E-02
   12.5000     71.017  6.351E-02  1.489E+01  5.467E-02  2.406E-02  9.186E-05  5.936E-01  1.016E-02
   13.0000     71.428  5.962E-02  1.447E+01  5.259E-02  2.290E-02  8.711E-05  5.698E-01  9.525E-03
------------------------------------------------------------
