Spectral Irradiance, W m-2 nm-1
values at z =      0.000 km
Columns: wavelength (nm), times (hrs.) or sza (deg.)
    wc, nm     11.000     11.500     12.000     12.500     13.000
    sza =      44.686     43.976     43.758     44.044     44.819
  280.5000  2.299E-23  4.132E-23  4.923E-23  3.793E-23  2.055E-23
  281.5000  4.797E-21  8.175E-21  9.588E-21  7.774E-21  4.331E-21
  282.5000  3.223E-19  5.249E-19  6.073E-19  5.013E-19  2.936E-19
  283.5000  4.491E-18  7.102E-18  8.145E-18  6.801E-18  4.114E-18
  284.5000  3.292E-16  4.933E-16  5.567E-16  4.748E-16  3.046E-16
  285.5000  4.936E-15  7.107E-15  7.928E-15  6.868E-15  4.603E-15
  286.5000  1.784E-13  2.492E-13  2.754E-13  2.415E-13  1.674E-13
  287.5000  3.537E-12  4.776E-12  5.225E-12  4.642E-12  3.339E-12
  288.5000  6.820E-11  8.802E-11  9.606E-11  8.659E-11  6.484E-11
  289.5000  9.817E-10  1.245E-09  1.336E-09  1.217E-09  9.380E-10
  290.5000  8.837E-09  1.096E-08  1.169E-08  1.074E-08  8.480E-09
  291.5000  6.959E-08  8.420E-08  8.913E-08  8.270E-08  6.711E-08
  292.5000  3.524E-07  4.176E-07  4.394E-07  4.110E-07  3.411E-07
  293.5000  2.045E-06  2.378E-06  2.487E-06  2.344E-06  1.987E-06
  294.5000  6.708E-06  7.683E-06  8.002E-06  7.585E-06  6.536E-06
  295.5000  3.008E-05  3.391E-05  3.515E-05  3.353E-05  2.940E-05
  296.5000  8.491E-05  9.446E-05  9.752E-05  9.351E-05  8.319E-05
  297.5000  2.480E-04  2.728E-04  2.806E-04  2.703E-04  2.436E-04
  298.5000  4.218E-04  4.593E-04  4.712E-04  4.557E-04  4.149E-04
  299.5000  1.315E-03  1.419E-03  1.452E-03  1.409E-03  1.296E-03
  300.5000  1.593E-03  1.708E-03  1.743E-03  1.696E-03  1.572E-03
  301.5000  4.178E-03  4.444E-03  4.527E-03  4.418E-03  4.129E-03
  302.5000  6.241E-03  6.616E-03  6.730E-03  6.581E-03  6.184E-03
  303.5000  1.324E-02  1.393E-02  1.414E-02  1.386E-02  1.311E-02
  304.5000  1.641E-02  1.721E-02  1.746E-02  1.713E-02  1.626E-02
  305.5000  2.611E-02  2.725E-02  2.760E-02  2.714E-02  2.590E-02
  306.5000  2.956E-02  3.078E-02  3.115E-02  3.066E-02  2.933E-02
  307.5000  4.971E-02  5.155E-02  5.211E-02  5.137E-02  4.937E-02
  308.5000  5.906E-02  6.115E-02  6.179E-02  6.095E-02  5.867E-02
  309.5000  5.760E-02  5.947E-02  6.005E-02  5.929E-02  5.725E-02
  310.5000  8.433E-02  8.691E-02  8.769E-02  8.666E-02  8.386E-02
  311.5000  1.139E-01  1.172E-01  1.182E-01  1.169E-01  1.132E-01
  312.5000  1.209E-01  1.241E-01  1.251E-01  1.238E-01  1.202E-01
  313.5000  1.399E-01  1.436E-01  1.447E-01  1.433E-01  1.392E-01
  314.5000  1.502E-01  1.539E-01  1.550E-01  1.535E-01  1.495E-01
  315.5000  1.571E-01  1.609E-01  1.620E-01  1.605E-01  1.564E-01
  316.5000  1.653E-01  1.690E-01  1.701E-01  1.685E-01  1.646E-01
  317.5000  2.341E-01  2.393E-01  2.409E-01  2.388E-01  2.331E-01
  318.5000  1.936E-01  1.976E-01  1.989E-01  1.972E-01  1.928E-01
  319.5000  2.386E-01  2.435E-01  2.450E-01  2.431E-01  2.377E-01
  320.5000  2.938E-01  2.998E-01  3.016E-01  2.992E-01  2.920E-01
  321.5000  2.610E-01  2.659E-01  2.674E-01  2.655E-01  2.599E-01
  322.5000  2.541E-01  2.592E-01  2.607E-01  2.587E-01  2.532E-01
  323.5000  2.762E-01  2.813E-01  2.829E-01  2.809E-01  2.753E-01
  324.5000  3.238E-01  3.298E-01  3.316E-01  3.292E-01  3.227E-01
  325.5000  3.606E-01  3.674E-01  3.694E-01  3.667E-01  3.594E-01
  326.5000  4.522E-01  4.602E-01  4.626E-01  4.594E-01  4.507E-01
  327.5000  4.167E-01  4.242E-01  4.264E-01  4.235E-01  4.153E-01
  328.5000  3.851E-01  3.920E-01  3.940E-01  3.913E-01  3.838E-01
  329.5000  5.121E-01  5.209E-01  5.235E-01  5.201E-01  5.105E-01
  330.5000  4.611E-01  4.691E-01  4.715E-01  4.683E-01  4.596E-01
  331.5000  4.549E-01  4.628E-01  4.652E-01  4.620E-01  4.534E-01
  332.5000  4.562E-01  4.638E-01  4.662E-01  4.631E-01  4.547E-01
  333.5000  4.256E-01  4.328E-01  4.351E-01  4.322E-01  4.242E-01
  334.5000  4.775E-01  4.856E-01  4.881E-01  4.848E-01  4.760E-01
  335.5000  4.883E-01  4.964E-01  4.989E-01  4.956E-01  4.868E-01
  336.5000  3.810E-01  3.873E-01  3.892E-01  3.867E-01  3.798E-01
  337.5000  4.159E-01  4.229E-01  4.251E-01  4.223E-01  4.146E-01
  338.5000  4.430E-01  4.503E-01  4.525E-01  4.496E-01  4.416E-01
  339.5000  4.823E-01  4.902E-01  4.926E-01  4.895E-01  4.808E-01
  340.5000  5.142E-01  5.227E-01  5.253E-01  5.219E-01  5.126E-01
  341.5000  4.588E-01  4.663E-01  4.686E-01  4.656E-01  4.574E-01
  342.5000  5.088E-01  5.171E-01  5.197E-01  5.164E-01  5.073E-01
  343.5000  5.279E-01  5.366E-01  5.392E-01  5.357E-01  5.263E-01
  344.5000  3.695E-01  3.756E-01  3.774E-01  3.750E-01  3.684E-01
  345.5000  5.085E-01  5.168E-01  5.193E-01  5.160E-01  5.070E-01
  346.5000  4.747E-01  4.824E-01  4.848E-01  4.817E-01  4.732E-01
  347.5000  4.641E-01  4.716E-01  4.739E-01  4.709E-01  4.627E-01
  348.5000  5.106E-01  5.189E-01  5.214E-01  5.181E-01  5.091E-01
  349.5000  4.280E-01  4.349E-01  4.370E-01  4.342E-01  4.267E-01
  350.5000  5.995E-01  6.092E-01  6.121E-01  6.082E-01  5.977E-01
  351.5000  5.166E-01  5.250E-01  5.275E-01  5.242E-01  5.151E-01
  352.5000  4.662E-01  4.737E-01  4.759E-01  4.730E-01  4.648E-01
  353.5000  5.615E-01  5.705E-01  5.733E-01  5.697E-01  5.599E-01
  354.5000  6.081E-01  6.178E-01  6.208E-01  6.169E-01  6.063E-01
  355.5000  5.684E-01  5.775E-01  5.803E-01  5.767E-01  5.667E-01
  356.5000  5.276E-01  5.360E-01  5.386E-01  5.352E-01  5.260E-01
  357.5000  4.487E-01  4.559E-01  4.580E-01  4.552E-01  4.474E-01
  358.5000  3.464E-01  3.519E-01  3.536E-01  3.514E-01  3.454E-01
  359.5000  5.831E-01  5.923E-01  5.951E-01  5.914E-01  5.813E-01
  360.5000  5.406E-01  5.491E-01  5.517E-01  5.483E-01  5.390E-01
  361.5000  4.875E-01  4.952E-01  4.976E-01  4.945E-01  4.861E-01
  362.5000  5.726E-01  5.817E-01  5.844E-01  5.808E-01  5.709E-01
  363.5000  5.095E-01  5.175E-01  5.200E-01  5.168E-01  5.080E-01
  364.5000  5.559E-01  5.646E-01  5.673E-01  5.638E-01  5.543E-01
  365.5000  6.775E-01  6.881E-01  6.913E-01  6.871E-01  6.755E-01
  366.5000  7.171E-01  7.284E-01  7.318E-01  7.273E-01  7.150E-01
  367.5000  6.811E-01  6.917E-01  6.950E-01  6.907E-01  6.791E-01
  368.5000  5.984E-01  6.078E-01  6.106E-01  6.069E-01  5.966E-01
  369.5000  7.179E-01  7.291E-01  7.325E-01  7.281E-01  7.158E-01
  370.5000  6.515E-01  6.616E-01  6.647E-01  6.606E-01  6.495E-01
  371.5000  7.455E-01  7.571E-01  7.607E-01  7.560E-01  7.433E-01
  372.5000  5.508E-01  5.594E-01  5.620E-01  5.586E-01  5.492E-01
  373.5000  4.979E-01  5.057E-01  5.080E-01  5.049E-01  4.965E-01
  374.5000  5.466E-01  5.551E-01  5.576E-01  5.543E-01  5.450E-01
  375.5000  6.168E-01  6.264E-01  6.293E-01  6.255E-01  6.150E-01
  376.5000  6.160E-01  6.256E-01  6.285E-01  6.247E-01  6.143E-01
  377.5000  7.337E-01  7.450E-01  7.485E-01  7.440E-01  7.316E-01
  378.5000  7.998E-01  8.121E-01  8.159E-01  8.110E-01  7.975E-01
  379.5000  5.918E-01  6.009E-01  6.037E-01  6.001E-01  5.901E-01
  380.5000  7.119E-01  7.228E-01  7.261E-01  7.218E-01  7.098E-01
  381.5000  6.691E-01  6.793E-01  6.824E-01  6.784E-01  6.671E-01
  382.5000  4.459E-01  4.527E-01  4.548E-01  4.521E-01  4.446E-01
  383.5000  3.916E-01  3.976E-01  3.994E-01  3.970E-01  3.905E-01
  384.5000  5.878E-01  5.968E-01  5.995E-01  5.959E-01  5.861E-01
  385.5000  5.816E-01  5.905E-01  5.932E-01  5.897E-01  5.800E-01
  386.5000  5.930E-01  6.020E-01  6.048E-01  6.012E-01  5.913E-01
  387.5000  5.512E-01  5.596E-01  5.621E-01  5.588E-01  5.496E-01
  388.5000  5.526E-01  5.610E-01  5.635E-01  5.602E-01  5.510E-01
  389.5000  6.970E-01  7.075E-01  7.108E-01  7.065E-01  6.950E-01
  390.5000  6.847E-01  6.951E-01  6.982E-01  6.941E-01  6.827E-01
  391.5000  8.124E-01  8.247E-01  8.285E-01  8.236E-01  8.101E-01
  392.5000  6.093E-01  6.185E-01  6.213E-01  6.177E-01  6.076E-01
  393.5000  2.650E-01  2.690E-01  2.702E-01  2.686E-01  2.642E-01
  394.5000  6.236E-01  6.330E-01  6.358E-01  6.321E-01  6.218E-01
  395.5000  8.024E-01  8.145E-01  8.182E-01  8.134E-01  8.002E-01
  396.5000  4.713E-01  4.784E-01  4.805E-01  4.777E-01  4.699E-01
  397.5000  5.439E-01  5.521E-01  5.546E-01  5.513E-01  5.424E-01
  398.5000  9.348E-01  9.489E-01  9.531E-01  9.475E-01  9.322E-01
  399.5000  9.725E-01  9.871E-01  9.915E-01  9.857E-01  9.698E-01
  400.5000  1.023E+00  1.038E+00  1.043E+00  1.036E+00  1.020E+00
  401.5000  1.052E+00  1.068E+00  1.073E+00  1.067E+00  1.049E+00
  402.5000  1.093E+00  1.109E+00  1.114E+00  1.107E+00  1.090E+00
  403.5000  1.000E+00  1.015E+00  1.020E+00  1.014E+00  9.975E-01
  404.5000  9.813E-01  9.959E-01  1.000E+00  9.945E-01  9.785E-01
  405.5000  1.020E+00  1.035E+00  1.039E+00  1.033E+00  1.017E+00
  406.5000  9.605E-01  9.748E-01  9.791E-01  9.734E-01  9.578E-01
  407.5000  9.685E-01  9.829E-01  9.873E-01  9.815E-01  9.658E-01
  408.5000  1.079E+00  1.095E+00  1.100E+00  1.093E+00  1.076E+00
  409.5000  1.058E+00  1.073E+00  1.078E+00  1.072E+00  1.055E+00
  410.5000  9.175E-01  9.311E-01  9.352E-01  9.298E-01  9.149E-01
  411.5000  1.103E+00  1.119E+00  1.124E+00  1.118E+00  1.100E+00
  412.5000  1.093E+00  1.110E+00  1.114E+00  1.108E+00  1.090E+00
  413.5000  1.061E+00  1.076E+00  1.081E+00  1.075E+00  1.058E+00
  414.5000  1.090E+00  1.106E+00  1.111E+00  1.105E+00  1.087E+00
  415.5000  1.043E+00  1.058E+00  1.063E+00  1.057E+00  1.040E+00
  416.5000  1.135E+00  1.152E+00  1.157E+00  1.150E+00  1.132E+00
  417.5000  1.038E+00  1.053E+00  1.058E+00  1.052E+00  1.035E+00
  418.5000  1.046E+00  1.062E+00  1.066E+00  1.060E+00  1.044E+00
  419.5000  1.081E+00  1.097E+00  1.102E+00  1.096E+00  1.078E+00
------------------------------------------------------------
Dose rates, W m-2
   1 = UV-B, 280-315 nm                                  
   2 = UV-A, 315-400 nm                                  
   3 = Gaussian, 320 nm, 10 nm FWHM                      
   4 = RB Meter, model 501                               
   5 = DNA damage, in vitro (Setlow, 1974)               
   6 = UV index (WMO, 1994; Webb et al., 2011)           
   7 = Previtamin-D3 (CIE 2006)                          
values at z =      0.000 km
Columns: time, sza, weighting spectra
time, hrs.  sza, deg.          1          2          3          4          5          6          7
   11.0000     44.686  8.750E-01  4.391E+01  2.478E-01  2.431E-01  1.762E-03  4.526E+00  1.973E-01
   11.5000     43.976  9.020E-01  4.462E+01  2.528E-01  2.507E-01  1.838E-03  4.665E+00  2.045E-01
   12.0000     43.758  9.103E-01  4.483E+01  2.544E-01  2.531E-01  1.861E-03  4.707E+00  2.067E-01
   12.5000     44.044  8.994E-01  4.455E+01  2.524E-01  2.500E-01  1.830E-03  4.651E+00  2.038E-01
   13.0000     44.819  8.699E-01  4.378E+01  2.468E-01  2.417E-01  1.748E-03  4.500E+00  1.959E-01
------------------------------------------------------------
