Spectral Irradiance, W m-2 nm-1
values at z =      0.000 km
Columns: wavelength (nm), times (hrs.) or sza (deg.)
    wc, nm     11.000     11.500     12.000     12.500     13.000
    sza =      15.839     11.951     11.834     15.573     21.217
  280.5000  2.369E-13  3.729E-13  3.772E-13  2.455E-13  9.936E-14
  281.5000  6.101E-12  9.229E-12  9.327E-12  6.302E-12  2.761E-12
  282.5000  6.796E-11  9.936E-11  1.003E-10  7.001E-11  3.284E-11
  283.5000  2.947E-10  4.214E-10  4.253E-10  3.031E-10  1.486E-10
  284.5000  2.576E-09  3.538E-09  3.567E-09  2.641E-09  1.403E-09
  285.5000  8.014E-09  1.068E-08  1.076E-08  8.196E-09  4.623E-09
  286.5000  8.647E-08  1.127E-07  1.134E-07  8.828E-08  5.213E-08
  287.5000  4.483E-07  5.694E-07  5.728E-07  4.568E-07  2.838E-07
  288.5000  2.014E-06  2.488E-06  2.501E-06  2.048E-06  1.344E-06
  289.5000  1.022E-05  1.238E-05  1.244E-05  1.037E-05  7.087E-06
  290.5000  3.829E-05  4.560E-05  4.581E-05  3.881E-05  2.741E-05
  291.5000  1.117E-04  1.306E-04  1.311E-04  1.131E-04  8.294E-05
  292.5000  2.508E-04  2.887E-04  2.897E-04  2.536E-04  1.918E-04
  293.5000  6.773E-04  7.682E-04  7.707E-04  6.840E-04  5.326E-04
  294.5000  1.221E-03  1.369E-03  1.373E-03  1.232E-03  9.811E-04
  295.5000  2.897E-03  3.209E-03  3.218E-03  2.921E-03  2.383E-03
  296.5000  4.822E-03  5.288E-03  5.300E-03  4.857E-03  4.044E-03
  297.5000  8.864E-03  9.635E-03  9.655E-03  8.922E-03  7.561E-03
  298.5000  1.020E-02  1.101E-02  1.103E-02  1.026E-02  8.829E-03
  299.5000  2.201E-02  2.359E-02  2.363E-02  2.213E-02  1.931E-02
  300.5000  2.012E-02  2.144E-02  2.148E-02  2.022E-02  1.783E-02
  301.5000  3.888E-02  4.119E-02  4.125E-02  3.905E-02  3.484E-02
  302.5000  4.761E-02  5.024E-02  5.031E-02  4.781E-02  4.298E-02
  303.5000  7.958E-02  8.360E-02  8.371E-02  7.989E-02  7.246E-02
  304.5000  8.607E-02  9.019E-02  9.030E-02  8.639E-02  7.877E-02
  305.5000  1.118E-01  1.167E-01  1.169E-01  1.122E-01  1.031E-01
  306.5000  1.160E-01  1.209E-01  1.210E-01  1.164E-01  1.073E-01
  307.5000  1.639E-01  1.715E-01  1.717E-01  1.656E-01  1.537E-01
  308.5000  1.840E-01  1.909E-01  1.910E-01  1.845E-01  1.716E-01
  309.5000  1.607E-01  1.664E-01  1.666E-01  1.612E-01  1.506E-01
  310.5000  2.176E-01  2.249E-01  2.251E-01  2.181E-01  2.044E-01
  311.5000  2.788E-01  2.879E-01  2.881E-01  2.795E-01  2.625E-01
  312.5000  2.700E-01  2.783E-01  2.785E-01  2.706E-01  2.550E-01
  313.5000  3.056E-01  3.149E-01  3.151E-01  3.064E-01  2.890E-01
  314.5000  3.034E-01  3.121E-01  3.123E-01  3.040E-01  2.877E-01
  315.5000  3.129E-01  3.218E-01  3.220E-01  3.136E-01  2.969E-01
  316.5000  3.099E-01  3.183E-01  3.185E-01  3.105E-01  2.947E-01
  317.5000  4.381E-01  4.500E-01  4.503E-01  4.390E-01  4.167E-01
  318.5000  3.427E-01  3.516E-01  3.519E-01  3.434E-01  3.266E-01
  319.5000  4.177E-01  4.284E-01  4.287E-01  4.185E-01  3.982E-01
  320.5000  5.074E-01  5.203E-01  5.206E-01  5.084E-01  4.841E-01
  321.5000  4.272E-01  4.389E-01  4.392E-01  4.293E-01  4.095E-01
  322.5000  4.331E-01  4.439E-01  4.442E-01  4.339E-01  4.134E-01
  323.5000  4.429E-01  4.534E-01  4.537E-01  4.437E-01  4.237E-01
  324.5000  5.197E-01  5.321E-01  5.325E-01  5.207E-01  4.972E-01
  325.5000  5.830E-01  5.969E-01  5.973E-01  5.841E-01  5.569E-01
  326.5000  7.013E-01  7.175E-01  7.180E-01  7.026E-01  6.718E-01
  327.5000  6.542E-01  6.695E-01  6.699E-01  6.554E-01  6.264E-01
  328.5000  6.038E-01  6.179E-01  6.182E-01  6.049E-01  5.782E-01
  329.5000  7.786E-01  7.963E-01  7.967E-01  7.800E-01  7.466E-01
  330.5000  7.092E-01  7.250E-01  7.258E-01  7.105E-01  6.797E-01
  331.5000  7.009E-01  7.169E-01  7.173E-01  7.021E-01  6.718E-01
  332.5000  6.873E-01  7.027E-01  7.031E-01  6.885E-01  6.593E-01
  333.5000  6.467E-01  6.613E-01  6.617E-01  6.479E-01  6.202E-01
  334.5000  7.217E-01  7.379E-01  7.383E-01  7.230E-01  6.923E-01
  335.5000  7.298E-01  7.460E-01  7.464E-01  7.311E-01  7.004E-01
  336.5000  5.707E-01  5.834E-01  5.837E-01  5.717E-01  5.477E-01
  337.5000  6.271E-01  6.411E-01  6.414E-01  6.282E-01  6.017E-01
  338.5000  6.603E-01  6.748E-01  6.752E-01  6.614E-01  6.338E-01
  339.5000  7.173E-01  7.331E-01  7.335E-01  7.185E-01  6.886E-01
  340.5000  7.672E-01  7.841E-01  7.845E-01  7.685E-01  7.365E-01
  341.5000  6.804E-01  6.952E-01  6.956E-01  6.815E-01  6.533E-01
  342.5000  7.533E-01  7.697E-01  7.701E-01  7.546E-01  7.234E-01
  343.5000  7.824E-01  7.995E-01  7.999E-01  7.838E-01  7.514E-01
  344.5000  5.484E-01  5.604E-01  5.607E-01  5.494E-01  5.267E-01
  345.5000  7.503E-01  7.665E-01  7.669E-01  7.515E-01  7.207E-01
  346.5000  7.020E-01  7.173E-01  7.177E-01  7.032E-01  6.743E-01
  347.5000  6.856E-01  7.005E-01  7.008E-01  6.868E-01  6.586E-01
  348.5000  7.530E-01  7.693E-01  7.697E-01  7.543E-01  7.234E-01
  349.5000  6.308E-01  6.444E-01  6.448E-01  6.319E-01  6.061E-01
  350.5000  8.828E-01  9.018E-01  9.023E-01  8.843E-01  8.483E-01
  351.5000  7.607E-01  7.770E-01  7.774E-01  7.619E-01  7.309E-01
  352.5000  6.857E-01  7.003E-01  7.007E-01  6.868E-01  6.589E-01
  353.5000  8.249E-01  8.425E-01  8.430E-01  8.263E-01  7.928E-01
  354.5000  8.923E-01  9.113E-01  9.118E-01  8.938E-01  8.576E-01
  355.5000  8.336E-01  8.513E-01  8.518E-01  8.349E-01  8.012E-01
  356.5000  7.732E-01  7.897E-01  7.901E-01  7.745E-01  7.433E-01
  357.5000  6.573E-01  6.712E-01  6.716E-01  6.584E-01  6.318E-01
  358.5000  5.069E-01  5.177E-01  5.180E-01  5.078E-01  4.874E-01
  359.5000  8.528E-01  8.709E-01  8.713E-01  8.542E-01  8.199E-01
  360.5000  7.901E-01  8.068E-01  8.073E-01  7.915E-01  7.597E-01
  361.5000  7.121E-01  7.271E-01  7.275E-01  7.132E-01  6.847E-01
  362.5000  8.358E-01  8.534E-01  8.539E-01  8.372E-01  8.037E-01
  363.5000  7.432E-01  7.588E-01  7.592E-01  7.444E-01  7.147E-01
  364.5000  8.104E-01  8.274E-01  8.279E-01  8.117E-01  7.794E-01
  365.5000  9.871E-01  1.008E+00  1.008E+00  9.887E-01  9.494E-01
  366.5000  1.044E+00  1.066E+00  1.067E+00  1.046E+00  1.004E+00
  367.5000  9.911E-01  1.012E+00  1.012E+00  9.927E-01  9.533E-01
  368.5000  8.703E-01  8.884E-01  8.889E-01  8.717E-01  8.372E-01
  369.5000  1.044E+00  1.065E+00  1.066E+00  1.045E+00  1.004E+00
  370.5000  9.464E-01  9.661E-01  9.666E-01  9.479E-01  9.105E-01
  371.5000  1.082E+00  1.105E+00  1.106E+00  1.084E+00  1.041E+00
  372.5000  7.992E-01  8.158E-01  8.163E-01  8.005E-01  7.690E-01
  373.5000  7.222E-01  7.371E-01  7.375E-01  7.233E-01  6.949E-01
  374.5000  7.923E-01  8.087E-01  8.091E-01  7.936E-01  7.624E-01
  375.5000  8.936E-01  9.120E-01  9.125E-01  8.950E-01  8.599E-01
  376.5000  8.920E-01  9.104E-01  9.109E-01  8.934E-01  8.584E-01
  377.5000  1.062E+00  1.084E+00  1.084E+00  1.064E+00  1.022E+00
  378.5000  1.157E+00  1.181E+00  1.181E+00  1.159E+00  1.113E+00
  379.5000  8.556E-01  8.732E-01  8.736E-01  8.570E-01  8.235E-01
  380.5000  1.029E+00  1.050E+00  1.050E+00  1.030E+00  9.901E-01
  381.5000  9.662E-01  9.860E-01  9.865E-01  9.678E-01  9.301E-01
  382.5000  6.436E-01  6.568E-01  6.571E-01  6.446E-01  6.196E-01
  383.5000  5.650E-01  5.765E-01  5.768E-01  5.659E-01  5.439E-01
  384.5000  8.476E-01  8.649E-01  8.653E-01  8.489E-01  8.160E-01
  385.5000  8.383E-01  8.554E-01  8.558E-01  8.396E-01  8.071E-01
  386.5000  8.542E-01  8.716E-01  8.721E-01  8.556E-01  8.225E-01
  387.5000  7.936E-01  8.098E-01  8.102E-01  7.949E-01  7.642E-01
  388.5000  7.952E-01  8.114E-01  8.118E-01  7.965E-01  7.658E-01
  389.5000  1.003E+00  1.023E+00  1.023E+00  1.004E+00  9.655E-01
  390.5000  9.844E-01  1.004E+00  1.005E+00  9.860E-01  9.481E-01
  391.5000  1.168E+00  1.191E+00  1.192E+00  1.169E+00  1.124E+00
  392.5000  8.753E-01  8.929E-01  8.934E-01  8.767E-01  8.430E-01
  393.5000  3.804E-01  3.881E-01  3.883E-01  3.810E-01  3.664E-01
  394.5000  8.949E-01  9.129E-01  9.134E-01  8.963E-01  8.620E-01
  395.5000  1.151E+00  1.174E+00  1.175E+00  1.153E+00  1.109E+00
  396.5000  6.757E-01  6.893E-01  6.897E-01  6.768E-01  6.510E-01
  397.5000  7.796E-01  7.952E-01  7.956E-01  7.808E-01  7.510E-01
  398.5000  1.339E+00  1.366E+00  1.367E+00  1.341E+00  1.290E+00
  399.5000  1.393E+00  1.420E+00  1.421E+00  1.395E+00  1.342E+00
  400.5000  1.464E+00  1.493E+00  1.494E+00  1.466E+00  1.410E+00
  401.5000  1.506E+00  1.536E+00  1.536E+00  1.508E+00  1.451E+00
  402.5000  1.563E+00  1.594E+00  1.595E+00  1.565E+00  1.506E+00
  403.5000  1.430E+00  1.458E+00  1.459E+00  1.432E+00  1.378E+00
  404.5000  1.402E+00  1.430E+00  1.431E+00  1.404E+00  1.351E+00
  405.5000  1.456E+00  1.485E+00  1.486E+00  1.458E+00  1.403E+00
  406.5000  1.371E+00  1.399E+00  1.399E+00  1.373E+00  1.322E+00
  407.5000  1.382E+00  1.410E+00  1.410E+00  1.384E+00  1.332E+00
  408.5000  1.539E+00  1.570E+00  1.570E+00  1.541E+00  1.483E+00
  409.5000  1.508E+00  1.538E+00  1.539E+00  1.511E+00  1.454E+00
  410.5000  1.308E+00  1.334E+00  1.334E+00  1.310E+00  1.261E+00
  411.5000  1.572E+00  1.603E+00  1.603E+00  1.574E+00  1.515E+00
  412.5000  1.557E+00  1.588E+00  1.589E+00  1.560E+00  1.501E+00
  413.5000  1.510E+00  1.540E+00  1.541E+00  1.512E+00  1.456E+00
  414.5000  1.552E+00  1.582E+00  1.583E+00  1.554E+00  1.496E+00
  415.5000  1.484E+00  1.513E+00  1.514E+00  1.486E+00  1.431E+00
  416.5000  1.615E+00  1.646E+00  1.647E+00  1.617E+00  1.557E+00
  417.5000  1.476E+00  1.505E+00  1.506E+00  1.478E+00  1.423E+00
  418.5000  1.487E+00  1.516E+00  1.517E+00  1.489E+00  1.434E+00
  419.5000  1.536E+00  1.566E+00  1.567E+00  1.538E+00  1.481E+00
------------------------------------------------------------
Dose rates, W m-2
   1 = UV-B, 280-315 nm                                  
   2 = UV-A, 315-400 nm                                  
   3 = Gaussian, 320 nm, 10 nm FWHM                      
   4 = RB Meter, model 501                               
   5 = DNA damage, in vitro (Setlow, 1974)               
   6 = UV index (WMO, 1994; Webb et al., 2011)           
   7 = Previtamin-D3 (CIE 2006)                          
values at z =      0.000 km
Columns: time, sza, weighting spectra
time, hrs.  sza, deg.          1          2          3          4          5          6          7
   11.0000     15.839  2.435E+00  6.497E+01  4.283E-01  7.449E-01  1.026E-02  1.461E+01  7.349E-01
   11.5000     11.951  2.526E+00  6.636E+01  4.394E-01  7.759E-01  1.088E-02  1.526E+01  7.683E-01
   12.0000     11.834  2.529E+00  6.640E+01  4.396E-01  7.767E-01  1.090E-02  1.528E+01  7.691E-01
   12.5000     15.573  2.443E+00  6.508E+01  4.293E-01  7.477E-01  1.031E-02  1.466E+01  7.380E-01
   13.0000     21.217  2.276E+00  6.244E+01  4.086E-01  6.911E-01  9.199E-03  1.347E+01  6.775E-01
------------------------------------------------------------
