Spectral Irradiance, W m-2 nm-1
values at z =      0.000 km
Columns: wavelength (nm), times (hrs.) or sza (deg.)
    wc, nm     11.000     11.500     12.000     12.500     13.000
    sza =      91.864     91.303     91.036     91.069     91.399
  280.5000  1.285E-24  1.742E-24  1.968E-24  1.929E-24  1.682E-24
  281.5000  1.646E-22  2.229E-22  2.517E-22  2.467E-22  2.153E-22
  282.5000  7.286E-21  9.860E-21  1.113E-20  1.091E-20  9.527E-21
  283.5000  7.710E-20  1.043E-19  1.177E-19  1.154E-19  1.008E-19
  284.5000  3.495E-18  4.717E-18  5.320E-18  5.215E-18  4.560E-18
  285.5000  3.680E-17  4.961E-17  5.591E-17  5.481E-17  4.796E-17
  286.5000  1.014E-15  1.365E-15  1.538E-15  1.508E-15  1.320E-15
  287.5000  1.497E-14  2.013E-14  2.266E-14  2.222E-14  1.947E-14
  288.5000  2.116E-13  2.840E-13  3.196E-13  3.134E-13  2.748E-13
  289.5000  2.446E-12  3.278E-12  3.686E-12  3.615E-12  3.171E-12
  290.5000  1.834E-11  2.455E-11  2.760E-11  2.707E-11  2.376E-11
  291.5000  1.184E-10  1.582E-10  1.777E-10  1.743E-10  1.531E-10
  292.5000  5.118E-10  6.832E-10  7.673E-10  7.525E-10  6.613E-10
  293.5000  2.574E-09  3.432E-09  3.854E-09  3.780E-09  3.323E-09
  294.5000  7.594E-09  1.012E-08  1.136E-08  1.114E-08  9.794E-09
  295.5000  3.062E-08  4.075E-08  4.574E-08  4.487E-08  3.946E-08
  296.5000  7.979E-08  1.061E-07  1.191E-07  1.168E-07  1.028E-07
  297.5000  2.185E-07  2.906E-07  3.263E-07  3.200E-07  2.813E-07
  298.5000  3.547E-07  4.716E-07  5.297E-07  5.195E-07  4.565E-07
  299.5000  1.064E-06  1.415E-06  1.590E-06  1.560E-06  1.370E-06
  300.5000  1.262E-06  1.680E-06  1.889E-06  1.852E-06  1.626E-06
  301.5000  3.264E-06  4.350E-06  4.897E-06  4.801E-06  4.208E-06
  302.5000  4.870E-06  6.497E-06  7.320E-06  7.177E-06  6.283E-06
  303.5000  1.040E-05  1.390E-05  1.569E-05  1.538E-05  1.344E-05
  304.5000  1.302E-05  1.744E-05  1.970E-05  1.930E-05  1.685E-05
  305.5000  2.132E-05  2.865E-05  3.243E-05  3.178E-05  2.766E-05
  306.5000  2.452E-05  3.301E-05  3.741E-05  3.665E-05  3.186E-05
  307.5000  4.322E-05  5.846E-05  6.644E-05  6.507E-05  5.637E-05
  308.5000  5.257E-05  7.127E-05  8.112E-05  7.943E-05  6.869E-05
  309.5000  5.401E-05  7.362E-05  8.403E-05  8.226E-05  7.087E-05
  310.5000  8.319E-05  1.140E-04  1.304E-04  1.276E-04  1.096E-04
  311.5000  1.165E-04  1.602E-04  1.838E-04  1.798E-04  1.540E-04
  312.5000  1.359E-04  1.885E-04  2.173E-04  2.125E-04  1.809E-04
  313.5000  1.616E-04  2.248E-04  2.594E-04  2.536E-04  2.155E-04
  314.5000  1.953E-04  2.748E-04  3.189E-04  3.116E-04  2.630E-04
  315.5000  2.098E-04  2.957E-04  3.435E-04  3.355E-04  2.829E-04
  316.5000  2.528E-04  3.607E-04  4.215E-04  4.114E-04  3.444E-04
  317.5000  3.582E-04  5.108E-04  5.967E-04  5.825E-04  4.877E-04
  318.5000  3.519E-04  5.087E-04  5.981E-04  5.833E-04  4.846E-04
  319.5000  4.523E-04  6.552E-04  7.711E-04  7.520E-04  6.240E-04
  320.5000  5.840E-04  8.491E-04  1.001E-03  9.760E-04  8.083E-04
  321.5000  6.760E-04  9.954E-04  1.179E-03  1.149E-03  9.459E-04
  322.5000  5.293E-04  7.717E-04  9.108E-04  8.879E-04  7.343E-04
  323.5000  8.262E-04  1.223E-03  1.451E-03  1.413E-03  1.161E-03
  324.5000  9.527E-04  1.408E-03  1.671E-03  1.627E-03  1.338E-03
  325.5000  9.975E-04  1.473E-03  1.747E-03  1.702E-03  1.399E-03
  326.5000  1.744E-03  2.585E-03  3.066E-03  2.986E-03  2.457E-03
  327.5000  1.426E-03  2.113E-03  2.507E-03  2.442E-03  2.007E-03
  328.5000  1.313E-03  1.948E-03  2.312E-03  2.252E-03  1.850E-03
  329.5000  2.350E-03  3.476E-03  4.113E-03  4.006E-03  3.307E-03
  330.5000  1.852E-03  2.746E-03  3.255E-03  3.170E-03  2.610E-03
  331.5000  1.774E-03  2.632E-03  3.123E-03  3.041E-03  2.501E-03
  332.5000  2.248E-03  3.321E-03  3.926E-03  3.823E-03  3.161E-03
  333.5000  1.884E-03  2.792E-03  3.307E-03  3.220E-03  2.655E-03
  334.5000  2.226E-03  3.296E-03  3.901E-03  3.798E-03  3.135E-03
  335.5000  2.574E-03  3.796E-03  4.482E-03  4.365E-03  3.615E-03
  336.5000  1.932E-03  2.854E-03  3.373E-03  3.285E-03  2.717E-03
  337.5000  1.932E-03  2.862E-03  3.388E-03  3.299E-03  2.722E-03
  338.5000  2.344E-03  3.459E-03  4.085E-03  3.978E-03  3.294E-03
  339.5000  2.596E-03  3.830E-03  4.522E-03  4.404E-03  3.648E-03
  340.5000  2.631E-03  3.889E-03  4.597E-03  4.477E-03  3.702E-03
  341.5000  2.518E-03  3.713E-03  4.382E-03  4.268E-03  3.537E-03
  342.5000  2.827E-03  4.168E-03  4.918E-03  4.790E-03  3.971E-03
  343.5000  2.858E-03  4.219E-03  4.983E-03  4.852E-03  4.019E-03
  344.5000  1.945E-03  2.875E-03  3.398E-03  3.308E-03  2.737E-03
  345.5000  2.873E-03  4.235E-03  4.997E-03  4.867E-03  4.036E-03
  346.5000  2.564E-03  3.788E-03  4.475E-03  4.358E-03  3.608E-03
  347.5000  2.517E-03  3.719E-03  4.394E-03  4.279E-03  3.542E-03
  348.5000  2.812E-03  4.153E-03  4.905E-03  4.776E-03  3.956E-03
  349.5000  2.350E-03  3.472E-03  4.101E-03  3.994E-03  3.307E-03
  350.5000  3.301E-03  4.878E-03  5.763E-03  5.611E-03  4.646E-03
  351.5000  2.825E-03  4.177E-03  4.936E-03  4.806E-03  3.978E-03
  352.5000  2.560E-03  3.786E-03  4.474E-03  4.357E-03  3.606E-03
  353.5000  3.108E-03  4.595E-03  5.430E-03  5.287E-03  4.377E-03
  354.5000  3.386E-03  5.007E-03  5.916E-03  5.760E-03  4.769E-03
  355.5000  3.165E-03  4.681E-03  5.532E-03  5.386E-03  4.459E-03
  356.5000  2.934E-03  4.341E-03  5.130E-03  4.995E-03  4.134E-03
  357.5000  2.489E-03  3.685E-03  4.356E-03  4.241E-03  3.509E-03
  358.5000  1.927E-03  2.853E-03  3.372E-03  3.284E-03  2.717E-03
  359.5000  3.241E-03  4.800E-03  5.675E-03  5.525E-03  4.571E-03
  360.5000  3.004E-03  4.450E-03  5.262E-03  5.123E-03  4.238E-03
  361.5000  2.714E-03  4.021E-03  4.755E-03  4.629E-03  3.829E-03
  362.5000  3.190E-03  4.728E-03  5.591E-03  5.443E-03  4.502E-03
  363.5000  2.838E-03  4.207E-03  4.976E-03  4.844E-03  4.006E-03
  364.5000  3.092E-03  4.585E-03  5.424E-03  5.281E-03  4.366E-03
  365.5000  3.760E-03  5.579E-03  6.601E-03  6.426E-03  5.312E-03
  366.5000  3.983E-03  5.911E-03  6.994E-03  6.809E-03  5.628E-03
  367.5000  3.785E-03  5.618E-03  6.649E-03  6.472E-03  5.349E-03
  368.5000  3.323E-03  4.934E-03  5.840E-03  5.685E-03  4.697E-03
  369.5000  3.984E-03  5.918E-03  7.005E-03  6.819E-03  5.634E-03
  370.5000  3.612E-03  5.368E-03  6.355E-03  6.186E-03  5.110E-03
  371.5000  4.132E-03  6.142E-03  7.273E-03  7.080E-03  5.847E-03
  372.5000  3.052E-03  4.538E-03  5.374E-03  5.231E-03  4.319E-03
  373.5000  2.756E-03  4.099E-03  4.855E-03  4.726E-03  3.902E-03
  374.5000  3.022E-03  4.497E-03  5.327E-03  5.186E-03  4.280E-03
  375.5000  3.410E-03  5.075E-03  6.013E-03  5.852E-03  4.830E-03
  376.5000  3.404E-03  5.068E-03  6.005E-03  5.845E-03  4.823E-03
  377.5000  4.052E-03  6.035E-03  7.152E-03  6.961E-03  5.743E-03
  378.5000  4.413E-03  6.576E-03  7.794E-03  7.586E-03  6.257E-03
  379.5000  3.263E-03  4.864E-03  5.765E-03  5.611E-03  4.627E-03
  380.5000  3.922E-03  5.849E-03  6.934E-03  6.748E-03  5.564E-03
  381.5000  3.684E-03  5.495E-03  6.516E-03  6.342E-03  5.228E-03
  382.5000  2.454E-03  3.661E-03  4.342E-03  4.226E-03  3.483E-03
  383.5000  2.154E-03  3.215E-03  3.812E-03  3.710E-03  3.058E-03
  384.5000  3.231E-03  4.824E-03  5.722E-03  5.568E-03  4.588E-03
  385.5000  3.195E-03  4.772E-03  5.661E-03  5.510E-03  4.539E-03
  386.5000  3.255E-03  4.864E-03  5.771E-03  5.616E-03  4.626E-03
  387.5000  3.024E-03  4.520E-03  5.363E-03  5.220E-03  4.298E-03
  388.5000  3.029E-03  4.530E-03  5.376E-03  5.232E-03  4.308E-03
  389.5000  3.819E-03  5.712E-03  6.780E-03  6.598E-03  5.431E-03
  390.5000  3.749E-03  5.610E-03  6.660E-03  6.481E-03  5.334E-03
  391.5000  4.446E-03  6.655E-03  7.902E-03  7.689E-03  6.328E-03
  392.5000  3.333E-03  4.990E-03  5.926E-03  5.766E-03  4.745E-03
  393.5000  1.448E-03  2.169E-03  2.576E-03  2.507E-03  2.062E-03
  394.5000  3.406E-03  5.104E-03  6.062E-03  5.899E-03  4.852E-03
  395.5000  4.381E-03  6.566E-03  7.800E-03  7.590E-03  6.242E-03
  396.5000  2.572E-03  3.856E-03  4.581E-03  4.458E-03  3.665E-03
  397.5000  2.967E-03  4.450E-03  5.287E-03  5.145E-03  4.230E-03
  398.5000  5.097E-03  7.647E-03  9.087E-03  8.843E-03  7.268E-03
  399.5000  5.299E-03  7.954E-03  9.453E-03  9.199E-03  7.560E-03
  400.5000  5.569E-03  8.362E-03  9.939E-03  9.671E-03  7.947E-03
  401.5000  5.727E-03  8.602E-03  1.023E-02  9.950E-03  8.175E-03
  402.5000  5.944E-03  8.930E-03  1.062E-02  1.033E-02  8.486E-03
  403.5000  5.439E-03  8.174E-03  9.720E-03  9.458E-03  7.767E-03
  404.5000  5.333E-03  8.019E-03  9.536E-03  9.279E-03  7.619E-03
  405.5000  5.539E-03  8.331E-03  9.908E-03  9.641E-03  7.915E-03
  406.5000  5.215E-03  7.846E-03  9.333E-03  9.081E-03  7.455E-03
  407.5000  5.255E-03  7.909E-03  9.409E-03  9.155E-03  7.513E-03
  408.5000  5.849E-03  8.806E-03  1.048E-02  1.019E-02  8.365E-03
  409.5000  5.731E-03  8.632E-03  1.027E-02  9.994E-03  8.199E-03
  410.5000  4.969E-03  7.486E-03  8.909E-03  8.668E-03  7.110E-03
  411.5000  5.972E-03  9.000E-03  1.071E-02  1.042E-02  8.548E-03
  412.5000  5.920E-03  8.924E-03  1.062E-02  1.034E-02  8.476E-03
  413.5000  5.741E-03  8.658E-03  1.031E-02  1.003E-02  8.222E-03
  414.5000  5.900E-03  8.899E-03  1.060E-02  1.031E-02  8.451E-03
  415.5000  5.640E-03  8.510E-03  1.013E-02  9.859E-03  8.081E-03
  416.5000  6.135E-03  9.260E-03  1.103E-02  1.073E-02  8.793E-03
  417.5000  5.606E-03  8.465E-03  1.008E-02  9.809E-03  8.037E-03
  418.5000  5.650E-03  8.533E-03  1.016E-02  9.889E-03  8.102E-03
  419.5000  5.837E-03  8.818E-03  1.050E-02  1.022E-02  8.372E-03
------------------------------------------------------------
Dose rates, W m-2
   1 = UV-B, 280-315 nm                                  
   2 = UV-A, 315-400 nm                                  
   3 = Gaussian, 320 nm, 10 nm FWHM                      
   4 = RB Meter, model 501                               
   5 = DNA damage, in vitro (Setlow, 1974)               
   6 = UV index (WMO, 1994; Webb et al., 2011)           
   7 = Previtamin-D3 (CIE 2006)                          
values at z =      0.000 km
Columns: time, sza, weighting spectra
time, hrs.  sza, deg.          1          2          3          4          5          6          7
   11.0000     91.864  9.226E-04  2.265E-01  5.815E-04  3.356E-04  1.988E-06  8.820E-03  1.954E-04
   11.5000     91.303  1.273E-03  3.365E-01  8.506E-04  4.746E-04  2.761E-06  1.271E-02  2.682E-04
   12.0000     91.036  1.463E-03  3.984E-01  1.005E-03  5.515E-04  3.177E-06  1.488E-02  3.072E-04
   12.5000     91.069  1.431E-03  3.879E-01  9.791E-04  5.386E-04  3.106E-06  1.451E-02  3.005E-04
   13.0000     91.399  1.223E-03  3.202E-01  8.093E-04  4.541E-04  2.651E-06  1.214E-02  2.579E-04
------------------------------------------------------------
