Spectral Irradiance, W m-2 nm-1
values at z =      0.000 km
Columns: wavelength (nm), times (hrs.) or sza (deg.)
    wc, nm     11.000     11.500     12.000     12.500     13.000
    sza =      20.354     17.445     17.364     20.148     24.849
  280.5000  4.197E-13  6.638E-13  6.714E-13  4.347E-13  1.739E-13
  281.5000  1.021E-11  1.551E-11  1.567E-11  1.054E-11  4.569E-12
  282.5000  1.083E-10  1.590E-10  1.605E-10  1.115E-10  5.178E-11
  283.5000  4.550E-10  6.532E-10  6.591E-10  4.678E-10  2.272E-10
  284.5000  3.753E-09  5.173E-09  5.215E-09  3.847E-09  2.026E-09
  285.5000  1.119E-08  1.496E-08  1.507E-08  1.144E-08  6.401E-09
  286.5000  1.168E-07  1.526E-07  1.537E-07  1.192E-07  6.989E-08
  287.5000  5.839E-07  7.437E-07  7.482E-07  5.949E-07  3.671E-07
  288.5000  2.521E-06  3.123E-06  3.140E-06  2.563E-06  1.673E-06
  289.5000  1.244E-05  1.510E-05  1.517E-05  1.263E-05  8.575E-06
  290.5000  4.551E-05  5.433E-05  5.457E-05  4.613E-05  3.240E-05
  291.5000  1.293E-04  1.514E-04  1.520E-04  1.308E-04  9.548E-05
  292.5000  2.839E-04  3.274E-04  3.286E-04  2.871E-04  2.161E-04
  293.5000  7.510E-04  8.533E-04  8.561E-04  7.584E-04  5.880E-04
  294.5000  1.332E-03  1.496E-03  1.500E-03  1.341E-03  1.066E-03
  295.5000  3.107E-03  3.448E-03  3.457E-03  3.132E-03  2.547E-03
  296.5000  5.098E-03  5.600E-03  5.613E-03  5.135E-03  4.261E-03
  297.5000  9.255E-03  1.008E-02  1.010E-02  9.231E-03  7.869E-03
  298.5000  1.054E-02  1.139E-02  1.141E-02  1.061E-02  9.094E-03
  299.5000  2.252E-02  2.417E-02  2.421E-02  2.265E-02  1.969E-02
  300.5000  2.043E-02  2.180E-02  2.184E-02  2.054E-02  1.805E-02
  301.5000  3.916E-02  4.154E-02  4.160E-02  3.933E-02  3.499E-02
  302.5000  4.769E-02  5.040E-02  5.047E-02  4.790E-02  4.294E-02
  303.5000  7.922E-02  8.333E-02  8.344E-02  7.953E-02  7.195E-02
  304.5000  8.538E-02  8.957E-02  8.968E-02  8.569E-02  7.793E-02
  305.5000  1.103E-01  1.153E-01  1.154E-01  1.107E-01  1.015E-01
  306.5000  1.142E-01  1.191E-01  1.193E-01  1.146E-01  1.054E-01
  307.5000  1.619E-01  1.683E-01  1.685E-01  1.623E-01  1.503E-01
  308.5000  1.800E-01  1.870E-01  1.871E-01  1.806E-01  1.676E-01
  309.5000  1.569E-01  1.626E-01  1.627E-01  1.573E-01  1.466E-01
  310.5000  2.119E-01  2.192E-01  2.194E-01  2.124E-01  1.986E-01
  311.5000  2.712E-01  2.803E-01  2.805E-01  2.719E-01  2.547E-01
  312.5000  2.619E-01  2.703E-01  2.705E-01  2.626E-01  2.469E-01
  313.5000  2.964E-01  3.057E-01  3.059E-01  2.971E-01  2.796E-01
  314.5000  2.936E-01  3.023E-01  3.026E-01  2.943E-01  2.778E-01
  315.5000  3.028E-01  3.117E-01  3.119E-01  3.034E-01  2.866E-01
  316.5000  2.994E-01  3.078E-01  3.080E-01  3.000E-01  2.841E-01
  317.5000  4.233E-01  4.352E-01  4.355E-01  4.242E-01  4.017E-01
  318.5000  3.307E-01  3.396E-01  3.398E-01  3.314E-01  3.145E-01
  319.5000  4.029E-01  4.137E-01  4.139E-01  4.037E-01  3.833E-01
  320.5000  4.893E-01  5.023E-01  5.026E-01  4.903E-01  4.658E-01
  321.5000  4.127E-01  4.231E-01  4.234E-01  4.135E-01  3.936E-01
  322.5000  4.175E-01  4.284E-01  4.287E-01  4.184E-01  3.977E-01
  323.5000  4.263E-01  4.369E-01  4.372E-01  4.271E-01  4.070E-01
  324.5000  5.004E-01  5.129E-01  5.132E-01  5.014E-01  4.777E-01
  325.5000  5.614E-01  5.755E-01  5.758E-01  5.625E-01  5.359E-01
  326.5000  6.747E-01  6.910E-01  6.914E-01  6.760E-01  6.450E-01
  327.5000  6.297E-01  6.450E-01  6.454E-01  6.308E-01  6.017E-01
  328.5000  5.812E-01  5.953E-01  5.957E-01  5.823E-01  5.555E-01
  329.5000  7.489E-01  7.667E-01  7.671E-01  7.503E-01  7.166E-01
  330.5000  6.824E-01  6.987E-01  6.991E-01  6.836E-01  6.527E-01
  331.5000  6.745E-01  6.906E-01  6.911E-01  6.758E-01  6.452E-01
  332.5000  6.611E-01  6.766E-01  6.770E-01  6.623E-01  6.329E-01
  333.5000  6.223E-01  6.369E-01  6.373E-01  6.234E-01  5.956E-01
  334.5000  6.944E-01  7.106E-01  7.111E-01  6.956E-01  6.647E-01
  335.5000  7.020E-01  7.183E-01  7.187E-01  7.033E-01  6.724E-01
  336.5000  5.491E-01  5.618E-01  5.621E-01  5.500E-01  5.258E-01
  337.5000  6.035E-01  6.176E-01  6.179E-01  6.046E-01  5.779E-01
  338.5000  6.353E-01  6.499E-01  6.503E-01  6.364E-01  6.086E-01
  339.5000  6.902E-01  7.060E-01  7.064E-01  6.914E-01  6.612E-01
  340.5000  7.383E-01  7.553E-01  7.558E-01  7.396E-01  7.073E-01
  341.5000  6.547E-01  6.697E-01  6.701E-01  6.558E-01  6.274E-01
  342.5000  7.249E-01  7.414E-01  7.419E-01  7.262E-01  6.947E-01
  343.5000  7.530E-01  7.702E-01  7.707E-01  7.544E-01  7.217E-01
  344.5000  5.279E-01  5.400E-01  5.403E-01  5.288E-01  5.059E-01
  345.5000  7.221E-01  7.385E-01  7.389E-01  7.234E-01  6.923E-01
  346.5000  6.758E-01  6.912E-01  6.915E-01  6.770E-01  6.478E-01
  347.5000  6.600E-01  6.750E-01  6.754E-01  6.612E-01  6.328E-01
  348.5000  7.250E-01  7.413E-01  7.418E-01  7.262E-01  6.951E-01
  349.5000  6.074E-01  6.211E-01  6.214E-01  6.084E-01  5.824E-01
  350.5000  8.500E-01  8.692E-01  8.697E-01  8.515E-01  8.151E-01
  351.5000  7.325E-01  7.489E-01  7.494E-01  7.337E-01  7.024E-01
  352.5000  6.603E-01  6.751E-01  6.755E-01  6.614E-01  6.333E-01
  353.5000  7.944E-01  8.122E-01  8.127E-01  7.958E-01  7.620E-01
  354.5000  8.594E-01  8.786E-01  8.791E-01  8.609E-01  8.243E-01
  355.5000  8.028E-01  8.208E-01  8.212E-01  8.042E-01  7.702E-01
  356.5000  7.448E-01  7.614E-01  7.618E-01  7.461E-01  7.145E-01
  357.5000  6.331E-01  6.472E-01  6.476E-01  6.342E-01  6.074E-01
  358.5000  4.884E-01  4.992E-01  4.995E-01  4.892E-01  4.686E-01
  359.5000  8.216E-01  8.398E-01  8.403E-01  8.230E-01  7.884E-01
  360.5000  7.613E-01  7.781E-01  7.786E-01  7.626E-01  7.305E-01
  361.5000  6.861E-01  7.012E-01  7.016E-01  6.872E-01  6.584E-01
  362.5000  8.054E-01  8.231E-01  8.236E-01  8.067E-01  7.729E-01
  363.5000  7.162E-01  7.320E-01  7.324E-01  7.174E-01  6.874E-01
  364.5000  7.810E-01  7.982E-01  7.986E-01  7.823E-01  7.496E-01
  365.5000  9.514E-01  9.723E-01  9.728E-01  9.530E-01  9.132E-01
  366.5000  1.006E+00  1.029E+00  1.029E+00  1.008E+00  9.662E-01
  367.5000  9.553E-01  9.762E-01  9.767E-01  9.569E-01  9.171E-01
  368.5000  8.389E-01  8.572E-01  8.577E-01  8.403E-01  8.054E-01
  369.5000  1.006E+00  1.028E+00  1.028E+00  1.008E+00  9.658E-01
  370.5000  9.124E-01  9.323E-01  9.328E-01  9.139E-01  8.760E-01
  371.5000  1.044E+00  1.066E+00  1.067E+00  1.045E+00  1.002E+00
  372.5000  7.706E-01  7.874E-01  7.878E-01  7.719E-01  7.400E-01
  373.5000  6.963E-01  7.114E-01  7.118E-01  6.975E-01  6.687E-01
  374.5000  7.640E-01  7.806E-01  7.810E-01  7.653E-01  7.338E-01
  375.5000  8.617E-01  8.804E-01  8.809E-01  8.631E-01  8.277E-01
  376.5000  8.602E-01  8.788E-01  8.793E-01  8.617E-01  8.263E-01
  377.5000  1.024E+00  1.046E+00  1.047E+00  1.026E+00  9.837E-01
  378.5000  1.116E+00  1.140E+00  1.140E+00  1.118E+00  1.072E+00
  379.5000  8.253E-01  8.430E-01  8.435E-01  8.266E-01  7.928E-01
  380.5000  9.922E-01  1.014E+00  1.014E+00  9.938E-01  9.532E-01
  381.5000  9.321E-01  9.521E-01  9.526E-01  9.336E-01  8.955E-01
  382.5000  6.209E-01  6.342E-01  6.346E-01  6.219E-01  5.966E-01
  383.5000  5.451E-01  5.567E-01  5.570E-01  5.460E-01  5.237E-01
  384.5000  8.177E-01  8.352E-01  8.357E-01  8.191E-01  7.858E-01
  385.5000  8.088E-01  8.261E-01  8.266E-01  8.102E-01  7.773E-01
  386.5000  8.243E-01  8.418E-01  8.423E-01  8.256E-01  7.921E-01
  387.5000  7.658E-01  7.821E-01  7.826E-01  7.671E-01  7.360E-01
  388.5000  7.674E-01  7.838E-01  7.842E-01  7.687E-01  7.376E-01
  389.5000  9.675E-01  9.881E-01  9.886E-01  9.691E-01  9.300E-01
  390.5000  9.501E-01  9.703E-01  9.708E-01  9.516E-01  9.132E-01
  391.5000  1.127E+00  1.151E+00  1.151E+00  1.129E+00  1.083E+00
  392.5000  8.448E-01  8.627E-01  8.632E-01  8.462E-01  8.121E-01
  393.5000  3.672E-01  3.750E-01  3.752E-01  3.678E-01  3.530E-01
  394.5000  8.639E-01  8.821E-01  8.826E-01  8.653E-01  8.305E-01
  395.5000  1.111E+00  1.135E+00  1.135E+00  1.113E+00  1.068E+00
  396.5000  6.524E-01  6.661E-01  6.665E-01  6.534E-01  6.272E-01
  397.5000  7.526E-01  7.685E-01  7.689E-01  7.538E-01  7.237E-01
  398.5000  1.293E+00  1.320E+00  1.321E+00  1.295E+00  1.243E+00
  399.5000  1.345E+00  1.373E+00  1.374E+00  1.347E+00  1.293E+00
  400.5000  1.413E+00  1.443E+00  1.444E+00  1.416E+00  1.359E+00
  401.5000  1.454E+00  1.484E+00  1.485E+00  1.456E+00  1.398E+00
  402.5000  1.509E+00  1.541E+00  1.541E+00  1.511E+00  1.451E+00
  403.5000  1.381E+00  1.410E+00  1.411E+00  1.383E+00  1.328E+00
  404.5000  1.354E+00  1.382E+00  1.383E+00  1.356E+00  1.302E+00
  405.5000  1.406E+00  1.436E+00  1.436E+00  1.409E+00  1.353E+00
  406.5000  1.324E+00  1.352E+00  1.353E+00  1.327E+00  1.274E+00
  407.5000  1.335E+00  1.363E+00  1.364E+00  1.337E+00  1.284E+00
  408.5000  1.487E+00  1.517E+00  1.518E+00  1.489E+00  1.430E+00
  409.5000  1.457E+00  1.487E+00  1.488E+00  1.459E+00  1.402E+00
  410.5000  1.263E+00  1.290E+00  1.290E+00  1.265E+00  1.215E+00
  411.5000  1.518E+00  1.550E+00  1.551E+00  1.521E+00  1.461E+00
  412.5000  1.505E+00  1.536E+00  1.536E+00  1.507E+00  1.448E+00
  413.5000  1.459E+00  1.489E+00  1.490E+00  1.461E+00  1.404E+00
  414.5000  1.499E+00  1.530E+00  1.531E+00  1.502E+00  1.443E+00
  415.5000  1.434E+00  1.463E+00  1.464E+00  1.436E+00  1.380E+00
  416.5000  1.560E+00  1.592E+00  1.593E+00  1.563E+00  1.501E+00
  417.5000  1.426E+00  1.455E+00  1.456E+00  1.428E+00  1.372E+00
  418.5000  1.437E+00  1.467E+00  1.467E+00  1.439E+00  1.383E+00
  419.5000  1.484E+00  1.515E+00  1.516E+00  1.487E+00  1.428E+00
------------------------------------------------------------
Dose rates, W m-2
   1 = UV-B, 280-315 nm                                  
   2 = UV-A, 315-400 nm                                  
   3 = Gaussian, 320 nm, 10 nm FWHM                      
   4 = RB Meter, model 501                               
   5 = DNA damage, in vitro (Setlow, 1974)               
   6 = UV index (WMO, 1994; Webb et al., 2011)           
   7 = Previtamin-D3 (CIE 2006)                          
values at z =      0.000 km
Columns: time, sza, weighting spectra
time, hrs.  sza, deg.          1          2          3          4          5          6          7
   11.0000     20.354  2.383E+00  6.262E+01  4.132E-01  7.331E-01  1.035E-02  1.444E+01  7.266E-01
   11.5000     17.445  2.474E+00  6.403E+01  4.242E-01  7.643E-01  1.100E-02  1.511E+01  7.601E-01
   12.0000     17.364  2.477E+00  6.406E+01  4.245E-01  7.651E-01  1.102E-02  1.513E+01  7.610E-01
   12.5000     20.148  2.390E+00  6.273E+01  4.141E-01  7.354E-01  1.040E-02  1.449E+01  7.291E-01
   13.0000     24.849  2.220E+00  6.006E+01  3.933E-01  6.778E-01  9.240E-03  1.327E+01  6.674E-01
------------------------------------------------------------
