Spectral Irradiance, W m-2 nm-1
values at z =      0.000 km
Columns: wavelength (nm), times (hrs.) or sza (deg.)
    wc, nm     11.000     11.500     12.000     12.500     13.000
    sza =      96.748     96.588     96.523     96.554     96.680
  280.5000  0.000E+00  0.000E+00  0.000E+00  0.000E+00  0.000E+00
  281.5000  0.000E+00  0.000E+00  0.000E+00  0.000E+00  0.000E+00
  282.5000  0.000E+00  0.000E+00  0.000E+00  0.000E+00  0.000E+00
  283.5000  0.000E+00  0.000E+00  0.000E+00  0.000E+00  0.000E+00
  284.5000  0.000E+00  0.000E+00  0.000E+00  0.000E+00  0.000E+00
  285.5000  0.000E+00  0.000E+00  0.000E+00  0.000E+00  0.000E+00
  286.5000  0.000E+00  0.000E+00  5.605E-45  0.000E+00  0.000E+00
  287.5000  0.000E+00  2.803E-45  5.928E-41  4.176E-43  0.000E+00
  288.5000  0.000E+00  2.299E-40  1.040E-36  1.375E-38  0.000E+00
  289.5000  1.401E-45  1.138E-36  2.147E-33  4.448E-35  1.071E-41
  290.5000  3.566E-42  1.353E-33  1.223E-30  3.699E-32  3.973E-38
  291.5000  7.559E-38  2.492E-30  9.806E-28  4.550E-29  2.647E-34
  292.5000  2.586E-34  1.164E-27  2.328E-25  1.530E-26  3.525E-31
  293.5000  6.777E-31  4.691E-25  4.954E-23  4.521E-24  3.809E-28
  294.5000  3.004E-28  4.737E-23  3.016E-21  3.570E-22  8.393E-26
  295.5000  2.196E-25  7.368E-21  2.761E-19  4.293E-20  2.953E-23
  296.5000  4.721E-23  4.319E-19  1.035E-17  2.025E-18  3.440E-21
  297.5000  6.017E-21  1.769E-17  2.865E-16  6.856E-17  2.566E-19
  298.5000  2.600E-19  2.910E-16  3.376E-15  9.593E-16  7.039E-18
  299.5000  1.599E-17  7.278E-15  6.192E-14  2.063E-14  2.831E-16
  300.5000  2.119E-16  4.745E-14  3.152E-13  1.193E-13  2.690E-15
  301.5000  7.019E-15  7.369E-13  3.758E-12  1.629E-12  6.240E-14
  302.5000  5.818E-14  3.693E-12  1.577E-11  7.489E-12  4.089E-13
  303.5000  8.982E-13  3.164E-11  1.099E-10  5.805E-11  4.789E-12
  304.5000  3.620E-12  9.026E-11  2.778E-10  1.561E-10  1.641E-11
  305.5000  3.083E-11  4.656E-10  1.206E-09  7.403E-10  1.103E-10
  306.5000  7.380E-11  8.972E-10  2.153E-09  1.375E-09  2.386E-10
  307.5000  4.842E-10  3.919E-09  8.177E-09  5.610E-09  1.292E-09
  308.5000  1.008E-09  6.952E-09  1.372E-08  9.684E-09  2.495E-09
  309.5000  2.428E-09  1.283E-08  2.310E-08  1.710E-08  5.299E-09
  310.5000  6.946E-09  3.032E-08  5.107E-08  3.911E-08  1.386E-08
  311.5000  1.449E-08  5.589E-08  9.019E-08  7.060E-08  2.727E-08
  312.5000  3.350E-08  1.037E-07  1.552E-07  1.263E-07  5.684E-08
  313.5000  4.788E-08  1.405E-07  2.061E-07  1.694E-07  7.924E-08
  314.5000  9.964E-08  2.442E-07  3.368E-07  2.858E-07  1.514E-07
  315.5000  1.203E-07  2.852E-07  3.887E-07  3.319E-07  1.801E-07
  316.5000  2.148E-07  4.450E-07  5.792E-07  5.064E-07  3.016E-07
  317.5000  3.118E-07  6.436E-07  8.362E-07  7.318E-07  4.372E-07
  318.5000  4.250E-07  7.801E-07  9.745E-07  8.704E-07  5.635E-07
  319.5000  5.893E-07  1.056E-06  1.308E-06  1.173E-06  7.727E-07
  320.5000  8.179E-07  1.427E-06  1.752E-06  1.579E-06  1.059E-06
  321.5000  1.217E-06  1.930E-06  2.296E-06  2.104E-06  1.505E-06
  322.5000  8.024E-07  1.365E-06  1.661E-06  1.503E-06  1.026E-06
  323.5000  1.646E-06  2.509E-06  2.945E-06  2.718E-06  1.997E-06
  324.5000  1.903E-06  2.906E-06  3.414E-06  3.149E-06  2.311E-06
  325.5000  1.936E-06  2.991E-06  3.527E-06  3.247E-06  2.365E-06
  326.5000  3.962E-06  5.742E-06  6.633E-06  6.174E-06  4.691E-06
  327.5000  3.116E-06  4.597E-06  5.339E-06  4.955E-06  3.722E-06
  328.5000  2.865E-06  4.221E-06  4.901E-06  4.549E-06  3.420E-06
  329.5000  5.717E-06  8.079E-06  9.257E-06  8.657E-06  6.688E-06
  330.5000  4.337E-06  6.220E-06  7.161E-06  6.679E-06  5.110E-06
  331.5000  4.116E-06  5.920E-06  6.820E-06  6.358E-06  4.857E-06
  332.5000  5.624E-06  7.867E-06  8.987E-06  8.419E-06  6.547E-06
  333.5000  4.578E-06  6.469E-06  7.412E-06  6.932E-06  5.356E-06
  334.5000  5.488E-06  7.706E-06  8.812E-06  8.250E-06  6.401E-06
  335.5000  6.581E-06  9.129E-06  1.040E-05  9.760E-06  7.631E-06
  336.5000  4.892E-06  6.803E-06  7.757E-06  7.275E-06  5.679E-06
  337.5000  4.779E-06  6.694E-06  7.650E-06  7.165E-06  5.567E-06
  338.5000  6.003E-06  8.308E-06  9.459E-06  8.880E-06  6.953E-06
  339.5000  6.676E-06  9.220E-06  1.049E-05  9.852E-06  7.724E-06
  340.5000  6.682E-06  9.260E-06  1.055E-05  9.899E-06  7.744E-06
  341.5000  6.512E-06  8.970E-06  1.020E-05  9.582E-06  7.524E-06
  342.5000  7.330E-06  1.008E-05  1.146E-05  1.077E-05  8.464E-06
  343.5000  7.361E-06  1.014E-05  1.152E-05  1.083E-05  8.505E-06
  344.5000  4.975E-06  6.861E-06  7.803E-06  7.330E-06  5.752E-06
  345.5000  7.478E-06  1.025E-05  1.164E-05  1.095E-05  8.622E-06
  346.5000  6.599E-06  9.074E-06  1.031E-05  9.692E-06  7.619E-06
  347.5000  6.481E-06  8.905E-06  1.011E-05  9.510E-06  7.480E-06
  348.5000  7.262E-06  9.961E-06  1.131E-05  1.064E-05  8.374E-06
  349.5000  6.059E-06  8.308E-06  9.432E-06  8.871E-06  6.985E-06
  350.5000  8.510E-06  1.166E-05  1.324E-05  1.245E-05  9.808E-06
  351.5000  7.264E-06  9.954E-06  1.130E-05  1.063E-05  8.372E-06
  352.5000  6.585E-06  9.017E-06  1.023E-05  9.626E-06  7.587E-06
  353.5000  7.999E-06  1.094E-05  1.241E-05  1.168E-05  9.212E-06
  354.5000  8.721E-06  1.192E-05  1.352E-05  1.272E-05  1.004E-05
  355.5000  8.142E-06  1.112E-05  1.261E-05  1.187E-05  9.370E-06
  356.5000  7.537E-06  1.029E-05  1.167E-05  1.099E-05  8.672E-06
  357.5000  6.385E-06  8.717E-06  9.882E-06  9.304E-06  7.345E-06
  358.5000  4.940E-06  6.740E-06  7.640E-06  7.194E-06  5.682E-06
  359.5000  8.297E-06  1.132E-05  1.283E-05  1.208E-05  9.541E-06
  360.5000  7.680E-06  1.047E-05  1.187E-05  1.118E-05  8.830E-06
  361.5000  6.932E-06  9.446E-06  1.070E-05  1.008E-05  7.968E-06
  362.5000  8.139E-06  1.109E-05  1.256E-05  1.183E-05  9.353E-06
  363.5000  7.230E-06  9.844E-06  1.115E-05  1.051E-05  8.307E-06
  364.5000  7.864E-06  1.070E-05  1.212E-05  1.142E-05  9.034E-06
  365.5000  9.548E-06  1.299E-05  1.471E-05  1.386E-05  1.097E-05
  366.5000  1.010E-05  1.374E-05  1.555E-05  1.466E-05  1.160E-05
  367.5000  9.584E-06  1.303E-05  1.475E-05  1.391E-05  1.100E-05
  368.5000  8.400E-06  1.142E-05  1.293E-05  1.218E-05  9.643E-06
  369.5000  1.005E-05  1.366E-05  1.547E-05  1.458E-05  1.154E-05
  370.5000  9.101E-06  1.236E-05  1.399E-05  1.319E-05  1.044E-05
  371.5000  1.039E-05  1.411E-05  1.597E-05  1.506E-05  1.193E-05
  372.5000  7.663E-06  1.040E-05  1.177E-05  1.110E-05  8.790E-06
  373.5000  6.907E-06  9.373E-06  1.061E-05  1.000E-05  7.922E-06
  374.5000  7.560E-06  1.026E-05  1.160E-05  1.094E-05  8.671E-06
  375.5000  8.513E-06  1.155E-05  1.306E-05  1.232E-05  9.762E-06
  376.5000  8.483E-06  1.150E-05  1.301E-05  1.227E-05  9.726E-06
  377.5000  1.008E-05  1.366E-05  1.545E-05  1.458E-05  1.155E-05
  378.5000  1.096E-05  1.485E-05  1.679E-05  1.584E-05  1.256E-05
  379.5000  8.084E-06  1.095E-05  1.239E-05  1.168E-05  9.265E-06
  380.5000  9.698E-06  1.314E-05  1.485E-05  1.401E-05  1.111E-05
  381.5000  9.091E-06  1.231E-05  1.392E-05  1.313E-05  1.042E-05
  382.5000  6.043E-06  8.180E-06  9.248E-06  8.726E-06  6.922E-06
  383.5000  5.292E-06  7.162E-06  8.096E-06  7.641E-06  6.062E-06
  384.5000  7.921E-06  1.072E-05  1.211E-05  1.143E-05  9.073E-06
  385.5000  7.817E-06  1.058E-05  1.195E-05  1.128E-05  8.952E-06
  386.5000  7.948E-06  1.075E-05  1.215E-05  1.147E-05  9.100E-06
  387.5000  7.367E-06  9.960E-06  1.126E-05  1.062E-05  8.434E-06
  388.5000  7.363E-06  9.954E-06  1.125E-05  1.062E-05  8.429E-06
  389.5000  9.261E-06  1.252E-05  1.414E-05  1.335E-05  1.060E-05
  390.5000  9.072E-06  1.226E-05  1.385E-05  1.308E-05  1.038E-05
  391.5000  1.073E-05  1.450E-05  1.638E-05  1.547E-05  1.228E-05
  392.5000  8.027E-06  1.084E-05  1.225E-05  1.156E-05  9.185E-06
  393.5000  3.480E-06  4.699E-06  5.307E-06  5.012E-06  3.982E-06
  394.5000  8.165E-06  1.102E-05  1.245E-05  1.176E-05  9.341E-06
  395.5000  1.048E-05  1.414E-05  1.597E-05  1.508E-05  1.198E-05
  396.5000  6.135E-06  8.278E-06  9.348E-06  8.830E-06  7.017E-06
  397.5000  7.060E-06  9.525E-06  1.075E-05  1.016E-05  8.074E-06
  398.5000  1.210E-05  1.632E-05  1.843E-05  1.741E-05  1.384E-05
  399.5000  1.255E-05  1.692E-05  1.911E-05  1.805E-05  1.435E-05
  400.5000  1.315E-05  1.774E-05  2.002E-05  1.892E-05  1.504E-05
  401.5000  1.349E-05  1.819E-05  2.053E-05  1.940E-05  1.542E-05
  402.5000  1.397E-05  1.882E-05  2.125E-05  2.008E-05  1.596E-05
  403.5000  1.275E-05  1.718E-05  1.939E-05  1.832E-05  1.457E-05
  404.5000  1.247E-05  1.680E-05  1.896E-05  1.792E-05  1.425E-05
  405.5000  1.292E-05  1.740E-05  1.963E-05  1.855E-05  1.476E-05
  406.5000  1.213E-05  1.633E-05  1.843E-05  1.742E-05  1.386E-05
  407.5000  1.219E-05  1.641E-05  1.851E-05  1.750E-05  1.392E-05
  408.5000  1.353E-05  1.821E-05  2.054E-05  1.942E-05  1.545E-05
  409.5000  1.322E-05  1.779E-05  2.007E-05  1.897E-05  1.510E-05
  410.5000  1.143E-05  1.538E-05  1.735E-05  1.640E-05  1.305E-05
  411.5000  1.370E-05  1.843E-05  2.079E-05  1.966E-05  1.564E-05
  412.5000  1.354E-05  1.821E-05  2.054E-05  1.943E-05  1.546E-05
  413.5000  1.310E-05  1.761E-05  1.987E-05  1.879E-05  1.495E-05
  414.5000  1.342E-05  1.804E-05  2.035E-05  1.924E-05  1.532E-05
  415.5000  1.279E-05  1.720E-05  1.939E-05  1.834E-05  1.460E-05
  416.5000  1.387E-05  1.865E-05  2.103E-05  1.989E-05  1.583E-05
  417.5000  1.264E-05  1.699E-05  1.915E-05  1.812E-05  1.443E-05
  418.5000  1.270E-05  1.707E-05  1.924E-05  1.820E-05  1.449E-05
  419.5000  1.308E-05  1.758E-05  1.982E-05  1.874E-05  1.493E-05
------------------------------------------------------------
Dose rates, W m-2
   1 = UV-B, 280-315 nm                                  
   2 = UV-A, 315-400 nm                                  
   3 = Gaussian, 320 nm, 10 nm FWHM                      
   4 = RB Meter, model 501                               
   5 = DNA damage, in vitro (Setlow, 1974)               
   6 = UV index (WMO, 1994; Webb et al., 2011)           
   7 = Previtamin-D3 (CIE 2006)                          
values at z =      0.000 km
Columns: time, sza, weighting spectra
time, hrs.  sza, deg.          1          2          3          4          5          6          7
   11.0000     96.748  2.065E-07  5.587E-04  9.807E-07  3.117E-07  1.345E-09  1.387E-05  4.686E-08
   11.5000     96.588  5.998E-07  7.660E-04  1.569E-06  5.275E-07  2.148E-09  2.052E-05  1.094E-07
   12.0000     96.523  8.881E-07  8.697E-04  1.878E-06  6.539E-07  2.629E-09  2.412E-05  1.543E-07
   12.5000     96.554  7.260E-07  8.183E-04  1.716E-06  5.859E-07  2.371E-09  2.225E-05  1.291E-07
   13.0000     96.680  3.381E-07  6.440E-04  1.216E-06  3.940E-07  1.651E-09  1.652E-05  6.836E-08
------------------------------------------------------------
