Spectral Irradiance, W m-2 nm-1
values at z =      0.000 km
Columns: wavelength (nm), times (hrs.) or sza (deg.)
    wc, nm     11.000     11.500     12.000     12.500     13.000
    sza =      13.335      8.452      8.287     13.020     19.335
  280.5000  2.948E-13  4.580E-13  4.632E-13  3.053E-13  1.271E-13
  281.5000  7.449E-12  1.113E-11  1.125E-11  7.690E-12  3.456E-12
  282.5000  8.164E-11  1.180E-10  1.192E-10  8.405E-11  4.035E-11
  283.5000  3.503E-10  4.957E-10  5.002E-10  3.601E-10  1.804E-10
  284.5000  3.003E-09  4.087E-09  4.120E-09  3.077E-09  1.667E-09
  285.5000  9.210E-09  1.218E-08  1.226E-08  9.416E-09  5.404E-09
  286.5000  9.830E-08  1.271E-07  1.279E-07  1.003E-07  6.020E-08
  287.5000  5.034E-07  6.350E-07  6.388E-07  4.924E-07  3.232E-07
  288.5000  2.232E-06  2.594E-06  2.756E-06  2.269E-06  1.491E-06
  289.5000  1.122E-05  1.351E-05  1.358E-05  1.126E-05  7.867E-06
  290.5000  4.170E-05  4.942E-05  4.964E-05  4.227E-05  3.016E-05
  291.5000  1.206E-04  1.403E-04  1.409E-04  1.221E-04  9.034E-05
  292.5000  2.688E-04  3.081E-04  3.092E-04  2.717E-04  2.072E-04
  293.5000  7.208E-04  8.146E-04  8.172E-04  7.278E-04  5.709E-04
  294.5000  1.292E-03  1.444E-03  1.448E-03  1.303E-03  1.045E-03
  295.5000  3.049E-03  3.368E-03  3.377E-03  3.073E-03  2.523E-03
  296.5000  5.050E-03  5.524E-03  5.537E-03  5.086E-03  4.258E-03
  297.5000  9.245E-03  1.003E-02  1.005E-02  9.305E-03  7.923E-03
  298.5000  1.061E-02  1.142E-02  1.144E-02  1.067E-02  9.215E-03
  299.5000  2.281E-02  2.439E-02  2.443E-02  2.293E-02  2.008E-02
  300.5000  2.080E-02  2.212E-02  2.216E-02  2.090E-02  1.849E-02
  301.5000  4.007E-02  4.238E-02  4.244E-02  4.024E-02  3.601E-02
  302.5000  4.898E-02  5.162E-02  5.169E-02  4.918E-02  4.434E-02
  303.5000  8.169E-02  8.572E-02  8.583E-02  8.201E-02  7.458E-02
  304.5000  8.825E-02  9.236E-02  9.247E-02  8.857E-02  8.096E-02
  305.5000  1.145E-01  1.194E-01  1.195E-01  1.149E-01  1.058E-01
  306.5000  1.186E-01  1.235E-01  1.236E-01  1.190E-01  1.100E-01
  307.5000  1.686E-01  1.750E-01  1.752E-01  1.691E-01  1.573E-01
  308.5000  1.878E-01  1.946E-01  1.948E-01  1.883E-01  1.755E-01
  309.5000  1.639E-01  1.695E-01  1.697E-01  1.643E-01  1.538E-01
  310.5000  2.217E-01  2.289E-01  2.291E-01  2.222E-01  2.086E-01
  311.5000  2.839E-01  2.929E-01  2.932E-01  2.847E-01  2.677E-01
  312.5000  2.747E-01  2.829E-01  2.832E-01  2.754E-01  2.599E-01
  313.5000  3.109E-01  3.201E-01  3.203E-01  3.117E-01  2.944E-01
  314.5000  3.084E-01  3.170E-01  3.173E-01  3.091E-01  2.928E-01
  315.5000  3.181E-01  3.269E-01  3.271E-01  3.188E-01  3.022E-01
  316.5000  3.148E-01  3.232E-01  3.234E-01  3.155E-01  2.998E-01
  317.5000  4.451E-01  4.568E-01  4.571E-01  4.460E-01  4.238E-01
  318.5000  3.480E-01  3.568E-01  3.571E-01  3.487E-01  3.321E-01
  319.5000  4.240E-01  4.347E-01  4.350E-01  4.249E-01  4.048E-01
  320.5000  5.151E-01  5.279E-01  5.282E-01  5.161E-01  4.920E-01
  321.5000  4.347E-01  4.451E-01  4.454E-01  4.356E-01  4.160E-01
  322.5000  4.395E-01  4.503E-01  4.502E-01  4.404E-01  4.200E-01
  323.5000  4.493E-01  4.597E-01  4.600E-01  4.501E-01  4.303E-01
  324.5000  5.272E-01  5.395E-01  5.398E-01  5.282E-01  5.050E-01
  325.5000  5.914E-01  6.052E-01  6.056E-01  5.925E-01  5.663E-01
  326.5000  7.112E-01  7.273E-01  7.277E-01  7.125E-01  6.820E-01
  327.5000  6.633E-01  6.786E-01  6.790E-01  6.647E-01  6.360E-01
  328.5000  6.124E-01  6.263E-01  6.266E-01  6.135E-01  5.871E-01
  329.5000  7.895E-01  8.069E-01  8.074E-01  7.908E-01  7.577E-01
  330.5000  7.191E-01  7.351E-01  7.356E-01  7.204E-01  6.899E-01
  331.5000  7.107E-01  7.265E-01  7.270E-01  7.119E-01  6.818E-01
  332.5000  6.968E-01  7.120E-01  7.124E-01  6.980E-01  6.691E-01
  333.5000  6.557E-01  6.700E-01  6.705E-01  6.568E-01  6.294E-01
  334.5000  7.316E-01  7.476E-01  7.481E-01  7.329E-01  7.025E-01
  335.5000  7.398E-01  7.558E-01  7.562E-01  7.410E-01  7.106E-01
  336.5000  5.785E-01  5.910E-01  5.914E-01  5.795E-01  5.557E-01
  337.5000  6.357E-01  6.495E-01  6.499E-01  6.368E-01  6.105E-01
  338.5000  6.692E-01  6.836E-01  6.840E-01  6.704E-01  6.430E-01
  339.5000  7.270E-01  7.426E-01  7.430E-01  7.282E-01  6.986E-01
  340.5000  7.776E-01  7.943E-01  7.948E-01  7.789E-01  7.472E-01
  341.5000  6.895E-01  7.043E-01  7.047E-01  6.907E-01  6.628E-01
  342.5000  7.634E-01  7.797E-01  7.801E-01  7.647E-01  7.338E-01
  343.5000  7.930E-01  8.099E-01  8.103E-01  7.943E-01  7.622E-01
  344.5000  5.558E-01  5.677E-01  5.680E-01  5.568E-01  5.343E-01
  345.5000  7.603E-01  7.764E-01  7.768E-01  7.616E-01  7.310E-01
  346.5000  7.114E-01  7.265E-01  7.269E-01  7.126E-01  6.840E-01
  347.5000  6.948E-01  7.095E-01  7.099E-01  6.959E-01  6.681E-01
  348.5000  7.631E-01  7.791E-01  7.796E-01  7.643E-01  7.338E-01
  349.5000  6.392E-01  6.527E-01  6.530E-01  6.403E-01  6.147E-01
  350.5000  8.946E-01  9.134E-01  9.139E-01  8.960E-01  8.603E-01
  351.5000  7.707E-01  7.869E-01  7.873E-01  7.720E-01  7.413E-01
  352.5000  6.947E-01  7.093E-01  7.097E-01  6.959E-01  6.683E-01
  353.5000  8.358E-01  8.533E-01  8.538E-01  8.372E-01  8.040E-01
  354.5000  9.041E-01  9.229E-01  9.234E-01  9.056E-01  8.698E-01
  355.5000  8.445E-01  8.621E-01  8.626E-01  8.459E-01  8.125E-01
  356.5000  7.834E-01  7.997E-01  8.001E-01  7.847E-01  7.538E-01
  357.5000  6.659E-01  6.797E-01  6.801E-01  6.670E-01  6.407E-01
  358.5000  5.136E-01  5.242E-01  5.245E-01  5.144E-01  4.942E-01
  359.5000  8.640E-01  8.819E-01  8.823E-01  8.654E-01  8.315E-01
  360.5000  8.005E-01  8.170E-01  8.175E-01  8.018E-01  7.704E-01
  361.5000  7.214E-01  7.362E-01  7.366E-01  7.225E-01  6.943E-01
  362.5000  8.467E-01  8.641E-01  8.646E-01  8.481E-01  8.150E-01
  363.5000  7.529E-01  7.683E-01  7.688E-01  7.541E-01  7.247E-01
  364.5000  8.210E-01  8.378E-01  8.383E-01  8.223E-01  7.903E-01
  365.5000  9.999E-01  1.020E+00  1.021E+00  1.002E+00  9.626E-01
  366.5000  1.058E+00  1.079E+00  1.080E+00  1.060E+00  1.018E+00
  367.5000  1.004E+00  1.024E+00  1.025E+00  1.006E+00  9.666E-01
  368.5000  8.816E-01  8.995E-01  9.000E-01  8.830E-01  8.488E-01
  369.5000  1.057E+00  1.079E+00  1.079E+00  1.059E+00  1.018E+00
  370.5000  9.586E-01  9.781E-01  9.786E-01  9.601E-01  9.231E-01
  371.5000  1.096E+00  1.119E+00  1.119E+00  1.098E+00  1.056E+00
  372.5000  8.095E-01  8.259E-01  8.264E-01  8.108E-01  7.796E-01
  373.5000  7.314E-01  7.463E-01  7.466E-01  7.326E-01  7.045E-01
  374.5000  8.025E-01  8.187E-01  8.191E-01  8.038E-01  7.729E-01
  375.5000  9.051E-01  9.233E-01  9.238E-01  9.065E-01  8.718E-01
  376.5000  9.034E-01  9.216E-01  9.221E-01  9.049E-01  8.702E-01
  377.5000  1.075E+00  1.097E+00  1.098E+00  1.077E+00  1.036E+00
  378.5000  1.172E+00  1.195E+00  1.196E+00  1.174E+00  1.129E+00
  379.5000  8.665E-01  8.839E-01  8.844E-01  8.679E-01  8.348E-01
  380.5000  1.042E+00  1.063E+00  1.063E+00  1.043E+00  1.004E+00
  381.5000  9.785E-01  9.981E-01  9.986E-01  9.801E-01  9.428E-01
  382.5000  6.518E-01  6.648E-01  6.652E-01  6.528E-01  6.280E-01
  383.5000  5.721E-01  5.836E-01  5.839E-01  5.731E-01  5.513E-01
  384.5000  8.583E-01  8.755E-01  8.759E-01  8.597E-01  8.271E-01
  385.5000  8.489E-01  8.658E-01  8.663E-01  8.503E-01  8.181E-01
  386.5000  8.650E-01  8.823E-01  8.827E-01  8.664E-01  8.337E-01
  387.5000  8.037E-01  8.196E-01  8.201E-01  8.049E-01  7.746E-01
  388.5000  8.053E-01  8.213E-01  8.217E-01  8.066E-01  7.762E-01
  389.5000  1.015E+00  1.035E+00  1.036E+00  1.017E+00  9.785E-01
  390.5000  9.968E-01  1.017E+00  1.017E+00  9.984E-01  9.609E-01
  391.5000  1.182E+00  1.206E+00  1.206E+00  1.184E+00  1.140E+00
  392.5000  8.863E-01  9.038E-01  9.042E-01  8.877E-01  8.544E-01
  393.5000  3.852E-01  3.928E-01  3.930E-01  3.858E-01  3.713E-01
  394.5000  9.061E-01  9.240E-01  9.245E-01  9.075E-01  8.736E-01
  395.5000  1.166E+00  1.188E+00  1.189E+00  1.167E+00  1.124E+00
  396.5000  6.842E-01  6.977E-01  6.980E-01  6.853E-01  6.597E-01
  397.5000  7.893E-01  8.048E-01  8.052E-01  7.905E-01  7.611E-01
  398.5000  1.356E+00  1.383E+00  1.383E+00  1.358E+00  1.307E+00
  399.5000  1.410E+00  1.438E+00  1.438E+00  1.412E+00  1.360E+00
  400.5000  1.482E+00  1.511E+00  1.512E+00  1.484E+00  1.429E+00
  401.5000  1.524E+00  1.554E+00  1.555E+00  1.527E+00  1.470E+00
  402.5000  1.582E+00  1.613E+00  1.614E+00  1.585E+00  1.526E+00
  403.5000  1.448E+00  1.476E+00  1.477E+00  1.450E+00  1.396E+00
  404.5000  1.420E+00  1.447E+00  1.448E+00  1.422E+00  1.369E+00
  405.5000  1.474E+00  1.503E+00  1.504E+00  1.477E+00  1.422E+00
  406.5000  1.388E+00  1.415E+00  1.416E+00  1.390E+00  1.339E+00
  407.5000  1.399E+00  1.426E+00  1.427E+00  1.401E+00  1.350E+00
  408.5000  1.558E+00  1.588E+00  1.589E+00  1.560E+00  1.503E+00
  409.5000  1.527E+00  1.557E+00  1.557E+00  1.529E+00  1.473E+00
  410.5000  1.324E+00  1.350E+00  1.350E+00  1.326E+00  1.277E+00
  411.5000  1.591E+00  1.622E+00  1.623E+00  1.593E+00  1.535E+00
  412.5000  1.577E+00  1.607E+00  1.608E+00  1.579E+00  1.521E+00
  413.5000  1.529E+00  1.558E+00  1.559E+00  1.531E+00  1.475E+00
  414.5000  1.571E+00  1.601E+00  1.602E+00  1.573E+00  1.516E+00
  415.5000  1.502E+00  1.531E+00  1.532E+00  1.504E+00  1.449E+00
  416.5000  1.635E+00  1.666E+00  1.667E+00  1.637E+00  1.577E+00
  417.5000  1.494E+00  1.523E+00  1.523E+00  1.496E+00  1.442E+00
  418.5000  1.505E+00  1.534E+00  1.535E+00  1.508E+00  1.453E+00
  419.5000  1.555E+00  1.585E+00  1.585E+00  1.557E+00  1.500E+00
------------------------------------------------------------
Dose rates, W m-2
   1 = UV-B, 280-315 nm                                  
   2 = UV-A, 315-400 nm                                  
   3 = Gaussian, 320 nm, 10 nm FWHM                      
   4 = RB Meter, model 501                               
   5 = DNA damage, in vitro (Setlow, 1974)               
   6 = UV index (WMO, 1994; Webb et al., 2011)           
   7 = Previtamin-D3 (CIE 2006)                          
values at z =      0.000 km
Columns: time, sza, weighting spectra
time, hrs.  sza, deg.          1          2          3          4          5          6          7
   11.0000     13.335  2.486E+00  6.583E+01  4.349E-01  7.619E-01  1.058E-02  1.496E+01  7.530E-01
   11.5000      8.452  2.576E+00  6.721E+01  4.458E-01  7.924E-01  1.120E-02  1.561E+01  7.858E-01
   12.0000      8.287  2.578E+00  6.725E+01  4.460E-01  7.932E-01  1.122E-02  1.563E+01  7.866E-01
   12.5000     13.020  2.493E+00  6.594E+01  4.358E-01  7.643E-01  1.063E-02  1.501E+01  7.556E-01
   13.0000     19.335  2.326E+00  6.333E+01  4.153E-01  7.078E-01  9.508E-03  1.382E+01  6.951E-01
------------------------------------------------------------
