Spectral Irradiance, W m-2 nm-1
values at z =      0.000 km
Columns: wavelength (nm), times (hrs.) or sza (deg.)
    wc, nm     11.000     11.500     12.000     12.500     13.000
    sza =      24.757     22.766     22.777     24.785     28.364
  280.5000  6.229E-17  1.064E-16  1.061E-16  6.180E-17  2.023E-17
  281.5000  3.400E-15  5.536E-15  5.523E-15  3.375E-15  1.220E-15
  282.5000  7.222E-14  1.129E-13  1.126E-13  7.174E-14  2.824E-14
  283.5000  4.763E-13  7.252E-13  7.236E-13  4.734E-13  1.970E-13
  284.5000  8.937E-12  1.296E-11  1.294E-11  8.887E-12  4.090E-12
  285.5000  4.892E-11  6.848E-11  6.836E-11  4.868E-11  2.414E-11
  286.5000  8.151E-10  1.110E-09  1.108E-09  8.114E-10  4.261E-10
  287.5000  6.843E-09  9.041E-09  9.028E-09  6.815E-09  3.814E-09
  288.5000  5.190E-08  6.634E-08  6.626E-08  5.171E-08  3.101E-08
  289.5000  3.833E-07  4.784E-07  4.778E-07  3.754E-07  2.407E-07
  290.5000  1.968E-06  2.408E-06  2.406E-06  1.962E-06  1.289E-06
  291.5000  8.208E-06  9.820E-06  9.811E-06  8.187E-06  5.636E-06
  292.5000  2.470E-05  2.900E-05  2.898E-05  2.464E-05  1.763E-05
  293.5000  8.783E-05  1.014E-04  1.013E-04  8.765E-05  6.503E-05
  294.5000  1.964E-04  2.236E-04  2.235E-04  1.960E-04  1.496E-04
  295.5000  5.864E-04  6.581E-04  6.577E-04  5.854E-04  4.605E-04
  296.5000  1.181E-03  1.309E-03  1.309E-03  1.179E-03  9.510E-04
  297.5000  2.565E-03  2.815E-03  2.813E-03  2.562E-03  2.113E-03
  298.5000  3.400E-03  3.698E-03  3.696E-03  3.396E-03  2.853E-03
  299.5000  8.379E-03  9.037E-03  9.034E-03  8.370E-03  7.155E-03
  300.5000  8.482E-03  9.089E-03  9.086E-03  8.473E-03  7.341E-03
  301.5000  1.830E-02  1.948E-02  1.947E-02  1.829E-02  1.607E-02
  302.5000  2.410E-02  2.553E-02  2.552E-02  2.408E-02  2.137E-02
  303.5000  4.388E-02  4.624E-02  4.623E-02  4.385E-02  3.935E-02
  304.5000  4.988E-02  5.239E-02  5.238E-02  4.984E-02  4.502E-02
  305.5000  6.975E-02  7.293E-02  7.291E-02  6.970E-02  6.357E-02
  306.5000  7.468E-02  7.792E-02  7.791E-02  7.463E-02  6.834E-02
  307.5000  1.129E-01  1.174E-01  1.174E-01  1.129E-01  1.042E-01
  308.5000  1.288E-01  1.337E-01  1.336E-01  1.287E-01  1.192E-01
  309.5000  1.171E-01  1.212E-01  1.212E-01  1.170E-01  1.089E-01
  310.5000  1.630E-01  1.685E-01  1.685E-01  1.630E-01  1.523E-01
  311.5000  2.129E-01  2.198E-01  2.198E-01  2.128E-01  1.993E-01
  312.5000  2.131E-01  2.196E-01  2.195E-01  2.130E-01  2.004E-01
  313.5000  2.433E-01  2.504E-01  2.504E-01  2.432E-01  2.290E-01
  314.5000  2.484E-01  2.553E-01  2.552E-01  2.483E-01  2.347E-01
  315.5000  2.575E-01  2.645E-01  2.645E-01  2.574E-01  2.435E-01
  316.5000  2.607E-01  2.674E-01  2.674E-01  2.606E-01  2.472E-01
  317.5000  3.687E-01  3.782E-01  3.782E-01  3.686E-01  3.497E-01
  318.5000  2.943E-01  3.015E-01  3.015E-01  2.942E-01  2.799E-01
  319.5000  3.601E-01  3.689E-01  3.688E-01  3.600E-01  3.427E-01
  320.5000  4.396E-01  4.501E-01  4.501E-01  4.395E-01  4.186E-01
  321.5000  3.781E-01  3.867E-01  3.867E-01  3.780E-01  3.609E-01
  322.5000  3.769E-01  3.858E-01  3.858E-01  3.768E-01  3.592E-01
  323.5000  3.941E-01  4.022E-01  4.024E-01  3.940E-01  3.767E-01
  324.5000  4.623E-01  4.726E-01  4.725E-01  4.621E-01  4.418E-01
  325.5000  5.171E-01  5.287E-01  5.286E-01  5.170E-01  4.941E-01
  326.5000  6.316E-01  6.451E-01  6.450E-01  6.314E-01  6.046E-01
  327.5000  5.864E-01  5.991E-01  5.991E-01  5.863E-01  5.611E-01
  328.5000  5.414E-01  5.531E-01  5.531E-01  5.413E-01  5.181E-01
  329.5000  7.061E-01  7.208E-01  7.207E-01  7.059E-01  6.767E-01
  330.5000  6.403E-01  6.538E-01  6.537E-01  6.401E-01  6.133E-01
  331.5000  6.323E-01  6.457E-01  6.456E-01  6.321E-01  6.056E-01
  332.5000  6.251E-01  6.380E-01  6.379E-01  6.249E-01  5.994E-01
  333.5000  5.863E-01  5.985E-01  5.985E-01  5.861E-01  5.620E-01
  334.5000  6.555E-01  6.690E-01  6.689E-01  6.553E-01  6.285E-01
  335.5000  6.655E-01  6.790E-01  6.790E-01  6.653E-01  6.384E-01
  336.5000  5.199E-01  5.305E-01  5.304E-01  5.198E-01  4.987E-01
  337.5000  5.699E-01  5.816E-01  5.815E-01  5.697E-01  5.465E-01
  338.5000  6.025E-01  6.146E-01  6.146E-01  6.023E-01  5.781E-01
  339.5000  6.549E-01  6.681E-01  6.681E-01  6.548E-01  6.286E-01
  340.5000  6.996E-01  7.137E-01  7.137E-01  6.994E-01  6.714E-01
  341.5000  6.218E-01  6.342E-01  6.342E-01  6.216E-01  5.969E-01
  342.5000  6.887E-01  7.025E-01  7.024E-01  6.886E-01  6.612E-01
  343.5000  7.150E-01  7.293E-01  7.292E-01  7.148E-01  6.864E-01
  344.5000  5.009E-01  5.109E-01  5.108E-01  5.007E-01  4.808E-01
  345.5000  6.866E-01  7.002E-01  7.002E-01  6.864E-01  6.594E-01
  346.5000  6.418E-01  6.546E-01  6.545E-01  6.417E-01  6.163E-01
  347.5000  6.270E-01  6.394E-01  6.394E-01  6.268E-01  6.021E-01
  348.5000  6.890E-01  7.026E-01  7.026E-01  6.888E-01  6.617E-01
  349.5000  5.772E-01  5.886E-01  5.886E-01  5.771E-01  5.544E-01
  350.5000  8.080E-01  8.239E-01  8.238E-01  8.078E-01  7.761E-01
  351.5000  6.961E-01  7.099E-01  7.098E-01  6.960E-01  6.687E-01
  352.5000  6.277E-01  6.400E-01  6.400E-01  6.275E-01  6.030E-01
  353.5000  7.554E-01  7.702E-01  7.701E-01  7.552E-01  7.258E-01
  354.5000  8.174E-01  8.334E-01  8.333E-01  8.172E-01  7.854E-01
  355.5000  7.637E-01  7.786E-01  7.785E-01  7.635E-01  7.338E-01
  356.5000  7.085E-01  7.223E-01  7.222E-01  7.083E-01  6.808E-01
  357.5000  6.023E-01  6.140E-01  6.139E-01  6.021E-01  5.788E-01
  358.5000  4.646E-01  4.736E-01  4.736E-01  4.645E-01  4.466E-01
  359.5000  7.817E-01  7.969E-01  7.968E-01  7.815E-01  7.514E-01
  360.5000  7.243E-01  7.384E-01  7.383E-01  7.242E-01  6.963E-01
  361.5000  6.529E-01  6.655E-01  6.654E-01  6.527E-01  6.276E-01
  362.5000  7.664E-01  7.812E-01  7.812E-01  7.662E-01  7.368E-01
  363.5000  6.816E-01  6.947E-01  6.947E-01  6.814E-01  6.553E-01
  364.5000  7.433E-01  7.576E-01  7.576E-01  7.431E-01  7.147E-01
  365.5000  9.055E-01  9.229E-01  9.228E-01  9.052E-01  8.707E-01
  366.5000  9.580E-01  9.764E-01  9.763E-01  9.578E-01  9.212E-01
  367.5000  9.093E-01  9.268E-01  9.267E-01  9.091E-01  8.745E-01
  368.5000  7.986E-01  8.139E-01  8.138E-01  7.984E-01  7.680E-01
  369.5000  9.577E-01  9.759E-01  9.759E-01  9.574E-01  9.211E-01
  370.5000  8.686E-01  8.852E-01  8.851E-01  8.684E-01  8.355E-01
  371.5000  9.936E-01  1.012E+00  1.012E+00  9.933E-01  9.557E-01
  372.5000  7.337E-01  7.477E-01  7.476E-01  7.335E-01  7.058E-01
  373.5000  6.630E-01  6.756E-01  6.755E-01  6.629E-01  6.378E-01
  374.5000  7.275E-01  7.413E-01  7.412E-01  7.273E-01  6.999E-01
  375.5000  8.206E-01  8.361E-01  8.360E-01  8.204E-01  7.895E-01
  376.5000  8.192E-01  8.347E-01  8.346E-01  8.190E-01  7.882E-01
  377.5000  9.752E-01  9.936E-01  9.936E-01  9.750E-01  9.384E-01
  378.5000  1.063E+00  1.083E+00  1.083E+00  1.062E+00  1.023E+00
  379.5000  7.860E-01  8.008E-01  8.007E-01  7.858E-01  7.564E-01
  380.5000  9.450E-01  9.628E-01  9.627E-01  9.448E-01  9.094E-01
  381.5000  8.878E-01  9.044E-01  9.044E-01  8.876E-01  8.544E-01
  382.5000  5.914E-01  6.025E-01  6.024E-01  5.913E-01  5.692E-01
  383.5000  5.192E-01  5.289E-01  5.289E-01  5.191E-01  4.997E-01
  384.5000  7.790E-01  7.935E-01  7.935E-01  7.788E-01  7.498E-01
  385.5000  7.705E-01  7.849E-01  7.848E-01  7.703E-01  7.417E-01
  386.5000  7.852E-01  7.999E-01  7.998E-01  7.850E-01  7.559E-01
  387.5000  7.296E-01  7.432E-01  7.431E-01  7.294E-01  7.024E-01
  388.5000  7.311E-01  7.447E-01  7.447E-01  7.310E-01  7.039E-01
  389.5000  9.218E-01  9.389E-01  9.389E-01  9.216E-01  8.875E-01
  390.5000  9.052E-01  9.220E-01  9.220E-01  9.050E-01  8.716E-01
  391.5000  1.074E+00  1.094E+00  1.094E+00  1.073E+00  1.034E+00
  392.5000  8.050E-01  8.199E-01  8.198E-01  8.048E-01  7.752E-01
  393.5000  3.499E-01  3.564E-01  3.563E-01  3.498E-01  3.369E-01
  394.5000  8.232E-01  8.384E-01  8.383E-01  8.230E-01  7.927E-01
  395.5000  1.059E+00  1.078E+00  1.078E+00  1.059E+00  1.020E+00
  396.5000  6.217E-01  6.331E-01  6.331E-01  6.215E-01  5.988E-01
  397.5000  7.173E-01  7.304E-01  7.304E-01  7.171E-01  6.908E-01
  398.5000  1.232E+00  1.255E+00  1.255E+00  1.232E+00  1.187E+00
  399.5000  1.281E+00  1.305E+00  1.305E+00  1.281E+00  1.234E+00
  400.5000  1.347E+00  1.372E+00  1.372E+00  1.347E+00  1.298E+00
  401.5000  1.386E+00  1.411E+00  1.411E+00  1.385E+00  1.335E+00
  402.5000  1.438E+00  1.465E+00  1.464E+00  1.438E+00  1.386E+00
  403.5000  1.316E+00  1.340E+00  1.340E+00  1.316E+00  1.268E+00
  404.5000  1.291E+00  1.314E+00  1.314E+00  1.290E+00  1.244E+00
  405.5000  1.341E+00  1.365E+00  1.365E+00  1.340E+00  1.292E+00
  406.5000  1.263E+00  1.285E+00  1.285E+00  1.262E+00  1.216E+00
  407.5000  1.273E+00  1.296E+00  1.296E+00  1.272E+00  1.226E+00
  408.5000  1.417E+00  1.443E+00  1.443E+00  1.417E+00  1.366E+00
  409.5000  1.389E+00  1.414E+00  1.414E+00  1.389E+00  1.339E+00
  410.5000  1.204E+00  1.226E+00  1.226E+00  1.204E+00  1.161E+00
  411.5000  1.447E+00  1.474E+00  1.474E+00  1.447E+00  1.395E+00
  412.5000  1.434E+00  1.460E+00  1.460E+00  1.434E+00  1.382E+00
  413.5000  1.391E+00  1.416E+00  1.416E+00  1.391E+00  1.341E+00
  414.5000  1.429E+00  1.455E+00  1.455E+00  1.429E+00  1.378E+00
  415.5000  1.367E+00  1.392E+00  1.392E+00  1.367E+00  1.318E+00
  416.5000  1.488E+00  1.514E+00  1.514E+00  1.487E+00  1.434E+00
  417.5000  1.360E+00  1.384E+00  1.384E+00  1.359E+00  1.311E+00
  418.5000  1.370E+00  1.395E+00  1.395E+00  1.370E+00  1.321E+00
  419.5000  1.415E+00  1.441E+00  1.441E+00  1.415E+00  1.364E+00
------------------------------------------------------------
Dose rates, W m-2
   1 = UV-B, 280-315 nm                                  
   2 = UV-A, 315-400 nm                                  
   3 = Gaussian, 320 nm, 10 nm FWHM                      
   4 = RB Meter, model 501                               
   5 = DNA damage, in vitro (Setlow, 1974)               
   6 = UV index (WMO, 1994; Webb et al., 2011)           
   7 = Previtamin-D3 (CIE 2006)                          
values at z =      0.000 km
Columns: time, sza, weighting spectra
time, hrs.  sza, deg.          1          2          3          4          5          6          7
   11.0000     24.757  1.745E+00  5.928E+01  3.706E-01  5.043E-01  5.198E-03  9.481E+00  4.655E-01
   11.5000     22.766  1.807E+00  6.044E+01  3.795E-01  5.237E-01  5.483E-03  9.862E+00  4.855E-01
   12.0000     22.777  1.807E+00  6.044E+01  3.795E-01  5.236E-01  5.482E-03  9.860E+00  4.854E-01
   12.5000     24.785  1.744E+00  5.926E+01  3.705E-01  5.041E-01  5.194E-03  9.476E+00  4.652E-01
   13.0000     28.364  1.623E+00  5.695E+01  3.529E-01  4.666E-01  4.656E-03  8.746E+00  4.266E-01
------------------------------------------------------------
