Spectral Irradiance, W m-2 nm-1
values at z =      0.000 km
Columns: wavelength (nm), times (hrs.) or sza (deg.)
    wc, nm     11.000     11.500     12.000     12.500     13.000
    sza =      68.982     68.445     68.456     69.018     70.116
  280.5000  2.958E-27  3.092E-27  3.089E-27  2.949E-27  2.703E-27
  281.5000  8.782E-25  9.192E-25  9.183E-25  8.755E-25  8.009E-25
  282.5000  8.026E-23  8.411E-23  8.402E-23  8.001E-23  7.304E-23
  283.5000  1.362E-21  1.428E-21  1.427E-21  1.358E-21  1.237E-21
  284.5000  1.464E-19  1.539E-19  1.537E-19  1.460E-19  1.326E-19
  285.5000  2.937E-18  3.091E-18  3.087E-18  2.927E-18  2.650E-18
  286.5000  1.333E-16  1.405E-16  1.403E-16  1.328E-16  1.200E-16
  287.5000  3.443E-15  3.636E-15  3.632E-15  3.431E-15  3.086E-15
  288.5000  9.026E-14  9.561E-14  9.549E-14  8.992E-14  8.048E-14
  289.5000  1.637E-12  1.739E-12  1.736E-12  1.630E-12  1.452E-12
  290.5000  1.809E-11  1.930E-11  1.927E-11  1.802E-11  1.595E-11
  291.5000  1.843E-10  1.979E-10  1.976E-10  1.835E-10  1.608E-10
  292.5000  1.182E-09  1.280E-09  1.278E-09  1.176E-09  1.017E-09
  293.5000  8.871E-09  9.726E-09  9.706E-09  8.819E-09  7.480E-09
  294.5000  3.688E-08  4.093E-08  4.084E-08  3.663E-08  3.040E-08
  295.5000  2.240E-07  2.524E-07  2.517E-07  2.223E-07  1.790E-07
  296.5000  8.568E-07  9.768E-07  9.740E-07  8.496E-07  6.662E-07
  297.5000  3.426E-06  3.934E-06  3.922E-06  3.395E-06  2.607E-06
  298.5000  7.878E-06  9.068E-06  9.041E-06  7.805E-06  5.922E-06
  299.5000  3.376E-05  3.878E-05  3.867E-05  3.344E-05  2.530E-05
  300.5000  5.320E-05  6.086E-05  6.068E-05  5.272E-05  4.005E-05
  301.5000  1.894E-04  2.150E-04  2.144E-04  1.878E-04  1.443E-04
  302.5000  3.491E-04  3.937E-04  3.927E-04  3.463E-04  2.692E-04
  303.5000  9.561E-04  1.068E-03  1.066E-03  9.489E-04  7.508E-04
  304.5000  1.379E-03  1.531E-03  1.528E-03  1.369E-03  1.096E-03
  305.5000  2.769E-03  3.045E-03  3.039E-03  2.752E-03  2.247E-03
  306.5000  3.466E-03  3.794E-03  3.787E-03  3.445E-03  2.839E-03
  307.5000  7.109E-03  7.712E-03  7.699E-03  7.070E-03  5.939E-03
  308.5000  9.112E-03  9.850E-03  9.834E-03  9.064E-03  7.671E-03
  309.5000  1.016E-02  1.091E-02  1.090E-02  1.011E-02  8.673E-03
  310.5000  1.637E-02  1.751E-02  1.748E-02  1.630E-02  1.412E-02
  311.5000  2.355E-02  2.510E-02  2.507E-02  2.345E-02  2.046E-02
  312.5000  2.804E-02  2.972E-02  2.968E-02  2.793E-02  2.467E-02
  313.5000  3.335E-02  3.530E-02  3.526E-02  3.323E-02  2.942E-02
  314.5000  3.953E-02  4.162E-02  4.158E-02  3.939E-02  3.526E-02
  315.5000  4.202E-02  4.421E-02  4.417E-02  4.187E-02  3.755E-02
  316.5000  4.775E-02  5.005E-02  5.000E-02  4.760E-02  4.304E-02
  317.5000  6.765E-02  7.091E-02  7.083E-02  6.743E-02  6.098E-02
  318.5000  6.004E-02  6.270E-02  6.265E-02  5.987E-02  5.456E-02
  319.5000  7.503E-02  7.831E-02  7.824E-02  7.481E-02  6.828E-02
  320.5000  9.394E-02  9.797E-02  9.788E-02  9.368E-02  8.565E-02
  321.5000  8.899E-02  9.249E-02  9.242E-02  8.876E-02  8.174E-02
  322.5000  8.255E-02  8.602E-02  8.595E-02  8.232E-02  7.539E-02
  323.5000  9.703E-02  1.007E-01  1.006E-01  9.679E-02  8.943E-02
  324.5000  1.135E-01  1.178E-01  1.177E-01  1.132E-01  1.045E-01
  325.5000  1.252E-01  1.300E-01  1.299E-01  1.249E-01  1.152E-01
  326.5000  1.655E-01  1.714E-01  1.713E-01  1.651E-01  1.533E-01
  327.5000  1.501E-01  1.556E-01  1.555E-01  1.497E-01  1.387E-01
  328.5000  1.389E-01  1.440E-01  1.439E-01  1.386E-01  1.284E-01
  329.5000  1.921E-01  1.988E-01  1.986E-01  1.917E-01  1.784E-01
  330.5000  1.704E-01  1.764E-01  1.763E-01  1.700E-01  1.579E-01
  331.5000  1.677E-01  1.737E-01  1.735E-01  1.673E-01  1.553E-01
  332.5000  1.731E-01  1.789E-01  1.788E-01  1.727E-01  1.608E-01
  333.5000  1.597E-01  1.652E-01  1.651E-01  1.593E-01  1.482E-01
  334.5000  1.804E-01  1.866E-01  1.865E-01  1.800E-01  1.676E-01
  335.5000  1.871E-01  1.934E-01  1.933E-01  1.867E-01  1.740E-01
  336.5000  1.456E-01  1.505E-01  1.504E-01  1.452E-01  1.353E-01
  337.5000  1.576E-01  1.630E-01  1.629E-01  1.573E-01  1.464E-01
  338.5000  1.704E-01  1.761E-01  1.760E-01  1.700E-01  1.585E-01
  339.5000  1.860E-01  1.922E-01  1.921E-01  1.856E-01  1.731E-01
  340.5000  1.975E-01  2.042E-01  2.040E-01  1.971E-01  1.836E-01
  341.5000  1.777E-01  1.836E-01  1.835E-01  1.773E-01  1.653E-01
  342.5000  1.975E-01  2.040E-01  2.039E-01  1.970E-01  1.838E-01
  343.5000  2.046E-01  2.114E-01  2.113E-01  2.041E-01  1.904E-01
  344.5000  1.430E-01  1.478E-01  1.477E-01  1.427E-01  1.330E-01
  345.5000  1.983E-01  2.049E-01  2.047E-01  1.979E-01  1.846E-01
  346.5000  1.845E-01  1.907E-01  1.905E-01  1.841E-01  1.717E-01
  347.5000  1.807E-01  1.867E-01  1.865E-01  1.803E-01  1.681E-01
  348.5000  1.993E-01  2.059E-01  2.057E-01  1.988E-01  1.855E-01
  349.5000  1.672E-01  1.727E-01  1.726E-01  1.668E-01  1.556E-01
  350.5000  2.345E-01  2.422E-01  2.421E-01  2.340E-01  2.183E-01
  351.5000  2.022E-01  2.089E-01  2.087E-01  2.017E-01  1.882E-01
  352.5000  1.827E-01  1.887E-01  1.886E-01  1.823E-01  1.701E-01
  353.5000  2.205E-01  2.277E-01  2.276E-01  2.200E-01  2.053E-01
  354.5000  2.391E-01  2.470E-01  2.469E-01  2.386E-01  2.227E-01
  355.5000  2.238E-01  2.312E-01  2.310E-01  2.233E-01  2.084E-01
  356.5000  2.079E-01  2.148E-01  2.146E-01  2.075E-01  1.936E-01
  357.5000  1.770E-01  1.828E-01  1.827E-01  1.766E-01  1.648E-01
  358.5000  1.368E-01  1.413E-01  1.412E-01  1.365E-01  1.274E-01
  359.5000  2.305E-01  2.381E-01  2.380E-01  2.300E-01  2.147E-01
  360.5000  2.140E-01  2.210E-01  2.208E-01  2.135E-01  1.993E-01
  361.5000  1.932E-01  1.995E-01  1.994E-01  1.928E-01  1.799E-01
  362.5000  2.272E-01  2.347E-01  2.345E-01  2.267E-01  2.116E-01
  363.5000  2.024E-01  2.090E-01  2.089E-01  2.019E-01  1.885E-01
  364.5000  2.210E-01  2.283E-01  2.281E-01  2.205E-01  2.059E-01
  365.5000  2.696E-01  2.784E-01  2.782E-01  2.690E-01  2.511E-01
  366.5000  2.857E-01  2.951E-01  2.949E-01  2.851E-01  2.662E-01
  367.5000  2.717E-01  2.805E-01  2.804E-01  2.711E-01  2.531E-01
  368.5000  2.389E-01  2.467E-01  2.466E-01  2.384E-01  2.226E-01
  369.5000  2.870E-01  2.963E-01  2.961E-01  2.863E-01  2.674E-01
  370.5000  2.607E-01  2.692E-01  2.690E-01  2.601E-01  2.429E-01
  371.5000  2.986E-01  3.084E-01  3.082E-01  2.980E-01  2.782E-01
  372.5000  2.209E-01  2.281E-01  2.279E-01  2.204E-01  2.058E-01
  373.5000  1.999E-01  2.064E-01  2.062E-01  1.994E-01  1.862E-01
  374.5000  2.196E-01  2.268E-01  2.266E-01  2.192E-01  2.047E-01
  375.5000  2.481E-01  2.562E-01  2.560E-01  2.476E-01  2.312E-01
  376.5000  2.481E-01  2.561E-01  2.560E-01  2.475E-01  2.312E-01
  377.5000  2.958E-01  3.054E-01  3.052E-01  2.951E-01  2.756E-01
  378.5000  3.227E-01  3.332E-01  3.330E-01  3.220E-01  3.008E-01
  379.5000  2.391E-01  2.468E-01  2.466E-01  2.385E-01  2.228E-01
  380.5000  2.878E-01  2.972E-01  2.970E-01  2.872E-01  2.683E-01
  381.5000  2.708E-01  2.796E-01  2.794E-01  2.702E-01  2.524E-01
  382.5000  1.807E-01  1.865E-01  1.864E-01  1.803E-01  1.684E-01
  383.5000  1.588E-01  1.640E-01  1.639E-01  1.585E-01  1.481E-01
  384.5000  2.387E-01  2.464E-01  2.462E-01  2.381E-01  2.225E-01
  385.5000  2.364E-01  2.440E-01  2.439E-01  2.359E-01  2.204E-01
  386.5000  2.413E-01  2.490E-01  2.489E-01  2.408E-01  2.250E-01
  387.5000  2.245E-01  2.317E-01  2.316E-01  2.240E-01  2.093E-01
  388.5000  2.253E-01  2.325E-01  2.324E-01  2.248E-01  2.101E-01
  389.5000  2.844E-01  2.936E-01  2.934E-01  2.838E-01  2.653E-01
  390.5000  2.797E-01  2.887E-01  2.885E-01  2.791E-01  2.609E-01
  391.5000  3.322E-01  3.429E-01  3.427E-01  3.315E-01  3.099E-01
  392.5000  2.494E-01  2.574E-01  2.573E-01  2.489E-01  2.327E-01
  393.5000  1.086E-01  1.121E-01  1.120E-01  1.083E-01  1.013E-01
  394.5000  2.558E-01  2.640E-01  2.638E-01  2.552E-01  2.386E-01
  395.5000  3.295E-01  3.400E-01  3.398E-01  3.288E-01  3.074E-01
  396.5000  1.937E-01  1.999E-01  1.998E-01  1.933E-01  1.807E-01
  397.5000  2.238E-01  2.309E-01  2.308E-01  2.233E-01  2.088E-01
  398.5000  3.850E-01  3.973E-01  3.970E-01  3.842E-01  3.592E-01
  399.5000  4.009E-01  4.137E-01  4.134E-01  4.001E-01  3.741E-01
  400.5000  4.220E-01  4.354E-01  4.351E-01  4.211E-01  3.938E-01
  401.5000  4.347E-01  4.485E-01  4.482E-01  4.337E-01  4.056E-01
  402.5000  4.518E-01  4.661E-01  4.658E-01  4.508E-01  4.216E-01
  403.5000  4.140E-01  4.271E-01  4.269E-01  4.131E-01  3.864E-01
  404.5000  4.065E-01  4.194E-01  4.191E-01  4.057E-01  3.794E-01
  405.5000  4.228E-01  4.362E-01  4.359E-01  4.219E-01  3.946E-01
  406.5000  3.987E-01  4.113E-01  4.110E-01  3.978E-01  3.721E-01
  407.5000  4.024E-01  4.151E-01  4.148E-01  4.015E-01  3.756E-01
  408.5000  4.486E-01  4.628E-01  4.625E-01  4.477E-01  4.188E-01
  409.5000  4.403E-01  4.542E-01  4.539E-01  4.394E-01  4.110E-01
  410.5000  3.822E-01  3.943E-01  3.941E-01  3.814E-01  3.569E-01
  411.5000  4.600E-01  4.745E-01  4.742E-01  4.590E-01  4.295E-01
  412.5000  4.564E-01  4.708E-01  4.705E-01  4.555E-01  4.262E-01
  413.5000  4.432E-01  4.571E-01  4.568E-01  4.422E-01  4.138E-01
  414.5000  4.560E-01  4.703E-01  4.700E-01  4.550E-01  4.258E-01
  415.5000  4.366E-01  4.503E-01  4.500E-01  4.357E-01  4.078E-01
  416.5000  4.757E-01  4.906E-01  4.903E-01  4.747E-01  4.443E-01
  417.5000  4.353E-01  4.490E-01  4.487E-01  4.344E-01  4.066E-01
  418.5000  4.392E-01  4.530E-01  4.527E-01  4.383E-01  4.103E-01
  419.5000  4.542E-01  4.684E-01  4.681E-01  4.533E-01  4.243E-01
------------------------------------------------------------
Dose rates, W m-2
   1 = UV-B, 280-315 nm                                  
   2 = UV-A, 315-400 nm                                  
   3 = Gaussian, 320 nm, 10 nm FWHM                      
   4 = RB Meter, model 501                               
   5 = DNA damage, in vitro (Setlow, 1974)               
   6 = UV index (WMO, 1994; Webb et al., 2011)           
   7 = Previtamin-D3 (CIE 2006)                          
values at z =      0.000 km
Columns: time, sza, weighting spectra
time, hrs.  sza, deg.          1          2          3          4          5          6          7
   11.0000     68.982  1.764E-01  1.721E+01  8.009E-02  5.164E-02  2.548E-04  1.046E+00  3.238E-02
   11.5000     68.445  1.879E-01  1.779E+01  8.345E-02  5.469E-02  2.733E-04  1.102E+00  3.473E-02
   12.0000     68.456  1.876E-01  1.778E+01  8.338E-02  5.462E-02  2.729E-04  1.101E+00  3.468E-02
   12.5000     69.018  1.757E-01  1.718E+01  7.987E-02  5.144E-02  2.536E-04  1.043E+00  3.223E-02
   13.0000     70.116  1.536E-01  1.602E+01  7.316E-02  4.554E-02  2.188E-04  9.348E-01  2.778E-02
------------------------------------------------------------
