Spectral Irradiance, W m-2 nm-1
values at z =      0.000 km
Columns: wavelength (nm), times (hrs.) or sza (deg.)
    wc, nm     11.000     11.500     12.000     12.500     13.000
    sza =      64.572     64.462     64.455     64.549     64.742
  280.5000  1.930E-15  1.965E-15  1.968E-15  1.937E-15  1.877E-15
  281.5000  5.382E-14  5.491E-14  5.499E-14  5.404E-14  5.220E-14
  282.5000  6.538E-13  6.686E-13  6.696E-13  6.568E-13  6.322E-13
  283.5000  3.024E-12  3.098E-12  3.103E-12  3.039E-12  2.916E-12
  284.5000  3.123E-11  3.211E-11  3.216E-11  3.141E-11  2.996E-11
  285.5000  1.138E-10  1.173E-10  1.175E-10  1.145E-10  1.087E-10
  286.5000  1.420E-09  1.466E-09  1.469E-09  1.429E-09  1.352E-09
  287.5000  8.939E-09  9.246E-09  9.267E-09  9.000E-09  8.487E-09
  288.5000  5.163E-08  5.344E-08  5.357E-08  5.199E-08  4.895E-08
  289.5000  3.206E-07  3.318E-07  3.325E-07  3.229E-07  3.041E-07
  290.5000  1.445E-06  1.494E-06  1.498E-06  1.455E-06  1.372E-06
  291.5000  5.295E-06  5.466E-06  5.478E-06  5.329E-06  5.039E-06
  292.5000  1.448E-05  1.492E-05  1.495E-05  1.456E-05  1.381E-05
  293.5000  4.748E-05  4.882E-05  4.891E-05  4.775E-05  4.545E-05
  294.5000  1.000E-04  1.027E-04  1.029E-04  1.006E-04  9.604E-05
  295.5000  2.820E-04  2.888E-04  2.892E-04  2.834E-04  2.716E-04
  296.5000  5.427E-04  5.547E-04  5.555E-04  5.452E-04  5.244E-04
  297.5000  1.136E-03  1.159E-03  1.161E-03  1.141E-03  1.101E-03
  298.5000  1.461E-03  1.488E-03  1.490E-03  1.466E-03  1.419E-03
  299.5000  3.505E-03  3.564E-03  3.568E-03  3.517E-03  3.413E-03
  300.5000  3.476E-03  3.531E-03  3.535E-03  3.488E-03  3.392E-03
  301.5000  7.349E-03  7.455E-03  7.462E-03  7.371E-03  7.187E-03
  302.5000  9.550E-03  9.678E-03  9.687E-03  9.576E-03  9.352E-03
  303.5000  1.714E-02  1.735E-02  1.736E-02  1.718E-02  1.681E-02
  304.5000  1.932E-02  1.954E-02  1.956E-02  1.937E-02  1.897E-02
  305.5000  2.672E-02  2.701E-02  2.703E-02  2.678E-02  2.628E-02
  306.5000  2.848E-02  2.877E-02  2.879E-02  2.854E-02  2.802E-02
  307.5000  4.273E-02  4.313E-02  4.316E-02  4.281E-02  4.210E-02
  308.5000  4.859E-02  4.903E-02  4.906E-02  4.868E-02  4.790E-02
  309.5000  4.398E-02  4.436E-02  4.439E-02  4.406E-02  4.340E-02
  310.5000  6.106E-02  6.157E-02  6.160E-02  6.117E-02  6.029E-02
  311.5000  7.962E-02  8.025E-02  8.029E-02  7.975E-02  7.863E-02
  312.5000  7.944E-02  8.004E-02  8.008E-02  7.957E-02  7.852E-02
  313.5000  9.064E-02  9.131E-02  9.136E-02  9.078E-02  8.960E-02
  314.5000  9.232E-02  9.296E-02  9.301E-02  9.245E-02  9.131E-02
  315.5000  9.571E-02  9.638E-02  9.642E-02  9.585E-02  9.468E-02
  316.5000  9.671E-02  9.735E-02  9.739E-02  9.684E-02  9.571E-02
  317.5000  1.369E-01  1.378E-01  1.379E-01  1.371E-01  1.355E-01
  318.5000  1.091E-01  1.098E-01  1.098E-01  1.092E-01  1.080E-01
  319.5000  1.335E-01  1.344E-01  1.344E-01  1.337E-01  1.322E-01
  320.5000  1.631E-01  1.641E-01  1.642E-01  1.633E-01  1.615E-01
  321.5000  1.400E-01  1.408E-01  1.409E-01  1.402E-01  1.387E-01
  322.5000  1.400E-01  1.409E-01  1.410E-01  1.402E-01  1.387E-01
  323.5000  1.461E-01  1.469E-01  1.470E-01  1.462E-01  1.447E-01
  324.5000  1.716E-01  1.726E-01  1.726E-01  1.718E-01  1.700E-01
  325.5000  1.923E-01  1.934E-01  1.935E-01  1.925E-01  1.905E-01
  326.5000  2.345E-01  2.358E-01  2.359E-01  2.347E-01  2.324E-01
  327.5000  2.182E-01  2.194E-01  2.195E-01  2.184E-01  2.162E-01
  328.5000  2.017E-01  2.029E-01  2.030E-01  2.020E-01  1.999E-01
  329.5000  2.628E-01  2.643E-01  2.644E-01  2.632E-01  2.606E-01
  330.5000  2.389E-01  2.403E-01  2.403E-01  2.392E-01  2.368E-01
  331.5000  2.363E-01  2.376E-01  2.377E-01  2.366E-01  2.342E-01
  332.5000  2.336E-01  2.349E-01  2.349E-01  2.338E-01  2.316E-01
  333.5000  2.195E-01  2.208E-01  2.208E-01  2.198E-01  2.176E-01
  334.5000  2.457E-01  2.471E-01  2.472E-01  2.460E-01  2.436E-01
  335.5000  2.496E-01  2.510E-01  2.511E-01  2.499E-01  2.475E-01
  336.5000  1.953E-01  1.964E-01  1.965E-01  1.955E-01  1.937E-01
  337.5000  2.145E-01  2.157E-01  2.158E-01  2.148E-01  2.127E-01
  338.5000  2.269E-01  2.282E-01  2.283E-01  2.272E-01  2.250E-01
  339.5000  2.470E-01  2.484E-01  2.485E-01  2.473E-01  2.449E-01
  340.5000  2.643E-01  2.658E-01  2.659E-01  2.646E-01  2.621E-01
  341.5000  2.352E-01  2.365E-01  2.365E-01  2.354E-01  2.332E-01
  342.5000  2.609E-01  2.623E-01  2.624E-01  2.612E-01  2.587E-01
  343.5000  2.712E-01  2.727E-01  2.728E-01  2.716E-01  2.689E-01
  344.5000  1.903E-01  1.913E-01  1.914E-01  1.905E-01  1.887E-01
  345.5000  2.612E-01  2.626E-01  2.627E-01  2.615E-01  2.590E-01
  346.5000  2.445E-01  2.459E-01  2.459E-01  2.448E-01  2.425E-01
  347.5000  2.392E-01  2.405E-01  2.406E-01  2.395E-01  2.372E-01
  348.5000  2.632E-01  2.647E-01  2.648E-01  2.635E-01  2.610E-01
  349.5000  2.209E-01  2.221E-01  2.221E-01  2.211E-01  2.190E-01
  350.5000  3.096E-01  3.113E-01  3.114E-01  3.099E-01  3.070E-01
  351.5000  2.671E-01  2.686E-01  2.687E-01  2.674E-01  2.649E-01
  352.5000  2.412E-01  2.425E-01  2.426E-01  2.415E-01  2.392E-01
  353.5000  2.907E-01  2.922E-01  2.923E-01  2.910E-01  2.882E-01
  354.5000  3.150E-01  3.167E-01  3.168E-01  3.153E-01  3.123E-01
  355.5000  2.947E-01  2.963E-01  2.964E-01  2.950E-01  2.922E-01
  356.5000  2.738E-01  2.752E-01  2.753E-01  2.741E-01  2.715E-01
  357.5000  2.331E-01  2.343E-01  2.344E-01  2.333E-01  2.311E-01
  358.5000  1.800E-01  1.810E-01  1.811E-01  1.802E-01  1.785E-01
  359.5000  3.034E-01  3.050E-01  3.051E-01  3.037E-01  3.008E-01
  360.5000  2.815E-01  2.830E-01  2.831E-01  2.818E-01  2.792E-01
  361.5000  2.541E-01  2.554E-01  2.555E-01  2.543E-01  2.520E-01
  362.5000  2.987E-01  3.003E-01  3.004E-01  2.990E-01  2.962E-01
  363.5000  2.660E-01  2.674E-01  2.675E-01  2.663E-01  2.638E-01
  364.5000  2.905E-01  2.920E-01  2.921E-01  2.908E-01  2.881E-01
  365.5000  3.543E-01  3.562E-01  3.563E-01  3.547E-01  3.514E-01
  366.5000  3.754E-01  3.774E-01  3.775E-01  3.758E-01  3.723E-01
  367.5000  3.568E-01  3.587E-01  3.588E-01  3.572E-01  3.539E-01
  368.5000  3.138E-01  3.155E-01  3.156E-01  3.141E-01  3.112E-01
  369.5000  3.768E-01  3.788E-01  3.789E-01  3.772E-01  3.737E-01
  370.5000  3.422E-01  3.440E-01  3.442E-01  3.426E-01  3.394E-01
  371.5000  3.920E-01  3.941E-01  3.942E-01  3.924E-01  3.888E-01
  372.5000  2.899E-01  2.914E-01  2.915E-01  2.902E-01  2.875E-01
  373.5000  2.623E-01  2.637E-01  2.638E-01  2.626E-01  2.601E-01
  374.5000  2.882E-01  2.897E-01  2.898E-01  2.885E-01  2.858E-01
  375.5000  3.255E-01  3.272E-01  3.273E-01  3.258E-01  3.228E-01
  376.5000  3.253E-01  3.271E-01  3.272E-01  3.257E-01  3.227E-01
  377.5000  3.878E-01  3.899E-01  3.900E-01  3.882E-01  3.847E-01
  378.5000  4.231E-01  4.254E-01  4.255E-01  4.236E-01  4.197E-01
  379.5000  3.134E-01  3.150E-01  3.151E-01  3.137E-01  3.108E-01
  380.5000  3.773E-01  3.792E-01  3.794E-01  3.777E-01  3.742E-01
  381.5000  3.549E-01  3.567E-01  3.569E-01  3.553E-01  3.520E-01
  382.5000  2.367E-01  2.380E-01  2.380E-01  2.370E-01  2.348E-01
  383.5000  2.081E-01  2.092E-01  2.092E-01  2.083E-01  2.064E-01
  384.5000  3.126E-01  3.142E-01  3.143E-01  3.129E-01  3.101E-01
  385.5000  3.096E-01  3.112E-01  3.113E-01  3.099E-01  3.071E-01
  386.5000  3.159E-01  3.175E-01  3.176E-01  3.162E-01  3.133E-01
  387.5000  2.939E-01  2.954E-01  2.955E-01  2.942E-01  2.915E-01
  388.5000  2.949E-01  2.964E-01  2.965E-01  2.952E-01  2.925E-01
  389.5000  3.722E-01  3.741E-01  3.743E-01  3.726E-01  3.692E-01
  390.5000  3.660E-01  3.679E-01  3.680E-01  3.664E-01  3.630E-01
  391.5000  4.346E-01  4.368E-01  4.370E-01  4.351E-01  4.311E-01
  392.5000  3.262E-01  3.279E-01  3.280E-01  3.266E-01  3.236E-01
  393.5000  1.420E-01  1.427E-01  1.427E-01  1.421E-01  1.408E-01
  394.5000  3.344E-01  3.361E-01  3.362E-01  3.348E-01  3.317E-01
  395.5000  4.307E-01  4.329E-01  4.330E-01  4.311E-01  4.272E-01
  396.5000  2.531E-01  2.544E-01  2.545E-01  2.534E-01  2.511E-01
  397.5000  2.924E-01  2.939E-01  2.940E-01  2.927E-01  2.901E-01
  398.5000  5.029E-01  5.055E-01  5.057E-01  5.035E-01  4.989E-01
  399.5000  5.236E-01  5.263E-01  5.265E-01  5.242E-01  5.195E-01
  400.5000  5.510E-01  5.539E-01  5.540E-01  5.516E-01  5.467E-01
  401.5000  5.675E-01  5.704E-01  5.706E-01  5.681E-01  5.630E-01
  402.5000  5.897E-01  5.927E-01  5.929E-01  5.903E-01  5.851E-01
  403.5000  5.403E-01  5.431E-01  5.432E-01  5.409E-01  5.360E-01
  404.5000  5.304E-01  5.331E-01  5.333E-01  5.310E-01  5.262E-01
  405.5000  5.515E-01  5.543E-01  5.545E-01  5.521E-01  5.472E-01
  406.5000  5.200E-01  5.226E-01  5.228E-01  5.205E-01  5.159E-01
  407.5000  5.247E-01  5.274E-01  5.276E-01  5.253E-01  5.206E-01
  408.5000  5.850E-01  5.879E-01  5.881E-01  5.856E-01  5.804E-01
  409.5000  5.740E-01  5.769E-01  5.771E-01  5.746E-01  5.695E-01
  410.5000  4.982E-01  5.007E-01  5.009E-01  4.987E-01  4.943E-01
  411.5000  5.994E-01  6.024E-01  6.026E-01  6.000E-01  5.947E-01
  412.5000  5.946E-01  5.976E-01  5.978E-01  5.953E-01  5.900E-01
  413.5000  5.773E-01  5.802E-01  5.803E-01  5.779E-01  5.727E-01
  414.5000  5.938E-01  5.968E-01  5.970E-01  5.944E-01  5.892E-01
  415.5000  5.685E-01  5.714E-01  5.715E-01  5.691E-01  5.641E-01
  416.5000  6.193E-01  6.224E-01  6.226E-01  6.199E-01  6.145E-01
  417.5000  5.666E-01  5.695E-01  5.697E-01  5.672E-01  5.622E-01
  418.5000  5.716E-01  5.745E-01  5.746E-01  5.722E-01  5.672E-01
  419.5000  5.910E-01  5.939E-01  5.941E-01  5.916E-01  5.864E-01
------------------------------------------------------------
Dose rates, W m-2
   1 = UV-B, 280-315 nm                                  
   2 = UV-A, 315-400 nm                                  
   3 = Gaussian, 320 nm, 10 nm FWHM                      
   4 = RB Meter, model 501                               
   5 = DNA damage, in vitro (Setlow, 1974)               
   6 = UV index (WMO, 1994; Webb et al., 2011)           
   7 = Previtamin-D3 (CIE 2006)                          
values at z =      0.000 km
Columns: time, sza, weighting spectra
time, hrs.  sza, deg.          1          2          3          4          5          6          7
   11.0000     64.572  6.575E-01  2.311E+01  1.376E-01  1.916E-01  2.055E-03  3.638E+00  1.781E-01
   11.5000     64.462  6.632E-01  2.323E+01  1.385E-01  1.934E-01  2.081E-03  3.673E+00  1.800E-01
   12.0000     64.455  6.636E-01  2.324E+01  1.385E-01  1.935E-01  2.083E-03  3.676E+00  1.801E-01
   12.5000     64.549  6.587E-01  2.313E+01  1.378E-01  1.920E-01  2.060E-03  3.646E+00  1.785E-01
   13.0000     64.742  6.486E-01  2.292E+01  1.363E-01  1.889E-01  2.015E-03  3.584E+00  1.753E-01
------------------------------------------------------------
