Spectral Irradiance, W m-2 nm-1
values at z =      0.000 km
Columns: wavelength (nm), times (hrs.) or sza (deg.)
    wc, nm     11.000     11.500     12.000     12.500     13.000
    sza =      57.148     56.883     56.872     57.113     57.600
  280.5000  1.000E-17  1.227E-17  1.238E-17  1.027E-17  7.089E-18
  281.5000  6.054E-16  7.322E-16  7.382E-16  6.206E-16  4.390E-16
  282.5000  1.406E-14  1.678E-14  1.691E-14  1.439E-14  1.041E-14
  283.5000  9.821E-14  1.162E-13  1.170E-13  1.004E-13  7.376E-14
  284.5000  2.060E-12  2.395E-12  2.411E-12  2.101E-12  1.591E-12
  285.5000  1.223E-11  1.404E-11  1.412E-11  1.245E-11  9.651E-12
  286.5000  2.168E-10  2.463E-10  2.477E-10  2.205E-10  1.740E-10
  287.5000  1.952E-09  2.192E-09  2.203E-09  1.982E-09  1.598E-09
  288.5000  1.598E-08  1.772E-08  1.780E-08  1.620E-08  1.337E-08
  289.5000  1.245E-07  1.367E-07  1.373E-07  1.260E-07  1.058E-07
  290.5000  6.686E-07  7.286E-07  7.312E-07  6.762E-07  5.762E-07
  291.5000  2.936E-06  3.170E-06  3.180E-06  2.966E-06  2.570E-06
  292.5000  9.203E-06  9.863E-06  9.892E-06  9.287E-06  8.162E-06
  293.5000  3.402E-05  3.620E-05  3.629E-05  3.430E-05  3.054E-05
  294.5000  7.833E-05  8.288E-05  8.307E-05  7.891E-05  7.102E-05
  295.5000  2.413E-04  2.537E-04  2.543E-04  2.429E-04  2.210E-04
  296.5000  4.982E-04  5.213E-04  5.223E-04  5.012E-04  4.604E-04
  297.5000  1.106E-03  1.153E-03  1.155E-03  1.112E-03  1.030E-03
  298.5000  1.493E-03  1.550E-03  1.552E-03  1.500E-03  1.400E-03
  299.5000  3.743E-03  3.872E-03  3.877E-03  3.760E-03  3.531E-03
  300.5000  3.838E-03  3.958E-03  3.963E-03  3.853E-03  3.637E-03
  301.5000  8.397E-03  8.635E-03  8.646E-03  8.428E-03  7.999E-03
  302.5000  1.116E-02  1.145E-02  1.147E-02  1.120E-02  1.067E-02
  303.5000  2.054E-02  2.104E-02  2.106E-02  2.061E-02  1.971E-02
  304.5000  2.350E-02  2.403E-02  2.405E-02  2.357E-02  2.260E-02
  305.5000  3.319E-02  3.387E-02  3.390E-02  3.327E-02  3.203E-02
  306.5000  3.569E-02  3.639E-02  3.642E-02  3.578E-02  3.450E-02
  307.5000  5.444E-02  5.542E-02  5.547E-02  5.457E-02  5.279E-02
  308.5000  6.231E-02  6.339E-02  6.344E-02  6.245E-02  6.048E-02
  309.5000  5.702E-02  5.794E-02  5.798E-02  5.714E-02  5.545E-02
  310.5000  7.977E-02  8.100E-02  8.105E-02  7.993E-02  7.768E-02
  311.5000  1.045E-01  1.061E-01  1.061E-01  1.047E-01  1.019E-01
  312.5000  1.052E-01  1.067E-01  1.067E-01  1.054E-01  1.027E-01
  313.5000  1.203E-01  1.220E-01  1.220E-01  1.205E-01  1.175E-01
  314.5000  1.234E-01  1.250E-01  1.251E-01  1.237E-01  1.207E-01
  315.5000  1.282E-01  1.298E-01  1.299E-01  1.284E-01  1.254E-01
  316.5000  1.302E-01  1.318E-01  1.319E-01  1.304E-01  1.275E-01
  317.5000  1.844E-01  1.866E-01  1.867E-01  1.847E-01  1.805E-01
  318.5000  1.477E-01  1.494E-01  1.495E-01  1.479E-01  1.448E-01
  319.5000  1.809E-01  1.830E-01  1.831E-01  1.812E-01  1.774E-01
  320.5000  2.212E-01  2.237E-01  2.238E-01  2.215E-01  2.169E-01
  321.5000  1.908E-01  1.929E-01  1.929E-01  1.911E-01  1.873E-01
  322.5000  1.901E-01  1.923E-01  1.924E-01  1.904E-01  1.865E-01
  323.5000  1.995E-01  2.016E-01  2.017E-01  1.997E-01  1.959E-01
  324.5000  2.342E-01  2.366E-01  2.367E-01  2.345E-01  2.299E-01
  325.5000  2.622E-01  2.649E-01  2.651E-01  2.625E-01  2.574E-01
  326.5000  3.209E-01  3.242E-01  3.243E-01  3.214E-01  3.153E-01
  327.5000  2.982E-01  3.013E-01  3.014E-01  2.986E-01  2.929E-01
  328.5000  2.756E-01  2.785E-01  2.786E-01  2.760E-01  2.708E-01
  329.5000  3.601E-01  3.637E-01  3.639E-01  3.606E-01  3.540E-01
  330.5000  3.268E-01  3.301E-01  3.302E-01  3.272E-01  3.212E-01
  331.5000  3.231E-01  3.263E-01  3.265E-01  3.235E-01  3.175E-01
  332.5000  3.199E-01  3.231E-01  3.232E-01  3.203E-01  3.145E-01
  333.5000  3.003E-01  3.033E-01  3.034E-01  3.007E-01  2.952E-01
  334.5000  3.362E-01  3.395E-01  3.396E-01  3.366E-01  3.305E-01
  335.5000  3.418E-01  3.451E-01  3.452E-01  3.422E-01  3.360E-01
  336.5000  2.673E-01  2.699E-01  2.700E-01  2.676E-01  2.628E-01
  337.5000  2.932E-01  2.961E-01  2.962E-01  2.936E-01  2.883E-01
  338.5000  3.104E-01  3.134E-01  3.136E-01  3.108E-01  3.052E-01
  339.5000  3.378E-01  3.411E-01  3.413E-01  3.383E-01  3.322E-01
  340.5000  3.612E-01  3.648E-01  3.649E-01  3.617E-01  3.552E-01
  341.5000  3.214E-01  3.245E-01  3.247E-01  3.218E-01  3.161E-01
  342.5000  3.565E-01  3.599E-01  3.600E-01  3.569E-01  3.506E-01
  343.5000  3.704E-01  3.740E-01  3.742E-01  3.709E-01  3.643E-01
  344.5000  2.598E-01  2.623E-01  2.624E-01  2.601E-01  2.555E-01
  345.5000  3.565E-01  3.599E-01  3.601E-01  3.570E-01  3.507E-01
  346.5000  3.336E-01  3.368E-01  3.369E-01  3.340E-01  3.281E-01
  347.5000  3.262E-01  3.294E-01  3.295E-01  3.266E-01  3.209E-01
  348.5000  3.589E-01  3.623E-01  3.625E-01  3.593E-01  3.530E-01
  349.5000  3.010E-01  3.039E-01  3.040E-01  3.014E-01  2.961E-01
  350.5000  4.218E-01  4.258E-01  4.260E-01  4.223E-01  4.149E-01
  351.5000  3.638E-01  3.672E-01  3.674E-01  3.642E-01  3.578E-01
  352.5000  3.283E-01  3.315E-01  3.316E-01  3.288E-01  3.230E-01
  353.5000  3.956E-01  3.993E-01  3.995E-01  3.961E-01  3.891E-01
  354.5000  4.285E-01  4.325E-01  4.327E-01  4.290E-01  4.215E-01
  355.5000  4.007E-01  4.045E-01  4.047E-01  4.012E-01  3.942E-01
  356.5000  3.721E-01  3.757E-01  3.758E-01  3.726E-01  3.661E-01
  357.5000  3.167E-01  3.197E-01  3.198E-01  3.171E-01  3.116E-01
  358.5000  2.446E-01  2.469E-01  2.470E-01  2.449E-01  2.406E-01
  359.5000  4.119E-01  4.158E-01  4.159E-01  4.124E-01  4.052E-01
  360.5000  3.820E-01  3.856E-01  3.858E-01  3.825E-01  3.759E-01
  361.5000  3.447E-01  3.479E-01  3.481E-01  3.451E-01  3.392E-01
  362.5000  4.051E-01  4.089E-01  4.090E-01  4.056E-01  3.986E-01
  363.5000  3.606E-01  3.640E-01  3.641E-01  3.610E-01  3.548E-01
  364.5000  3.936E-01  3.973E-01  3.975E-01  3.941E-01  3.873E-01
  365.5000  4.800E-01  4.844E-01  4.846E-01  4.806E-01  4.723E-01
  366.5000  5.083E-01  5.130E-01  5.133E-01  5.089E-01  5.002E-01
  367.5000  4.830E-01  4.875E-01  4.877E-01  4.836E-01  4.753E-01
  368.5000  4.245E-01  4.285E-01  4.287E-01  4.251E-01  4.178E-01
  369.5000  5.096E-01  5.143E-01  5.145E-01  5.102E-01  5.015E-01
  370.5000  4.626E-01  4.669E-01  4.671E-01  4.632E-01  4.553E-01
  371.5000  5.297E-01  5.346E-01  5.348E-01  5.304E-01  5.213E-01
  372.5000  3.915E-01  3.952E-01  3.953E-01  3.920E-01  3.854E-01
  373.5000  3.541E-01  3.574E-01  3.576E-01  3.546E-01  3.486E-01
  374.5000  3.889E-01  3.925E-01  3.927E-01  3.894E-01  3.828E-01
  375.5000  4.391E-01  4.432E-01  4.433E-01  4.397E-01  4.322E-01
  376.5000  4.388E-01  4.428E-01  4.430E-01  4.393E-01  4.319E-01
  377.5000  5.228E-01  5.276E-01  5.278E-01  5.235E-01  5.146E-01
  378.5000  5.702E-01  5.754E-01  5.757E-01  5.709E-01  5.613E-01
  379.5000  4.221E-01  4.260E-01  4.262E-01  4.227E-01  4.155E-01
  380.5000  5.080E-01  5.127E-01  5.129E-01  5.086E-01  5.001E-01
  381.5000  4.777E-01  4.820E-01  4.822E-01  4.782E-01  4.702E-01
  382.5000  3.185E-01  3.214E-01  3.215E-01  3.189E-01  3.135E-01
  383.5000  2.798E-01  2.824E-01  2.825E-01  2.802E-01  2.755E-01
  384.5000  4.202E-01  4.241E-01  4.242E-01  4.207E-01  4.137E-01
  385.5000  4.160E-01  4.198E-01  4.200E-01  4.165E-01  4.096E-01
  386.5000  4.243E-01  4.282E-01  4.284E-01  4.248E-01  4.178E-01
  387.5000  3.946E-01  3.982E-01  3.983E-01  3.951E-01  3.885E-01
  388.5000  3.958E-01  3.994E-01  3.995E-01  3.963E-01  3.897E-01
  389.5000  4.994E-01  5.039E-01  5.041E-01  5.000E-01  4.917E-01
  390.5000  4.908E-01  4.953E-01  4.955E-01  4.914E-01  4.833E-01
  391.5000  5.827E-01  5.879E-01  5.882E-01  5.834E-01  5.737E-01
  392.5000  4.372E-01  4.411E-01  4.413E-01  4.377E-01  4.305E-01
  393.5000  1.902E-01  1.919E-01  1.920E-01  1.904E-01  1.873E-01
  394.5000  4.478E-01  4.518E-01  4.520E-01  4.483E-01  4.409E-01
  395.5000  5.765E-01  5.817E-01  5.819E-01  5.772E-01  5.677E-01
  396.5000  3.387E-01  3.418E-01  3.419E-01  3.391E-01  3.336E-01
  397.5000  3.911E-01  3.946E-01  3.948E-01  3.916E-01  3.851E-01
  398.5000  6.725E-01  6.785E-01  6.788E-01  6.733E-01  6.622E-01
  399.5000  6.999E-01  7.062E-01  7.064E-01  7.007E-01  6.892E-01
  400.5000  7.363E-01  7.428E-01  7.431E-01  7.371E-01  7.251E-01
  401.5000  7.580E-01  7.647E-01  7.650E-01  7.589E-01  7.464E-01
  402.5000  7.874E-01  7.944E-01  7.947E-01  7.883E-01  7.754E-01
  403.5000  7.211E-01  7.275E-01  7.278E-01  7.220E-01  7.102E-01
  404.5000  7.077E-01  7.139E-01  7.142E-01  7.085E-01  6.969E-01
  405.5000  7.356E-01  7.421E-01  7.424E-01  7.364E-01  7.244E-01
  406.5000  6.932E-01  6.994E-01  6.996E-01  6.941E-01  6.828E-01
  407.5000  6.993E-01  7.055E-01  7.058E-01  7.001E-01  6.888E-01
  408.5000  7.793E-01  7.862E-01  7.865E-01  7.802E-01  7.675E-01
  409.5000  7.644E-01  7.711E-01  7.714E-01  7.653E-01  7.529E-01
  410.5000  6.633E-01  6.691E-01  6.693E-01  6.640E-01  6.533E-01
  411.5000  7.977E-01  8.047E-01  8.050E-01  7.986E-01  7.857E-01
  412.5000  7.910E-01  7.980E-01  7.983E-01  7.920E-01  7.792E-01
  413.5000  7.676E-01  7.744E-01  7.747E-01  7.685E-01  7.561E-01
  414.5000  7.894E-01  7.963E-01  7.966E-01  7.903E-01  7.776E-01
  415.5000  7.555E-01  7.621E-01  7.624E-01  7.564E-01  7.442E-01
  416.5000  8.227E-01  8.299E-01  8.302E-01  8.236E-01  8.104E-01
  417.5000  7.525E-01  7.590E-01  7.593E-01  7.533E-01  7.412E-01
  418.5000  7.588E-01  7.654E-01  7.657E-01  7.597E-01  7.475E-01
  419.5000  7.842E-01  7.911E-01  7.914E-01  7.852E-01  7.726E-01
------------------------------------------------------------
Dose rates, W m-2
   1 = UV-B, 280-315 nm                                  
   2 = UV-A, 315-400 nm                                  
   3 = Gaussian, 320 nm, 10 nm FWHM                      
   4 = RB Meter, model 501                               
   5 = DNA damage, in vitro (Setlow, 1974)               
   6 = UV index (WMO, 1994; Webb et al., 2011)           
   7 = Previtamin-D3 (CIE 2006)                          
values at z =      0.000 km
Columns: time, sza, weighting spectra
time, hrs.  sza, deg.          1          2          3          4          5          6          7
   11.0000     57.148  8.505E-01  3.128E+01  1.866E-01  2.448E-01  2.437E-03  4.605E+00  2.232E-01
   11.5000     56.883  8.644E-01  3.158E+01  1.887E-01  2.490E-01  2.495E-03  4.687E+00  2.275E-01
   12.0000     56.872  8.650E-01  3.159E+01  1.888E-01  2.492E-01  2.497E-03  4.690E+00  2.277E-01
   12.5000     57.113  8.524E-01  3.132E+01  1.869E-01  2.453E-01  2.444E-03  4.616E+00  2.238E-01
   13.0000     57.600  8.271E-01  3.078E+01  1.830E-01  2.376E-01  2.339E-03  4.466E+00  2.160E-01
------------------------------------------------------------
