Spectral Irradiance, W m-2 nm-1
values at z =      0.000 km
Columns: wavelength (nm), times (hrs.) or sza (deg.)
    wc, nm     11.000     11.500     12.000     12.500     13.000
    sza =      13.452      6.143      2.633      9.410     16.811
  280.5000  1.245E-13  2.288E-13  2.600E-13  1.848E-13  7.980E-14
  281.5000  3.394E-12  5.912E-12  6.646E-12  4.866E-12  2.262E-12
  282.5000  3.970E-11  6.607E-11  7.355E-11  5.526E-11  2.736E-11
  283.5000  1.777E-10  2.871E-10  3.176E-10  2.427E-10  1.252E-10
  284.5000  1.646E-09  2.519E-09  2.756E-09  2.170E-09  1.207E-09
  285.5000  5.346E-09  7.860E-09  8.524E-09  6.866E-09  4.035E-09
  286.5000  5.963E-08  8.499E-08  9.158E-08  7.505E-08  4.602E-08
  287.5000  3.207E-07  4.417E-07  4.726E-07  3.948E-07  2.538E-07
  288.5000  1.499E-06  1.990E-06  2.112E-06  1.801E-06  1.219E-06
  289.5000  7.828E-06  1.012E-05  1.068E-05  9.246E-06  6.491E-06
  290.5000  3.004E-05  3.796E-05  3.989E-05  3.497E-05  2.532E-05
  291.5000  9.008E-05  1.110E-04  1.160E-04  1.032E-04  7.735E-05
  292.5000  2.068E-04  2.496E-04  2.597E-04  2.337E-04  1.803E-04
  293.5000  5.703E-04  6.750E-04  6.994E-04  6.362E-04  5.044E-04
  294.5000  1.045E-03  1.218E-03  1.258E-03  1.154E-03  9.346E-04
  295.5000  2.524E-03  2.895E-03  2.979E-03  2.759E-03  2.285E-03
  296.5000  4.263E-03  4.823E-03  4.950E-03  4.618E-03  3.897E-03
  297.5000  7.939E-03  8.875E-03  9.086E-03  8.534E-03  7.320E-03
  298.5000  9.238E-03  1.022E-02  1.045E-02  9.867E-03  8.581E-03
  299.5000  2.014E-02  2.208E-02  2.251E-02  2.138E-02  1.884E-02
  300.5000  1.855E-02  2.020E-02  2.056E-02  1.960E-02  1.745E-02
  301.5000  3.616E-02  3.905E-02  3.969E-02  3.801E-02  3.419E-02
  302.5000  4.453E-02  4.784E-02  4.857E-02  4.665E-02  4.227E-02
  303.5000  7.493E-02  8.001E-02  8.113E-02  7.819E-02  7.144E-02
  304.5000  8.135E-02  8.657E-02  8.772E-02  8.470E-02  7.777E-02
  305.5000  1.063E-01  1.126E-01  1.139E-01  1.103E-01  1.020E-01
  306.5000  1.106E-01  1.162E-01  1.181E-01  1.145E-01  1.063E-01
  307.5000  1.581E-01  1.663E-01  1.681E-01  1.634E-01  1.525E-01
  308.5000  1.765E-01  1.853E-01  1.872E-01  1.821E-01  1.704E-01
  309.5000  1.547E-01  1.619E-01  1.635E-01  1.593E-01  1.489E-01
  310.5000  2.098E-01  2.192E-01  2.212E-01  2.158E-01  2.033E-01
  311.5000  2.693E-01  2.809E-01  2.835E-01  2.768E-01  2.611E-01
  312.5000  2.614E-01  2.721E-01  2.744E-01  2.683E-01  2.540E-01
  313.5000  2.961E-01  3.080E-01  3.106E-01  3.038E-01  2.878E-01
  314.5000  2.946E-01  3.058E-01  3.082E-01  3.018E-01  2.868E-01
  315.5000  3.040E-01  3.154E-01  3.179E-01  3.113E-01  2.960E-01
  316.5000  3.016E-01  3.124E-01  3.147E-01  3.085E-01  2.940E-01
  317.5000  4.263E-01  4.416E-01  4.449E-01  4.362E-01  4.156E-01
  318.5000  3.340E-01  3.455E-01  3.480E-01  3.414E-01  3.260E-01
  319.5000  4.072E-01  4.210E-01  4.240E-01  4.161E-01  3.975E-01
  320.5000  4.949E-01  5.115E-01  5.151E-01  5.056E-01  4.832E-01
  321.5000  4.185E-01  4.320E-01  4.349E-01  4.272E-01  4.090E-01
  322.5000  4.225E-01  4.365E-01  4.395E-01  4.315E-01  4.127E-01
  323.5000  4.328E-01  4.465E-01  4.494E-01  4.410E-01  4.233E-01
  324.5000  5.079E-01  5.239E-01  5.274E-01  5.182E-01  4.967E-01
  325.5000  5.695E-01  5.876E-01  5.915E-01  5.812E-01  5.569E-01
  326.5000  6.860E-01  7.070E-01  7.115E-01  6.996E-01  6.713E-01
  327.5000  6.396E-01  6.594E-01  6.637E-01  6.524E-01  6.258E-01
  328.5000  5.904E-01  6.086E-01  6.125E-01  6.021E-01  5.777E-01
  329.5000  7.620E-01  7.848E-01  7.898E-01  7.767E-01  7.460E-01
  330.5000  6.936E-01  7.147E-01  7.193E-01  7.073E-01  6.791E-01
  331.5000  6.856E-01  7.063E-01  7.108E-01  6.990E-01  6.711E-01
  332.5000  6.728E-01  6.927E-01  6.970E-01  6.856E-01  6.588E-01
  333.5000  6.328E-01  6.516E-01  6.558E-01  6.450E-01  6.196E-01
  334.5000  7.063E-01  7.272E-01  7.317E-01  7.198E-01  6.916E-01
  335.5000  7.144E-01  7.354E-01  7.399E-01  7.279E-01  6.998E-01
  336.5000  5.586E-01  5.750E-01  5.785E-01  5.692E-01  5.471E-01
  337.5000  6.137E-01  6.318E-01  6.357E-01  6.254E-01  6.010E-01
  338.5000  6.463E-01  6.652E-01  6.692E-01  6.585E-01  6.331E-01
  339.5000  7.022E-01  7.226E-01  7.270E-01  7.153E-01  6.879E-01
  340.5000  7.510E-01  7.728E-01  7.775E-01  7.650E-01  7.356E-01
  341.5000  6.661E-01  6.853E-01  6.895E-01  6.785E-01  6.526E-01
  342.5000  7.374E-01  7.587E-01  7.633E-01  7.511E-01  7.225E-01
  343.5000  7.659E-01  7.880E-01  7.928E-01  7.802E-01  7.505E-01
  344.5000  5.368E-01  5.523E-01  5.557E-01  5.468E-01  5.260E-01
  345.5000  7.345E-01  7.555E-01  7.601E-01  7.481E-01  7.198E-01
  346.5000  6.872E-01  7.069E-01  7.112E-01  6.999E-01  6.734E-01
  347.5000  6.711E-01  6.903E-01  6.945E-01  6.835E-01  6.577E-01
  348.5000  7.371E-01  7.581E-01  7.627E-01  7.507E-01  7.224E-01
  349.5000  6.175E-01  6.351E-01  6.389E-01  6.288E-01  6.052E-01
  350.5000  8.642E-01  8.887E-01  8.940E-01  8.800E-01  8.470E-01
  351.5000  7.446E-01  7.657E-01  7.703E-01  7.582E-01  7.297E-01
  352.5000  6.712E-01  6.902E-01  6.943E-01  6.834E-01  6.578E-01
  353.5000  8.075E-01  8.303E-01  8.352E-01  8.222E-01  7.915E-01
  354.5000  8.734E-01  8.981E-01  9.034E-01  8.893E-01  8.562E-01
  355.5000  8.159E-01  8.389E-01  8.439E-01  8.307E-01  7.998E-01
  356.5000  7.569E-01  7.781E-01  7.827E-01  7.706E-01  7.419E-01
  357.5000  6.433E-01  6.614E-01  6.653E-01  6.550E-01  6.307E-01
  358.5000  4.962E-01  5.101E-01  5.131E-01  5.052E-01  4.864E-01
  359.5000  8.347E-01  8.581E-01  8.631E-01  8.498E-01  8.184E-01
  360.5000  7.734E-01  7.950E-01  7.997E-01  7.873E-01  7.582E-01
  361.5000  6.969E-01  7.164E-01  7.206E-01  7.095E-01  6.833E-01
  362.5000  8.181E-01  8.408E-01  8.458E-01  8.327E-01  8.021E-01
  363.5000  7.274E-01  7.476E-01  7.520E-01  7.404E-01  7.132E-01
  364.5000  7.932E-01  8.152E-01  8.200E-01  8.074E-01  7.777E-01
  365.5000  9.661E-01  9.929E-01  9.987E-01  9.834E-01  9.473E-01
  366.5000  1.022E+00  1.050E+00  1.056E+00  1.040E+00  1.002E+00
  367.5000  9.700E-01  9.968E-01  1.003E+00  9.873E-01  9.512E-01
  368.5000  8.518E-01  8.753E-01  8.803E-01  8.669E-01  8.353E-01
  369.5000  1.021E+00  1.049E+00  1.055E+00  1.039E+00  1.002E+00
  370.5000  9.262E-01  9.517E-01  9.572E-01  9.426E-01  9.083E-01
  371.5000  1.059E+00  1.088E+00  1.095E+00  1.078E+00  1.039E+00
  372.5000  7.822E-01  8.036E-01  8.083E-01  7.960E-01  7.671E-01
  373.5000  7.067E-01  7.261E-01  7.303E-01  7.192E-01  6.932E-01
  374.5000  7.754E-01  7.966E-01  8.012E-01  7.891E-01  7.605E-01
  375.5000  8.745E-01  8.984E-01  9.035E-01  8.899E-01  8.577E-01
  376.5000  8.729E-01  8.967E-01  9.019E-01  8.883E-01  8.562E-01
  377.5000  1.039E+00  1.067E+00  1.074E+00  1.057E+00  1.019E+00
  378.5000  1.132E+00  1.163E+00  1.170E+00  1.152E+00  1.110E+00
  379.5000  8.373E-01  8.600E-01  8.649E-01  8.519E-01  8.213E-01
  380.5000  1.007E+00  1.034E+00  1.040E+00  1.024E+00  9.874E-01
  381.5000  9.455E-01  9.711E-01  9.767E-01  9.620E-01  9.275E-01
  382.5000  6.298E-01  6.468E-01  6.505E-01  6.408E-01  6.178E-01
  383.5000  5.529E-01  5.678E-01  5.710E-01  5.625E-01  5.424E-01
  384.5000  8.294E-01  8.518E-01  8.566E-01  8.438E-01  8.137E-01
  385.5000  8.203E-01  8.424E-01  8.472E-01  8.346E-01  8.048E-01
  386.5000  8.359E-01  8.584E-01  8.632E-01  8.504E-01  8.201E-01
  387.5000  7.766E-01  7.975E-01  8.020E-01  7.901E-01  7.619E-01
  388.5000  7.781E-01  7.990E-01  8.036E-01  7.916E-01  7.635E-01
  389.5000  9.810E-01  1.007E+00  1.013E+00  9.980E-01  9.625E-01
  390.5000  9.633E-01  9.891E-01  9.946E-01  9.799E-01  9.452E-01
  391.5000  1.142E+00  1.173E+00  1.180E+00  1.162E+00  1.121E+00
  392.5000  8.564E-01  8.793E-01  8.843E-01  8.712E-01  8.404E-01
  393.5000  3.722E-01  3.822E-01  3.843E-01  3.786E-01  3.653E-01
  394.5000  8.756E-01  8.990E-01  9.040E-01  8.907E-01  8.592E-01
  395.5000  1.126E+00  1.156E+00  1.163E+00  1.146E+00  1.105E+00
  396.5000  6.612E-01  6.788E-01  6.826E-01  6.725E-01  6.488E-01
  397.5000  7.627E-01  7.830E-01  7.874E-01  7.758E-01  7.485E-01
  398.5000  1.310E+00  1.345E+00  1.353E+00  1.333E+00  1.286E+00
  399.5000  1.363E+00  1.399E+00  1.406E+00  1.386E+00  1.337E+00
  400.5000  1.432E+00  1.470E+00  1.478E+00  1.457E+00  1.405E+00
  401.5000  1.473E+00  1.512E+00  1.520E+00  1.498E+00  1.446E+00
  402.5000  1.529E+00  1.569E+00  1.578E+00  1.555E+00  1.500E+00
  403.5000  1.399E+00  1.436E+00  1.444E+00  1.423E+00  1.373E+00
  404.5000  1.372E+00  1.408E+00  1.416E+00  1.395E+00  1.346E+00
  405.5000  1.425E+00  1.462E+00  1.470E+00  1.449E+00  1.398E+00
  406.5000  1.342E+00  1.377E+00  1.385E+00  1.364E+00  1.317E+00
  407.5000  1.352E+00  1.388E+00  1.395E+00  1.375E+00  1.327E+00
  408.5000  1.506E+00  1.545E+00  1.554E+00  1.531E+00  1.478E+00
  409.5000  1.476E+00  1.514E+00  1.523E+00  1.501E+00  1.449E+00
  410.5000  1.279E+00  1.313E+00  1.320E+00  1.301E+00  1.256E+00
  411.5000  1.538E+00  1.578E+00  1.586E+00  1.563E+00  1.509E+00
  412.5000  1.524E+00  1.563E+00  1.572E+00  1.549E+00  1.496E+00
  413.5000  1.477E+00  1.516E+00  1.524E+00  1.502E+00  1.450E+00
  414.5000  1.518E+00  1.558E+00  1.566E+00  1.544E+00  1.490E+00
  415.5000  1.452E+00  1.490E+00  1.498E+00  1.476E+00  1.425E+00
  416.5000  1.580E+00  1.621E+00  1.630E+00  1.606E+00  1.551E+00
  417.5000  1.444E+00  1.481E+00  1.489E+00  1.468E+00  1.417E+00
  418.5000  1.455E+00  1.493E+00  1.501E+00  1.479E+00  1.428E+00
  419.5000  1.502E+00  1.541E+00  1.550E+00  1.528E+00  1.475E+00
------------------------------------------------------------
Dose rates, W m-2
   1 = UV-B, 280-315 nm                                  
   2 = UV-A, 315-400 nm                                  
   3 = Gaussian, 320 nm, 10 nm FWHM                      
   4 = RB Meter, model 501                               
   5 = DNA damage, in vitro (Setlow, 1974)               
   6 = UV index (WMO, 1994; Webb et al., 2011)           
   7 = Previtamin-D3 (CIE 2006)                          
values at z =      0.000 km
Columns: time, sza, weighting spectra
time, hrs.  sza, deg.          1          2          3          4          5          6          7
   11.0000     13.452  2.339E+00  6.357E+01  4.178E-01  7.114E-01  9.546E-03  1.388E+01  6.986E-01
   11.5000      6.143  2.453E+00  6.537E+01  4.319E-01  7.500E-01  1.031E-02  1.470E+01  7.397E-01
   12.0000      2.633  2.479E+00  6.576E+01  4.349E-01  7.587E-01  1.048E-02  1.488E+01  7.491E-01
   12.5000      9.410  2.413E+00  6.473E+01  4.268E-01  7.363E-01  1.003E-02  1.441E+01  7.252E-01
   13.0000     16.811  2.259E+00  6.231E+01  4.079E-01  6.847E-01  9.032E-03  1.332E+01  6.700E-01
------------------------------------------------------------
