Spectral Irradiance, W m-2 nm-1
values at z =      0.000 km
Columns: wavelength (nm), times (hrs.) or sza (deg.)
    wc, nm     11.000     11.500     12.000     12.500     13.000
    sza =      89.160     89.169     89.177     89.184     89.193
  280.5000  5.720E-20  5.707E-20  5.697E-20  5.687E-20  5.674E-20
  281.5000  3.012E-18  3.005E-18  3.000E-18  2.995E-18  2.988E-18
  282.5000  6.215E-17  6.202E-17  6.191E-17  6.179E-17  6.166E-17
  283.5000  4.008E-16  3.999E-16  3.992E-16  3.985E-16  3.976E-16
  284.5000  7.342E-15  7.326E-15  7.313E-15  7.300E-15  7.284E-15
  285.5000  3.959E-14  3.950E-14  3.943E-14  3.936E-14  3.927E-14
  286.5000  6.522E-13  6.508E-13  6.496E-13  6.485E-13  6.471E-13
  287.5000  5.439E-12  5.428E-12  5.418E-12  5.408E-12  5.396E-12
  288.5000  4.135E-11  4.126E-11  4.119E-11  4.111E-11  4.102E-11
  289.5000  3.068E-10  3.061E-10  3.055E-10  3.050E-10  3.043E-10
  290.5000  1.585E-09  1.582E-09  1.579E-09  1.576E-09  1.573E-09
  291.5000  6.713E-09  6.698E-09  6.686E-09  6.674E-09  6.659E-09
  292.5000  2.058E-08  2.054E-08  2.050E-08  2.046E-08  2.042E-08
  293.5000  7.500E-08  7.483E-08  7.469E-08  7.455E-08  7.439E-08
  294.5000  1.722E-07  1.718E-07  1.715E-07  1.711E-07  1.707E-07
  295.5000  5.327E-07  5.315E-07  5.305E-07  5.295E-07  5.283E-07
  296.5000  1.117E-06  1.114E-06  1.112E-06  1.110E-06  1.107E-06
  297.5000  2.534E-06  2.528E-06  2.523E-06  2.518E-06  2.512E-06
  298.5000  3.519E-06  3.510E-06  3.503E-06  3.496E-06  3.488E-06
  299.5000  9.139E-06  9.117E-06  9.098E-06  9.079E-06  9.057E-06
  300.5000  9.744E-06  9.720E-06  9.700E-06  9.679E-06  9.655E-06
  301.5000  2.255E-05  2.249E-05  2.244E-05  2.239E-05  2.233E-05
  302.5000  3.139E-05  3.131E-05  3.124E-05  3.117E-05  3.109E-05
  303.5000  6.213E-05  6.195E-05  6.181E-05  6.167E-05  6.150E-05
  304.5000  7.472E-05  7.451E-05  7.434E-05  7.417E-05  7.396E-05
  305.5000  1.161E-04  1.158E-04  1.155E-04  1.152E-04  1.149E-04
  306.5000  1.309E-04  1.305E-04  1.302E-04  1.299E-04  1.295E-04
  307.5000  2.244E-04  2.237E-04  2.231E-04  2.225E-04  2.218E-04
  308.5000  2.708E-04  2.699E-04  2.692E-04  2.685E-04  2.677E-04
  309.5000  2.768E-04  2.759E-04  2.751E-04  2.744E-04  2.734E-04
  310.5000  4.273E-04  4.258E-04  4.246E-04  4.234E-04  4.219E-04
  311.5000  6.015E-04  5.994E-04  5.976E-04  5.959E-04  5.937E-04
  312.5000  7.151E-04  7.124E-04  7.103E-04  7.079E-04  7.057E-04
  313.5000  8.535E-04  8.503E-04  8.476E-04  8.446E-04  8.423E-04
  314.5000  1.063E-03  1.058E-03  1.054E-03  1.052E-03  1.047E-03
  315.5000  1.143E-03  1.139E-03  1.134E-03  1.130E-03  1.126E-03
  316.5000  1.413E-03  1.407E-03  1.402E-03  1.397E-03  1.392E-03
  317.5000  1.994E-03  1.987E-03  1.980E-03  1.974E-03  1.966E-03
  318.5000  1.989E-03  1.980E-03  1.974E-03  1.979E-03  1.959E-03
  319.5000  2.548E-03  2.537E-03  2.529E-03  2.518E-03  2.509E-03
  320.5000  3.290E-03  3.277E-03  3.263E-03  3.254E-03  3.241E-03
  321.5000  3.670E-03  3.655E-03  3.643E-03  3.631E-03  3.616E-03
  322.5000  2.970E-03  2.958E-03  2.954E-03  2.938E-03  2.926E-03
  323.5000  4.334E-03  4.319E-03  4.305E-03  4.291E-03  4.274E-03
  324.5000  5.012E-03  4.993E-03  4.977E-03  4.961E-03  4.941E-03
  325.5000  5.345E-03  5.320E-03  5.303E-03  5.285E-03  5.265E-03
  326.5000  8.408E-03  8.377E-03  8.350E-03  8.324E-03  8.293E-03
  327.5000  7.168E-03  7.140E-03  7.117E-03  7.094E-03  7.067E-03
  328.5000  6.625E-03  6.600E-03  6.579E-03  6.558E-03  6.533E-03
  329.5000  1.057E-02  1.053E-02  1.050E-02  1.047E-02  1.043E-02
  330.5000  8.797E-03  8.764E-03  8.737E-03  8.709E-03  8.677E-03
  331.5000  8.533E-03  8.502E-03  8.475E-03  8.449E-03  8.417E-03
  332.5000  9.811E-03  9.776E-03  9.747E-03  9.718E-03  9.683E-03
  333.5000  8.617E-03  8.586E-03  8.560E-03  8.534E-03  8.502E-03
  334.5000  9.967E-03  9.931E-03  9.901E-03  9.871E-03  9.836E-03
  335.5000  1.091E-02  1.087E-02  1.084E-02  1.080E-02  1.077E-02
  336.5000  8.338E-03  8.309E-03  8.284E-03  8.260E-03  8.230E-03
  337.5000  8.675E-03  8.643E-03  8.617E-03  8.591E-03  8.560E-03
  338.5000  9.930E-03  9.895E-03  9.866E-03  9.837E-03  9.802E-03
  339.5000  1.092E-02  1.088E-02  1.085E-02  1.082E-02  1.078E-02
  340.5000  1.133E-02  1.129E-02  1.126E-02  1.122E-02  1.118E-02
  341.5000  1.050E-02  1.046E-02  1.043E-02  1.040E-02  1.037E-02
  342.5000  1.173E-02  1.169E-02  1.165E-02  1.162E-02  1.158E-02
  343.5000  1.201E-02  1.197E-02  1.193E-02  1.190E-02  1.186E-02
  344.5000  8.285E-03  8.256E-03  8.231E-03  8.207E-03  8.178E-03
  345.5000  1.184E-02  1.180E-02  1.176E-02  1.173E-02  1.169E-02
  346.5000  1.080E-02  1.076E-02  1.073E-02  1.070E-02  1.066E-02
  347.5000  1.059E-02  1.055E-02  1.052E-02  1.049E-02  1.045E-02
  348.5000  1.175E-02  1.171E-02  1.167E-02  1.164E-02  1.160E-02
  349.5000  9.837E-03  9.802E-03  9.774E-03  9.745E-03  9.711E-03
  350.5000  1.381E-02  1.376E-02  1.372E-02  1.368E-02  1.363E-02
  351.5000  1.186E-02  1.182E-02  1.179E-02  1.175E-02  1.171E-02
  352.5000  1.073E-02  1.070E-02  1.067E-02  1.064E-02  1.060E-02
  353.5000  1.299E-02  1.294E-02  1.291E-02  1.287E-02  1.282E-02
  354.5000  1.412E-02  1.407E-02  1.403E-02  1.399E-02  1.394E-02
  355.5000  1.320E-02  1.316E-02  1.312E-02  1.308E-02  1.304E-02
  356.5000  1.225E-02  1.221E-02  1.218E-02  1.214E-02  1.210E-02
  357.5000  1.041E-02  1.038E-02  1.035E-02  1.032E-02  1.028E-02
  358.5000  8.056E-03  8.028E-03  8.005E-03  7.981E-03  7.953E-03
  359.5000  1.356E-02  1.352E-02  1.348E-02  1.344E-02  1.339E-02
  360.5000  1.258E-02  1.254E-02  1.250E-02  1.246E-02  1.242E-02
  361.5000  1.136E-02  1.132E-02  1.129E-02  1.126E-02  1.122E-02
  362.5000  1.335E-02  1.331E-02  1.327E-02  1.323E-02  1.318E-02
  363.5000  1.189E-02  1.185E-02  1.181E-02  1.178E-02  1.174E-02
  364.5000  1.297E-02  1.292E-02  1.289E-02  1.285E-02  1.280E-02
  365.5000  1.580E-02  1.574E-02  1.570E-02  1.565E-02  1.560E-02
  366.5000  1.674E-02  1.668E-02  1.663E-02  1.658E-02  1.652E-02
  367.5000  1.591E-02  1.585E-02  1.581E-02  1.576E-02  1.570E-02
  368.5000  1.398E-02  1.393E-02  1.389E-02  1.385E-02  1.380E-02
  369.5000  1.677E-02  1.672E-02  1.667E-02  1.662E-02  1.656E-02
  370.5000  1.522E-02  1.517E-02  1.513E-02  1.508E-02  1.503E-02
  371.5000  1.743E-02  1.737E-02  1.732E-02  1.727E-02  1.721E-02
  372.5000  1.288E-02  1.284E-02  1.280E-02  1.276E-02  1.272E-02
  373.5000  1.165E-02  1.160E-02  1.157E-02  1.154E-02  1.150E-02
  374.5000  1.278E-02  1.274E-02  1.270E-02  1.267E-02  1.262E-02
  375.5000  1.443E-02  1.438E-02  1.434E-02  1.430E-02  1.425E-02
  376.5000  1.442E-02  1.437E-02  1.433E-02  1.429E-02  1.424E-02
  377.5000  1.718E-02  1.712E-02  1.707E-02  1.702E-02  1.696E-02
  378.5000  1.873E-02  1.866E-02  1.861E-02  1.855E-02  1.849E-02
  379.5000  1.386E-02  1.381E-02  1.377E-02  1.373E-02  1.368E-02
  380.5000  1.668E-02  1.662E-02  1.657E-02  1.652E-02  1.646E-02
  381.5000  1.568E-02  1.562E-02  1.558E-02  1.553E-02  1.548E-02
  382.5000  1.045E-02  1.041E-02  1.038E-02  1.035E-02  1.032E-02
  383.5000  9.180E-03  9.148E-03  9.121E-03  9.094E-03  9.063E-03
  384.5000  1.378E-02  1.373E-02  1.369E-02  1.365E-02  1.361E-02
  385.5000  1.364E-02  1.359E-02  1.355E-02  1.351E-02  1.347E-02
  386.5000  1.391E-02  1.386E-02  1.382E-02  1.378E-02  1.373E-02
  387.5000  1.293E-02  1.289E-02  1.285E-02  1.281E-02  1.277E-02
  388.5000  1.297E-02  1.292E-02  1.289E-02  1.285E-02  1.280E-02
  389.5000  1.636E-02  1.630E-02  1.626E-02  1.621E-02  1.615E-02
  390.5000  1.608E-02  1.602E-02  1.597E-02  1.593E-02  1.587E-02
  391.5000  1.908E-02  1.901E-02  1.896E-02  1.890E-02  1.884E-02
  392.5000  1.431E-02  1.426E-02  1.422E-02  1.418E-02  1.413E-02
  393.5000  6.226E-03  6.204E-03  6.186E-03  6.168E-03  6.146E-03
  394.5000  1.465E-02  1.460E-02  1.456E-02  1.452E-02  1.447E-02
  395.5000  1.886E-02  1.880E-02  1.874E-02  1.869E-02  1.862E-02
  396.5000  1.108E-02  1.104E-02  1.101E-02  1.098E-02  1.094E-02
  397.5000  1.279E-02  1.275E-02  1.271E-02  1.268E-02  1.263E-02
  398.5000  2.200E-02  2.192E-02  2.185E-02  2.179E-02  2.171E-02
  399.5000  2.289E-02  2.281E-02  2.274E-02  2.268E-02  2.260E-02
  400.5000  2.407E-02  2.399E-02  2.392E-02  2.385E-02  2.376E-02
  401.5000  2.478E-02  2.469E-02  2.462E-02  2.455E-02  2.446E-02
  402.5000  2.573E-02  2.564E-02  2.557E-02  2.549E-02  2.540E-02
  403.5000  2.356E-02  2.348E-02  2.341E-02  2.335E-02  2.326E-02
  404.5000  2.312E-02  2.304E-02  2.298E-02  2.291E-02  2.283E-02
  405.5000  2.403E-02  2.395E-02  2.388E-02  2.381E-02  2.372E-02
  406.5000  2.264E-02  2.257E-02  2.250E-02  2.243E-02  2.236E-02
  407.5000  2.284E-02  2.276E-02  2.269E-02  2.262E-02  2.254E-02
  408.5000  2.544E-02  2.535E-02  2.528E-02  2.520E-02  2.511E-02
  409.5000  2.495E-02  2.486E-02  2.479E-02  2.472E-02  2.463E-02
  410.5000  2.164E-02  2.157E-02  2.151E-02  2.144E-02  2.137E-02
  411.5000  2.603E-02  2.594E-02  2.586E-02  2.579E-02  2.570E-02
  412.5000  2.582E-02  2.573E-02  2.565E-02  2.558E-02  2.549E-02
  413.5000  2.505E-02  2.496E-02  2.489E-02  2.482E-02  2.473E-02
  414.5000  2.576E-02  2.567E-02  2.559E-02  2.552E-02  2.543E-02
  415.5000  2.464E-02  2.456E-02  2.449E-02  2.442E-02  2.433E-02
  416.5000  2.683E-02  2.674E-02  2.666E-02  2.658E-02  2.649E-02
  417.5000  2.454E-02  2.445E-02  2.438E-02  2.431E-02  2.422E-02
  418.5000  2.474E-02  2.465E-02  2.458E-02  2.451E-02  2.442E-02
  419.5000  2.557E-02  2.548E-02  2.541E-02  2.533E-02  2.524E-02
------------------------------------------------------------
Dose rates, W m-2
   1 = UV-B, 280-315 nm                                  
   2 = UV-A, 315-400 nm                                  
   3 = Gaussian, 320 nm, 10 nm FWHM                      
   4 = RB Meter, model 501                               
   5 = DNA damage, in vitro (Setlow, 1974)               
   6 = UV index (WMO, 1994; Webb et al., 2011)           
   7 = Previtamin-D3 (CIE 2006)                          
values at z =      0.000 km
Columns: time, sza, weighting spectra
time, hrs.  sza, deg.          1          2          3          4          5          6          7
   11.0000     89.160  4.897E-03  9.741E-01  3.096E-03  1.771E-03  1.108E-05  4.325E-02  1.061E-03
   11.5000     89.169  4.879E-03  9.707E-01  3.084E-03  1.765E-03  1.104E-05  4.310E-02  1.057E-03
   12.0000     89.177  4.864E-03  9.678E-01  3.074E-03  1.759E-03  1.101E-05  4.297E-02  1.054E-03
   12.5000     89.184  4.850E-03  9.650E-01  3.064E-03  1.754E-03  1.098E-05  4.285E-02  1.051E-03
   13.0000     89.193  4.834E-03  9.616E-01  3.051E-03  1.748E-03  1.095E-05  4.269E-02  1.048E-03
------------------------------------------------------------
