Spectral Irradiance, W m-2 nm-1
values at z =      0.000 km
Columns: wavelength (nm), times (hrs.) or sza (deg.)
    wc, nm     11.000     11.500     12.000     12.500     13.000
    sza =      46.485     45.852     45.658     45.912     46.604
  280.5000  2.379E-23  4.139E-23  4.885E-23  3.928E-23  2.139E-23
  281.5000  4.927E-21  8.155E-21  9.482E-21  7.776E-21  4.474E-21
  282.5000  3.290E-19  5.217E-19  5.988E-19  4.994E-19  3.013E-19
  283.5000  4.566E-18  7.040E-18  8.014E-18  6.758E-18  4.203E-18
  284.5000  3.322E-16  4.868E-16  5.458E-16  4.696E-16  3.088E-16
  285.5000  4.954E-15  6.992E-15  7.752E-15  6.768E-15  4.639E-15
  286.5000  1.783E-13  2.445E-13  2.687E-13  2.355E-13  1.679E-13
  287.5000  3.518E-12  4.672E-12  5.086E-12  4.548E-12  3.332E-12
  288.5000  6.748E-11  8.656E-11  9.325E-11  8.455E-11  6.435E-11
  289.5000  9.677E-10  1.211E-09  1.295E-09  1.185E-09  9.271E-10
  290.5000  8.684E-09  1.064E-08  1.131E-08  1.044E-08  8.353E-09
  291.5000  6.815E-08  8.156E-08  8.607E-08  8.019E-08  6.585E-08
  292.5000  3.440E-07  4.038E-07  4.237E-07  3.977E-07  3.336E-07
  293.5000  1.990E-06  2.281E-06  2.394E-06  2.264E-06  1.937E-06
  294.5000  6.513E-06  7.404E-06  7.693E-06  7.314E-06  6.356E-06
  295.5000  2.914E-05  3.262E-05  3.375E-05  3.228E-05  2.851E-05
  296.5000  8.205E-05  9.074E-05  9.352E-05  8.988E-05  8.049E-05
  297.5000  2.392E-04  2.617E-04  2.688E-04  2.595E-04  2.352E-04
  298.5000  4.061E-04  4.402E-04  4.510E-04  4.369E-04  3.999E-04
  299.5000  1.264E-03  1.359E-03  1.388E-03  1.349E-03  1.247E-03
  300.5000  1.530E-03  1.633E-03  1.665E-03  1.623E-03  1.511E-03
  301.5000  4.005E-03  4.246E-03  4.321E-03  4.223E-03  3.961E-03
  302.5000  5.988E-03  6.318E-03  6.420E-03  6.286E-03  5.927E-03
  303.5000  1.266E-02  1.329E-02  1.348E-02  1.323E-02  1.255E-02
  304.5000  1.569E-02  1.641E-02  1.664E-02  1.634E-02  1.556E-02
  305.5000  2.494E-02  2.597E-02  2.628E-02  2.587E-02  2.475E-02
  306.5000  2.822E-02  2.932E-02  2.966E-02  2.922E-02  2.802E-02
  307.5000  4.743E-02  4.909E-02  4.960E-02  4.893E-02  4.712E-02
  308.5000  5.634E-02  5.822E-02  5.880E-02  5.804E-02  5.598E-02
  309.5000  5.492E-02  5.661E-02  5.713E-02  5.645E-02  5.460E-02
  310.5000  8.039E-02  8.272E-02  8.343E-02  8.249E-02  7.995E-02
  311.5000  1.085E-01  1.115E-01  1.124E-01  1.112E-01  1.079E-01
  312.5000  1.151E-01  1.181E-01  1.190E-01  1.178E-01  1.146E-01
  313.5000  1.333E-01  1.366E-01  1.377E-01  1.363E-01  1.327E-01
  314.5000  1.431E-01  1.464E-01  1.474E-01  1.461E-01  1.424E-01
  315.5000  1.496E-01  1.530E-01  1.541E-01  1.527E-01  1.490E-01
  316.5000  1.574E-01  1.608E-01  1.618E-01  1.605E-01  1.568E-01
  317.5000  2.229E-01  2.277E-01  2.291E-01  2.272E-01  2.220E-01
  318.5000  1.843E-01  1.880E-01  1.891E-01  1.876E-01  1.836E-01
  319.5000  2.272E-01  2.317E-01  2.330E-01  2.312E-01  2.263E-01
  320.5000  2.798E-01  2.852E-01  2.868E-01  2.847E-01  2.787E-01
  321.5000  2.485E-01  2.529E-01  2.543E-01  2.525E-01  2.476E-01
  322.5000  2.420E-01  2.466E-01  2.480E-01  2.462E-01  2.411E-01
  323.5000  2.630E-01  2.676E-01  2.691E-01  2.672E-01  2.621E-01
  324.5000  3.083E-01  3.137E-01  3.154E-01  3.132E-01  3.073E-01
  325.5000  3.434E-01  3.495E-01  3.513E-01  3.489E-01  3.423E-01
  326.5000  4.306E-01  4.378E-01  4.400E-01  4.371E-01  4.292E-01
  327.5000  3.968E-01  4.036E-01  4.057E-01  4.029E-01  3.955E-01
  328.5000  3.667E-01  3.730E-01  3.749E-01  3.724E-01  3.655E-01
  329.5000  4.877E-01  4.956E-01  4.981E-01  4.949E-01  4.862E-01
  330.5000  4.391E-01  4.464E-01  4.486E-01  4.457E-01  4.377E-01
  331.5000  4.332E-01  4.404E-01  4.426E-01  4.397E-01  4.319E-01
  332.5000  4.344E-01  4.414E-01  4.436E-01  4.408E-01  4.331E-01
  333.5000  4.054E-01  4.120E-01  4.140E-01  4.113E-01  4.041E-01
  334.5000  4.549E-01  4.622E-01  4.645E-01  4.615E-01  4.535E-01
  335.5000  4.651E-01  4.725E-01  4.748E-01  4.718E-01  4.637E-01
  336.5000  3.629E-01  3.687E-01  3.705E-01  3.681E-01  3.618E-01
  337.5000  3.963E-01  4.026E-01  4.046E-01  4.020E-01  3.951E-01
  338.5000  4.220E-01  4.287E-01  4.307E-01  4.281E-01  4.208E-01
  339.5000  4.595E-01  4.667E-01  4.689E-01  4.660E-01  4.581E-01
  340.5000  4.899E-01  4.977E-01  5.001E-01  4.970E-01  4.885E-01
  341.5000  4.372E-01  4.441E-01  4.461E-01  4.434E-01  4.359E-01
  342.5000  4.849E-01  4.925E-01  4.948E-01  4.917E-01  4.835E-01
  343.5000  5.031E-01  5.110E-01  5.134E-01  5.102E-01  5.016E-01
  344.5000  3.522E-01  3.577E-01  3.594E-01  3.572E-01  3.512E-01
  345.5000  4.847E-01  4.922E-01  4.945E-01  4.915E-01  4.833E-01
  346.5000  4.525E-01  4.595E-01  4.617E-01  4.588E-01  4.511E-01
  347.5000  4.424E-01  4.493E-01  4.513E-01  4.486E-01  4.411E-01
  348.5000  4.868E-01  4.943E-01  4.966E-01  4.936E-01  4.854E-01
  349.5000  4.080E-01  4.143E-01  4.163E-01  4.137E-01  4.068E-01
  350.5000  5.716E-01  5.804E-01  5.831E-01  5.796E-01  5.699E-01
  351.5000  4.926E-01  5.002E-01  5.025E-01  4.995E-01  4.912E-01
  352.5000  4.445E-01  4.514E-01  4.535E-01  4.507E-01  4.432E-01
  353.5000  5.355E-01  5.437E-01  5.462E-01  5.429E-01  5.340E-01
  354.5000  5.799E-01  5.888E-01  5.915E-01  5.880E-01  5.783E-01
  355.5000  5.421E-01  5.504E-01  5.530E-01  5.497E-01  5.406E-01
  356.5000  5.032E-01  5.109E-01  5.133E-01  5.102E-01  5.018E-01
  357.5000  4.280E-01  4.345E-01  4.365E-01  4.339E-01  4.268E-01
  358.5000  3.304E-01  3.355E-01  3.370E-01  3.350E-01  3.295E-01
  359.5000  5.562E-01  5.647E-01  5.673E-01  5.639E-01  5.547E-01
  360.5000  5.157E-01  5.236E-01  5.259E-01  5.228E-01  5.143E-01
  361.5000  4.651E-01  4.722E-01  4.743E-01  4.715E-01  4.638E-01
  362.5000  5.464E-01  5.547E-01  5.572E-01  5.539E-01  5.448E-01
  363.5000  4.862E-01  4.935E-01  4.958E-01  4.928E-01  4.848E-01
  364.5000  5.305E-01  5.385E-01  5.409E-01  5.377E-01  5.290E-01
  365.5000  6.465E-01  6.563E-01  6.592E-01  6.553E-01  6.447E-01
  366.5000  6.844E-01  6.947E-01  6.979E-01  6.938E-01  6.825E-01
  367.5000  6.500E-01  6.598E-01  6.628E-01  6.589E-01  6.482E-01
  368.5000  5.712E-01  5.798E-01  5.824E-01  5.789E-01  5.696E-01
  369.5000  6.853E-01  6.956E-01  6.987E-01  6.946E-01  6.834E-01
  370.5000  6.219E-01  6.312E-01  6.340E-01  6.303E-01  6.201E-01
  371.5000  7.118E-01  7.224E-01  7.256E-01  7.214E-01  7.098E-01
  372.5000  5.259E-01  5.337E-01  5.361E-01  5.330E-01  5.244E-01
  373.5000  4.754E-01  4.825E-01  4.847E-01  4.818E-01  4.741E-01
  374.5000  5.219E-01  5.297E-01  5.320E-01  5.289E-01  5.205E-01
  375.5000  5.890E-01  5.978E-01  6.004E-01  5.969E-01  5.874E-01
  376.5000  5.883E-01  5.970E-01  5.997E-01  5.962E-01  5.867E-01
  377.5000  7.007E-01  7.111E-01  7.143E-01  7.101E-01  6.988E-01
  378.5000  7.639E-01  7.752E-01  7.786E-01  7.741E-01  7.618E-01
  379.5000  5.653E-01  5.736E-01  5.762E-01  5.728E-01  5.637E-01
  380.5000  6.800E-01  6.900E-01  6.931E-01  6.891E-01  6.781E-01
  381.5000  6.391E-01  6.485E-01  6.514E-01  6.476E-01  6.373E-01
  382.5000  4.260E-01  4.322E-01  4.341E-01  4.316E-01  4.248E-01
  383.5000  3.741E-01  3.796E-01  3.813E-01  3.791E-01  3.731E-01
  384.5000  5.616E-01  5.698E-01  5.723E-01  5.690E-01  5.600E-01
  385.5000  5.557E-01  5.639E-01  5.664E-01  5.631E-01  5.542E-01
  386.5000  5.666E-01  5.749E-01  5.774E-01  5.741E-01  5.651E-01
  387.5000  5.267E-01  5.344E-01  5.368E-01  5.337E-01  5.253E-01
  388.5000  5.281E-01  5.358E-01  5.381E-01  5.350E-01  5.266E-01
  389.5000  6.661E-01  6.758E-01  6.787E-01  6.749E-01  6.642E-01
  390.5000  6.544E-01  6.639E-01  6.668E-01  6.630E-01  6.526E-01
  391.5000  7.765E-01  7.878E-01  7.912E-01  7.867E-01  7.744E-01
  392.5000  5.824E-01  5.909E-01  5.935E-01  5.901E-01  5.808E-01
  393.5000  2.533E-01  2.569E-01  2.581E-01  2.566E-01  2.526E-01
  394.5000  5.961E-01  6.047E-01  6.074E-01  6.039E-01  5.945E-01
  395.5000  7.671E-01  7.783E-01  7.816E-01  7.772E-01  7.651E-01
  396.5000  4.506E-01  4.571E-01  4.591E-01  4.565E-01  4.493E-01
  397.5000  5.201E-01  5.276E-01  5.299E-01  5.269E-01  5.186E-01
  398.5000  8.939E-01  9.067E-01  9.107E-01  9.055E-01  8.914E-01
  399.5000  9.299E-01  9.433E-01  9.474E-01  9.421E-01  9.274E-01
  400.5000  9.779E-01  9.920E-01  9.962E-01  9.906E-01  9.753E-01
  401.5000  1.006E+00  1.021E+00  1.025E+00  1.019E+00  1.004E+00
  402.5000  1.045E+00  1.060E+00  1.065E+00  1.059E+00  1.042E+00
  403.5000  9.567E-01  9.704E-01  9.746E-01  9.691E-01  9.541E-01
  404.5000  9.386E-01  9.520E-01  9.561E-01  9.507E-01  9.360E-01
  405.5000  9.752E-01  9.892E-01  9.934E-01  9.878E-01  9.726E-01
  406.5000  9.188E-01  9.319E-01  9.359E-01  9.306E-01  9.163E-01
  407.5000  9.265E-01  9.397E-01  9.437E-01  9.385E-01  9.240E-01
  408.5000  1.032E+00  1.047E+00  1.051E+00  1.045E+00  1.029E+00
  409.5000  1.012E+00  1.026E+00  1.031E+00  1.025E+00  1.009E+00
  410.5000  8.778E-01  8.903E-01  8.941E-01  8.891E-01  8.754E-01
  411.5000  1.055E+00  1.070E+00  1.075E+00  1.069E+00  1.053E+00
  412.5000  1.046E+00  1.061E+00  1.066E+00  1.060E+00  1.043E+00
  413.5000  1.015E+00  1.029E+00  1.034E+00  1.028E+00  1.012E+00
  414.5000  1.043E+00  1.058E+00  1.063E+00  1.057E+00  1.041E+00
  415.5000  9.982E-01  1.012E+00  1.017E+00  1.011E+00  9.955E-01
  416.5000  1.087E+00  1.102E+00  1.107E+00  1.101E+00  1.084E+00
  417.5000  9.936E-01  1.008E+00  1.012E+00  1.006E+00  9.909E-01
  418.5000  1.002E+00  1.016E+00  1.020E+00  1.014E+00  9.989E-01
  419.5000  1.035E+00  1.049E+00  1.054E+00  1.048E+00  1.032E+00
------------------------------------------------------------
Dose rates, W m-2
   1 = UV-B, 280-315 nm                                  
   2 = UV-A, 315-400 nm                                  
   3 = Gaussian, 320 nm, 10 nm FWHM                      
   4 = RB Meter, model 501                               
   5 = DNA damage, in vitro (Setlow, 1974)               
   6 = UV index (WMO, 1994; Webb et al., 2011)           
   7 = Previtamin-D3 (CIE 2006)                          
values at z =      0.000 km
Columns: time, sza, weighting spectra
time, hrs.  sza, deg.          1          2          3          4          5          6          7
   11.0000     46.485  8.342E-01  4.190E+01  2.360E-01  2.318E-01  1.683E-03  4.317E+00  1.882E-01
   11.5000     45.852  8.586E-01  4.255E+01  2.405E-01  2.387E-01  1.752E-03  4.443E+00  1.948E-01
   12.0000     45.658  8.661E-01  4.274E+01  2.419E-01  2.408E-01  1.773E-03  4.482E+00  1.968E-01
   12.5000     45.912  8.563E-01  4.249E+01  2.401E-01  2.380E-01  1.745E-03  4.431E+00  1.942E-01
   13.0000     46.604  8.296E-01  4.178E+01  2.351E-01  2.305E-01  1.671E-03  4.294E+00  1.870E-01
------------------------------------------------------------
