Spectral Irradiance, W m-2 nm-1
values at z =      0.000 km
Columns: wavelength (nm), times (hrs.) or sza (deg.)
    wc, nm     11.000     11.500     12.000     12.500     13.000
    sza =      43.836     42.632     42.242     42.687     43.939
  280.5000  1.987E-25  5.654E-25  7.837E-25  5.398E-25  1.811E-25
  281.5000  6.414E-23  1.661E-22  2.234E-22  1.592E-22  5.896E-23
  282.5000  6.272E-21  1.497E-20  1.964E-20  1.440E-20  5.806E-21
  283.5000  1.115E-19  2.524E-19  3.258E-19  2.435E-19  1.037E-19
  284.5000  1.274E-17  2.551E-17  3.281E-17  2.537E-17  1.195E-17
  285.5000  2.652E-16  5.081E-16  6.224E-16  4.936E-16  2.504E-16
  286.5000  1.234E-14  2.238E-14  2.696E-14  2.180E-14  1.170E-14
  287.5000  3.236E-13  5.525E-13  6.529E-13  5.395E-13  3.086E-13
  288.5000  8.458E-12  1.352E-11  1.566E-11  1.324E-11  8.114E-12
  289.5000  1.514E-10  2.309E-10  2.634E-10  2.266E-10  1.458E-10
  290.5000  1.636E-09  2.399E-09  2.704E-09  2.359E-09  1.582E-09
  291.5000  1.586E-08  2.223E-08  2.471E-08  2.190E-08  1.539E-08
  292.5000  9.513E-08  1.286E-07  1.413E-07  1.269E-07  9.262E-08
  293.5000  6.477E-07  8.461E-07  9.198E-07  8.361E-07  6.326E-07
  294.5000  2.408E-06  3.062E-06  3.301E-06  3.030E-06  2.357E-06
  295.5000  1.234E-05  1.524E-05  1.629E-05  1.510E-05  1.211E-05
  296.5000  3.888E-05  4.693E-05  4.977E-05  4.654E-05  3.824E-05
  297.5000  1.251E-04  1.480E-04  1.559E-04  1.469E-04  1.233E-04
  298.5000  2.309E-04  2.683E-04  2.812E-04  2.665E-04  2.279E-04
  299.5000  7.777E-04  8.889E-04  9.269E-04  8.836E-04  7.685E-04
  300.5000  9.996E-04  1.128E-03  1.172E-03  1.122E-03  9.889E-04
  301.5000  2.795E-03  3.112E-03  3.219E-03  3.097E-03  2.768E-03
  302.5000  4.361E-03  4.813E-03  4.964E-03  4.792E-03  4.323E-03
  303.5000  9.702E-03  1.060E-02  1.089E-02  1.056E-02  9.626E-03
  304.5000  1.238E-02  1.344E-02  1.379E-02  1.339E-02  1.229E-02
  305.5000  2.055E-02  2.211E-02  2.263E-02  2.204E-02  2.042E-02
  306.5000  2.369E-02  2.540E-02  2.596E-02  2.532E-02  2.355E-02
  307.5000  4.126E-02  4.390E-02  4.477E-02  4.378E-02  4.103E-02
  308.5000  4.968E-02  5.272E-02  5.371E-02  5.258E-02  4.942E-02
  309.5000  4.958E-02  5.235E-02  5.325E-02  5.222E-02  4.934E-02
  310.5000  7.379E-02  7.764E-02  7.889E-02  7.747E-02  7.345E-02
  311.5000  1.007E-01  1.057E-01  1.066E-01  1.055E-01  1.002E-01
  312.5000  1.089E-01  1.139E-01  1.155E-01  1.137E-01  1.085E-01
  313.5000  1.267E-01  1.323E-01  1.342E-01  1.321E-01  1.262E-01
  314.5000  1.382E-01  1.439E-01  1.457E-01  1.436E-01  1.377E-01
  315.5000  1.449E-01  1.508E-01  1.527E-01  1.505E-01  1.444E-01
  316.5000  1.544E-01  1.602E-01  1.621E-01  1.600E-01  1.539E-01
  317.5000  2.187E-01  2.269E-01  2.295E-01  2.265E-01  2.180E-01
  318.5000  1.829E-01  1.893E-01  1.914E-01  1.890E-01  1.824E-01
  319.5000  2.260E-01  2.338E-01  2.363E-01  2.334E-01  2.253E-01
  320.5000  2.790E-01  2.884E-01  2.915E-01  2.880E-01  2.782E-01
  321.5000  2.504E-01  2.583E-01  2.608E-01  2.579E-01  2.497E-01
  322.5000  2.419E-01  2.499E-01  2.525E-01  2.496E-01  2.412E-01
  323.5000  2.663E-01  2.744E-01  2.770E-01  2.741E-01  2.656E-01
  324.5000  3.120E-01  3.215E-01  3.246E-01  3.211E-01  3.112E-01
  325.5000  3.470E-01  3.576E-01  3.611E-01  3.572E-01  3.460E-01
  326.5000  4.388E-01  4.515E-01  4.556E-01  4.509E-01  4.377E-01
  327.5000  4.032E-01  4.151E-01  4.189E-01  4.146E-01  4.022E-01
  328.5000  3.726E-01  3.836E-01  3.871E-01  3.831E-01  3.717E-01
  329.5000  4.988E-01  5.128E-01  5.172E-01  5.121E-01  4.975E-01
  330.5000  4.478E-01  4.606E-01  4.647E-01  4.600E-01  4.467E-01
  331.5000  4.416E-01  4.542E-01  4.583E-01  4.536E-01  4.405E-01
  332.5000  4.449E-01  4.572E-01  4.611E-01  4.566E-01  4.438E-01
  333.5000  4.142E-01  4.258E-01  4.295E-01  4.253E-01  4.132E-01
  334.5000  4.653E-01  4.782E-01  4.823E-01  4.776E-01  4.641E-01
  335.5000  4.768E-01  4.898E-01  4.939E-01  4.892E-01  4.756E-01
  336.5000  3.717E-01  3.819E-01  3.851E-01  3.814E-01  3.708E-01
  337.5000  4.052E-01  4.164E-01  4.200E-01  4.159E-01  4.043E-01
  338.5000  4.326E-01  4.443E-01  4.480E-01  4.437E-01  4.315E-01
  339.5000  4.711E-01  4.837E-01  4.878E-01  4.832E-01  4.699E-01
  340.5000  5.018E-01  5.154E-01  5.197E-01  5.148E-01  5.006E-01
  341.5000  4.483E-01  4.603E-01  4.641E-01  4.597E-01  4.472E-01
  342.5000  4.973E-01  5.105E-01  5.148E-01  5.099E-01  4.961E-01
  343.5000  5.157E-01  5.295E-01  5.339E-01  5.288E-01  5.145E-01
  344.5000  3.608E-01  3.705E-01  3.736E-01  3.700E-01  3.600E-01
  345.5000  4.971E-01  5.102E-01  5.144E-01  5.096E-01  4.959E-01
  346.5000  4.637E-01  4.760E-01  4.799E-01  4.754E-01  4.626E-01
  347.5000  4.533E-01  4.653E-01  4.692E-01  4.648E-01  4.523E-01
  348.5000  4.989E-01  5.121E-01  5.163E-01  5.115E-01  4.977E-01
  349.5000  4.181E-01  4.292E-01  4.327E-01  4.287E-01  4.172E-01
  350.5000  5.857E-01  6.011E-01  6.061E-01  6.004E-01  5.843E-01
  351.5000  5.047E-01  5.180E-01  5.222E-01  5.174E-01  5.035E-01
  352.5000  4.554E-01  4.674E-01  4.712E-01  4.668E-01  4.544E-01
  353.5000  5.487E-01  5.630E-01  5.676E-01  5.624E-01  5.474E-01
  354.5000  5.942E-01  6.097E-01  6.147E-01  6.090E-01  5.928E-01
  355.5000  5.554E-01  5.699E-01  5.745E-01  5.692E-01  5.541E-01
  356.5000  5.155E-01  5.289E-01  5.332E-01  5.283E-01  5.143E-01
  357.5000  4.384E-01  4.498E-01  4.535E-01  4.493E-01  4.374E-01
  358.5000  3.384E-01  3.472E-01  3.500E-01  3.468E-01  3.377E-01
  359.5000  5.697E-01  5.844E-01  5.892E-01  5.838E-01  5.684E-01
  360.5000  5.281E-01  5.418E-01  5.462E-01  5.412E-01  5.269E-01
  361.5000  4.763E-01  4.886E-01  4.925E-01  4.880E-01  4.752E-01
  362.5000  5.595E-01  5.739E-01  5.785E-01  5.732E-01  5.582E-01
  363.5000  4.978E-01  5.106E-01  5.147E-01  5.100E-01  4.966E-01
  364.5000  5.431E-01  5.570E-01  5.615E-01  5.564E-01  5.418E-01
  365.5000  6.618E-01  6.788E-01  6.842E-01  6.780E-01  6.603E-01
  366.5000  7.006E-01  7.185E-01  7.243E-01  7.177E-01  6.990E-01
  367.5000  6.653E-01  6.823E-01  6.878E-01  6.816E-01  6.638E-01
  368.5000  5.845E-01  5.995E-01  6.043E-01  5.988E-01  5.832E-01
  369.5000  7.013E-01  7.192E-01  7.249E-01  7.183E-01  6.997E-01
  370.5000  6.363E-01  6.525E-01  6.577E-01  6.518E-01  6.349E-01
  371.5000  7.282E-01  7.467E-01  7.527E-01  7.459E-01  7.266E-01
  372.5000  5.380E-01  5.517E-01  5.560E-01  5.510E-01  5.368E-01
  373.5000  4.863E-01  4.987E-01  5.026E-01  4.981E-01  4.853E-01
  374.5000  5.339E-01  5.474E-01  5.517E-01  5.468E-01  5.327E-01
  375.5000  6.024E-01  6.177E-01  6.225E-01  6.170E-01  6.011E-01
  376.5000  6.017E-01  6.169E-01  6.217E-01  6.162E-01  6.003E-01
  377.5000  7.166E-01  7.346E-01  7.404E-01  7.338E-01  7.150E-01
  378.5000  7.811E-01  8.008E-01  8.071E-01  7.999E-01  7.794E-01
  379.5000  5.780E-01  5.925E-01  5.971E-01  5.918E-01  5.767E-01
  380.5000  6.952E-01  7.126E-01  7.182E-01  7.118E-01  6.936E-01
  381.5000  6.533E-01  6.697E-01  6.750E-01  6.690E-01  6.519E-01
  382.5000  4.354E-01  4.463E-01  4.498E-01  4.458E-01  4.344E-01
  383.5000  3.824E-01  3.920E-01  3.950E-01  3.915E-01  3.815E-01
  384.5000  5.739E-01  5.883E-01  5.929E-01  5.876E-01  5.727E-01
  385.5000  5.679E-01  5.821E-01  5.866E-01  5.814E-01  5.667E-01
  386.5000  5.790E-01  5.934E-01  5.980E-01  5.927E-01  5.777E-01
  387.5000  5.382E-01  5.515E-01  5.558E-01  5.509E-01  5.370E-01
  388.5000  5.395E-01  5.529E-01  5.572E-01  5.523E-01  5.383E-01
  389.5000  6.805E-01  6.973E-01  7.027E-01  6.966E-01  6.790E-01
  390.5000  6.685E-01  6.850E-01  6.903E-01  6.843E-01  6.670E-01
  391.5000  7.932E-01  8.128E-01  8.190E-01  8.119E-01  7.914E-01
  392.5000  5.949E-01  6.096E-01  6.143E-01  6.089E-01  5.936E-01
  393.5000  2.587E-01  2.650E-01  2.671E-01  2.647E-01  2.581E-01
  394.5000  6.087E-01  6.237E-01  6.285E-01  6.230E-01  6.074E-01
  395.5000  7.833E-01  8.026E-01  8.088E-01  8.017E-01  7.816E-01
  396.5000  4.600E-01  4.714E-01  4.750E-01  4.708E-01  4.590E-01
  397.5000  5.310E-01  5.440E-01  5.482E-01  5.434E-01  5.298E-01
  398.5000  9.125E-01  9.349E-01  9.420E-01  9.338E-01  9.105E-01
  399.5000  9.493E-01  9.725E-01  9.800E-01  9.714E-01  9.472E-01
  400.5000  9.982E-01  1.023E+00  1.030E+00  1.021E+00  9.960E-01
  401.5000  1.027E+00  1.052E+00  1.060E+00  1.051E+00  1.025E+00
  402.5000  1.066E+00  1.092E+00  1.101E+00  1.091E+00  1.064E+00
  403.5000  9.763E-01  1.000E+00  1.008E+00  9.990E-01  9.742E-01
  404.5000  9.577E-01  9.810E-01  9.885E-01  9.799E-01  9.556E-01
  405.5000  9.950E-01  1.019E+00  1.027E+00  1.018E+00  9.929E-01
  406.5000  9.374E-01  9.601E-01  9.674E-01  9.591E-01  9.353E-01
  407.5000  9.452E-01  9.681E-01  9.754E-01  9.670E-01  9.431E-01
  408.5000  1.053E+00  1.078E+00  1.086E+00  1.077E+00  1.051E+00
  409.5000  1.032E+00  1.057E+00  1.065E+00  1.056E+00  1.030E+00
  410.5000  8.953E-01  9.169E-01  9.239E-01  9.159E-01  8.934E-01
  411.5000  1.076E+00  1.102E+00  1.111E+00  1.101E+00  1.074E+00
  412.5000  1.067E+00  1.093E+00  1.101E+00  1.091E+00  1.065E+00
  413.5000  1.035E+00  1.060E+00  1.068E+00  1.059E+00  1.033E+00
  414.5000  1.064E+00  1.089E+00  1.098E+00  1.088E+00  1.062E+00
  415.5000  1.018E+00  1.042E+00  1.050E+00  1.041E+00  1.016E+00
  416.5000  1.108E+00  1.134E+00  1.143E+00  1.133E+00  1.105E+00
  417.5000  1.013E+00  1.037E+00  1.045E+00  1.036E+00  1.011E+00
  418.5000  1.021E+00  1.045E+00  1.053E+00  1.044E+00  1.019E+00
  419.5000  1.055E+00  1.080E+00  1.088E+00  1.079E+00  1.053E+00
------------------------------------------------------------
Dose rates, W m-2
   1 = UV-B, 280-315 nm                                  
   2 = UV-A, 315-400 nm                                  
   3 = Gaussian, 320 nm, 10 nm FWHM                      
   4 = RB Meter, model 501                               
   5 = DNA damage, in vitro (Setlow, 1974)               
   6 = UV index (WMO, 1994; Webb et al., 2011)           
   7 = Previtamin-D3 (CIE 2006)                          
values at z =      0.000 km
Columns: time, sza, weighting spectra
time, hrs.  sza, deg.          1          2          3          4          5          6          7
   11.0000     43.836  7.645E-01  4.280E+01  2.355E-01  2.120E-01  1.408E-03  3.972E+00  1.648E-01
   11.5000     42.632  8.044E-01  4.392E+01  2.434E-01  2.231E-01  1.508E-03  4.171E+00  1.750E-01
   12.0000     42.242  8.167E-01  4.428E+01  2.460E-01  2.265E-01  1.541E-03  4.235E+00  1.782E-01
   12.5000     42.687  8.025E-01  4.387E+01  2.431E-01  2.225E-01  1.503E-03  4.162E+00  1.745E-01
   13.0000     43.939  7.610E-01  4.270E+01  2.348E-01  2.111E-01  1.400E-03  3.955E+00  1.639E-01
------------------------------------------------------------
