Spectral Irradiance, W m-2 nm-1
values at z =      0.000 km
Columns: wavelength (nm), times (hrs.) or sza (deg.)
    wc, nm     11.000     11.500     12.000     12.500     13.000
    sza =      31.222     29.071     28.592     29.869     32.696
  280.5000  2.513E-15  4.942E-15  5.691E-15  3.878E-15  1.515E-15
  281.5000  9.647E-14  1.787E-13  2.033E-13  1.433E-13  6.083E-14
  282.5000  1.515E-12  2.666E-12  3.000E-12  2.177E-12  9.925E-13
  283.5000  8.210E-12  1.398E-11  1.562E-11  1.155E-11  5.517E-12
  284.5000  1.077E-10  1.726E-10  1.904E-10  1.458E-10  7.573E-11
  285.5000  4.526E-10  6.934E-10  7.579E-10  5.950E-10  3.291E-10
  286.5000  6.155E-09  9.109E-09  9.885E-09  7.914E-09  4.592E-09
  287.5000  4.124E-08  5.874E-08  6.325E-08  5.174E-08  3.166E-08
  288.5000  2.448E-07  3.345E-07  3.570E-07  2.991E-07  1.939E-07
  289.5000  1.517E-06  2.012E-06  2.134E-06  1.818E-06  1.229E-06
  290.5000  6.723E-06  8.697E-06  9.176E-06  7.930E-06  5.548E-06
  291.5000  2.373E-05  2.984E-05  3.130E-05  2.748E-05  2.000E-05
  292.5000  6.227E-05  7.651E-05  7.987E-05  7.106E-05  5.341E-05
  293.5000  1.947E-04  2.341E-04  2.433E-04  2.191E-04  1.698E-04
  294.5000  3.938E-04  4.653E-04  4.818E-04  4.383E-04  3.477E-04
  295.5000  1.056E-03  1.226E-03  1.264E-03  1.162E-03  9.455E-04
  296.5000  1.946E-03  2.224E-03  2.288E-03  2.120E-03  1.762E-03
  297.5000  3.911E-03  4.412E-03  4.525E-03  4.225E-03  3.576E-03
  298.5000  4.854E-03  5.415E-03  5.541E-03  5.207E-03  4.475E-03
  299.5000  1.124E-02  1.241E-02  1.267E-02  1.198E-02  1.045E-02
  300.5000  1.085E-02  1.189E-02  1.211E-02  1.150E-02  1.014E-02
  301.5000  2.224E-02  2.415E-02  2.457E-02  2.345E-02  2.093E-02
  302.5000  2.832E-02  3.057E-02  3.106E-02  2.974E-02  2.675E-02
  303.5000  4.955E-02  5.312E-02  5.391E-02  5.181E-02  4.705E-02
  304.5000  5.503E-02  5.878E-02  5.959E-02  5.740E-02  5.241E-02
  305.5000  7.438E-02  7.898E-02  7.998E-02  7.729E-02  7.114E-02
  306.5000  7.848E-02  8.312E-02  8.413E-02  8.142E-02  7.520E-02
  307.5000  1.154E-01  1.217E-01  1.230E-01  1.194E-01  1.110E-01
  308.5000  1.302E-01  1.370E-01  1.385E-01  1.345E-01  1.254E-01
  309.5000  1.162E-01  1.219E-01  1.232E-01  1.199E-01  1.122E-01
  310.5000  1.598E-01  1.672E-01  1.688E-01  1.645E-01  1.545E-01
  311.5000  2.069E-01  2.162E-01  2.182E-01  2.128E-01  2.003E-01
  312.5000  2.040E-01  2.126E-01  2.144E-01  2.094E-01  1.978E-01
  313.5000  2.320E-01  2.416E-01  2.437E-01  2.381E-01  2.251E-01
  314.5000  2.338E-01  2.430E-01  2.450E-01  2.397E-01  2.273E-01
  315.5000  2.419E-01  2.513E-01  2.533E-01  2.478E-01  2.352E-01
  316.5000  2.425E-01  2.514E-01  2.533E-01  2.481E-01  2.361E-01
  317.5000  3.429E-01  3.555E-01  3.583E-01  3.510E-01  3.339E-01
  318.5000  2.712E-01  2.808E-01  2.828E-01  2.773E-01  2.644E-01
  319.5000  3.313E-01  3.429E-01  3.453E-01  3.387E-01  3.231E-01
  320.5000  4.037E-01  4.175E-01  4.205E-01  4.125E-01  3.938E-01
  321.5000  3.443E-01  3.556E-01  3.580E-01  3.515E-01  3.362E-01
  322.5000  3.455E-01  3.572E-01  3.598E-01  3.530E-01  3.372E-01
  323.5000  3.576E-01  3.691E-01  3.716E-01  3.649E-01  3.494E-01
  324.5000  4.197E-01  4.331E-01  4.360E-01  4.283E-01  4.100E-01
  325.5000  4.702E-01  4.853E-01  4.886E-01  4.798E-01  4.593E-01
  326.5000  5.703E-01  5.880E-01  5.918E-01  5.816E-01  5.575E-01
  327.5000  5.308E-01  5.474E-01  5.510E-01  5.414E-01  5.189E-01
  328.5000  4.901E-01  5.054E-01  5.087E-01  4.999E-01  4.791E-01
  329.5000  6.359E-01  6.552E-01  6.594E-01  6.482E-01  6.221E-01
  330.5000  5.780E-01  5.957E-01  5.995E-01  5.893E-01  5.653E-01
  331.5000  5.711E-01  5.887E-01  5.924E-01  5.823E-01  5.586E-01
  332.5000  5.626E-01  5.795E-01  5.831E-01  5.733E-01  5.505E-01
  333.5000  5.286E-01  5.446E-01  5.480E-01  5.388E-01  5.171E-01
  334.5000  5.906E-01  6.083E-01  6.121E-01  6.019E-01  5.779E-01
  335.5000  5.986E-01  6.164E-01  6.202E-01  6.099E-01  5.859E-01
  336.5000  4.680E-01  4.819E-01  4.848E-01  4.768E-01  4.580E-01
  337.5000  5.137E-01  5.290E-01  5.323E-01  5.234E-01  5.027E-01
  338.5000  5.421E-01  5.581E-01  5.615E-01  5.523E-01  5.306E-01
  339.5000  5.893E-01  6.066E-01  6.103E-01  6.003E-01  5.768E-01
  340.5000  6.300E-01  6.486E-01  6.525E-01  6.418E-01  6.167E-01
  341.5000  5.594E-01  5.758E-01  5.793E-01  5.699E-01  5.477E-01
  342.5000  6.197E-01  6.378E-01  6.416E-01  6.312E-01  6.067E-01
  343.5000  6.436E-01  6.624E-01  6.664E-01  6.556E-01  6.302E-01
  344.5000  4.511E-01  4.643E-01  4.671E-01  4.595E-01  4.416E-01
  345.5000  6.179E-01  6.358E-01  6.397E-01  6.293E-01  6.050E-01
  346.5000  5.780E-01  5.948E-01  5.984E-01  5.887E-01  5.660E-01
  347.5000  5.647E-01  5.810E-01  5.846E-01  5.751E-01  5.529E-01
  348.5000  6.205E-01  6.384E-01  6.423E-01  6.319E-01  6.076E-01
  349.5000  5.199E-01  5.349E-01  5.382E-01  5.295E-01  5.092E-01
  350.5000  7.279E-01  7.488E-01  7.533E-01  7.412E-01  7.128E-01
  351.5000  6.272E-01  6.453E-01  6.492E-01  6.388E-01  6.143E-01
  352.5000  5.656E-01  5.818E-01  5.853E-01  5.760E-01  5.539E-01
  353.5000  6.807E-01  7.002E-01  7.044E-01  6.932E-01  6.667E-01
  354.5000  7.366E-01  7.577E-01  7.622E-01  7.500E-01  7.215E-01
  355.5000  6.883E-01  7.079E-01  7.122E-01  7.008E-01  6.742E-01
  356.5000  6.386E-01  6.568E-01  6.608E-01  6.502E-01  6.256E-01
  357.5000  5.430E-01  5.584E-01  5.618E-01  5.528E-01  5.319E-01
  358.5000  4.189E-01  4.308E-01  4.334E-01  4.265E-01  4.104E-01
  359.5000  7.049E-01  7.249E-01  7.292E-01  7.177E-01  6.906E-01
  360.5000  6.533E-01  6.718E-01  6.758E-01  6.651E-01  6.400E-01
  361.5000  5.889E-01  6.055E-01  6.091E-01  5.995E-01  5.769E-01
  362.5000  6.914E-01  7.110E-01  7.151E-01  7.039E-01  6.774E-01
  363.5000  6.150E-01  6.323E-01  6.360E-01  6.260E-01  6.025E-01
  364.5000  6.708E-01  6.896E-01  6.937E-01  6.828E-01  6.572E-01
  365.5000  8.172E-01  8.402E-01  8.451E-01  8.318E-01  8.007E-01
  366.5000  8.647E-01  8.890E-01  8.942E-01  8.802E-01  8.473E-01
  367.5000  8.209E-01  8.439E-01  8.488E-01  8.355E-01  8.044E-01
  368.5000  7.210E-01  7.412E-01  7.455E-01  7.339E-01  7.065E-01
  369.5000  8.647E-01  8.889E-01  8.941E-01  8.801E-01  8.474E-01
  370.5000  7.844E-01  8.063E-01  8.110E-01  7.984E-01  7.687E-01
  371.5000  8.974E-01  9.224E-01  9.278E-01  9.133E-01  8.794E-01
  372.5000  6.628E-01  6.812E-01  6.852E-01  6.745E-01  6.495E-01
  373.5000  5.990E-01  6.156E-01  6.192E-01  6.096E-01  5.870E-01
  374.5000  6.573E-01  6.755E-01  6.795E-01  6.689E-01  6.442E-01
  375.5000  7.415E-01  7.620E-01  7.665E-01  7.546E-01  7.268E-01
  376.5000  7.403E-01  7.608E-01  7.652E-01  7.534E-01  7.256E-01
  377.5000  8.815E-01  9.058E-01  9.110E-01  8.970E-01  8.640E-01
  378.5000  9.606E-01  9.871E-01  9.928E-01  9.775E-01  9.416E-01
  379.5000  7.106E-01  7.302E-01  7.344E-01  7.231E-01  6.965E-01
  380.5000  8.545E-01  8.780E-01  8.830E-01  8.695E-01  8.376E-01
  381.5000  8.028E-01  8.249E-01  8.296E-01  8.169E-01  7.870E-01
  382.5000  5.349E-01  5.496E-01  5.527E-01  5.442E-01  5.243E-01
  383.5000  4.696E-01  4.825E-01  4.853E-01  4.778E-01  4.604E-01
  384.5000  7.047E-01  7.240E-01  7.281E-01  7.170E-01  6.908E-01
  385.5000  6.971E-01  7.162E-01  7.202E-01  7.092E-01  6.834E-01
  386.5000  7.105E-01  7.299E-01  7.340E-01  7.229E-01  6.966E-01
  387.5000  6.602E-01  6.782E-01  6.821E-01  6.717E-01  6.473E-01
  388.5000  6.617E-01  6.797E-01  6.836E-01  6.732E-01  6.488E-01
  389.5000  8.344E-01  8.571E-01  8.619E-01  8.488E-01  8.181E-01
  390.5000  8.195E-01  8.417E-01  8.465E-01  8.336E-01  8.035E-01
  391.5000  9.721E-01  9.984E-01  1.004E+00  9.889E-01  9.531E-01
  392.5000  7.289E-01  7.486E-01  7.528E-01  7.415E-01  7.147E-01
  393.5000  3.168E-01  3.254E-01  3.273E-01  3.223E-01  3.107E-01
  394.5000  7.455E-01  7.656E-01  7.700E-01  7.583E-01  7.310E-01
  395.5000  9.591E-01  9.850E-01  9.905E-01  9.756E-01  9.405E-01
  396.5000  5.631E-01  5.783E-01  5.816E-01  5.728E-01  5.522E-01
  397.5000  6.498E-01  6.673E-01  6.710E-01  6.609E-01  6.372E-01
  398.5000  1.116E+00  1.146E+00  1.153E+00  1.136E+00  1.095E+00
  399.5000  1.161E+00  1.192E+00  1.199E+00  1.181E+00  1.139E+00
  400.5000  1.221E+00  1.253E+00  1.260E+00  1.242E+00  1.197E+00
  401.5000  1.256E+00  1.289E+00  1.297E+00  1.277E+00  1.232E+00
  402.5000  1.304E+00  1.339E+00  1.346E+00  1.326E+00  1.279E+00
  403.5000  1.193E+00  1.225E+00  1.232E+00  1.214E+00  1.170E+00
  404.5000  1.170E+00  1.201E+00  1.208E+00  1.190E+00  1.148E+00
  405.5000  1.216E+00  1.248E+00  1.255E+00  1.236E+00  1.192E+00
  406.5000  1.145E+00  1.175E+00  1.182E+00  1.164E+00  1.123E+00
  407.5000  1.154E+00  1.185E+00  1.191E+00  1.174E+00  1.132E+00
  408.5000  1.285E+00  1.319E+00  1.327E+00  1.307E+00  1.261E+00
  409.5000  1.260E+00  1.293E+00  1.301E+00  1.281E+00  1.236E+00
  410.5000  1.093E+00  1.122E+00  1.128E+00  1.111E+00  1.072E+00
  411.5000  1.313E+00  1.348E+00  1.355E+00  1.335E+00  1.288E+00
  412.5000  1.301E+00  1.336E+00  1.343E+00  1.323E+00  1.277E+00
  413.5000  1.262E+00  1.296E+00  1.303E+00  1.283E+00  1.238E+00
  414.5000  1.297E+00  1.331E+00  1.339E+00  1.319E+00  1.273E+00
  415.5000  1.241E+00  1.273E+00  1.280E+00  1.262E+00  1.217E+00
  416.5000  1.350E+00  1.386E+00  1.393E+00  1.373E+00  1.325E+00
  417.5000  1.234E+00  1.267E+00  1.274E+00  1.255E+00  1.211E+00
  418.5000  1.244E+00  1.277E+00  1.284E+00  1.265E+00  1.220E+00
  419.5000  1.285E+00  1.319E+00  1.326E+00  1.306E+00  1.261E+00
------------------------------------------------------------
Dose rates, W m-2
   1 = UV-B, 280-315 nm                                  
   2 = UV-A, 315-400 nm                                  
   3 = Gaussian, 320 nm, 10 nm FWHM                      
   4 = RB Meter, model 501                               
   5 = DNA damage, in vitro (Setlow, 1974)               
   6 = UV index (WMO, 1994; Webb et al., 2011)           
   7 = Previtamin-D3 (CIE 2006)                          
values at z =      0.000 km
Columns: time, sza, weighting spectra
time, hrs.  sza, deg.          1          2          3          4          5          6          7
   11.0000     31.222  1.741E+00  5.358E+01  3.406E-01  5.146E-01  5.997E-03  9.829E+00  4.901E-01
   11.5000     29.071  1.828E+00  5.512E+01  3.523E-01  5.429E-01  6.472E-03  1.040E+01  5.197E-01
   12.0000     28.592  1.847E+00  5.545E+01  3.548E-01  5.490E-01  6.577E-03  1.053E+01  5.262E-01
   12.5000     29.869  1.796E+00  5.456E+01  3.480E-01  5.325E-01  6.297E-03  1.019E+01  5.088E-01
   13.0000     32.696  1.679E+00  5.248E+01  3.322E-01  4.948E-01  5.671E-03  9.429E+00  4.693E-01
------------------------------------------------------------
