Spectral Irradiance, W m-2 nm-1
values at z =      0.000 km
Columns: wavelength (nm), times (hrs.) or sza (deg.)
    wc, nm     11.000     11.500     12.000     12.500     13.000
    sza =      32.584     29.780     28.307     28.379     29.988
  280.5000  4.686E-16  1.229E-15  1.938E-15  1.896E-15  1.149E-15
  281.5000  2.106E-14  5.069E-14  7.679E-14  7.529E-14  4.769E-14
  282.5000  3.784E-13  8.467E-13  1.239E-12  1.217E-12  8.006E-13
  283.5000  2.240E-12  4.778E-12  6.837E-12  6.721E-12  4.533E-12
  284.5000  3.448E-11  6.744E-11  9.263E-11  9.125E-11  6.437E-11
  285.5000  1.631E-10  2.991E-10  3.986E-10  3.932E-10  2.868E-10
  286.5000  2.428E-09  4.240E-09  5.520E-09  5.451E-09  4.079E-09
  287.5000  1.799E-08  2.975E-08  3.774E-08  3.732E-08  2.873E-08
  288.5000  1.192E-07  1.856E-07  2.290E-07  2.267E-07  1.800E-07
  289.5000  7.984E-07  1.192E-06  1.441E-06  1.428E-06  1.159E-06
  290.5000  3.779E-06  5.444E-06  6.472E-06  6.419E-06  5.308E-06
  291.5000  1.437E-05  1.988E-05  2.319E-05  2.302E-05  1.944E-05
  292.5000  4.008E-05  5.364E-05  6.159E-05  6.118E-05  5.256E-05
  293.5000  1.327E-04  1.722E-04  1.948E-04  1.937E-04  1.691E-04
  294.5000  2.807E-04  3.553E-04  3.974E-04  3.953E-04  3.495E-04
  295.5000  7.895E-04  9.740E-04  1.076E-03  1.071E-03  9.598E-04
  296.5000  1.513E-03  1.827E-03  1.998E-03  1.989E-03  1.803E-03
  297.5000  3.148E-03  3.730E-03  4.043E-03  4.027E-03  3.686E-03
  298.5000  4.022E-03  4.691E-03  5.046E-03  5.029E-03  4.641E-03
  299.5000  9.577E-03  1.100E-02  1.175E-02  1.172E-02  1.090E-02
  300.5000  9.440E-03  1.072E-02  1.139E-02  1.136E-02  1.063E-02
  301.5000  1.979E-02  2.220E-02  2.345E-02  2.339E-02  2.202E-02
  302.5000  2.557E-02  2.845E-02  2.994E-02  2.986E-02  2.824E-02
  303.5000  4.554E-02  5.019E-02  5.256E-02  5.245E-02  4.985E-02
  304.5000  5.110E-02  5.600E-02  5.849E-02  5.837E-02  5.564E-02
  305.5000  7.011E-02  7.620E-02  7.928E-02  7.913E-02  7.575E-02
  306.5000  7.445E-02  8.063E-02  8.375E-02  8.360E-02  8.018E-02
  307.5000  1.108E-01  1.192E-01  1.234E-01  1.229E-01  1.186E-01
  308.5000  1.256E-01  1.348E-01  1.394E-01  1.392E-01  1.341E-01
  309.5000  1.131E-01  1.208E-01  1.246E-01  1.244E-01  1.202E-01
  310.5000  1.563E-01  1.664E-01  1.715E-01  1.712E-01  1.657E-01
  311.5000  2.032E-01  2.158E-01  2.222E-01  2.219E-01  2.149E-01
  312.5000  2.017E-01  2.135E-01  2.193E-01  2.190E-01  2.126E-01
  313.5000  2.298E-01  2.429E-01  2.495E-01  2.492E-01  2.420E-01
  314.5000  2.330E-01  2.455E-01  2.517E-01  2.514E-01  2.446E-01
  315.5000  2.412E-01  2.541E-01  2.604E-01  2.601E-01  2.531E-01
  316.5000  2.429E-01  2.551E-01  2.612E-01  2.609E-01  2.542E-01
  317.5000  3.435E-01  3.609E-01  3.695E-01  3.691E-01  3.596E-01
  318.5000  2.728E-01  2.859E-01  2.924E-01  2.921E-01  2.850E-01
  319.5000  3.335E-01  3.494E-01  3.573E-01  3.569E-01  3.482E-01
  320.5000  4.068E-01  4.258E-01  4.353E-01  4.348E-01  4.244E-01
  321.5000  3.482E-01  3.638E-01  3.715E-01  3.711E-01  3.626E-01
  322.5000  3.485E-01  3.646E-01  3.726E-01  3.722E-01  3.634E-01
  323.5000  3.623E-01  3.781E-01  3.859E-01  3.856E-01  3.770E-01
  324.5000  4.244E-01  4.437E-01  4.528E-01  4.524E-01  4.423E-01
  325.5000  4.760E-01  4.969E-01  5.072E-01  5.067E-01  4.954E-01
  326.5000  5.791E-01  6.035E-01  6.155E-01  6.150E-01  6.017E-01
  327.5000  5.385E-01  5.614E-01  5.728E-01  5.722E-01  5.598E-01
  328.5000  4.973E-01  5.184E-01  5.288E-01  5.283E-01  5.168E-01
  329.5000  6.466E-01  6.732E-01  6.864E-01  6.858E-01  6.713E-01
  330.5000  5.872E-01  6.115E-01  6.236E-01  6.230E-01  6.099E-01
  331.5000  5.801E-01  6.043E-01  6.162E-01  6.157E-01  6.025E-01
  332.5000  5.724E-01  5.956E-01  6.072E-01  6.066E-01  5.940E-01
  333.5000  5.374E-01  5.594E-01  5.703E-01  5.698E-01  5.579E-01
  334.5000  6.007E-01  6.251E-01  6.372E-01  6.366E-01  6.234E-01
  335.5000  6.093E-01  6.338E-01  6.459E-01  6.453E-01  6.320E-01
  336.5000  4.762E-01  4.954E-01  5.049E-01  5.044E-01  4.940E-01
  337.5000  5.225E-01  5.436E-01  5.541E-01  5.536E-01  5.421E-01
  338.5000  5.519E-01  5.739E-01  5.848E-01  5.843E-01  5.723E-01
  339.5000  6.000E-01  6.238E-01  6.357E-01  6.351E-01  6.221E-01
  340.5000  6.412E-01  6.668E-01  6.795E-01  6.789E-01  6.650E-01
  341.5000  5.697E-01  5.922E-01  6.034E-01  6.028E-01  5.906E-01
  342.5000  6.311E-01  6.560E-01  6.683E-01  6.677E-01  6.542E-01
  343.5000  6.554E-01  6.813E-01  6.941E-01  6.935E-01  6.794E-01
  344.5000  4.593E-01  4.774E-01  4.864E-01  4.860E-01  4.761E-01
  345.5000  6.294E-01  6.540E-01  6.663E-01  6.657E-01  6.523E-01
  346.5000  5.886E-01  6.117E-01  6.232E-01  6.226E-01  6.100E-01
  347.5000  5.750E-01  5.976E-01  6.087E-01  6.082E-01  5.960E-01
  348.5000  6.320E-01  6.567E-01  6.689E-01  6.683E-01  6.549E-01
  349.5000  5.295E-01  5.502E-01  5.604E-01  5.599E-01  5.487E-01
  350.5000  7.413E-01  7.702E-01  7.845E-01  7.838E-01  7.681E-01
  351.5000  6.389E-01  6.637E-01  6.760E-01  6.754E-01  6.619E-01
  352.5000  5.761E-01  5.985E-01  6.095E-01  6.090E-01  5.969E-01
  353.5000  6.934E-01  7.203E-01  7.335E-01  7.329E-01  7.183E-01
  354.5000  7.504E-01  7.794E-01  7.937E-01  7.930E-01  7.773E-01
  355.5000  7.011E-01  7.282E-01  7.416E-01  7.409E-01  7.263E-01
  356.5000  6.506E-01  6.757E-01  6.880E-01  6.874E-01  6.738E-01
  357.5000  5.531E-01  5.744E-01  5.849E-01  5.844E-01  5.729E-01
  358.5000  4.268E-01  4.432E-01  4.513E-01  4.509E-01  4.420E-01
  359.5000  7.182E-01  7.457E-01  7.593E-01  7.586E-01  7.437E-01
  360.5000  6.656E-01  6.910E-01  7.036E-01  7.030E-01  6.892E-01
  361.5000  6.000E-01  6.229E-01  6.342E-01  6.337E-01  6.212E-01
  362.5000  7.044E-01  7.313E-01  7.446E-01  7.439E-01  7.294E-01
  363.5000  6.266E-01  6.504E-01  6.622E-01  6.616E-01  6.487E-01
  364.5000  6.834E-01  7.094E-01  7.222E-01  7.216E-01  7.075E-01
  365.5000  8.326E-01  8.642E-01  8.798E-01  8.791E-01  8.619E-01
  366.5000  8.810E-01  9.144E-01  9.309E-01  9.301E-01  9.120E-01
  367.5000  8.364E-01  8.681E-01  8.837E-01  8.829E-01  8.658E-01
  368.5000  7.346E-01  7.624E-01  7.761E-01  7.755E-01  7.604E-01
  369.5000  8.811E-01  9.143E-01  9.308E-01  9.300E-01  9.119E-01
  370.5000  7.993E-01  8.294E-01  8.443E-01  8.435E-01  8.272E-01
  371.5000  9.144E-01  9.488E-01  9.658E-01  9.650E-01  9.463E-01
  372.5000  6.753E-01  7.007E-01  7.132E-01  7.126E-01  6.989E-01
  373.5000  6.103E-01  6.332E-01  6.446E-01  6.440E-01  6.316E-01
  374.5000  6.698E-01  6.949E-01  7.073E-01  7.067E-01  6.931E-01
  375.5000  7.556E-01  7.839E-01  7.978E-01  7.971E-01  7.818E-01
  376.5000  7.544E-01  7.826E-01  7.965E-01  7.958E-01  7.806E-01
  377.5000  8.982E-01  9.317E-01  9.483E-01  9.475E-01  9.293E-01
  378.5000  9.789E-01  1.015E+00  1.033E+00  1.032E+00  1.013E+00
  379.5000  7.241E-01  7.511E-01  7.644E-01  7.637E-01  7.491E-01
  380.5000  8.707E-01  9.031E-01  9.191E-01  9.183E-01  9.008E-01
  381.5000  8.181E-01  8.485E-01  8.635E-01  8.627E-01  8.463E-01
  382.5000  5.451E-01  5.653E-01  5.752E-01  5.748E-01  5.638E-01
  383.5000  4.786E-01  4.963E-01  5.050E-01  5.046E-01  4.950E-01
  384.5000  7.181E-01  7.447E-01  7.578E-01  7.571E-01  7.428E-01
  385.5000  7.104E-01  7.366E-01  7.496E-01  7.489E-01  7.347E-01
  386.5000  7.241E-01  7.508E-01  7.639E-01  7.633E-01  7.488E-01
  387.5000  6.729E-01  6.976E-01  7.098E-01  7.092E-01  6.958E-01
  388.5000  6.744E-01  6.991E-01  7.114E-01  7.108E-01  6.974E-01
  389.5000  8.503E-01  8.816E-01  8.970E-01  8.962E-01  8.793E-01
  390.5000  8.351E-01  8.658E-01  8.809E-01  8.801E-01  8.636E-01
  391.5000  9.907E-01  1.027E+00  1.045E+00  1.044E+00  1.024E+00
  392.5000  7.428E-01  7.700E-01  7.834E-01  7.827E-01  7.680E-01
  393.5000  3.229E-01  3.347E-01  3.405E-01  3.402E-01  3.339E-01
  394.5000  7.598E-01  7.875E-01  8.012E-01  8.005E-01  7.855E-01
  395.5000  9.775E-01  1.013E+00  1.031E+00  1.030E+00  1.011E+00
  396.5000  5.739E-01  5.948E-01  6.051E-01  6.046E-01  5.933E-01
  397.5000  6.622E-01  6.863E-01  6.982E-01  6.976E-01  6.846E-01
  398.5000  1.138E+00  1.179E+00  1.200E+00  1.199E+00  1.176E+00
  399.5000  1.183E+00  1.226E+00  1.248E+00  1.247E+00  1.223E+00
  400.5000  1.244E+00  1.289E+00  1.311E+00  1.310E+00  1.286E+00
  401.5000  1.280E+00  1.326E+00  1.349E+00  1.348E+00  1.323E+00
  402.5000  1.329E+00  1.377E+00  1.400E+00  1.399E+00  1.373E+00
  403.5000  1.216E+00  1.260E+00  1.282E+00  1.281E+00  1.257E+00
  404.5000  1.193E+00  1.236E+00  1.257E+00  1.256E+00  1.233E+00
  405.5000  1.239E+00  1.284E+00  1.306E+00  1.304E+00  1.280E+00
  406.5000  1.167E+00  1.209E+00  1.230E+00  1.229E+00  1.206E+00
  407.5000  1.176E+00  1.219E+00  1.239E+00  1.238E+00  1.216E+00
  408.5000  1.310E+00  1.357E+00  1.380E+00  1.379E+00  1.354E+00
  409.5000  1.284E+00  1.330E+00  1.353E+00  1.352E+00  1.327E+00
  410.5000  1.114E+00  1.153E+00  1.173E+00  1.172E+00  1.151E+00
  411.5000  1.338E+00  1.386E+00  1.410E+00  1.409E+00  1.383E+00
  412.5000  1.327E+00  1.374E+00  1.397E+00  1.396E+00  1.370E+00
  413.5000  1.287E+00  1.332E+00  1.355E+00  1.354E+00  1.329E+00
  414.5000  1.322E+00  1.369E+00  1.393E+00  1.391E+00  1.366E+00
  415.5000  1.265E+00  1.310E+00  1.332E+00  1.331E+00  1.306E+00
  416.5000  1.376E+00  1.425E+00  1.449E+00  1.448E+00  1.422E+00
  417.5000  1.258E+00  1.303E+00  1.325E+00  1.324E+00  1.300E+00
  418.5000  1.268E+00  1.313E+00  1.335E+00  1.334E+00  1.310E+00
  419.5000  1.310E+00  1.356E+00  1.379E+00  1.378E+00  1.353E+00
------------------------------------------------------------
Dose rates, W m-2
   1 = UV-B, 280-315 nm                                  
   2 = UV-A, 315-400 nm                                  
   3 = Gaussian, 320 nm, 10 nm FWHM                      
   4 = RB Meter, model 501                               
   5 = DNA damage, in vitro (Setlow, 1974)               
   6 = UV index (WMO, 1994; Webb et al., 2011)           
   7 = Previtamin-D3 (CIE 2006)                          
values at z =      0.000 km
Columns: time, sza, weighting spectra
time, hrs.  sza, deg.          1          2          3          4          5          6          7
   11.0000     32.584  1.689E+00  5.454E+01  3.430E-01  4.941E-01  5.441E-03  9.365E+00  4.640E-01
   11.5000     29.780  1.806E+00  5.665E+01  3.592E-01  5.313E-01  6.033E-03  1.011E+01  5.029E-01
   12.0000     28.307  1.865E+00  5.770E+01  3.672E-01  5.502E-01  6.342E-03  1.049E+01  5.226E-01
   12.5000     28.379  1.862E+00  5.765E+01  3.668E-01  5.491E-01  6.326E-03  1.047E+01  5.215E-01
   13.0000     29.988  1.798E+00  5.650E+01  3.580E-01  5.286E-01  5.990E-03  1.005E+01  5.000E-01
------------------------------------------------------------
