Spectral Irradiance, W m-2 nm-1
values at z =      0.000 km
Columns: wavelength (nm), times (hrs.) or sza (deg.)
    wc, nm     11.000     11.500     12.000     12.500     13.000
    sza =      58.523     57.228     56.727     57.042     58.158
  280.5000  8.869E-30  2.497E-29  4.348E-29  3.041E-29  1.116E-29
  281.5000  5.891E-27  1.707E-26  2.906E-26  2.066E-26  7.543E-27
  282.5000  1.098E-24  3.208E-24  5.325E-24  3.853E-24  1.423E-24
  283.5000  2.999E-23  8.729E-23  1.422E-22  1.042E-22  3.908E-23
  284.5000  7.849E-21  2.210E-20  3.459E-20  2.604E-20  1.025E-20
  285.5000  3.087E-19  8.321E-19  1.259E-18  9.688E-19  4.015E-19
  286.5000  2.372E-17  6.114E-17  8.997E-17  7.049E-17  3.061E-17
  287.5000  1.103E-15  2.675E-15  3.809E-15  3.048E-15  1.406E-15
  288.5000  5.463E-14  1.224E-13  1.678E-13  1.376E-13  6.836E-14
  289.5000  1.554E-12  3.269E-12  4.357E-12  3.637E-12  1.914E-12
  290.5000  2.492E-11  4.952E-11  6.441E-11  5.460E-11  3.024E-11
  291.5000  3.799E-10  7.047E-10  8.909E-10  7.689E-10  4.527E-10
  292.5000  3.310E-09  5.788E-09  7.146E-09  6.261E-09  3.881E-09
  293.5000  3.211E-08  5.299E-08  6.395E-08  5.683E-08  3.705E-08
  294.5000  1.575E-07  2.482E-07  2.941E-07  2.644E-07  1.794E-07
  295.5000  1.086E-06  1.626E-06  1.890E-06  1.720E-06  1.219E-06
  296.5000  4.377E-06  6.282E-06  7.185E-06  6.605E-06  4.856E-06
  297.5000  1.749E-05  2.417E-05  2.725E-05  2.528E-05  1.920E-05
  298.5000  3.874E-05  5.181E-05  5.771E-05  5.394E-05  4.212E-05
  299.5000  1.551E-04  2.011E-04  2.214E-04  2.084E-04  1.671E-04
  300.5000  2.274E-04  2.879E-04  3.142E-04  2.974E-04  2.434E-04
  301.5000  7.338E-04  9.052E-04  9.783E-04  9.318E-04  7.796E-04
  302.5000  1.258E-03  1.525E-03  1.638E-03  1.566E-03  1.330E-03
  303.5000  3.127E-03  3.715E-03  3.960E-03  3.805E-03  3.287E-03
  304.5000  4.253E-03  4.994E-03  5.300E-03  5.106E-03  4.455E-03
  305.5000  7.771E-03  8.964E-03  9.451E-03  9.143E-03  8.098E-03
  306.5000  9.333E-03  1.069E-02  1.123E-02  1.089E-02  9.705E-03
  307.5000  1.759E-02  1.985E-02  2.076E-02  2.018E-02  1.822E-02
  308.5000  2.183E-02  2.450E-02  2.557E-02  2.489E-02  2.257E-02
  309.5000  2.296E-02  2.552E-02  2.653E-02  2.589E-02  2.367E-02
  310.5000  3.548E-02  3.916E-02  4.061E-02  3.969E-02  3.651E-02
  311.5000  4.963E-02  5.452E-02  5.645E-02  5.523E-02  5.100E-02
  312.5000  5.613E-02  6.115E-02  6.312E-02  6.188E-02  5.753E-02
  313.5000  6.599E-02  7.175E-02  7.401E-02  7.259E-02  6.760E-02
  314.5000  7.477E-02  8.073E-02  8.307E-02  8.160E-02  7.644E-02
  315.5000  7.893E-02  8.513E-02  8.755E-02  8.602E-02  8.067E-02
  316.5000  8.661E-02  9.290E-02  9.536E-02  9.381E-02  8.838E-02
  317.5000  1.227E-01  1.316E-01  1.351E-01  1.329E-01  1.252E-01
  318.5000  1.055E-01  1.125E-01  1.153E-01  1.136E-01  1.075E-01
  319.5000  1.310E-01  1.397E-01  1.430E-01  1.409E-01  1.334E-01
  320.5000  1.628E-01  1.734E-01  1.775E-01  1.749E-01  1.658E-01
  321.5000  1.497E-01  1.587E-01  1.622E-01  1.600E-01  1.523E-01
  322.5000  1.421E-01  1.511E-01  1.547E-01  1.524E-01  1.446E-01
  323.5000  1.611E-01  1.704E-01  1.741E-01  1.718E-01  1.637E-01
  324.5000  1.886E-01  1.996E-01  2.038E-01  2.012E-01  1.917E-01
  325.5000  2.091E-01  2.214E-01  2.261E-01  2.231E-01  2.126E-01
  326.5000  2.698E-01  2.846E-01  2.903E-01  2.867E-01  2.740E-01
  327.5000  2.465E-01  2.603E-01  2.657E-01  2.623E-01  2.504E-01
  328.5000  2.280E-01  2.407E-01  2.457E-01  2.426E-01  2.316E-01
  329.5000  3.097E-01  3.262E-01  3.325E-01  3.285E-01  3.144E-01
  330.5000  2.766E-01  2.916E-01  2.974E-01  2.937E-01  2.808E-01
  331.5000  2.726E-01  2.874E-01  2.931E-01  2.895E-01  2.767E-01
  332.5000  2.776E-01  2.921E-01  2.977E-01  2.942E-01  2.817E-01
  333.5000  2.575E-01  2.712E-01  2.764E-01  2.731E-01  2.613E-01
  334.5000  2.900E-01  3.053E-01  3.112E-01  3.075E-01  2.943E-01
  335.5000  2.988E-01  3.142E-01  3.202E-01  3.165E-01  3.032E-01
  336.5000  2.328E-01  2.449E-01  2.495E-01  2.466E-01  2.362E-01
  337.5000  2.530E-01  2.663E-01  2.714E-01  2.682E-01  2.568E-01
  338.5000  2.717E-01  2.856E-01  2.910E-01  2.876E-01  2.756E-01
  339.5000  2.962E-01  3.114E-01  3.172E-01  3.135E-01  3.005E-01
  340.5000  3.152E-01  3.314E-01  3.376E-01  3.337E-01  3.197E-01
  341.5000  2.824E-01  2.968E-01  3.024E-01  2.989E-01  2.865E-01
  342.5000  3.136E-01  3.295E-01  3.357E-01  3.318E-01  3.181E-01
  343.5000  3.251E-01  3.417E-01  3.481E-01  3.441E-01  3.298E-01
  344.5000  2.274E-01  2.390E-01  2.435E-01  2.407E-01  2.307E-01
  345.5000  3.142E-01  3.301E-01  3.362E-01  3.324E-01  3.187E-01
  346.5000  2.929E-01  3.077E-01  3.134E-01  3.098E-01  2.971E-01
  347.5000  2.865E-01  3.010E-01  3.066E-01  3.031E-01  2.906E-01
  348.5000  3.157E-01  3.316E-01  3.378E-01  3.339E-01  3.202E-01
  349.5000  2.647E-01  2.781E-01  2.832E-01  2.800E-01  2.685E-01
  350.5000  3.711E-01  3.898E-01  3.970E-01  3.924E-01  3.764E-01
  351.5000  3.199E-01  3.360E-01  3.422E-01  3.383E-01  3.244E-01
  352.5000  2.889E-01  3.034E-01  3.090E-01  3.055E-01  2.930E-01
  353.5000  3.483E-01  3.658E-01  3.725E-01  3.683E-01  3.533E-01
  354.5000  3.775E-01  3.964E-01  4.037E-01  3.991E-01  3.829E-01
  355.5000  3.531E-01  3.707E-01  3.775E-01  3.733E-01  3.581E-01
  356.5000  3.279E-01  3.443E-01  3.506E-01  3.466E-01  3.326E-01
  357.5000  2.790E-01  2.929E-01  2.983E-01  2.949E-01  2.830E-01
  358.5000  2.155E-01  2.263E-01  2.304E-01  2.278E-01  2.186E-01
  359.5000  3.630E-01  3.811E-01  3.880E-01  3.836E-01  3.681E-01
  360.5000  3.368E-01  3.535E-01  3.599E-01  3.558E-01  3.415E-01
  361.5000  3.039E-01  3.190E-01  3.247E-01  3.211E-01  3.082E-01
  362.5000  3.572E-01  3.748E-01  3.816E-01  3.774E-01  3.622E-01
  363.5000  3.180E-01  3.337E-01  3.397E-01  3.359E-01  3.224E-01
  364.5000  3.471E-01  3.642E-01  3.708E-01  3.667E-01  3.520E-01
  365.5000  4.232E-01  4.441E-01  4.521E-01  4.471E-01  4.291E-01
  366.5000  4.483E-01  4.703E-01  4.788E-01  4.735E-01  4.545E-01
  367.5000  4.260E-01  4.469E-01  4.550E-01  4.499E-01  4.319E-01
  368.5000  3.745E-01  3.929E-01  3.999E-01  3.955E-01  3.797E-01
  369.5000  4.495E-01  4.715E-01  4.800E-01  4.747E-01  4.557E-01
  370.5000  4.081E-01  4.281E-01  4.358E-01  4.309E-01  4.138E-01
  371.5000  4.673E-01  4.902E-01  4.989E-01  4.934E-01  4.738E-01
  372.5000  3.454E-01  3.623E-01  3.688E-01  3.647E-01  3.502E-01
  373.5000  3.124E-01  3.277E-01  3.335E-01  3.299E-01  3.167E-01
  374.5000  3.431E-01  3.599E-01  3.663E-01  3.622E-01  3.479E-01
  375.5000  3.874E-01  4.063E-01  4.135E-01  4.090E-01  3.928E-01
  376.5000  3.871E-01  4.060E-01  4.132E-01  4.087E-01  3.925E-01
  377.5000  4.613E-01  4.837E-01  4.924E-01  4.869E-01  4.677E-01
  378.5000  5.032E-01  5.276E-01  5.369E-01  5.310E-01  5.101E-01
  379.5000  3.725E-01  3.905E-01  3.975E-01  3.931E-01  3.776E-01
  380.5000  4.483E-01  4.700E-01  4.783E-01  4.731E-01  4.544E-01
  381.5000  4.215E-01  4.419E-01  4.497E-01  4.448E-01  4.273E-01
  382.5000  2.811E-01  2.946E-01  2.999E-01  2.966E-01  2.849E-01
  383.5000  2.470E-01  2.589E-01  2.635E-01  2.606E-01  2.504E-01
  384.5000  3.709E-01  3.888E-01  3.956E-01  3.913E-01  3.760E-01
  385.5000  3.672E-01  3.849E-01  3.916E-01  3.874E-01  3.722E-01
  386.5000  3.745E-01  3.925E-01  3.995E-01  3.951E-01  3.796E-01
  387.5000  3.483E-01  3.650E-01  3.715E-01  3.674E-01  3.531E-01
  388.5000  3.494E-01  3.661E-01  3.725E-01  3.685E-01  3.541E-01
  389.5000  4.409E-01  4.620E-01  4.701E-01  4.650E-01  4.468E-01
  390.5000  4.333E-01  4.540E-01  4.620E-01  4.570E-01  4.392E-01
  391.5000  5.144E-01  5.390E-01  5.484E-01  5.425E-01  5.214E-01
  392.5000  3.860E-01  4.044E-01  4.115E-01  4.070E-01  3.912E-01
  393.5000  1.679E-01  1.759E-01  1.790E-01  1.771E-01  1.702E-01
  394.5000  3.954E-01  4.142E-01  4.214E-01  4.169E-01  4.007E-01
  395.5000  5.091E-01  5.333E-01  5.426E-01  5.367E-01  5.159E-01
  396.5000  2.991E-01  3.133E-01  3.188E-01  3.153E-01  3.031E-01
  397.5000  3.454E-01  3.618E-01  3.681E-01  3.641E-01  3.500E-01
  398.5000  5.939E-01  6.220E-01  6.328E-01  6.260E-01  6.018E-01
  399.5000  6.181E-01  6.474E-01  6.586E-01  6.515E-01  6.264E-01
  400.5000  6.502E-01  6.810E-01  6.928E-01  6.854E-01  6.590E-01
  401.5000  6.694E-01  7.010E-01  7.132E-01  7.055E-01  6.784E-01
  402.5000  6.954E-01  7.282E-01  7.408E-01  7.329E-01  7.047E-01
  403.5000  6.369E-01  6.669E-01  6.785E-01  6.712E-01  6.454E-01
  404.5000  6.251E-01  6.545E-01  6.658E-01  6.587E-01  6.334E-01
  405.5000  6.498E-01  6.803E-01  6.920E-01  6.847E-01  6.584E-01
  406.5000  6.124E-01  6.411E-01  6.522E-01  6.452E-01  6.205E-01
  407.5000  6.178E-01  6.467E-01  6.579E-01  6.509E-01  6.260E-01
  408.5000  6.884E-01  7.207E-01  7.331E-01  7.253E-01  6.976E-01
  409.5000  6.753E-01  7.069E-01  7.190E-01  7.114E-01  6.843E-01
  410.5000  5.860E-01  6.134E-01  6.239E-01  6.173E-01  5.937E-01
  411.5000  7.048E-01  7.377E-01  7.503E-01  7.424E-01  7.141E-01
  412.5000  6.990E-01  7.316E-01  7.441E-01  7.362E-01  7.082E-01
  413.5000  6.783E-01  7.099E-01  7.221E-01  7.144E-01  6.873E-01
  414.5000  6.976E-01  7.300E-01  7.425E-01  7.347E-01  7.068E-01
  415.5000  6.676E-01  6.986E-01  7.106E-01  7.031E-01  6.764E-01
  416.5000  7.270E-01  7.608E-01  7.737E-01  7.656E-01  7.366E-01
  417.5000  6.650E-01  6.958E-01  7.077E-01  7.002E-01  6.737E-01
  418.5000  6.706E-01  7.017E-01  7.136E-01  7.061E-01  6.794E-01
  419.5000  6.932E-01  7.252E-01  7.376E-01  7.298E-01  7.023E-01
------------------------------------------------------------
Dose rates, W m-2
   1 = UV-B, 280-315 nm                                  
   2 = UV-A, 315-400 nm                                  
   3 = Gaussian, 320 nm, 10 nm FWHM                      
   4 = RB Meter, model 501                               
   5 = DNA damage, in vitro (Setlow, 1974)               
   6 = UV index (WMO, 1994; Webb et al., 2011)           
   7 = Previtamin-D3 (CIE 2006)                          
values at z =      0.000 km
Columns: time, sza, weighting spectra
time, hrs.  sza, deg.          1          2          3          4          5          6          7
   11.0000     58.523  3.713E-01  2.719E+01  1.379E-01  1.044E-01  5.886E-04  2.017E+00  7.337E-02
   11.5000     57.228  4.085E-01  2.855E+01  1.468E-01  1.144E-01  6.627E-04  2.196E+00  8.192E-02
   12.0000     56.727  4.233E-01  2.908E+01  1.502E-01  1.184E-01  6.929E-04  2.268E+00  8.536E-02
   12.5000     57.042  4.140E-01  2.875E+01  1.480E-01  1.159E-01  6.738E-04  2.222E+00  8.319E-02
   13.0000     58.158  3.817E-01  2.757E+01  1.404E-01  1.072E-01  6.089E-04  2.067E+00  7.574E-02
------------------------------------------------------------
