Spectral Irradiance, W m-2 nm-1
values at z =      0.000 km
Columns: wavelength (nm), times (hrs.) or sza (deg.)
    wc, nm     11.000     11.500     12.000     12.500     13.000
    sza =      66.390     66.142     66.137     66.373     66.845
  280.5000  5.886E-22  6.041E-22  6.045E-22  5.896E-22  5.618E-22
  281.5000  5.953E-20  6.116E-20  6.119E-20  5.964E-20  5.674E-20
  282.5000  2.161E-18  2.222E-18  2.224E-18  2.165E-18  2.057E-18
  283.5000  2.017E-17  2.075E-17  2.076E-17  2.021E-17  1.917E-17
  284.5000  7.317E-16  7.543E-16  7.547E-16  7.332E-16  6.937E-16
  285.5000  6.602E-15  6.818E-15  6.823E-15  6.616E-15  6.239E-15
  286.5000  1.630E-13  1.687E-13  1.688E-13  1.634E-13  1.535E-13
  287.5000  2.162E-12  2.246E-12  2.248E-12  2.167E-12  2.024E-12
  288.5000  2.799E-11  2.925E-11  2.928E-11  2.807E-11  2.594E-11
  289.5000  3.122E-10  3.283E-10  3.286E-10  3.132E-10  2.865E-10
  290.5000  2.339E-09  2.474E-09  2.477E-09  2.347E-09  2.123E-09
  291.5000  1.573E-08  1.676E-08  1.678E-08  1.579E-08  1.409E-08
  292.5000  7.312E-08  7.830E-08  7.841E-08  7.345E-08  6.484E-08
  293.5000  4.091E-07  4.394E-07  4.400E-07  4.110E-07  3.603E-07
  294.5000  1.343E-06  1.443E-06  1.445E-06  1.349E-06  1.180E-06
  295.5000  6.217E-06  6.670E-06  6.679E-06  6.245E-06  5.468E-06
  296.5000  1.839E-05  1.968E-05  1.970E-05  1.847E-05  1.625E-05
  297.5000  5.684E-05  6.057E-05  6.065E-05  5.708E-05  5.056E-05
  298.5000  1.023E-04  1.086E-04  1.087E-04  1.027E-04  9.166E-05
  299.5000  3.394E-04  3.585E-04  3.589E-04  3.406E-04  3.065E-04
  300.5000  4.327E-04  4.553E-04  4.558E-04  4.342E-04  3.936E-04
  301.5000  1.205E-03  1.263E-03  1.264E-03  1.209E-03  1.106E-03
  302.5000  1.879E-03  1.962E-03  1.964E-03  1.884E-03  1.734E-03
  303.5000  4.189E-03  4.356E-03  4.360E-03  4.200E-03  3.892E-03
  304.5000  5.352E-03  5.553E-03  5.557E-03  5.365E-03  4.994E-03
  305.5000  8.930E-03  9.233E-03  9.240E-03  8.950E-03  8.390E-03
  306.5000  1.032E-02  1.065E-02  1.066E-02  1.034E-02  9.720E-03
  307.5000  1.809E-02  1.861E-02  1.863E-02  1.812E-02  1.714E-02
  308.5000  2.183E-02  2.244E-02  2.245E-02  2.187E-02  2.073E-02
  309.5000  2.191E-02  2.247E-02  2.249E-02  2.194E-02  2.089E-02
  310.5000  3.274E-02  3.354E-02  3.356E-02  3.280E-02  3.131E-02
  311.5000  4.482E-02  4.586E-02  4.588E-02  4.489E-02  4.293E-02
  312.5000  4.878E-02  4.983E-02  4.985E-02  4.885E-02  4.688E-02
  313.5000  5.682E-02  5.802E-02  5.804E-02  5.690E-02  5.465E-02
  314.5000  6.234E-02  6.356E-02  6.358E-02  6.243E-02  6.014E-02
  315.5000  6.544E-02  6.670E-02  6.673E-02  6.553E-02  6.316E-02
  316.5000  7.005E-02  7.131E-02  7.134E-02  7.014E-02  6.776E-02
  317.5000  9.922E-02  1.010E-01  1.010E-01  9.934E-02  9.597E-02
  318.5000  8.335E-02  8.476E-02  8.479E-02  8.344E-02  8.079E-02
  319.5000  1.031E-01  1.048E-01  1.048E-01  1.032E-01  9.994E-02
  320.5000  1.274E-01  1.295E-01  1.296E-01  1.276E-01  1.236E-01
  321.5000  1.148E-01  1.166E-01  1.166E-01  1.149E-01  1.116E-01
  322.5000  1.107E-01  1.125E-01  1.125E-01  1.108E-01  1.074E-01
  323.5000  1.224E-01  1.242E-01  1.243E-01  1.225E-01  1.191E-01
  324.5000  1.435E-01  1.456E-01  1.457E-01  1.436E-01  1.395E-01
  325.5000  1.596E-01  1.620E-01  1.621E-01  1.597E-01  1.552E-01
  326.5000  2.024E-01  2.053E-01  2.054E-01  2.026E-01  1.971E-01
  327.5000  1.860E-01  1.887E-01  1.888E-01  1.862E-01  1.811E-01
  328.5000  1.721E-01  1.746E-01  1.746E-01  1.722E-01  1.675E-01
  329.5000  2.308E-01  2.340E-01  2.341E-01  2.310E-01  2.250E-01
  330.5000  2.073E-01  2.103E-01  2.103E-01  2.075E-01  2.019E-01
  331.5000  2.046E-01  2.075E-01  2.076E-01  2.048E-01  1.993E-01
  332.5000  2.065E-01  2.093E-01  2.094E-01  2.067E-01  2.013E-01
  333.5000  1.924E-01  1.951E-01  1.951E-01  1.926E-01  1.875E-01
  334.5000  2.163E-01  2.193E-01  2.194E-01  2.165E-01  2.109E-01
  335.5000  2.220E-01  2.250E-01  2.251E-01  2.222E-01  2.165E-01
  336.5000  1.732E-01  1.756E-01  1.756E-01  1.734E-01  1.689E-01
  337.5000  1.889E-01  1.916E-01  1.916E-01  1.891E-01  1.842E-01
  338.5000  2.020E-01  2.047E-01  2.048E-01  2.022E-01  1.970E-01
  339.5000  2.202E-01  2.232E-01  2.232E-01  2.204E-01  2.147E-01
  340.5000  2.348E-01  2.380E-01  2.380E-01  2.350E-01  2.289E-01
  341.5000  2.100E-01  2.128E-01  2.129E-01  2.102E-01  2.048E-01
  342.5000  2.332E-01  2.363E-01  2.364E-01  2.334E-01  2.274E-01
  343.5000  2.420E-01  2.453E-01  2.454E-01  2.422E-01  2.361E-01
  344.5000  1.695E-01  1.718E-01  1.718E-01  1.696E-01  1.653E-01
  345.5000  2.338E-01  2.369E-01  2.370E-01  2.340E-01  2.281E-01
  346.5000  2.183E-01  2.212E-01  2.213E-01  2.185E-01  2.129E-01
  347.5000  2.136E-01  2.165E-01  2.165E-01  2.138E-01  2.084E-01
  348.5000  2.353E-01  2.385E-01  2.386E-01  2.356E-01  2.296E-01
  349.5000  1.974E-01  2.001E-01  2.002E-01  1.976E-01  1.926E-01
  350.5000  2.769E-01  2.806E-01  2.807E-01  2.771E-01  2.701E-01
  351.5000  2.388E-01  2.420E-01  2.421E-01  2.390E-01  2.330E-01
  352.5000  2.157E-01  2.186E-01  2.187E-01  2.159E-01  2.105E-01
  353.5000  2.602E-01  2.636E-01  2.637E-01  2.604E-01  2.538E-01
  354.5000  2.821E-01  2.858E-01  2.859E-01  2.823E-01  2.752E-01
  355.5000  2.639E-01  2.674E-01  2.675E-01  2.642E-01  2.575E-01
  356.5000  2.452E-01  2.485E-01  2.485E-01  2.454E-01  2.393E-01
  357.5000  2.088E-01  2.115E-01  2.116E-01  2.089E-01  2.037E-01
  358.5000  1.613E-01  1.635E-01  1.635E-01  1.615E-01  1.574E-01
  359.5000  2.718E-01  2.754E-01  2.755E-01  2.721E-01  2.652E-01
  360.5000  2.523E-01  2.556E-01  2.557E-01  2.525E-01  2.462E-01
  361.5000  2.277E-01  2.308E-01  2.308E-01  2.279E-01  2.222E-01
  362.5000  2.678E-01  2.713E-01  2.714E-01  2.680E-01  2.613E-01
  363.5000  2.385E-01  2.417E-01  2.417E-01  2.387E-01  2.327E-01
  364.5000  2.605E-01  2.639E-01  2.640E-01  2.607E-01  2.542E-01
  365.5000  3.177E-01  3.219E-01  3.220E-01  3.180E-01  3.101E-01
  366.5000  3.367E-01  3.411E-01  3.412E-01  3.370E-01  3.286E-01
  367.5000  3.201E-01  3.243E-01  3.244E-01  3.204E-01  3.124E-01
  368.5000  2.815E-01  2.852E-01  2.853E-01  2.818E-01  2.748E-01
  369.5000  3.381E-01  3.425E-01  3.426E-01  3.384E-01  3.300E-01
  370.5000  3.071E-01  3.111E-01  3.112E-01  3.074E-01  2.997E-01
  371.5000  3.518E-01  3.564E-01  3.565E-01  3.521E-01  3.434E-01
  372.5000  2.602E-01  2.636E-01  2.636E-01  2.604E-01  2.539E-01
  373.5000  2.354E-01  2.385E-01  2.386E-01  2.356E-01  2.298E-01
  374.5000  2.587E-01  2.621E-01  2.621E-01  2.589E-01  2.525E-01
  375.5000  2.922E-01  2.960E-01  2.961E-01  2.925E-01  2.852E-01
  376.5000  2.921E-01  2.959E-01  2.960E-01  2.924E-01  2.852E-01
  377.5000  3.483E-01  3.528E-01  3.529E-01  3.486E-01  3.400E-01
  378.5000  3.800E-01  3.850E-01  3.851E-01  3.804E-01  3.710E-01
  379.5000  2.815E-01  2.851E-01  2.852E-01  2.817E-01  2.748E-01
  380.5000  3.389E-01  3.433E-01  3.434E-01  3.392E-01  3.308E-01
  381.5000  3.188E-01  3.230E-01  3.230E-01  3.191E-01  3.113E-01
  382.5000  2.127E-01  2.154E-01  2.155E-01  2.129E-01  2.076E-01
  383.5000  1.870E-01  1.894E-01  1.894E-01  1.871E-01  1.825E-01
  384.5000  2.809E-01  2.845E-01  2.846E-01  2.811E-01  2.743E-01
  385.5000  2.782E-01  2.818E-01  2.819E-01  2.785E-01  2.716E-01
  386.5000  2.839E-01  2.876E-01  2.877E-01  2.842E-01  2.772E-01
  387.5000  2.642E-01  2.676E-01  2.676E-01  2.644E-01  2.579E-01
  388.5000  2.651E-01  2.685E-01  2.686E-01  2.653E-01  2.588E-01
  389.5000  3.346E-01  3.389E-01  3.390E-01  3.349E-01  3.268E-01
  390.5000  3.291E-01  3.333E-01  3.334E-01  3.293E-01  3.213E-01
  391.5000  3.908E-01  3.958E-01  3.959E-01  3.912E-01  3.816E-01
  392.5000  2.934E-01  2.971E-01  2.972E-01  2.936E-01  2.865E-01
  393.5000  1.277E-01  1.293E-01  1.294E-01  1.278E-01  1.247E-01
  394.5000  3.008E-01  3.046E-01  3.047E-01  3.011E-01  2.938E-01
  395.5000  3.874E-01  3.924E-01  3.925E-01  3.878E-01  3.784E-01
  396.5000  2.278E-01  2.307E-01  2.307E-01  2.279E-01  2.224E-01
  397.5000  2.631E-01  2.665E-01  2.665E-01  2.633E-01  2.570E-01
  398.5000  4.526E-01  4.583E-01  4.585E-01  4.530E-01  4.420E-01
  399.5000  4.713E-01  4.773E-01  4.774E-01  4.717E-01  4.603E-01
  400.5000  4.960E-01  5.023E-01  5.024E-01  4.964E-01  4.844E-01
  401.5000  5.108E-01  5.173E-01  5.174E-01  5.113E-01  4.990E-01
  402.5000  5.309E-01  5.376E-01  5.377E-01  5.313E-01  5.186E-01
  403.5000  4.864E-01  4.926E-01  4.927E-01  4.869E-01  4.752E-01
  404.5000  4.776E-01  4.836E-01  4.838E-01  4.780E-01  4.666E-01
  405.5000  4.967E-01  5.029E-01  5.031E-01  4.971E-01  4.852E-01
  406.5000  4.683E-01  4.742E-01  4.743E-01  4.687E-01  4.575E-01
  407.5000  4.726E-01  4.786E-01  4.787E-01  4.730E-01  4.617E-01
  408.5000  5.269E-01  5.335E-01  5.337E-01  5.273E-01  5.147E-01
  409.5000  5.170E-01  5.235E-01  5.237E-01  5.175E-01  5.051E-01
  410.5000  4.488E-01  4.545E-01  4.546E-01  4.492E-01  4.385E-01
  411.5000  5.400E-01  5.468E-01  5.470E-01  5.405E-01  5.276E-01
  412.5000  5.358E-01  5.425E-01  5.427E-01  5.363E-01  5.235E-01
  413.5000  5.202E-01  5.267E-01  5.268E-01  5.206E-01  5.083E-01
  414.5000  5.352E-01  5.419E-01  5.420E-01  5.356E-01  5.229E-01
  415.5000  5.124E-01  5.188E-01  5.189E-01  5.128E-01  5.007E-01
  416.5000  5.582E-01  5.652E-01  5.653E-01  5.587E-01  5.455E-01
  417.5000  5.108E-01  5.172E-01  5.173E-01  5.112E-01  4.992E-01
  418.5000  5.153E-01  5.217E-01  5.219E-01  5.158E-01  5.036E-01
  419.5000  5.328E-01  5.395E-01  5.396E-01  5.333E-01  5.207E-01
------------------------------------------------------------
Dose rates, W m-2
   1 = UV-B, 280-315 nm                                  
   2 = UV-A, 315-400 nm                                  
   3 = Gaussian, 320 nm, 10 nm FWHM                      
   4 = RB Meter, model 501                               
   5 = DNA damage, in vitro (Setlow, 1974)               
   6 = UV index (WMO, 1994; Webb et al., 2011)           
   7 = Previtamin-D3 (CIE 2006)                          
values at z =      0.000 km
Columns: time, sza, weighting spectra
time, hrs.  sza, deg.          1          2          3          4          5          6          7
   11.0000     66.390  3.402E-01  2.049E+01  1.077E-01  9.472E-02  6.213E-04  1.791E+00  7.276E-02
   11.5000     66.142  3.484E-01  2.077E+01  1.094E-01  9.698E-02  6.406E-04  1.832E+00  7.479E-02
   12.0000     66.137  3.485E-01  2.077E+01  1.095E-01  9.703E-02  6.410E-04  1.833E+00  7.483E-02
   12.5000     66.373  3.407E-01  2.051E+01  1.078E-01  9.487E-02  6.226E-04  1.794E+00  7.289E-02
   13.0000     66.845  3.254E-01  1.999E+01  1.045E-01  9.066E-02  5.871E-04  1.718E+00  6.912E-02
------------------------------------------------------------
