Spectral Irradiance, W m-2 nm-1
values at z =      0.000 km
Columns: wavelength (nm), times (hrs.) or sza (deg.)
    wc, nm     11.000     11.500     12.000     12.500     13.000
    sza =      23.081     20.894     20.906     23.114     26.977
  280.5000  7.825E-16  1.292E-15  1.288E-15  7.762E-16  2.725E-16
  281.5000  3.387E-14  5.348E-14  5.335E-14  3.362E-14  1.295E-14
  282.5000  5.894E-13  8.960E-13  8.940E-13  5.855E-13  2.442E-13
  283.5000  3.416E-12  5.066E-12  5.055E-12  3.394E-12  1.491E-12
  284.5000  5.062E-11  7.177E-11  7.163E-11  5.034E-11  2.429E-11
  285.5000  2.328E-10  3.192E-10  3.186E-10  2.316E-10  1.198E-10
  286.5000  3.392E-09  4.533E-09  4.526E-09  3.376E-09  1.843E-09
  287.5000  2.454E-08  3.188E-08  3.183E-08  2.444E-08  1.416E-08
  288.5000  1.584E-07  1.995E-07  1.992E-07  1.578E-07  9.748E-08
  289.5000  1.041E-06  1.283E-06  1.282E-06  1.038E-06  6.717E-07
  290.5000  4.852E-06  5.868E-06  5.862E-06  4.837E-06  3.255E-06
  291.5000  1.813E-05  2.146E-05  2.144E-05  1.808E-05  1.271E-05
  292.5000  4.983E-05  5.800E-05  5.795E-05  4.971E-05  3.623E-05
  293.5000  1.628E-04  1.824E-04  1.833E-04  1.624E-04  1.225E-04
  294.5000  3.406E-04  3.851E-04  3.848E-04  3.399E-04  2.632E-04
  295.5000  9.473E-04  1.057E-03  1.056E-03  9.457E-04  7.532E-04
  296.5000  1.799E-03  1.984E-03  1.983E-03  1.796E-03  1.464E-03
  297.5000  3.712E-03  4.055E-03  4.053E-03  3.707E-03  3.085E-03
  298.5000  4.711E-03  5.103E-03  5.101E-03  4.705E-03  3.984E-03
  299.5000  1.114E-02  1.198E-02  1.197E-02  1.113E-02  9.581E-03
  300.5000  1.093E-02  1.168E-02  1.168E-02  1.092E-02  9.518E-03
  301.5000  2.280E-02  2.420E-02  2.419E-02  2.278E-02  2.012E-02
  302.5000  2.936E-02  3.103E-02  3.102E-02  2.933E-02  2.615E-02
  303.5000  5.206E-02  5.476E-02  5.474E-02  5.202E-02  4.686E-02
  304.5000  5.828E-02  6.112E-02  6.110E-02  5.823E-02  5.278E-02
  305.5000  7.968E-02  8.320E-02  8.318E-02  7.962E-02  7.281E-02
  306.5000  8.448E-02  8.805E-02  8.803E-02  8.443E-02  7.751E-02
  307.5000  1.254E-01  1.302E-01  1.302E-01  1.253E-01  1.159E-01
  308.5000  1.420E-01  1.472E-01  1.472E-01  1.419E-01  1.316E-01
  309.5000  1.275E-01  1.319E-01  1.319E-01  1.275E-01  1.188E-01
  310.5000  1.760E-01  1.818E-01  1.818E-01  1.759E-01  1.646E-01
  311.5000  2.285E-01  2.358E-01  2.358E-01  2.284E-01  2.142E-01
  312.5000  2.265E-01  2.332E-01  2.331E-01  2.264E-01  2.131E-01
  313.5000  2.578E-01  2.653E-01  2.653E-01  2.577E-01  2.429E-01
  314.5000  2.610E-01  2.682E-01  2.681E-01  2.609E-01  2.468E-01
  315.5000  2.701E-01  2.775E-01  2.774E-01  2.700E-01  2.556E-01
  316.5000  2.717E-01  2.787E-01  2.786E-01  2.715E-01  2.577E-01
  317.5000  3.842E-01  3.941E-01  3.940E-01  3.840E-01  3.645E-01
  318.5000  3.048E-01  3.122E-01  3.122E-01  3.047E-01  2.899E-01
  319.5000  3.724E-01  3.815E-01  3.814E-01  3.723E-01  3.545E-01
  320.5000  4.540E-01  4.649E-01  4.648E-01  4.539E-01  4.324E-01
  321.5000  3.883E-01  3.971E-01  3.971E-01  3.881E-01  3.706E-01
  322.5000  3.887E-01  3.979E-01  3.978E-01  3.886E-01  3.704E-01
  323.5000  4.037E-01  4.127E-01  4.126E-01  4.036E-01  3.858E-01
  324.5000  4.736E-01  4.842E-01  4.841E-01  4.735E-01  4.526E-01
  325.5000  5.302E-01  5.421E-01  5.421E-01  5.301E-01  5.063E-01
  326.5000  6.446E-01  6.584E-01  6.584E-01  6.444E-01  6.170E-01
  327.5000  5.994E-01  6.124E-01  6.123E-01  5.992E-01  5.734E-01
  328.5000  5.533E-01  5.653E-01  5.653E-01  5.532E-01  5.294E-01
  329.5000  7.191E-01  7.342E-01  7.342E-01  7.189E-01  6.890E-01
  330.5000  6.530E-01  6.669E-01  6.668E-01  6.528E-01  6.254E-01
  331.5000  6.444E-01  6.588E-01  6.586E-01  6.447E-01  6.177E-01
  332.5000  6.361E-01  6.493E-01  6.492E-01  6.359E-01  6.098E-01
  333.5000  5.972E-01  6.097E-01  6.096E-01  5.971E-01  5.723E-01
  334.5000  6.673E-01  6.812E-01  6.811E-01  6.671E-01  6.397E-01
  335.5000  6.767E-01  6.906E-01  6.905E-01  6.765E-01  6.490E-01
  336.5000  5.288E-01  5.397E-01  5.396E-01  5.287E-01  5.071E-01
  337.5000  5.801E-01  5.921E-01  5.920E-01  5.799E-01  5.562E-01
  338.5000  6.125E-01  6.250E-01  6.249E-01  6.123E-01  5.876E-01
  339.5000  6.657E-01  6.792E-01  6.792E-01  6.656E-01  6.387E-01
  340.5000  7.114E-01  7.259E-01  7.258E-01  7.112E-01  6.825E-01
  341.5000  6.319E-01  6.446E-01  6.446E-01  6.317E-01  6.063E-01
  342.5000  6.998E-01  7.139E-01  7.138E-01  6.996E-01  6.716E-01
  343.5000  7.267E-01  7.413E-01  7.412E-01  7.264E-01  6.974E-01
  344.5000  5.091E-01  5.194E-01  5.193E-01  5.090E-01  4.886E-01
  345.5000  6.975E-01  7.114E-01  7.114E-01  6.973E-01  6.696E-01
  346.5000  6.522E-01  6.653E-01  6.652E-01  6.520E-01  6.261E-01
  347.5000  6.371E-01  6.498E-01  6.497E-01  6.369E-01  6.116E-01
  348.5000  7.000E-01  7.139E-01  7.139E-01  6.998E-01  6.721E-01
  349.5000  5.864E-01  5.981E-01  5.980E-01  5.863E-01  5.631E-01
  350.5000  8.208E-01  8.371E-01  8.370E-01  8.206E-01  7.882E-01
  351.5000  7.072E-01  7.212E-01  7.212E-01  7.070E-01  6.791E-01
  352.5000  6.376E-01  6.502E-01  6.502E-01  6.374E-01  6.124E-01
  353.5000  7.673E-01  7.825E-01  7.824E-01  7.671E-01  7.370E-01
  354.5000  8.302E-01  8.465E-01  8.465E-01  8.300E-01  7.974E-01
  355.5000  7.756E-01  7.908E-01  7.908E-01  7.754E-01  7.450E-01
  356.5000  7.195E-01  7.337E-01  7.336E-01  7.193E-01  6.912E-01
  357.5000  6.117E-01  6.236E-01  6.236E-01  6.115E-01  5.876E-01
  358.5000  4.718E-01  4.811E-01  4.810E-01  4.717E-01  4.533E-01
  359.5000  7.938E-01  8.093E-01  8.093E-01  7.936E-01  7.628E-01
  360.5000  7.356E-01  7.499E-01  7.498E-01  7.354E-01  7.068E-01
  361.5000  6.630E-01  6.759E-01  6.758E-01  6.628E-01  6.371E-01
  362.5000  7.783E-01  7.934E-01  7.933E-01  7.780E-01  7.480E-01
  363.5000  6.921E-01  7.055E-01  7.055E-01  6.919E-01  6.652E-01
  364.5000  7.548E-01  7.694E-01  7.693E-01  7.545E-01  7.254E-01
  365.5000  9.194E-01  9.372E-01  9.371E-01  9.191E-01  8.837E-01
  366.5000  9.727E-01  9.915E-01  9.914E-01  9.724E-01  9.350E-01
  367.5000  9.233E-01  9.411E-01  9.410E-01  9.230E-01  8.876E-01
  368.5000  8.108E-01  8.264E-01  8.263E-01  8.106E-01  7.795E-01
  369.5000  9.723E-01  9.910E-01  9.909E-01  9.720E-01  9.348E-01
  370.5000  8.818E-01  8.988E-01  8.987E-01  8.816E-01  8.479E-01
  371.5000  1.009E+00  1.028E+00  1.028E+00  1.008E+00  9.699E-01
  372.5000  7.449E-01  7.591E-01  7.591E-01  7.447E-01  7.163E-01
  373.5000  6.731E-01  6.859E-01  6.859E-01  6.729E-01  6.473E-01
  374.5000  7.385E-01  7.526E-01  7.525E-01  7.383E-01  7.102E-01
  375.5000  8.330E-01  8.489E-01  8.488E-01  8.328E-01  8.012E-01
  376.5000  8.316E-01  8.474E-01  8.473E-01  8.313E-01  7.998E-01
  377.5000  9.899E-01  1.009E+00  1.009E+00  9.897E-01  9.522E-01
  378.5000  1.079E+00  1.099E+00  1.099E+00  1.078E+00  1.038E+00
  379.5000  7.978E-01  8.129E-01  8.129E-01  7.976E-01  7.675E-01
  380.5000  9.592E-01  9.774E-01  9.773E-01  9.590E-01  9.228E-01
  381.5000  9.011E-01  9.181E-01  9.181E-01  9.009E-01  8.669E-01
  382.5000  6.003E-01  6.116E-01  6.116E-01  6.001E-01  5.776E-01
  383.5000  5.270E-01  5.369E-01  5.369E-01  5.268E-01  5.070E-01
  384.5000  7.906E-01  8.055E-01  8.054E-01  7.904E-01  7.608E-01
  385.5000  7.820E-01  7.967E-01  7.967E-01  7.818E-01  7.525E-01
  386.5000  7.969E-01  8.119E-01  8.118E-01  7.967E-01  7.669E-01
  387.5000  7.405E-01  7.544E-01  7.543E-01  7.403E-01  7.126E-01
  388.5000  7.420E-01  7.559E-01  7.559E-01  7.418E-01  7.141E-01
  389.5000  9.355E-01  9.530E-01  9.529E-01  9.353E-01  9.004E-01
  390.5000  9.187E-01  9.358E-01  9.358E-01  9.184E-01  8.842E-01
  391.5000  1.090E+00  1.110E+00  1.110E+00  1.089E+00  1.049E+00
  392.5000  8.169E-01  8.321E-01  8.321E-01  8.167E-01  7.864E-01
  393.5000  3.551E-01  3.617E-01  3.616E-01  3.550E-01  3.418E-01
  394.5000  8.353E-01  8.509E-01  8.508E-01  8.351E-01  8.042E-01
  395.5000  1.075E+00  1.095E+00  1.094E+00  1.074E+00  1.035E+00
  396.5000  6.308E-01  6.425E-01  6.425E-01  6.307E-01  6.074E-01
  397.5000  7.278E-01  7.413E-01  7.412E-01  7.276E-01  7.008E-01
  398.5000  1.250E+00  1.274E+00  1.273E+00  1.250E+00  1.204E+00
  399.5000  1.300E+00  1.324E+00  1.324E+00  1.300E+00  1.252E+00
  400.5000  1.367E+00  1.392E+00  1.392E+00  1.366E+00  1.316E+00
  401.5000  1.406E+00  1.432E+00  1.432E+00  1.406E+00  1.354E+00
  402.5000  1.459E+00  1.486E+00  1.486E+00  1.459E+00  1.405E+00
  403.5000  1.335E+00  1.360E+00  1.360E+00  1.335E+00  1.286E+00
  404.5000  1.310E+00  1.334E+00  1.334E+00  1.309E+00  1.261E+00
  405.5000  1.360E+00  1.385E+00  1.385E+00  1.360E+00  1.310E+00
  406.5000  1.281E+00  1.304E+00  1.304E+00  1.281E+00  1.234E+00
  407.5000  1.291E+00  1.315E+00  1.315E+00  1.291E+00  1.244E+00
  408.5000  1.438E+00  1.464E+00  1.464E+00  1.437E+00  1.385E+00
  409.5000  1.409E+00  1.435E+00  1.435E+00  1.409E+00  1.358E+00
  410.5000  1.222E+00  1.244E+00  1.244E+00  1.222E+00  1.177E+00
  411.5000  1.468E+00  1.495E+00  1.495E+00  1.468E+00  1.415E+00
  412.5000  1.455E+00  1.482E+00  1.482E+00  1.455E+00  1.402E+00
  413.5000  1.411E+00  1.437E+00  1.437E+00  1.411E+00  1.360E+00
  414.5000  1.450E+00  1.477E+00  1.476E+00  1.450E+00  1.397E+00
  415.5000  1.387E+00  1.412E+00  1.412E+00  1.386E+00  1.336E+00
  416.5000  1.509E+00  1.537E+00  1.536E+00  1.509E+00  1.454E+00
  417.5000  1.379E+00  1.404E+00  1.404E+00  1.379E+00  1.329E+00
  418.5000  1.390E+00  1.415E+00  1.415E+00  1.390E+00  1.340E+00
  419.5000  1.436E+00  1.462E+00  1.462E+00  1.435E+00  1.384E+00
------------------------------------------------------------
Dose rates, W m-2
   1 = UV-B, 280-315 nm                                  
   2 = UV-A, 315-400 nm                                  
   3 = Gaussian, 320 nm, 10 nm FWHM                      
   4 = RB Meter, model 501                               
   5 = DNA damage, in vitro (Setlow, 1974)               
   6 = UV index (WMO, 1994; Webb et al., 2011)           
   7 = Previtamin-D3 (CIE 2006)                          
values at z =      0.000 km
Columns: time, sza, weighting spectra
time, hrs.  sza, deg.          1          2          3          4          5          6          7
   11.0000     23.081  1.905E+00  6.028E+01  3.829E-01  5.585E-01  6.234E-03  1.060E+01  5.265E-01
   11.5000     20.894  1.973E+00  6.148E+01  3.921E-01  5.800E-01  6.578E-03  1.103E+01  5.489E-01
   12.0000     20.906  1.972E+00  6.147E+01  3.920E-01  5.799E-01  6.577E-03  1.103E+01  5.488E-01
   12.5000     23.114  1.904E+00  6.027E+01  3.828E-01  5.582E-01  6.229E-03  1.059E+01  5.262E-01
   13.0000     26.977  1.773E+00  5.789E+01  3.646E-01  5.166E-01  5.579E-03  9.765E+00  4.829E-01
------------------------------------------------------------
