Spectral Irradiance, W m-2 nm-1
values at z =      0.000 km
Columns: wavelength (nm), times (hrs.) or sza (deg.)
    wc, nm     11.000     11.500     12.000     12.500     13.000
    sza =      77.830     77.242     77.059     77.288     77.925
  280.5000  6.795E-29  7.082E-29  7.173E-29  7.059E-29  6.749E-29
  281.5000  2.648E-26  2.761E-26  2.797E-26  2.752E-26  2.630E-26
  282.5000  3.051E-24  3.183E-24  3.225E-24  3.172E-24  3.030E-24
  283.5000  6.010E-23  6.272E-23  6.355E-23  6.251E-23  5.968E-23
  284.5000  8.452E-21  8.828E-21  8.947E-21  8.797E-21  8.391E-21
  285.5000  2.060E-19  2.154E-19  2.183E-19  2.146E-19  2.045E-19
  286.5000  1.084E-17  1.134E-17  1.150E-17  1.130E-17  1.076E-17
  287.5000  3.283E-16  3.438E-16  3.487E-16  3.425E-16  3.259E-16
  288.5000  1.017E-14  1.067E-14  1.082E-14  1.063E-14  1.009E-14
  289.5000  2.068E-13  2.171E-13  2.204E-13  2.163E-13  2.052E-13
  290.5000  2.501E-12  2.629E-12  2.670E-12  2.619E-12  2.481E-12
  291.5000  2.789E-11  2.936E-11  2.984E-11  2.924E-11  2.765E-11
  292.5000  1.897E-10  2.001E-10  2.034E-10  1.992E-10  1.880E-10
  293.5000  1.471E-09  1.556E-09  1.583E-09  1.549E-09  1.458E-09
  294.5000  6.132E-09  6.496E-09  6.613E-09  6.466E-09  6.075E-09
  295.5000  3.602E-08  3.826E-08  3.898E-08  3.808E-08  3.567E-08
  296.5000  1.296E-07  1.380E-07  1.407E-07  1.373E-07  1.282E-07
  297.5000  4.763E-07  5.091E-07  5.198E-07  5.064E-07  4.711E-07
  298.5000  1.003E-06  1.076E-06  1.100E-06  1.070E-06  9.912E-07
  299.5000  3.910E-06  4.224E-06  4.328E-06  4.198E-06  3.862E-06
  300.5000  5.770E-06  6.277E-06  6.447E-06  6.234E-06  5.693E-06
  301.5000  1.945E-05  2.139E-05  2.205E-05  2.123E-05  1.915E-05
  302.5000  3.530E-05  3.920E-05  4.053E-05  3.886E-05  3.472E-05
  303.5000  9.848E-05  1.108E-04  1.150E-04  1.097E-04  9.665E-05
  304.5000  1.469E-04  1.664E-04  1.731E-04  1.648E-04  1.440E-04
  305.5000  3.245E-04  3.710E-04  3.868E-04  3.670E-04  3.176E-04
  306.5000  4.296E-04  4.922E-04  5.135E-04  4.869E-04  4.202E-04
  307.5000  1.020E-03  1.170E-03  1.220E-03  1.157E-03  9.975E-04
  308.5000  1.396E-03  1.598E-03  1.666E-03  1.581E-03  1.365E-03
  309.5000  1.775E-03  2.024E-03  2.106E-03  2.003E-03  1.737E-03
  310.5000  3.178E-03  3.604E-03  3.745E-03  3.569E-03  3.112E-03
  311.5000  4.915E-03  5.553E-03  5.762E-03  5.500E-03  4.817E-03
  312.5000  6.749E-03  7.556E-03  7.818E-03  7.489E-03  6.624E-03
  313.5000  8.298E-03  9.270E-03  9.584E-03  9.190E-03  8.147E-03
  314.5000  1.123E-02  1.242E-02  1.280E-02  1.232E-02  1.104E-02
  315.5000  1.218E-02  1.346E-02  1.387E-02  1.335E-02  1.198E-02
  316.5000  1.542E-02  1.689E-02  1.736E-02  1.677E-02  1.518E-02
  317.5000  2.182E-02  2.391E-02  2.457E-02  2.374E-02  2.149E-02
  318.5000  2.145E-02  2.331E-02  2.390E-02  2.315E-02  2.115E-02
  319.5000  2.730E-02  2.963E-02  3.036E-02  2.944E-02  2.693E-02
  320.5000  3.499E-02  3.789E-02  3.881E-02  3.765E-02  3.452E-02
  321.5000  3.649E-02  3.920E-02  4.005E-02  3.898E-02  3.605E-02
  322.5000  3.137E-02  3.391E-02  3.472E-02  3.371E-02  3.096E-02
  323.5000  4.150E-02  4.442E-02  4.534E-02  4.418E-02  4.103E-02
  324.5000  4.827E-02  5.169E-02  5.277E-02  5.141E-02  4.772E-02
  325.5000  5.240E-02  5.620E-02  5.740E-02  5.589E-02  5.179E-02
  326.5000  7.511E-02  7.999E-02  8.153E-02  7.960E-02  7.432E-02
  327.5000  6.628E-02  7.076E-02  7.217E-02  7.040E-02  6.556E-02
  328.5000  6.137E-02  6.551E-02  6.681E-02  6.517E-02  6.070E-02
  329.5000  9.016E-02  9.575E-02  9.750E-02  9.530E-02  8.927E-02
  330.5000  7.790E-02  8.292E-02  8.449E-02  8.251E-02  7.710E-02
  331.5000  7.624E-02  8.119E-02  8.274E-02  8.079E-02  7.545E-02
  332.5000  8.220E-02  8.720E-02  8.877E-02  8.680E-02  8.140E-02
  333.5000  7.439E-02  7.905E-02  8.051E-02  7.867E-02  7.364E-02
  334.5000  8.485E-02  9.009E-02  9.174E-02  8.967E-02  8.401E-02
  335.5000  8.985E-02  9.522E-02  9.691E-02  9.479E-02  8.898E-02
  336.5000  6.943E-02  7.363E-02  7.495E-02  7.329E-02  6.876E-02
  337.5000  7.403E-02  7.862E-02  8.006E-02  7.825E-02  7.329E-02
  338.5000  8.180E-02  8.670E-02  8.824E-02  8.630E-02  8.101E-02
  339.5000  8.955E-02  9.489E-02  9.656E-02  9.446E-02  8.869E-02
  340.5000  9.428E-02  9.997E-02  1.018E-01  9.951E-02  9.336E-02
  341.5000  8.575E-02  9.084E-02  9.244E-02  9.043E-02  8.493E-02
  342.5000  9.548E-02  1.011E-01  1.029E-01  1.007E-01  9.457E-02
  343.5000  9.850E-02  1.044E-01  1.062E-01  1.039E-01  9.755E-02
  344.5000  6.851E-02  7.263E-02  7.392E-02  7.229E-02  6.785E-02
  345.5000  9.605E-02  1.017E-01  1.035E-01  1.013E-01  9.514E-02
  346.5000  8.875E-02  9.406E-02  9.572E-02  9.363E-02  8.789E-02
  347.5000  8.694E-02  9.213E-02  9.376E-02  9.171E-02  8.610E-02
  348.5000  9.610E-02  1.018E-01  1.036E-01  1.014E-01  9.518E-02
  349.5000  8.056E-02  8.537E-02  8.688E-02  8.498E-02  7.979E-02
  350.5000  1.130E-01  1.198E-01  1.219E-01  1.192E-01  1.119E-01
  351.5000  9.734E-02  1.032E-01  1.050E-01  1.027E-01  9.640E-02
  352.5000  8.801E-02  9.327E-02  9.492E-02  9.285E-02  8.717E-02
  353.5000  1.063E-01  1.127E-01  1.146E-01  1.121E-01  1.053E-01
  354.5000  1.154E-01  1.223E-01  1.244E-01  1.217E-01  1.143E-01
  355.5000  1.080E-01  1.144E-01  1.164E-01  1.139E-01  1.069E-01
  356.5000  1.003E-01  1.063E-01  1.082E-01  1.058E-01  9.932E-02
  357.5000  8.533E-02  9.043E-02  9.203E-02  9.002E-02  8.451E-02
  358.5000  6.598E-02  6.992E-02  7.116E-02  6.960E-02  6.534E-02
  359.5000  1.111E-01  1.178E-01  1.199E-01  1.173E-01  1.101E-01
  360.5000  1.031E-01  1.093E-01  1.113E-01  1.088E-01  1.021E-01
  361.5000  9.315E-02  9.872E-02  1.005E-01  9.827E-02  9.225E-02
  362.5000  1.095E-01  1.161E-01  1.182E-01  1.156E-01  1.085E-01
  363.5000  9.756E-02  1.034E-01  1.052E-01  1.029E-01  9.662E-02
  364.5000  1.065E-01  1.129E-01  1.149E-01  1.124E-01  1.055E-01
  365.5000  1.299E-01  1.377E-01  1.401E-01  1.370E-01  1.286E-01
  366.5000  1.377E-01  1.459E-01  1.485E-01  1.452E-01  1.363E-01
  367.5000  1.309E-01  1.387E-01  1.412E-01  1.381E-01  1.296E-01
  368.5000  1.151E-01  1.220E-01  1.242E-01  1.215E-01  1.140E-01
  369.5000  1.382E-01  1.465E-01  1.491E-01  1.459E-01  1.369E-01
  370.5000  1.255E-01  1.331E-01  1.355E-01  1.325E-01  1.243E-01
  371.5000  1.438E-01  1.525E-01  1.552E-01  1.518E-01  1.424E-01
  372.5000  1.063E-01  1.127E-01  1.148E-01  1.122E-01  1.053E-01
  373.5000  9.622E-02  1.020E-01  1.038E-01  1.016E-01  9.528E-02
  374.5000  1.057E-01  1.121E-01  1.141E-01  1.116E-01  1.047E-01
  375.5000  1.194E-01  1.266E-01  1.289E-01  1.260E-01  1.183E-01
  376.5000  1.194E-01  1.266E-01  1.289E-01  1.260E-01  1.182E-01
  377.5000  1.423E-01  1.509E-01  1.536E-01  1.502E-01  1.409E-01
  378.5000  1.553E-01  1.647E-01  1.676E-01  1.639E-01  1.538E-01
  379.5000  1.150E-01  1.220E-01  1.242E-01  1.214E-01  1.139E-01
  380.5000  1.385E-01  1.469E-01  1.495E-01  1.462E-01  1.371E-01
  381.5000  1.303E-01  1.382E-01  1.407E-01  1.376E-01  1.290E-01
  382.5000  8.692E-02  9.219E-02  9.384E-02  9.176E-02  8.607E-02
  383.5000  7.642E-02  8.105E-02  8.250E-02  8.068E-02  7.567E-02
  384.5000  1.148E-01  1.218E-01  1.240E-01  1.212E-01  1.137E-01
  385.5000  1.137E-01  1.206E-01  1.228E-01  1.201E-01  1.126E-01
  386.5000  1.161E-01  1.231E-01  1.253E-01  1.225E-01  1.149E-01
  387.5000  1.080E-01  1.146E-01  1.166E-01  1.140E-01  1.069E-01
  388.5000  1.084E-01  1.150E-01  1.170E-01  1.144E-01  1.073E-01
  389.5000  1.368E-01  1.452E-01  1.478E-01  1.445E-01  1.355E-01
  390.5000  1.346E-01  1.428E-01  1.453E-01  1.421E-01  1.333E-01
  391.5000  1.598E-01  1.696E-01  1.726E-01  1.688E-01  1.583E-01
  392.5000  1.200E-01  1.273E-01  1.296E-01  1.267E-01  1.188E-01
  393.5000  5.224E-02  5.542E-02  5.642E-02  5.517E-02  5.173E-02
  394.5000  1.231E-01  1.306E-01  1.329E-01  1.300E-01  1.219E-01
  395.5000  1.586E-01  1.682E-01  1.712E-01  1.674E-01  1.570E-01
  396.5000  9.322E-02  9.891E-02  1.007E-01  9.845E-02  9.230E-02
  397.5000  1.077E-01  1.143E-01  1.163E-01  1.138E-01  1.066E-01
  398.5000  1.853E-01  1.966E-01  2.002E-01  1.957E-01  1.835E-01
  399.5000  1.930E-01  2.048E-01  2.085E-01  2.038E-01  1.911E-01
  400.5000  2.032E-01  2.156E-01  2.195E-01  2.146E-01  2.012E-01
  401.5000  2.093E-01  2.221E-01  2.261E-01  2.210E-01  2.072E-01
  402.5000  2.175E-01  2.308E-01  2.350E-01  2.298E-01  2.154E-01
  403.5000  1.994E-01  2.116E-01  2.154E-01  2.106E-01  1.974E-01
  404.5000  1.958E-01  2.078E-01  2.115E-01  2.068E-01  1.939E-01
  405.5000  2.037E-01  2.161E-01  2.200E-01  2.151E-01  2.017E-01
  406.5000  1.921E-01  2.038E-01  2.075E-01  2.029E-01  1.902E-01
  407.5000  1.939E-01  2.058E-01  2.095E-01  2.048E-01  1.920E-01
  408.5000  2.162E-01  2.294E-01  2.336E-01  2.284E-01  2.141E-01
  409.5000  2.122E-01  2.252E-01  2.293E-01  2.242E-01  2.101E-01
  410.5000  1.843E-01  1.956E-01  1.991E-01  1.947E-01  1.825E-01
  411.5000  2.218E-01  2.354E-01  2.396E-01  2.343E-01  2.196E-01
  412.5000  2.201E-01  2.336E-01  2.378E-01  2.325E-01  2.180E-01
  413.5000  2.138E-01  2.269E-01  2.310E-01  2.258E-01  2.117E-01
  414.5000  2.200E-01  2.335E-01  2.377E-01  2.324E-01  2.178E-01
  415.5000  2.107E-01  2.236E-01  2.277E-01  2.226E-01  2.086E-01
  416.5000  2.296E-01  2.437E-01  2.481E-01  2.425E-01  2.273E-01
  417.5000  2.102E-01  2.230E-01  2.271E-01  2.220E-01  2.081E-01
  418.5000  2.121E-01  2.251E-01  2.292E-01  2.241E-01  2.100E-01
  419.5000  2.194E-01  2.328E-01  2.371E-01  2.318E-01  2.172E-01
------------------------------------------------------------
Dose rates, W m-2
   1 = UV-B, 280-315 nm                                  
   2 = UV-A, 315-400 nm                                  
   3 = Gaussian, 320 nm, 10 nm FWHM                      
   4 = RB Meter, model 501                               
   5 = DNA damage, in vitro (Setlow, 1974)               
   6 = UV index (WMO, 1994; Webb et al., 2011)           
   7 = Previtamin-D3 (CIE 2006)                          
values at z =      0.000 km
Columns: time, sza, weighting spectra
time, hrs.  sza, deg.          1          2          3          4          5          6          7
   11.0000     77.830  3.962E-02  8.166E+00  3.091E-02  1.440E-02  5.882E-05  3.445E-01  6.629E-03
   11.5000     77.242  4.441E-02  8.668E+00  3.335E-02  1.581E-02  6.489E-05  3.733E-01  7.428E-03
   12.0000     77.059  4.597E-02  8.825E+00  3.412E-02  1.627E-02  6.687E-05  3.825E-01  7.690E-03
   12.5000     77.288  4.401E-02  8.627E+00  3.315E-02  1.570E-02  6.439E-05  3.709E-01  7.362E-03
   13.0000     77.925  3.888E-02  8.086E+00  3.052E-02  1.418E-02  5.787E-05  3.399E-01  6.506E-03
------------------------------------------------------------
