Spectral Irradiance, W m-2 nm-1
values at z =      0.000 km
Columns: wavelength (nm), times (hrs.) or sza (deg.)
    wc, nm     11.000     11.500     12.000     12.500     13.000
    sza =      15.003      9.928      7.770     10.519     15.786
  280.5000  4.742E-14  8.302E-14  9.797E-14  7.875E-14  4.254E-14
  281.5000  1.417E-12  2.361E-12  2.747E-12  2.250E-12  1.283E-12
  282.5000  1.793E-11  2.865E-11  3.292E-11  2.742E-11  1.638E-11
  283.5000  8.451E-11  1.314E-10  1.497E-10  1.260E-10  7.758E-11
  284.5000  8.593E-10  1.271E-09  1.427E-09  1.225E-09  7.965E-10
  285.5000  2.990E-09  4.261E-09  4.732E-09  4.121E-09  2.791E-09
  286.5000  3.516E-08  4.870E-08  5.363E-08  4.723E-08  3.301E-08
  287.5000  2.006E-07  2.692E-07  2.937E-07  2.618E-07  1.894E-07
  288.5000  9.996E-07  1.296E-06  1.400E-06  1.265E-06  9.505E-07
  289.5000  5.464E-06  6.915E-06  7.415E-06  6.764E-06  5.220E-06
  290.5000  2.179E-05  2.641E-05  2.879E-05  2.647E-05  2.090E-05
  291.5000  6.827E-05  8.267E-05  8.750E-05  8.119E-05  6.578E-05
  292.5000  1.625E-04  1.930E-04  2.031E-04  1.899E-04  1.571E-04
  293.5000  4.633E-04  5.406E-04  5.659E-04  5.328E-04  4.497E-04
  294.5000  8.716E-04  1.003E-03  1.045E-03  9.895E-04  8.483E-04
  295.5000  2.165E-03  2.454E-03  2.547E-03  2.425E-03  2.114E-03
  296.5000  3.743E-03  4.190E-03  4.332E-03  4.145E-03  3.663E-03
  297.5000  7.114E-03  7.876E-03  8.117E-03  7.801E-03  6.976E-03
  298.5000  8.423E-03  9.239E-03  9.497E-03  9.159E-03  8.274E-03
  299.5000  1.866E-02  2.029E-02  2.081E-02  2.013E-02  1.836E-02
  300.5000  1.741E-02  1.881E-02  1.924E-02  1.867E-02  1.715E-02
  301.5000  3.439E-02  3.688E-02  3.765E-02  3.664E-02  3.393E-02
  302.5000  4.273E-02  4.561E-02  4.650E-02  4.533E-02  4.220E-02
  303.5000  7.266E-02  7.712E-02  7.850E-02  7.669E-02  7.183E-02
  304.5000  7.938E-02  8.397E-02  8.539E-02  8.353E-02  7.852E-02
  305.5000  1.047E-01  1.102E-01  1.119E-01  1.097E-01  1.036E-01
  306.5000  1.093E-01  1.148E-01  1.165E-01  1.143E-01  1.082E-01
  307.5000  1.574E-01  1.648E-01  1.670E-01  1.641E-01  1.561E-01
  308.5000  1.762E-01  1.841E-01  1.865E-01  1.834E-01  1.747E-01
  309.5000  1.552E-01  1.617E-01  1.637E-01  1.611E-01  1.540E-01
  310.5000  2.113E-01  2.197E-01  2.223E-01  2.189E-01  2.097E-01
  311.5000  2.718E-01  2.823E-01  2.855E-01  2.813E-01  2.698E-01
  312.5000  2.649E-01  2.746E-01  2.775E-01  2.737E-01  2.631E-01
  313.5000  3.004E-01  3.112E-01  3.145E-01  3.101E-01  2.984E-01
  314.5000  2.999E-01  3.101E-01  3.132E-01  3.091E-01  2.980E-01
  315.5000  3.096E-01  3.200E-01  3.232E-01  3.190E-01  3.077E-01
  316.5000  3.080E-01  3.179E-01  3.209E-01  3.169E-01  3.061E-01
  317.5000  4.355E-01  4.494E-01  4.536E-01  4.481E-01  4.328E-01
  318.5000  3.420E-01  3.525E-01  3.557E-01  3.515E-01  3.400E-01
  319.5000  4.172E-01  4.298E-01  4.336E-01  4.286E-01  4.148E-01
  320.5000  5.073E-01  5.225E-01  5.271E-01  5.210E-01  5.044E-01
  321.5000  4.299E-01  4.423E-01  4.460E-01  4.411E-01  4.276E-01
  322.5000  4.333E-01  4.461E-01  4.500E-01  4.449E-01  4.309E-01
  323.5000  4.451E-01  4.576E-01  4.614E-01  4.564E-01  4.428E-01
  324.5000  5.223E-01  5.370E-01  5.414E-01  5.356E-01  5.196E-01
  325.5000  5.855E-01  6.020E-01  6.071E-01  6.005E-01  5.824E-01
  326.5000  7.066E-01  7.258E-01  7.316E-01  7.239E-01  7.030E-01
  327.5000  6.585E-01  6.765E-01  6.820E-01  6.748E-01  6.551E-01
  328.5000  6.078E-01  6.244E-01  6.295E-01  6.227E-01  6.046E-01
  329.5000  7.855E-01  8.064E-01  8.128E-01  8.044E-01  7.816E-01
  330.5000  7.148E-01  7.340E-01  7.398E-01  7.322E-01  7.112E-01
  331.5000  7.063E-01  7.253E-01  7.310E-01  7.235E-01  7.027E-01
  332.5000  6.938E-01  7.120E-01  7.175E-01  7.103E-01  6.903E-01
  333.5000  6.522E-01  6.696E-01  6.749E-01  6.680E-01  6.491E-01
  334.5000  7.282E-01  7.474E-01  7.532E-01  7.455E-01  7.246E-01
  335.5000  7.370E-01  7.562E-01  7.620E-01  7.543E-01  7.334E-01
  336.5000  5.762E-01  5.912E-01  5.957E-01  5.897E-01  5.733E-01
  337.5000  6.328E-01  6.494E-01  6.544E-01  6.478E-01  6.297E-01
  338.5000  6.668E-01  6.840E-01  6.893E-01  6.824E-01  6.635E-01
  339.5000  7.245E-01  7.431E-01  7.488E-01  7.414E-01  7.210E-01
  340.5000  7.747E-01  7.947E-01  8.007E-01  7.927E-01  7.709E-01
  341.5000  6.873E-01  7.049E-01  7.102E-01  7.032E-01  6.839E-01
  342.5000  7.610E-01  7.804E-01  7.863E-01  7.786E-01  7.573E-01
  343.5000  7.903E-01  8.105E-01  8.167E-01  8.086E-01  7.865E-01
  344.5000  5.539E-01  5.681E-01  5.724E-01  5.667E-01  5.512E-01
  345.5000  7.580E-01  7.773E-01  7.831E-01  7.754E-01  7.544E-01
  346.5000  7.091E-01  7.272E-01  7.326E-01  7.254E-01  7.057E-01
  347.5000  6.926E-01  7.101E-01  7.155E-01  7.085E-01  6.892E-01
  348.5000  7.607E-01  7.800E-01  7.858E-01  7.781E-01  7.571E-01
  349.5000  6.373E-01  6.534E-01  6.583E-01  6.518E-01  6.342E-01
  350.5000  8.919E-01  9.144E-01  9.212E-01  9.122E-01  8.876E-01
  351.5000  7.684E-01  7.878E-01  7.936E-01  7.859E-01  7.648E-01
  352.5000  6.927E-01  7.101E-01  7.154E-01  7.084E-01  6.894E-01
  353.5000  8.334E-01  8.543E-01  8.606E-01  8.523E-01  8.294E-01
  354.5000  9.015E-01  9.241E-01  9.309E-01  9.219E-01  8.973E-01
  355.5000  8.422E-01  8.632E-01  8.696E-01  8.612E-01  8.382E-01
  356.5000  7.812E-01  8.007E-01  8.066E-01  7.988E-01  7.775E-01
  357.5000  6.640E-01  6.806E-01  6.856E-01  6.790E-01  6.609E-01
  358.5000  5.122E-01  5.249E-01  5.288E-01  5.237E-01  5.098E-01
  359.5000  8.616E-01  8.830E-01  8.895E-01  8.810E-01  8.576E-01
  360.5000  7.983E-01  8.181E-01  8.241E-01  8.162E-01  7.946E-01
  361.5000  7.194E-01  7.372E-01  7.426E-01  7.355E-01  7.161E-01
  362.5000  8.445E-01  8.653E-01  8.717E-01  8.633E-01  8.405E-01
  363.5000  7.509E-01  7.694E-01  7.751E-01  7.677E-01  7.474E-01
  364.5000  8.188E-01  8.390E-01  8.451E-01  8.371E-01  8.150E-01
  365.5000  9.974E-01  1.022E+00  1.029E+00  1.020E+00  9.927E-01
  366.5000  1.055E+00  1.081E+00  1.089E+00  1.079E+00  1.050E+00
  367.5000  1.001E+00  1.026E+00  1.033E+00  1.024E+00  9.967E-01
  368.5000  8.793E-01  9.009E-01  9.074E-01  8.988E-01  8.753E-01
  369.5000  1.054E+00  1.080E+00  1.088E+00  1.078E+00  1.049E+00
  370.5000  9.562E-01  9.796E-01  9.866E-01  9.773E-01  9.518E-01
  371.5000  1.094E+00  1.120E+00  1.128E+00  1.118E+00  1.089E+00
  372.5000  8.076E-01  8.272E-01  8.332E-01  8.253E-01  8.038E-01
  373.5000  7.297E-01  7.474E-01  7.528E-01  7.457E-01  7.263E-01
  374.5000  8.005E-01  8.200E-01  8.259E-01  8.181E-01  7.969E-01
  375.5000  9.029E-01  9.248E-01  9.314E-01  9.227E-01  8.987E-01
  376.5000  9.013E-01  9.231E-01  9.297E-01  9.210E-01  8.971E-01
  377.5000  1.073E+00  1.099E+00  1.107E+00  1.096E+00  1.068E+00
  378.5000  1.169E+00  1.197E+00  1.206E+00  1.194E+00  1.164E+00
  379.5000  8.645E-01  8.853E-01  8.917E-01  8.833E-01  8.606E-01
  380.5000  1.039E+00  1.064E+00  1.072E+00  1.062E+00  1.035E+00
  381.5000  9.763E-01  9.998E-01  1.007E+00  9.975E-01  9.718E-01
  382.5000  6.503E-01  6.659E-01  6.707E-01  6.644E-01  6.474E-01
  383.5000  5.709E-01  5.845E-01  5.887E-01  5.832E-01  5.683E-01
  384.5000  8.564E-01  8.769E-01  8.831E-01  8.750E-01  8.525E-01
  385.5000  8.470E-01  8.673E-01  8.734E-01  8.653E-01  8.432E-01
  386.5000  8.631E-01  8.837E-01  8.900E-01  8.818E-01  8.592E-01
  387.5000  8.019E-01  8.210E-01  8.268E-01  8.192E-01  7.983E-01
  388.5000  8.035E-01  8.227E-01  8.285E-01  8.209E-01  7.999E-01
  389.5000  1.013E+00  1.037E+00  1.044E+00  1.035E+00  1.008E+00
  390.5000  9.947E-01  1.018E+00  1.026E+00  1.016E+00  9.902E-01
  391.5000  1.180E+00  1.208E+00  1.216E+00  1.205E+00  1.174E+00
  392.5000  8.844E-01  9.054E-01  9.117E-01  9.034E-01  8.804E-01
  393.5000  3.844E-01  3.935E-01  3.963E-01  3.926E-01  3.827E-01
  394.5000  9.042E-01  9.256E-01  9.321E-01  9.236E-01  9.002E-01
  395.5000  1.163E+00  1.191E+00  1.199E+00  1.188E+00  1.158E+00
  396.5000  6.828E-01  6.989E-01  7.038E-01  6.974E-01  6.797E-01
  397.5000  7.877E-01  8.063E-01  8.119E-01  8.045E-01  7.842E-01
  398.5000  1.353E+00  1.385E+00  1.395E+00  1.382E+00  1.347E+00
  399.5000  1.407E+00  1.440E+00  1.450E+00  1.437E+00  1.401E+00
  400.5000  1.479E+00  1.514E+00  1.524E+00  1.510E+00  1.472E+00
  401.5000  1.521E+00  1.557E+00  1.568E+00  1.554E+00  1.515E+00
  402.5000  1.579E+00  1.616E+00  1.627E+00  1.612E+00  1.572E+00
  403.5000  1.445E+00  1.479E+00  1.489E+00  1.475E+00  1.438E+00
  404.5000  1.417E+00  1.450E+00  1.460E+00  1.447E+00  1.411E+00
  405.5000  1.471E+00  1.506E+00  1.516E+00  1.502E+00  1.465E+00
  406.5000  1.386E+00  1.418E+00  1.428E+00  1.415E+00  1.379E+00
  407.5000  1.397E+00  1.429E+00  1.439E+00  1.426E+00  1.390E+00
  408.5000  1.555E+00  1.591E+00  1.602E+00  1.588E+00  1.548E+00
  409.5000  1.524E+00  1.560E+00  1.570E+00  1.556E+00  1.517E+00
  410.5000  1.321E+00  1.352E+00  1.362E+00  1.349E+00  1.316E+00
  411.5000  1.588E+00  1.625E+00  1.636E+00  1.621E+00  1.581E+00
  412.5000  1.574E+00  1.610E+00  1.621E+00  1.607E+00  1.567E+00
  413.5000  1.526E+00  1.561E+00  1.572E+00  1.558E+00  1.519E+00
  414.5000  1.568E+00  1.604E+00  1.615E+00  1.601E+00  1.561E+00
  415.5000  1.499E+00  1.534E+00  1.545E+00  1.531E+00  1.493E+00
  416.5000  1.632E+00  1.669E+00  1.681E+00  1.666E+00  1.624E+00
  417.5000  1.491E+00  1.526E+00  1.536E+00  1.522E+00  1.485E+00
  418.5000  1.503E+00  1.537E+00  1.548E+00  1.534E+00  1.496E+00
  419.5000  1.552E+00  1.588E+00  1.599E+00  1.584E+00  1.545E+00
------------------------------------------------------------
Dose rates, W m-2
   1 = UV-B, 280-315 nm                                  
   2 = UV-A, 315-400 nm                                  
   3 = Gaussian, 320 nm, 10 nm FWHM                      
   4 = RB Meter, model 501                               
   5 = DNA damage, in vitro (Setlow, 1974)               
   6 = UV index (WMO, 1994; Webb et al., 2011)           
   7 = Previtamin-D3 (CIE 2006)                          
values at z =      0.000 km
Columns: time, sza, weighting spectra
time, hrs.  sza, deg.          1          2          3          4          5          6          7
   11.0000     15.003  2.339E+00  6.558E+01  4.282E-01  7.056E-01  9.099E-03  1.368E+01  6.874E-01
   11.5000      9.928  2.442E+00  6.723E+01  4.410E-01  7.398E-01  9.743E-03  1.439E+01  7.238E-01
   12.0000      7.770  2.473E+00  6.773E+01  4.449E-01  7.503E-01  9.944E-03  1.461E+01  7.350E-01
   12.5000     10.519  2.432E+00  6.707E+01  4.398E-01  7.365E-01  9.680E-03  1.432E+01  7.203E-01
   13.0000     15.786  2.320E+00  6.527E+01  4.257E-01  6.992E-01  8.980E-03  1.355E+01  6.806E-01
------------------------------------------------------------
