Spectral Irradiance, W m-2 nm-1
values at z =      0.000 km
Columns: wavelength (nm), times (hrs.) or sza (deg.)
    wc, nm     11.000     11.500     12.000     12.500     13.000
    sza =      60.719     60.476     60.405     60.509     60.784
  280.5000  5.475E-34  5.743E-34  5.826E-34  5.705E-34  5.409E-34
  281.5000  7.490E-31  7.880E-31  8.002E-31  7.823E-31  7.394E-31
  282.5000  2.556E-28  2.699E-28  2.744E-28  2.678E-28  2.521E-28
  283.5000  1.024E-26  1.085E-26  1.105E-26  1.077E-26  1.009E-26
  284.5000  5.371E-24  5.745E-24  5.865E-24  5.690E-24  5.282E-24
  285.5000  3.546E-22  3.829E-22  3.921E-22  3.787E-22  3.479E-22
  286.5000  4.096E-20  4.465E-20  4.585E-20  4.410E-20  4.010E-20
  287.5000  3.067E-18  3.382E-18  3.484E-18  3.335E-18  2.993E-18
  288.5000  2.661E-16  2.969E-16  3.068E-16  2.923E-16  2.589E-16
  289.5000  1.169E-14  1.312E-14  1.358E-14  1.291E-14  1.135E-14
  290.5000  2.771E-13  3.118E-13  3.229E-13  3.068E-13  2.688E-13
  291.5000  6.783E-12  7.628E-12  7.895E-12  7.505E-12  6.579E-12
  292.5000  8.905E-11  9.975E-11  1.031E-10  9.821E-11  8.645E-11
  293.5000  1.293E-09  1.439E-09  1.484E-09  1.418E-09  1.257E-09
  294.5000  8.782E-09  9.709E-09  9.995E-09  9.577E-09  8.553E-09
  295.5000  8.635E-08  9.465E-08  9.719E-08  9.347E-08  8.428E-08
  296.5000  4.704E-07  5.115E-07  5.239E-07  5.057E-07  4.602E-07
  297.5000  2.458E-06  2.651E-06  2.710E-06  2.624E-06  2.409E-06
  298.5000  6.837E-06  7.323E-06  7.469E-06  7.255E-06  6.714E-06
  299.5000  3.402E-05  3.618E-05  3.683E-05  3.588E-05  3.346E-05
  300.5000  5.896E-05  6.237E-05  6.338E-05  6.189E-05  5.809E-05
  301.5000  2.284E-04  2.401E-04  2.436E-04  2.385E-04  2.254E-04
  302.5000  4.413E-04  4.621E-04  4.682E-04  4.592E-04  4.360E-04
  303.5000  1.265E-03  1.318E-03  1.334E-03  1.311E-03  1.252E-03
  304.5000  1.868E-03  1.941E-03  1.962E-03  1.931E-03  1.849E-03
  305.5000  3.859E-03  3.991E-03  4.030E-03  3.973E-03  3.824E-03
  306.5000  4.885E-03  5.043E-03  5.089E-03  5.021E-03  4.844E-03
  307.5000  1.019E-02  1.048E-02  1.057E-02  1.044E-02  1.011E-02
  308.5000  1.314E-02  1.350E-02  1.360E-02  1.345E-02  1.305E-02
  309.5000  1.478E-02  1.514E-02  1.525E-02  1.509E-02  1.468E-02
  310.5000  2.394E-02  2.449E-02  2.465E-02  2.442E-02  2.380E-02
  311.5000  3.456E-02  3.531E-02  3.552E-02  3.520E-02  3.436E-02
  312.5000  4.131E-02  4.212E-02  4.236E-02  4.201E-02  4.110E-02
  313.5000  4.921E-02  5.015E-02  5.043E-02  5.002E-02  4.897E-02
  314.5000  5.847E-02  5.948E-02  5.977E-02  5.934E-02  5.820E-02
  315.5000  6.222E-02  6.328E-02  6.358E-02  6.313E-02  6.194E-02
  316.5000  7.081E-02  7.192E-02  7.224E-02  7.176E-02  7.052E-02
  317.5000  1.004E-01  1.019E-01  1.024E-01  1.017E-01  9.996E-02
  318.5000  8.919E-02  9.047E-02  9.084E-02  9.029E-02  8.886E-02
  319.5000  1.115E-01  1.131E-01  1.135E-01  1.129E-01  1.111E-01
  320.5000  1.397E-01  1.416E-01  1.422E-01  1.413E-01  1.392E-01
  321.5000  1.325E-01  1.341E-01  1.346E-01  1.339E-01  1.320E-01
  322.5000  1.228E-01  1.245E-01  1.250E-01  1.243E-01  1.224E-01
  323.5000  1.445E-01  1.463E-01  1.468E-01  1.460E-01  1.441E-01
  324.5000  1.690E-01  1.711E-01  1.717E-01  1.708E-01  1.685E-01
  325.5000  1.865E-01  1.888E-01  1.894E-01  1.885E-01  1.859E-01
  326.5000  2.467E-01  2.495E-01  2.503E-01  2.491E-01  2.460E-01
  327.5000  2.237E-01  2.263E-01  2.270E-01  2.259E-01  2.230E-01
  328.5000  2.070E-01  2.094E-01  2.101E-01  2.091E-01  2.063E-01
  329.5000  2.865E-01  2.896E-01  2.905E-01  2.892E-01  2.856E-01
  330.5000  2.539E-01  2.568E-01  2.576E-01  2.564E-01  2.532E-01
  331.5000  2.499E-01  2.527E-01  2.535E-01  2.523E-01  2.492E-01
  332.5000  2.580E-01  2.607E-01  2.615E-01  2.603E-01  2.572E-01
  333.5000  2.380E-01  2.406E-01  2.413E-01  2.402E-01  2.373E-01
  334.5000  2.689E-01  2.718E-01  2.726E-01  2.714E-01  2.681E-01
  335.5000  2.789E-01  2.818E-01  2.826E-01  2.814E-01  2.781E-01
  336.5000  2.169E-01  2.192E-01  2.198E-01  2.189E-01  2.163E-01
  337.5000  2.348E-01  2.373E-01  2.380E-01  2.369E-01  2.341E-01
  338.5000  2.537E-01  2.564E-01  2.572E-01  2.560E-01  2.530E-01
  339.5000  2.770E-01  2.799E-01  2.807E-01  2.795E-01  2.762E-01
  340.5000  2.940E-01  2.971E-01  2.980E-01  2.967E-01  2.932E-01
  341.5000  2.645E-01  2.672E-01  2.680E-01  2.668E-01  2.637E-01
  342.5000  2.939E-01  2.969E-01  2.978E-01  2.965E-01  2.931E-01
  343.5000  3.044E-01  3.075E-01  3.085E-01  3.071E-01  3.036E-01
  344.5000  2.127E-01  2.149E-01  2.155E-01  2.146E-01  2.121E-01
  345.5000  2.949E-01  2.979E-01  2.988E-01  2.975E-01  2.941E-01
  346.5000  2.743E-01  2.772E-01  2.780E-01  2.768E-01  2.736E-01
  347.5000  2.685E-01  2.713E-01  2.721E-01  2.709E-01  2.678E-01
  348.5000  2.961E-01  2.992E-01  3.000E-01  2.987E-01  2.953E-01
  349.5000  2.483E-01  2.509E-01  2.516E-01  2.505E-01  2.477E-01
  350.5000  3.482E-01  3.518E-01  3.528E-01  3.513E-01  3.473E-01
  351.5000  3.001E-01  3.032E-01  3.041E-01  3.028E-01  2.993E-01
  352.5000  2.712E-01  2.739E-01  2.747E-01  2.735E-01  2.704E-01
  353.5000  3.271E-01  3.305E-01  3.314E-01  3.300E-01  3.262E-01
  354.5000  3.547E-01  3.583E-01  3.594E-01  3.578E-01  3.538E-01
  355.5000  3.319E-01  3.352E-01  3.362E-01  3.347E-01  3.310E-01
  356.5000  3.082E-01  3.113E-01  3.122E-01  3.109E-01  3.074E-01
  357.5000  2.623E-01  2.649E-01  2.657E-01  2.646E-01  2.616E-01
  358.5000  2.027E-01  2.047E-01  2.053E-01  2.044E-01  2.021E-01
  359.5000  3.414E-01  3.449E-01  3.459E-01  3.444E-01  3.405E-01
  360.5000  3.168E-01  3.200E-01  3.209E-01  3.195E-01  3.159E-01
  361.5000  2.859E-01  2.888E-01  2.896E-01  2.884E-01  2.852E-01
  362.5000  3.361E-01  3.395E-01  3.405E-01  3.391E-01  3.352E-01
  363.5000  2.993E-01  3.023E-01  3.032E-01  3.019E-01  2.985E-01
  364.5000  3.268E-01  3.301E-01  3.310E-01  3.296E-01  3.259E-01
  365.5000  3.985E-01  4.025E-01  4.036E-01  4.019E-01  3.974E-01
  366.5000  4.222E-01  4.264E-01  4.276E-01  4.258E-01  4.210E-01
  367.5000  4.012E-01  4.052E-01  4.064E-01  4.047E-01  4.002E-01
  368.5000  3.528E-01  3.563E-01  3.573E-01  3.558E-01  3.518E-01
  369.5000  4.235E-01  4.277E-01  4.290E-01  4.272E-01  4.224E-01
  370.5000  3.846E-01  3.884E-01  3.895E-01  3.879E-01  3.836E-01
  371.5000  4.404E-01  4.448E-01  4.461E-01  4.442E-01  4.393E-01
  372.5000  3.256E-01  3.288E-01  3.298E-01  3.284E-01  3.248E-01
  373.5000  2.946E-01  2.975E-01  2.983E-01  2.971E-01  2.938E-01
  374.5000  3.236E-01  3.267E-01  3.277E-01  3.263E-01  3.227E-01
  375.5000  3.654E-01  3.690E-01  3.700E-01  3.685E-01  3.644E-01
  376.5000  3.652E-01  3.688E-01  3.698E-01  3.683E-01  3.642E-01
  377.5000  4.352E-01  4.395E-01  4.407E-01  4.389E-01  4.341E-01
  378.5000  4.747E-01  4.794E-01  4.807E-01  4.787E-01  4.735E-01
  379.5000  3.515E-01  3.550E-01  3.559E-01  3.545E-01  3.506E-01
  380.5000  4.231E-01  4.272E-01  4.284E-01  4.267E-01  4.220E-01
  381.5000  3.979E-01  4.018E-01  4.029E-01  4.012E-01  3.968E-01
  382.5000  2.653E-01  2.679E-01  2.687E-01  2.676E-01  2.646E-01
  383.5000  2.332E-01  2.355E-01  2.361E-01  2.351E-01  2.326E-01
  384.5000  3.502E-01  3.536E-01  3.546E-01  3.532E-01  3.493E-01
  385.5000  3.468E-01  3.502E-01  3.511E-01  3.497E-01  3.459E-01
  386.5000  3.538E-01  3.572E-01  3.582E-01  3.567E-01  3.529E-01
  387.5000  3.290E-01  3.322E-01  3.332E-01  3.318E-01  3.282E-01
  388.5000  3.301E-01  3.333E-01  3.342E-01  3.328E-01  3.292E-01
  389.5000  4.166E-01  4.206E-01  4.218E-01  4.201E-01  4.155E-01
  390.5000  4.095E-01  4.135E-01  4.146E-01  4.129E-01  4.084E-01
  391.5000  4.862E-01  4.909E-01  4.922E-01  4.902E-01  4.849E-01
  392.5000  3.649E-01  3.684E-01  3.694E-01  3.679E-01  3.639E-01
  393.5000  1.587E-01  1.603E-01  1.607E-01  1.601E-01  1.583E-01
  394.5000  3.738E-01  3.774E-01  3.785E-01  3.769E-01  3.729E-01
  395.5000  4.814E-01  4.860E-01  4.873E-01  4.854E-01  4.801E-01
  396.5000  2.829E-01  2.856E-01  2.864E-01  2.852E-01  2.821E-01
  397.5000  3.267E-01  3.298E-01  3.307E-01  3.294E-01  3.258E-01
  398.5000  5.618E-01  5.672E-01  5.687E-01  5.664E-01  5.603E-01
  399.5000  5.848E-01  5.904E-01  5.920E-01  5.896E-01  5.833E-01
  400.5000  6.152E-01  6.211E-01  6.228E-01  6.203E-01  6.137E-01
  401.5000  6.335E-01  6.395E-01  6.412E-01  6.387E-01  6.318E-01
  402.5000  6.581E-01  6.644E-01  6.662E-01  6.635E-01  6.564E-01
  403.5000  6.028E-01  6.086E-01  6.102E-01  6.078E-01  6.013E-01
  404.5000  5.917E-01  5.973E-01  5.990E-01  5.966E-01  5.902E-01
  405.5000  6.151E-01  6.210E-01  6.227E-01  6.202E-01  6.136E-01
  406.5000  5.798E-01  5.853E-01  5.869E-01  5.845E-01  5.783E-01
  407.5000  5.850E-01  5.905E-01  5.921E-01  5.897E-01  5.835E-01
  408.5000  6.519E-01  6.581E-01  6.599E-01  6.572E-01  6.503E-01
  409.5000  6.395E-01  6.456E-01  6.473E-01  6.448E-01  6.379E-01
  410.5000  5.550E-01  5.602E-01  5.618E-01  5.595E-01  5.536E-01
  411.5000  6.676E-01  6.739E-01  6.757E-01  6.730E-01  6.659E-01
  412.5000  6.622E-01  6.684E-01  6.702E-01  6.675E-01  6.605E-01
  413.5000  6.427E-01  6.487E-01  6.505E-01  6.479E-01  6.411E-01
  414.5000  6.610E-01  6.672E-01  6.690E-01  6.663E-01  6.593E-01
  415.5000  6.326E-01  6.386E-01  6.403E-01  6.378E-01  6.311E-01
  416.5000  6.890E-01  6.954E-01  6.973E-01  6.946E-01  6.873E-01
  417.5000  6.303E-01  6.362E-01  6.379E-01  6.354E-01  6.287E-01
  418.5000  6.357E-01  6.416E-01  6.433E-01  6.408E-01  6.341E-01
  419.5000  6.571E-01  6.632E-01  6.650E-01  6.624E-01  6.554E-01
------------------------------------------------------------
Dose rates, W m-2
   1 = UV-B, 280-315 nm                                  
   2 = UV-A, 315-400 nm                                  
   3 = Gaussian, 320 nm, 10 nm FWHM                      
   4 = RB Meter, model 501                               
   5 = DNA damage, in vitro (Setlow, 1974)               
   6 = UV index (WMO, 1994; Webb et al., 2011)           
   7 = Previtamin-D3 (CIE 2006)                          
values at z =      0.000 km
Columns: time, sza, weighting spectra
time, hrs.  sza, deg.          1          2          3          4          5          6          7
   11.0000     60.719  2.583E-01  2.542E+01  1.191E-01  7.566E-02  3.651E-04  1.535E+00  4.683E-02
   11.5000     60.476  2.638E-01  2.568E+01  1.207E-01  7.713E-02  3.740E-04  1.561E+00  4.796E-02
   12.0000     60.405  2.654E-01  2.576E+01  1.212E-01  7.755E-02  3.766E-04  1.569E+00  4.829E-02
   12.5000     60.509  2.630E-01  2.565E+01  1.205E-01  7.692E-02  3.728E-04  1.558E+00  4.781E-02
   13.0000     60.784  2.568E-01  2.535E+01  1.187E-01  7.528E-02  3.628E-04  1.528E+00  4.654E-02
------------------------------------------------------------
