Spectral Irradiance, W m-2 nm-1
values at z =      0.000 km
Columns: wavelength (nm), times (hrs.) or sza (deg.)
    wc, nm     11.000     11.500     12.000     12.500     13.000
    sza =      68.667     68.405     68.308     68.382     68.625
  280.5000  9.771E-26  9.992E-26  1.007E-25  1.001E-25  9.807E-26
  281.5000  2.112E-23  2.161E-23  2.179E-23  2.165E-23  2.120E-23
  282.5000  1.470E-21  1.505E-21  1.518E-21  1.508E-21  1.475E-21
  283.5000  2.090E-20  2.140E-20  2.160E-20  2.145E-20  2.098E-20
  284.5000  1.629E-18  1.670E-18  1.685E-18  1.674E-18  1.635E-18
  285.5000  2.576E-17  2.643E-17  2.668E-17  2.649E-17  2.587E-17
  286.5000  9.745E-16  1.001E-15  1.010E-15  1.003E-15  9.786E-16
  287.5000  2.058E-14  2.115E-14  2.137E-14  2.120E-14  2.067E-14
  288.5000  4.339E-13  4.468E-13  4.517E-13  4.479E-13  4.359E-13
  289.5000  6.742E-12  6.955E-12  7.036E-12  6.974E-12  6.776E-12
  290.5000  6.560E-11  6.784E-11  6.869E-11  6.804E-11  6.596E-11
  291.5000  5.807E-10  6.030E-10  6.116E-10  6.051E-10  5.842E-10
  292.5000  3.334E-09  3.481E-09  3.538E-09  3.494E-09  3.358E-09
  293.5000  2.270E-08  2.386E-08  2.431E-08  2.396E-08  2.288E-08
  294.5000  8.776E-08  9.281E-08  9.478E-08  9.327E-08  8.855E-08
  295.5000  4.943E-07  5.263E-07  5.388E-07  5.293E-07  4.994E-07
  296.5000  1.772E-06  1.895E-06  1.943E-06  1.906E-06  1.791E-06
  297.5000  6.656E-06  7.133E-06  7.317E-06  7.176E-06  6.731E-06
  298.5000  1.443E-05  1.546E-05  1.586E-05  1.555E-05  1.459E-05
  299.5000  5.810E-05  6.212E-05  6.366E-05  6.249E-05  5.874E-05
  300.5000  8.692E-05  9.267E-05  9.486E-05  9.319E-05  8.783E-05
  301.5000  2.910E-04  3.089E-04  3.158E-04  3.106E-04  2.939E-04
  302.5000  5.142E-04  5.441E-04  5.554E-04  5.468E-04  5.190E-04
  303.5000  1.336E-03  1.407E-03  1.434E-03  1.414E-03  1.348E-03
  304.5000  1.868E-03  1.962E-03  1.997E-03  1.971E-03  1.883E-03
  305.5000  3.578E-03  3.740E-03  3.801E-03  3.754E-03  3.604E-03
  306.5000  4.386E-03  4.575E-03  4.646E-03  4.592E-03  4.416E-03
  307.5000  8.638E-03  8.973E-03  9.098E-03  9.003E-03  8.692E-03
  308.5000  1.090E-02  1.130E-02  1.146E-02  1.134E-02  1.097E-02
  309.5000  1.183E-02  1.223E-02  1.238E-02  1.226E-02  1.189E-02
  310.5000  1.869E-02  1.929E-02  1.951E-02  1.934E-02  1.879E-02
  311.5000  2.654E-02  2.735E-02  2.765E-02  2.742E-02  2.667E-02
  312.5000  3.087E-02  3.173E-02  3.204E-02  3.180E-02  3.101E-02
  313.5000  3.652E-02  3.751E-02  3.788E-02  3.760E-02  3.668E-02
  314.5000  4.242E-02  4.347E-02  4.386E-02  4.357E-02  4.260E-02
  315.5000  4.495E-02  4.605E-02  4.645E-02  4.614E-02  4.513E-02
  316.5000  5.029E-02  5.143E-02  5.185E-02  5.153E-02  5.048E-02
  317.5000  7.125E-02  7.286E-02  7.345E-02  7.300E-02  7.151E-02
  318.5000  6.234E-02  6.364E-02  6.412E-02  6.376E-02  6.255E-02
  319.5000  7.769E-02  7.929E-02  7.988E-02  7.943E-02  7.795E-02
  320.5000  9.696E-02  9.892E-02  9.964E-02  9.909E-02  9.728E-02
  321.5000  9.065E-02  9.234E-02  9.297E-02  9.249E-02  9.093E-02
  322.5000  8.495E-02  8.664E-02  8.726E-02  8.679E-02  8.522E-02
  323.5000  9.827E-02  1.000E-01  1.007E-01  1.002E-01  9.856E-02
  324.5000  1.150E-01  1.171E-01  1.178E-01  1.173E-01  1.153E-01
  325.5000  1.272E-01  1.295E-01  1.304E-01  1.297E-01  1.275E-01
  326.5000  1.663E-01  1.691E-01  1.702E-01  1.694E-01  1.668E-01
  327.5000  1.513E-01  1.540E-01  1.550E-01  1.542E-01  1.518E-01
  328.5000  1.400E-01  1.425E-01  1.434E-01  1.427E-01  1.404E-01
  329.5000  1.922E-01  1.953E-01  1.965E-01  1.956E-01  1.927E-01
  330.5000  1.710E-01  1.739E-01  1.749E-01  1.741E-01  1.715E-01
  331.5000  1.684E-01  1.713E-01  1.723E-01  1.715E-01  1.689E-01
  332.5000  1.728E-01  1.756E-01  1.766E-01  1.759E-01  1.733E-01
  333.5000  1.598E-01  1.625E-01  1.635E-01  1.627E-01  1.603E-01
  334.5000  1.804E-01  1.834E-01  1.845E-01  1.836E-01  1.809E-01
  335.5000  1.866E-01  1.896E-01  1.907E-01  1.899E-01  1.871E-01
  336.5000  1.453E-01  1.476E-01  1.485E-01  1.478E-01  1.457E-01
  337.5000  1.576E-01  1.602E-01  1.611E-01  1.604E-01  1.580E-01
  338.5000  1.699E-01  1.726E-01  1.736E-01  1.728E-01  1.703E-01
  339.5000  1.854E-01  1.884E-01  1.895E-01  1.886E-01  1.859E-01
  340.5000  1.971E-01  2.003E-01  2.014E-01  2.005E-01  1.976E-01
  341.5000  1.770E-01  1.798E-01  1.809E-01  1.801E-01  1.775E-01
  342.5000  1.967E-01  1.998E-01  2.010E-01  2.001E-01  1.972E-01
  343.5000  2.039E-01  2.072E-01  2.084E-01  2.075E-01  2.044E-01
  344.5000  1.426E-01  1.449E-01  1.457E-01  1.451E-01  1.430E-01
  345.5000  1.975E-01  2.006E-01  2.018E-01  2.009E-01  1.980E-01
  346.5000  1.839E-01  1.869E-01  1.879E-01  1.871E-01  1.844E-01
  347.5000  1.801E-01  1.829E-01  1.840E-01  1.832E-01  1.805E-01
  348.5000  1.986E-01  2.017E-01  2.029E-01  2.020E-01  1.991E-01
  349.5000  1.666E-01  1.692E-01  1.702E-01  1.695E-01  1.670E-01
  350.5000  2.337E-01  2.374E-01  2.387E-01  2.377E-01  2.343E-01
  351.5000  2.015E-01  2.047E-01  2.059E-01  2.050E-01  2.020E-01
  352.5000  1.821E-01  1.850E-01  1.860E-01  1.852E-01  1.825E-01
  353.5000  2.197E-01  2.232E-01  2.244E-01  2.235E-01  2.203E-01
  354.5000  2.383E-01  2.420E-01  2.434E-01  2.424E-01  2.389E-01
  355.5000  2.230E-01  2.265E-01  2.278E-01  2.268E-01  2.236E-01
  356.5000  2.072E-01  2.104E-01  2.117E-01  2.107E-01  2.077E-01
  357.5000  1.764E-01  1.792E-01  1.802E-01  1.794E-01  1.768E-01
  358.5000  1.363E-01  1.385E-01  1.393E-01  1.387E-01  1.367E-01
  359.5000  2.297E-01  2.333E-01  2.347E-01  2.337E-01  2.303E-01
  360.5000  2.132E-01  2.166E-01  2.178E-01  2.169E-01  2.138E-01
  361.5000  1.925E-01  1.956E-01  1.967E-01  1.958E-01  1.930E-01
  362.5000  2.264E-01  2.300E-01  2.313E-01  2.303E-01  2.270E-01
  363.5000  2.017E-01  2.048E-01  2.060E-01  2.051E-01  2.022E-01
  364.5000  2.203E-01  2.237E-01  2.250E-01  2.240E-01  2.208E-01
  365.5000  2.687E-01  2.729E-01  2.745E-01  2.733E-01  2.694E-01
  366.5000  2.848E-01  2.892E-01  2.909E-01  2.896E-01  2.855E-01
  367.5000  2.708E-01  2.750E-01  2.766E-01  2.754E-01  2.715E-01
  368.5000  2.382E-01  2.419E-01  2.433E-01  2.422E-01  2.388E-01
  369.5000  2.860E-01  2.905E-01  2.922E-01  2.909E-01  2.868E-01
  370.5000  2.598E-01  2.639E-01  2.654E-01  2.643E-01  2.605E-01
  371.5000  2.977E-01  3.023E-01  3.040E-01  3.027E-01  2.984E-01
  372.5000  2.202E-01  2.236E-01  2.249E-01  2.239E-01  2.207E-01
  373.5000  1.992E-01  2.024E-01  2.035E-01  2.026E-01  1.998E-01
  374.5000  2.190E-01  2.224E-01  2.236E-01  2.227E-01  2.195E-01
  375.5000  2.474E-01  2.512E-01  2.526E-01  2.515E-01  2.480E-01
  376.5000  2.473E-01  2.512E-01  2.526E-01  2.515E-01  2.479E-01
  377.5000  2.949E-01  2.994E-01  3.011E-01  2.999E-01  2.956E-01
  378.5000  3.218E-01  3.268E-01  3.286E-01  3.272E-01  3.226E-01
  379.5000  2.384E-01  2.420E-01  2.434E-01  2.424E-01  2.390E-01
  380.5000  2.870E-01  2.915E-01  2.931E-01  2.918E-01  2.877E-01
  381.5000  2.700E-01  2.742E-01  2.757E-01  2.746E-01  2.707E-01
  382.5000  1.802E-01  1.829E-01  1.840E-01  1.832E-01  1.806E-01
  383.5000  1.584E-01  1.608E-01  1.617E-01  1.611E-01  1.588E-01
  384.5000  2.380E-01  2.417E-01  2.430E-01  2.420E-01  2.386E-01
  385.5000  2.357E-01  2.394E-01  2.407E-01  2.397E-01  2.363E-01
  386.5000  2.406E-01  2.443E-01  2.457E-01  2.446E-01  2.412E-01
  387.5000  2.239E-01  2.273E-01  2.286E-01  2.276E-01  2.244E-01
  388.5000  2.247E-01  2.281E-01  2.294E-01  2.284E-01  2.252E-01
  389.5000  2.837E-01  2.880E-01  2.896E-01  2.884E-01  2.844E-01
  390.5000  2.790E-01  2.832E-01  2.848E-01  2.836E-01  2.797E-01
  391.5000  3.313E-01  3.364E-01  3.383E-01  3.369E-01  3.322E-01
  392.5000  2.488E-01  2.526E-01  2.540E-01  2.529E-01  2.494E-01
  393.5000  1.083E-01  1.099E-01  1.106E-01  1.101E-01  1.086E-01
  394.5000  2.551E-01  2.590E-01  2.604E-01  2.594E-01  2.557E-01
  395.5000  3.286E-01  3.336E-01  3.355E-01  3.341E-01  3.294E-01
  396.5000  1.932E-01  1.961E-01  1.972E-01  1.964E-01  1.937E-01
  397.5000  2.232E-01  2.266E-01  2.279E-01  2.269E-01  2.238E-01
  398.5000  3.840E-01  3.899E-01  3.920E-01  3.904E-01  3.850E-01
  399.5000  3.999E-01  4.060E-01  4.082E-01  4.065E-01  4.009E-01
  400.5000  4.209E-01  4.273E-01  4.297E-01  4.279E-01  4.220E-01
  401.5000  4.336E-01  4.402E-01  4.426E-01  4.407E-01  4.346E-01
  402.5000  4.506E-01  4.575E-01  4.600E-01  4.581E-01  4.518E-01
  403.5000  4.130E-01  4.192E-01  4.215E-01  4.198E-01  4.140E-01
  404.5000  4.055E-01  4.116E-01  4.139E-01  4.122E-01  4.065E-01
  405.5000  4.217E-01  4.281E-01  4.305E-01  4.287E-01  4.228E-01
  406.5000  3.977E-01  4.037E-01  4.059E-01  4.042E-01  3.987E-01
  407.5000  4.014E-01  4.074E-01  4.097E-01  4.080E-01  4.024E-01
  408.5000  4.475E-01  4.543E-01  4.568E-01  4.549E-01  4.486E-01
  409.5000  4.392E-01  4.458E-01  4.483E-01  4.464E-01  4.403E-01
  410.5000  3.813E-01  3.871E-01  3.892E-01  3.876E-01  3.823E-01
  411.5000  4.589E-01  4.658E-01  4.683E-01  4.664E-01  4.600E-01
  412.5000  4.553E-01  4.622E-01  4.647E-01  4.628E-01  4.564E-01
  413.5000  4.421E-01  4.487E-01  4.512E-01  4.493E-01  4.432E-01
  414.5000  4.549E-01  4.617E-01  4.642E-01  4.623E-01  4.560E-01
  415.5000  4.356E-01  4.421E-01  4.445E-01  4.427E-01  4.366E-01
  416.5000  4.746E-01  4.817E-01  4.843E-01  4.823E-01  4.757E-01
  417.5000  4.343E-01  4.408E-01  4.432E-01  4.414E-01  4.354E-01
  418.5000  4.382E-01  4.447E-01  4.471E-01  4.453E-01  4.393E-01
  419.5000  4.531E-01  4.599E-01  4.624E-01  4.605E-01  4.543E-01
------------------------------------------------------------
Dose rates, W m-2
   1 = UV-B, 280-315 nm                                  
   2 = UV-A, 315-400 nm                                  
   3 = Gaussian, 320 nm, 10 nm FWHM                      
   4 = RB Meter, model 501                               
   5 = DNA damage, in vitro (Setlow, 1974)               
   6 = UV index (WMO, 1994; Webb et al., 2011)           
   7 = Previtamin-D3 (CIE 2006)                          
values at z =      0.000 km
Columns: time, sza, weighting spectra
time, hrs.  sza, deg.          1          2          3          4          5          6          7
   11.0000     68.667  1.986E-01  1.720E+01  8.242E-02  5.699E-02  2.988E-04  1.131E+00  3.767E-02
   11.5000     68.405  2.046E-01  1.747E+01  8.406E-02  5.860E-02  3.093E-04  1.160E+00  3.896E-02
   12.0000     68.308  2.068E-01  1.758E+01  8.466E-02  5.920E-02  3.132E-04  1.171E+00  3.944E-02
   12.5000     68.382  2.051E-01  1.750E+01  8.420E-02  5.874E-02  3.102E-04  1.163E+00  3.907E-02
   13.0000     68.625  1.995E-01  1.724E+01  8.268E-02  5.726E-02  3.005E-04  1.136E+00  3.788E-02
------------------------------------------------------------
