Spectral Irradiance, W m-2 nm-1
values at z =      0.000 km
Columns: wavelength (nm), times (hrs.) or sza (deg.)
    wc, nm     11.000     11.500     12.000     12.500     13.000
    sza =      24.549     20.584     18.869     19.991     23.546
  280.5000  2.620E-11  4.940E-11  6.233E-11  5.368E-11  3.117E-11
  281.5000  4.305E-10  7.685E-10  9.505E-10  8.292E-10  5.046E-10
  282.5000  3.260E-09  5.553E-09  6.751E-09  5.955E-09  3.773E-09
  283.5000  1.101E-08  1.818E-08  2.186E-08  1.942E-08  1.263E-08
  284.5000  6.095E-08  9.523E-08  1.122E-07  1.010E-07  6.887E-08
  285.5000  1.353E-07  2.028E-07  2.354E-07  2.139E-07  1.512E-07
  286.5000  1.126E-06  1.636E-06  1.876E-06  1.718E-06  1.247E-06
  287.5000  4.379E-06  6.141E-06  6.954E-06  6.421E-06  4.804E-06
  288.5000  1.439E-05  1.943E-05  2.169E-05  2.021E-05  1.562E-05
  289.5000  5.839E-05  7.671E-05  8.480E-05  7.951E-05  6.292E-05
  290.5000  1.813E-04  2.327E-04  2.551E-04  2.405E-04  1.941E-04
  291.5000  4.275E-04  5.347E-04  5.806E-04  5.507E-04  4.545E-04
  292.5000  8.062E-04  9.872E-04  1.064E-03  1.014E-03  8.522E-04
  293.5000  1.848E-03  2.217E-03  2.371E-03  2.271E-03  1.942E-03
  294.5000  2.928E-03  3.460E-03  3.679E-03  3.536E-03  3.065E-03
  295.5000  6.065E-03  7.046E-03  7.386E-03  7.187E-03  6.319E-03
  296.5000  9.012E-03  1.033E-02  1.086E-02  1.051E-02  9.354E-03
  297.5000  1.500E-02  1.698E-02  1.777E-02  1.726E-02  1.552E-02
  298.5000  1.588E-02  1.779E-02  1.856E-02  1.806E-02  1.638E-02
  299.5000  3.166E-02  3.513E-02  3.651E-02  3.562E-02  3.258E-02
  300.5000  2.725E-02  3.001E-02  3.110E-02  3.039E-02  2.797E-02
  301.5000  4.930E-02  5.386E-02  5.565E-02  5.450E-02  5.051E-02
  302.5000  5.784E-02  6.286E-02  6.482E-02  6.355E-02  5.917E-02
  303.5000  9.191E-02  9.926E-02  1.021E-01  1.003E-01  9.386E-02
  304.5000  9.655E-02  1.039E-01  1.068E-01  1.049E-01  9.851E-02
  305.5000  1.202E-01  1.286E-01  1.319E-01  1.298E-01  1.224E-01
  306.5000  1.223E-01  1.306E-01  1.339E-01  1.318E-01  1.246E-01
  307.5000  1.681E-01  1.787E-01  1.828E-01  1.802E-01  1.709E-01
  308.5000  1.848E-01  1.961E-01  2.005E-01  1.976E-01  1.878E-01
  309.5000  1.577E-01  1.669E-01  1.704E-01  1.682E-01  1.602E-01
  310.5000  2.100E-01  2.217E-01  2.262E-01  2.233E-01  2.131E-01
  311.5000  2.662E-01  2.807E-01  2.862E-01  2.826E-01  2.701E-01
  312.5000  2.528E-01  2.659E-01  2.709E-01  2.677E-01  2.563E-01
  313.5000  2.849E-01  2.994E-01  3.050E-01  3.014E-01  2.888E-01
  314.5000  2.779E-01  2.917E-01  2.969E-01  2.936E-01  2.818E-01
  315.5000  2.861E-01  3.000E-01  3.053E-01  3.019E-01  2.898E-01
  316.5000  2.798E-01  2.928E-01  2.978E-01  2.946E-01  2.833E-01
  317.5000  3.955E-01  4.139E-01  4.210E-01  4.165E-01  4.005E-01
  318.5000  3.058E-01  3.196E-01  3.249E-01  3.215E-01  3.095E-01
  319.5000  3.718E-01  3.885E-01  3.948E-01  3.908E-01  3.763E-01
  320.5000  4.506E-01  4.705E-01  4.782E-01  4.733E-01  4.560E-01
  321.5000  3.764E-01  3.926E-01  3.987E-01  3.948E-01  3.808E-01
  322.5000  3.837E-01  4.005E-01  4.069E-01  4.028E-01  3.882E-01
  323.5000  3.873E-01  4.036E-01  4.099E-01  4.059E-01  3.917E-01
  324.5000  4.549E-01  4.740E-01  4.813E-01  4.766E-01  4.600E-01
  325.5000  5.112E-01  5.327E-01  5.410E-01  5.356E-01  5.169E-01
  326.5000  6.096E-01  6.346E-01  6.442E-01  6.379E-01  6.163E-01
  327.5000  5.704E-01  5.936E-01  6.029E-01  5.971E-01  5.767E-01
  328.5000  5.265E-01  5.482E-01  5.565E-01  5.511E-01  5.323E-01
  329.5000  6.746E-01  7.018E-01  7.122E-01  7.055E-01  6.819E-01
  330.5000  6.162E-01  6.412E-01  6.508E-01  6.446E-01  6.229E-01
  331.5000  6.094E-01  6.342E-01  6.436E-01  6.375E-01  6.161E-01
  332.5000  5.949E-01  6.187E-01  6.278E-01  6.219E-01  6.013E-01
  333.5000  5.610E-01  5.835E-01  5.921E-01  5.866E-01  5.671E-01
  334.5000  6.255E-01  6.505E-01  6.600E-01  6.539E-01  6.322E-01
  335.5000  6.312E-01  6.562E-01  6.658E-01  6.596E-01  6.380E-01
  336.5000  4.940E-01  5.136E-01  5.211E-01  5.163E-01  4.993E-01
  337.5000  5.438E-01  5.654E-01  5.737E-01  5.684E-01  5.496E-01
  338.5000  5.713E-01  5.938E-01  6.024E-01  5.969E-01  5.774E-01
  339.5000  6.206E-01  6.450E-01  6.543E-01  6.483E-01  6.272E-01
  340.5000  6.645E-01  6.906E-01  7.006E-01  6.941E-01  6.715E-01
  341.5000  5.887E-01  6.117E-01  6.205E-01  6.148E-01  5.948E-01
  342.5000  6.517E-01  6.771E-01  6.869E-01  6.806E-01  6.585E-01
  343.5000  6.773E-01  7.038E-01  7.139E-01  7.074E-01  6.844E-01
  344.5000  4.751E-01  4.936E-01  5.007E-01  4.961E-01  4.801E-01
  345.5000  6.493E-01  6.745E-01  6.841E-01  6.779E-01  6.560E-01
  346.5000  6.081E-01  6.317E-01  6.407E-01  6.349E-01  6.144E-01
  347.5000  5.939E-01  6.169E-01  6.257E-01  6.200E-01  6.001E-01
  348.5000  6.522E-01  6.774E-01  6.871E-01  6.809E-01  6.590E-01
  349.5000  5.465E-01  5.676E-01  5.756E-01  5.705E-01  5.522E-01
  350.5000  7.649E-01  7.944E-01  8.056E-01  7.984E-01  7.728E-01
  351.5000  6.592E-01  6.846E-01  6.943E-01  6.880E-01  6.660E-01
  352.5000  5.943E-01  6.171E-01  6.258E-01  6.202E-01  6.004E-01
  353.5000  7.150E-01  7.424E-01  7.529E-01  7.461E-01  7.224E-01
  354.5000  7.735E-01  8.031E-01  8.144E-01  8.071E-01  7.814E-01
  355.5000  7.226E-01  7.503E-01  7.608E-01  7.540E-01  7.301E-01
  356.5000  6.705E-01  6.960E-01  7.058E-01  6.995E-01  6.774E-01
  357.5000  5.700E-01  5.917E-01  6.000E-01  5.947E-01  5.759E-01
  358.5000  4.397E-01  4.564E-01  4.628E-01  4.587E-01  4.442E-01
  359.5000  7.398E-01  7.679E-01  7.787E-01  7.717E-01  7.474E-01
  360.5000  6.856E-01  7.116E-01  7.215E-01  7.151E-01  6.926E-01
  361.5000  6.179E-01  6.413E-01  6.502E-01  6.445E-01  6.242E-01
  362.5000  7.254E-01  7.528E-01  7.633E-01  7.565E-01  7.328E-01
  363.5000  6.451E-01  6.695E-01  6.788E-01  6.728E-01  6.517E-01
  364.5000  7.036E-01  7.301E-01  7.402E-01  7.337E-01  7.107E-01
  365.5000  8.571E-01  8.894E-01  9.017E-01  8.938E-01  8.658E-01
  366.5000  9.069E-01  9.410E-01  9.540E-01  9.456E-01  9.160E-01
  367.5000  8.608E-01  8.931E-01  9.054E-01  8.975E-01  8.695E-01
  368.5000  7.560E-01  7.844E-01  7.952E-01  7.882E-01  7.636E-01
  369.5000  9.066E-01  9.406E-01  9.535E-01  9.452E-01  9.158E-01
  370.5000  8.224E-01  8.531E-01  8.648E-01  8.573E-01  8.306E-01
  371.5000  9.407E-01  9.758E-01  9.892E-01  9.806E-01  9.502E-01
  372.5000  6.947E-01  7.206E-01  7.305E-01  7.241E-01  7.017E-01
  373.5000  6.278E-01  6.512E-01  6.601E-01  6.544E-01  6.341E-01
  374.5000  6.889E-01  7.145E-01  7.243E-01  7.180E-01  6.958E-01
  375.5000  7.771E-01  8.059E-01  8.169E-01  8.099E-01  7.848E-01
  376.5000  7.758E-01  8.046E-01  8.155E-01  8.085E-01  7.835E-01
  377.5000  9.236E-01  9.578E-01  9.709E-01  9.625E-01  9.328E-01
  378.5000  1.006E+00  1.044E+00  1.058E+00  1.049E+00  1.016E+00
  379.5000  7.445E-01  7.720E-01  7.825E-01  7.757E-01  7.519E-01
  380.5000  8.951E-01  9.282E-01  9.407E-01  9.326E-01  9.040E-01
  381.5000  8.410E-01  8.720E-01  8.838E-01  8.762E-01  8.493E-01
  382.5000  5.603E-01  5.809E-01  5.887E-01  5.837E-01  5.658E-01
  383.5000  4.919E-01  5.099E-01  5.168E-01  5.124E-01  4.967E-01
  384.5000  7.380E-01  7.651E-01  7.754E-01  7.688E-01  7.453E-01
  385.5000  7.300E-01  7.568E-01  7.670E-01  7.604E-01  7.372E-01
  386.5000  7.440E-01  7.713E-01  7.816E-01  7.750E-01  7.513E-01
  387.5000  6.913E-01  7.166E-01  7.263E-01  7.200E-01  6.981E-01
  388.5000  6.928E-01  7.181E-01  7.278E-01  7.216E-01  6.996E-01
  389.5000  8.736E-01  9.054E-01  9.176E-01  9.098E-01  8.821E-01
  390.5000  8.579E-01  8.891E-01  9.011E-01  8.934E-01  8.663E-01
  391.5000  1.018E+00  1.055E+00  1.069E+00  1.060E+00  1.028E+00
  392.5000  7.630E-01  7.907E-01  8.013E-01  7.945E-01  7.704E-01
  393.5000  3.316E-01  3.437E-01  3.483E-01  3.453E-01  3.349E-01
  394.5000  7.803E-01  8.086E-01  8.194E-01  8.124E-01  7.879E-01
  395.5000  1.004E+00  1.040E+00  1.054E+00  1.045E+00  1.014E+00
  396.5000  5.893E-01  6.107E-01  6.188E-01  6.136E-01  5.951E-01
  397.5000  6.800E-01  7.045E-01  7.139E-01  7.079E-01  6.866E-01
  398.5000  1.168E+00  1.210E+00  1.227E+00  1.216E+00  1.180E+00
  399.5000  1.215E+00  1.259E+00  1.276E+00  1.265E+00  1.227E+00
  400.5000  1.277E+00  1.323E+00  1.341E+00  1.329E+00  1.290E+00
  401.5000  1.314E+00  1.361E+00  1.379E+00  1.368E+00  1.327E+00
  402.5000  1.364E+00  1.413E+00  1.432E+00  1.420E+00  1.377E+00
  403.5000  1.248E+00  1.293E+00  1.310E+00  1.299E+00  1.260E+00
  404.5000  1.224E+00  1.268E+00  1.285E+00  1.274E+00  1.236E+00
  405.5000  1.271E+00  1.317E+00  1.334E+00  1.323E+00  1.284E+00
  406.5000  1.197E+00  1.240E+00  1.257E+00  1.246E+00  1.209E+00
  407.5000  1.207E+00  1.250E+00  1.267E+00  1.256E+00  1.219E+00
  408.5000  1.344E+00  1.392E+00  1.411E+00  1.399E+00  1.357E+00
  409.5000  1.318E+00  1.365E+00  1.383E+00  1.371E+00  1.330E+00
  410.5000  1.143E+00  1.183E+00  1.199E+00  1.189E+00  1.154E+00
  411.5000  1.373E+00  1.422E+00  1.441E+00  1.429E+00  1.386E+00
  412.5000  1.361E+00  1.409E+00  1.428E+00  1.416E+00  1.374E+00
  413.5000  1.320E+00  1.367E+00  1.384E+00  1.373E+00  1.332E+00
  414.5000  1.356E+00  1.404E+00  1.423E+00  1.411E+00  1.369E+00
  415.5000  1.297E+00  1.343E+00  1.361E+00  1.349E+00  1.310E+00
  416.5000  1.412E+00  1.462E+00  1.481E+00  1.468E+00  1.425E+00
  417.5000  1.290E+00  1.336E+00  1.353E+00  1.342E+00  1.303E+00
  418.5000  1.300E+00  1.346E+00  1.364E+00  1.353E+00  1.313E+00
  419.5000  1.343E+00  1.391E+00  1.409E+00  1.397E+00  1.356E+00
------------------------------------------------------------
Dose rates, W m-2
   1 = UV-B, 280-315 nm                                  
   2 = UV-A, 315-400 nm                                  
   3 = Gaussian, 320 nm, 10 nm FWHM                      
   4 = RB Meter, model 501                               
   5 = DNA damage, in vitro (Setlow, 1974)               
   6 = UV index (WMO, 1994; Webb et al., 2011)           
   7 = Previtamin-D3 (CIE 2006)                          
values at z =      0.000 km
Columns: time, sza, weighting spectra
time, hrs.  sza, deg.          1          2          3          4          5          6          7
   11.0000     24.549  2.452E+00  5.654E+01  3.810E-01  7.896E-01  1.361E-02  1.620E+01  8.070E-01
   11.5000     20.584  2.605E+00  5.871E+01  3.980E-01  8.454E-01  1.504E-02  1.746E+01  8.676E-01
   12.0000     18.869  2.664E+00  5.953E+01  4.045E-01  8.671E-01  1.560E-02  1.795E+01  8.912E-01
   12.5000     19.991  2.626E+00  5.900E+01  4.003E-01  8.531E-01  1.524E-02  1.763E+01  8.760E-01
   13.0000     23.546  2.493E+00  5.712E+01  3.856E-01  8.044E-01  1.398E-02  1.653E+01  8.231E-01
------------------------------------------------------------
