Spectral Irradiance, W m-2 nm-1
values at z =      0.000 km
Columns: wavelength (nm), times (hrs.) or sza (deg.)
    wc, nm     11.000     11.500     12.000     12.500     13.000
    sza =      88.079     87.642     87.423     87.426     87.647
  280.5000  4.018E-36  4.352E-36  4.516E-36  4.515E-36  4.348E-36
  281.5000  6.574E-33  7.117E-33  7.385E-33  7.383E-33  7.111E-33
  282.5000  2.593E-30  2.807E-30  2.912E-30  2.911E-30  2.804E-30
  283.5000  1.134E-28  1.228E-28  1.274E-28  1.273E-28  1.227E-28
  284.5000  6.831E-26  7.389E-26  7.665E-26  7.662E-26  7.382E-26
  285.5000  4.867E-24  5.263E-24  5.459E-24  5.457E-24  5.258E-24
  286.5000  5.824E-22  6.297E-22  6.531E-22  6.529E-22  6.292E-22
  287.5000  4.384E-20  4.739E-20  4.915E-20  4.913E-20  4.735E-20
  288.5000  3.636E-18  3.930E-18  4.075E-18  4.074E-18  3.926E-18
  289.5000  1.489E-16  1.609E-16  1.669E-16  1.668E-16  1.608E-16
  290.5000  3.234E-15  3.496E-15  3.626E-15  3.625E-15  3.493E-15
  291.5000  6.964E-14  7.528E-14  7.809E-14  7.806E-14  7.522E-14
  292.5000  8.075E-13  8.732E-13  9.059E-13  9.056E-13  8.725E-13
  293.5000  1.028E-11  1.112E-11  1.154E-11  1.154E-11  1.111E-11
  294.5000  6.276E-11  6.793E-11  7.052E-11  7.049E-11  6.788E-11
  295.5000  5.486E-10  5.942E-10  6.171E-10  6.168E-10  5.937E-10
  296.5000  2.719E-09  2.948E-09  3.063E-09  3.062E-09  2.945E-09
  297.5000  1.311E-08  1.423E-08  1.479E-08  1.478E-08  1.421E-08
  298.5000  3.429E-08  3.726E-08  3.876E-08  3.874E-08  3.723E-08
  299.5000  1.617E-07  1.760E-07  1.832E-07  1.831E-07  1.758E-07
  300.5000  2.716E-07  2.960E-07  3.084E-07  3.083E-07  2.958E-07
  301.5000  1.027E-06  1.122E-06  1.170E-06  1.169E-06  1.121E-06
  302.5000  1.970E-06  2.155E-06  2.249E-06  2.248E-06  2.153E-06
  303.5000  5.674E-06  6.225E-06  6.507E-06  6.504E-06  6.219E-06
  304.5000  8.461E-06  9.301E-06  9.732E-06  9.728E-06  9.292E-06
  305.5000  1.804E-05  1.991E-05  2.087E-05  2.086E-05  1.989E-05
  306.5000  2.329E-05  2.574E-05  2.701E-05  2.700E-05  2.572E-05
  307.5000  5.148E-05  5.719E-05  6.016E-05  6.013E-05  5.712E-05
  308.5000  6.846E-05  7.621E-05  8.025E-05  8.021E-05  7.612E-05
  309.5000  8.241E-05  9.218E-05  9.730E-05  9.725E-05  9.207E-05
  310.5000  1.429E-04  1.605E-04  1.697E-04  1.696E-04  1.603E-04
  311.5000  2.169E-04  2.444E-04  2.589E-04  2.588E-04  2.441E-04
  312.5000  2.950E-04  3.351E-04  3.565E-04  3.563E-04  3.346E-04
  313.5000  3.643E-04  4.146E-04  4.416E-04  4.413E-04  4.140E-04
  314.5000  5.131E-04  5.905E-04  6.325E-04  6.321E-04  5.896E-04
  315.5000  5.654E-04  6.518E-04  6.988E-04  6.983E-04  6.508E-04
  316.5000  7.875E-04  9.187E-04  9.910E-04  9.902E-04  9.172E-04
  317.5000  1.114E-03  1.299E-03  1.401E-03  1.400E-03  1.297E-03
  318.5000  1.286E-03  1.516E-03  1.644E-03  1.642E-03  1.514E-03
  319.5000  1.706E-03  2.014E-03  2.185E-03  2.183E-03  2.011E-03
  320.5000  2.300E-03  2.722E-03  2.954E-03  2.952E-03  2.717E-03
  321.5000  3.196E-03  3.784E-03  4.103E-03  4.100E-03  3.777E-03
  322.5000  2.167E-03  2.568E-03  2.789E-03  2.786E-03  2.564E-03
  323.5000  4.260E-03  5.024E-03  5.435E-03  5.430E-03  5.015E-03
  324.5000  4.859E-03  5.733E-03  6.204E-03  6.199E-03  5.723E-03
  325.5000  4.945E-03  5.848E-03  6.336E-03  6.331E-03  5.837E-03
  326.5000  1.005E-02  1.170E-02  1.258E-02  1.257E-02  1.168E-02
  327.5000  7.837E-03  9.186E-03  9.906E-03  9.899E-03  9.171E-03
  328.5000  7.258E-03  8.511E-03  9.179E-03  9.172E-03  8.496E-03
  329.5000  1.432E-02  1.650E-02  1.765E-02  1.764E-02  1.648E-02
  330.5000  1.087E-02  1.263E-02  1.356E-02  1.355E-02  1.261E-02
  331.5000  1.035E-02  1.205E-02  1.295E-02  1.294E-02  1.203E-02
  332.5000  1.399E-02  1.605E-02  1.712E-02  1.711E-02  1.602E-02
  333.5000  1.144E-02  1.322E-02  1.415E-02  1.414E-02  1.320E-02
  334.5000  1.373E-02  1.580E-02  1.689E-02  1.688E-02  1.578E-02
  335.5000  1.629E-02  1.860E-02  1.980E-02  1.979E-02  1.857E-02
  336.5000  1.216E-02  1.392E-02  1.484E-02  1.483E-02  1.390E-02
  337.5000  1.195E-02  1.376E-02  1.471E-02  1.470E-02  1.374E-02
  338.5000  1.491E-02  1.702E-02  1.811E-02  1.810E-02  1.699E-02
  339.5000  1.659E-02  1.891E-02  2.012E-02  2.010E-02  1.888E-02
  340.5000  1.668E-02  1.908E-02  2.033E-02  2.032E-02  1.905E-02
  341.5000  1.617E-02  1.841E-02  1.957E-02  1.955E-02  1.838E-02
  342.5000  1.821E-02  2.071E-02  2.201E-02  2.200E-02  2.068E-02
  343.5000  1.837E-02  2.093E-02  2.225E-02  2.224E-02  2.090E-02
  344.5000  1.246E-02  1.422E-02  1.514E-02  1.513E-02  1.420E-02
  345.5000  1.861E-02  2.114E-02  2.244E-02  2.243E-02  2.111E-02
  346.5000  1.653E-02  1.884E-02  2.003E-02  2.002E-02  1.881E-02
  347.5000  1.626E-02  1.852E-02  1.969E-02  1.968E-02  1.850E-02
  348.5000  1.822E-02  2.073E-02  2.203E-02  2.202E-02  2.070E-02
  349.5000  1.524E-02  1.734E-02  1.843E-02  1.842E-02  1.732E-02
  350.5000  2.145E-02  2.440E-02  2.593E-02  2.591E-02  2.436E-02
  351.5000  1.836E-02  2.090E-02  2.221E-02  2.220E-02  2.087E-02
  352.5000  1.667E-02  1.897E-02  2.016E-02  2.015E-02  1.894E-02
  353.5000  2.028E-02  2.306E-02  2.449E-02  2.448E-02  2.302E-02
  354.5000  2.214E-02  2.516E-02  2.672E-02  2.670E-02  2.512E-02
  355.5000  2.071E-02  2.354E-02  2.500E-02  2.499E-02  2.351E-02
  356.5000  1.922E-02  2.184E-02  2.320E-02  2.319E-02  2.181E-02
  357.5000  1.632E-02  1.856E-02  1.971E-02  1.970E-02  1.853E-02
  358.5000  1.266E-02  1.438E-02  1.527E-02  1.526E-02  1.436E-02
  359.5000  2.131E-02  2.421E-02  2.572E-02  2.570E-02  2.418E-02
  360.5000  1.977E-02  2.247E-02  2.386E-02  2.385E-02  2.243E-02
  361.5000  1.788E-02  2.032E-02  2.158E-02  2.156E-02  2.029E-02
  362.5000  2.104E-02  2.391E-02  2.539E-02  2.537E-02  2.387E-02
  363.5000  1.874E-02  2.129E-02  2.261E-02  2.259E-02  2.126E-02
  364.5000  2.044E-02  2.322E-02  2.466E-02  2.464E-02  2.319E-02
  365.5000  2.488E-02  2.827E-02  3.002E-02  3.001E-02  2.823E-02
  366.5000  2.638E-02  2.997E-02  3.183E-02  3.181E-02  2.993E-02
  367.5000  2.510E-02  2.851E-02  3.027E-02  3.026E-02  2.847E-02
  368.5000  2.206E-02  2.505E-02  2.661E-02  2.659E-02  2.502E-02
  369.5000  2.647E-02  3.007E-02  3.193E-02  3.191E-02  3.003E-02
  370.5000  2.403E-02  2.729E-02  2.898E-02  2.896E-02  2.725E-02
  371.5000  2.751E-02  3.125E-02  3.318E-02  3.316E-02  3.121E-02
  372.5000  2.034E-02  2.310E-02  2.453E-02  2.452E-02  2.307E-02
  373.5000  1.838E-02  2.088E-02  2.217E-02  2.216E-02  2.085E-02
  374.5000  2.018E-02  2.292E-02  2.434E-02  2.433E-02  2.289E-02
  375.5000  2.279E-02  2.588E-02  2.748E-02  2.747E-02  2.585E-02
  376.5000  2.277E-02  2.586E-02  2.746E-02  2.745E-02  2.583E-02
  377.5000  2.713E-02  3.081E-02  3.272E-02  3.270E-02  3.077E-02
  378.5000  2.958E-02  3.359E-02  3.567E-02  3.565E-02  3.355E-02
  379.5000  2.189E-02  2.486E-02  2.640E-02  2.638E-02  2.483E-02
  380.5000  2.633E-02  2.991E-02  3.176E-02  3.174E-02  2.987E-02
  381.5000  2.476E-02  2.812E-02  2.986E-02  2.984E-02  2.808E-02
  382.5000  1.650E-02  1.874E-02  1.990E-02  1.989E-02  1.872E-02
  383.5000  1.450E-02  1.646E-02  1.748E-02  1.747E-02  1.644E-02
  384.5000  2.176E-02  2.472E-02  2.625E-02  2.623E-02  2.469E-02
  385.5000  2.154E-02  2.447E-02  2.598E-02  2.597E-02  2.443E-02
  386.5000  2.197E-02  2.495E-02  2.649E-02  2.648E-02  2.492E-02
  387.5000  2.042E-02  2.319E-02  2.463E-02  2.462E-02  2.316E-02
  388.5000  2.047E-02  2.326E-02  2.469E-02  2.468E-02  2.322E-02
  389.5000  2.583E-02  2.934E-02  3.115E-02  3.113E-02  2.930E-02
  390.5000  2.538E-02  2.883E-02  3.061E-02  3.059E-02  2.879E-02
  391.5000  3.012E-02  3.421E-02  3.633E-02  3.631E-02  3.417E-02
  392.5000  2.260E-02  2.567E-02  2.725E-02  2.724E-02  2.563E-02
  393.5000  9.826E-03  1.116E-02  1.185E-02  1.184E-02  1.115E-02
  394.5000  2.313E-02  2.627E-02  2.789E-02  2.788E-02  2.623E-02
  395.5000  2.977E-02  3.381E-02  3.590E-02  3.588E-02  3.376E-02
  396.5000  1.749E-02  1.986E-02  2.109E-02  2.108E-02  1.983E-02
  397.5000  2.019E-02  2.293E-02  2.435E-02  2.433E-02  2.290E-02
  398.5000  3.470E-02  3.942E-02  4.185E-02  4.183E-02  3.936E-02
  399.5000  3.611E-02  4.101E-02  4.355E-02  4.352E-02  4.096E-02
  400.5000  3.797E-02  4.313E-02  4.580E-02  4.577E-02  4.307E-02
  401.5000  3.907E-02  4.438E-02  4.713E-02  4.710E-02  4.432E-02
  402.5000  4.057E-02  4.609E-02  4.894E-02  4.891E-02  4.602E-02
  403.5000  3.715E-02  4.220E-02  4.481E-02  4.478E-02  4.214E-02
  404.5000  3.645E-02  4.141E-02  4.397E-02  4.394E-02  4.135E-02
  405.5000  3.788E-02  4.303E-02  4.569E-02  4.566E-02  4.297E-02
  406.5000  3.569E-02  4.054E-02  4.304E-02  4.302E-02  4.048E-02
  407.5000  3.598E-02  4.087E-02  4.340E-02  4.337E-02  4.081E-02
  408.5000  4.007E-02  4.551E-02  4.833E-02  4.830E-02  4.545E-02
  409.5000  3.929E-02  4.462E-02  4.739E-02  4.736E-02  4.456E-02
  410.5000  3.408E-02  3.871E-02  4.111E-02  4.108E-02  3.866E-02
  411.5000  4.098E-02  4.655E-02  4.943E-02  4.940E-02  4.648E-02
  412.5000  4.064E-02  4.616E-02  4.902E-02  4.899E-02  4.610E-02
  413.5000  3.943E-02  4.479E-02  4.756E-02  4.754E-02  4.473E-02
  414.5000  4.054E-02  4.605E-02  4.890E-02  4.887E-02  4.598E-02
  415.5000  3.877E-02  4.404E-02  4.677E-02  4.674E-02  4.398E-02
  416.5000  4.219E-02  4.793E-02  5.090E-02  5.087E-02  4.786E-02
  417.5000  3.857E-02  4.382E-02  4.654E-02  4.651E-02  4.376E-02
  418.5000  3.889E-02  4.418E-02  4.692E-02  4.689E-02  4.412E-02
  419.5000  4.019E-02  4.565E-02  4.849E-02  4.846E-02  4.559E-02
------------------------------------------------------------
Dose rates, W m-2
   1 = UV-B, 280-315 nm                                  
   2 = UV-A, 315-400 nm                                  
   3 = Gaussian, 320 nm, 10 nm FWHM                      
   4 = RB Meter, model 501                               
   5 = DNA damage, in vitro (Setlow, 1974)               
   6 = UV index (WMO, 1994; Webb et al., 2011)           
   7 = Previtamin-D3 (CIE 2006)                          
values at z =      0.000 km
Columns: time, sza, weighting spectra
time, hrs.  sza, deg.          1          2          3          4          5          6          7
   11.0000     88.079  1.793E-03  1.476E+00  2.653E-03  1.055E-03  4.802E-06  3.944E-02  3.356E-04
   11.5000     87.642  2.036E-03  1.681E+00  3.117E-03  1.219E-03  5.493E-06  4.522E-02  3.818E-04
   12.0000     87.423  2.165E-03  1.787E+00  3.368E-03  1.307E-03  5.858E-06  4.826E-02  4.066E-04
   12.5000     87.426  2.164E-03  1.786E+00  3.366E-03  1.306E-03  5.854E-06  4.823E-02  4.063E-04
   13.0000     87.647  2.033E-03  1.678E+00  3.112E-03  1.217E-03  5.485E-06  4.516E-02  3.813E-04
------------------------------------------------------------
