Spectral Irradiance, W m-2 nm-1
values at z =      0.000 km
Columns: wavelength (nm), times (hrs.) or sza (deg.)
    wc, nm     11.000     11.500     12.000     12.500     13.000
    sza =      75.945     75.901     75.888     75.907     75.960
  280.5000  6.820E-21  6.843E-21  6.849E-21  6.840E-21  6.813E-21
  281.5000  5.018E-19  5.035E-19  5.040E-19  5.032E-19  5.012E-19
  282.5000  1.383E-17  1.388E-17  1.389E-17  1.387E-17  1.381E-17
  283.5000  1.077E-16  1.081E-16  1.082E-16  1.080E-16  1.076E-16
  284.5000  2.794E-15  2.804E-15  2.807E-15  2.803E-15  2.791E-15
  285.5000  1.956E-14  1.963E-14  1.965E-14  1.962E-14  1.954E-14
  286.5000  3.950E-13  3.964E-13  3.969E-13  3.962E-13  3.945E-13
  287.5000  4.145E-12  4.161E-12  4.166E-12  4.159E-12  4.140E-12
  288.5000  4.073E-11  4.089E-11  4.094E-11  4.087E-11  4.068E-11
  289.5000  3.650E-10  3.665E-10  3.670E-10  3.663E-10  3.645E-10
  290.5000  2.223E-09  2.233E-09  2.235E-09  2.231E-09  2.220E-09
  291.5000  1.144E-08  1.149E-08  1.150E-08  1.148E-08  1.142E-08
  292.5000  4.146E-08  4.165E-08  4.171E-08  4.163E-08  4.139E-08
  293.5000  1.789E-07  1.798E-07  1.800E-07  1.796E-07  1.786E-07
  294.5000  4.734E-07  4.759E-07  4.767E-07  4.756E-07  4.726E-07
  295.5000  1.734E-06  1.744E-06  1.747E-06  1.743E-06  1.731E-06
  296.5000  4.267E-06  4.295E-06  4.303E-06  4.291E-06  4.258E-06
  297.5000  1.144E-05  1.152E-05  1.155E-05  1.151E-05  1.141E-05
  298.5000  1.878E-05  1.893E-05  1.898E-05  1.891E-05  1.873E-05
  299.5000  5.909E-05  5.961E-05  5.977E-05  5.954E-05  5.891E-05
  300.5000  7.470E-05  7.541E-05  7.562E-05  7.531E-05  7.446E-05
  301.5000  2.139E-04  2.160E-04  2.167E-04  2.158E-04  2.132E-04
  302.5000  3.470E-04  3.505E-04  3.516E-04  3.501E-04  3.459E-04
  303.5000  8.324E-04  8.407E-04  8.432E-04  8.396E-04  8.296E-04
  304.5000  1.121E-03  1.132E-03  1.135E-03  1.131E-03  1.117E-03
  305.5000  2.062E-03  2.081E-03  2.087E-03  2.079E-03  2.055E-03
  306.5000  2.492E-03  2.515E-03  2.522E-03  2.512E-03  2.485E-03
  307.5000  4.829E-03  4.870E-03  4.883E-03  4.865E-03  4.816E-03
  308.5000  6.063E-03  6.113E-03  6.128E-03  6.106E-03  6.046E-03
  309.5000  6.554E-03  6.605E-03  6.620E-03  6.598E-03  6.537E-03
  310.5000  1.035E-02  1.043E-02  1.045E-02  1.042E-02  1.033E-02
  311.5000  1.470E-02  1.480E-02  1.483E-02  1.479E-02  1.467E-02
  312.5000  1.716E-02  1.727E-02  1.730E-02  1.725E-02  1.712E-02
  313.5000  2.030E-02  2.043E-02  2.046E-02  2.041E-02  2.025E-02
  314.5000  2.370E-02  2.383E-02  2.388E-02  2.382E-02  2.365E-02
  315.5000  2.510E-02  2.525E-02  2.529E-02  2.523E-02  2.505E-02
  316.5000  2.822E-02  2.837E-02  2.842E-02  2.835E-02  2.817E-02
  317.5000  3.994E-02  4.015E-02  4.022E-02  4.012E-02  3.987E-02
  318.5000  3.512E-02  3.530E-02  3.535E-02  3.527E-02  3.506E-02
  319.5000  4.378E-02  4.399E-02  4.406E-02  4.397E-02  4.371E-02
  320.5000  5.467E-02  5.494E-02  5.502E-02  5.490E-02  5.458E-02
  321.5000  5.137E-02  5.161E-02  5.168E-02  5.157E-02  5.130E-02
  322.5000  4.788E-02  4.811E-02  4.818E-02  4.808E-02  4.781E-02
  323.5000  5.577E-02  5.601E-02  5.609E-02  5.598E-02  5.569E-02
  324.5000  6.519E-02  6.548E-02  6.556E-02  6.544E-02  6.510E-02
  325.5000  7.198E-02  7.230E-02  7.239E-02  7.226E-02  7.187E-02
  326.5000  9.457E-02  9.496E-02  9.508E-02  9.491E-02  9.444E-02
  327.5000  8.586E-02  8.622E-02  8.633E-02  8.617E-02  8.574E-02
  328.5000  7.942E-02  7.975E-02  7.985E-02  7.971E-02  7.931E-02
  329.5000  1.094E-01  1.098E-01  1.099E-01  1.097E-01  1.092E-01
  330.5000  9.708E-02  9.748E-02  9.760E-02  9.742E-02  9.695E-02
  331.5000  9.554E-02  9.593E-02  9.605E-02  9.588E-02  9.541E-02
  332.5000  9.827E-02  9.866E-02  9.878E-02  9.861E-02  9.814E-02
  333.5000  9.075E-02  9.112E-02  9.123E-02  9.107E-02  9.063E-02
  334.5000  1.024E-01  1.029E-01  1.030E-01  1.028E-01  1.023E-01
  335.5000  1.061E-01  1.065E-01  1.066E-01  1.064E-01  1.059E-01
  336.5000  8.250E-02  8.283E-02  8.293E-02  8.279E-02  8.240E-02
  337.5000  8.937E-02  8.973E-02  8.984E-02  8.968E-02  8.925E-02
  338.5000  9.644E-02  9.682E-02  9.694E-02  9.677E-02  9.632E-02
  339.5000  1.052E-01  1.057E-01  1.058E-01  1.056E-01  1.051E-01
  340.5000  1.118E-01  1.122E-01  1.123E-01  1.121E-01  1.116E-01
  341.5000  1.004E-01  1.008E-01  1.009E-01  1.008E-01  1.003E-01
  342.5000  1.116E-01  1.120E-01  1.122E-01  1.120E-01  1.114E-01
  343.5000  1.156E-01  1.160E-01  1.162E-01  1.160E-01  1.154E-01
  344.5000  8.076E-02  8.108E-02  8.118E-02  8.104E-02  8.066E-02
  345.5000  1.119E-01  1.124E-01  1.125E-01  1.123E-01  1.118E-01
  346.5000  1.041E-01  1.045E-01  1.047E-01  1.045E-01  1.040E-01
  347.5000  1.019E-01  1.023E-01  1.025E-01  1.023E-01  1.018E-01
  348.5000  1.124E-01  1.128E-01  1.130E-01  1.128E-01  1.122E-01
  349.5000  9.425E-02  9.462E-02  9.473E-02  9.457E-02  9.413E-02
  350.5000  1.322E-01  1.327E-01  1.328E-01  1.326E-01  1.320E-01
  351.5000  1.139E-01  1.144E-01  1.145E-01  1.143E-01  1.138E-01
  352.5000  1.029E-01  1.033E-01  1.034E-01  1.033E-01  1.028E-01
  353.5000  1.241E-01  1.246E-01  1.248E-01  1.246E-01  1.240E-01
  354.5000  1.346E-01  1.352E-01  1.353E-01  1.351E-01  1.344E-01
  355.5000  1.259E-01  1.264E-01  1.266E-01  1.264E-01  1.258E-01
  356.5000  1.170E-01  1.175E-01  1.176E-01  1.174E-01  1.168E-01
  357.5000  9.956E-02  9.995E-02  1.001E-01  9.990E-02  9.943E-02
  358.5000  7.694E-02  7.725E-02  7.734E-02  7.721E-02  7.684E-02
  359.5000  1.296E-01  1.301E-01  1.303E-01  1.301E-01  1.295E-01
  360.5000  1.203E-01  1.208E-01  1.209E-01  1.207E-01  1.201E-01
  361.5000  1.086E-01  1.090E-01  1.091E-01  1.090E-01  1.084E-01
  362.5000  1.277E-01  1.282E-01  1.283E-01  1.281E-01  1.275E-01
  363.5000  1.137E-01  1.141E-01  1.143E-01  1.141E-01  1.135E-01
  364.5000  1.241E-01  1.246E-01  1.248E-01  1.246E-01  1.240E-01
  365.5000  1.514E-01  1.520E-01  1.522E-01  1.519E-01  1.512E-01
  366.5000  1.604E-01  1.611E-01  1.613E-01  1.610E-01  1.602E-01
  367.5000  1.525E-01  1.531E-01  1.533E-01  1.530E-01  1.523E-01
  368.5000  1.341E-01  1.346E-01  1.348E-01  1.346E-01  1.339E-01
  369.5000  1.610E-01  1.617E-01  1.619E-01  1.616E-01  1.608E-01
  370.5000  1.463E-01  1.468E-01  1.470E-01  1.468E-01  1.461E-01
  371.5000  1.675E-01  1.682E-01  1.684E-01  1.681E-01  1.673E-01
  372.5000  1.239E-01  1.244E-01  1.245E-01  1.243E-01  1.237E-01
  373.5000  1.121E-01  1.126E-01  1.127E-01  1.125E-01  1.120E-01
  374.5000  1.232E-01  1.237E-01  1.238E-01  1.236E-01  1.230E-01
  375.5000  1.391E-01  1.397E-01  1.399E-01  1.396E-01  1.390E-01
  376.5000  1.391E-01  1.397E-01  1.398E-01  1.396E-01  1.389E-01
  377.5000  1.658E-01  1.665E-01  1.667E-01  1.664E-01  1.656E-01
  378.5000  1.809E-01  1.817E-01  1.819E-01  1.816E-01  1.807E-01
  379.5000  1.340E-01  1.345E-01  1.347E-01  1.345E-01  1.338E-01
  380.5000  1.613E-01  1.620E-01  1.622E-01  1.619E-01  1.611E-01
  381.5000  1.518E-01  1.524E-01  1.526E-01  1.523E-01  1.516E-01
  382.5000  1.013E-01  1.017E-01  1.018E-01  1.016E-01  1.011E-01
  383.5000  8.902E-02  8.938E-02  8.948E-02  8.933E-02  8.890E-02
  384.5000  1.337E-01  1.343E-01  1.344E-01  1.342E-01  1.336E-01
  385.5000  1.325E-01  1.330E-01  1.332E-01  1.329E-01  1.323E-01
  386.5000  1.352E-01  1.357E-01  1.359E-01  1.357E-01  1.350E-01
  387.5000  1.258E-01  1.263E-01  1.265E-01  1.262E-01  1.256E-01
  388.5000  1.262E-01  1.267E-01  1.269E-01  1.267E-01  1.261E-01
  389.5000  1.594E-01  1.600E-01  1.602E-01  1.599E-01  1.592E-01
  390.5000  1.567E-01  1.574E-01  1.576E-01  1.573E-01  1.565E-01
  391.5000  1.862E-01  1.869E-01  1.871E-01  1.868E-01  1.859E-01
  392.5000  1.398E-01  1.403E-01  1.405E-01  1.403E-01  1.396E-01
  393.5000  6.084E-02  6.108E-02  6.116E-02  6.105E-02  6.076E-02
  394.5000  1.433E-01  1.439E-01  1.441E-01  1.438E-01  1.431E-01
  395.5000  1.846E-01  1.854E-01  1.856E-01  1.853E-01  1.844E-01
  396.5000  1.086E-01  1.090E-01  1.091E-01  1.089E-01  1.084E-01
  397.5000  1.254E-01  1.259E-01  1.261E-01  1.259E-01  1.253E-01
  398.5000  2.158E-01  2.166E-01  2.169E-01  2.165E-01  2.155E-01
  399.5000  2.247E-01  2.256E-01  2.259E-01  2.255E-01  2.244E-01
  400.5000  2.365E-01  2.375E-01  2.378E-01  2.374E-01  2.362E-01
  401.5000  2.437E-01  2.446E-01  2.449E-01  2.445E-01  2.433E-01
  402.5000  2.533E-01  2.543E-01  2.546E-01  2.542E-01  2.529E-01
  403.5000  2.321E-01  2.330E-01  2.333E-01  2.329E-01  2.318E-01
  404.5000  2.279E-01  2.289E-01  2.291E-01  2.287E-01  2.276E-01
  405.5000  2.371E-01  2.380E-01  2.383E-01  2.379E-01  2.368E-01
  406.5000  2.236E-01  2.245E-01  2.247E-01  2.244E-01  2.233E-01
  407.5000  2.257E-01  2.266E-01  2.269E-01  2.265E-01  2.254E-01
  408.5000  2.517E-01  2.527E-01  2.530E-01  2.525E-01  2.513E-01
  409.5000  2.470E-01  2.480E-01  2.483E-01  2.479E-01  2.467E-01
  410.5000  2.145E-01  2.153E-01  2.156E-01  2.152E-01  2.142E-01
  411.5000  2.581E-01  2.591E-01  2.595E-01  2.590E-01  2.578E-01
  412.5000  2.561E-01  2.572E-01  2.575E-01  2.570E-01  2.558E-01
  413.5000  2.487E-01  2.497E-01  2.500E-01  2.496E-01  2.484E-01
  414.5000  2.560E-01  2.570E-01  2.573E-01  2.569E-01  2.556E-01
  415.5000  2.451E-01  2.461E-01  2.464E-01  2.460E-01  2.448E-01
  416.5000  2.671E-01  2.682E-01  2.685E-01  2.680E-01  2.668E-01
  417.5000  2.445E-01  2.455E-01  2.458E-01  2.453E-01  2.442E-01
  418.5000  2.467E-01  2.477E-01  2.480E-01  2.476E-01  2.464E-01
  419.5000  2.552E-01  2.562E-01  2.565E-01  2.561E-01  2.548E-01
------------------------------------------------------------
Dose rates, W m-2
   1 = UV-B, 280-315 nm                                  
   2 = UV-A, 315-400 nm                                  
   3 = Gaussian, 320 nm, 10 nm FWHM                      
   4 = RB Meter, model 501                               
   5 = DNA damage, in vitro (Setlow, 1974)               
   6 = UV index (WMO, 1994; Webb et al., 2011)           
   7 = Previtamin-D3 (CIE 2006)                          
values at z =      0.000 km
Columns: time, sza, weighting spectra
time, hrs.  sza, deg.          1          2          3          4          5          6          7
   11.0000     75.945  1.109E-01  9.702E+00  4.652E-02  3.215E-02  1.747E-04  6.410E-01  2.133E-02
   11.5000     75.901  1.117E-01  9.741E+00  4.675E-02  3.236E-02  1.761E-04  6.448E-01  2.149E-02
   12.0000     75.888  1.119E-01  9.752E+00  4.681E-02  3.242E-02  1.764E-04  6.460E-01  2.154E-02
   12.5000     75.907  1.116E-01  9.735E+00  4.672E-02  3.233E-02  1.759E-04  6.443E-01  2.147E-02
   13.0000     75.960  1.106E-01  9.689E+00  4.645E-02  3.208E-02  1.743E-04  6.398E-01  2.128E-02
------------------------------------------------------------
