Spectral Irradiance, W m-2 nm-1
values at z =      0.000 km
Columns: wavelength (nm), times (hrs.) or sza (deg.)
    wc, nm     11.000     11.500     12.000     12.500     13.000
    sza =      18.896     15.108     13.508     14.829     18.448
  280.5000  8.211E-15  1.511E-14  1.868E-14  1.571E-14  8.897E-15
  281.5000  2.853E-13  4.976E-13  6.039E-13  5.157E-13  3.070E-13
  282.5000  4.113E-12  6.850E-12  8.181E-12  7.077E-12  4.399E-12
  283.5000  2.109E-11  3.409E-11  4.029E-11  3.515E-11  2.247E-11
  284.5000  2.501E-10  3.828E-10  4.439E-10  3.933E-10  2.645E-10
  285.5000  9.752E-10  1.433E-09  1.639E-09  1.469E-09  1.026E-09
  286.5000  1.252E-08  1.784E-08  2.018E-08  1.825E-08  1.312E-08
  287.5000  7.871E-08  1.084E-07  1.211E-07  1.106E-07  8.209E-08
  288.5000  4.360E-07  5.783E-07  6.381E-07  5.889E-07  4.350E-07
  289.5000  2.571E-06  3.320E-06  3.630E-06  3.375E-06  2.659E-06
  290.5000  1.093E-05  1.380E-05  1.497E-05  1.401E-05  1.127E-05
  291.5000  3.681E-05  4.530E-05  4.870E-05  4.591E-05  3.783E-05
  292.5000  9.295E-05  1.120E-04  1.196E-04  1.134E-04  9.526E-05
  293.5000  2.804E-04  3.313E-04  3.511E-04  3.348E-04  2.866E-04
  294.5000  5.511E-04  6.412E-04  6.760E-04  6.475E-04  5.621E-04
  295.5000  1.434E-03  1.642E-03  1.721E-03  1.656E-03  1.460E-03
  296.5000  2.578E-03  2.911E-03  3.037E-03  2.934E-03  2.619E-03
  297.5000  5.069E-03  5.657E-03  5.877E-03  5.697E-03  5.143E-03
  298.5000  6.178E-03  6.824E-03  7.066E-03  6.868E-03  6.259E-03
  299.5000  1.407E-02  1.539E-02  1.588E-02  1.548E-02  1.423E-02
  300.5000  1.340E-02  1.456E-02  1.498E-02  1.463E-02  1.355E-02
  301.5000  2.707E-02  2.918E-02  2.995E-02  2.932E-02  2.734E-02
  302.5000  3.415E-02  3.661E-02  3.752E-02  3.678E-02  3.446E-02
  303.5000  5.910E-02  6.298E-02  6.440E-02  6.324E-02  5.959E-02
  304.5000  6.522E-02  6.926E-02  7.073E-02  6.953E-02  6.574E-02
  305.5000  8.732E-02  9.225E-02  9.403E-02  9.257E-02  8.795E-02
  306.5000  9.175E-02  9.671E-02  9.850E-02  9.703E-02  9.239E-02
  307.5000  1.339E-01  1.405E-01  1.429E-01  1.409E-01  1.347E-01
  308.5000  1.506E-01  1.578E-01  1.603E-01  1.582E-01  1.515E-01
  309.5000  1.337E-01  1.397E-01  1.419E-01  1.401E-01  1.345E-01
  310.5000  1.831E-01  1.909E-01  1.937E-01  1.914E-01  1.841E-01
  311.5000  2.365E-01  2.462E-01  2.497E-01  2.468E-01  2.377E-01
  312.5000  2.321E-01  2.411E-01  2.443E-01  2.417E-01  2.333E-01
  313.5000  2.637E-01  2.737E-01  2.773E-01  2.743E-01  2.650E-01
  314.5000  2.648E-01  2.743E-01  2.777E-01  2.749E-01  2.660E-01
  315.5000  2.737E-01  2.834E-01  2.869E-01  2.840E-01  2.750E-01
  316.5000  2.735E-01  2.828E-01  2.861E-01  2.834E-01  2.747E-01
  317.5000  3.868E-01  3.998E-01  4.045E-01  4.007E-01  3.885E-01
  318.5000  3.051E-01  3.149E-01  3.185E-01  3.156E-01  3.064E-01
  319.5000  3.725E-01  3.843E-01  3.886E-01  3.851E-01  3.740E-01
  320.5000  4.534E-01  4.677E-01  4.728E-01  4.686E-01  4.552E-01
  321.5000  3.858E-01  3.974E-01  4.015E-01  3.981E-01  3.873E-01
  322.5000  3.877E-01  3.997E-01  4.041E-01  4.005E-01  3.893E-01
  323.5000  4.002E-01  4.119E-01  4.161E-01  4.127E-01  4.017E-01
  324.5000  4.695E-01  4.834E-01  4.883E-01  4.842E-01  4.713E-01
  325.5000  5.261E-01  5.416E-01  5.472E-01  5.426E-01  5.281E-01
  326.5000  6.369E-01  6.550E-01  6.615E-01  6.561E-01  6.392E-01
  327.5000  5.929E-01  6.100E-01  6.161E-01  6.111E-01  5.951E-01
  328.5000  5.474E-01  5.630E-01  5.687E-01  5.641E-01  5.494E-01
  329.5000  7.091E-01  7.289E-01  7.359E-01  7.301E-01  7.117E-01
  330.5000  6.447E-01  6.629E-01  6.693E-01  6.640E-01  6.471E-01
  331.5000  6.370E-01  6.549E-01  6.613E-01  6.561E-01  6.393E-01
  332.5000  6.268E-01  6.440E-01  6.502E-01  6.451E-01  6.290E-01
  333.5000  5.890E-01  6.053E-01  6.112E-01  6.064E-01  5.911E-01
  334.5000  6.578E-01  6.759E-01  6.823E-01  6.770E-01  6.601E-01
  335.5000  6.663E-01  6.844E-01  6.909E-01  6.856E-01  6.686E-01
  336.5000  5.208E-01  5.350E-01  5.401E-01  5.359E-01  5.226E-01
  337.5000  5.717E-01  5.874E-01  5.930E-01  5.884E-01  5.737E-01
  338.5000  6.030E-01  6.193E-01  6.251E-01  6.203E-01  6.051E-01
  339.5000  6.553E-01  6.729E-01  6.792E-01  6.741E-01  6.575E-01
  340.5000  7.005E-01  7.194E-01  7.262E-01  7.206E-01  7.029E-01
  341.5000  6.218E-01  6.384E-01  6.444E-01  6.395E-01  6.239E-01
  342.5000  6.886E-01  7.070E-01  7.136E-01  7.082E-01  6.909E-01
  343.5000  7.151E-01  7.342E-01  7.410E-01  7.354E-01  7.175E-01
  344.5000  5.011E-01  5.145E-01  5.193E-01  5.154E-01  5.028E-01
  345.5000  6.861E-01  7.043E-01  7.109E-01  7.055E-01  6.884E-01
  346.5000  6.417E-01  6.588E-01  6.649E-01  6.599E-01  6.439E-01
  347.5000  6.268E-01  6.435E-01  6.494E-01  6.445E-01  6.290E-01
  348.5000  6.886E-01  7.068E-01  7.134E-01  7.080E-01  6.909E-01
  349.5000  5.769E-01  5.921E-01  5.976E-01  5.931E-01  5.789E-01
  350.5000  8.074E-01  8.287E-01  8.364E-01  8.301E-01  8.102E-01
  351.5000  6.957E-01  7.140E-01  7.206E-01  7.152E-01  6.980E-01
  352.5000  6.272E-01  6.437E-01  6.496E-01  6.447E-01  6.293E-01
  353.5000  7.547E-01  7.745E-01  7.816E-01  7.758E-01  7.572E-01
  354.5000  8.164E-01  8.378E-01  8.455E-01  8.392E-01  8.192E-01
  355.5000  7.627E-01  7.827E-01  7.898E-01  7.840E-01  7.653E-01
  356.5000  7.076E-01  7.261E-01  7.327E-01  7.273E-01  7.100E-01
  357.5000  6.015E-01  6.172E-01  6.228E-01  6.182E-01  6.035E-01
  358.5000  4.640E-01  4.760E-01  4.804E-01  4.768E-01  4.655E-01
  359.5000  7.806E-01  8.009E-01  8.081E-01  8.022E-01  7.832E-01
  360.5000  7.233E-01  7.420E-01  7.487E-01  7.433E-01  7.257E-01
  361.5000  6.518E-01  6.687E-01  6.748E-01  6.698E-01  6.540E-01
  362.5000  7.652E-01  7.850E-01  7.921E-01  7.863E-01  7.677E-01
  363.5000  6.804E-01  6.980E-01  7.043E-01  6.992E-01  6.827E-01
  364.5000  7.420E-01  7.612E-01  7.680E-01  7.624E-01  7.445E-01
  365.5000  9.039E-01  9.271E-01  9.355E-01  9.287E-01  9.069E-01
  366.5000  9.563E-01  9.808E-01  9.896E-01  9.824E-01  9.594E-01
  367.5000  9.076E-01  9.309E-01  9.393E-01  9.324E-01  9.106E-01
  368.5000  7.971E-01  8.175E-01  8.248E-01  8.188E-01  7.997E-01
  369.5000  9.557E-01  9.802E-01  9.890E-01  9.818E-01  9.589E-01
  370.5000  8.668E-01  8.890E-01  8.969E-01  8.904E-01  8.697E-01
  371.5000  9.915E-01  1.017E+00  1.026E+00  1.018E+00  9.948E-01
  372.5000  7.322E-01  7.508E-01  7.575E-01  7.520E-01  7.346E-01
  373.5000  6.616E-01  6.784E-01  6.844E-01  6.795E-01  6.637E-01
  374.5000  7.259E-01  7.443E-01  7.509E-01  7.455E-01  7.283E-01
  375.5000  8.187E-01  8.395E-01  8.469E-01  8.409E-01  8.214E-01
  376.5000  8.173E-01  8.380E-01  8.454E-01  8.394E-01  8.200E-01
  377.5000  9.729E-01  9.976E-01  1.006E+00  9.992E-01  9.761E-01
  378.5000  1.060E+00  1.087E+00  1.096E+00  1.089E+00  1.064E+00
  379.5000  7.841E-01  8.039E-01  8.110E-01  8.052E-01  7.866E-01
  380.5000  9.427E-01  9.664E-01  9.750E-01  9.680E-01  9.457E-01
  381.5000  8.856E-01  9.079E-01  9.158E-01  9.093E-01  8.884E-01
  382.5000  5.899E-01  6.047E-01  6.101E-01  6.057E-01  5.918E-01
  383.5000  5.179E-01  5.309E-01  5.355E-01  5.317E-01  5.195E-01
  384.5000  7.769E-01  7.964E-01  8.034E-01  7.977E-01  7.795E-01
  385.5000  7.685E-01  7.877E-01  7.946E-01  7.890E-01  7.709E-01
  386.5000  7.831E-01  8.027E-01  8.097E-01  8.040E-01  7.856E-01
  387.5000  7.276E-01  7.458E-01  7.523E-01  7.470E-01  7.300E-01
  388.5000  7.291E-01  7.473E-01  7.538E-01  7.485E-01  7.315E-01
  389.5000  9.192E-01  9.422E-01  9.504E-01  9.436E-01  9.222E-01
  390.5000  9.027E-01  9.252E-01  9.332E-01  9.266E-01  9.056E-01
  391.5000  1.071E+00  1.097E+00  1.107E+00  1.099E+00  1.074E+00
  392.5000  8.026E-01  8.226E-01  8.297E-01  8.239E-01  8.052E-01
  393.5000  3.489E-01  3.575E-01  3.606E-01  3.581E-01  3.500E-01
  394.5000  8.207E-01  8.411E-01  8.483E-01  8.424E-01  8.234E-01
  395.5000  1.056E+00  1.082E+00  1.091E+00  1.084E+00  1.059E+00
  396.5000  6.198E-01  6.351E-01  6.406E-01  6.361E-01  6.218E-01
  397.5000  7.150E-01  7.327E-01  7.390E-01  7.339E-01  7.173E-01
  398.5000  1.228E+00  1.259E+00  1.270E+00  1.261E+00  1.232E+00
  399.5000  1.277E+00  1.309E+00  1.320E+00  1.311E+00  1.282E+00
  400.5000  1.343E+00  1.376E+00  1.388E+00  1.378E+00  1.347E+00
  401.5000  1.381E+00  1.415E+00  1.427E+00  1.417E+00  1.386E+00
  402.5000  1.434E+00  1.469E+00  1.481E+00  1.471E+00  1.438E+00
  403.5000  1.312E+00  1.344E+00  1.356E+00  1.346E+00  1.316E+00
  404.5000  1.287E+00  1.318E+00  1.329E+00  1.320E+00  1.291E+00
  405.5000  1.336E+00  1.369E+00  1.381E+00  1.371E+00  1.340E+00
  406.5000  1.258E+00  1.289E+00  1.300E+00  1.291E+00  1.262E+00
  407.5000  1.268E+00  1.299E+00  1.310E+00  1.301E+00  1.272E+00
  408.5000  1.412E+00  1.447E+00  1.459E+00  1.449E+00  1.417E+00
  409.5000  1.384E+00  1.418E+00  1.430E+00  1.420E+00  1.389E+00
  410.5000  1.200E+00  1.229E+00  1.240E+00  1.231E+00  1.204E+00
  411.5000  1.442E+00  1.478E+00  1.490E+00  1.480E+00  1.447E+00
  412.5000  1.429E+00  1.464E+00  1.477E+00  1.466E+00  1.434E+00
  413.5000  1.386E+00  1.420E+00  1.432E+00  1.422E+00  1.390E+00
  414.5000  1.424E+00  1.459E+00  1.471E+00  1.461E+00  1.429E+00
  415.5000  1.362E+00  1.395E+00  1.407E+00  1.397E+00  1.366E+00
  416.5000  1.482E+00  1.518E+00  1.531E+00  1.520E+00  1.487E+00
  417.5000  1.355E+00  1.388E+00  1.399E+00  1.390E+00  1.359E+00
  418.5000  1.365E+00  1.398E+00  1.410E+00  1.400E+00  1.370E+00
  419.5000  1.410E+00  1.444E+00  1.456E+00  1.446E+00  1.414E+00
------------------------------------------------------------
Dose rates, W m-2
   1 = UV-B, 280-315 nm                                  
   2 = UV-A, 315-400 nm                                  
   3 = Gaussian, 320 nm, 10 nm FWHM                      
   4 = RB Meter, model 501                               
   5 = DNA damage, in vitro (Setlow, 1974)               
   6 = UV index (WMO, 1994; Webb et al., 2011)           
   7 = Previtamin-D3 (CIE 2006)                          
values at z =      0.000 km
Columns: time, sza, weighting spectra
time, hrs.  sza, deg.          1          2          3          4          5          6          7
   11.0000     18.896  2.007E+00  5.935E+01  3.826E-01  5.975E-01  7.232E-03  1.147E+01  5.741E-01
   11.5000     15.108  2.099E+00  6.092E+01  3.946E-01  6.278E-01  7.763E-03  1.209E+01  6.061E-01
   12.0000     13.508  2.133E+00  6.147E+01  3.990E-01  6.388E-01  7.959E-03  1.231E+01  6.177E-01
   12.5000     14.829  2.105E+00  6.102E+01  3.954E-01  6.298E-01  7.799E-03  1.213E+01  6.082E-01
   13.0000     18.448  2.019E+00  5.956E+01  3.841E-01  6.014E-01  7.299E-03  1.155E+01  5.782E-01
------------------------------------------------------------
