Spectral Irradiance, W m-2 nm-1
values at z =      0.000 km
Columns: wavelength (nm), times (hrs.) or sza (deg.)
    wc, nm     11.000     11.500     12.000     12.500     13.000
    sza =      65.892     64.904     64.631     65.084     66.247
  280.5000  6.592E-27  7.326E-27  7.557E-27  7.181E-27  6.360E-27
  281.5000  1.874E-24  2.090E-24  2.158E-24  2.047E-24  1.806E-24
  282.5000  1.652E-22  1.848E-22  1.910E-22  1.809E-22  1.591E-22
  283.5000  2.740E-21  3.074E-21  3.180E-21  3.007E-21  2.637E-21
  284.5000  2.834E-19  3.198E-19  3.315E-19  3.125E-19  2.722E-19
  285.5000  5.537E-18  6.286E-18  6.530E-18  6.135E-18  5.308E-18
  286.5000  2.469E-16  2.822E-16  2.939E-16  2.750E-16  2.363E-16
  287.5000  6.282E-15  7.260E-15  7.591E-15  7.058E-15  5.994E-15
  288.5000  1.636E-13  1.928E-13  2.030E-13  1.866E-13  1.553E-13
  289.5000  2.986E-12  3.592E-12  3.809E-12  3.463E-12  2.818E-12
  290.5000  3.363E-11  4.141E-11  4.423E-11  3.973E-11  3.152E-11
  291.5000  3.573E-10  4.542E-10  4.894E-10  4.332E-10  3.313E-10
  292.5000  2.418E-09  3.158E-09  3.425E-09  2.998E-09  2.220E-09
  293.5000  1.939E-08  2.588E-08  2.818E-08  2.449E-08  1.764E-08
  294.5000  8.518E-08  1.148E-07  1.252E-07  1.085E-07  7.701E-08
  295.5000  5.437E-07  7.338E-07  7.988E-07  6.941E-07  4.900E-07
  296.5000  2.124E-06  2.844E-06  3.085E-06  2.696E-06  1.915E-06
  297.5000  8.445E-06  1.116E-05  1.205E-05  1.061E-05  7.641E-06
  298.5000  1.891E-05  2.457E-05  2.639E-05  2.343E-05  1.719E-05
  299.5000  7.739E-05  9.866E-05  1.054E-04  9.444E-05  7.080E-05
  300.5000  1.162E-04  1.457E-04  1.548E-04  1.399E-04  1.069E-04
  301.5000  3.875E-04  4.758E-04  5.028E-04  4.586E-04  3.591E-04
  302.5000  6.802E-04  8.234E-04  8.666E-04  7.957E-04  6.337E-04
  303.5000  1.747E-03  2.076E-03  2.175E-03  2.013E-03  1.638E-03
  304.5000  2.422E-03  2.848E-03  2.975E-03  2.767E-03  2.280E-03
  305.5000  4.567E-03  5.283E-03  5.493E-03  5.148E-03  4.326E-03
  306.5000  5.561E-03  6.386E-03  6.627E-03  6.230E-03  5.281E-03
  307.5000  1.079E-02  1.221E-02  1.262E-02  1.194E-02  1.030E-02
  308.5000  1.353E-02  1.524E-02  1.573E-02  1.492E-02  1.295E-02
  309.5000  1.452E-02  1.619E-02  1.667E-02  1.588E-02  1.394E-02
  310.5000  2.277E-02  2.520E-02  2.590E-02  2.475E-02  2.192E-02
  311.5000  3.215E-02  3.543E-02  3.636E-02  3.482E-02  3.101E-02
  312.5000  3.702E-02  4.045E-02  4.142E-02  3.981E-02  3.581E-02
  313.5000  4.369E-02  4.765E-02  4.876E-02  4.691E-02  4.230E-02
  314.5000  5.029E-02  5.445E-02  5.562E-02  5.368E-02  4.883E-02
  315.5000  5.321E-02  5.754E-02  5.876E-02  5.675E-02  5.169E-02
  316.5000  5.912E-02  6.356E-02  6.481E-02  6.275E-02  5.754E-02
  317.5000  8.375E-02  9.005E-02  9.182E-02  8.889E-02  8.152E-02
  318.5000  7.279E-02  7.786E-02  7.928E-02  7.693E-02  7.099E-02
  319.5000  9.061E-02  9.682E-02  9.856E-02  9.568E-02  8.840E-02
  320.5000  1.129E-01  1.205E-01  1.226E-01  1.191E-01  1.102E-01
  321.5000  1.049E-01  1.114E-01  1.133E-01  1.102E-01  1.026E-01
  322.5000  9.877E-02  1.053E-01  1.071E-01  1.041E-01  9.644E-02
  323.5000  1.134E-01  1.202E-01  1.221E-01  1.190E-01  1.110E-01
  324.5000  1.327E-01  1.407E-01  1.430E-01  1.393E-01  1.299E-01
  325.5000  1.469E-01  1.559E-01  1.584E-01  1.542E-01  1.437E-01
  326.5000  1.912E-01  2.021E-01  2.051E-01  2.001E-01  1.873E-01
  327.5000  1.742E-01  1.844E-01  1.872E-01  1.825E-01  1.706E-01
  328.5000  1.612E-01  1.706E-01  1.732E-01  1.688E-01  1.578E-01
  329.5000  2.204E-01  2.325E-01  2.359E-01  2.303E-01  2.160E-01
  330.5000  1.963E-01  2.074E-01  2.105E-01  2.054E-01  1.924E-01
  331.5000  1.934E-01  2.043E-01  2.074E-01  2.023E-01  1.895E-01
  332.5000  1.979E-01  2.086E-01  2.116E-01  2.067E-01  1.940E-01
  333.5000  1.832E-01  1.934E-01  1.962E-01  1.915E-01  1.796E-01
  334.5000  2.067E-01  2.180E-01  2.211E-01  2.159E-01  2.026E-01
  335.5000  2.134E-01  2.249E-01  2.281E-01  2.228E-01  2.093E-01
  336.5000  1.662E-01  1.752E-01  1.777E-01  1.735E-01  1.630E-01
  337.5000  1.804E-01  1.903E-01  1.930E-01  1.885E-01  1.769E-01
  338.5000  1.942E-01  2.046E-01  2.075E-01  2.027E-01  1.905E-01
  339.5000  2.119E-01  2.232E-01  2.263E-01  2.211E-01  2.078E-01
  340.5000  2.253E-01  2.374E-01  2.407E-01  2.352E-01  2.209E-01
  341.5000  2.022E-01  2.129E-01  2.159E-01  2.110E-01  1.983E-01
  342.5000  2.246E-01  2.365E-01  2.398E-01  2.343E-01  2.203E-01
  343.5000  2.328E-01  2.452E-01  2.486E-01  2.429E-01  2.284E-01
  344.5000  1.628E-01  1.715E-01  1.739E-01  1.699E-01  1.597E-01
  345.5000  2.253E-01  2.372E-01  2.405E-01  2.350E-01  2.211E-01
  346.5000  2.099E-01  2.210E-01  2.241E-01  2.190E-01  2.059E-01
  347.5000  2.054E-01  2.163E-01  2.193E-01  2.143E-01  2.015E-01
  348.5000  2.265E-01  2.384E-01  2.418E-01  2.362E-01  2.222E-01
  349.5000  1.900E-01  2.000E-01  2.028E-01  1.982E-01  1.864E-01
  350.5000  2.664E-01  2.804E-01  2.843E-01  2.779E-01  2.613E-01
  351.5000  2.297E-01  2.418E-01  2.451E-01  2.396E-01  2.253E-01
  352.5000  2.075E-01  2.184E-01  2.214E-01  2.164E-01  2.036E-01
  353.5000  2.503E-01  2.634E-01  2.671E-01  2.610E-01  2.456E-01
  354.5000  2.714E-01  2.856E-01  2.896E-01  2.830E-01  2.663E-01
  355.5000  2.539E-01  2.672E-01  2.709E-01  2.648E-01  2.491E-01
  356.5000  2.359E-01  2.482E-01  2.517E-01  2.460E-01  2.314E-01
  357.5000  2.007E-01  2.113E-01  2.142E-01  2.093E-01  1.970E-01
  358.5000  1.551E-01  1.633E-01  1.655E-01  1.618E-01  1.522E-01
  359.5000  2.614E-01  2.750E-01  2.788E-01  2.725E-01  2.565E-01
  360.5000  2.425E-01  2.552E-01  2.587E-01  2.529E-01  2.380E-01
  361.5000  2.189E-01  2.304E-01  2.335E-01  2.283E-01  2.148E-01
  362.5000  2.574E-01  2.708E-01  2.746E-01  2.684E-01  2.526E-01
  363.5000  2.292E-01  2.412E-01  2.445E-01  2.390E-01  2.250E-01
  364.5000  2.503E-01  2.634E-01  2.670E-01  2.610E-01  2.456E-01
  365.5000  3.053E-01  3.212E-01  3.256E-01  3.183E-01  2.996E-01
  366.5000  3.235E-01  3.403E-01  3.450E-01  3.372E-01  3.175E-01
  367.5000  3.075E-01  3.235E-01  3.279E-01  3.206E-01  3.018E-01
  368.5000  2.704E-01  2.844E-01  2.883E-01  2.819E-01  2.654E-01
  369.5000  3.247E-01  3.415E-01  3.462E-01  3.385E-01  3.187E-01
  370.5000  2.949E-01  3.102E-01  3.144E-01  3.074E-01  2.894E-01
  371.5000  3.378E-01  3.553E-01  3.601E-01  3.521E-01  3.315E-01
  372.5000  2.498E-01  2.627E-01  2.663E-01  2.603E-01  2.451E-01
  373.5000  2.260E-01  2.377E-01  2.409E-01  2.355E-01  2.218E-01
  374.5000  2.483E-01  2.611E-01  2.646E-01  2.588E-01  2.437E-01
  375.5000  2.804E-01  2.949E-01  2.989E-01  2.922E-01  2.752E-01
  376.5000  2.803E-01  2.948E-01  2.988E-01  2.921E-01  2.751E-01
  377.5000  3.341E-01  3.513E-01  3.561E-01  3.482E-01  3.280E-01
  378.5000  3.646E-01  3.833E-01  3.885E-01  3.799E-01  3.578E-01
  379.5000  2.700E-01  2.839E-01  2.877E-01  2.813E-01  2.650E-01
  380.5000  3.250E-01  3.417E-01  3.463E-01  3.387E-01  3.190E-01
  381.5000  3.057E-01  3.214E-01  3.257E-01  3.185E-01  3.001E-01
  382.5000  2.039E-01  2.144E-01  2.173E-01  2.125E-01  2.002E-01
  383.5000  1.792E-01  1.884E-01  1.910E-01  1.867E-01  1.759E-01
  384.5000  2.693E-01  2.830E-01  2.868E-01  2.805E-01  2.643E-01
  385.5000  2.667E-01  2.803E-01  2.841E-01  2.778E-01  2.618E-01
  386.5000  2.721E-01  2.860E-01  2.898E-01  2.835E-01  2.671E-01
  387.5000  2.531E-01  2.660E-01  2.696E-01  2.637E-01  2.485E-01
  388.5000  2.540E-01  2.669E-01  2.705E-01  2.646E-01  2.493E-01
  389.5000  3.206E-01  3.369E-01  3.414E-01  3.340E-01  3.147E-01
  390.5000  3.152E-01  3.313E-01  3.357E-01  3.283E-01  3.095E-01
  391.5000  3.744E-01  3.934E-01  3.986E-01  3.899E-01  3.675E-01
  392.5000  2.810E-01  2.953E-01  2.992E-01  2.927E-01  2.759E-01
  393.5000  1.223E-01  1.285E-01  1.302E-01  1.274E-01  1.201E-01
  394.5000  2.880E-01  3.026E-01  3.067E-01  3.000E-01  2.828E-01
  395.5000  3.710E-01  3.897E-01  3.949E-01  3.863E-01  3.642E-01
  396.5000  2.180E-01  2.291E-01  2.321E-01  2.271E-01  2.141E-01
  397.5000  2.519E-01  2.646E-01  2.681E-01  2.623E-01  2.473E-01
  398.5000  4.332E-01  4.551E-01  4.611E-01  4.511E-01  4.253E-01
  399.5000  4.510E-01  4.738E-01  4.801E-01  4.696E-01  4.428E-01
  400.5000  4.746E-01  4.985E-01  5.051E-01  4.942E-01  4.660E-01
  401.5000  4.888E-01  5.134E-01  5.202E-01  5.089E-01  4.800E-01
  402.5000  5.079E-01  5.335E-01  5.405E-01  5.288E-01  4.988E-01
  403.5000  4.654E-01  4.888E-01  4.952E-01  4.845E-01  4.570E-01
  404.5000  4.569E-01  4.798E-01  4.861E-01  4.756E-01  4.486E-01
  405.5000  4.751E-01  4.989E-01  5.055E-01  4.945E-01  4.665E-01
  406.5000  4.479E-01  4.703E-01  4.765E-01  4.662E-01  4.398E-01
  407.5000  4.520E-01  4.746E-01  4.808E-01  4.705E-01  4.438E-01
  408.5000  5.038E-01  5.290E-01  5.360E-01  5.244E-01  4.948E-01
  409.5000  4.944E-01  5.191E-01  5.259E-01  5.146E-01  4.855E-01
  410.5000  4.291E-01  4.505E-01  4.565E-01  4.466E-01  4.214E-01
  411.5000  5.163E-01  5.420E-01  5.491E-01  5.373E-01  5.070E-01
  412.5000  5.122E-01  5.377E-01  5.447E-01  5.331E-01  5.030E-01
  413.5000  4.973E-01  5.220E-01  5.288E-01  5.175E-01  4.883E-01
  414.5000  5.115E-01  5.370E-01  5.440E-01  5.323E-01  5.024E-01
  415.5000  4.897E-01  5.140E-01  5.207E-01  5.096E-01  4.810E-01
  416.5000  5.335E-01  5.599E-01  5.672E-01  5.551E-01  5.239E-01
  417.5000  4.881E-01  5.123E-01  5.190E-01  5.079E-01  4.794E-01
  418.5000  4.924E-01  5.168E-01  5.235E-01  5.123E-01  4.836E-01
  419.5000  5.091E-01  5.343E-01  5.412E-01  5.297E-01  5.000E-01
------------------------------------------------------------
Dose rates, W m-2
   1 = UV-B, 280-315 nm                                  
   2 = UV-A, 315-400 nm                                  
   3 = Gaussian, 320 nm, 10 nm FWHM                      
   4 = RB Meter, model 501                               
   5 = DNA damage, in vitro (Setlow, 1974)               
   6 = UV index (WMO, 1994; Webb et al., 2011)           
   7 = Previtamin-D3 (CIE 2006)                          
values at z =      0.000 km
Columns: time, sza, weighting spectra
time, hrs.  sza, deg.          1          2          3          4          5          6          7
   11.0000     65.892  2.403E-01  1.957E+01  9.583E-02  6.841E-02  3.672E-04  1.343E+00  4.622E-02
   11.5000     64.904  2.650E-01  2.061E+01  1.022E-01  7.500E-02  4.125E-04  1.462E+00  5.165E-02
   12.0000     64.631  2.720E-01  2.089E+01  1.040E-01  7.688E-02  4.257E-04  1.496E+00  5.321E-02
   12.5000     65.084  2.604E-01  2.042E+01  1.010E-01  7.377E-02  4.040E-04  1.440E+00  5.063E-02
   13.0000     66.247  2.318E-01  1.920E+01  9.357E-02  6.612E-02  3.519E-04  1.302E+00  4.436E-02
------------------------------------------------------------
