Spectral Irradiance, W m-2 nm-1
values at z =      0.000 km
Columns: wavelength (nm), times (hrs.) or sza (deg.)
    wc, nm     11.000     11.500     12.000     12.500     13.000
    sza =      26.810     23.860     22.983     24.402     27.768
  280.5000  7.467E-12  1.316E-11  1.532E-11  1.194E-11  6.093E-12
  281.5000  1.372E-10  2.303E-10  2.646E-10  2.106E-10  1.140E-10
  282.5000  1.145E-09  1.841E-09  2.092E-09  1.697E-09  9.650E-10
  283.5000  4.114E-09  6.439E-09  7.263E-09  5.961E-09  3.503E-09
  284.5000  2.553E-08  3.801E-08  4.080E-08  3.549E-08  2.213E-08
  285.5000  6.165E-08  8.600E-08  9.749E-08  8.313E-08  5.416E-08
  286.5000  5.477E-07  7.639E-07  8.354E-07  7.214E-07  4.860E-07
  287.5000  2.289E-06  3.093E-06  3.354E-06  2.937E-06  2.054E-06
  288.5000  8.134E-06  1.062E-05  1.142E-05  1.004E-05  7.391E-06
  289.5000  3.491E-05  4.449E-05  4.750E-05  4.267E-05  3.200E-05
  290.5000  1.136E-04  1.419E-04  1.506E-04  1.365E-04  1.049E-04
  291.5000  2.827E-04  3.448E-04  3.638E-04  3.332E-04  2.633E-04
  292.5000  5.571E-04  6.667E-04  6.997E-04  6.464E-04  5.224E-04
  293.5000  1.331E-03  1.564E-03  1.634E-03  1.521E-03  1.256E-03
  294.5000  2.179E-03  2.525E-03  2.627E-03  2.461E-03  2.067E-03
  295.5000  4.671E-03  5.332E-03  5.526E-03  5.211E-03  4.454E-03
  296.5000  7.143E-03  8.053E-03  8.318E-03  7.888E-03  6.842E-03
  297.5000  1.219E-02  1.360E-02  1.400E-02  1.334E-02  1.173E-02
  298.5000  1.319E-02  1.457E-02  1.497E-02  1.432E-02  1.272E-02
  299.5000  2.682E-02  2.938E-02  3.012E-02  2.893E-02  2.596E-02
  300.5000  2.344E-02  2.551E-02  2.610E-02  2.514E-02  2.274E-02
  301.5000  4.313E-02  4.660E-02  4.758E-02  4.598E-02  4.195E-02
  302.5000  5.115E-02  5.501E-02  5.610E-02  5.432E-02  4.984E-02
  303.5000  8.234E-02  8.731E-02  8.967E-02  8.704E-02  8.039E-02
  304.5000  8.716E-02  9.291E-02  9.453E-02  9.189E-02  8.520E-02
  305.5000  1.097E-01  1.164E-01  1.182E-01  1.152E-01  1.074E-01
  306.5000  1.122E-01  1.188E-01  1.207E-01  1.176E-01  1.097E-01
  307.5000  1.556E-01  1.641E-01  1.665E-01  1.626E-01  1.527E-01
  308.5000  1.717E-01  1.807E-01  1.833E-01  1.791E-01  1.685E-01
  309.5000  1.474E-01  1.548E-01  1.569E-01  1.535E-01  1.449E-01
  310.5000  1.958E-01  2.066E-01  2.092E-01  2.049E-01  1.939E-01
  311.5000  2.506E-01  2.623E-01  2.656E-01  2.603E-01  2.466E-01
  312.5000  2.393E-01  2.499E-01  2.528E-01  2.480E-01  2.356E-01
  313.5000  2.700E-01  2.818E-01  2.851E-01  2.797E-01  2.659E-01
  314.5000  2.647E-01  2.758E-01  2.789E-01  2.739E-01  2.609E-01
  315.5000  2.726E-01  2.839E-01  2.870E-01  2.819E-01  2.686E-01
  316.5000  2.674E-01  2.781E-01  2.811E-01  2.762E-01  2.637E-01
  317.5000  3.781E-01  3.932E-01  3.973E-01  3.905E-01  3.729E-01
  318.5000  2.933E-01  3.045E-01  3.077E-01  3.026E-01  2.894E-01
  319.5000  3.568E-01  3.704E-01  3.742E-01  3.680E-01  3.521E-01
  320.5000  4.328E-01  4.491E-01  4.536E-01  4.462E-01  4.271E-01
  321.5000  3.626E-01  3.758E-01  3.794E-01  3.735E-01  3.580E-01
  322.5000  3.688E-01  3.824E-01  3.863E-01  3.801E-01  3.640E-01
  323.5000  3.736E-01  3.869E-01  3.907E-01  3.846E-01  3.689E-01
  324.5000  4.387E-01  4.544E-01  4.587E-01  4.516E-01  4.332E-01
  325.5000  4.928E-01  5.105E-01  5.154E-01  5.073E-01  4.866E-01
  326.5000  5.890E-01  6.096E-01  6.153E-01  6.060E-01  5.819E-01
  327.5000  5.507E-01  5.701E-01  5.755E-01  5.667E-01  5.440E-01
  328.5000  5.084E-01  5.262E-01  5.312E-01  5.231E-01  5.022E-01
  329.5000  6.526E-01  6.750E-01  6.812E-01  6.710E-01  6.448E-01
  330.5000  5.957E-01  6.163E-01  6.220E-01  6.126E-01  5.886E-01
  331.5000  5.891E-01  6.095E-01  6.151E-01  6.059E-01  5.820E-01
  332.5000  5.758E-01  5.954E-01  6.008E-01  5.919E-01  5.690E-01
  333.5000  5.428E-01  5.613E-01  5.664E-01  5.580E-01  5.363E-01
  334.5000  6.053E-01  6.259E-01  6.316E-01  6.223E-01  5.982E-01
  335.5000  6.113E-01  6.318E-01  6.376E-01  6.282E-01  6.041E-01
  336.5000  4.783E-01  4.945E-01  4.989E-01  4.916E-01  4.727E-01
  337.5000  5.264E-01  5.442E-01  5.491E-01  5.410E-01  5.202E-01
  338.5000  5.534E-01  5.719E-01  5.770E-01  5.686E-01  5.469E-01
  339.5000  6.011E-01  6.212E-01  6.268E-01  6.177E-01  5.942E-01
  340.5000  6.435E-01  6.650E-01  6.710E-01  6.613E-01  6.360E-01
  341.5000  5.703E-01  5.893E-01  5.945E-01  5.859E-01  5.637E-01
  342.5000  6.315E-01  6.524E-01  6.582E-01  6.487E-01  6.242E-01
  343.5000  6.563E-01  6.780E-01  6.841E-01  6.742E-01  6.487E-01
  344.5000  4.603E-01  4.755E-01  4.798E-01  4.728E-01  4.550E-01
  345.5000  6.293E-01  6.500E-01  6.558E-01  6.464E-01  6.220E-01
  346.5000  5.892E-01  6.087E-01  6.141E-01  6.053E-01  5.825E-01
  347.5000  5.755E-01  5.945E-01  5.998E-01  5.912E-01  5.689E-01
  348.5000  6.321E-01  6.529E-01  6.587E-01  6.493E-01  6.249E-01
  349.5000  5.297E-01  5.471E-01  5.519E-01  5.440E-01  5.236E-01
  350.5000  7.414E-01  7.657E-01  7.725E-01  7.614E-01  7.330E-01
  351.5000  6.390E-01  6.599E-01  6.657E-01  6.562E-01  6.317E-01
  352.5000  5.761E-01  5.949E-01  6.001E-01  5.916E-01  5.695E-01
  353.5000  6.932E-01  7.158E-01  7.221E-01  7.118E-01  6.853E-01
  354.5000  7.499E-01  7.743E-01  7.811E-01  7.700E-01  7.414E-01
  355.5000  7.007E-01  7.235E-01  7.298E-01  7.194E-01  6.928E-01
  356.5000  6.501E-01  6.712E-01  6.771E-01  6.675E-01  6.428E-01
  357.5000  5.527E-01  5.707E-01  5.756E-01  5.675E-01  5.465E-01
  358.5000  4.264E-01  4.402E-01  4.440E-01  4.378E-01  4.216E-01
  359.5000  7.175E-01  7.407E-01  7.471E-01  7.366E-01  7.094E-01
  360.5000  6.649E-01  6.863E-01  6.923E-01  6.826E-01  6.574E-01
  361.5000  5.993E-01  6.186E-01  6.239E-01  6.152E-01  5.926E-01
  362.5000  7.036E-01  7.262E-01  7.325E-01  7.222E-01  6.957E-01
  363.5000  6.257E-01  6.458E-01  6.514E-01  6.423E-01  6.187E-01
  364.5000  6.825E-01  7.044E-01  7.104E-01  7.005E-01  6.748E-01
  365.5000  8.315E-01  8.581E-01  8.655E-01  8.534E-01  8.222E-01
  366.5000  8.798E-01  9.079E-01  9.157E-01  9.029E-01  8.699E-01
  367.5000  8.351E-01  8.618E-01  8.692E-01  8.571E-01  8.258E-01
  368.5000  7.335E-01  7.569E-01  7.634E-01  7.528E-01  7.253E-01
  369.5000  8.796E-01  9.077E-01  9.154E-01  9.027E-01  8.699E-01
  370.5000  7.979E-01  8.233E-01  8.303E-01  8.188E-01  7.891E-01
  371.5000  9.128E-01  9.418E-01  9.498E-01  9.367E-01  9.027E-01
  372.5000  6.741E-01  6.955E-01  7.014E-01  6.917E-01  6.667E-01
  373.5000  6.092E-01  6.285E-01  6.339E-01  6.251E-01  6.025E-01
  374.5000  6.685E-01  6.897E-01  6.955E-01  6.860E-01  6.612E-01
  375.5000  7.541E-01  7.780E-01  7.846E-01  7.738E-01  7.458E-01
  376.5000  7.529E-01  7.767E-01  7.833E-01  7.725E-01  7.446E-01
  377.5000  8.964E-01  9.247E-01  9.325E-01  9.197E-01  8.866E-01
  378.5000  9.768E-01  1.008E+00  1.016E+00  1.002E+00  9.661E-01
  379.5000  7.226E-01  7.453E-01  7.516E-01  7.413E-01  7.147E-01
  380.5000  8.689E-01  8.962E-01  9.037E-01  8.913E-01  8.594E-01
  381.5000  8.163E-01  8.419E-01  8.490E-01  8.374E-01  8.074E-01
  382.5000  5.439E-01  5.609E-01  5.656E-01  5.579E-01  5.379E-01
  383.5000  4.775E-01  4.924E-01  4.966E-01  4.898E-01  4.723E-01
  384.5000  7.165E-01  7.389E-01  7.451E-01  7.349E-01  7.087E-01
  385.5000  7.088E-01  7.309E-01  7.370E-01  7.270E-01  7.010E-01
  386.5000  7.224E-01  7.449E-01  7.511E-01  7.409E-01  7.145E-01
  387.5000  6.712E-01  6.921E-01  6.979E-01  6.884E-01  6.640E-01
  388.5000  6.727E-01  6.936E-01  6.994E-01  6.899E-01  6.654E-01
  389.5000  8.482E-01  8.746E-01  8.819E-01  8.699E-01  8.390E-01
  390.5000  8.330E-01  8.589E-01  8.660E-01  8.543E-01  8.240E-01
  391.5000  9.882E-01  1.019E+00  1.027E+00  1.013E+00  9.775E-01
  392.5000  7.409E-01  7.638E-01  7.702E-01  7.598E-01  7.329E-01
  393.5000  3.221E-01  3.320E-01  3.348E-01  3.303E-01  3.186E-01
  394.5000  7.578E-01  7.812E-01  7.877E-01  7.771E-01  7.496E-01
  395.5000  9.749E-01  1.005E+00  1.013E+00  9.997E-01  9.644E-01
  396.5000  5.724E-01  5.900E-01  5.949E-01  5.869E-01  5.662E-01
  397.5000  6.604E-01  6.808E-01  6.864E-01  6.772E-01  6.534E-01
  398.5000  1.135E+00  1.170E+00  1.179E+00  1.163E+00  1.123E+00
  399.5000  1.180E+00  1.216E+00  1.226E+00  1.210E+00  1.168E+00
  400.5000  1.241E+00  1.279E+00  1.289E+00  1.272E+00  1.227E+00
  401.5000  1.276E+00  1.315E+00  1.326E+00  1.309E+00  1.263E+00
  402.5000  1.325E+00  1.365E+00  1.377E+00  1.358E+00  1.311E+00
  403.5000  1.213E+00  1.250E+00  1.260E+00  1.243E+00  1.200E+00
  404.5000  1.189E+00  1.226E+00  1.236E+00  1.219E+00  1.177E+00
  405.5000  1.235E+00  1.273E+00  1.283E+00  1.266E+00  1.222E+00
  406.5000  1.163E+00  1.199E+00  1.209E+00  1.193E+00  1.151E+00
  407.5000  1.173E+00  1.209E+00  1.218E+00  1.202E+00  1.160E+00
  408.5000  1.306E+00  1.346E+00  1.357E+00  1.339E+00  1.292E+00
  409.5000  1.280E+00  1.319E+00  1.330E+00  1.312E+00  1.267E+00
  410.5000  1.110E+00  1.144E+00  1.153E+00  1.138E+00  1.098E+00
  411.5000  1.334E+00  1.375E+00  1.386E+00  1.368E+00  1.320E+00
  412.5000  1.322E+00  1.362E+00  1.374E+00  1.355E+00  1.308E+00
  413.5000  1.283E+00  1.321E+00  1.332E+00  1.314E+00  1.269E+00
  414.5000  1.318E+00  1.358E+00  1.369E+00  1.351E+00  1.304E+00
  415.5000  1.261E+00  1.299E+00  1.309E+00  1.292E+00  1.247E+00
  416.5000  1.372E+00  1.413E+00  1.425E+00  1.406E+00  1.358E+00
  417.5000  1.254E+00  1.292E+00  1.302E+00  1.285E+00  1.241E+00
  418.5000  1.264E+00  1.302E+00  1.312E+00  1.295E+00  1.251E+00
  419.5000  1.306E+00  1.345E+00  1.356E+00  1.338E+00  1.292E+00
------------------------------------------------------------
Dose rates, W m-2
   1 = UV-B, 280-315 nm                                  
   2 = UV-A, 315-400 nm                                  
   3 = Gaussian, 320 nm, 10 nm FWHM                      
   4 = RB Meter, model 501                               
   5 = DNA damage, in vitro (Setlow, 1974)               
   6 = UV index (WMO, 1994; Webb et al., 2011)           
   7 = Previtamin-D3 (CIE 2006)                          
values at z =      0.000 km
Columns: time, sza, weighting spectra
time, hrs.  sza, deg.          1          2          3          4          5          6          7
   11.0000     26.810  2.273E+00  5.479E+01  3.658E-01  7.214E-01  1.168E-02  1.461E+01  7.307E-01
   11.5000     23.860  2.395E+00  5.658E+01  3.797E-01  7.645E-01  1.271E-02  1.556E+01  7.773E-01
   12.0000     22.983  2.430E+00  5.707E+01  3.835E-01  7.771E-01  1.301E-02  1.584E+01  7.911E-01
   12.5000     24.402  2.374E+00  5.627E+01  3.772E-01  7.572E-01  1.253E-02  1.540E+01  7.695E-01
   13.0000     27.768  2.232E+00  5.417E+01  3.610E-01  7.068E-01  1.133E-02  1.428E+01  7.149E-01
------------------------------------------------------------
