Spectral Irradiance, W m-2 nm-1
values at z =      0.000 km
Columns: wavelength (nm), times (hrs.) or sza (deg.)
    wc, nm     11.000     11.500     12.000     12.500     13.000
    sza =      77.215     76.806     76.626     76.677     76.957
  280.5000  4.186E-39  4.303E-39  4.355E-39  4.340E-39  4.259E-39
  281.5000  1.422E-35  1.462E-35  1.480E-35  1.475E-35  1.447E-35
  282.5000  1.052E-32  1.082E-32  1.095E-32  1.091E-32  1.070E-32
  283.5000  6.920E-31  7.117E-31  7.205E-31  7.180E-31  7.044E-31
  284.5000  8.778E-28  9.032E-28  9.146E-28  9.113E-28  8.938E-28
  285.5000  1.087E-25  1.119E-25  1.133E-25  1.129E-25  1.107E-25
  286.5000  1.991E-23  2.050E-23  2.076E-23  2.069E-23  2.028E-23
  287.5000  2.406E-21  2.479E-21  2.512E-21  2.502E-21  2.452E-21
  288.5000  3.348E-19  3.452E-19  3.498E-19  3.485E-19  3.413E-19
  289.5000  1.990E-17  2.053E-17  2.082E-17  2.074E-17  2.030E-17
  290.5000  5.928E-16  6.119E-16  6.205E-16  6.180E-16  6.048E-16
  291.5000  1.831E-14  1.892E-14  1.920E-14  1.912E-14  1.869E-14
  292.5000  2.864E-13  2.963E-13  3.007E-13  2.994E-13  2.926E-13
  293.5000  4.857E-12  5.029E-12  5.107E-12  5.084E-12  4.965E-12
  294.5000  3.726E-11  3.862E-11  3.924E-11  3.906E-11  3.811E-11
  295.5000  4.177E-10  4.337E-10  4.409E-10  4.388E-10  4.277E-10
  296.5000  2.563E-09  2.665E-09  2.711E-09  2.698E-09  2.627E-09
  297.5000  1.501E-08  1.563E-08  1.591E-08  1.583E-08  1.540E-08
  298.5000  4.660E-08  4.862E-08  4.955E-08  4.928E-08  4.786E-08
  299.5000  2.609E-07  2.729E-07  2.784E-07  2.768E-07  2.684E-07
  300.5000  5.047E-07  5.293E-07  5.406E-07  5.374E-07  5.200E-07
  301.5000  2.259E-06  2.380E-06  2.437E-06  2.420E-06  2.335E-06
  302.5000  4.904E-06  5.190E-06  5.325E-06  5.286E-06  5.082E-06
  303.5000  1.678E-05  1.790E-05  1.843E-05  1.828E-05  1.747E-05
  304.5000  2.811E-05  3.018E-05  3.116E-05  3.088E-05  2.939E-05
  305.5000  7.426E-05  8.060E-05  8.363E-05  8.275E-05  7.818E-05
  306.5000  1.067E-04  1.164E-04  1.210E-04  1.197E-04  1.127E-04
  307.5000  3.024E-04  3.323E-04  3.465E-04  3.424E-04  3.209E-04
  308.5000  4.463E-04  4.913E-04  5.125E-04  5.064E-04  4.742E-04
  309.5000  6.554E-04  7.219E-04  7.532E-04  7.442E-04  6.967E-04
  310.5000  1.313E-03  1.445E-03  1.506E-03  1.488E-03  1.395E-03
  311.5000  2.198E-03  2.413E-03  2.513E-03  2.484E-03  2.332E-03
  312.5000  3.508E-03  3.829E-03  3.976E-03  3.934E-03  3.708E-03
  313.5000  4.474E-03  4.876E-03  5.060E-03  5.007E-03  4.725E-03
  314.5000  6.952E-03  7.519E-03  7.778E-03  7.703E-03  7.307E-03
  315.5000  7.723E-03  8.342E-03  8.625E-03  8.544E-03  8.111E-03
  316.5000  1.094E-02  1.173E-02  1.209E-02  1.199E-02  1.143E-02
  317.5000  1.549E-02  1.661E-02  1.712E-02  1.698E-02  1.619E-02
  318.5000  1.692E-02  1.802E-02  1.852E-02  1.837E-02  1.761E-02
  319.5000  2.199E-02  2.339E-02  2.401E-02  2.384E-02  2.287E-02
  320.5000  2.889E-02  3.067E-02  3.147E-02  3.124E-02  3.001E-02
  321.5000  3.329E-02  3.508E-02  3.588E-02  3.565E-02  3.442E-02
  322.5000  2.651E-02  2.810E-02  2.881E-02  2.860E-02  2.750E-02
  323.5000  3.962E-02  4.161E-02  4.249E-02  4.224E-02  4.087E-02
  324.5000  4.588E-02  4.820E-02  4.924E-02  4.894E-02  4.734E-02
  325.5000  4.902E-02  5.158E-02  5.272E-02  5.239E-02  5.063E-02
  326.5000  7.640E-02  7.986E-02  8.140E-02  8.096E-02  7.858E-02
  327.5000  6.564E-02  6.876E-02  7.015E-02  6.975E-02  6.760E-02
  328.5000  6.084E-02  6.373E-02  6.502E-02  6.465E-02  6.266E-02
  329.5000  9.517E-02  9.920E-02  1.010E-01  1.005E-01  9.770E-02
  330.5000  8.013E-02  8.370E-02  8.529E-02  8.484E-02  8.238E-02
  331.5000  7.803E-02  8.154E-02  8.311E-02  8.266E-02  8.024E-02
  332.5000  8.804E-02  9.168E-02  9.329E-02  9.283E-02  9.033E-02
  333.5000  7.815E-02  8.151E-02  8.301E-02  8.258E-02  8.027E-02
  334.5000  9.007E-02  9.387E-02  9.555E-02  9.507E-02  9.246E-02
  335.5000  9.748E-02  1.014E-01  1.032E-01  1.027E-01  9.996E-02
  336.5000  7.487E-02  7.794E-02  7.930E-02  7.891E-02  7.680E-02
  337.5000  7.865E-02  8.198E-02  8.346E-02  8.303E-02  8.074E-02
  338.5000  8.892E-02  9.252E-02  9.411E-02  9.366E-02  9.118E-02
  339.5000  9.766E-02  1.016E-01  1.033E-01  1.028E-01  1.001E-01
  340.5000  1.020E-01  1.062E-01  1.080E-01  1.075E-01  1.046E-01
  341.5000  9.388E-02  9.763E-02  9.930E-02  9.882E-02  9.624E-02
  342.5000  1.048E-01  1.089E-01  1.108E-01  1.103E-01  1.074E-01
  343.5000  1.077E-01  1.120E-01  1.139E-01  1.134E-01  1.104E-01
  344.5000  7.459E-02  7.762E-02  7.896E-02  7.858E-02  7.650E-02
  345.5000  1.058E-01  1.100E-01  1.118E-01  1.113E-01  1.084E-01
  346.5000  9.711E-02  1.010E-01  1.028E-01  1.023E-01  9.957E-02
  347.5000  9.523E-02  9.906E-02  1.008E-01  1.003E-01  9.764E-02
  348.5000  1.056E-01  1.098E-01  1.117E-01  1.111E-01  1.082E-01
  349.5000  8.848E-02  9.203E-02  9.360E-02  9.316E-02  9.072E-02
  350.5000  1.242E-01  1.292E-01  1.314E-01  1.308E-01  1.274E-01
  351.5000  1.069E-01  1.112E-01  1.131E-01  1.126E-01  1.096E-01
  352.5000  9.678E-02  1.007E-01  1.024E-01  1.019E-01  9.922E-02
  353.5000  1.171E-01  1.218E-01  1.238E-01  1.232E-01  1.200E-01
  354.5000  1.273E-01  1.323E-01  1.346E-01  1.340E-01  1.305E-01
  355.5000  1.191E-01  1.239E-01  1.260E-01  1.254E-01  1.221E-01
  356.5000  1.106E-01  1.151E-01  1.170E-01  1.165E-01  1.134E-01
  357.5000  9.414E-02  9.791E-02  9.959E-02  9.911E-02  9.652E-02
  358.5000  7.285E-02  7.577E-02  7.706E-02  7.669E-02  7.468E-02
  359.5000  1.228E-01  1.277E-01  1.299E-01  1.292E-01  1.258E-01
  360.5000  1.139E-01  1.185E-01  1.205E-01  1.200E-01  1.168E-01
  361.5000  1.030E-01  1.071E-01  1.089E-01  1.084E-01  1.056E-01
  362.5000  1.211E-01  1.260E-01  1.282E-01  1.275E-01  1.242E-01
  363.5000  1.079E-01  1.123E-01  1.142E-01  1.136E-01  1.107E-01
  364.5000  1.179E-01  1.226E-01  1.247E-01  1.241E-01  1.208E-01
  365.5000  1.437E-01  1.495E-01  1.521E-01  1.513E-01  1.474E-01
  366.5000  1.524E-01  1.585E-01  1.612E-01  1.604E-01  1.562E-01
  367.5000  1.450E-01  1.508E-01  1.534E-01  1.526E-01  1.486E-01
  368.5000  1.275E-01  1.326E-01  1.349E-01  1.343E-01  1.307E-01
  369.5000  1.531E-01  1.593E-01  1.620E-01  1.613E-01  1.570E-01
  370.5000  1.391E-01  1.447E-01  1.472E-01  1.465E-01  1.426E-01
  371.5000  1.594E-01  1.658E-01  1.687E-01  1.679E-01  1.635E-01
  372.5000  1.179E-01  1.227E-01  1.248E-01  1.242E-01  1.209E-01
  373.5000  1.067E-01  1.110E-01  1.129E-01  1.124E-01  1.094E-01
  374.5000  1.173E-01  1.220E-01  1.241E-01  1.235E-01  1.203E-01
  375.5000  1.325E-01  1.379E-01  1.402E-01  1.396E-01  1.359E-01
  376.5000  1.325E-01  1.379E-01  1.402E-01  1.396E-01  1.359E-01
  377.5000  1.580E-01  1.644E-01  1.672E-01  1.664E-01  1.620E-01
  378.5000  1.725E-01  1.794E-01  1.825E-01  1.816E-01  1.769E-01
  379.5000  1.278E-01  1.329E-01  1.352E-01  1.346E-01  1.310E-01
  380.5000  1.539E-01  1.601E-01  1.629E-01  1.621E-01  1.578E-01
  381.5000  1.448E-01  1.507E-01  1.533E-01  1.525E-01  1.485E-01
  382.5000  9.662E-02  1.005E-01  1.023E-01  1.018E-01  9.908E-02
  383.5000  8.496E-02  8.840E-02  8.992E-02  8.949E-02  8.713E-02
  384.5000  1.277E-01  1.329E-01  1.351E-01  1.345E-01  1.309E-01
  385.5000  1.265E-01  1.316E-01  1.339E-01  1.333E-01  1.297E-01
  386.5000  1.291E-01  1.344E-01  1.367E-01  1.360E-01  1.324E-01
  387.5000  1.202E-01  1.251E-01  1.272E-01  1.266E-01  1.233E-01
  388.5000  1.206E-01  1.255E-01  1.277E-01  1.271E-01  1.237E-01
  389.5000  1.524E-01  1.585E-01  1.613E-01  1.605E-01  1.562E-01
  390.5000  1.499E-01  1.559E-01  1.586E-01  1.579E-01  1.537E-01
  391.5000  1.781E-01  1.853E-01  1.885E-01  1.876E-01  1.826E-01
  392.5000  1.337E-01  1.391E-01  1.415E-01  1.408E-01  1.371E-01
  393.5000  5.821E-02  6.057E-02  6.162E-02  6.132E-02  5.970E-02
  394.5000  1.372E-01  1.427E-01  1.452E-01  1.445E-01  1.407E-01
  395.5000  1.768E-01  1.839E-01  1.871E-01  1.862E-01  1.813E-01
  396.5000  1.039E-01  1.082E-01  1.100E-01  1.095E-01  1.066E-01
  397.5000  1.201E-01  1.250E-01  1.272E-01  1.265E-01  1.232E-01
  398.5000  2.067E-01  2.151E-01  2.188E-01  2.178E-01  2.120E-01
  399.5000  2.153E-01  2.241E-01  2.279E-01  2.268E-01  2.208E-01
  400.5000  2.267E-01  2.359E-01  2.400E-01  2.388E-01  2.325E-01
  401.5000  2.336E-01  2.431E-01  2.473E-01  2.461E-01  2.396E-01
  402.5000  2.429E-01  2.527E-01  2.571E-01  2.558E-01  2.491E-01
  403.5000  2.226E-01  2.317E-01  2.357E-01  2.345E-01  2.283E-01
  404.5000  2.187E-01  2.276E-01  2.315E-01  2.304E-01  2.243E-01
  405.5000  2.275E-01  2.368E-01  2.408E-01  2.397E-01  2.333E-01
  406.5000  2.146E-01  2.233E-01  2.272E-01  2.261E-01  2.201E-01
  407.5000  2.167E-01  2.255E-01  2.293E-01  2.282E-01  2.222E-01
  408.5000  2.416E-01  2.514E-01  2.558E-01  2.545E-01  2.478E-01
  409.5000  2.372E-01  2.468E-01  2.511E-01  2.499E-01  2.433E-01
  410.5000  2.060E-01  2.144E-01  2.181E-01  2.170E-01  2.113E-01
  411.5000  2.480E-01  2.581E-01  2.625E-01  2.612E-01  2.543E-01
  412.5000  2.462E-01  2.562E-01  2.606E-01  2.593E-01  2.525E-01
  413.5000  2.392E-01  2.488E-01  2.531E-01  2.519E-01  2.453E-01
  414.5000  2.462E-01  2.561E-01  2.605E-01  2.593E-01  2.524E-01
  415.5000  2.358E-01  2.453E-01  2.495E-01  2.483E-01  2.418E-01
  416.5000  2.569E-01  2.674E-01  2.720E-01  2.706E-01  2.635E-01
  417.5000  2.352E-01  2.448E-01  2.490E-01  2.478E-01  2.412E-01
  418.5000  2.374E-01  2.470E-01  2.513E-01  2.501E-01  2.435E-01
  419.5000  2.456E-01  2.556E-01  2.600E-01  2.587E-01  2.519E-01
------------------------------------------------------------
Dose rates, W m-2
   1 = UV-B, 280-315 nm                                  
   2 = UV-A, 315-400 nm                                  
   3 = Gaussian, 320 nm, 10 nm FWHM                      
   4 = RB Meter, model 501                               
   5 = DNA damage, in vitro (Setlow, 1974)               
   6 = UV index (WMO, 1994; Webb et al., 2011)           
   7 = Previtamin-D3 (CIE 2006)                          
values at z =      0.000 km
Columns: time, sza, weighting spectra
time, hrs.  sza, deg.          1          2          3          4          5          6          7
   11.0000     77.215  2.008E-02  8.899E+00  2.703E-02  1.013E-02  3.793E-05  2.932E-01  3.313E-03
   11.5000     76.806  2.188E-02  9.266E+00  2.855E-02  1.080E-02  4.034E-05  3.088E-01  3.589E-03
   12.0000     76.626  2.271E-02  9.429E+00  2.923E-02  1.110E-02  4.144E-05  3.158E-01  3.716E-03
   12.5000     76.677  2.247E-02  9.382E+00  2.904E-02  1.101E-02  4.112E-05  3.138E-01  3.679E-03
   13.0000     76.957  2.120E-02  9.130E+00  2.798E-02  1.055E-02  3.944E-05  3.030E-01  3.485E-03
------------------------------------------------------------
