Spectral Irradiance, W m-2 nm-1
values at z =      0.000 km
Columns: wavelength (nm), times (hrs.) or sza (deg.)
    wc, nm     11.000     11.500     12.000     12.500     13.000
    sza =      48.876     47.851     47.461     47.726     48.634
  280.5000  1.525E-21  3.661E-21  5.050E-21  4.062E-21  1.883E-21
  281.5000  2.135E-19  4.737E-19  6.348E-19  5.208E-19  2.587E-19
  282.5000  1.019E-17  2.083E-17  2.760E-17  2.303E-17  1.214E-17
  283.5000  1.136E-16  2.253E-16  2.888E-16  2.444E-16  1.340E-16
  284.5000  5.551E-15  1.016E-14  1.269E-14  1.092E-14  6.421E-15
  285.5000  6.164E-14  1.063E-13  1.299E-13  1.135E-13  7.029E-14
  286.5000  1.768E-12  2.915E-12  3.502E-12  3.093E-12  1.994E-12
  287.5000  2.713E-11  4.251E-11  5.014E-11  4.484E-11  3.022E-11
  288.5000  3.958E-10  5.872E-10  6.788E-10  6.154E-10  4.352E-10
  289.5000  4.665E-09  6.655E-09  7.584E-09  6.942E-09  5.082E-09
  290.5000  3.549E-08  4.899E-08  5.517E-08  5.091E-08  3.836E-08
  291.5000  2.310E-07  3.073E-07  3.413E-07  3.179E-07  2.474E-07
  292.5000  1.000E-06  1.290E-06  1.417E-06  1.330E-06  1.063E-06
  293.5000  5.008E-06  6.280E-06  6.826E-06  6.452E-06  5.288E-06
  294.5000  1.463E-05  1.794E-05  1.934E-05  1.839E-05  1.537E-05
  295.5000  5.800E-05  6.949E-05  7.426E-05  7.100E-05  6.058E-05
  296.5000  1.477E-04  1.735E-04  1.842E-04  1.769E-04  1.536E-04
  297.5000  3.944E-04  4.555E-04  4.803E-04  4.634E-04  4.083E-04
  298.5000  6.214E-04  7.075E-04  7.421E-04  7.185E-04  6.411E-04
  299.5000  1.803E-03  2.025E-03  2.114E-03  2.053E-03  1.854E-03
  300.5000  2.067E-03  2.298E-03  2.389E-03  2.327E-03  2.121E-03
  301.5000  5.105E-03  5.612E-03  5.811E-03  5.676E-03  5.223E-03
  302.5000  7.344E-03  8.014E-03  8.276E-03  8.098E-03  7.500E-03
  303.5000  1.484E-02  1.606E-02  1.653E-02  1.621E-02  1.513E-02
  304.5000  1.791E-02  1.928E-02  1.982E-02  1.945E-02  1.824E-02
  305.5000  2.739E-02  2.927E-02  2.999E-02  2.950E-02  2.783E-02
  306.5000  3.048E-02  3.247E-02  3.323E-02  3.271E-02  3.095E-02
  307.5000  4.962E-02  5.253E-02  5.364E-02  5.289E-02  5.030E-02
  308.5000  5.822E-02  6.149E-02  6.274E-02  6.189E-02  5.899E-02
  309.5000  5.558E-02  5.846E-02  5.955E-02  5.882E-02  5.626E-02
  310.5000  8.015E-02  8.407E-02  8.556E-02  8.455E-02  8.108E-02
  311.5000  1.071E-01  1.121E-01  1.141E-01  1.128E-01  1.083E-01
  312.5000  1.117E-01  1.166E-01  1.184E-01  1.171E-01  1.129E-01
  313.5000  1.288E-01  1.343E-01  1.364E-01  1.349E-01  1.301E-01
  314.5000  1.361E-01  1.416E-01  1.436E-01  1.422E-01  1.375E-01
  315.5000  1.421E-01  1.476E-01  1.497E-01  1.483E-01  1.434E-01
  316.5000  1.478E-01  1.532E-01  1.553E-01  1.539E-01  1.491E-01
  317.5000  2.093E-01  2.169E-01  2.198E-01  2.178E-01  2.111E-01
  318.5000  1.712E-01  1.771E-01  1.793E-01  1.778E-01  1.726E-01
  319.5000  2.106E-01  2.178E-01  2.205E-01  2.187E-01  2.123E-01
  320.5000  2.588E-01  2.674E-01  2.707E-01  2.685E-01  2.607E-01
  321.5000  2.276E-01  2.348E-01  2.375E-01  2.356E-01  2.293E-01
  322.5000  2.233E-01  2.307E-01  2.335E-01  2.316E-01  2.251E-01
  323.5000  2.399E-01  2.472E-01  2.500E-01  2.481E-01  2.417E-01
  324.5000  2.813E-01  2.900E-01  2.932E-01  2.910E-01  2.834E-01
  325.5000  3.139E-01  3.236E-01  3.273E-01  3.248E-01  3.162E-01
  326.5000  3.904E-01  4.019E-01  4.062E-01  4.033E-01  3.932E-01
  327.5000  3.608E-01  3.715E-01  3.756E-01  3.728E-01  3.633E-01
  328.5000  3.334E-01  3.433E-01  3.471E-01  3.445E-01  3.358E-01
  329.5000  4.408E-01  4.534E-01  4.581E-01  4.549E-01  4.438E-01
  330.5000  3.979E-01  4.094E-01  4.137E-01  4.108E-01  4.006E-01
  331.5000  3.928E-01  4.042E-01  4.085E-01  4.056E-01  3.955E-01
  332.5000  3.922E-01  4.033E-01  4.074E-01  4.046E-01  3.949E-01
  333.5000  3.667E-01  3.771E-01  3.811E-01  3.784E-01  3.692E-01
  334.5000  4.111E-01  4.227E-01  4.271E-01  4.241E-01  4.139E-01
  335.5000  4.196E-01  4.312E-01  4.356E-01  4.326E-01  4.223E-01
  336.5000  3.276E-01  3.367E-01  3.402E-01  3.378E-01  3.298E-01
  337.5000  3.583E-01  3.683E-01  3.721E-01  3.695E-01  3.606E-01
  338.5000  3.808E-01  3.913E-01  3.952E-01  3.926E-01  3.833E-01
  339.5000  4.145E-01  4.259E-01  4.302E-01  4.273E-01  4.172E-01
  340.5000  4.423E-01  4.546E-01  4.592E-01  4.560E-01  4.452E-01
  341.5000  3.943E-01  4.051E-01  4.092E-01  4.064E-01  3.969E-01
  342.5000  4.373E-01  4.492E-01  4.537E-01  4.507E-01  4.401E-01
  343.5000  4.539E-01  4.663E-01  4.710E-01  4.679E-01  4.569E-01
  344.5000  3.179E-01  3.266E-01  3.299E-01  3.277E-01  3.200E-01
  345.5000  4.371E-01  4.490E-01  4.534E-01  4.504E-01  4.399E-01
  346.5000  4.083E-01  4.194E-01  4.236E-01  4.208E-01  4.110E-01
  347.5000  3.992E-01  4.101E-01  4.142E-01  4.114E-01  4.018E-01
  348.5000  4.393E-01  4.511E-01  4.556E-01  4.526E-01  4.421E-01
  349.5000  3.682E-01  3.782E-01  3.819E-01  3.794E-01  3.706E-01
  350.5000  5.159E-01  5.298E-01  5.350E-01  5.315E-01  5.192E-01
  351.5000  4.447E-01  4.566E-01  4.612E-01  4.581E-01  4.475E-01
  352.5000  4.013E-01  4.120E-01  4.161E-01  4.134E-01  4.038E-01
  353.5000  4.834E-01  4.963E-01  5.012E-01  4.979E-01  4.865E-01
  354.5000  5.235E-01  5.375E-01  5.428E-01  5.392E-01  5.268E-01
  355.5000  4.894E-01  5.025E-01  5.074E-01  5.041E-01  4.925E-01
  356.5000  4.543E-01  4.664E-01  4.710E-01  4.679E-01  4.572E-01
  357.5000  3.865E-01  3.967E-01  4.006E-01  3.980E-01  3.889E-01
  358.5000  2.984E-01  3.063E-01  3.093E-01  3.073E-01  3.002E-01
  359.5000  5.023E-01  5.156E-01  5.207E-01  5.173E-01  5.055E-01
  360.5000  4.658E-01  4.781E-01  4.827E-01  4.796E-01  4.687E-01
  361.5000  4.201E-01  4.312E-01  4.354E-01  4.325E-01  4.227E-01
  362.5000  4.935E-01  5.065E-01  5.114E-01  5.081E-01  4.966E-01
  363.5000  4.392E-01  4.507E-01  4.551E-01  4.521E-01  4.419E-01
  364.5000  4.792E-01  4.918E-01  4.966E-01  4.934E-01  4.822E-01
  365.5000  5.841E-01  5.994E-01  6.052E-01  6.013E-01  5.878E-01
  366.5000  6.184E-01  6.346E-01  6.407E-01  6.366E-01  6.223E-01
  367.5000  5.873E-01  6.027E-01  6.085E-01  6.046E-01  5.910E-01
  368.5000  5.161E-01  5.296E-01  5.347E-01  5.313E-01  5.194E-01
  369.5000  6.193E-01  6.355E-01  6.416E-01  6.375E-01  6.232E-01
  370.5000  5.620E-01  5.767E-01  5.822E-01  5.785E-01  5.655E-01
  371.5000  6.433E-01  6.601E-01  6.664E-01  6.621E-01  6.473E-01
  372.5000  4.753E-01  4.877E-01  4.924E-01  4.892E-01  4.783E-01
  373.5000  4.298E-01  4.409E-01  4.451E-01  4.423E-01  4.324E-01
  374.5000  4.718E-01  4.841E-01  4.887E-01  4.856E-01  4.748E-01
  375.5000  5.325E-01  5.463E-01  5.515E-01  5.480E-01  5.358E-01
  376.5000  5.319E-01  5.457E-01  5.509E-01  5.474E-01  5.352E-01
  377.5000  6.336E-01  6.500E-01  6.561E-01  6.520E-01  6.375E-01
  378.5000  6.908E-01  7.086E-01  7.153E-01  7.108E-01  6.950E-01
  379.5000  5.112E-01  5.244E-01  5.294E-01  5.260E-01  5.144E-01
  380.5000  6.150E-01  6.308E-01  6.368E-01  6.327E-01  6.188E-01
  381.5000  5.781E-01  5.929E-01  5.985E-01  5.947E-01  5.816E-01
  382.5000  3.853E-01  3.952E-01  3.989E-01  3.964E-01  3.877E-01
  383.5000  3.385E-01  3.471E-01  3.504E-01  3.482E-01  3.405E-01
  384.5000  5.081E-01  5.211E-01  5.259E-01  5.226E-01  5.112E-01
  385.5000  5.028E-01  5.156E-01  5.205E-01  5.172E-01  5.059E-01
  386.5000  5.127E-01  5.258E-01  5.307E-01  5.273E-01  5.158E-01
  387.5000  4.766E-01  4.887E-01  4.933E-01  4.902E-01  4.795E-01
  388.5000  4.779E-01  4.900E-01  4.946E-01  4.915E-01  4.808E-01
  389.5000  6.028E-01  6.181E-01  6.239E-01  6.200E-01  6.065E-01
  390.5000  5.923E-01  6.073E-01  6.129E-01  6.091E-01  5.959E-01
  391.5000  7.028E-01  7.206E-01  7.274E-01  7.228E-01  7.071E-01
  392.5000  5.272E-01  5.405E-01  5.456E-01  5.422E-01  5.304E-01
  393.5000  2.293E-01  2.351E-01  2.372E-01  2.358E-01  2.307E-01
  394.5000  5.397E-01  5.533E-01  5.584E-01  5.549E-01  5.429E-01
  395.5000  6.946E-01  7.120E-01  7.186E-01  7.142E-01  6.987E-01
  396.5000  4.080E-01  4.182E-01  4.221E-01  4.195E-01  4.104E-01
  397.5000  4.709E-01  4.827E-01  4.872E-01  4.842E-01  4.737E-01
  398.5000  8.094E-01  8.297E-01  8.374E-01  8.322E-01  8.143E-01
  399.5000  8.421E-01  8.632E-01  8.712E-01  8.658E-01  8.472E-01
  400.5000  8.856E-01  9.078E-01  9.161E-01  9.105E-01  8.909E-01
  401.5000  9.114E-01  9.342E-01  9.428E-01  9.370E-01  9.169E-01
  402.5000  9.465E-01  9.701E-01  9.790E-01  9.730E-01  9.521E-01
  403.5000  8.666E-01  8.882E-01  8.964E-01  8.908E-01  8.718E-01
  404.5000  8.502E-01  8.714E-01  8.794E-01  8.740E-01  8.553E-01
  405.5000  8.835E-01  9.054E-01  9.137E-01  9.081E-01  8.887E-01
  406.5000  8.324E-01  8.530E-01  8.608E-01  8.556E-01  8.373E-01
  407.5000  8.394E-01  8.602E-01  8.681E-01  8.628E-01  8.444E-01
  408.5000  9.351E-01  9.583E-01  9.670E-01  9.611E-01  9.407E-01
  409.5000  9.170E-01  9.397E-01  9.482E-01  9.424E-01  9.224E-01
  410.5000  7.954E-01  8.151E-01  8.225E-01  8.175E-01  8.001E-01
  411.5000  9.564E-01  9.800E-01  9.889E-01  9.829E-01  9.620E-01
  412.5000  9.482E-01  9.715E-01  9.804E-01  9.744E-01  9.537E-01
  413.5000  9.199E-01  9.425E-01  9.511E-01  9.453E-01  9.253E-01
  414.5000  9.457E-01  9.689E-01  9.777E-01  9.718E-01  9.512E-01
  415.5000  9.048E-01  9.270E-01  9.354E-01  9.297E-01  9.101E-01
  416.5000  9.850E-01  1.009E+00  1.018E+00  1.012E+00  9.907E-01
  417.5000  9.007E-01  9.228E-01  9.311E-01  9.255E-01  9.060E-01
  418.5000  9.080E-01  9.302E-01  9.386E-01  9.329E-01  9.133E-01
  419.5000  9.382E-01  9.612E-01  9.698E-01  9.640E-01  9.437E-01
------------------------------------------------------------
Dose rates, W m-2
   1 = UV-B, 280-315 nm                                  
   2 = UV-A, 315-400 nm                                  
   3 = Gaussian, 320 nm, 10 nm FWHM                      
   4 = RB Meter, model 501                               
   5 = DNA damage, in vitro (Setlow, 1974)               
   6 = UV index (WMO, 1994; Webb et al., 2011)           
   7 = Previtamin-D3 (CIE 2006)                          
values at z =      0.000 km
Columns: time, sza, weighting spectra
time, hrs.  sza, deg.          1          2          3          4          5          6          7
   11.0000     48.876  8.355E-01  3.793E+01  2.182E-01  2.336E-01  1.857E-03  4.343E+00  1.973E-01
   11.5000     47.851  8.776E-01  3.895E+01  2.255E-01  2.458E-01  1.990E-03  4.567E+00  2.091E-01
   12.0000     47.461  8.936E-01  3.933E+01  2.282E-01  2.504E-01  2.042E-03  4.654E+00  2.136E-01
   12.5000     47.726  8.827E-01  3.907E+01  2.264E-01  2.473E-01  2.007E-03  4.595E+00  2.105E-01
   13.0000     48.634  8.455E-01  3.817E+01  2.199E-01  2.365E-01  1.888E-03  4.396E+00  2.000E-01
------------------------------------------------------------
