Spectral Irradiance, W m-2 nm-1
values at z =      0.000 km
Columns: wavelength (nm), times (hrs.) or sza (deg.)
    wc, nm     11.000     11.500     12.000     12.500     13.000
    sza =      49.734     49.090     49.089     49.728     50.979
  280.5000  1.830E-27  3.847E-27  3.853E-27  1.843E-27  4.063E-28
  281.5000  9.037E-25  1.775E-24  1.777E-24  9.095E-25  2.302E-25
  282.5000  1.272E-22  2.357E-22  2.361E-22  1.280E-22  3.645E-23
  283.5000  2.864E-21  5.111E-21  5.117E-21  2.879E-21  8.857E-22
  284.5000  5.037E-19  8.392E-19  8.402E-19  5.061E-19  1.791E-19
  285.5000  1.442E-17  2.284E-17  2.286E-17  1.448E-17  5.684E-18
  286.5000  8.566E-16  1.305E-15  1.306E-15  8.600E-16  3.654E-16
  287.5000  2.946E-14  4.298E-14  4.302E-14  2.957E-14  1.372E-14
  288.5000  1.034E-12  1.439E-12  1.440E-12  1.037E-12  5.292E-13
  289.5000  2.282E-11  3.072E-11  3.074E-11  2.288E-11  1.250E-11
  290.5000  2.942E-10  3.852E-10  3.854E-10  2.950E-10  1.707E-10
  291.5000  3.482E-09  4.416E-09  4.418E-09  3.490E-09  2.154E-09
  292.5000  2.459E-08  3.039E-08  3.040E-08  2.464E-08  1.603E-08
  293.5000  1.952E-07  2.354E-07  2.355E-07  1.955E-07  1.337E-07
  294.5000  8.176E-07  9.675E-07  9.679E-07  8.189E-07  5.819E-07
  295.5000  4.755E-06  5.514E-06  5.516E-06  4.762E-06  3.524E-06
  296.5000  1.664E-05  1.898E-05  1.899E-05  1.666E-05  1.276E-05
  297.5000  5.872E-05  6.600E-05  6.601E-05  5.878E-05  4.636E-05
  298.5000  1.170E-04  1.299E-04  1.300E-04  1.171E-04  9.471E-05
  299.5000  4.237E-04  4.651E-04  4.652E-04  4.221E-04  3.511E-04
  300.5000  5.756E-04  6.246E-04  6.261E-04  5.761E-04  4.855E-04
  301.5000  1.708E-03  1.841E-03  1.842E-03  1.710E-03  1.459E-03
  302.5000  2.772E-03  2.969E-03  2.970E-03  2.774E-03  2.414E-03
  303.5000  6.460E-03  6.867E-03  6.868E-03  6.463E-03  5.709E-03
  304.5000  8.463E-03  8.960E-03  8.961E-03  8.468E-03  7.544E-03
  305.5000  1.462E-02  1.538E-02  1.538E-02  1.462E-02  1.320E-02
  306.5000  1.714E-02  1.798E-02  1.799E-02  1.715E-02  1.556E-02
  307.5000  3.083E-02  3.218E-02  3.219E-02  3.085E-02  2.829E-02
  308.5000  3.759E-02  3.916E-02  3.917E-02  3.761E-02  3.463E-02
  309.5000  3.833E-02  3.979E-02  3.980E-02  3.834E-02  3.543E-02
  310.5000  5.793E-02  5.999E-02  6.000E-02  5.795E-02  5.399E-02
  311.5000  7.985E-02  8.256E-02  8.256E-02  7.987E-02  7.466E-02
  312.5000  8.795E-02  9.067E-02  9.068E-02  8.798E-02  8.272E-02
  313.5000  1.022E-01  1.059E-01  1.059E-01  1.026E-01  9.677E-02
  314.5000  1.138E-01  1.170E-01  1.170E-01  1.139E-01  1.077E-01
  315.5000  1.197E-01  1.230E-01  1.230E-01  1.197E-01  1.134E-01
  316.5000  1.290E-01  1.323E-01  1.324E-01  1.291E-01  1.227E-01
  317.5000  1.828E-01  1.875E-01  1.875E-01  1.829E-01  1.739E-01
  318.5000  1.545E-01  1.582E-01  1.583E-01  1.545E-01  1.475E-01
  319.5000  1.914E-01  1.959E-01  1.959E-01  1.915E-01  1.828E-01
  320.5000  2.370E-01  2.424E-01  2.424E-01  2.370E-01  2.265E-01
  321.5000  2.148E-01  2.193E-01  2.194E-01  2.148E-01  2.060E-01
  322.5000  2.060E-01  2.106E-01  2.106E-01  2.061E-01  1.971E-01
  323.5000  2.295E-01  2.342E-01  2.342E-01  2.296E-01  2.204E-01
  324.5000  2.688E-01  2.744E-01  2.744E-01  2.689E-01  2.581E-01
  325.5000  2.986E-01  3.048E-01  3.048E-01  2.986E-01  2.866E-01
  326.5000  3.807E-01  3.881E-01  3.881E-01  3.808E-01  3.663E-01
  327.5000  3.490E-01  3.559E-01  3.560E-01  3.491E-01  3.356E-01
  328.5000  3.227E-01  3.290E-01  3.291E-01  3.227E-01  3.103E-01
  329.5000  4.345E-01  4.426E-01  4.427E-01  4.346E-01  4.186E-01
  330.5000  3.893E-01  3.967E-01  3.967E-01  3.893E-01  3.748E-01
  331.5000  3.837E-01  3.911E-01  3.911E-01  3.838E-01  3.694E-01
  332.5000  3.883E-01  3.955E-01  3.955E-01  3.884E-01  3.743E-01
  333.5000  3.610E-01  3.678E-01  3.678E-01  3.611E-01  3.478E-01
  334.5000  4.059E-01  4.135E-01  4.135E-01  4.060E-01  3.912E-01
  335.5000  4.169E-01  4.245E-01  4.245E-01  4.170E-01  4.021E-01
  336.5000  3.249E-01  3.309E-01  3.309E-01  3.250E-01  3.133E-01
  337.5000  3.538E-01  3.603E-01  3.604E-01  3.539E-01  3.411E-01
  338.5000  3.785E-01  3.854E-01  3.854E-01  3.786E-01  3.652E-01
  339.5000  4.124E-01  4.199E-01  4.199E-01  4.125E-01  3.979E-01
  340.5000  4.391E-01  4.471E-01  4.471E-01  4.392E-01  4.236E-01
  341.5000  3.928E-01  3.998E-01  3.999E-01  3.929E-01  3.791E-01
  342.5000  4.359E-01  4.437E-01  4.437E-01  4.359E-01  4.207E-01
  343.5000  4.520E-01  4.601E-01  4.601E-01  4.521E-01  4.362E-01
  344.5000  3.162E-01  3.219E-01  3.219E-01  3.162E-01  3.051E-01
  345.5000  4.361E-01  4.439E-01  4.439E-01  4.362E-01  4.210E-01
  346.5000  4.066E-01  4.139E-01  4.139E-01  4.067E-01  3.925E-01
  347.5000  3.977E-01  4.048E-01  4.048E-01  3.978E-01  3.839E-01
  348.5000  4.379E-01  4.456E-01  4.457E-01  4.380E-01  4.227E-01
  349.5000  3.670E-01  3.736E-01  3.736E-01  3.671E-01  3.544E-01
  350.5000  5.143E-01  5.234E-01  5.234E-01  5.144E-01  4.966E-01
  351.5000  4.432E-01  4.511E-01  4.511E-01  4.433E-01  4.280E-01
  352.5000  4.001E-01  4.071E-01  4.072E-01  4.002E-01  3.863E-01
  353.5000  4.821E-01  4.906E-01  4.906E-01  4.822E-01  4.656E-01
  354.5000  5.223E-01  5.315E-01  5.315E-01  5.224E-01  5.044E-01
  355.5000  4.883E-01  4.969E-01  4.969E-01  4.884E-01  4.717E-01
  356.5000  4.533E-01  4.613E-01  4.613E-01  4.534E-01  4.379E-01
  357.5000  3.856E-01  3.924E-01  3.924E-01  3.857E-01  3.725E-01
  358.5000  2.978E-01  3.030E-01  3.030E-01  2.978E-01  2.876E-01
  359.5000  5.013E-01  5.101E-01  5.101E-01  5.014E-01  4.843E-01
  360.5000  4.649E-01  4.730E-01  4.730E-01  4.649E-01  4.491E-01
  361.5000  4.193E-01  4.266E-01  4.266E-01  4.194E-01  4.051E-01
  362.5000  4.927E-01  5.012E-01  5.012E-01  4.928E-01  4.760E-01
  363.5000  4.384E-01  4.460E-01  4.461E-01  4.385E-01  4.236E-01
  364.5000  4.784E-01  4.867E-01  4.867E-01  4.785E-01  4.623E-01
  365.5000  5.831E-01  5.932E-01  5.932E-01  5.833E-01  5.635E-01
  366.5000  6.174E-01  6.281E-01  6.281E-01  6.175E-01  5.967E-01
  367.5000  5.865E-01  5.966E-01  5.966E-01  5.866E-01  5.668E-01
  368.5000  5.154E-01  5.243E-01  5.243E-01  5.155E-01  4.981E-01
  369.5000  6.184E-01  6.291E-01  6.291E-01  6.186E-01  5.977E-01
  370.5000  5.613E-01  5.709E-01  5.709E-01  5.614E-01  5.425E-01
  371.5000  6.425E-01  6.535E-01  6.535E-01  6.426E-01  6.210E-01
  372.5000  4.747E-01  4.829E-01  4.829E-01  4.748E-01  4.589E-01
  373.5000  4.292E-01  4.366E-01  4.366E-01  4.293E-01  4.150E-01
  374.5000  4.713E-01  4.793E-01  4.793E-01  4.714E-01  4.556E-01
  375.5000  5.319E-01  5.410E-01  5.410E-01  5.320E-01  5.142E-01
  376.5000  5.313E-01  5.404E-01  5.404E-01  5.314E-01  5.137E-01
  377.5000  6.329E-01  6.437E-01  6.437E-01  6.331E-01  6.120E-01
  378.5000  6.901E-01  7.018E-01  7.018E-01  6.902E-01  6.673E-01
  379.5000  5.107E-01  5.194E-01  5.194E-01  5.108E-01  4.938E-01
  380.5000  6.144E-01  6.248E-01  6.248E-01  6.145E-01  5.941E-01
  381.5000  5.775E-01  5.873E-01  5.873E-01  5.776E-01  5.585E-01
  382.5000  3.850E-01  3.915E-01  3.915E-01  3.850E-01  3.723E-01
  383.5000  3.381E-01  3.438E-01  3.439E-01  3.382E-01  3.270E-01
  384.5000  5.076E-01  5.162E-01  5.162E-01  5.077E-01  4.910E-01
  385.5000  5.024E-01  5.108E-01  5.109E-01  5.025E-01  4.859E-01
  386.5000  5.123E-01  5.209E-01  5.209E-01  5.124E-01  4.955E-01
  387.5000  4.763E-01  4.842E-01  4.843E-01  4.763E-01  4.607E-01
  388.5000  4.775E-01  4.855E-01  4.855E-01  4.776E-01  4.619E-01
  389.5000  6.024E-01  6.125E-01  6.125E-01  6.025E-01  5.827E-01
  390.5000  5.919E-01  6.018E-01  6.018E-01  5.920E-01  5.726E-01
  391.5000  7.024E-01  7.141E-01  7.142E-01  7.025E-01  6.796E-01
  392.5000  5.269E-01  5.357E-01  5.357E-01  5.270E-01  5.098E-01
  393.5000  2.291E-01  2.330E-01  2.330E-01  2.292E-01  2.217E-01
  394.5000  5.394E-01  5.483E-01  5.484E-01  5.395E-01  5.219E-01
  395.5000  6.942E-01  7.057E-01  7.058E-01  6.943E-01  6.717E-01
  396.5000  4.078E-01  4.145E-01  4.145E-01  4.078E-01  3.946E-01
  397.5000  4.707E-01  4.785E-01  4.785E-01  4.708E-01  4.555E-01
  398.5000  8.091E-01  8.225E-01  8.225E-01  8.092E-01  7.830E-01
  399.5000  8.418E-01  8.557E-01  8.558E-01  8.420E-01  8.147E-01
  400.5000  8.853E-01  8.999E-01  9.000E-01  8.855E-01  8.568E-01
  401.5000  9.112E-01  9.262E-01  9.262E-01  9.113E-01  8.819E-01
  402.5000  9.462E-01  9.618E-01  9.618E-01  9.464E-01  9.159E-01
  403.5000  8.664E-01  8.806E-01  8.807E-01  8.665E-01  8.386E-01
  404.5000  8.500E-01  8.640E-01  8.640E-01  8.502E-01  8.228E-01
  405.5000  8.833E-01  8.978E-01  8.978E-01  8.835E-01  8.550E-01
  406.5000  8.322E-01  8.459E-01  8.459E-01  8.324E-01  8.056E-01
  407.5000  8.393E-01  8.530E-01  8.531E-01  8.395E-01  8.125E-01
  408.5000  9.350E-01  9.503E-01  9.503E-01  9.352E-01  9.052E-01
  409.5000  9.169E-01  9.319E-01  9.319E-01  9.171E-01  8.877E-01
  410.5000  7.954E-01  8.084E-01  8.084E-01  7.955E-01  7.701E-01
  411.5000  9.563E-01  9.719E-01  9.720E-01  9.565E-01  9.260E-01
  412.5000  9.482E-01  9.636E-01  9.636E-01  9.483E-01  9.181E-01
  413.5000  9.199E-01  9.348E-01  9.349E-01  9.201E-01  8.907E-01
  414.5000  9.457E-01  9.611E-01  9.611E-01  9.459E-01  9.158E-01
  415.5000  9.048E-01  9.195E-01  9.196E-01  9.050E-01  8.762E-01
  416.5000  9.851E-01  1.001E+00  1.001E+00  9.853E-01  9.539E-01
  417.5000  9.008E-01  9.154E-01  9.154E-01  9.010E-01  8.724E-01
  418.5000  9.081E-01  9.228E-01  9.229E-01  9.083E-01  8.795E-01
  419.5000  9.384E-01  9.535E-01  9.536E-01  9.386E-01  9.088E-01
------------------------------------------------------------
Dose rates, W m-2
   1 = UV-B, 280-315 nm                                  
   2 = UV-A, 315-400 nm                                  
   3 = Gaussian, 320 nm, 10 nm FWHM                      
   4 = RB Meter, model 501                               
   5 = DNA damage, in vitro (Setlow, 1974)               
   6 = UV index (WMO, 1994; Webb et al., 2011)           
   7 = Previtamin-D3 (CIE 2006)                          
values at z =      0.000 km
Columns: time, sza, weighting spectra
time, hrs.  sza, deg.          1          2          3          4          5          6          7
   11.0000     49.734  6.009E-01  3.760E+01  2.002E-01  1.672E-01  1.033E-03  3.167E+00  1.248E-01
   11.5000     49.090  6.225E-01  3.827E+01  2.048E-01  1.730E-01  1.081E-03  3.270E+00  1.299E-01
   12.0000     49.089  6.226E-01  3.827E+01  2.048E-01  1.731E-01  1.081E-03  3.271E+00  1.300E-01
   12.5000     49.728  6.014E-01  3.761E+01  2.003E-01  1.673E-01  1.034E-03  3.168E+00  1.248E-01
   13.0000     50.979  5.611E-01  3.630E+01  1.915E-01  1.563E-01  9.446E-04  2.971E+00  1.151E-01
------------------------------------------------------------
