Spectral Irradiance, W m-2 nm-1
values at z =      0.000 km
Columns: wavelength (nm), times (hrs.) or sza (deg.)
    wc, nm     11.000     11.500     12.000     12.500     13.000
    sza =      17.369     12.630     11.349     14.474     20.038
  280.5000  1.391E-11  2.310E-11  2.571E-11  1.936E-11  9.637E-12
  281.5000  2.442E-10  3.763E-10  4.282E-10  3.304E-10  1.747E-10
  282.5000  1.958E-09  2.998E-09  3.280E-09  2.585E-09  1.439E-09
  283.5000  6.860E-09  1.025E-08  1.116E-08  8.914E-09  5.133E-09
  284.5000  4.064E-08  5.805E-08  6.261E-08  4.920E-08  3.140E-08
  285.5000  9.481E-08  1.311E-07  1.403E-07  1.171E-07  7.504E-08
  286.5000  8.202E-07  1.105E-06  1.177E-06  9.964E-07  6.612E-07
  287.5000  3.328E-06  4.359E-06  4.616E-06  3.969E-06  2.738E-06
  288.5000  1.145E-05  1.455E-05  1.531E-05  1.339E-05  9.636E-06
  289.5000  4.804E-05  5.972E-05  6.254E-05  5.537E-05  4.106E-05
  290.5000  1.533E-04  1.871E-04  1.952E-04  1.746E-04  1.328E-04
  291.5000  3.732E-04  4.461E-04  4.632E-04  4.192E-04  3.282E-04
  292.5000  7.224E-04  8.486E-04  8.781E-04  8.024E-04  6.431E-04
  293.5000  1.696E-03  1.961E-03  2.022E-03  1.864E-03  1.528E-03
  294.5000  2.740E-03  3.128E-03  3.217E-03  2.987E-03  2.491E-03
  295.5000  5.791E-03  6.523E-03  6.689E-03  6.258E-03  5.316E-03
  296.5000  8.752E-03  9.748E-03  9.974E-03  9.390E-03  8.099E-03
  297.5000  1.478E-02  1.631E-02  1.665E-02  1.576E-02  1.378E-02
  298.5000  1.585E-02  1.734E-02  1.767E-02  1.681E-02  1.486E-02
  299.5000  3.198E-02  3.471E-02  3.532E-02  3.373E-02  3.015E-02
  300.5000  2.776E-02  2.996E-02  3.045E-02  2.918E-02  2.629E-02
  301.5000  5.073E-02  5.439E-02  5.520E-02  5.309E-02  4.826E-02
  302.5000  5.990E-02  6.394E-02  6.484E-02  6.251E-02  5.716E-02
  303.5000  9.590E-02  1.019E-01  1.032E-01  9.975E-02  9.185E-02
  304.5000  1.012E-01  1.072E-01  1.085E-01  1.050E-01  9.711E-02
  305.5000  1.267E-01  1.336E-01  1.352E-01  1.301E-01  1.220E-01
  306.5000  1.294E-01  1.362E-01  1.377E-01  1.338E-01  1.247E-01
  307.5000  1.787E-01  1.874E-01  1.894E-01  1.844E-01  1.727E-01
  308.5000  1.968E-01  2.061E-01  2.082E-01  2.028E-01  1.904E-01
  309.5000  1.686E-01  1.762E-01  1.767E-01  1.735E-01  1.634E-01
  310.5000  2.250E-01  2.347E-01  2.368E-01  2.312E-01  2.183E-01
  311.5000  2.857E-01  2.976E-01  3.002E-01  2.934E-01  2.774E-01
  312.5000  2.721E-01  2.829E-01  2.852E-01  2.791E-01  2.646E-01
  313.5000  3.068E-01  3.188E-01  3.214E-01  3.146E-01  2.985E-01
  314.5000  3.002E-01  3.115E-01  3.139E-01  3.075E-01  2.925E-01
  315.5000  3.090E-01  3.204E-01  3.229E-01  3.164E-01  3.010E-01
  316.5000  3.027E-01  3.135E-01  3.158E-01  3.097E-01  2.952E-01
  317.5000  4.279E-01  4.431E-01  4.464E-01  4.377E-01  4.173E-01
  318.5000  3.314E-01  3.428E-01  3.453E-01  3.388E-01  3.235E-01
  319.5000  4.031E-01  4.168E-01  4.198E-01  4.120E-01  3.935E-01
  320.5000  4.886E-01  5.051E-01  5.087E-01  4.992E-01  4.771E-01
  321.5000  4.088E-01  4.221E-01  4.250E-01  4.174E-01  3.996E-01
  322.5000  4.161E-01  4.300E-01  4.330E-01  4.251E-01  4.065E-01
  323.5000  4.209E-01  4.343E-01  4.373E-01  4.296E-01  4.115E-01
  324.5000  4.941E-01  5.100E-01  5.134E-01  5.044E-01  4.832E-01
  325.5000  5.551E-01  5.729E-01  5.768E-01  5.666E-01  5.427E-01
  326.5000  6.628E-01  6.835E-01  6.880E-01  6.762E-01  6.485E-01
  327.5000  6.198E-01  6.393E-01  6.435E-01  6.324E-01  6.063E-01
  328.5000  5.720E-01  5.900E-01  5.939E-01  5.837E-01  5.596E-01
  329.5000  7.337E-01  7.562E-01  7.611E-01  7.482E-01  7.181E-01
  330.5000  6.697E-01  6.905E-01  6.950E-01  6.830E-01  6.555E-01
  331.5000  6.623E-01  6.828E-01  6.872E-01  6.756E-01  6.481E-01
  332.5000  6.469E-01  6.666E-01  6.709E-01  6.597E-01  6.333E-01
  333.5000  6.098E-01  6.284E-01  6.325E-01  6.219E-01  5.969E-01
  334.5000  6.799E-01  7.006E-01  7.051E-01  6.933E-01  6.656E-01
  335.5000  6.863E-01  7.070E-01  7.115E-01  6.997E-01  6.720E-01
  336.5000  5.370E-01  5.532E-01  5.567E-01  5.475E-01  5.258E-01
  337.5000  5.909E-01  6.088E-01  6.127E-01  6.025E-01  5.786E-01
  338.5000  6.210E-01  6.396E-01  6.436E-01  6.330E-01  6.081E-01
  339.5000  6.745E-01  6.946E-01  6.990E-01  6.876E-01  6.605E-01
  340.5000  7.220E-01  7.436E-01  7.483E-01  7.360E-01  7.070E-01
  341.5000  6.397E-01  6.587E-01  6.628E-01  6.520E-01  6.265E-01
  342.5000  7.081E-01  7.291E-01  7.337E-01  7.218E-01  6.936E-01
  343.5000  7.359E-01  7.577E-01  7.624E-01  7.500E-01  7.207E-01
  344.5000  5.160E-01  5.313E-01  5.346E-01  5.259E-01  5.054E-01
  345.5000  7.053E-01  7.261E-01  7.306E-01  7.188E-01  6.909E-01
  346.5000  6.604E-01  6.799E-01  6.841E-01  6.730E-01  6.469E-01
  347.5000  6.449E-01  6.639E-01  6.680E-01  6.572E-01  6.318E-01
  348.5000  7.082E-01  7.290E-01  7.336E-01  7.217E-01  6.938E-01
  349.5000  5.934E-01  6.108E-01  6.146E-01  6.047E-01  5.813E-01
  350.5000  8.304E-01  8.547E-01  8.600E-01  8.462E-01  8.136E-01
  351.5000  7.156E-01  7.365E-01  7.411E-01  7.292E-01  7.011E-01
  352.5000  6.450E-01  6.639E-01  6.680E-01  6.572E-01  6.320E-01
  353.5000  7.760E-01  7.986E-01  8.035E-01  7.907E-01  7.603E-01
  354.5000  8.394E-01  8.638E-01  8.691E-01  8.552E-01  8.225E-01
  355.5000  7.842E-01  8.069E-01  8.119E-01  7.989E-01  7.684E-01
  356.5000  7.275E-01  7.486E-01  7.531E-01  7.411E-01  7.129E-01
  357.5000  6.184E-01  6.363E-01  6.402E-01  6.300E-01  6.060E-01
  358.5000  4.770E-01  4.908E-01  4.938E-01  4.859E-01  4.674E-01
  359.5000  8.025E-01  8.256E-01  8.307E-01  8.175E-01  7.864E-01
  360.5000  7.436E-01  7.650E-01  7.696E-01  7.575E-01  7.287E-01
  361.5000  6.701E-01  6.894E-01  6.936E-01  6.826E-01  6.567E-01
  362.5000  7.866E-01  8.092E-01  8.141E-01  8.012E-01  7.709E-01
  363.5000  6.995E-01  7.195E-01  7.239E-01  7.125E-01  6.856E-01
  364.5000  7.628E-01  7.846E-01  7.894E-01  7.770E-01  7.477E-01
  365.5000  9.292E-01  9.558E-01  9.615E-01  9.464E-01  9.108E-01
  366.5000  9.830E-01  1.011E+00  1.017E+00  1.001E+00  9.636E-01
  367.5000  9.330E-01  9.596E-01  9.654E-01  9.503E-01  9.146E-01
  368.5000  8.194E-01  8.427E-01  8.478E-01  8.345E-01  8.032E-01
  369.5000  9.825E-01  1.010E+00  1.016E+00  1.001E+00  9.631E-01
  370.5000  8.911E-01  9.164E-01  9.219E-01  9.075E-01  8.736E-01
  371.5000  1.019E+00  1.048E+00  1.054E+00  1.038E+00  9.992E-01
  372.5000  7.527E-01  7.740E-01  7.786E-01  7.665E-01  7.379E-01
  373.5000  6.801E-01  6.993E-01  7.035E-01  6.926E-01  6.668E-01
  374.5000  7.462E-01  7.673E-01  7.719E-01  7.599E-01  7.316E-01
  375.5000  8.417E-01  8.654E-01  8.705E-01  8.570E-01  8.252E-01
  376.5000  8.402E-01  8.638E-01  8.690E-01  8.555E-01  8.238E-01
  377.5000  1.000E+00  1.028E+00  1.034E+00  1.018E+00  9.807E-01
  378.5000  1.090E+00  1.120E+00  1.127E+00  1.110E+00  1.069E+00
  379.5000  8.061E-01  8.287E-01  8.336E-01  8.207E-01  7.904E-01
  380.5000  9.691E-01  9.962E-01  1.002E+00  9.867E-01  9.503E-01
  381.5000  9.104E-01  9.358E-01  9.414E-01  9.269E-01  8.927E-01
  382.5000  6.065E-01  6.234E-01  6.271E-01  6.174E-01  5.947E-01
  383.5000  5.324E-01  5.472E-01  5.505E-01  5.420E-01  5.221E-01
  384.5000  7.987E-01  8.210E-01  8.258E-01  8.132E-01  7.833E-01
  385.5000  7.900E-01  8.120E-01  8.168E-01  8.043E-01  7.748E-01
  386.5000  8.051E-01  8.275E-01  8.323E-01  8.196E-01  7.896E-01
  387.5000  7.480E-01  7.688E-01  7.733E-01  7.615E-01  7.336E-01
  388.5000  7.496E-01  7.704E-01  7.749E-01  7.631E-01  7.352E-01
  389.5000  9.451E-01  9.712E-01  9.769E-01  9.620E-01  9.269E-01
  390.5000  9.280E-01  9.537E-01  9.593E-01  9.447E-01  9.102E-01
  391.5000  1.101E+00  1.131E+00  1.138E+00  1.120E+00  1.080E+00
  392.5000  8.252E-01  8.480E-01  8.529E-01  8.400E-01  8.094E-01
  393.5000  3.587E-01  3.686E-01  3.707E-01  3.651E-01  3.518E-01
  394.5000  8.438E-01  8.670E-01  8.721E-01  8.589E-01  8.277E-01
  395.5000  1.085E+00  1.115E+00  1.122E+00  1.105E+00  1.065E+00
  396.5000  6.372E-01  6.547E-01  6.585E-01  6.486E-01  6.251E-01
  397.5000  7.352E-01  7.553E-01  7.597E-01  7.482E-01  7.212E-01
  398.5000  1.263E+00  1.298E+00  1.305E+00  1.285E+00  1.239E+00
  399.5000  1.313E+00  1.349E+00  1.357E+00  1.337E+00  1.288E+00
  400.5000  1.381E+00  1.418E+00  1.427E+00  1.405E+00  1.354E+00
  401.5000  1.420E+00  1.459E+00  1.467E+00  1.445E+00  1.393E+00
  402.5000  1.474E+00  1.514E+00  1.523E+00  1.500E+00  1.446E+00
  403.5000  1.349E+00  1.386E+00  1.394E+00  1.373E+00  1.323E+00
  404.5000  1.323E+00  1.359E+00  1.367E+00  1.346E+00  1.298E+00
  405.5000  1.374E+00  1.411E+00  1.419E+00  1.398E+00  1.348E+00
  406.5000  1.294E+00  1.329E+00  1.337E+00  1.317E+00  1.269E+00
  407.5000  1.304E+00  1.340E+00  1.347E+00  1.327E+00  1.280E+00
  408.5000  1.452E+00  1.492E+00  1.500E+00  1.478E+00  1.425E+00
  409.5000  1.423E+00  1.462E+00  1.470E+00  1.448E+00  1.397E+00
  410.5000  1.234E+00  1.268E+00  1.275E+00  1.256E+00  1.211E+00
  411.5000  1.483E+00  1.523E+00  1.532E+00  1.509E+00  1.455E+00
  412.5000  1.470E+00  1.509E+00  1.518E+00  1.496E+00  1.442E+00
  413.5000  1.425E+00  1.464E+00  1.472E+00  1.450E+00  1.399E+00
  414.5000  1.465E+00  1.504E+00  1.513E+00  1.490E+00  1.437E+00
  415.5000  1.401E+00  1.438E+00  1.447E+00  1.425E+00  1.374E+00
  416.5000  1.524E+00  1.565E+00  1.574E+00  1.551E+00  1.496E+00
  417.5000  1.393E+00  1.431E+00  1.439E+00  1.417E+00  1.367E+00
  418.5000  1.404E+00  1.442E+00  1.450E+00  1.428E+00  1.378E+00
  419.5000  1.450E+00  1.489E+00  1.497E+00  1.475E+00  1.423E+00
------------------------------------------------------------
Dose rates, W m-2
   1 = UV-B, 280-315 nm                                  
   2 = UV-A, 315-400 nm                                  
   3 = Gaussian, 320 nm, 10 nm FWHM                      
   4 = RB Meter, model 501                               
   5 = DNA damage, in vitro (Setlow, 1974)               
   6 = UV index (WMO, 1994; Webb et al., 2011)           
   7 = Previtamin-D3 (CIE 2006)                          
values at z =      0.000 km
Columns: time, sza, weighting spectra
time, hrs.  sza, deg.          1          2          3          4          5          6          7
   11.0000     17.369  2.608E+00  6.130E+01  4.130E-01  8.328E-01  1.384E-02  1.695E+01  8.469E-01
   11.5000     12.630  2.734E+00  6.308E+01  4.270E-01  8.778E-01  1.494E-02  1.795E+01  8.958E-01
   12.0000     11.349  2.760E+00  6.347E+01  4.301E-01  8.875E-01  1.519E-02  1.817E+01  9.063E-01
   12.5000     14.474  2.688E+00  6.245E+01  4.221E-01  8.613E-01  1.454E-02  1.759E+01  8.778E-01
   13.0000     20.038  2.523E+00  6.006E+01  4.033E-01  8.021E-01  1.310E-02  1.626E+01  8.137E-01
------------------------------------------------------------
