Spectral Irradiance, W m-2 nm-1
values at z =      0.000 km
Columns: wavelength (nm), times (hrs.) or sza (deg.)
    wc, nm     11.000     11.500     12.000     12.500     13.000
    sza =      13.533      8.568      8.629     13.650     20.223
  280.5000  7.798E-11  1.119E-10  1.115E-10  7.717E-11  3.600E-11
  281.5000  1.174E-09  1.596E-09  1.627E-09  1.162E-09  5.791E-10
  282.5000  8.242E-09  1.116E-08  1.113E-08  8.169E-09  4.307E-09
  283.5000  2.649E-08  3.525E-08  3.515E-08  2.627E-08  1.437E-08
  284.5000  1.341E-07  1.729E-07  1.725E-07  1.331E-07  7.784E-08
  285.5000  2.786E-07  3.509E-07  3.502E-07  2.767E-07  1.700E-07
  286.5000  2.204E-06  2.727E-06  2.721E-06  2.190E-06  1.398E-06
  287.5000  8.098E-06  9.821E-06  9.803E-06  8.052E-06  5.360E-06
  288.5000  2.502E-05  2.970E-05  2.965E-05  2.490E-05  1.735E-05
  289.5000  9.716E-05  1.135E-04  1.134E-04  9.672E-05  6.965E-05
  290.5000  2.906E-04  3.352E-04  3.347E-04  2.894E-04  2.143E-04
  291.5000  6.572E-04  7.468E-04  7.460E-04  6.547E-04  5.001E-04
  292.5000  1.197E-03  1.344E-03  1.343E-03  1.193E-03  9.353E-04
  293.5000  2.656E-03  2.949E-03  2.946E-03  2.648E-03  2.126E-03
  294.5000  4.104E-03  4.515E-03  4.511E-03  4.093E-03  3.349E-03
  295.5000  8.273E-03  9.015E-03  9.008E-03  8.252E-03  6.889E-03
  296.5000  1.202E-02  1.300E-02  1.299E-02  1.199E-02  1.018E-02
  297.5000  1.961E-02  2.106E-02  2.105E-02  1.957E-02  1.686E-02
  298.5000  2.042E-02  2.180E-02  2.179E-02  2.038E-02  1.778E-02
  299.5000  4.008E-02  4.255E-02  4.253E-02  4.001E-02  3.530E-02
  300.5000  3.407E-02  3.602E-02  3.600E-02  3.402E-02  3.028E-02
  301.5000  6.085E-02  6.404E-02  6.401E-02  6.076E-02  5.462E-02
  302.5000  7.078E-02  7.425E-02  7.422E-02  7.068E-02  6.394E-02
  303.5000  1.113E-01  1.164E-01  1.163E-01  1.112E-01  1.013E-01
  304.5000  1.163E-01  1.213E-01  1.212E-01  1.161E-01  1.063E-01
  305.5000  1.434E-01  1.492E-01  1.491E-01  1.433E-01  1.320E-01
  306.5000  1.455E-01  1.511E-01  1.510E-01  1.453E-01  1.342E-01
  307.5000  1.984E-01  2.055E-01  2.055E-01  1.982E-01  1.841E-01
  308.5000  2.174E-01  2.250E-01  2.250E-01  2.172E-01  2.022E-01
  309.5000  1.847E-01  1.908E-01  1.908E-01  1.845E-01  1.724E-01
  310.5000  2.450E-01  2.528E-01  2.528E-01  2.448E-01  2.293E-01
  311.5000  3.098E-01  3.195E-01  3.194E-01  3.096E-01  2.904E-01
  312.5000  2.930E-01  3.017E-01  3.017E-01  2.928E-01  2.755E-01
  313.5000  3.299E-01  3.395E-01  3.394E-01  3.296E-01  3.104E-01
  314.5000  3.209E-01  3.299E-01  3.298E-01  3.207E-01  3.028E-01
  315.5000  3.299E-01  3.391E-01  3.390E-01  3.296E-01  3.114E-01
  316.5000  3.201E-01  3.303E-01  3.302E-01  3.214E-01  3.042E-01
  317.5000  4.547E-01  4.668E-01  4.667E-01  4.543E-01  4.301E-01
  318.5000  3.507E-01  3.597E-01  3.596E-01  3.504E-01  3.323E-01
  319.5000  4.261E-01  4.371E-01  4.370E-01  4.258E-01  4.040E-01
  320.5000  5.160E-01  5.291E-01  5.290E-01  5.156E-01  4.894E-01
  321.5000  4.301E-01  4.407E-01  4.406E-01  4.298E-01  4.086E-01
  322.5000  4.390E-01  4.500E-01  4.499E-01  4.387E-01  4.166E-01
  323.5000  4.420E-01  4.526E-01  4.526E-01  4.416E-01  4.200E-01
  324.5000  5.189E-01  5.315E-01  5.314E-01  5.186E-01  4.935E-01
  325.5000  5.832E-01  5.974E-01  5.973E-01  5.829E-01  5.546E-01
  326.5000  6.943E-01  7.107E-01  7.105E-01  6.938E-01  6.611E-01
  327.5000  6.498E-01  6.652E-01  6.651E-01  6.494E-01  6.186E-01
  328.5000  5.997E-01  6.139E-01  6.138E-01  5.993E-01  5.709E-01
  329.5000  7.673E-01  7.852E-01  7.850E-01  7.668E-01  7.312E-01
  330.5000  7.011E-01  7.176E-01  7.174E-01  7.008E-01  6.679E-01
  331.5000  6.934E-01  7.096E-01  7.095E-01  6.930E-01  6.605E-01
  332.5000  6.762E-01  6.917E-01  6.916E-01  6.758E-01  6.446E-01
  333.5000  6.378E-01  6.525E-01  6.524E-01  6.374E-01  6.079E-01
  334.5000  7.108E-01  7.272E-01  7.271E-01  7.104E-01  6.777E-01
  335.5000  7.169E-01  7.333E-01  7.331E-01  7.165E-01  6.838E-01
  336.5000  5.611E-01  5.739E-01  5.738E-01  5.607E-01  5.351E-01
  337.5000  6.177E-01  6.318E-01  6.317E-01  6.173E-01  5.891E-01
  338.5000  6.486E-01  6.633E-01  6.631E-01  6.482E-01  6.187E-01
  339.5000  7.043E-01  7.203E-01  7.201E-01  7.039E-01  6.720E-01
  340.5000  7.541E-01  7.712E-01  7.710E-01  7.537E-01  7.195E-01
  341.5000  6.678E-01  6.829E-01  6.827E-01  6.674E-01  6.373E-01
  342.5000  7.392E-01  7.558E-01  7.557E-01  7.388E-01  7.055E-01
  343.5000  7.682E-01  7.855E-01  7.853E-01  7.678E-01  7.332E-01
  344.5000  5.388E-01  5.509E-01  5.508E-01  5.385E-01  5.142E-01
  345.5000  7.361E-01  7.525E-01  7.524E-01  7.356E-01  7.027E-01
  346.5000  6.893E-01  7.047E-01  7.046E-01  6.889E-01  6.581E-01
  347.5000  6.732E-01  6.882E-01  6.880E-01  6.727E-01  6.427E-01
  348.5000  7.391E-01  7.556E-01  7.554E-01  7.387E-01  7.058E-01
  349.5000  6.192E-01  6.330E-01  6.329E-01  6.189E-01  5.913E-01
  350.5000  8.666E-01  8.858E-01  8.856E-01  8.660E-01  8.276E-01
  351.5000  7.467E-01  7.633E-01  7.631E-01  7.463E-01  7.132E-01
  352.5000  6.731E-01  6.880E-01  6.878E-01  6.727E-01  6.429E-01
  353.5000  8.097E-01  8.275E-01  8.274E-01  8.092E-01  7.734E-01
  354.5000  8.757E-01  8.950E-01  8.948E-01  8.752E-01  8.366E-01
  355.5000  8.181E-01  8.361E-01  8.359E-01  8.176E-01  7.816E-01
  356.5000  7.589E-01  7.756E-01  7.754E-01  7.584E-01  7.251E-01
  357.5000  6.451E-01  6.593E-01  6.591E-01  6.447E-01  6.164E-01
  358.5000  4.976E-01  5.085E-01  5.084E-01  4.973E-01  4.754E-01
  359.5000  8.370E-01  8.554E-01  8.552E-01  8.365E-01  7.999E-01
  360.5000  7.755E-01  7.925E-01  7.923E-01  7.751E-01  7.412E-01
  361.5000  6.989E-01  7.141E-01  7.140E-01  6.985E-01  6.680E-01
  362.5000  8.203E-01  8.382E-01  8.380E-01  8.199E-01  7.841E-01
  363.5000  7.295E-01  7.453E-01  7.452E-01  7.290E-01  6.973E-01
  364.5000  7.955E-01  8.127E-01  8.126E-01  7.950E-01  7.604E-01
  365.5000  9.690E-01  9.900E-01  9.898E-01  9.684E-01  9.263E-01
  366.5000  1.025E+00  1.047E+00  1.047E+00  1.024E+00  9.800E-01
  367.5000  9.729E-01  9.939E-01  9.937E-01  9.723E-01  9.302E-01
  368.5000  8.543E-01  8.728E-01  8.726E-01  8.538E-01  8.169E-01
  369.5000  1.024E+00  1.046E+00  1.046E+00  1.024E+00  9.796E-01
  370.5000  9.291E-01  9.491E-01  9.489E-01  9.285E-01  8.885E-01
  371.5000  1.063E+00  1.085E+00  1.085E+00  1.062E+00  1.016E+00
  372.5000  7.847E-01  8.015E-01  8.013E-01  7.842E-01  7.505E-01
  373.5000  7.090E-01  7.242E-01  7.241E-01  7.086E-01  6.781E-01
  374.5000  7.779E-01  7.945E-01  7.944E-01  7.774E-01  7.441E-01
  375.5000  8.774E-01  8.961E-01  8.959E-01  8.768E-01  8.393E-01
  376.5000  8.758E-01  8.945E-01  8.943E-01  8.753E-01  8.378E-01
  377.5000  1.043E+00  1.065E+00  1.065E+00  1.042E+00  9.974E-01
  378.5000  1.136E+00  1.160E+00  1.160E+00  1.135E+00  1.087E+00
  379.5000  8.401E-01  8.580E-01  8.578E-01  8.396E-01  8.039E-01
  380.5000  1.010E+00  1.031E+00  1.031E+00  1.009E+00  9.665E-01
  381.5000  9.488E-01  9.689E-01  9.688E-01  9.483E-01  9.079E-01
  382.5000  6.320E-01  6.454E-01  6.453E-01  6.317E-01  6.048E-01
  383.5000  5.548E-01  5.666E-01  5.665E-01  5.545E-01  5.310E-01
  384.5000  8.324E-01  8.500E-01  8.498E-01  8.319E-01  7.967E-01
  385.5000  8.233E-01  8.406E-01  8.405E-01  8.228E-01  7.880E-01
  386.5000  8.389E-01  8.566E-01  8.565E-01  8.385E-01  8.030E-01
  387.5000  7.795E-01  7.959E-01  7.957E-01  7.790E-01  7.461E-01
  388.5000  7.811E-01  7.975E-01  7.973E-01  7.806E-01  7.477E-01
  389.5000  9.847E-01  1.005E+00  1.005E+00  9.841E-01  9.427E-01
  390.5000  9.669E-01  9.872E-01  9.870E-01  9.664E-01  9.257E-01
  391.5000  1.147E+00  1.171E+00  1.171E+00  1.146E+00  1.098E+00
  392.5000  8.597E-01  8.777E-01  8.776E-01  8.593E-01  8.232E-01
  393.5000  3.737E-01  3.815E-01  3.814E-01  3.735E-01  3.578E-01
  394.5000  8.791E-01  8.974E-01  8.973E-01  8.786E-01  8.418E-01
  395.5000  1.131E+00  1.154E+00  1.154E+00  1.130E+00  1.083E+00
  396.5000  6.638E-01  6.776E-01  6.775E-01  6.635E-01  6.357E-01
  397.5000  7.658E-01  7.818E-01  7.816E-01  7.654E-01  7.335E-01
  398.5000  1.316E+00  1.343E+00  1.343E+00  1.315E+00  1.260E+00
  399.5000  1.368E+00  1.397E+00  1.396E+00  1.367E+00  1.310E+00
  400.5000  1.438E+00  1.468E+00  1.468E+00  1.437E+00  1.377E+00
  401.5000  1.479E+00  1.510E+00  1.510E+00  1.478E+00  1.417E+00
  402.5000  1.535E+00  1.567E+00  1.567E+00  1.534E+00  1.471E+00
  403.5000  1.405E+00  1.434E+00  1.434E+00  1.404E+00  1.346E+00
  404.5000  1.378E+00  1.406E+00  1.406E+00  1.377E+00  1.320E+00
  405.5000  1.431E+00  1.460E+00  1.460E+00  1.430E+00  1.371E+00
  406.5000  1.347E+00  1.375E+00  1.375E+00  1.347E+00  1.291E+00
  407.5000  1.358E+00  1.386E+00  1.386E+00  1.357E+00  1.301E+00
  408.5000  1.512E+00  1.543E+00  1.543E+00  1.512E+00  1.449E+00
  409.5000  1.482E+00  1.513E+00  1.512E+00  1.481E+00  1.420E+00
  410.5000  1.285E+00  1.312E+00  1.311E+00  1.284E+00  1.232E+00
  411.5000  1.544E+00  1.576E+00  1.576E+00  1.544E+00  1.480E+00
  412.5000  1.530E+00  1.562E+00  1.562E+00  1.530E+00  1.467E+00
  413.5000  1.484E+00  1.514E+00  1.514E+00  1.483E+00  1.422E+00
  414.5000  1.525E+00  1.556E+00  1.556E+00  1.524E+00  1.462E+00
  415.5000  1.458E+00  1.488E+00  1.488E+00  1.458E+00  1.398E+00
  416.5000  1.587E+00  1.619E+00  1.619E+00  1.586E+00  1.521E+00
  417.5000  1.451E+00  1.480E+00  1.480E+00  1.450E+00  1.390E+00
  418.5000  1.462E+00  1.491E+00  1.491E+00  1.461E+00  1.401E+00
  419.5000  1.510E+00  1.540E+00  1.540E+00  1.509E+00  1.447E+00
------------------------------------------------------------
Dose rates, W m-2
   1 = UV-B, 280-315 nm                                  
   2 = UV-A, 315-400 nm                                  
   3 = Gaussian, 320 nm, 10 nm FWHM                      
   4 = RB Meter, model 501                               
   5 = DNA damage, in vitro (Setlow, 1974)               
   6 = UV index (WMO, 1994; Webb et al., 2011)           
   7 = Previtamin-D3 (CIE 2006)                          
values at z =      0.000 km
Columns: time, sza, weighting spectra
time, hrs.  sza, deg.          1          2          3          4          5          6          7
   11.0000     13.533  2.891E+00  6.400E+01  4.364E-01  9.427E-01  1.712E-02  1.955E+01  9.702E-01
   11.5000      8.568  2.995E+00  6.541E+01  4.476E-01  9.811E-01  1.816E-02  2.043E+01  1.012E+00
   12.0000      8.629  2.994E+00  6.540E+01  4.475E-01  9.807E-01  1.815E-02  2.042E+01  1.012E+00
   12.5000     13.650  2.888E+00  6.396E+01  4.362E-01  9.417E-01  1.709E-02  1.953E+01  9.691E-01
   13.0000     20.223  2.684E+00  6.114E+01  4.139E-01  8.671E-01  1.514E-02  1.783E+01  8.878E-01
------------------------------------------------------------
