Spectral Irradiance, W m-2 nm-1
values at z =      0.000 km
Columns: wavelength (nm), times (hrs.) or sza (deg.)
    wc, nm     11.000     11.500     12.000     12.500     13.000
    sza =      96.886     96.508     96.393     96.544     96.958
  280.5000  0.000E+00  0.000E+00  0.000E+00  0.000E+00  0.000E+00
  281.5000  0.000E+00  0.000E+00  0.000E+00  0.000E+00  0.000E+00
  282.5000  0.000E+00  0.000E+00  0.000E+00  0.000E+00  0.000E+00
  283.5000  0.000E+00  0.000E+00  0.000E+00  0.000E+00  0.000E+00
  284.5000  0.000E+00  0.000E+00  0.000E+00  0.000E+00  0.000E+00
  285.5000  0.000E+00  0.000E+00  0.000E+00  0.000E+00  0.000E+00
  286.5000  0.000E+00  0.000E+00  0.000E+00  0.000E+00  0.000E+00
  287.5000  0.000E+00  0.000E+00  4.064E-44  0.000E+00  0.000E+00
  288.5000  0.000E+00  0.000E+00  1.799E-39  0.000E+00  0.000E+00
  289.5000  0.000E+00  7.318E-42  7.363E-36  6.306E-44  0.000E+00
  290.5000  0.000E+00  2.832E-38  7.391E-33  3.896E-40  0.000E+00
  291.5000  0.000E+00  1.932E-34  1.106E-29  4.494E-36  0.000E+00
  292.5000  1.401E-45  2.697E-31  4.464E-27  9.630E-33  0.000E+00
  293.5000  1.401E-45  3.008E-28  1.548E-24  1.608E-29  1.401E-45
  294.5000  3.727E-43  6.907E-26  1.402E-22  5.088E-27  1.401E-45
  295.5000  2.395E-38  2.514E-23  1.935E-20  2.588E-24  2.482E-42
  296.5000  2.200E-34  3.038E-21  1.028E-18  4.149E-22  7.227E-38
  297.5000  7.436E-31  2.333E-19  3.852E-17  4.077E-20  6.707E-34
  298.5000  5.201E-28  6.577E-18  5.880E-16  1.419E-18  1.100E-30
  299.5000  4.285E-25  2.701E-16  1.370E-14  7.079E-17  2.024E-27
  300.5000  4.365E-23  2.612E-15  8.402E-14  8.002E-16  3.833E-25
  301.5000  1.275E-20  6.164E-14  1.221E-12  2.229E-14  2.175E-22
  302.5000  4.477E-19  4.096E-13  5.846E-12  1.657E-13  1.176E-20
  303.5000  3.764E-17  4.871E-12  4.757E-11  2.244E-12  1.653E-18
  304.5000  4.113E-16  1.690E-11  1.319E-10  8.403E-12  2.439E-17
  305.5000  1.499E-14  1.150E-10  6.541E-10  6.376E-11  1.395E-15
  306.5000  6.748E-14  2.515E-10  1.242E-09  1.463E-10  7.583E-15
  307.5000  1.447E-12  1.373E-09  5.253E-09  8.724E-10  2.352E-13
  308.5000  4.802E-12  2.676E-09  9.222E-09  1.762E-09  8.965E-13
  309.5000  2.522E-11  5.723E-09  1.668E-08  3.993E-09  6.001E-12
  310.5000  1.266E-10  1.507E-08  3.884E-08  1.097E-08  3.577E-11
  311.5000  3.806E-10  2.983E-08  7.098E-08  2.232E-08  1.201E-10
  312.5000  1.682E-09  6.245E-08  1.293E-07  4.905E-08  6.493E-10
  313.5000  2.827E-09  8.762E-08  1.747E-07  6.971E-08  1.141E-09
  314.5000  1.008E-08  1.682E-07  2.992E-07  1.393E-07  4.815E-09
  315.5000  1.347E-08  2.014E-07  3.497E-07  1.682E-07  6.599E-09
  316.5000  3.632E-08  3.392E-07  5.411E-07  2.919E-07  2.024E-08
  317.5000  5.342E-08  4.942E-07  7.848E-07  4.260E-07  2.977E-08
  318.5000  1.053E-07  6.430E-07  9.492E-07  5.692E-07  6.584E-08
  319.5000  1.579E-07  8.878E-07  1.289E-06  7.907E-07  1.008E-07
  320.5000  2.390E-07  1.221E-06  1.745E-06  1.094E-06  1.568E-07
  321.5000  4.943E-07  1.788E-06  2.407E-06  1.638E-06  3.576E-07
  322.5000  2.554E-07  1.194E-06  1.677E-06  1.077E-06  1.716E-07
  323.5000  7.761E-07  2.426E-06  3.188E-06  2.243E-06  5.860E-07
  324.5000  8.898E-07  2.811E-06  3.696E-06  2.598E-06  6.689E-07
  325.5000  8.625E-07  2.847E-06  3.771E-06  2.625E-06  6.400E-07
  326.5000  2.315E-06  6.024E-06  7.687E-06  5.638E-06  1.845E-06
  327.5000  1.675E-06  4.664E-06  6.009E-06  4.347E-06  1.307E-06
  328.5000  1.542E-06  4.275E-06  5.506E-06  3.985E-06  1.204E-06
  329.5000  3.805E-06  9.032E-06  1.137E-05  8.505E-06  3.118E-06
  330.5000  2.647E-06  6.652E-06  8.438E-06  6.241E-06  2.130E-06
  331.5000  2.470E-06  6.270E-06  7.966E-06  5.879E-06  1.981E-06
  332.5000  3.953E-06  9.064E-06  1.135E-05  8.556E-06  3.274E-06
  333.5000  3.009E-06  7.167E-06  9.021E-06  6.748E-06  2.462E-06
  334.5000  3.738E-06  8.698E-06  1.092E-05  8.201E-06  3.082E-06
  335.5000  4.858E-06  1.082E-05  1.351E-05  1.024E-05  4.062E-06
  336.5000  3.531E-06  7.945E-06  9.927E-06  7.509E-06  2.943E-06
  337.5000  3.270E-06  7.562E-06  9.481E-06  7.134E-06  2.701E-06
  338.5000  4.465E-06  9.879E-06  1.232E-05  9.348E-06  3.742E-06
  339.5000  5.026E-06  1.104E-05  1.376E-05  1.045E-05  4.222E-06
  340.5000  4.884E-06  1.087E-05  1.356E-05  1.028E-05  4.086E-06
  341.5000  4.977E-06  1.084E-05  1.349E-05  1.027E-05  4.192E-06
  342.5000  5.653E-06  1.225E-05  1.524E-05  1.161E-05  4.769E-06
  343.5000  5.595E-06  1.219E-05  1.517E-05  1.155E-05  4.713E-06
  344.5000  3.723E-06  8.159E-06  1.016E-05  7.725E-06  3.130E-06
  345.5000  5.850E-06  1.257E-05  1.561E-05  1.192E-05  4.950E-06
  346.5000  5.031E-06  1.092E-05  1.358E-05  1.034E-05  4.243E-06
  347.5000  4.960E-06  1.073E-05  1.335E-05  1.017E-05  4.188E-06
  348.5000  5.615E-06  1.209E-05  1.502E-05  1.146E-05  4.749E-06
  349.5000  4.682E-06  1.007E-05  1.252E-05  9.549E-06  3.961E-06
  350.5000  6.596E-06  1.416E-05  1.759E-05  1.342E-05  5.584E-06
  351.5000  5.614E-06  1.205E-05  1.497E-05  1.143E-05  4.752E-06
  352.5000  5.108E-06  1.094E-05  1.359E-05  1.037E-05  4.328E-06
  353.5000  6.240E-06  1.332E-05  1.654E-05  1.264E-05  5.293E-06
  354.5000  6.835E-06  1.455E-05  1.807E-05  1.381E-05  5.803E-06
  355.5000  6.388E-06  1.359E-05  1.686E-05  1.289E-05  5.426E-06
  356.5000  5.915E-06  1.257E-05  1.560E-05  1.192E-05  5.026E-06
  357.5000  5.009E-06  1.063E-05  1.320E-05  1.009E-05  4.258E-06
  358.5000  3.886E-06  8.235E-06  1.022E-05  7.815E-06  3.305E-06
  359.5000  6.531E-06  1.383E-05  1.715E-05  1.312E-05  5.556E-06
  360.5000  6.050E-06  1.279E-05  1.587E-05  1.214E-05  5.149E-06
  361.5000  5.472E-06  1.155E-05  1.433E-05  1.097E-05  4.660E-06
  362.5000  6.433E-06  1.356E-05  1.682E-05  1.288E-05  5.480E-06
  363.5000  5.719E-06  1.205E-05  1.494E-05  1.144E-05  4.874E-06
  364.5000  6.222E-06  1.310E-05  1.624E-05  1.243E-05  5.304E-06
  365.5000  7.553E-06  1.589E-05  1.969E-05  1.508E-05  6.440E-06
  366.5000  7.999E-06  1.680E-05  2.083E-05  1.595E-05  6.823E-06
  367.5000  7.600E-06  1.595E-05  1.977E-05  1.514E-05  6.486E-06
  368.5000  6.664E-06  1.397E-05  1.732E-05  1.327E-05  5.689E-06
  369.5000  7.980E-06  1.672E-05  2.072E-05  1.587E-05  6.815E-06
  370.5000  7.226E-06  1.512E-05  1.874E-05  1.436E-05  6.173E-06
  371.5000  8.258E-06  1.727E-05  2.140E-05  1.640E-05  7.056E-06
  372.5000  6.092E-06  1.273E-05  1.577E-05  1.209E-05  5.207E-06
  373.5000  5.492E-06  1.147E-05  1.420E-05  1.089E-05  4.696E-06
  374.5000  6.013E-06  1.254E-05  1.554E-05  1.191E-05  5.143E-06
  375.5000  6.776E-06  1.412E-05  1.749E-05  1.341E-05  5.796E-06
  376.5000  6.755E-06  1.407E-05  1.742E-05  1.336E-05  5.780E-06
  377.5000  8.029E-06  1.671E-05  2.069E-05  1.587E-05  6.872E-06
  378.5000  8.731E-06  1.816E-05  2.248E-05  1.725E-05  7.475E-06
  379.5000  6.444E-06  1.339E-05  1.658E-05  1.272E-05  5.518E-06
  380.5000  7.734E-06  1.606E-05  1.988E-05  1.526E-05  6.625E-06
  381.5000  7.253E-06  1.505E-05  1.863E-05  1.430E-05  6.214E-06
  382.5000  4.822E-06  9.999E-06  1.238E-05  9.500E-06  4.133E-06
  383.5000  4.225E-06  8.754E-06  1.084E-05  8.317E-06  3.621E-06
  384.5000  6.326E-06  1.310E-05  1.621E-05  1.245E-05  5.424E-06
  385.5000  6.245E-06  1.292E-05  1.599E-05  1.228E-05  5.356E-06
  386.5000  6.351E-06  1.313E-05  1.625E-05  1.248E-05  5.448E-06
  387.5000  5.889E-06  1.217E-05  1.506E-05  1.156E-05  5.052E-06
  388.5000  5.888E-06  1.216E-05  1.505E-05  1.155E-05  5.053E-06
  389.5000  7.407E-06  1.529E-05  1.891E-05  1.453E-05  6.358E-06
  390.5000  7.258E-06  1.497E-05  1.852E-05  1.423E-05  6.232E-06
  391.5000  8.591E-06  1.771E-05  2.191E-05  1.683E-05  7.377E-06
  392.5000  6.426E-06  1.324E-05  1.638E-05  1.258E-05  5.519E-06
  393.5000  2.786E-06  5.737E-06  7.096E-06  5.452E-06  2.394E-06
  394.5000  6.539E-06  1.346E-05  1.664E-05  1.279E-05  5.619E-06
  395.5000  8.391E-06  1.726E-05  2.134E-05  1.640E-05  7.212E-06
  396.5000  4.915E-06  1.010E-05  1.249E-05  9.602E-06  4.225E-06
  397.5000  5.659E-06  1.162E-05  1.437E-05  1.105E-05  4.865E-06
  398.5000  9.700E-06  1.992E-05  2.462E-05  1.893E-05  8.341E-06
  399.5000  1.006E-05  2.065E-05  2.553E-05  1.963E-05  8.655E-06
  400.5000  1.055E-05  2.164E-05  2.675E-05  2.057E-05  9.076E-06
  401.5000  1.082E-05  2.219E-05  2.743E-05  2.109E-05  9.313E-06
  402.5000  1.121E-05  2.296E-05  2.838E-05  2.182E-05  9.643E-06
  403.5000  1.023E-05  2.095E-05  2.589E-05  1.991E-05  8.805E-06
  404.5000  1.001E-05  2.048E-05  2.531E-05  1.947E-05  8.616E-06
  405.5000  1.037E-05  2.121E-05  2.621E-05  2.016E-05  8.928E-06
  406.5000  9.738E-06  1.991E-05  2.460E-05  1.893E-05  8.386E-06
  407.5000  9.785E-06  2.000E-05  2.471E-05  1.901E-05  8.427E-06
  408.5000  1.086E-05  2.218E-05  2.741E-05  2.109E-05  9.355E-06
  409.5000  1.061E-05  2.167E-05  2.677E-05  2.060E-05  9.144E-06
  410.5000  9.178E-06  1.873E-05  2.314E-05  1.781E-05  7.908E-06
  411.5000  1.100E-05  2.244E-05  2.773E-05  2.134E-05  9.483E-06
  412.5000  1.088E-05  2.218E-05  2.740E-05  2.109E-05  9.378E-06
  413.5000  1.053E-05  2.145E-05  2.649E-05  2.039E-05  9.074E-06
  414.5000  1.079E-05  2.197E-05  2.714E-05  2.089E-05  9.300E-06
  415.5000  1.028E-05  2.093E-05  2.585E-05  1.990E-05  8.866E-06
  416.5000  1.115E-05  2.269E-05  2.802E-05  2.157E-05  9.616E-06
  417.5000  1.016E-05  2.067E-05  2.552E-05  1.965E-05  8.763E-06
  418.5000  1.021E-05  2.076E-05  2.564E-05  1.974E-05  8.808E-06
  419.5000  1.052E-05  2.138E-05  2.640E-05  2.033E-05  9.076E-06
------------------------------------------------------------
Dose rates, W m-2
   1 = UV-B, 280-315 nm                                  
   2 = UV-A, 315-400 nm                                  
   3 = Gaussian, 320 nm, 10 nm FWHM                      
   4 = RB Meter, model 501                               
   5 = DNA damage, in vitro (Setlow, 1974)               
   6 = UV index (WMO, 1994; Webb et al., 2011)           
   7 = Previtamin-D3 (CIE 2006)                          
values at z =      0.000 km
Columns: time, sza, weighting spectra
time, hrs.  sza, deg.          1          2          3          4          5          6          7
   11.0000     96.886  1.513E-08  4.293E-04  4.282E-07  1.468E-07  7.859E-10  9.171E-06  1.032E-08
   11.5000     96.508  3.733E-07  9.198E-04  1.473E-06  4.903E-07  2.164E-09  2.245E-05  7.776E-08
   12.0000     96.393  7.462E-07  1.144E-03  1.995E-06  6.909E-07  2.948E-09  2.913E-05  1.366E-07
   12.5000     96.544  2.982E-07  8.718E-04  1.349E-06  4.455E-07  1.995E-09  2.099E-05  6.572E-08
   13.0000     96.958  6.768E-09  3.644E-04  3.204E-07  1.144E-07  6.384E-10  7.600E-06  6.854E-09
------------------------------------------------------------
