Spectral Irradiance, W m-2 nm-1
values at z =      0.000 km
Columns: wavelength (nm), times (hrs.) or sza (deg.)
    wc, nm     11.000     11.500     12.000     12.500     13.000
    sza =      33.967     30.635     28.861     28.932     30.835
  280.5000  1.214E-14  3.554E-14  5.887E-14  5.773E-14  3.348E-14
  281.5000  4.027E-13  1.072E-12  1.699E-12  1.669E-12  1.005E-12
  282.5000  5.575E-12  1.369E-11  2.087E-11  2.054E-11  1.302E-11
  283.5000  2.785E-11  6.486E-11  9.651E-11  9.504E-11  6.188E-11
  284.5000  3.148E-10  6.660E-10  9.472E-10  9.344E-10  6.386E-10
  285.5000  1.185E-09  2.334E-09  3.211E-09  3.172E-09  2.248E-09
  286.5000  1.480E-08  2.761E-08  3.703E-08  3.592E-08  2.667E-08
  287.5000  9.026E-08  1.585E-07  2.066E-07  2.045E-07  1.536E-07
  288.5000  4.838E-07  7.954E-07  1.005E-06  9.962E-07  7.737E-07
  289.5000  2.786E-06  4.370E-06  5.402E-06  5.358E-06  4.262E-06
  290.5000  1.161E-05  1.751E-05  2.124E-05  2.108E-05  1.711E-05
  291.5000  3.822E-05  5.510E-05  6.546E-05  6.503E-05  5.399E-05
  292.5000  9.474E-05  1.316E-04  1.537E-04  1.528E-04  1.292E-04
  293.5000  2.808E-04  3.769E-04  4.331E-04  4.307E-04  3.707E-04
  294.5000  5.443E-04  7.111E-04  8.068E-04  8.028E-04  7.006E-04
  295.5000  1.396E-03  1.772E-03  1.984E-03  1.973E-03  1.749E-03
  296.5000  2.478E-03  3.072E-03  3.400E-03  3.387E-03  3.035E-03
  297.5000  4.820E-03  5.851E-03  6.413E-03  6.391E-03  5.788E-03
  298.5000  5.819E-03  6.941E-03  7.545E-03  7.521E-03  6.873E-03
  299.5000  1.313E-02  1.541E-02  1.662E-02  1.657E-02  1.527E-02
  300.5000  1.242E-02  1.439E-02  1.543E-02  1.539E-02  1.428E-02
  301.5000  2.492E-02  2.847E-02  3.033E-02  3.025E-02  2.826E-02
  302.5000  3.127E-02  3.541E-02  3.756E-02  3.748E-02  3.517E-02
  303.5000  5.381E-02  6.029E-02  6.363E-02  6.350E-02  5.990E-02
  304.5000  5.919E-02  6.591E-02  6.936E-02  6.923E-02  6.551E-02
  305.5000  7.886E-02  8.701E-02  9.118E-02  9.101E-02  8.594E-02
  306.5000  8.270E-02  9.089E-02  9.506E-02  9.489E-02  9.040E-02
  307.5000  1.202E-01  1.311E-01  1.366E-01  1.364E-01  1.305E-01
  308.5000  1.350E-01  1.468E-01  1.528E-01  1.526E-01  1.461E-01
  309.5000  1.196E-01  1.294E-01  1.344E-01  1.342E-01  1.288E-01
  310.5000  1.635E-01  1.763E-01  1.827E-01  1.825E-01  1.755E-01
  311.5000  2.109E-01  2.269E-01  2.349E-01  2.346E-01  2.260E-01
  312.5000  2.066E-01  2.213E-01  2.287E-01  2.284E-01  2.205E-01
  313.5000  2.346E-01  2.511E-01  2.593E-01  2.590E-01  2.501E-01
  314.5000  2.352E-01  2.508E-01  2.586E-01  2.583E-01  2.499E-01
  315.5000  2.431E-01  2.590E-01  2.670E-01  2.667E-01  2.581E-01
  316.5000  2.427E-01  2.578E-01  2.654E-01  2.651E-01  2.569E-01
  317.5000  3.432E-01  3.646E-01  3.753E-01  3.749E-01  3.634E-01
  318.5000  2.704E-01  2.866E-01  2.946E-01  2.943E-01  2.856E-01
  319.5000  3.301E-01  3.496E-01  3.593E-01  3.589E-01  3.485E-01
  320.5000  4.018E-01  4.253E-01  4.370E-01  4.358E-01  4.239E-01
  321.5000  3.415E-01  3.606E-01  3.701E-01  3.697E-01  3.594E-01
  322.5000  3.437E-01  3.635E-01  3.734E-01  3.730E-01  3.623E-01
  323.5000  3.542E-01  3.736E-01  3.832E-01  3.828E-01  3.724E-01
  324.5000  4.157E-01  4.383E-01  4.498E-01  4.493E-01  4.371E-01
  325.5000  4.660E-01  4.917E-01  5.044E-01  5.039E-01  4.902E-01
  326.5000  5.636E-01  5.935E-01  6.083E-01  6.078E-01  5.917E-01
  327.5000  5.251E-01  5.532E-01  5.672E-01  5.666E-01  5.516E-01
  328.5000  4.849E-01  5.108E-01  5.237E-01  5.228E-01  5.093E-01
  329.5000  6.278E-01  6.604E-01  6.766E-01  6.759E-01  6.585E-01
  330.5000  5.712E-01  6.011E-01  6.160E-01  6.154E-01  5.993E-01
  331.5000  5.646E-01  5.941E-01  6.088E-01  6.083E-01  5.924E-01
  332.5000  5.553E-01  5.837E-01  5.979E-01  5.973E-01  5.821E-01
  333.5000  5.221E-01  5.490E-01  5.625E-01  5.619E-01  5.475E-01
  334.5000  5.832E-01  6.131E-01  6.280E-01  6.274E-01  6.113E-01
  335.5000  5.907E-01  6.206E-01  6.356E-01  6.350E-01  6.189E-01
  336.5000  4.619E-01  4.854E-01  4.970E-01  4.966E-01  4.840E-01
  337.5000  5.073E-01  5.332E-01  5.461E-01  5.456E-01  5.317E-01
  338.5000  5.350E-01  5.620E-01  5.754E-01  5.749E-01  5.604E-01
  339.5000  5.815E-01  6.108E-01  6.253E-01  6.248E-01  6.091E-01
  340.5000  6.219E-01  6.533E-01  6.689E-01  6.682E-01  6.515E-01
  341.5000  5.521E-01  5.797E-01  5.935E-01  5.929E-01  5.781E-01
  342.5000  6.115E-01  6.421E-01  6.573E-01  6.567E-01  6.403E-01
  343.5000  6.353E-01  6.670E-01  6.828E-01  6.822E-01  6.652E-01
  344.5000  4.454E-01  4.676E-01  4.787E-01  4.782E-01  4.663E-01
  345.5000  6.099E-01  6.401E-01  6.552E-01  6.546E-01  6.384E-01
  346.5000  5.706E-01  5.990E-01  6.131E-01  6.125E-01  5.973E-01
  347.5000  5.575E-01  5.852E-01  5.989E-01  5.983E-01  5.835E-01
  348.5000  6.126E-01  6.429E-01  6.580E-01  6.574E-01  6.411E-01
  349.5000  5.134E-01  5.387E-01  5.513E-01  5.508E-01  5.372E-01
  350.5000  7.187E-01  7.541E-01  7.717E-01  7.710E-01  7.521E-01
  351.5000  6.194E-01  6.499E-01  6.651E-01  6.645E-01  6.481E-01
  352.5000  5.586E-01  5.860E-01  5.996E-01  5.991E-01  5.844E-01
  353.5000  6.723E-01  7.052E-01  7.216E-01  7.210E-01  7.033E-01
  354.5000  7.275E-01  7.631E-01  7.808E-01  7.801E-01  7.610E-01
  355.5000  6.798E-01  7.130E-01  7.295E-01  7.288E-01  7.111E-01
  356.5000  6.308E-01  6.616E-01  6.769E-01  6.762E-01  6.598E-01
  357.5000  5.364E-01  5.625E-01  5.755E-01  5.749E-01  5.610E-01
  358.5000  4.138E-01  4.340E-01  4.440E-01  4.436E-01  4.328E-01
  359.5000  6.964E-01  7.302E-01  7.470E-01  7.463E-01  7.282E-01
  360.5000  6.454E-01  6.767E-01  6.923E-01  6.916E-01  6.749E-01
  361.5000  5.818E-01  6.100E-01  6.240E-01  6.234E-01  6.083E-01
  362.5000  6.832E-01  7.162E-01  7.326E-01  7.319E-01  7.143E-01
  363.5000  6.077E-01  6.370E-01  6.515E-01  6.510E-01  6.353E-01
  364.5000  6.628E-01  6.948E-01  7.106E-01  7.100E-01  6.929E-01
  365.5000  8.076E-01  8.464E-01  8.657E-01  8.649E-01  8.442E-01
  366.5000  8.546E-01  8.956E-01  9.160E-01  9.152E-01  8.933E-01
  367.5000  8.113E-01  8.502E-01  8.695E-01  8.688E-01  8.480E-01
  368.5000  7.127E-01  7.468E-01  7.637E-01  7.630E-01  7.448E-01
  369.5000  8.548E-01  8.956E-01  9.159E-01  9.151E-01  8.932E-01
  370.5000  7.754E-01  8.124E-01  8.308E-01  8.301E-01  8.103E-01
  371.5000  8.871E-01  9.294E-01  9.504E-01  9.496E-01  9.270E-01
  372.5000  6.552E-01  6.864E-01  7.019E-01  7.013E-01  6.846E-01
  373.5000  5.922E-01  6.204E-01  6.343E-01  6.338E-01  6.187E-01
  374.5000  6.499E-01  6.808E-01  6.961E-01  6.955E-01  6.790E-01
  375.5000  7.332E-01  7.680E-01  7.852E-01  7.845E-01  7.659E-01
  376.5000  7.321E-01  7.668E-01  7.840E-01  7.833E-01  7.647E-01
  377.5000  8.717E-01  9.129E-01  9.334E-01  9.325E-01  9.105E-01
  378.5000  9.500E-01  9.949E-01  1.017E+00  1.016E+00  9.922E-01
  379.5000  7.028E-01  7.359E-01  7.524E-01  7.517E-01  7.340E-01
  380.5000  8.451E-01  8.849E-01  9.047E-01  9.039E-01  8.826E-01
  381.5000  7.941E-01  8.314E-01  8.499E-01  8.492E-01  8.293E-01
  382.5000  5.291E-01  5.539E-01  5.663E-01  5.658E-01  5.525E-01
  383.5000  4.646E-01  4.864E-01  4.972E-01  4.967E-01  4.851E-01
  384.5000  6.971E-01  7.298E-01  7.460E-01  7.453E-01  7.279E-01
  385.5000  6.897E-01  7.219E-01  7.379E-01  7.373E-01  7.201E-01
  386.5000  7.030E-01  7.358E-01  7.521E-01  7.514E-01  7.339E-01
  387.5000  6.533E-01  6.837E-01  6.989E-01  6.983E-01  6.820E-01
  388.5000  6.548E-01  6.853E-01  7.004E-01  6.998E-01  6.835E-01
  389.5000  8.257E-01  8.641E-01  8.831E-01  8.824E-01  8.618E-01
  390.5000  8.109E-01  8.486E-01  8.673E-01  8.666E-01  8.464E-01
  391.5000  9.620E-01  1.007E+00  1.029E+00  1.028E+00  1.004E+00
  392.5000  7.214E-01  7.548E-01  7.714E-01  7.707E-01  7.528E-01
  393.5000  3.136E-01  3.281E-01  3.353E-01  3.350E-01  3.273E-01
  394.5000  7.379E-01  7.720E-01  7.889E-01  7.883E-01  7.700E-01
  395.5000  9.494E-01  9.932E-01  1.015E+00  1.014E+00  9.907E-01
  396.5000  5.574E-01  5.832E-01  5.959E-01  5.954E-01  5.817E-01
  397.5000  6.432E-01  6.729E-01  6.876E-01  6.870E-01  6.712E-01
  398.5000  1.105E+00  1.156E+00  1.181E+00  1.180E+00  1.153E+00
  399.5000  1.150E+00  1.202E+00  1.229E+00  1.228E+00  1.199E+00
  400.5000  1.209E+00  1.264E+00  1.292E+00  1.290E+00  1.261E+00
  401.5000  1.243E+00  1.300E+00  1.329E+00  1.328E+00  1.297E+00
  402.5000  1.291E+00  1.350E+00  1.379E+00  1.378E+00  1.347E+00
  403.5000  1.181E+00  1.236E+00  1.262E+00  1.261E+00  1.232E+00
  404.5000  1.159E+00  1.212E+00  1.238E+00  1.237E+00  1.209E+00
  405.5000  1.204E+00  1.259E+00  1.286E+00  1.285E+00  1.255E+00
  406.5000  1.134E+00  1.185E+00  1.211E+00  1.210E+00  1.182E+00
  407.5000  1.143E+00  1.195E+00  1.221E+00  1.220E+00  1.192E+00
  408.5000  1.273E+00  1.331E+00  1.360E+00  1.358E+00  1.328E+00
  409.5000  1.248E+00  1.305E+00  1.333E+00  1.332E+00  1.301E+00
  410.5000  1.082E+00  1.131E+00  1.156E+00  1.155E+00  1.128E+00
  411.5000  1.301E+00  1.360E+00  1.389E+00  1.388E+00  1.356E+00
  412.5000  1.289E+00  1.348E+00  1.377E+00  1.375E+00  1.344E+00
  413.5000  1.250E+00  1.307E+00  1.335E+00  1.334E+00  1.304E+00
  414.5000  1.285E+00  1.343E+00  1.372E+00  1.371E+00  1.340E+00
  415.5000  1.229E+00  1.285E+00  1.312E+00  1.311E+00  1.281E+00
  416.5000  1.338E+00  1.398E+00  1.428E+00  1.427E+00  1.395E+00
  417.5000  1.223E+00  1.278E+00  1.305E+00  1.304E+00  1.275E+00
  418.5000  1.233E+00  1.288E+00  1.316E+00  1.314E+00  1.285E+00
  419.5000  1.273E+00  1.330E+00  1.359E+00  1.358E+00  1.327E+00
------------------------------------------------------------
Dose rates, W m-2
   1 = UV-B, 280-315 nm                                  
   2 = UV-A, 315-400 nm                                  
   3 = Gaussian, 320 nm, 10 nm FWHM                      
   4 = RB Meter, model 501                               
   5 = DNA damage, in vitro (Setlow, 1974)               
   6 = UV index (WMO, 1994; Webb et al., 2011)           
   7 = Previtamin-D3 (CIE 2006)                          
values at z =      0.000 km
Columns: time, sza, weighting spectra
time, hrs.  sza, deg.          1          2          3          4          5          6          7
   11.0000     33.967  1.797E+00  5.299E+01  3.391E-01  5.375E-01  6.633E-03  1.036E+01  5.184E-01
   11.5000     30.635  1.950E+00  5.559E+01  3.589E-01  5.878E-01  7.540E-03  1.139E+01  5.717E-01
   12.0000     28.861  2.028E+00  5.688E+01  3.689E-01  6.136E-01  8.020E-03  1.193E+01  5.991E-01
   12.5000     28.932  2.025E+00  5.683E+01  3.684E-01  6.126E-01  8.000E-03  1.191E+01  5.980E-01
   13.0000     30.835  1.941E+00  5.544E+01  3.578E-01  5.846E-01  7.482E-03  1.133E+01  5.682E-01
------------------------------------------------------------
