Spectral Irradiance, W m-2 nm-1
values at z =      0.000 km
Columns: wavelength (nm), times (hrs.) or sza (deg.)
    wc, nm     11.000     11.500     12.000     12.500     13.000
    sza =      61.516     60.703     60.686     61.465     63.010
  280.5000  2.031E-21  2.539E-21  2.553E-21  2.056E-21  1.519E-21
  281.5000  2.063E-19  2.648E-19  2.665E-19  2.092E-19  1.499E-19
  282.5000  7.635E-18  1.006E-17  1.013E-17  7.753E-18  5.366E-18
  283.5000  7.293E-17  9.793E-17  9.864E-17  7.414E-17  4.990E-17
  284.5000  2.835E-15  3.930E-15  3.960E-15  2.888E-15  1.830E-15
  285.5000  2.757E-14  3.892E-14  3.924E-14  2.812E-14  1.697E-14
  286.5000  7.313E-13  1.042E-12  1.050E-12  7.468E-13  4.345E-13
  287.5000  1.061E-11  1.514E-11  1.527E-11  1.084E-11  6.102E-12
  288.5000  1.510E-10  2.137E-10  2.154E-10  1.543E-10  8.525E-11
  289.5000  1.782E-09  2.489E-09  2.508E-09  1.820E-09  1.006E-09
  290.5000  1.374E-08  1.890E-08  1.903E-08  1.402E-08  7.843E-09
  291.5000  9.223E-08  1.240E-07  1.248E-07  9.397E-08  5.397E-08
  292.5000  4.128E-07  5.428E-07  5.460E-07  4.201E-07  2.490E-07
  293.5000  2.149E-06  2.760E-06  2.775E-06  2.184E-06  1.344E-06
  294.5000  6.494E-06  8.178E-06  8.219E-06  6.590E-06  4.195E-06
  295.5000  2.681E-05  3.302E-05  3.317E-05  2.717E-05  1.801E-05
  296.5000  7.080E-05  8.549E-05  8.583E-05  7.166E-05  4.927E-05
  297.5000  1.954E-04  2.318E-04  2.327E-04  1.976E-04  1.405E-04
  298.5000  3.171E-04  3.704E-04  3.716E-04  3.203E-04  2.347E-04
  299.5000  9.472E-04  1.090E-03  1.093E-03  9.558E-04  7.211E-04
  300.5000  1.111E-03  1.264E-03  1.267E-03  1.120E-03  8.646E-04
  301.5000  2.814E-03  3.161E-03  3.169E-03  2.836E-03  2.245E-03
  302.5000  4.118E-03  4.585E-03  4.596E-03  4.146E-03  3.339E-03
  303.5000  8.497E-03  9.367E-03  9.386E-03  8.551E-03  7.027E-03
  304.5000  1.038E-02  1.138E-02  1.140E-02  1.044E-02  8.683E-03
  305.5000  1.618E-02  1.757E-02  1.760E-02  1.626E-02  1.377E-02
  306.5000  1.814E-02  1.964E-02  1.967E-02  1.824E-02  1.556E-02
  307.5000  3.003E-02  3.225E-02  3.230E-02  3.017E-02  2.612E-02
  308.5000  3.545E-02  3.797E-02  3.803E-02  3.561E-02  3.101E-02
  309.5000  3.423E-02  3.649E-02  3.654E-02  3.437E-02  3.024E-02
  310.5000  4.977E-02  5.286E-02  5.293E-02  4.996E-02  4.427E-02
  311.5000  6.688E-02  7.088E-02  7.097E-02  6.714E-02  5.976E-02
  312.5000  7.045E-02  7.435E-02  7.443E-02  7.070E-02  6.347E-02
  313.5000  8.142E-02  8.584E-02  8.594E-02  8.170E-02  7.349E-02
  314.5000  8.685E-02  9.124E-02  9.134E-02  8.713E-02  7.895E-02
  315.5000  9.075E-02  9.527E-02  9.537E-02  9.103E-02  8.258E-02
  316.5000  9.503E-02  9.950E-02  9.959E-02  9.532E-02  8.696E-02
  317.5000  1.346E-01  1.409E-01  1.410E-01  1.350E-01  1.231E-01
  318.5000  1.108E-01  1.157E-01  1.158E-01  1.111E-01  1.019E-01
  319.5000  1.365E-01  1.424E-01  1.426E-01  1.369E-01  1.256E-01
  320.5000  1.679E-01  1.752E-01  1.753E-01  1.684E-01  1.548E-01
  321.5000  1.485E-01  1.546E-01  1.547E-01  1.489E-01  1.375E-01
  322.5000  1.452E-01  1.514E-01  1.515E-01  1.456E-01  1.340E-01
  323.5000  1.570E-01  1.633E-01  1.634E-01  1.574E-01  1.457E-01
  324.5000  1.842E-01  1.915E-01  1.916E-01  1.846E-01  1.708E-01
  325.5000  2.054E-01  2.136E-01  2.138E-01  2.059E-01  1.904E-01
  326.5000  2.566E-01  2.664E-01  2.666E-01  2.573E-01  2.388E-01
  327.5000  2.369E-01  2.461E-01  2.463E-01  2.375E-01  2.202E-01
  328.5000  2.191E-01  2.275E-01  2.277E-01  2.196E-01  2.036E-01
  329.5000  2.906E-01  3.014E-01  3.016E-01  2.913E-01  2.708E-01
  330.5000  2.621E-01  2.720E-01  2.722E-01  2.627E-01  2.440E-01
  331.5000  2.588E-01  2.686E-01  2.688E-01  2.594E-01  2.409E-01
  332.5000  2.591E-01  2.686E-01  2.688E-01  2.597E-01  2.417E-01
  333.5000  2.421E-01  2.511E-01  2.513E-01  2.427E-01  2.256E-01
  334.5000  2.717E-01  2.817E-01  2.820E-01  2.723E-01  2.533E-01
  335.5000  2.777E-01  2.878E-01  2.880E-01  2.783E-01  2.592E-01
  336.5000  2.169E-01  2.248E-01  2.250E-01  2.174E-01  2.023E-01
  337.5000  2.371E-01  2.458E-01  2.460E-01  2.376E-01  2.211E-01
  338.5000  2.524E-01  2.615E-01  2.617E-01  2.530E-01  2.356E-01
  339.5000  2.749E-01  2.849E-01  2.851E-01  2.755E-01  2.567E-01
  340.5000  2.934E-01  3.041E-01  3.043E-01  2.941E-01  2.739E-01
  341.5000  2.618E-01  2.713E-01  2.715E-01  2.624E-01  2.445E-01
  342.5000  2.905E-01  3.010E-01  3.012E-01  2.912E-01  2.714E-01
  343.5000  3.017E-01  3.126E-01  3.128E-01  3.024E-01  2.817E-01
  344.5000  2.114E-01  2.190E-01  2.192E-01  2.118E-01  1.974E-01
  345.5000  2.909E-01  3.013E-01  3.015E-01  2.916E-01  2.718E-01
  346.5000  2.718E-01  2.816E-01  2.818E-01  2.724E-01  2.539E-01
  347.5000  2.659E-01  2.754E-01  2.756E-01  2.665E-01  2.484E-01
  348.5000  2.927E-01  3.032E-01  3.034E-01  2.934E-01  2.735E-01
  349.5000  2.455E-01  2.543E-01  2.545E-01  2.461E-01  2.294E-01
  350.5000  3.441E-01  3.564E-01  3.567E-01  3.449E-01  3.215E-01
  351.5000  2.967E-01  3.073E-01  3.076E-01  2.974E-01  2.773E-01
  352.5000  2.679E-01  2.775E-01  2.777E-01  2.685E-01  2.504E-01
  353.5000  3.229E-01  3.344E-01  3.347E-01  3.237E-01  3.018E-01
  354.5000  3.499E-01  3.624E-01  3.626E-01  3.507E-01  3.271E-01
  355.5000  3.273E-01  3.389E-01  3.392E-01  3.281E-01  3.060E-01
  356.5000  3.040E-01  3.148E-01  3.150E-01  3.047E-01  2.842E-01
  357.5000  2.587E-01  2.679E-01  2.681E-01  2.593E-01  2.419E-01
  358.5000  1.999E-01  2.069E-01  2.071E-01  2.003E-01  1.869E-01
  359.5000  3.366E-01  3.485E-01  3.488E-01  3.374E-01  3.148E-01
  360.5000  3.123E-01  3.233E-01  3.236E-01  3.130E-01  2.920E-01
  361.5000  2.818E-01  2.918E-01  2.920E-01  2.825E-01  2.636E-01
  362.5000  3.313E-01  3.429E-01  3.432E-01  3.320E-01  3.098E-01
  363.5000  2.949E-01  3.053E-01  3.056E-01  2.956E-01  2.759E-01
  364.5000  3.220E-01  3.333E-01  3.336E-01  3.227E-01  3.012E-01
  365.5000  3.927E-01  4.065E-01  4.068E-01  3.936E-01  3.673E-01
  366.5000  4.159E-01  4.305E-01  4.309E-01  4.169E-01  3.891E-01
  367.5000  3.953E-01  4.091E-01  4.094E-01  3.962E-01  3.698E-01
  368.5000  3.475E-01  3.597E-01  3.600E-01  3.483E-01  3.252E-01
  369.5000  4.172E-01  4.318E-01  4.321E-01  4.181E-01  3.904E-01
  370.5000  3.788E-01  3.921E-01  3.924E-01  3.797E-01  3.545E-01
  371.5000  4.338E-01  4.490E-01  4.493E-01  4.348E-01  4.060E-01
  372.5000  3.207E-01  3.319E-01  3.322E-01  3.214E-01  3.002E-01
  373.5000  2.901E-01  3.002E-01  3.005E-01  2.908E-01  2.715E-01
  374.5000  3.187E-01  3.298E-01  3.300E-01  3.194E-01  2.983E-01
  375.5000  3.599E-01  3.724E-01  3.726E-01  3.607E-01  3.368E-01
  376.5000  3.596E-01  3.721E-01  3.724E-01  3.604E-01  3.367E-01
  377.5000  4.286E-01  4.435E-01  4.438E-01  4.296E-01  4.013E-01
  378.5000  4.675E-01  4.837E-01  4.841E-01  4.686E-01  4.377E-01
  379.5000  3.462E-01  3.582E-01  3.584E-01  3.469E-01  3.241E-01
  380.5000  4.167E-01  4.311E-01  4.314E-01  4.176E-01  3.901E-01
  381.5000  3.918E-01  4.054E-01  4.057E-01  3.927E-01  3.669E-01
  382.5000  2.613E-01  2.703E-01  2.705E-01  2.619E-01  2.447E-01
  383.5000  2.296E-01  2.376E-01  2.377E-01  2.301E-01  2.151E-01
  384.5000  3.449E-01  3.568E-01  3.570E-01  3.457E-01  3.230E-01
  385.5000  3.415E-01  3.533E-01  3.535E-01  3.423E-01  3.199E-01
  386.5000  3.484E-01  3.604E-01  3.606E-01  3.491E-01  3.263E-01
  387.5000  3.240E-01  3.352E-01  3.354E-01  3.247E-01  3.035E-01
  388.5000  3.250E-01  3.362E-01  3.364E-01  3.258E-01  3.045E-01
  389.5000  4.102E-01  4.243E-01  4.246E-01  4.111E-01  3.844E-01
  390.5000  4.033E-01  4.171E-01  4.174E-01  4.041E-01  3.778E-01
  391.5000  4.788E-01  4.952E-01  4.955E-01  4.798E-01  4.486E-01
  392.5000  3.593E-01  3.716E-01  3.719E-01  3.601E-01  3.367E-01
  393.5000  1.563E-01  1.617E-01  1.618E-01  1.567E-01  1.465E-01
  394.5000  3.682E-01  3.807E-01  3.810E-01  3.690E-01  3.450E-01
  395.5000  4.741E-01  4.902E-01  4.905E-01  4.751E-01  4.443E-01
  396.5000  2.786E-01  2.881E-01  2.883E-01  2.792E-01  2.611E-01
  397.5000  3.217E-01  3.326E-01  3.329E-01  3.224E-01  3.016E-01
  398.5000  5.533E-01  5.720E-01  5.724E-01  5.545E-01  5.187E-01
  399.5000  5.759E-01  5.954E-01  5.959E-01  5.772E-01  5.399E-01
  400.5000  6.059E-01  6.264E-01  6.269E-01  6.072E-01  5.681E-01
  401.5000  6.239E-01  6.450E-01  6.455E-01  6.252E-01  5.850E-01
  402.5000  6.482E-01  6.701E-01  6.706E-01  6.496E-01  6.078E-01
  403.5000  5.938E-01  6.138E-01  6.142E-01  5.950E-01  5.568E-01
  404.5000  5.828E-01  6.024E-01  6.029E-01  5.841E-01  5.466E-01
  405.5000  6.059E-01  6.263E-01  6.267E-01  6.072E-01  5.683E-01
  406.5000  5.711E-01  5.903E-01  5.907E-01  5.723E-01  5.357E-01
  407.5000  5.762E-01  5.956E-01  5.960E-01  5.774E-01  5.405E-01
  408.5000  6.422E-01  6.638E-01  6.642E-01  6.436E-01  6.024E-01
  409.5000  6.300E-01  6.512E-01  6.516E-01  6.314E-01  5.911E-01
  410.5000  5.468E-01  5.651E-01  5.655E-01  5.479E-01  5.130E-01
  411.5000  6.577E-01  6.797E-01  6.802E-01  6.591E-01  6.171E-01
  412.5000  6.523E-01  6.741E-01  6.746E-01  6.537E-01  6.121E-01
  413.5000  6.332E-01  6.543E-01  6.548E-01  6.345E-01  5.941E-01
  414.5000  6.512E-01  6.729E-01  6.734E-01  6.526E-01  6.111E-01
  415.5000  6.233E-01  6.441E-01  6.446E-01  6.247E-01  5.850E-01
  416.5000  6.789E-01  7.015E-01  7.020E-01  6.803E-01  6.372E-01
  417.5000  6.211E-01  6.417E-01  6.422E-01  6.224E-01  5.829E-01
  418.5000  6.264E-01  6.472E-01  6.476E-01  6.277E-01  5.880E-01
  419.5000  6.475E-01  6.690E-01  6.695E-01  6.489E-01  6.078E-01
------------------------------------------------------------
Dose rates, W m-2
   1 = UV-B, 280-315 nm                                  
   2 = UV-A, 315-400 nm                                  
   3 = Gaussian, 320 nm, 10 nm FWHM                      
   4 = RB Meter, model 501                               
   5 = DNA damage, in vitro (Setlow, 1974)               
   6 = UV index (WMO, 1994; Webb et al., 2011)           
   7 = Previtamin-D3 (CIE 2006)                          
values at z =      0.000 km
Columns: time, sza, weighting spectra
time, hrs.  sza, deg.          1          2          3          4          5          6          7
   11.0000     61.516  5.179E-01  2.544E+01  1.417E-01  1.445E-01  1.096E-03  2.696E+00  1.194E-01
   11.5000     60.703  5.507E-01  2.635E+01  1.478E-01  1.538E-01  1.192E-03  2.868E+00  1.283E-01
   12.0000     60.686  5.514E-01  2.637E+01  1.479E-01  1.540E-01  1.194E-03  2.872E+00  1.285E-01
   12.5000     61.465  5.200E-01  2.550E+01  1.421E-01  1.451E-01  1.102E-03  2.707E+00  1.200E-01
   13.0000     63.010  4.600E-01  2.377E+01  1.306E-01  1.281E-01  9.343E-04  2.395E+00  1.039E-01
------------------------------------------------------------
