Spectral Irradiance, W m-2 nm-1
values at z =      0.000 km
Columns: wavelength (nm), times (hrs.) or sza (deg.)
    wc, nm     11.000     11.500     12.000     12.500     13.000
    sza =      46.843     45.771     45.787     46.892     49.011
  280.5000  2.510E-18  5.148E-18  5.093E-18  2.427E-18  5.199E-19
  281.5000  1.783E-16  3.428E-16  3.395E-16  1.729E-16  4.253E-17
  282.5000  4.746E-15  8.636E-15  8.560E-15  4.614E-15  1.278E-15
  283.5000  3.625E-14  6.364E-14  6.312E-14  3.530E-14  1.056E-14
  284.5000  8.883E-13  1.461E-12  1.450E-12  8.677E-13  2.988E-13
  285.5000  5.923E-12  9.281E-12  9.220E-12  5.799E-12  2.215E-12
  286.5000  1.148E-10  1.734E-10  1.723E-10  1.126E-10  4.659E-11
  287.5000  1.140E-09  1.653E-09  1.644E-09  1.121E-09  5.064E-10
  288.5000  1.038E-08  1.438E-08  1.431E-08  1.022E-08  5.082E-09
  289.5000  8.724E-08  1.171E-07  1.166E-07  8.604E-08  4.582E-08
  290.5000  4.997E-07  6.532E-07  6.506E-07  4.935E-07  2.783E-07
  291.5000  2.358E-06  2.991E-06  2.980E-06  2.332E-06  1.404E-06
  292.5000  7.848E-06  9.710E-06  9.679E-06  7.770E-06  4.931E-06
  293.5000  3.068E-05  3.709E-05  3.699E-05  3.041E-05  2.029E-05
  294.5000  7.387E-05  8.768E-05  8.746E-05  7.328E-05  5.081E-05
  295.5000  2.384E-04  2.776E-04  2.770E-04  2.367E-04  1.711E-04
  296.5000  5.121E-04  5.868E-04  5.857E-04  5.088E-04  3.805E-04
  297.5000  1.177E-03  1.330E-03  1.328E-03  1.170E-03  9.018E-04
  298.5000  1.636E-03  1.827E-03  1.824E-03  1.627E-03  1.285E-03
  299.5000  4.214E-03  4.655E-03  4.648E-03  4.195E-03  3.393E-03
  300.5000  4.412E-03  4.833E-03  4.826E-03  4.393E-03  3.619E-03
  301.5000  9.875E-03  1.072E-02  1.070E-02  9.838E-03  8.264E-03
  302.5000  1.332E-02  1.437E-02  1.435E-02  1.327E-02  1.129E-02
  303.5000  2.494E-02  2.672E-02  2.670E-02  2.486E-02  2.148E-02
  304.5000  2.882E-02  3.075E-02  3.072E-02  2.873E-02  2.504E-02
  305.5000  4.129E-02  4.379E-02  4.375E-02  4.118E-02  3.635E-02
  306.5000  4.468E-02  4.726E-02  4.722E-02  4.456E-02  3.956E-02
  307.5000  6.894E-02  7.255E-02  7.250E-02  6.878E-02  6.172E-02
  308.5000  7.925E-02  8.324E-02  8.318E-02  7.907E-02  7.125E-02
  309.5000  7.304E-02  7.647E-02  7.642E-02  7.288E-02  6.615E-02
  310.5000  1.027E-01  1.073E-01  1.072E-01  1.025E-01  9.351E-02
  311.5000  1.350E-01  1.408E-01  1.407E-01  1.348E-01  1.234E-01
  312.5000  1.368E-01  1.422E-01  1.421E-01  1.365E-01  1.257E-01
  313.5000  1.566E-01  1.619E-01  1.626E-01  1.563E-01  1.441E-01
  314.5000  1.615E-01  1.674E-01  1.673E-01  1.612E-01  1.494E-01
  315.5000  1.677E-01  1.738E-01  1.737E-01  1.675E-01  1.553E-01
  316.5000  1.711E-01  1.770E-01  1.769E-01  1.709E-01  1.591E-01
  317.5000  2.422E-01  2.505E-01  2.504E-01  2.419E-01  2.252E-01
  318.5000  1.947E-01  2.011E-01  2.010E-01  1.944E-01  1.817E-01
  319.5000  2.387E-01  2.464E-01  2.459E-01  2.383E-01  2.229E-01
  320.5000  2.920E-01  3.013E-01  3.011E-01  2.915E-01  2.730E-01
  321.5000  2.527E-01  2.603E-01  2.602E-01  2.524E-01  2.371E-01
  322.5000  2.510E-01  2.589E-01  2.588E-01  2.506E-01  2.349E-01
  323.5000  2.644E-01  2.722E-01  2.721E-01  2.641E-01  2.485E-01
  324.5000  3.103E-01  3.194E-01  3.193E-01  3.099E-01  2.915E-01
  325.5000  3.470E-01  3.573E-01  3.572E-01  3.466E-01  3.259E-01
  326.5000  4.260E-01  4.381E-01  4.379E-01  4.254E-01  4.011E-01
  327.5000  3.952E-01  4.066E-01  4.064E-01  3.947E-01  3.719E-01
  328.5000  3.652E-01  3.756E-01  3.755E-01  3.647E-01  3.436E-01
  329.5000  4.780E-01  4.913E-01  4.911E-01  4.774E-01  4.508E-01
  330.5000  4.332E-01  4.454E-01  4.452E-01  4.327E-01  4.082E-01
  331.5000  4.280E-01  4.400E-01  4.398E-01  4.274E-01  4.032E-01
  332.5000  4.243E-01  4.360E-01  4.358E-01  4.238E-01  4.004E-01
  333.5000  3.979E-01  4.089E-01  4.087E-01  3.974E-01  3.752E-01
  334.5000  4.453E-01  4.576E-01  4.574E-01  4.448E-01  4.202E-01
  335.5000  4.529E-01  4.652E-01  4.650E-01  4.524E-01  4.277E-01
  336.5000  3.539E-01  3.636E-01  3.634E-01  3.535E-01  3.342E-01
  337.5000  3.879E-01  3.985E-01  3.984E-01  3.874E-01  3.661E-01
  338.5000  4.108E-01  4.219E-01  4.217E-01  4.103E-01  3.880E-01
  339.5000  4.470E-01  4.590E-01  4.588E-01  4.464E-01  4.222E-01
  340.5000  4.776E-01  4.904E-01  4.902E-01  4.770E-01  4.511E-01
  341.5000  4.249E-01  4.363E-01  4.361E-01  4.244E-01  4.015E-01
  342.5000  4.710E-01  4.836E-01  4.834E-01  4.705E-01  4.452E-01
  343.5000  4.892E-01  5.023E-01  5.021E-01  4.886E-01  4.623E-01
  344.5000  3.428E-01  3.520E-01  3.519E-01  3.424E-01  3.240E-01
  345.5000  4.705E-01  4.830E-01  4.828E-01  4.700E-01  4.448E-01
  346.5000  4.400E-01  4.516E-01  4.515E-01  4.394E-01  4.159E-01
  347.5000  4.301E-01  4.415E-01  4.413E-01  4.295E-01  4.066E-01
  348.5000  4.729E-01  4.854E-01  4.853E-01  4.724E-01  4.472E-01
  349.5000  3.965E-01  4.069E-01  4.068E-01  3.960E-01  3.749E-01
  350.5000  5.553E-01  5.699E-01  5.697E-01  5.546E-01  5.252E-01
  351.5000  4.787E-01  4.913E-01  4.911E-01  4.781E-01  4.527E-01
  352.5000  4.319E-01  4.432E-01  4.431E-01  4.314E-01  4.085E-01
  353.5000  5.201E-01  5.337E-01  5.335E-01  5.195E-01  4.920E-01
  354.5000  5.631E-01  5.779E-01  5.776E-01  5.625E-01  5.328E-01
  355.5000  5.264E-01  5.402E-01  5.400E-01  5.258E-01  4.981E-01
  356.5000  4.887E-01  5.014E-01  5.012E-01  4.881E-01  4.624E-01
  357.5000  4.156E-01  4.265E-01  4.263E-01  4.152E-01  3.933E-01
  358.5000  3.208E-01  3.292E-01  3.291E-01  3.205E-01  3.036E-01
  359.5000  5.401E-01  5.541E-01  5.539E-01  5.395E-01  5.112E-01
  360.5000  5.008E-01  5.137E-01  5.136E-01  5.002E-01  4.740E-01
  361.5000  4.516E-01  4.633E-01  4.631E-01  4.511E-01  4.275E-01
  362.5000  5.305E-01  5.442E-01  5.440E-01  5.299E-01  5.022E-01
  363.5000  4.720E-01  4.842E-01  4.840E-01  4.715E-01  4.469E-01
  364.5000  5.150E-01  5.283E-01  5.281E-01  5.144E-01  4.877E-01
  365.5000  6.277E-01  6.439E-01  6.436E-01  6.270E-01  5.944E-01
  366.5000  6.645E-01  6.816E-01  6.813E-01  6.638E-01  6.293E-01
  367.5000  6.311E-01  6.473E-01  6.471E-01  6.304E-01  5.977E-01
  368.5000  5.545E-01  5.687E-01  5.685E-01  5.539E-01  5.252E-01
  369.5000  6.653E-01  6.824E-01  6.821E-01  6.646E-01  6.302E-01
  370.5000  6.038E-01  6.192E-01  6.190E-01  6.031E-01  5.720E-01
  371.5000  6.910E-01  7.087E-01  7.084E-01  6.902E-01  6.547E-01
  372.5000  5.106E-01  5.236E-01  5.234E-01  5.100E-01  4.837E-01
  373.5000  4.616E-01  4.733E-01  4.732E-01  4.611E-01  4.374E-01
  374.5000  5.067E-01  5.196E-01  5.194E-01  5.062E-01  4.802E-01
  375.5000  5.719E-01  5.864E-01  5.862E-01  5.712E-01  5.420E-01
  376.5000  5.712E-01  5.857E-01  5.855E-01  5.706E-01  5.414E-01
  377.5000  6.804E-01  6.976E-01  6.973E-01  6.796E-01  6.448E-01
  378.5000  7.417E-01  7.604E-01  7.602E-01  7.409E-01  7.030E-01
  379.5000  5.489E-01  5.627E-01  5.625E-01  5.482E-01  5.203E-01
  380.5000  6.602E-01  6.769E-01  6.766E-01  6.595E-01  6.259E-01
  381.5000  6.206E-01  6.362E-01  6.359E-01  6.199E-01  5.883E-01
  382.5000  4.136E-01  4.240E-01  4.238E-01  4.131E-01  3.922E-01
  383.5000  3.633E-01  3.724E-01  3.723E-01  3.629E-01  3.445E-01
  384.5000  5.453E-01  5.590E-01  5.588E-01  5.447E-01  5.171E-01
  385.5000  5.396E-01  5.531E-01  5.529E-01  5.390E-01  5.117E-01
  386.5000  5.502E-01  5.639E-01  5.637E-01  5.496E-01  5.218E-01
  387.5000  5.115E-01  5.242E-01  5.240E-01  5.109E-01  4.851E-01
  388.5000  5.128E-01  5.255E-01  5.254E-01  5.122E-01  4.864E-01
  389.5000  6.468E-01  6.629E-01  6.627E-01  6.461E-01  6.135E-01
  390.5000  6.354E-01  6.512E-01  6.510E-01  6.347E-01  6.028E-01
  391.5000  7.540E-01  7.728E-01  7.725E-01  7.532E-01  7.154E-01
  392.5000  5.656E-01  5.796E-01  5.794E-01  5.650E-01  5.366E-01
  393.5000  2.459E-01  2.520E-01  2.519E-01  2.457E-01  2.334E-01
  394.5000  5.789E-01  5.932E-01  5.930E-01  5.782E-01  5.493E-01
  395.5000  7.450E-01  7.634E-01  7.631E-01  7.442E-01  7.070E-01
  396.5000  4.376E-01  4.484E-01  4.482E-01  4.371E-01  4.153E-01
  397.5000  5.050E-01  5.175E-01  5.173E-01  5.045E-01  4.793E-01
  398.5000  8.680E-01  8.894E-01  8.891E-01  8.671E-01  8.239E-01
  399.5000  9.031E-01  9.253E-01  9.250E-01  9.021E-01  8.573E-01
  400.5000  9.497E-01  9.730E-01  9.727E-01  9.486E-01  9.015E-01
  401.5000  9.773E-01  1.001E+00  1.001E+00  9.763E-01  9.278E-01
  402.5000  1.015E+00  1.040E+00  1.039E+00  1.014E+00  9.635E-01
  403.5000  9.292E-01  9.519E-01  9.515E-01  9.281E-01  8.822E-01
  404.5000  9.115E-01  9.338E-01  9.335E-01  9.105E-01  8.655E-01
  405.5000  9.471E-01  9.702E-01  9.699E-01  9.461E-01  8.994E-01
  406.5000  8.923E-01  9.141E-01  9.137E-01  8.913E-01  8.474E-01
  407.5000  8.998E-01  9.217E-01  9.214E-01  8.989E-01  8.546E-01
  408.5000  1.002E+00  1.027E+00  1.026E+00  1.001E+00  9.520E-01
  409.5000  9.829E-01  1.007E+00  1.006E+00  9.818E-01  9.336E-01
  410.5000  8.526E-01  8.733E-01  8.730E-01  8.517E-01  8.098E-01
  411.5000  1.025E+00  1.050E+00  1.050E+00  1.024E+00  9.737E-01
  412.5000  1.016E+00  1.041E+00  1.040E+00  1.015E+00  9.653E-01
  413.5000  9.858E-01  1.010E+00  1.009E+00  9.847E-01  9.365E-01
  414.5000  1.013E+00  1.038E+00  1.038E+00  1.012E+00  9.628E-01
  415.5000  9.696E-01  9.929E-01  9.926E-01  9.685E-01  9.212E-01
  416.5000  1.055E+00  1.081E+00  1.081E+00  1.054E+00  1.003E+00
  417.5000  9.651E-01  9.883E-01  9.880E-01  9.641E-01  9.171E-01
  418.5000  9.729E-01  9.963E-01  9.959E-01  9.719E-01  9.245E-01
  419.5000  1.005E+00  1.029E+00  1.029E+00  1.004E+00  9.553E-01
------------------------------------------------------------
Dose rates, W m-2
   1 = UV-B, 280-315 nm                                  
   2 = UV-A, 315-400 nm                                  
   3 = Gaussian, 320 nm, 10 nm FWHM                      
   4 = RB Meter, model 501                               
   5 = DNA damage, in vitro (Setlow, 1974)               
   6 = UV index (WMO, 1994; Webb et al., 2011)           
   7 = Previtamin-D3 (CIE 2006)                          
values at z =      0.000 km
Columns: time, sza, weighting spectra
time, hrs.  sza, deg.          1          2          3          4          5          6          7
   11.0000     46.843  1.089E+00  4.094E+01  2.462E-01  3.111E-01  2.959E-03  5.819E+00  2.801E-01
   11.5000     45.771  1.139E+00  4.201E+01  2.540E-01  3.264E-01  3.166E-03  6.116E+00  2.957E-01
   12.0000     45.787  1.139E+00  4.200E+01  2.539E-01  3.263E-01  3.163E-03  6.112E+00  2.955E-01
   12.5000     46.892  1.087E+00  4.089E+01  2.458E-01  3.104E-01  2.950E-03  5.806E+00  2.793E-01
   13.0000     49.011  9.870E-01  3.872E+01  2.302E-01  2.803E-01  2.562E-03  5.232E+00  2.491E-01
------------------------------------------------------------
