Spectral Irradiance, W m-2 nm-1
values at z =      0.000 km
Columns: wavelength (nm), times (hrs.) or sza (deg.)
    wc, nm     11.000     11.500     12.000     12.500     13.000
    sza =      98.691     98.507     98.507     98.689     99.054
  280.5000  0.000E+00  0.000E+00  0.000E+00  0.000E+00  0.000E+00
  281.5000  0.000E+00  0.000E+00  0.000E+00  0.000E+00  0.000E+00
  282.5000  0.000E+00  0.000E+00  0.000E+00  0.000E+00  0.000E+00
  283.5000  0.000E+00  0.000E+00  0.000E+00  0.000E+00  0.000E+00
  284.5000  0.000E+00  0.000E+00  0.000E+00  0.000E+00  0.000E+00
  285.5000  0.000E+00  0.000E+00  0.000E+00  0.000E+00  0.000E+00
  286.5000  0.000E+00  0.000E+00  0.000E+00  0.000E+00  0.000E+00
  287.5000  0.000E+00  0.000E+00  0.000E+00  0.000E+00  0.000E+00
  288.5000  0.000E+00  0.000E+00  0.000E+00  0.000E+00  0.000E+00
  289.5000  0.000E+00  0.000E+00  0.000E+00  0.000E+00  0.000E+00
  290.5000  0.000E+00  0.000E+00  0.000E+00  0.000E+00  0.000E+00
  291.5000  0.000E+00  0.000E+00  0.000E+00  0.000E+00  0.000E+00
  292.5000  0.000E+00  0.000E+00  0.000E+00  0.000E+00  0.000E+00
  293.5000  0.000E+00  0.000E+00  0.000E+00  0.000E+00  0.000E+00
  294.5000  0.000E+00  0.000E+00  0.000E+00  0.000E+00  0.000E+00
  295.5000  0.000E+00  0.000E+00  0.000E+00  0.000E+00  0.000E+00
  296.5000  0.000E+00  0.000E+00  0.000E+00  0.000E+00  0.000E+00
  297.5000  0.000E+00  0.000E+00  0.000E+00  0.000E+00  0.000E+00
  298.5000  0.000E+00  0.000E+00  0.000E+00  0.000E+00  0.000E+00
  299.5000  0.000E+00  0.000E+00  0.000E+00  0.000E+00  0.000E+00
  300.5000  0.000E+00  0.000E+00  0.000E+00  0.000E+00  0.000E+00
  301.5000  0.000E+00  0.000E+00  0.000E+00  0.000E+00  0.000E+00
  302.5000  0.000E+00  0.000E+00  0.000E+00  0.000E+00  0.000E+00
  303.5000  0.000E+00  5.605E-45  5.605E-45  0.000E+00  0.000E+00
  304.5000  1.401E-45  1.595E-42  1.621E-42  1.401E-45  0.000E+00
  305.5000  3.055E-43  1.236E-38  1.262E-38  3.559E-43  0.000E+00
  306.5000  1.383E-41  6.369E-37  6.509E-37  1.602E-41  0.000E+00
  307.5000  1.658E-38  1.243E-33  1.272E-33  1.923E-38  0.000E+00
  308.5000  3.325E-37  2.618E-32  2.681E-32  3.852E-37  0.000E+00
  309.5000  2.868E-35  2.933E-30  3.007E-30  3.322E-35  0.000E+00
  310.5000  1.170E-33  1.355E-28  1.390E-28  1.354E-33  0.000E+00
  311.5000  1.665E-32  1.977E-27  2.029E-27  1.926E-32  0.000E+00
  312.5000  7.754E-31  1.117E-25  1.147E-25  8.964E-31  0.000E+00
  313.5000  3.181E-30  4.140E-25  4.252E-25  3.671E-30  0.000E+00
  314.5000  8.933E-29  1.351E-23  1.388E-23  1.031E-28  0.000E+00
  315.5000  2.379E-28  3.149E-23  3.235E-23  2.740E-28  0.000E+00
  316.5000  3.360E-27  4.822E-22  4.956E-22  3.868E-27  0.000E+00
  317.5000  7.696E-27  9.291E-22  9.544E-22  8.843E-27  0.000E+00
  318.5000  6.923E-26  8.927E-21  9.174E-21  7.950E-26  0.000E+00
  319.5000  1.933E-25  2.200E-20  2.260E-20  2.216E-25  0.000E+00
  320.5000  5.780E-25  5.940E-20  6.102E-20  6.617E-25  0.000E+00
  321.5000  4.463E-24  4.795E-19  4.927E-19  5.106E-24  0.000E+00
  322.5000  1.789E-24  1.414E-19  1.452E-19  2.042E-24  0.000E+00
  323.5000  2.394E-23  2.092E-18  2.149E-18  2.731E-23  0.000E+00
  324.5000  3.947E-23  2.938E-18  3.016E-18  4.496E-23  0.000E+00
  325.5000  5.099E-23  3.198E-18  3.281E-18  5.798E-23  0.000E+00
  326.5000  3.850E-22  2.469E-17  2.534E-17  4.375E-22  0.000E+00
  327.5000  3.387E-22  1.790E-17  1.836E-17  3.842E-22  0.000E+00
  328.5000  4.738E-22  2.205E-17  2.262E-17  5.367E-22  0.000E+00
  329.5000  2.572E-21  1.177E-16  1.207E-16  2.911E-21  0.000E+00
  330.5000  2.225E-21  8.501E-17  8.715E-17  2.514E-21  0.000E+00
  331.5000  2.940E-21  9.815E-17  1.006E-16  3.318E-21  0.000E+00
  332.5000  8.879E-21  2.840E-16  2.911E-16  1.001E-20  0.000E+00
  333.5000  8.728E-21  2.380E-16  2.438E-16  9.825E-21  0.000E+00
  334.5000  1.650E-20  4.069E-16  4.168E-16  1.855E-20  0.000E+00
  335.5000  3.398E-20  7.728E-16  7.914E-16  3.817E-20  0.000E+00
  336.5000  3.395E-20  6.790E-16  6.952E-16  3.808E-20  0.000E+00
  337.5000  4.095E-20  7.098E-16  7.264E-16  4.588E-20  0.000E+00
  338.5000  8.795E-20  1.420E-15  1.453E-15  9.842E-20  0.000E+00
  339.5000  1.402E-19  2.037E-15  2.084E-15  1.567E-19  0.000E+00
  340.5000  1.816E-19  2.328E-15  2.380E-15  2.028E-19  0.000E+00
  341.5000  2.690E-19  3.160E-15  3.231E-15  3.000E-19  0.000E+00
  342.5000  4.237E-19  4.494E-15  4.594E-15  4.721E-19  0.000E+00
  343.5000  5.642E-19  5.351E-15  5.469E-15  6.278E-19  0.000E+00
  344.5000  5.007E-19  4.247E-15  4.340E-15  5.565E-19  0.000E+00
  345.5000  1.115E-18  8.723E-15  8.911E-15  1.238E-18  0.000E+00
  346.5000  1.259E-18  8.796E-15  8.983E-15  1.396E-18  0.000E+00
  347.5000  1.672E-18  1.061E-14  1.083E-14  1.853E-18  0.000E+00
  348.5000  2.554E-18  1.477E-14  1.508E-14  2.827E-18  0.000E+00
  349.5000  2.831E-18  1.488E-14  1.519E-14  3.131E-18  0.000E+00
  350.5000  5.298E-18  2.537E-14  2.589E-14  5.852E-18  0.000E+00
  351.5000  5.932E-18  2.586E-14  2.638E-14  6.546E-18  0.000E+00
  352.5000  7.116E-18  2.836E-14  2.893E-14  7.845E-18  0.000E+00
  353.5000  1.143E-17  4.173E-14  4.256E-14  1.259E-17  0.000E+00
  354.5000  1.638E-17  5.485E-14  5.592E-14  1.802E-17  0.000E+00
  355.5000  1.989E-17  6.106E-14  6.224E-14  2.187E-17  0.000E+00
  356.5000  2.382E-17  6.711E-14  6.839E-14  2.617E-17  0.000E+00
  357.5000  2.599E-17  6.725E-14  6.852E-14  2.852E-17  0.000E+00
  358.5000  2.594E-17  6.180E-14  6.296E-14  2.844E-17  0.000E+00
  359.5000  5.578E-17  1.224E-13  1.247E-13  6.111E-17  0.000E+00
  360.5000  6.591E-17  1.334E-13  1.358E-13  7.214E-17  0.000E+00
  361.5000  7.582E-17  1.418E-13  1.444E-13  8.292E-17  0.000E+00
  362.5000  1.129E-16  1.953E-13  1.988E-13  1.234E-16  0.000E+00
  363.5000  1.268E-16  2.029E-13  2.065E-13  1.384E-16  0.000E+00
  364.5000  1.734E-16  2.571E-13  2.616E-13  1.892E-16  0.000E+00
  365.5000  2.639E-16  3.626E-13  3.689E-13  2.876E-16  0.000E+00
  366.5000  3.494E-16  4.460E-13  4.536E-13  3.806E-16  0.000E+00
  367.5000  4.139E-16  4.910E-13  4.994E-13  4.504E-16  0.000E+00
  368.5000  4.508E-16  4.975E-13  5.059E-13  4.902E-16  0.000E+00
  369.5000  6.686E-16  6.872E-13  6.986E-13  7.265E-16  0.000E+00
  370.5000  7.475E-16  7.162E-13  7.280E-13  8.117E-16  0.000E+00
  371.5000  1.052E-15  9.402E-13  9.555E-13  1.141E-15  0.000E+00
  372.5000  9.525E-16  7.953E-13  8.082E-13  1.033E-15  0.000E+00
  373.5000  1.051E-15  8.204E-13  8.335E-13  1.139E-15  0.000E+00
  374.5000  1.405E-15  1.026E-12  1.042E-12  1.521E-15  0.000E+00
  375.5000  1.927E-15  1.318E-12  1.339E-12  2.085E-15  0.000E+00
  376.5000  2.333E-15  1.496E-12  1.519E-12  2.522E-15  0.000E+00
  377.5000  3.358E-15  2.020E-12  2.051E-12  3.628E-15  0.000E+00
  378.5000  4.410E-15  2.491E-12  2.529E-12  4.761E-15  0.000E+00
  379.5000  3.920E-15  2.082E-12  2.113E-12  4.230E-15  0.000E+00
  380.5000  5.655E-15  2.824E-12  2.866E-12  6.097E-15  0.000E+00
  381.5000  6.357E-15  2.989E-12  3.033E-12  6.850E-15  0.000E+00
  382.5000  5.054E-15  2.239E-12  2.272E-12  5.443E-15  0.000E+00
  383.5000  5.282E-15  2.206E-12  2.238E-12  5.685E-15  0.000E+00
  384.5000  9.413E-15  3.710E-12  3.764E-12  1.012E-14  0.000E+00
  385.5000  1.104E-14  4.108E-12  4.166E-12  1.186E-14  0.000E+00
  386.5000  1.330E-14  4.678E-12  4.743E-12  1.428E-14  0.000E+00
  387.5000  1.457E-14  4.848E-12  4.916E-12  1.564E-14  0.000E+00
  388.5000  1.718E-14  5.412E-12  5.486E-12  1.844E-14  0.000E+00
  389.5000  2.544E-14  7.589E-12  7.693E-12  2.728E-14  0.000E+00
  390.5000  2.928E-14  8.279E-12  8.391E-12  3.138E-14  0.000E+00
  391.5000  4.062E-14  1.089E-11  1.104E-11  4.351E-14  0.000E+00
  392.5000  3.554E-14  9.046E-12  9.166E-12  3.804E-14  0.000E+00
  393.5000  1.799E-14  4.348E-12  4.405E-12  1.924E-14  0.000E+00
  394.5000  4.917E-14  1.130E-11  1.144E-11  5.257E-14  0.000E+00
  395.5000  7.335E-14  1.603E-11  1.624E-11  7.839E-14  0.000E+00
  396.5000  4.986E-14  1.037E-11  1.050E-11  5.326E-14  0.000E+00
  397.5000  6.648E-14  1.317E-11  1.333E-11  7.097E-14  0.000E+00
  398.5000  1.317E-13  2.486E-11  2.517E-11  1.406E-13  0.000E+00
  399.5000  1.577E-13  2.837E-11  2.873E-11  1.682E-13  0.000E+00
  400.5000  1.904E-13  3.269E-11  3.309E-11  2.030E-13  0.000E+00
  401.5000  2.246E-13  3.680E-11  3.725E-11  2.393E-13  0.000E+00
  402.5000  2.668E-13  4.176E-11  4.227E-11  2.841E-13  0.000E+00
  403.5000  2.791E-13  4.175E-11  4.225E-11  2.970E-13  0.000E+00
  404.5000  3.123E-13  4.467E-11  4.521E-11  3.322E-13  0.000E+00
  405.5000  3.694E-13  5.057E-11  5.117E-11  3.928E-13  0.000E+00
  406.5000  3.955E-13  5.182E-11  5.243E-11  4.204E-13  0.000E+00
  407.5000  4.523E-13  5.676E-11  5.742E-11  4.805E-13  0.000E+00
  408.5000  5.704E-13  6.860E-11  6.939E-11  6.057E-13  0.000E+00
  409.5000  6.324E-13  7.293E-11  7.376E-11  6.712E-13  0.000E+00
  410.5000  6.194E-13  6.853E-11  6.930E-11  6.571E-13  0.000E+00
  411.5000  8.399E-13  8.920E-11  9.020E-11  8.906E-13  0.000E+00
  412.5000  9.379E-13  9.566E-11  9.672E-11  9.941E-13  0.000E+00
  413.5000  1.023E-12  1.003E-10  1.014E-10  1.084E-12  0.000E+00
  414.5000  1.181E-12  1.112E-10  1.124E-10  1.250E-12  0.000E+00
  415.5000  1.265E-12  1.146E-10  1.159E-10  1.339E-12  0.000E+00
  416.5000  1.540E-12  1.343E-10  1.357E-10  1.630E-12  0.000E+00
  417.5000  1.574E-12  1.320E-10  1.334E-10  1.664E-12  0.000E+00
  418.5000  1.771E-12  1.431E-10  1.446E-10  1.872E-12  0.000E+00
  419.5000  2.040E-12  1.588E-10  1.605E-10  2.156E-12  0.000E+00
------------------------------------------------------------
Dose rates, W m-2
   1 = UV-B, 280-315 nm                                  
   2 = UV-A, 315-400 nm                                  
   3 = Gaussian, 320 nm, 10 nm FWHM                      
   4 = RB Meter, model 501                               
   5 = DNA damage, in vitro (Setlow, 1974)               
   6 = UV index (WMO, 1994; Webb et al., 2011)           
   7 = Previtamin-D3 (CIE 2006)                          
values at z =      0.000 km
Columns: time, sza, weighting spectra
time, hrs.  sza, deg.          1          2          3          4          5          6          7
   11.0000     98.691  9.331E-29  7.890E-13  9.553E-23  1.649E-18  1.099E-21  4.913E-15  6.167E-25
   11.5000     98.507  1.404E-23  1.950E-10  4.122E-18  1.379E-15  2.617E-18  1.351E-12  3.445E-20
   12.0000     98.507  1.443E-23  1.976E-10  4.228E-18  1.401E-15  2.666E-18  1.370E-12  3.536E-20
   12.5000     98.689  1.077E-28  8.438E-13  1.080E-22  1.786E-18  1.204E-21  5.258E-15  6.997E-25
   13.0000     99.054  0.000E+00  0.000E+00  0.000E+00  0.000E+00  0.000E+00  0.000E+00  0.000E+00
------------------------------------------------------------
