Spectral Irradiance, W m-2 nm-1
values at z =      0.000 km
Columns: wavelength (nm), times (hrs.) or sza (deg.)
    wc, nm     11.000     11.500     12.000     12.500     13.000
    sza =      12.200      6.576      6.638     12.301     19.100
  280.5000  1.373E-12  2.071E-12  2.065E-12  1.360E-12  5.730E-13
  281.5000  3.003E-11  4.371E-11  4.358E-11  2.977E-11  1.352E-11
  282.5000  2.907E-10  4.103E-10  4.092E-10  2.884E-10  1.398E-10
  283.5000  1.151E-09  1.592E-09  1.588E-09  1.142E-09  5.776E-10
  284.5000  8.523E-09  1.137E-08  1.134E-08  8.466E-09  4.621E-09
  285.5000  2.345E-08  3.045E-08  3.039E-08  2.331E-08  1.347E-08
  286.5000  2.303E-07  2.929E-07  2.924E-07  2.290E-07  1.382E-07
  287.5000  1.075E-06  1.337E-06  1.335E-06  1.070E-06  6.777E-07
  288.5000  4.313E-06  5.229E-06  5.221E-06  4.294E-06  2.866E-06
  289.5000  2.018E-05  2.403E-05  2.400E-05  2.010E-05  1.393E-05
  290.5000  7.061E-05  8.283E-05  8.273E-05  7.035E-05  5.034E-05
  291.5000  1.907E-04  2.200E-04  2.197E-04  1.901E-04  1.410E-04
  292.5000  4.020E-04  4.572E-04  4.567E-04  4.008E-04  3.061E-04
  293.5000  1.023E-03  1.148E-03  1.147E-03  1.020E-03  8.009E-04
  294.5000  1.759E-03  1.954E-03  1.953E-03  1.755E-03  1.389E-03
  295.5000  3.975E-03  4.368E-03  4.364E-03  3.966E-03  3.257E-03
  296.5000  6.350E-03  6.914E-03  6.909E-03  6.337E-03  5.304E-03
  297.5000  1.126E-02  1.216E-02  1.216E-02  1.124E-02  9.373E-03
  298.5000  1.258E-02  1.349E-02  1.349E-02  1.256E-02  1.084E-02
  299.5000  2.637E-02  2.812E-02  2.810E-02  2.634E-02  2.304E-02
  300.5000  2.359E-02  2.503E-02  2.502E-02  2.356E-02  2.082E-02
  301.5000  4.386E-02  4.697E-02  4.695E-02  4.412E-02  3.973E-02
  302.5000  5.367E-02  5.645E-02  5.642E-02  5.361E-02  4.826E-02
  303.5000  8.809E-02  9.227E-02  9.223E-02  8.800E-02  7.991E-02
  304.5000  9.428E-02  9.852E-02  9.849E-02  9.419E-02  8.596E-02
  305.5000  1.206E-01  1.256E-01  1.256E-01  1.205E-01  1.108E-01
  306.5000  1.243E-01  1.292E-01  1.292E-01  1.242E-01  1.145E-01
  307.5000  1.747E-01  1.811E-01  1.810E-01  1.745E-01  1.620E-01
  308.5000  1.936E-01  2.005E-01  2.005E-01  1.935E-01  1.800E-01
  309.5000  1.678E-01  1.734E-01  1.733E-01  1.677E-01  1.566E-01
  310.5000  2.257E-01  2.329E-01  2.329E-01  2.255E-01  2.113E-01
  311.5000  2.881E-01  2.971E-01  2.970E-01  2.879E-01  2.702E-01
  312.5000  2.770E-01  2.852E-01  2.851E-01  2.769E-01  2.607E-01
  313.5000  3.131E-01  3.222E-01  3.221E-01  3.129E-01  2.949E-01
  314.5000  3.089E-01  3.174E-01  3.174E-01  3.082E-01  2.919E-01
  315.5000  3.183E-01  3.270E-01  3.269E-01  3.181E-01  3.009E-01
  316.5000  3.138E-01  3.220E-01  3.219E-01  3.136E-01  2.973E-01
  317.5000  4.436E-01  4.552E-01  4.551E-01  4.433E-01  4.204E-01
  318.5000  3.456E-01  3.542E-01  3.542E-01  3.454E-01  3.281E-01
  319.5000  4.208E-01  4.312E-01  4.312E-01  4.205E-01  3.997E-01
  320.5000  5.107E-01  5.232E-01  5.231E-01  5.104E-01  4.854E-01
  321.5000  4.296E-01  4.397E-01  4.396E-01  4.293E-01  4.091E-01
  322.5000  4.354E-01  4.460E-01  4.459E-01  4.352E-01  4.141E-01
  323.5000  4.429E-01  4.535E-01  4.534E-01  4.430E-01  4.225E-01
  324.5000  5.202E-01  5.323E-01  5.322E-01  5.200E-01  4.959E-01
  325.5000  5.839E-01  5.975E-01  5.974E-01  5.836E-01  5.565E-01
  326.5000  7.002E-01  7.160E-01  7.159E-01  6.999E-01  6.684E-01
  327.5000  6.538E-01  6.687E-01  6.686E-01  6.535E-01  6.239E-01
  328.5000  6.034E-01  6.171E-01  6.170E-01  6.031E-01  5.759E-01
  329.5000  7.763E-01  7.935E-01  7.934E-01  7.760E-01  7.417E-01
  330.5000  7.078E-01  7.236E-01  7.234E-01  7.074E-01  6.760E-01
  331.5000  6.996E-01  7.152E-01  7.151E-01  6.993E-01  6.682E-01
  332.5000  6.849E-01  6.999E-01  6.998E-01  6.846E-01  6.547E-01
  333.5000  6.449E-01  6.591E-01  6.590E-01  6.446E-01  6.163E-01
  334.5000  7.194E-01  7.352E-01  7.350E-01  7.191E-01  6.877E-01
  335.5000  7.269E-01  7.427E-01  7.426E-01  7.266E-01  6.952E-01
  336.5000  5.686E-01  5.809E-01  5.808E-01  5.683E-01  5.437E-01
  337.5000  6.251E-01  6.387E-01  6.386E-01  6.248E-01  5.977E-01
  338.5000  6.576E-01  6.718E-01  6.717E-01  6.573E-01  6.290E-01
  339.5000  7.143E-01  7.297E-01  7.296E-01  7.140E-01  6.834E-01
  340.5000  7.643E-01  7.807E-01  7.806E-01  7.639E-01  7.311E-01
  341.5000  6.775E-01  6.920E-01  6.918E-01  6.772E-01  6.483E-01
  342.5000  7.500E-01  7.660E-01  7.659E-01  7.497E-01  7.177E-01
  343.5000  7.791E-01  7.958E-01  7.956E-01  7.788E-01  7.456E-01
  344.5000  5.462E-01  5.579E-01  5.578E-01  5.460E-01  5.227E-01
  345.5000  7.469E-01  7.628E-01  7.626E-01  7.466E-01  7.150E-01
  346.5000  6.991E-01  7.139E-01  7.138E-01  6.988E-01  6.692E-01
  347.5000  6.827E-01  6.972E-01  6.970E-01  6.824E-01  6.535E-01
  348.5000  7.497E-01  7.656E-01  7.655E-01  7.494E-01  7.178E-01
  349.5000  6.281E-01  6.413E-01  6.412E-01  6.278E-01  6.014E-01
  350.5000  8.790E-01  8.975E-01  8.973E-01  8.786E-01  8.416E-01
  351.5000  7.573E-01  7.733E-01  7.731E-01  7.570E-01  7.252E-01
  352.5000  6.827E-01  6.970E-01  6.969E-01  6.823E-01  6.538E-01
  353.5000  8.213E-01  8.385E-01  8.383E-01  8.209E-01  7.866E-01
  354.5000  8.883E-01  9.069E-01  9.068E-01  8.879E-01  8.509E-01
  355.5000  8.298E-01  8.471E-01  8.470E-01  8.295E-01  7.949E-01
  356.5000  7.698E-01  7.858E-01  7.857E-01  7.694E-01  7.374E-01
  357.5000  6.543E-01  6.679E-01  6.678E-01  6.540E-01  6.269E-01
  358.5000  5.047E-01  5.151E-01  5.151E-01  5.044E-01  4.835E-01
  359.5000  8.490E-01  8.666E-01  8.665E-01  8.486E-01  8.135E-01
  360.5000  7.866E-01  8.029E-01  8.028E-01  7.862E-01  7.537E-01
  361.5000  7.088E-01  7.235E-01  7.234E-01  7.085E-01  6.793E-01
  362.5000  8.320E-01  8.492E-01  8.491E-01  8.317E-01  7.974E-01
  363.5000  7.398E-01  7.551E-01  7.550E-01  7.395E-01  7.091E-01
  364.5000  8.067E-01  8.233E-01  8.232E-01  8.064E-01  7.732E-01
  365.5000  9.827E-01  1.003E+00  1.003E+00  9.822E-01  9.419E-01
  366.5000  1.040E+00  1.061E+00  1.061E+00  1.039E+00  9.965E-01
  367.5000  9.866E-01  1.007E+00  1.007E+00  9.861E-01  9.458E-01
  368.5000  8.663E-01  8.841E-01  8.839E-01  8.660E-01  8.306E-01
  369.5000  1.039E+00  1.060E+00  1.060E+00  1.038E+00  9.959E-01
  370.5000  9.421E-01  9.613E-01  9.612E-01  9.417E-01  9.033E-01
  371.5000  1.078E+00  1.099E+00  1.099E+00  1.077E+00  1.033E+00
  372.5000  7.956E-01  8.118E-01  8.117E-01  7.953E-01  7.629E-01
  373.5000  7.189E-01  7.335E-01  7.334E-01  7.186E-01  6.894E-01
  374.5000  7.887E-01  8.047E-01  8.046E-01  7.884E-01  7.564E-01
  375.5000  8.895E-01  9.075E-01  9.074E-01  8.891E-01  8.531E-01
  376.5000  8.879E-01  9.059E-01  9.058E-01  8.875E-01  8.517E-01
  377.5000  1.057E+00  1.078E+00  1.078E+00  1.057E+00  1.014E+00
  378.5000  1.152E+00  1.175E+00  1.175E+00  1.151E+00  1.105E+00
  379.5000  8.517E-01  8.689E-01  8.687E-01  8.513E-01  8.170E-01
  380.5000  1.024E+00  1.045E+00  1.044E+00  1.023E+00  9.823E-01
  381.5000  9.618E-01  9.811E-01  9.810E-01  9.614E-01  9.228E-01
  382.5000  6.407E-01  6.535E-01  6.534E-01  6.404E-01  6.147E-01
  383.5000  5.624E-01  5.737E-01  5.736E-01  5.622E-01  5.396E-01
  384.5000  8.437E-01  8.606E-01  8.605E-01  8.433E-01  8.096E-01
  385.5000  8.345E-01  8.511E-01  8.510E-01  8.341E-01  8.008E-01
  386.5000  8.503E-01  8.673E-01  8.672E-01  8.500E-01  8.160E-01
  387.5000  7.900E-01  8.058E-01  8.057E-01  7.897E-01  7.582E-01
  388.5000  7.916E-01  8.074E-01  8.073E-01  7.913E-01  7.598E-01
  389.5000  9.980E-01  1.018E+00  1.018E+00  9.976E-01  9.579E-01
  390.5000  9.799E-01  9.994E-01  9.993E-01  9.795E-01  9.406E-01
  391.5000  1.162E+00  1.185E+00  1.185E+00  1.162E+00  1.116E+00
  392.5000  8.713E-01  8.885E-01  8.884E-01  8.709E-01  8.364E-01
  393.5000  3.787E-01  3.862E-01  3.861E-01  3.785E-01  3.635E-01
  394.5000  8.908E-01  9.084E-01  9.083E-01  8.904E-01  8.552E-01
  395.5000  1.146E+00  1.168E+00  1.168E+00  1.145E+00  1.100E+00
  396.5000  6.727E-01  6.859E-01  6.858E-01  6.724E-01  6.458E-01
  397.5000  7.760E-01  7.913E-01  7.912E-01  7.757E-01  7.451E-01
  398.5000  1.333E+00  1.359E+00  1.359E+00  1.333E+00  1.280E+00
  399.5000  1.386E+00  1.413E+00  1.413E+00  1.386E+00  1.331E+00
  400.5000  1.457E+00  1.486E+00  1.485E+00  1.456E+00  1.399E+00
  401.5000  1.499E+00  1.528E+00  1.528E+00  1.498E+00  1.439E+00
  402.5000  1.555E+00  1.586E+00  1.586E+00  1.555E+00  1.494E+00
  403.5000  1.423E+00  1.451E+00  1.451E+00  1.423E+00  1.367E+00
  404.5000  1.396E+00  1.423E+00  1.423E+00  1.395E+00  1.341E+00
  405.5000  1.450E+00  1.478E+00  1.478E+00  1.449E+00  1.392E+00
  406.5000  1.365E+00  1.392E+00  1.391E+00  1.364E+00  1.311E+00
  407.5000  1.376E+00  1.403E+00  1.403E+00  1.375E+00  1.322E+00
  408.5000  1.532E+00  1.562E+00  1.562E+00  1.531E+00  1.472E+00
  409.5000  1.502E+00  1.531E+00  1.531E+00  1.501E+00  1.443E+00
  410.5000  1.302E+00  1.327E+00  1.327E+00  1.301E+00  1.251E+00
  411.5000  1.564E+00  1.595E+00  1.595E+00  1.564E+00  1.503E+00
  412.5000  1.550E+00  1.580E+00  1.580E+00  1.550E+00  1.489E+00
  413.5000  1.503E+00  1.532E+00  1.532E+00  1.503E+00  1.444E+00
  414.5000  1.545E+00  1.575E+00  1.574E+00  1.544E+00  1.484E+00
  415.5000  1.477E+00  1.506E+00  1.506E+00  1.477E+00  1.419E+00
  416.5000  1.607E+00  1.638E+00  1.638E+00  1.607E+00  1.545E+00
  417.5000  1.469E+00  1.497E+00  1.497E+00  1.469E+00  1.412E+00
  418.5000  1.480E+00  1.509E+00  1.509E+00  1.480E+00  1.423E+00
  419.5000  1.529E+00  1.558E+00  1.558E+00  1.528E+00  1.469E+00
------------------------------------------------------------
Dose rates, W m-2
   1 = UV-B, 280-315 nm                                  
   2 = UV-A, 315-400 nm                                  
   3 = Gaussian, 320 nm, 10 nm FWHM                      
   4 = RB Meter, model 501                               
   5 = DNA damage, in vitro (Setlow, 1974)               
   6 = UV index (WMO, 1994; Webb et al., 2011)           
   7 = Previtamin-D3 (CIE 2006)                          
values at z =      0.000 km
Columns: time, sza, weighting spectra
time, hrs.  sza, deg.          1          2          3          4          5          6          7
   11.0000     12.200  2.561E+00  6.475E+01  4.314E-01  7.965E-01  1.182E-02  1.584E+01  7.962E-01
   11.5000      6.576  2.653E+00  6.611E+01  4.421E-01  8.285E-01  1.252E-02  1.653E+01  8.308E-01
   12.0000      6.638  2.652E+00  6.610E+01  4.420E-01  8.282E-01  1.252E-02  1.653E+01  8.305E-01
   12.5000     12.301  2.559E+00  6.472E+01  4.311E-01  7.960E-01  1.181E-02  1.583E+01  7.957E-01
   13.0000     19.100  2.382E+00  6.201E+01  4.100E-01  7.348E-01  1.050E-02  1.451E+01  7.299E-01
------------------------------------------------------------
