Spectral Irradiance, W m-2 nm-1
values at z =      0.000 km
Columns: wavelength (nm), times (hrs.) or sza (deg.)
    wc, nm     11.000     11.500     12.000     12.500     13.000
    sza =      77.557     77.516     77.509     77.535     77.592
  280.5000  8.042E-27  8.065E-27  8.069E-27  8.054E-27  8.022E-27
  281.5000  2.036E-24  2.042E-24  2.043E-24  2.039E-24  2.031E-24
  282.5000  1.620E-22  1.625E-22  1.626E-22  1.623E-22  1.616E-22
  283.5000  2.510E-21  2.517E-21  2.519E-21  2.514E-21  2.503E-21
  284.5000  2.278E-19  2.285E-19  2.286E-19  2.282E-19  2.272E-19
  285.5000  4.019E-18  4.031E-18  4.033E-18  4.026E-18  4.008E-18
  286.5000  1.649E-16  1.654E-16  1.655E-16  1.652E-16  1.644E-16
  287.5000  3.793E-15  3.806E-15  3.808E-15  3.800E-15  3.783E-15
  288.5000  8.719E-14  8.748E-14  8.753E-14  8.734E-14  8.694E-14
  289.5000  1.432E-12  1.437E-12  1.438E-12  1.434E-12  1.428E-12
  290.5000  1.448E-11  1.453E-11  1.454E-11  1.451E-11  1.444E-11
  291.5000  1.319E-10  1.323E-10  1.324E-10  1.321E-10  1.315E-10
  292.5000  7.603E-10  7.631E-10  7.636E-10  7.618E-10  7.578E-10
  293.5000  5.052E-09  5.072E-09  5.075E-09  5.063E-09  5.035E-09
  294.5000  1.866E-08  1.874E-08  1.875E-08  1.870E-08  1.859E-08
  295.5000  9.648E-08  9.689E-08  9.696E-08  9.670E-08  9.613E-08
  296.5000  3.124E-07  3.138E-07  3.140E-07  3.131E-07  3.112E-07
  297.5000  1.049E-06  1.054E-06  1.055E-06  1.051E-06  1.044E-06
  298.5000  2.049E-06  2.059E-06  2.061E-06  2.055E-06  2.040E-06
  299.5000  7.475E-06  7.517E-06  7.524E-06  7.497E-06  7.439E-06
  300.5000  1.051E-05  1.058E-05  1.059E-05  1.055E-05  1.046E-05
  301.5000  3.380E-05  3.404E-05  3.408E-05  3.393E-05  3.360E-05
  302.5000  5.965E-05  6.011E-05  6.019E-05  5.989E-05  5.925E-05
  303.5000  1.611E-04  1.625E-04  1.628E-04  1.619E-04  1.600E-04
  304.5000  2.357E-04  2.378E-04  2.382E-04  2.368E-04  2.339E-04
  305.5000  5.034E-04  5.082E-04  5.090E-04  5.060E-04  4.994E-04
  306.5000  6.550E-04  6.613E-04  6.624E-04  6.584E-04  6.497E-04
  307.5000  1.495E-03  1.509E-03  1.512E-03  1.503E-03  1.483E-03
  308.5000  2.010E-03  2.029E-03  2.032E-03  2.020E-03  1.994E-03
  309.5000  2.471E-03  2.493E-03  2.497E-03  2.482E-03  2.452E-03
  310.5000  4.304E-03  4.341E-03  4.347E-03  4.323E-03  4.272E-03
  311.5000  6.532E-03  6.586E-03  6.595E-03  6.561E-03  6.486E-03
  312.5000  8.645E-03  8.711E-03  8.722E-03  8.680E-03  8.589E-03
  313.5000  1.054E-02  1.061E-02  1.063E-02  1.058E-02  1.047E-02
  314.5000  1.377E-02  1.387E-02  1.388E-02  1.382E-02  1.369E-02
  315.5000  1.486E-02  1.496E-02  1.498E-02  1.492E-02  1.478E-02
  316.5000  1.829E-02  1.841E-02  1.843E-02  1.835E-02  1.820E-02
  317.5000  2.589E-02  2.605E-02  2.608E-02  2.598E-02  2.575E-02
  318.5000  2.478E-02  2.492E-02  2.495E-02  2.486E-02  2.466E-02
  319.5000  3.139E-02  3.157E-02  3.160E-02  3.149E-02  3.124E-02
  320.5000  3.998E-02  4.020E-02  4.024E-02  4.010E-02  3.980E-02
  321.5000  4.066E-02  4.086E-02  4.090E-02  4.077E-02  4.049E-02
  322.5000  3.565E-02  3.584E-02  3.587E-02  3.575E-02  3.549E-02
  323.5000  4.574E-02  4.595E-02  4.599E-02  4.585E-02  4.556E-02
  324.5000  5.327E-02  5.352E-02  5.356E-02  5.340E-02  5.306E-02
  325.5000  5.808E-02  5.836E-02  5.840E-02  5.822E-02  5.784E-02
  326.5000  8.150E-02  8.186E-02  8.192E-02  8.169E-02  8.120E-02
  327.5000  7.244E-02  7.276E-02  7.282E-02  7.261E-02  7.216E-02
  328.5000  6.706E-02  6.736E-02  6.741E-02  6.722E-02  6.680E-02
  329.5000  9.698E-02  9.739E-02  9.746E-02  9.720E-02  9.664E-02
  330.5000  8.436E-02  8.473E-02  8.479E-02  8.456E-02  8.405E-02
  331.5000  8.269E-02  8.305E-02  8.311E-02  8.288E-02  8.238E-02
  332.5000  8.814E-02  8.850E-02  8.856E-02  8.833E-02  8.783E-02
  333.5000  8.017E-02  8.051E-02  8.057E-02  8.035E-02  7.988E-02
  334.5000  9.123E-02  9.161E-02  9.167E-02  9.143E-02  9.091E-02
  335.5000  9.608E-02  9.647E-02  9.654E-02  9.629E-02  9.575E-02
  336.5000  7.438E-02  7.468E-02  7.474E-02  7.454E-02  7.412E-02
  337.5000  7.963E-02  7.996E-02  8.002E-02  7.981E-02  7.935E-02
  338.5000  8.749E-02  8.785E-02  8.790E-02  8.768E-02  8.719E-02
  339.5000  9.571E-02  9.610E-02  9.617E-02  9.592E-02  9.539E-02
  340.5000  1.010E-01  1.014E-01  1.015E-01  1.012E-01  1.006E-01
  341.5000  9.160E-02  9.197E-02  9.203E-02  9.180E-02  9.129E-02
  342.5000  1.020E-01  1.024E-01  1.024E-01  1.022E-01  1.016E-01
  343.5000  1.053E-01  1.057E-01  1.058E-01  1.055E-01  1.049E-01
  344.5000  7.334E-02  7.364E-02  7.369E-02  7.350E-02  7.308E-02
  345.5000  1.025E-01  1.030E-01  1.030E-01  1.028E-01  1.022E-01
  346.5000  9.493E-02  9.531E-02  9.538E-02  9.514E-02  9.460E-02
  347.5000  9.299E-02  9.337E-02  9.343E-02  9.319E-02  9.267E-02
  348.5000  1.027E-01  1.032E-01  1.032E-01  1.030E-01  1.024E-01
  349.5000  8.615E-02  8.650E-02  8.656E-02  8.634E-02  8.586E-02
  350.5000  1.209E-01  1.214E-01  1.215E-01  1.211E-01  1.205E-01
  351.5000  1.041E-01  1.046E-01  1.046E-01  1.044E-01  1.038E-01
  352.5000  9.416E-02  9.454E-02  9.461E-02  9.436E-02  9.383E-02
  353.5000  1.137E-01  1.142E-01  1.143E-01  1.140E-01  1.133E-01
  354.5000  1.234E-01  1.239E-01  1.240E-01  1.237E-01  1.230E-01
  355.5000  1.155E-01  1.160E-01  1.161E-01  1.158E-01  1.151E-01
  356.5000  1.073E-01  1.077E-01  1.078E-01  1.075E-01  1.069E-01
  357.5000  9.132E-02  9.170E-02  9.176E-02  9.152E-02  9.101E-02
  358.5000  7.062E-02  7.091E-02  7.095E-02  7.077E-02  7.038E-02
  359.5000  1.190E-01  1.195E-01  1.196E-01  1.192E-01  1.186E-01
  360.5000  1.104E-01  1.109E-01  1.110E-01  1.107E-01  1.101E-01
  361.5000  9.975E-02  1.002E-01  1.002E-01  9.996E-02  9.940E-02
  362.5000  1.173E-01  1.178E-01  1.179E-01  1.176E-01  1.169E-01
  363.5000  1.045E-01  1.049E-01  1.050E-01  1.047E-01  1.041E-01
  364.5000  1.141E-01  1.146E-01  1.147E-01  1.144E-01  1.137E-01
  365.5000  1.392E-01  1.398E-01  1.399E-01  1.395E-01  1.387E-01
  366.5000  1.475E-01  1.481E-01  1.482E-01  1.479E-01  1.470E-01
  367.5000  1.403E-01  1.409E-01  1.410E-01  1.406E-01  1.398E-01
  368.5000  1.234E-01  1.239E-01  1.240E-01  1.237E-01  1.230E-01
  369.5000  1.482E-01  1.488E-01  1.489E-01  1.486E-01  1.477E-01
  370.5000  1.347E-01  1.352E-01  1.353E-01  1.349E-01  1.342E-01
  371.5000  1.543E-01  1.549E-01  1.550E-01  1.546E-01  1.537E-01
  372.5000  1.141E-01  1.146E-01  1.147E-01  1.144E-01  1.137E-01
  373.5000  1.033E-01  1.037E-01  1.038E-01  1.035E-01  1.029E-01
  374.5000  1.135E-01  1.140E-01  1.140E-01  1.137E-01  1.131E-01
  375.5000  1.282E-01  1.288E-01  1.288E-01  1.285E-01  1.278E-01
  376.5000  1.282E-01  1.288E-01  1.288E-01  1.285E-01  1.278E-01
  377.5000  1.529E-01  1.535E-01  1.536E-01  1.532E-01  1.524E-01
  378.5000  1.669E-01  1.676E-01  1.677E-01  1.672E-01  1.663E-01
  379.5000  1.236E-01  1.241E-01  1.242E-01  1.239E-01  1.232E-01
  380.5000  1.489E-01  1.495E-01  1.496E-01  1.492E-01  1.484E-01
  381.5000  1.401E-01  1.407E-01  1.408E-01  1.404E-01  1.396E-01
  382.5000  9.348E-02  9.386E-02  9.392E-02  9.368E-02  9.315E-02
  383.5000  8.219E-02  8.253E-02  8.259E-02  8.238E-02  8.191E-02
  384.5000  1.235E-01  1.240E-01  1.241E-01  1.238E-01  1.231E-01
  385.5000  1.224E-01  1.229E-01  1.230E-01  1.227E-01  1.220E-01
  386.5000  1.249E-01  1.254E-01  1.255E-01  1.252E-01  1.245E-01
  387.5000  1.163E-01  1.167E-01  1.168E-01  1.165E-01  1.159E-01
  388.5000  1.167E-01  1.172E-01  1.173E-01  1.170E-01  1.163E-01
  389.5000  1.474E-01  1.480E-01  1.481E-01  1.477E-01  1.469E-01
  390.5000  1.450E-01  1.456E-01  1.457E-01  1.453E-01  1.445E-01
  391.5000  1.722E-01  1.729E-01  1.731E-01  1.726E-01  1.716E-01
  392.5000  1.293E-01  1.299E-01  1.300E-01  1.296E-01  1.289E-01
  393.5000  5.631E-02  5.654E-02  5.658E-02  5.643E-02  5.611E-02
  394.5000  1.327E-01  1.332E-01  1.333E-01  1.330E-01  1.322E-01
  395.5000  1.710E-01  1.717E-01  1.718E-01  1.713E-01  1.704E-01
  396.5000  1.005E-01  1.010E-01  1.010E-01  1.008E-01  1.002E-01
  397.5000  1.162E-01  1.167E-01  1.168E-01  1.164E-01  1.158E-01
  398.5000  2.000E-01  2.008E-01  2.009E-01  2.004E-01  1.993E-01
  399.5000  2.083E-01  2.091E-01  2.093E-01  2.087E-01  2.076E-01
  400.5000  2.193E-01  2.202E-01  2.204E-01  2.198E-01  2.185E-01
  401.5000  2.260E-01  2.269E-01  2.270E-01  2.265E-01  2.252E-01
  402.5000  2.349E-01  2.359E-01  2.361E-01  2.354E-01  2.341E-01
  403.5000  2.153E-01  2.162E-01  2.164E-01  2.158E-01  2.146E-01
  404.5000  2.115E-01  2.124E-01  2.125E-01  2.120E-01  2.108E-01
  405.5000  2.201E-01  2.210E-01  2.211E-01  2.206E-01  2.193E-01
  406.5000  2.076E-01  2.084E-01  2.086E-01  2.080E-01  2.069E-01
  407.5000  2.096E-01  2.105E-01  2.106E-01  2.100E-01  2.088E-01
  408.5000  2.337E-01  2.347E-01  2.349E-01  2.343E-01  2.329E-01
  409.5000  2.295E-01  2.304E-01  2.306E-01  2.300E-01  2.287E-01
  410.5000  1.993E-01  2.001E-01  2.003E-01  1.997E-01  1.986E-01
  411.5000  2.399E-01  2.409E-01  2.411E-01  2.405E-01  2.391E-01
  412.5000  2.382E-01  2.391E-01  2.393E-01  2.387E-01  2.373E-01
  413.5000  2.313E-01  2.323E-01  2.325E-01  2.319E-01  2.305E-01
  414.5000  2.381E-01  2.391E-01  2.393E-01  2.387E-01  2.373E-01
  415.5000  2.281E-01  2.290E-01  2.292E-01  2.286E-01  2.273E-01
  416.5000  2.486E-01  2.496E-01  2.498E-01  2.491E-01  2.477E-01
  417.5000  2.276E-01  2.285E-01  2.287E-01  2.281E-01  2.268E-01
  418.5000  2.297E-01  2.307E-01  2.308E-01  2.302E-01  2.289E-01
  419.5000  2.377E-01  2.386E-01  2.388E-01  2.382E-01  2.368E-01
------------------------------------------------------------
Dose rates, W m-2
   1 = UV-B, 280-315 nm                                  
   2 = UV-A, 315-400 nm                                  
   3 = Gaussian, 320 nm, 10 nm FWHM                      
   4 = RB Meter, model 501                               
   5 = DNA damage, in vitro (Setlow, 1974)               
   6 = UV index (WMO, 1994; Webb et al., 2011)           
   7 = Previtamin-D3 (CIE 2006)                          
values at z =      0.000 km
Columns: time, sza, weighting spectra
time, hrs.  sza, deg.          1          2          3          4          5          6          7
   11.0000     77.557  5.144E-02  8.791E+00  3.493E-02  1.750E-02  7.463E-05  4.004E-01  8.761E-03
   11.5000     77.516  5.184E-02  8.827E+00  3.511E-02  1.761E-02  7.516E-05  4.027E-01  8.830E-03
   12.0000     77.509  5.190E-02  8.834E+00  3.514E-02  1.763E-02  7.524E-05  4.031E-01  8.842E-03
   12.5000     77.535  5.165E-02  8.810E+00  3.503E-02  1.756E-02  7.491E-05  4.016E-01  8.798E-03
   13.0000     77.592  5.109E-02  8.760E+00  3.478E-02  1.740E-02  7.419E-05  3.985E-01  8.702E-03
------------------------------------------------------------
