Spectral Irradiance, W m-2 nm-1
values at z =      0.000 km
Columns: wavelength (nm), times (hrs.) or sza (deg.)
    wc, nm     11.000     11.500     12.000     12.500     13.000
    sza =      13.452      6.143      2.633      9.410     16.811
  280.5000  1.426E-13  2.613E-13  2.968E-13  2.113E-13  9.160E-14
  281.5000  3.839E-12  6.670E-12  7.493E-12  5.495E-12  2.564E-12
  282.5000  4.443E-11  7.376E-11  8.208E-11  6.175E-11  3.068E-11
  283.5000  1.976E-10  3.184E-10  3.520E-10  2.693E-10  1.394E-10
  284.5000  1.807E-09  2.759E-09  3.017E-09  2.378E-09  1.326E-09
  285.5000  5.812E-09  8.529E-09  9.247E-09  7.455E-09  4.392E-09
  286.5000  6.436E-08  9.159E-08  9.866E-08  8.092E-08  4.974E-08
  287.5000  3.434E-07  4.723E-07  5.051E-07  4.223E-07  2.720E-07
  288.5000  1.591E-06  2.109E-06  2.239E-06  1.911E-06  1.295E-06
  289.5000  8.258E-06  1.066E-05  1.125E-05  9.747E-06  6.853E-06
  290.5000  3.152E-05  3.980E-05  4.181E-05  3.667E-05  2.659E-05
  291.5000  9.397E-05  1.157E-04  1.209E-04  1.075E-04  8.019E-05
  292.5000  2.147E-04  2.589E-04  2.693E-04  2.424E-04  1.873E-04
  293.5000  5.894E-04  6.970E-04  7.221E-04  6.571E-04  5.215E-04
  294.5000  1.076E-03  1.253E-03  1.294E-03  1.188E-03  9.628E-04
  295.5000  2.589E-03  2.967E-03  3.054E-03  2.829E-03  2.345E-03
  296.5000  4.359E-03  4.929E-03  5.058E-03  4.721E-03  3.986E-03
  297.5000  8.094E-03  9.045E-03  9.260E-03  8.699E-03  7.466E-03
  298.5000  9.397E-03  1.040E-02  1.062E-02  1.003E-02  8.731E-03
  299.5000  2.044E-02  2.240E-02  2.284E-02  2.169E-02  1.912E-02
  300.5000  1.880E-02  2.046E-02  2.083E-02  1.986E-02  1.768E-02
  301.5000  3.657E-02  3.948E-02  4.013E-02  3.843E-02  3.459E-02
  302.5000  4.498E-02  4.831E-02  4.905E-02  4.712E-02  4.270E-02
  303.5000  7.558E-02  8.069E-02  8.182E-02  7.886E-02  7.207E-02
  304.5000  8.199E-02  8.724E-02  8.839E-02  8.536E-02  7.839E-02
  305.5000  1.070E-01  1.133E-01  1.147E-01  1.110E-01  1.027E-01
  306.5000  1.112E-01  1.175E-01  1.188E-01  1.152E-01  1.069E-01
  307.5000  1.589E-01  1.671E-01  1.689E-01  1.642E-01  1.520E-01
  308.5000  1.773E-01  1.861E-01  1.880E-01  1.830E-01  1.712E-01
  309.5000  1.553E-01  1.626E-01  1.641E-01  1.600E-01  1.502E-01
  310.5000  2.105E-01  2.199E-01  2.219E-01  2.166E-01  2.040E-01
  311.5000  2.701E-01  2.818E-01  2.843E-01  2.776E-01  2.620E-01
  312.5000  2.621E-01  2.728E-01  2.751E-01  2.690E-01  2.547E-01
  313.5000  2.969E-01  3.088E-01  3.113E-01  3.045E-01  2.886E-01
  314.5000  2.952E-01  3.064E-01  3.088E-01  3.024E-01  2.873E-01
  315.5000  3.046E-01  3.160E-01  3.185E-01  3.119E-01  2.966E-01
  316.5000  3.020E-01  3.129E-01  3.152E-01  3.090E-01  2.944E-01
  317.5000  4.270E-01  4.423E-01  4.456E-01  4.368E-01  4.163E-01
  318.5000  3.344E-01  3.459E-01  3.484E-01  3.418E-01  3.264E-01
  319.5000  4.077E-01  4.215E-01  4.245E-01  4.166E-01  3.980E-01
  320.5000  4.954E-01  5.120E-01  5.156E-01  5.061E-01  4.838E-01
  321.5000  4.188E-01  4.323E-01  4.352E-01  4.275E-01  4.093E-01
  322.5000  4.229E-01  4.369E-01  4.400E-01  4.309E-01  4.131E-01
  323.5000  4.331E-01  4.467E-01  4.497E-01  4.419E-01  4.235E-01
  324.5000  5.082E-01  5.243E-01  5.277E-01  5.186E-01  4.970E-01
  325.5000  5.700E-01  5.880E-01  5.919E-01  5.815E-01  5.573E-01
  326.5000  6.863E-01  7.073E-01  7.118E-01  6.998E-01  6.716E-01
  327.5000  6.401E-01  6.597E-01  6.640E-01  6.527E-01  6.262E-01
  328.5000  5.907E-01  6.089E-01  6.128E-01  6.024E-01  5.780E-01
  329.5000  7.622E-01  7.850E-01  7.899E-01  7.770E-01  7.463E-01
  330.5000  6.941E-01  7.150E-01  7.195E-01  7.075E-01  6.794E-01
  331.5000  6.859E-01  7.066E-01  7.111E-01  6.992E-01  6.714E-01
  332.5000  6.729E-01  6.928E-01  6.972E-01  6.858E-01  6.590E-01
  333.5000  6.330E-01  6.519E-01  6.560E-01  6.452E-01  6.198E-01
  334.5000  7.065E-01  7.274E-01  7.319E-01  7.200E-01  6.918E-01
  335.5000  7.146E-01  7.355E-01  7.401E-01  7.281E-01  6.999E-01
  336.5000  5.588E-01  5.751E-01  5.787E-01  5.693E-01  5.473E-01
  337.5000  6.139E-01  6.319E-01  6.359E-01  6.255E-01  6.012E-01
  338.5000  6.465E-01  6.653E-01  6.694E-01  6.586E-01  6.333E-01
  339.5000  7.023E-01  7.227E-01  7.271E-01  7.155E-01  6.881E-01
  340.5000  7.511E-01  7.730E-01  7.777E-01  7.652E-01  7.358E-01
  341.5000  6.662E-01  6.854E-01  6.896E-01  6.786E-01  6.527E-01
  342.5000  7.376E-01  7.588E-01  7.634E-01  7.513E-01  7.227E-01
  343.5000  7.661E-01  7.882E-01  7.929E-01  7.803E-01  7.506E-01
  344.5000  5.370E-01  5.524E-01  5.558E-01  5.469E-01  5.261E-01
  345.5000  7.346E-01  7.557E-01  7.602E-01  7.482E-01  7.199E-01
  346.5000  6.874E-01  7.070E-01  7.113E-01  7.000E-01  6.735E-01
  347.5000  6.713E-01  6.905E-01  6.946E-01  6.836E-01  6.578E-01
  348.5000  7.373E-01  7.583E-01  7.628E-01  7.508E-01  7.225E-01
  349.5000  6.176E-01  6.352E-01  6.390E-01  6.290E-01  6.053E-01
  350.5000  8.643E-01  8.889E-01  8.942E-01  8.802E-01  8.471E-01
  351.5000  7.447E-01  7.658E-01  7.704E-01  7.583E-01  7.299E-01
  352.5000  6.713E-01  6.903E-01  6.944E-01  6.835E-01  6.579E-01
  353.5000  8.076E-01  8.304E-01  8.354E-01  8.223E-01  7.916E-01
  354.5000  8.736E-01  8.982E-01  9.036E-01  8.895E-01  8.563E-01
  355.5000  8.161E-01  8.390E-01  8.440E-01  8.309E-01  7.999E-01
  356.5000  7.570E-01  7.783E-01  7.829E-01  7.707E-01  7.421E-01
  357.5000  6.434E-01  6.615E-01  6.654E-01  6.551E-01  6.308E-01
  358.5000  4.963E-01  5.102E-01  5.132E-01  5.053E-01  4.865E-01
  359.5000  8.349E-01  8.582E-01  8.633E-01  8.499E-01  8.185E-01
  360.5000  7.735E-01  7.951E-01  7.998E-01  7.874E-01  7.584E-01
  361.5000  6.971E-01  7.165E-01  7.207E-01  7.096E-01  6.834E-01
  362.5000  8.182E-01  8.410E-01  8.459E-01  8.329E-01  8.022E-01
  363.5000  7.275E-01  7.477E-01  7.521E-01  7.406E-01  7.133E-01
  364.5000  7.933E-01  8.153E-01  8.201E-01  8.075E-01  7.779E-01
  365.5000  9.663E-01  9.931E-01  9.989E-01  9.836E-01  9.475E-01
  366.5000  1.022E+00  1.050E+00  1.057E+00  1.040E+00  1.002E+00
  367.5000  9.701E-01  9.969E-01  1.003E+00  9.874E-01  9.513E-01
  368.5000  8.519E-01  8.754E-01  8.805E-01  8.670E-01  8.354E-01
  369.5000  1.021E+00  1.050E+00  1.056E+00  1.040E+00  1.002E+00
  370.5000  9.264E-01  9.518E-01  9.573E-01  9.428E-01  9.085E-01
  371.5000  1.060E+00  1.089E+00  1.095E+00  1.078E+00  1.039E+00
  372.5000  7.823E-01  8.038E-01  8.084E-01  7.962E-01  7.673E-01
  373.5000  7.069E-01  7.262E-01  7.304E-01  7.193E-01  6.933E-01
  374.5000  7.755E-01  7.967E-01  8.013E-01  7.892E-01  7.606E-01
  375.5000  8.746E-01  8.985E-01  9.037E-01  8.900E-01  8.579E-01
  376.5000  8.731E-01  8.969E-01  9.020E-01  8.884E-01  8.564E-01
  377.5000  1.039E+00  1.068E+00  1.074E+00  1.058E+00  1.019E+00
  378.5000  1.132E+00  1.163E+00  1.170E+00  1.152E+00  1.111E+00
  379.5000  8.374E-01  8.601E-01  8.651E-01  8.521E-01  8.214E-01
  380.5000  1.007E+00  1.034E+00  1.040E+00  1.024E+00  9.876E-01
  381.5000  9.457E-01  9.713E-01  9.768E-01  9.622E-01  9.277E-01
  382.5000  6.299E-01  6.469E-01  6.506E-01  6.409E-01  6.179E-01
  383.5000  5.529E-01  5.679E-01  5.711E-01  5.626E-01  5.425E-01
  384.5000  8.295E-01  8.519E-01  8.567E-01  8.440E-01  8.138E-01
  385.5000  8.204E-01  8.425E-01  8.473E-01  8.347E-01  8.049E-01
  386.5000  8.360E-01  8.585E-01  8.634E-01  8.505E-01  8.202E-01
  387.5000  7.767E-01  7.976E-01  8.021E-01  7.902E-01  7.621E-01
  388.5000  7.783E-01  7.992E-01  8.037E-01  7.917E-01  7.636E-01
  389.5000  9.812E-01  1.007E+00  1.013E+00  9.981E-01  9.627E-01
  390.5000  9.634E-01  9.892E-01  9.948E-01  9.801E-01  9.453E-01
  391.5000  1.143E+00  1.173E+00  1.180E+00  1.162E+00  1.121E+00
  392.5000  8.566E-01  8.794E-01  8.844E-01  8.713E-01  8.405E-01
  393.5000  3.723E-01  3.822E-01  3.844E-01  3.787E-01  3.653E-01
  394.5000  8.758E-01  8.991E-01  9.041E-01  8.908E-01  8.594E-01
  395.5000  1.126E+00  1.156E+00  1.163E+00  1.146E+00  1.105E+00
  396.5000  6.613E-01  6.788E-01  6.826E-01  6.726E-01  6.489E-01
  397.5000  7.629E-01  7.831E-01  7.875E-01  7.759E-01  7.486E-01
  398.5000  1.310E+00  1.345E+00  1.353E+00  1.333E+00  1.286E+00
  399.5000  1.363E+00  1.399E+00  1.407E+00  1.386E+00  1.337E+00
  400.5000  1.432E+00  1.470E+00  1.478E+00  1.457E+00  1.406E+00
  401.5000  1.473E+00  1.512E+00  1.521E+00  1.498E+00  1.446E+00
  402.5000  1.529E+00  1.569E+00  1.578E+00  1.555E+00  1.501E+00
  403.5000  1.399E+00  1.436E+00  1.444E+00  1.423E+00  1.373E+00
  404.5000  1.372E+00  1.408E+00  1.416E+00  1.395E+00  1.347E+00
  405.5000  1.425E+00  1.462E+00  1.471E+00  1.449E+00  1.399E+00
  406.5000  1.342E+00  1.377E+00  1.385E+00  1.365E+00  1.317E+00
  407.5000  1.352E+00  1.388E+00  1.396E+00  1.375E+00  1.328E+00
  408.5000  1.506E+00  1.545E+00  1.554E+00  1.531E+00  1.478E+00
  409.5000  1.476E+00  1.515E+00  1.523E+00  1.501E+00  1.449E+00
  410.5000  1.280E+00  1.313E+00  1.320E+00  1.301E+00  1.256E+00
  411.5000  1.538E+00  1.578E+00  1.587E+00  1.564E+00  1.510E+00
  412.5000  1.524E+00  1.564E+00  1.572E+00  1.549E+00  1.496E+00
  413.5000  1.478E+00  1.516E+00  1.524E+00  1.502E+00  1.450E+00
  414.5000  1.518E+00  1.558E+00  1.566E+00  1.544E+00  1.490E+00
  415.5000  1.452E+00  1.490E+00  1.498E+00  1.476E+00  1.425E+00
  416.5000  1.580E+00  1.621E+00  1.630E+00  1.606E+00  1.551E+00
  417.5000  1.444E+00  1.481E+00  1.490E+00  1.468E+00  1.418E+00
  418.5000  1.455E+00  1.493E+00  1.501E+00  1.479E+00  1.428E+00
  419.5000  1.503E+00  1.542E+00  1.550E+00  1.528E+00  1.475E+00
------------------------------------------------------------
Dose rates, W m-2
   1 = UV-B, 280-315 nm                                  
   2 = UV-A, 315-400 nm                                  
   3 = Gaussian, 320 nm, 10 nm FWHM                      
   4 = RB Meter, model 501                               
   5 = DNA damage, in vitro (Setlow, 1974)               
   6 = UV index (WMO, 1994; Webb et al., 2011)           
   7 = Previtamin-D3 (CIE 2006)                          
values at z =      0.000 km
Columns: time, sza, weighting spectra
time, hrs.  sza, deg.          1          2          3          4          5          6          7
   11.0000     13.452  2.349E+00  6.359E+01  4.182E-01  7.155E-01  9.653E-03  1.398E+01  7.033E-01
   11.5000      6.143  2.464E+00  6.539E+01  4.323E-01  7.544E-01  1.043E-02  1.480E+01  7.450E-01
   12.0000      2.633  2.490E+00  6.578E+01  4.354E-01  7.630E-01  1.060E-02  1.498E+01  7.541E-01
   12.5000      9.410  2.423E+00  6.475E+01  4.272E-01  7.405E-01  1.015E-02  1.450E+01  7.300E-01
   13.0000     16.811  2.268E+00  6.233E+01  4.084E-01  6.883E-01  9.131E-03  1.341E+01  6.742E-01
------------------------------------------------------------
