Spectral Irradiance, W m-2 nm-1
values at z =      0.000 km
Columns: wavelength (nm), times (hrs.) or sza (deg.)
    wc, nm     11.000     11.500     12.000     12.500     13.000
    sza =      41.314     40.368     40.025     40.305     41.192
  280.5000  3.370E-22  6.505E-22  8.193E-22  6.787E-22  3.674E-22
  281.5000  5.494E-20  9.995E-20  1.233E-19  1.039E-19  5.942E-20
  282.5000  2.987E-18  5.163E-18  6.259E-18  5.351E-18  3.208E-18
  283.5000  3.627E-17  5.953E-17  6.969E-17  6.273E-17  3.880E-17
  284.5000  2.069E-15  3.259E-15  3.823E-15  3.356E-15  2.196E-15
  285.5000  2.577E-14  3.884E-14  4.485E-14  3.988E-14  2.720E-14
  286.5000  8.080E-13  1.177E-12  1.343E-12  1.205E-12  8.488E-13
  287.5000  1.367E-11  1.917E-11  2.159E-11  1.960E-11  1.429E-11
  288.5000  2.221E-10  2.988E-10  3.266E-10  3.046E-10  2.309E-10
  289.5000  2.827E-09  3.694E-09  4.058E-09  3.759E-09  2.928E-09
  290.5000  2.296E-08  2.926E-08  3.187E-08  2.972E-08  2.370E-08
  291.5000  1.609E-07  1.994E-07  2.149E-07  2.022E-07  1.654E-07
  292.5000  7.400E-07  8.965E-07  9.590E-07  9.077E-07  7.589E-07
  293.5000  3.925E-06  4.654E-06  4.940E-06  4.705E-06  4.013E-06
  294.5000  1.200E-05  1.399E-05  1.476E-05  1.413E-05  1.224E-05
  295.5000  4.994E-05  5.719E-05  5.998E-05  5.769E-05  5.083E-05
  296.5000  1.325E-04  1.495E-04  1.559E-04  1.506E-04  1.346E-04
  297.5000  3.665E-04  4.082E-04  4.239E-04  4.110E-04  3.717E-04
  298.5000  5.953E-04  6.559E-04  6.786E-04  6.600E-04  6.029E-04
  299.5000  1.778E-03  1.939E-03  1.999E-03  1.949E-03  1.798E-03
  300.5000  2.084E-03  2.255E-03  2.318E-03  2.266E-03  2.106E-03
  301.5000  5.273E-03  5.657E-03  5.798E-03  5.682E-03  5.322E-03
  302.5000  7.708E-03  8.222E-03  8.411E-03  8.257E-03  7.773E-03
  303.5000  1.587E-02  1.682E-02  1.717E-02  1.689E-02  1.600E-02
  304.5000  1.937E-02  2.045E-02  2.084E-02  2.052E-02  1.951E-02
  305.5000  3.010E-02  3.160E-02  3.215E-02  3.170E-02  3.029E-02
  306.5000  3.373E-02  3.532E-02  3.590E-02  3.543E-02  3.393E-02
  307.5000  5.563E-02  5.799E-02  5.884E-02  5.814E-02  5.593E-02
  308.5000  6.559E-02  6.825E-02  6.922E-02  6.843E-02  6.594E-02
  309.5000  6.315E-02  6.502E-02  6.637E-02  6.567E-02  6.346E-02
  310.5000  9.162E-02  9.483E-02  9.600E-02  9.505E-02  9.203E-02
  311.5000  1.229E-01  1.271E-01  1.285E-01  1.273E-01  1.235E-01
  312.5000  1.291E-01  1.331E-01  1.345E-01  1.333E-01  1.296E-01
  313.5000  1.491E-01  1.536E-01  1.552E-01  1.539E-01  1.496E-01
  314.5000  1.585E-01  1.630E-01  1.646E-01  1.633E-01  1.591E-01
  315.5000  1.655E-01  1.701E-01  1.718E-01  1.704E-01  1.661E-01
  316.5000  1.729E-01  1.774E-01  1.790E-01  1.777E-01  1.735E-01
  317.5000  2.448E-01  2.512E-01  2.534E-01  2.516E-01  2.456E-01
  318.5000  2.009E-01  2.060E-01  2.078E-01  2.063E-01  2.018E-01
  319.5000  2.476E-01  2.535E-01  2.556E-01  2.539E-01  2.483E-01
  320.5000  3.044E-01  3.116E-01  3.141E-01  3.120E-01  3.053E-01
  321.5000  2.687E-01  2.747E-01  2.768E-01  2.751E-01  2.695E-01
  322.5000  2.628E-01  2.689E-01  2.711E-01  2.693E-01  2.636E-01
  323.5000  2.837E-01  2.898E-01  2.919E-01  2.897E-01  2.845E-01
  324.5000  3.325E-01  3.397E-01  3.422E-01  3.401E-01  3.334E-01
  325.5000  3.707E-01  3.787E-01  3.816E-01  3.792E-01  3.717E-01
  326.5000  4.625E-01  4.720E-01  4.754E-01  4.726E-01  4.637E-01
  327.5000  4.268E-01  4.357E-01  4.389E-01  4.363E-01  4.278E-01
  328.5000  3.943E-01  4.025E-01  4.054E-01  4.030E-01  3.954E-01
  329.5000  5.225E-01  5.329E-01  5.366E-01  5.336E-01  5.239E-01
  330.5000  4.710E-01  4.805E-01  4.840E-01  4.812E-01  4.723E-01
  331.5000  4.648E-01  4.742E-01  4.776E-01  4.748E-01  4.660E-01
  332.5000  4.649E-01  4.740E-01  4.772E-01  4.746E-01  4.660E-01
  333.5000  4.341E-01  4.427E-01  4.458E-01  4.433E-01  4.352E-01
  334.5000  4.868E-01  4.963E-01  4.998E-01  4.970E-01  4.880E-01
  335.5000  4.971E-01  5.067E-01  5.101E-01  5.073E-01  4.983E-01
  336.5000  3.879E-01  3.954E-01  3.981E-01  3.959E-01  3.889E-01
  337.5000  4.238E-01  4.321E-01  4.351E-01  4.326E-01  4.249E-01
  338.5000  4.507E-01  4.594E-01  4.625E-01  4.600E-01  4.519E-01
  339.5000  4.906E-01  5.000E-01  5.033E-01  5.006E-01  4.918E-01
  340.5000  5.232E-01  5.333E-01  5.369E-01  5.339E-01  5.245E-01
  341.5000  4.665E-01  4.754E-01  4.786E-01  4.760E-01  4.677E-01
  342.5000  5.172E-01  5.271E-01  5.306E-01  5.277E-01  5.185E-01
  343.5000  5.367E-01  5.469E-01  5.505E-01  5.476E-01  5.380E-01
  344.5000  3.757E-01  3.829E-01  3.854E-01  3.833E-01  3.767E-01
  345.5000  5.167E-01  5.264E-01  5.299E-01  5.270E-01  5.179E-01
  346.5000  4.824E-01  4.915E-01  4.948E-01  4.921E-01  4.836E-01
  347.5000  4.715E-01  4.804E-01  4.836E-01  4.810E-01  4.727E-01
  348.5000  5.187E-01  5.284E-01  5.319E-01  5.291E-01  5.199E-01
  349.5000  4.347E-01  4.429E-01  4.458E-01  4.434E-01  4.357E-01
  350.5000  6.088E-01  6.202E-01  6.243E-01  6.210E-01  6.103E-01
  351.5000  5.246E-01  5.344E-01  5.380E-01  5.351E-01  5.259E-01
  352.5000  4.733E-01  4.821E-01  4.853E-01  4.827E-01  4.745E-01
  353.5000  5.700E-01  5.806E-01  5.844E-01  5.813E-01  5.714E-01
  354.5000  6.172E-01  6.286E-01  6.327E-01  6.294E-01  6.187E-01
  355.5000  5.769E-01  5.876E-01  5.914E-01  5.883E-01  5.782E-01
  356.5000  5.354E-01  5.453E-01  5.488E-01  5.459E-01  5.366E-01
  357.5000  4.553E-01  4.637E-01  4.667E-01  4.642E-01  4.563E-01
  358.5000  3.514E-01  3.579E-01  3.602E-01  3.583E-01  3.522E-01
  359.5000  5.914E-01  6.023E-01  6.062E-01  6.030E-01  5.928E-01
  360.5000  5.482E-01  5.583E-01  5.619E-01  5.590E-01  5.495E-01
  361.5000  4.944E-01  5.034E-01  5.067E-01  5.040E-01  4.955E-01
  362.5000  5.806E-01  5.913E-01  5.951E-01  5.920E-01  5.820E-01
  363.5000  5.165E-01  5.260E-01  5.294E-01  5.266E-01  5.178E-01
  364.5000  5.635E-01  5.738E-01  5.775E-01  5.745E-01  5.648E-01
  365.5000  6.867E-01  6.992E-01  7.037E-01  7.000E-01  6.883E-01
  366.5000  7.268E-01  7.400E-01  7.448E-01  7.409E-01  7.285E-01
  367.5000  6.901E-01  7.027E-01  7.072E-01  7.035E-01  6.918E-01
  368.5000  6.063E-01  6.173E-01  6.213E-01  6.180E-01  6.077E-01
  369.5000  7.273E-01  7.405E-01  7.452E-01  7.414E-01  7.290E-01
  370.5000  6.599E-01  6.719E-01  6.761E-01  6.726E-01  6.615E-01
  371.5000  7.551E-01  7.688E-01  7.737E-01  7.697E-01  7.569E-01
  372.5000  5.578E-01  5.679E-01  5.715E-01  5.686E-01  5.591E-01
  373.5000  5.042E-01  5.133E-01  5.166E-01  5.139E-01  5.054E-01
  374.5000  5.535E-01  5.634E-01  5.670E-01  5.641E-01  5.547E-01
  375.5000  6.245E-01  6.357E-01  6.397E-01  6.364E-01  6.259E-01
  376.5000  6.236E-01  6.348E-01  6.388E-01  6.356E-01  6.251E-01
  377.5000  7.427E-01  7.560E-01  7.608E-01  7.569E-01  7.444E-01
  378.5000  8.095E-01  8.240E-01  8.292E-01  8.249E-01  8.114E-01
  379.5000  5.989E-01  6.096E-01  6.135E-01  6.103E-01  6.003E-01
  380.5000  7.204E-01  7.332E-01  7.378E-01  7.340E-01  7.220E-01
  381.5000  6.770E-01  6.890E-01  6.933E-01  6.898E-01  6.785E-01
  382.5000  4.511E-01  4.591E-01  4.620E-01  4.597E-01  4.521E-01
  383.5000  3.962E-01  4.032E-01  4.057E-01  4.036E-01  3.971E-01
  384.5000  5.945E-01  6.051E-01  6.089E-01  6.058E-01  5.959E-01
  385.5000  5.883E-01  5.987E-01  6.024E-01  5.994E-01  5.896E-01
  386.5000  5.997E-01  6.103E-01  6.141E-01  6.110E-01  6.011E-01
  387.5000  5.574E-01  5.672E-01  5.707E-01  5.678E-01  5.586E-01
  388.5000  5.587E-01  5.686E-01  5.721E-01  5.692E-01  5.600E-01
  389.5000  7.046E-01  7.170E-01  7.215E-01  7.178E-01  7.062E-01
  390.5000  6.921E-01  7.043E-01  7.087E-01  7.051E-01  6.937E-01
  391.5000  8.212E-01  8.356E-01  8.408E-01  8.366E-01  8.231E-01
  392.5000  6.158E-01  6.267E-01  6.305E-01  6.274E-01  6.172E-01
  393.5000  2.678E-01  2.725E-01  2.741E-01  2.728E-01  2.684E-01
  394.5000  6.301E-01  6.411E-01  6.451E-01  6.419E-01  6.315E-01
  395.5000  8.108E-01  8.250E-01  8.300E-01  8.259E-01  8.126E-01
  396.5000  4.761E-01  4.845E-01  4.874E-01  4.850E-01  4.772E-01
  397.5000  5.495E-01  5.591E-01  5.625E-01  5.597E-01  5.507E-01
  398.5000  9.443E-01  9.607E-01  9.666E-01  9.618E-01  9.464E-01
  399.5000  9.823E-01  9.994E-01  1.005E+00  1.000E+00  9.845E-01
  400.5000  1.033E+00  1.051E+00  1.057E+00  1.052E+00  1.035E+00
  401.5000  1.063E+00  1.081E+00  1.088E+00  1.082E+00  1.065E+00
  402.5000  1.103E+00  1.122E+00  1.129E+00  1.124E+00  1.106E+00
  403.5000  1.010E+00  1.027E+00  1.034E+00  1.029E+00  1.012E+00
  404.5000  9.907E-01  1.008E+00  1.014E+00  1.009E+00  9.929E-01
  405.5000  1.029E+00  1.047E+00  1.053E+00  1.048E+00  1.032E+00
  406.5000  9.695E-01  9.862E-01  9.922E-01  9.873E-01  9.717E-01
  407.5000  9.775E-01  9.944E-01  1.000E+00  9.955E-01  9.797E-01
  408.5000  1.089E+00  1.108E+00  1.114E+00  1.109E+00  1.091E+00
  409.5000  1.067E+00  1.086E+00  1.092E+00  1.087E+00  1.070E+00
  410.5000  9.258E-01  9.417E-01  9.473E-01  9.427E-01  9.278E-01
  411.5000  1.113E+00  1.132E+00  1.139E+00  1.133E+00  1.115E+00
  412.5000  1.103E+00  1.122E+00  1.129E+00  1.123E+00  1.106E+00
  413.5000  1.070E+00  1.088E+00  1.095E+00  1.089E+00  1.072E+00
  414.5000  1.100E+00  1.119E+00  1.125E+00  1.120E+00  1.102E+00
  415.5000  1.052E+00  1.070E+00  1.076E+00  1.071E+00  1.054E+00
  416.5000  1.145E+00  1.165E+00  1.172E+00  1.166E+00  1.148E+00
  417.5000  1.047E+00  1.065E+00  1.071E+00  1.066E+00  1.049E+00
  418.5000  1.055E+00  1.073E+00  1.080E+00  1.074E+00  1.058E+00
  419.5000  1.090E+00  1.109E+00  1.115E+00  1.110E+00  1.093E+00
------------------------------------------------------------
Dose rates, W m-2
   1 = UV-B, 280-315 nm                                  
   2 = UV-A, 315-400 nm                                  
   3 = Gaussian, 320 nm, 10 nm FWHM                      
   4 = RB Meter, model 501                               
   5 = DNA damage, in vitro (Setlow, 1974)               
   6 = UV index (WMO, 1994; Webb et al., 2011)           
   7 = Previtamin-D3 (CIE 2006)                          
values at z =      0.000 km
Columns: time, sza, weighting spectra
time, hrs.  sza, deg.          1          2          3          4          5          6          7
   11.0000     41.314  9.527E-01  4.459E+01  2.566E-01  2.654E-01  2.031E-03  4.929E+00  2.207E-01
   11.5000     40.368  9.863E-01  4.542E+01  2.627E-01  2.751E-01  2.134E-03  5.107E+00  2.300E-01
   12.0000     40.025  9.992E-01  4.572E+01  2.648E-01  2.787E-01  2.172E-03  5.174E+00  2.336E-01
   12.5000     40.305  9.891E-01  4.548E+01  2.631E-01  2.758E-01  2.141E-03  5.120E+00  2.308E-01
   13.0000     41.192  9.570E-01  4.470E+01  2.574E-01  2.667E-01  2.044E-03  4.952E+00  2.219E-01
------------------------------------------------------------
