Spectral Irradiance, W m-2 nm-1
values at z =      0.000 km
Columns: wavelength (nm), times (hrs.) or sza (deg.)
    wc, nm     11.000     11.500     12.000     12.500     13.000
    sza =      23.764     21.325     21.354     23.843     28.148
  280.5000  1.385E-13  2.246E-13  2.234E-13  1.362E-13  4.874E-14
  281.5000  3.704E-12  5.757E-12  5.729E-12  3.647E-12  1.429E-12
  282.5000  4.263E-11  6.390E-11  6.362E-11  4.204E-11  1.779E-11
  283.5000  1.889E-10  2.766E-10  2.754E-10  1.864E-10  8.297E-11
  284.5000  1.716E-09  2.407E-09  2.398E-09  1.696E-09  8.274E-10
  285.5000  5.496E-09  7.467E-09  7.441E-09  5.438E-09  2.838E-09
  286.5000  6.066E-08  8.040E-08  8.015E-08  6.007E-08  3.302E-08
  287.5000  3.224E-07  4.159E-07  4.147E-07  3.196E-07  1.861E-07
  288.5000  1.488E-06  1.864E-06  1.859E-06  1.477E-06  9.158E-07
  289.5000  7.702E-06  9.446E-06  9.425E-06  7.648E-06  4.962E-06
  290.5000  2.934E-05  3.535E-05  3.528E-05  2.915E-05  1.964E-05
  291.5000  8.725E-05  1.030E-04  1.028E-04  8.675E-05  6.100E-05
  292.5000  1.990E-04  2.311E-04  2.307E-04  1.980E-04  1.442E-04
  293.5000  5.453E-04  6.236E-04  6.227E-04  5.327E-04  4.086E-04
  294.5000  9.944E-04  1.123E-03  1.122E-03  9.902E-04  7.649E-04
  295.5000  2.390E-03  2.666E-03  2.662E-03  2.381E-03  1.891E-03
  296.5000  4.020E-03  4.436E-03  4.431E-03  4.006E-03  3.254E-03
  297.5000  7.459E-03  8.153E-03  8.145E-03  7.436E-03  6.162E-03
  298.5000  8.655E-03  9.386E-03  9.378E-03  8.631E-03  7.273E-03
  299.5000  1.881E-02  2.025E-02  2.024E-02  1.877E-02  1.607E-02
  300.5000  1.730E-02  1.851E-02  1.850E-02  1.726E-02  1.496E-02
  301.5000  3.364E-02  3.578E-02  3.575E-02  3.357E-02  2.948E-02
  302.5000  4.137E-02  4.382E-02  4.379E-02  4.129E-02  3.657E-02
  303.5000  6.950E-02  7.210E-02  7.243E-02  6.937E-02  6.208E-02
  304.5000  7.540E-02  7.926E-02  7.922E-02  7.527E-02  6.776E-02
  305.5000  9.841E-02  1.030E-01  1.030E-01  9.826E-02  8.923E-02
  306.5000  1.023E-01  1.069E-01  1.068E-01  1.021E-01  9.311E-02
  307.5000  1.462E-01  1.522E-01  1.522E-01  1.460E-01  1.340E-01
  308.5000  1.631E-01  1.696E-01  1.696E-01  1.629E-01  1.500E-01
  309.5000  1.429E-01  1.478E-01  1.482E-01  1.427E-01  1.320E-01
  310.5000  1.937E-01  2.007E-01  2.006E-01  1.935E-01  1.796E-01
  311.5000  2.486E-01  2.573E-01  2.572E-01  2.483E-01  2.311E-01
  312.5000  2.412E-01  2.492E-01  2.491E-01  2.410E-01  2.252E-01
  313.5000  2.733E-01  2.822E-01  2.821E-01  2.730E-01  2.554E-01
  314.5000  2.718E-01  2.802E-01  2.801E-01  2.715E-01  2.548E-01
  315.5000  2.805E-01  2.890E-01  2.890E-01  2.802E-01  2.632E-01
  316.5000  2.783E-01  2.864E-01  2.863E-01  2.780E-01  2.618E-01
  317.5000  3.934E-01  4.049E-01  4.048E-01  3.930E-01  3.702E-01
  318.5000  3.082E-01  3.168E-01  3.167E-01  3.079E-01  2.907E-01
  319.5000  3.757E-01  3.862E-01  3.860E-01  3.754E-01  3.546E-01
  320.5000  4.567E-01  4.692E-01  4.691E-01  4.563E-01  4.313E-01
  321.5000  3.861E-01  3.963E-01  3.962E-01  3.858E-01  3.655E-01
  322.5000  3.900E-01  4.006E-01  4.004E-01  3.897E-01  3.686E-01
  323.5000  3.995E-01  4.097E-01  4.096E-01  3.991E-01  3.785E-01
  324.5000  4.689E-01  4.809E-01  4.808E-01  4.685E-01  4.443E-01
  325.5000  5.259E-01  5.395E-01  5.394E-01  5.254E-01  4.982E-01
  326.5000  6.334E-01  6.492E-01  6.490E-01  6.328E-01  6.011E-01
  327.5000  5.907E-01  6.056E-01  6.055E-01  5.902E-01  5.604E-01
  328.5000  5.453E-01  5.590E-01  5.589E-01  5.449E-01  5.174E-01
  329.5000  7.038E-01  7.211E-01  7.209E-01  7.032E-01  6.687E-01
  330.5000  6.409E-01  6.568E-01  6.566E-01  6.404E-01  6.087E-01
  331.5000  6.335E-01  6.492E-01  6.490E-01  6.330E-01  6.015E-01
  332.5000  6.217E-01  6.368E-01  6.366E-01  6.212E-01  5.910E-01
  333.5000  5.849E-01  5.992E-01  5.991E-01  5.845E-01  5.559E-01
  334.5000  6.529E-01  6.688E-01  6.686E-01  6.524E-01  6.207E-01
  335.5000  6.605E-01  6.764E-01  6.762E-01  6.600E-01  6.282E-01
  336.5000  5.166E-01  5.290E-01  5.289E-01  5.162E-01  4.913E-01
  337.5000  5.676E-01  5.814E-01  5.812E-01  5.672E-01  5.397E-01
  338.5000  5.979E-01  6.122E-01  6.120E-01  5.974E-01  5.688E-01
  339.5000  6.497E-01  6.651E-01  6.650E-01  6.492E-01  6.181E-01
  340.5000  6.949E-01  7.115E-01  7.113E-01  6.944E-01  6.611E-01
  341.5000  6.164E-01  6.310E-01  6.309E-01  6.160E-01  5.867E-01
  342.5000  6.826E-01  6.988E-01  6.986E-01  6.821E-01  6.497E-01
  343.5000  7.091E-01  7.259E-01  7.257E-01  7.086E-01  6.750E-01
  344.5000  4.971E-01  5.089E-01  5.087E-01  4.967E-01  4.732E-01
  345.5000  6.802E-01  6.962E-01  6.961E-01  6.797E-01  6.477E-01
  346.5000  6.366E-01  6.515E-01  6.514E-01  6.361E-01  6.060E-01
  347.5000  6.218E-01  6.364E-01  6.362E-01  6.213E-01  5.920E-01
  348.5000  6.830E-01  6.990E-01  6.988E-01  6.825E-01  6.504E-01
  349.5000  5.723E-01  5.857E-01  5.855E-01  5.718E-01  5.450E-01
  350.5000  8.010E-01  8.197E-01  8.195E-01  8.004E-01  7.629E-01
  351.5000  6.902E-01  7.063E-01  7.062E-01  6.897E-01  6.574E-01
  352.5000  6.223E-01  6.368E-01  6.366E-01  6.218E-01  5.928E-01
  353.5000  7.488E-01  7.662E-01  7.660E-01  7.482E-01  7.133E-01
  354.5000  8.101E-01  8.289E-01  8.287E-01  8.095E-01  7.718E-01
  355.5000  7.569E-01  7.744E-01  7.742E-01  7.563E-01  7.211E-01
  356.5000  7.022E-01  7.184E-01  7.183E-01  7.017E-01  6.691E-01
  357.5000  5.970E-01  6.107E-01  6.106E-01  5.965E-01  5.689E-01
  358.5000  4.605E-01  4.711E-01  4.710E-01  4.602E-01  4.389E-01
  359.5000  7.748E-01  7.926E-01  7.924E-01  7.742E-01  7.385E-01
  360.5000  7.180E-01  7.345E-01  7.343E-01  7.174E-01  6.843E-01
  361.5000  6.471E-01  6.619E-01  6.618E-01  6.466E-01  6.168E-01
  362.5000  7.597E-01  7.771E-01  7.769E-01  7.591E-01  7.242E-01
  363.5000  6.756E-01  6.910E-01  6.909E-01  6.751E-01  6.441E-01
  364.5000  7.368E-01  7.536E-01  7.535E-01  7.363E-01  7.025E-01
  365.5000  8.976E-01  9.181E-01  9.178E-01  8.969E-01  8.558E-01
  366.5000  9.497E-01  9.713E-01  9.711E-01  9.490E-01  9.056E-01
  367.5000  9.014E-01  9.219E-01  9.217E-01  9.008E-01  8.596E-01
  368.5000  7.917E-01  8.096E-01  8.095E-01  7.911E-01  7.550E-01
  369.5000  9.494E-01  9.709E-01  9.707E-01  9.487E-01  9.055E-01
  370.5000  8.611E-01  8.806E-01  8.804E-01  8.605E-01  8.213E-01
  371.5000  9.850E-01  1.007E+00  1.007E+00  9.843E-01  9.396E-01
  372.5000  7.274E-01  7.438E-01  7.437E-01  7.269E-01  6.939E-01
  373.5000  6.574E-01  6.722E-01  6.720E-01  6.569E-01  6.271E-01
  374.5000  7.213E-01  7.375E-01  7.374E-01  7.208E-01  6.882E-01
  375.5000  8.136E-01  8.319E-01  8.317E-01  8.130E-01  7.763E-01
  376.5000  8.123E-01  8.305E-01  8.303E-01  8.117E-01  7.750E-01
  377.5000  9.670E-01  9.887E-01  9.885E-01  9.663E-01  9.227E-01
  378.5000  1.054E+00  1.077E+00  1.077E+00  1.053E+00  1.006E+00
  379.5000  7.794E-01  7.968E-01  7.966E-01  7.788E-01  7.438E-01
  380.5000  9.371E-01  9.580E-01  9.578E-01  9.364E-01  8.944E-01
  381.5000  8.804E-01  9.000E-01  8.998E-01  8.798E-01  8.403E-01
  382.5000  5.865E-01  5.996E-01  5.994E-01  5.861E-01  5.598E-01
  383.5000  5.149E-01  5.264E-01  5.262E-01  5.145E-01  4.915E-01
  384.5000  7.726E-01  7.897E-01  7.895E-01  7.720E-01  7.375E-01
  385.5000  7.642E-01  7.811E-01  7.810E-01  7.636E-01  7.296E-01
  386.5000  7.788E-01  7.961E-01  7.959E-01  7.782E-01  7.436E-01
  387.5000  7.236E-01  7.397E-01  7.395E-01  7.231E-01  6.909E-01
  388.5000  7.252E-01  7.412E-01  7.411E-01  7.247E-01  6.925E-01
  389.5000  9.144E-01  9.345E-01  9.343E-01  9.137E-01  8.731E-01
  390.5000  8.979E-01  9.177E-01  9.175E-01  8.973E-01  8.575E-01
  391.5000  1.065E+00  1.089E+00  1.088E+00  1.064E+00  1.017E+00
  392.5000  7.985E-01  8.161E-01  8.159E-01  7.980E-01  7.626E-01
  393.5000  3.471E-01  3.547E-01  3.547E-01  3.469E-01  3.315E-01
  394.5000  8.166E-01  8.346E-01  8.344E-01  8.160E-01  7.800E-01
  395.5000  1.051E+00  1.074E+00  1.073E+00  1.050E+00  1.003E+00
  396.5000  6.168E-01  6.303E-01  6.301E-01  6.163E-01  5.892E-01
  397.5000  7.116E-01  7.272E-01  7.270E-01  7.111E-01  6.798E-01
  398.5000  1.223E+00  1.249E+00  1.249E+00  1.222E+00  1.168E+00
  399.5000  1.271E+00  1.299E+00  1.299E+00  1.271E+00  1.215E+00
  400.5000  1.337E+00  1.366E+00  1.365E+00  1.336E+00  1.277E+00
  401.5000  1.375E+00  1.405E+00  1.405E+00  1.374E+00  1.314E+00
  402.5000  1.427E+00  1.458E+00  1.458E+00  1.426E+00  1.364E+00
  403.5000  1.306E+00  1.334E+00  1.334E+00  1.305E+00  1.248E+00
  404.5000  1.281E+00  1.309E+00  1.308E+00  1.280E+00  1.224E+00
  405.5000  1.330E+00  1.359E+00  1.359E+00  1.329E+00  1.271E+00
  406.5000  1.253E+00  1.280E+00  1.280E+00  1.252E+00  1.197E+00
  407.5000  1.263E+00  1.290E+00  1.290E+00  1.262E+00  1.207E+00
  408.5000  1.406E+00  1.437E+00  1.437E+00  1.405E+00  1.344E+00
  409.5000  1.379E+00  1.408E+00  1.408E+00  1.378E+00  1.318E+00
  410.5000  1.195E+00  1.221E+00  1.221E+00  1.195E+00  1.143E+00
  411.5000  1.437E+00  1.468E+00  1.467E+00  1.436E+00  1.373E+00
  412.5000  1.424E+00  1.454E+00  1.454E+00  1.423E+00  1.361E+00
  413.5000  1.381E+00  1.410E+00  1.410E+00  1.380E+00  1.320E+00
  414.5000  1.419E+00  1.449E+00  1.449E+00  1.418E+00  1.357E+00
  415.5000  1.357E+00  1.386E+00  1.386E+00  1.356E+00  1.297E+00
  416.5000  1.477E+00  1.508E+00  1.508E+00  1.476E+00  1.412E+00
  417.5000  1.350E+00  1.379E+00  1.378E+00  1.349E+00  1.291E+00
  418.5000  1.360E+00  1.389E+00  1.389E+00  1.359E+00  1.301E+00
  419.5000  1.405E+00  1.435E+00  1.435E+00  1.404E+00  1.344E+00
------------------------------------------------------------
Dose rates, W m-2
   1 = UV-B, 280-315 nm                                  
   2 = UV-A, 315-400 nm                                  
   3 = Gaussian, 320 nm, 10 nm FWHM                      
   4 = RB Meter, model 501                               
   5 = DNA damage, in vitro (Setlow, 1974)               
   6 = UV index (WMO, 1994; Webb et al., 2011)           
   7 = Previtamin-D3 (CIE 2006)                          
values at z =      0.000 km
Columns: time, sza, weighting spectra
time, hrs.  sza, deg.          1          2          3          4          5          6          7
   11.0000     23.764  2.162E+00  5.902E+01  3.856E-01  6.585E-01  8.886E-03  1.287E+01  6.470E-01
   11.5000     21.325  2.246E+00  6.039E+01  3.962E-01  6.866E-01  9.438E-03  1.346E+01  6.768E-01
   12.0000     21.354  2.246E+00  6.038E+01  3.961E-01  6.866E-01  9.437E-03  1.346E+01  6.769E-01
   12.5000     23.843  2.159E+00  5.898E+01  3.852E-01  6.575E-01  8.865E-03  1.285E+01  6.460E-01
   13.0000     28.148  1.991E+00  5.622E+01  3.641E-01  6.015E-01  7.800E-03  1.168E+01  5.863E-01
------------------------------------------------------------
