Spectral Irradiance, W m-2 nm-1
values at z =      0.000 km
Columns: wavelength (nm), times (hrs.) or sza (deg.)
    wc, nm     11.000     11.500     12.000     12.500     13.000
    sza =      28.455     26.014     25.193     26.144     28.689
  280.5000  2.213E-15  4.389E-15  5.424E-15  4.241E-15  2.063E-15
  281.5000  8.617E-14  1.609E-13  1.952E-13  1.559E-13  8.084E-14
  282.5000  1.370E-12  2.428E-12  2.898E-12  2.359E-12  1.292E-12
  283.5000  7.485E-12  1.283E-11  1.515E-11  1.248E-11  7.083E-12
  284.5000  9.963E-11  1.606E-10  1.861E-10  1.568E-10  9.487E-11
  285.5000  4.231E-10  6.516E-10  7.450E-10  6.377E-10  4.048E-10
  286.5000  5.802E-09  8.629E-09  9.757E-09  8.459E-09  5.571E-09
  287.5000  3.924E-08  5.614E-08  6.272E-08  5.513E-08  3.782E-08
  288.5000  2.353E-07  3.227E-07  3.560E-07  3.177E-07  2.278E-07
  289.5000  1.469E-06  1.955E-06  2.136E-06  1.927E-06  1.426E-06
  290.5000  6.548E-06  8.498E-06  9.212E-06  8.388E-06  6.376E-06
  291.5000  2.327E-05  2.935E-05  3.154E-05  2.901E-05  2.273E-05
  292.5000  6.143E-05  7.567E-05  8.072E-05  7.488E-05  6.013E-05
  293.5000  1.932E-04  2.327E-04  2.466E-04  2.306E-04  1.895E-04
  294.5000  3.923E-04  4.645E-04  4.895E-04  4.606E-04  3.855E-04
  295.5000  1.057E-03  1.229E-03  1.288E-03  1.220E-03  1.041E-03
  296.5000  1.955E-03  2.238E-03  2.334E-03  2.223E-03  1.928E-03
  297.5000  3.943E-03  4.454E-03  4.626E-03  4.427E-03  3.894E-03
  298.5000  4.907E-03  5.482E-03  5.673E-03  5.451E-03  4.852E-03
  299.5000  1.140E-02  1.260E-02  1.300E-02  1.253E-02  1.128E-02
  300.5000  1.103E-02  1.200E-02  1.244E-02  1.203E-02  1.092E-02
  301.5000  2.265E-02  2.461E-02  2.526E-02  2.451E-02  2.246E-02
  302.5000  2.888E-02  3.120E-02  3.196E-02  3.108E-02  2.865E-02
  303.5000  5.063E-02  5.432E-02  5.553E-02  5.413E-02  5.027E-02
  304.5000  5.630E-02  6.016E-02  6.142E-02  5.996E-02  5.591E-02
  305.5000  7.620E-02  8.097E-02  8.251E-02  8.072E-02  7.573E-02
  306.5000  8.046E-02  8.527E-02  8.683E-02  8.502E-02  7.998E-02
  307.5000  1.185E-01  1.249E-01  1.270E-01  1.246E-01  1.178E-01
  308.5000  1.337E-01  1.408E-01  1.430E-01  1.404E-01  1.330E-01
  309.5000  1.195E-01  1.254E-01  1.273E-01  1.251E-01  1.189E-01
  310.5000  1.643E-01  1.720E-01  1.745E-01  1.716E-01  1.636E-01
  311.5000  2.129E-01  2.225E-01  2.256E-01  2.220E-01  2.119E-01
  312.5000  2.100E-01  2.189E-01  2.218E-01  2.185E-01  2.091E-01
  313.5000  2.389E-01  2.489E-01  2.521E-01  2.483E-01  2.379E-01
  314.5000  2.409E-01  2.504E-01  2.535E-01  2.499E-01  2.400E-01
  315.5000  2.493E-01  2.590E-01  2.621E-01  2.585E-01  2.483E-01
  316.5000  2.500E-01  2.592E-01  2.622E-01  2.587E-01  2.490E-01
  317.5000  3.535E-01  3.666E-01  3.708E-01  3.659E-01  3.522E-01
  318.5000  2.797E-01  2.896E-01  2.928E-01  2.891E-01  2.787E-01
  319.5000  3.417E-01  3.537E-01  3.575E-01  3.531E-01  3.405E-01
  320.5000  4.164E-01  4.307E-01  4.348E-01  4.300E-01  4.149E-01
  321.5000  3.552E-01  3.670E-01  3.707E-01  3.664E-01  3.541E-01
  322.5000  3.564E-01  3.685E-01  3.724E-01  3.679E-01  3.552E-01
  323.5000  3.691E-01  3.809E-01  3.847E-01  3.803E-01  3.679E-01
  324.5000  4.331E-01  4.470E-01  4.515E-01  4.463E-01  4.316E-01
  325.5000  4.851E-01  5.008E-01  5.058E-01  5.000E-01  4.835E-01
  326.5000  5.886E-01  6.069E-01  6.128E-01  6.060E-01  5.867E-01
  327.5000  5.477E-01  5.650E-01  5.705E-01  5.641E-01  5.460E-01
  328.5000  5.057E-01  5.216E-01  5.267E-01  5.208E-01  5.041E-01
  329.5000  6.563E-01  6.763E-01  6.827E-01  6.753E-01  6.543E-01
  330.5000  5.964E-01  6.148E-01  6.207E-01  6.137E-01  5.945E-01
  331.5000  5.893E-01  6.075E-01  6.130E-01  6.065E-01  5.875E-01
  332.5000  5.806E-01  5.981E-01  6.037E-01  5.972E-01  5.788E-01
  333.5000  5.454E-01  5.620E-01  5.672E-01  5.611E-01  5.437E-01
  334.5000  6.094E-01  6.277E-01  6.336E-01  6.268E-01  6.075E-01
  335.5000  6.177E-01  6.361E-01  6.420E-01  6.351E-01  6.158E-01
  336.5000  4.828E-01  4.972E-01  5.018E-01  4.965E-01  4.814E-01
  337.5000  5.299E-01  5.458E-01  5.509E-01  5.450E-01  5.283E-01
  338.5000  5.593E-01  5.759E-01  5.811E-01  5.750E-01  5.576E-01
  339.5000  6.079E-01  6.259E-01  6.316E-01  6.250E-01  6.061E-01
  340.5000  6.499E-01  6.691E-01  6.752E-01  6.681E-01  6.479E-01
  341.5000  5.771E-01  5.941E-01  5.995E-01  5.932E-01  5.754E-01
  342.5000  6.392E-01  6.579E-01  6.639E-01  6.570E-01  6.373E-01
  343.5000  6.639E-01  6.833E-01  6.895E-01  6.823E-01  6.619E-01
  344.5000  4.652E-01  4.789E-01  4.832E-01  4.782E-01  4.639E-01
  345.5000  6.373E-01  6.558E-01  6.618E-01  6.549E-01  6.354E-01
  346.5000  5.961E-01  6.135E-01  6.190E-01  6.126E-01  5.943E-01
  347.5000  5.823E-01  5.993E-01  6.047E-01  5.984E-01  5.806E-01
  348.5000  6.398E-01  6.584E-01  6.643E-01  6.575E-01  6.380E-01
  349.5000  5.361E-01  5.517E-01  5.566E-01  5.509E-01  5.345E-01
  350.5000  7.505E-01  7.722E-01  7.791E-01  7.711E-01  7.483E-01
  351.5000  6.467E-01  6.654E-01  6.714E-01  6.644E-01  6.448E-01
  352.5000  5.831E-01  5.999E-01  6.053E-01  5.991E-01  5.814E-01
  353.5000  7.018E-01  7.220E-01  7.284E-01  7.209E-01  6.997E-01
  354.5000  7.594E-01  7.812E-01  7.881E-01  7.800E-01  7.572E-01
  355.5000  7.095E-01  7.299E-01  7.363E-01  7.288E-01  7.074E-01
  356.5000  6.583E-01  6.772E-01  6.832E-01  6.762E-01  6.564E-01
  357.5000  5.597E-01  5.757E-01  5.808E-01  5.748E-01  5.581E-01
  358.5000  4.318E-01  4.441E-01  4.480E-01  4.435E-01  4.305E-01
  359.5000  7.265E-01  7.472E-01  7.538E-01  7.462E-01  7.244E-01
  360.5000  6.733E-01  6.924E-01  6.985E-01  6.914E-01  6.713E-01
  361.5000  6.069E-01  6.241E-01  6.296E-01  6.232E-01  6.051E-01
  362.5000  7.125E-01  7.327E-01  7.392E-01  7.317E-01  7.105E-01
  363.5000  6.337E-01  6.516E-01  6.574E-01  6.507E-01  6.319E-01
  364.5000  6.911E-01  7.107E-01  7.169E-01  7.097E-01  6.892E-01
  365.5000  8.420E-01  8.658E-01  8.733E-01  8.645E-01  8.396E-01
  366.5000  8.909E-01  9.160E-01  9.240E-01  9.147E-01  8.884E-01
  367.5000  8.457E-01  8.695E-01  8.771E-01  8.683E-01  8.433E-01
  368.5000  7.428E-01  7.637E-01  7.703E-01  7.626E-01  7.407E-01
  369.5000  8.908E-01  9.158E-01  9.238E-01  9.145E-01  8.883E-01
  370.5000  8.080E-01  8.307E-01  8.379E-01  8.295E-01  8.057E-01
  371.5000  9.244E-01  9.503E-01  9.585E-01  9.489E-01  9.218E-01
  372.5000  6.827E-01  7.018E-01  7.078E-01  7.008E-01  6.807E-01
  373.5000  6.169E-01  6.342E-01  6.396E-01  6.333E-01  6.152E-01
  374.5000  6.770E-01  6.959E-01  7.019E-01  6.949E-01  6.751E-01
  375.5000  7.637E-01  7.849E-01  7.917E-01  7.838E-01  7.615E-01
  376.5000  7.625E-01  7.836E-01  7.904E-01  7.825E-01  7.603E-01
  377.5000  9.078E-01  9.330E-01  9.410E-01  9.316E-01  9.052E-01
  378.5000  9.892E-01  1.017E+00  1.025E+00  1.015E+00  9.864E-01
  379.5000  7.317E-01  7.520E-01  7.584E-01  7.509E-01  7.297E-01
  380.5000  8.798E-01  9.042E-01  9.119E-01  9.029E-01  8.774E-01
  381.5000  8.266E-01  8.494E-01  8.567E-01  8.483E-01  8.243E-01
  382.5000  5.507E-01  5.659E-01  5.707E-01  5.651E-01  5.492E-01
  383.5000  4.835E-01  4.968E-01  5.011E-01  4.961E-01  4.822E-01
  384.5000  7.255E-01  7.454E-01  7.518E-01  7.444E-01  7.235E-01
  385.5000  7.177E-01  7.374E-01  7.436E-01  7.363E-01  7.157E-01
  386.5000  7.314E-01  7.515E-01  7.579E-01  7.504E-01  7.294E-01
  387.5000  6.797E-01  6.983E-01  7.042E-01  6.973E-01  6.778E-01
  388.5000  6.811E-01  6.998E-01  7.057E-01  6.988E-01  6.792E-01
  389.5000  8.588E-01  8.823E-01  8.898E-01  8.811E-01  8.565E-01
  390.5000  8.435E-01  8.665E-01  8.738E-01  8.653E-01  8.411E-01
  391.5000  1.001E+00  1.028E+00  1.036E+00  1.026E+00  9.977E-01
  392.5000  7.502E-01  7.706E-01  7.771E-01  7.695E-01  7.481E-01
  393.5000  3.261E-01  3.350E-01  3.378E-01  3.345E-01  3.252E-01
  394.5000  7.672E-01  7.881E-01  7.947E-01  7.870E-01  7.651E-01
  395.5000  9.870E-01  1.014E+00  1.022E+00  1.012E+00  9.843E-01
  396.5000  5.795E-01  5.952E-01  6.002E-01  5.944E-01  5.779E-01
  397.5000  6.686E-01  6.867E-01  6.925E-01  6.858E-01  6.668E-01
  398.5000  1.149E+00  1.180E+00  1.190E+00  1.178E+00  1.146E+00
  399.5000  1.195E+00  1.227E+00  1.237E+00  1.225E+00  1.192E+00
  400.5000  1.256E+00  1.290E+00  1.301E+00  1.288E+00  1.253E+00
  401.5000  1.292E+00  1.327E+00  1.338E+00  1.325E+00  1.289E+00
  402.5000  1.341E+00  1.377E+00  1.389E+00  1.375E+00  1.338E+00
  403.5000  1.228E+00  1.261E+00  1.271E+00  1.259E+00  1.224E+00
  404.5000  1.204E+00  1.236E+00  1.246E+00  1.234E+00  1.201E+00
  405.5000  1.250E+00  1.284E+00  1.295E+00  1.282E+00  1.247E+00
  406.5000  1.178E+00  1.209E+00  1.219E+00  1.208E+00  1.174E+00
  407.5000  1.187E+00  1.219E+00  1.229E+00  1.217E+00  1.184E+00
  408.5000  1.322E+00  1.357E+00  1.369E+00  1.356E+00  1.319E+00
  409.5000  1.296E+00  1.331E+00  1.342E+00  1.329E+00  1.292E+00
  410.5000  1.124E+00  1.154E+00  1.163E+00  1.152E+00  1.121E+00
  411.5000  1.351E+00  1.387E+00  1.398E+00  1.385E+00  1.347E+00
  412.5000  1.339E+00  1.374E+00  1.386E+00  1.372E+00  1.335E+00
  413.5000  1.298E+00  1.333E+00  1.344E+00  1.331E+00  1.295E+00
  414.5000  1.334E+00  1.370E+00  1.381E+00  1.368E+00  1.331E+00
  415.5000  1.276E+00  1.310E+00  1.321E+00  1.308E+00  1.273E+00
  416.5000  1.389E+00  1.425E+00  1.437E+00  1.423E+00  1.385E+00
  417.5000  1.269E+00  1.303E+00  1.314E+00  1.301E+00  1.266E+00
  418.5000  1.279E+00  1.313E+00  1.324E+00  1.311E+00  1.276E+00
  419.5000  1.321E+00  1.356E+00  1.367E+00  1.354E+00  1.318E+00
------------------------------------------------------------
Dose rates, W m-2
   1 = UV-B, 280-315 nm                                  
   2 = UV-A, 315-400 nm                                  
   3 = Gaussian, 320 nm, 10 nm FWHM                      
   4 = RB Meter, model 501                               
   5 = DNA damage, in vitro (Setlow, 1974)               
   6 = UV index (WMO, 1994; Webb et al., 2011)           
   7 = Previtamin-D3 (CIE 2006)                          
values at z =      0.000 km
Columns: time, sza, weighting spectra
time, hrs.  sza, deg.          1          2          3          4          5          6          7
   11.0000     28.455  1.789E+00  5.522E+01  3.512E-01  5.282E-01  6.119E-03  1.008E+01  5.023E-01
   11.5000     26.014  1.879E+00  5.681E+01  3.634E-01  5.573E-01  6.604E-03  1.067E+01  5.328E-01
   12.0000     25.193  1.908E+00  5.731E+01  3.672E-01  5.668E-01  6.768E-03  1.086E+01  5.429E-01
   12.5000     26.144  1.875E+00  5.672E+01  3.628E-01  5.558E-01  6.581E-03  1.064E+01  5.313E-01
   13.0000     28.689  1.780E+00  5.505E+01  3.500E-01  5.253E-01  6.071E-03  1.002E+01  4.992E-01
------------------------------------------------------------
