Spectral Irradiance, W m-2 nm-1
values at z =      0.000 km
Columns: wavelength (nm), times (hrs.) or sza (deg.)
    wc, nm     11.000     11.500     12.000     12.500     13.000
    sza =      43.519     41.122     39.951     40.113     41.590
  280.5000  2.181E-16  7.524E-16  1.290E-15  1.217E-15  5.973E-16
  281.5000  1.034E-14  3.195E-14  5.300E-14  4.951E-14  2.589E-14
  282.5000  1.945E-13  5.469E-13  8.697E-13  8.171E-13  4.511E-13
  283.5000  1.186E-12  3.137E-12  4.853E-12  4.576E-12  2.616E-12
  284.5000  1.927E-11  4.557E-11  6.707E-11  6.367E-11  3.882E-11
  285.5000  9.484E-11  2.065E-10  2.929E-10  2.794E-10  1.786E-10
  286.5000  1.456E-09  2.976E-09  4.102E-09  3.928E-09  2.604E-09
  287.5000  1.116E-08  2.126E-08  2.840E-08  2.731E-08  1.885E-08
  288.5000  7.668E-08  1.353E-07  1.746E-07  1.687E-07  1.217E-07
  289.5000  5.274E-07  8.811E-07  1.110E-06  1.076E-06  8.006E-07
  290.5000  2.551E-06  4.071E-06  5.023E-06  4.883E-06  3.731E-06
  291.5000  9.944E-06  1.506E-05  1.816E-05  1.771E-05  1.394E-05
  292.5000  2.830E-05  4.108E-05  4.859E-05  4.750E-05  3.832E-05
  293.5000  9.548E-05  1.332E-04  1.547E-04  1.516E-04  1.252E-04
  294.5000  2.049E-04  2.770E-04  3.173E-04  3.116E-04  2.618E-04
  295.5000  5.852E-04  7.654E-04  8.639E-04  8.500E-04  7.280E-04
  296.5000  1.136E-03  1.445E-03  1.611E-03  1.588E-03  1.381E-03
  297.5000  2.388E-03  2.967E-03  3.273E-03  3.230E-03  2.849E-03
  298.5000  3.079E-03  3.749E-03  4.097E-03  4.049E-03  3.613E-03
  299.5000  7.393E-03  8.832E-03  9.570E-03  9.467E-03  8.543E-03
  300.5000  7.334E-03  8.634E-03  9.185E-03  9.203E-03  8.374E-03
  301.5000  1.548E-02  1.794E-02  1.918E-02  1.901E-02  1.745E-02
  302.5000  2.010E-02  2.305E-02  2.452E-02  2.432E-02  2.246E-02
  303.5000  3.597E-02  4.076E-02  4.313E-02  4.280E-02  3.982E-02
  304.5000  4.049E-02  4.555E-02  4.805E-02  4.770E-02  4.456E-02
  305.5000  5.581E-02  6.213E-02  6.523E-02  6.480E-02  6.089E-02
  306.5000  5.893E-02  6.582E-02  6.896E-02  6.853E-02  6.456E-02
  307.5000  8.877E-02  9.753E-02  1.018E-01  1.012E-01  9.582E-02
  308.5000  1.008E-01  1.104E-01  1.150E-01  1.144E-01  1.085E-01
  309.5000  9.097E-02  9.905E-02  1.030E-01  1.024E-01  9.748E-02
  310.5000  1.260E-01  1.367E-01  1.418E-01  1.411E-01  1.346E-01
  311.5000  1.640E-01  1.774E-01  1.838E-01  1.829E-01  1.748E-01
  312.5000  1.632E-01  1.757E-01  1.816E-01  1.808E-01  1.733E-01
  313.5000  1.861E-01  2.000E-01  2.067E-01  2.058E-01  1.973E-01
  314.5000  1.890E-01  2.024E-01  2.088E-01  2.079E-01  1.998E-01
  315.5000  1.959E-01  2.095E-01  2.161E-01  2.152E-01  2.069E-01
  316.5000  1.975E-01  2.106E-01  2.169E-01  2.160E-01  2.081E-01
  317.5000  2.784E-01  2.980E-01  3.068E-01  3.056E-01  2.944E-01
  318.5000  2.223E-01  2.363E-01  2.430E-01  2.421E-01  2.336E-01
  319.5000  2.719E-01  2.889E-01  2.970E-01  2.959E-01  2.856E-01
  320.5000  3.318E-01  3.522E-01  3.620E-01  3.606E-01  3.483E-01
  321.5000  2.844E-01  3.011E-01  3.090E-01  3.080E-01  2.979E-01
  322.5000  2.845E-01  3.018E-01  3.100E-01  3.089E-01  2.985E-01
  323.5000  2.962E-01  3.132E-01  3.213E-01  3.202E-01  3.100E-01
  324.5000  3.477E-01  3.676E-01  3.772E-01  3.759E-01  3.638E-01
  325.5000  3.894E-01  4.119E-01  4.226E-01  4.211E-01  4.075E-01
  326.5000  4.742E-01  5.005E-01  5.130E-01  5.113E-01  4.954E-01
  327.5000  4.410E-01  4.657E-01  4.775E-01  4.759E-01  4.610E-01
  328.5000  4.074E-01  4.302E-01  4.410E-01  4.395E-01  4.258E-01
  329.5000  5.302E-01  5.590E-01  5.726E-01  5.708E-01  5.534E-01
  330.5000  4.815E-01  5.079E-01  5.205E-01  5.188E-01  5.028E-01
  331.5000  4.759E-01  5.020E-01  5.144E-01  5.127E-01  4.970E-01
  332.5000  4.698E-01  4.950E-01  5.070E-01  5.054E-01  4.902E-01
  333.5000  4.412E-01  4.651E-01  4.764E-01  4.749E-01  4.605E-01
  334.5000  4.933E-01  5.199E-01  5.325E-01  5.308E-01  5.148E-01
  335.5000  5.007E-01  5.273E-01  5.399E-01  5.382E-01  5.222E-01
  336.5000  3.915E-01  4.123E-01  4.222E-01  4.208E-01  4.083E-01
  337.5000  4.296E-01  4.525E-01  4.635E-01  4.620E-01  4.481E-01
  338.5000  4.539E-01  4.779E-01  4.893E-01  4.878E-01  4.733E-01
  339.5000  4.937E-01  5.197E-01  5.320E-01  5.303E-01  5.147E-01
  340.5000  5.278E-01  5.556E-01  5.689E-01  5.671E-01  5.503E-01
  341.5000  4.691E-01  4.937E-01  5.053E-01  5.037E-01  4.889E-01
  342.5000  5.198E-01  5.470E-01  5.599E-01  5.581E-01  5.418E-01
  343.5000  5.400E-01  5.682E-01  5.816E-01  5.798E-01  5.628E-01
  344.5000  3.785E-01  3.983E-01  4.077E-01  4.064E-01  3.945E-01
  345.5000  5.189E-01  5.459E-01  5.587E-01  5.569E-01  5.407E-01
  346.5000  4.854E-01  5.107E-01  5.227E-01  5.210E-01  5.058E-01
  347.5000  4.744E-01  4.991E-01  5.108E-01  5.092E-01  4.943E-01
  348.5000  5.215E-01  5.486E-01  5.614E-01  5.596E-01  5.434E-01
  349.5000  4.372E-01  4.598E-01  4.705E-01  4.690E-01  4.554E-01
  350.5000  6.122E-01  6.438E-01  6.588E-01  6.568E-01  6.377E-01
  351.5000  5.277E-01  5.550E-01  5.679E-01  5.661E-01  5.497E-01
  352.5000  4.760E-01  5.005E-01  5.122E-01  5.106E-01  4.958E-01
  353.5000  5.732E-01  6.026E-01  6.166E-01  6.146E-01  5.969E-01
  354.5000  6.204E-01  6.522E-01  6.673E-01  6.653E-01  6.461E-01
  355.5000  5.799E-01  6.096E-01  6.237E-01  6.218E-01  6.039E-01
  356.5000  5.383E-01  5.658E-01  5.788E-01  5.770E-01  5.605E-01
  357.5000  4.578E-01  4.811E-01  4.922E-01  4.907E-01  4.767E-01
  358.5000  3.533E-01  3.713E-01  3.798E-01  3.787E-01  3.679E-01
  359.5000  5.947E-01  6.250E-01  6.393E-01  6.373E-01  6.191E-01
  360.5000  5.513E-01  5.793E-01  5.926E-01  5.908E-01  5.739E-01
  361.5000  4.971E-01  5.223E-01  5.343E-01  5.326E-01  5.175E-01
  362.5000  5.839E-01  6.134E-01  6.274E-01  6.255E-01  6.077E-01
  363.5000  5.195E-01  5.457E-01  5.582E-01  5.565E-01  5.407E-01
  364.5000  5.668E-01  5.954E-01  6.089E-01  6.071E-01  5.899E-01
  365.5000  6.907E-01  7.255E-01  7.420E-01  7.397E-01  7.188E-01
  366.5000  7.311E-01  7.679E-01  7.853E-01  7.829E-01  7.608E-01
  367.5000  6.943E-01  7.291E-01  7.457E-01  7.434E-01  7.224E-01
  368.5000  6.100E-01  6.406E-01  6.551E-01  6.531E-01  6.347E-01
  369.5000  7.318E-01  7.684E-01  7.858E-01  7.834E-01  7.614E-01
  370.5000  6.640E-01  6.972E-01  7.129E-01  7.108E-01  6.908E-01
  371.5000  7.599E-01  7.978E-01  8.158E-01  8.133E-01  7.905E-01
  372.5000  5.614E-01  5.894E-01  6.026E-01  6.008E-01  5.840E-01
  373.5000  5.075E-01  5.327E-01  5.447E-01  5.431E-01  5.279E-01
  374.5000  5.571E-01  5.847E-01  5.979E-01  5.961E-01  5.794E-01
  375.5000  6.286E-01  6.598E-01  6.746E-01  6.725E-01  6.538E-01
  376.5000  6.278E-01  6.589E-01  6.736E-01  6.716E-01  6.529E-01
  377.5000  7.477E-01  7.847E-01  8.022E-01  7.998E-01  7.776E-01
  378.5000  8.150E-01  8.553E-01  8.744E-01  8.718E-01  8.475E-01
  379.5000  6.031E-01  6.328E-01  6.469E-01  6.450E-01  6.271E-01
  380.5000  7.254E-01  7.611E-01  7.780E-01  7.757E-01  7.542E-01
  381.5000  6.817E-01  7.153E-01  7.311E-01  7.290E-01  7.088E-01
  382.5000  4.543E-01  4.766E-01  4.872E-01  4.858E-01  4.723E-01
  383.5000  3.990E-01  4.186E-01  4.278E-01  4.266E-01  4.148E-01
  384.5000  5.988E-01  6.282E-01  6.421E-01  6.402E-01  6.226E-01
  385.5000  5.926E-01  6.216E-01  6.353E-01  6.334E-01  6.160E-01
  386.5000  6.041E-01  6.336E-01  6.476E-01  6.457E-01  6.280E-01
  387.5000  5.615E-01  5.889E-01  6.019E-01  6.001E-01  5.837E-01
  388.5000  5.629E-01  5.904E-01  6.033E-01  6.016E-01  5.851E-01
  389.5000  7.100E-01  7.446E-01  7.609E-01  7.587E-01  7.379E-01
  390.5000  6.975E-01  7.314E-01  7.474E-01  7.452E-01  7.249E-01
  391.5000  8.276E-01  8.678E-01  8.868E-01  8.842E-01  8.600E-01
  392.5000  6.207E-01  6.508E-01  6.650E-01  6.631E-01  6.450E-01
  393.5000  2.699E-01  2.830E-01  2.891E-01  2.883E-01  2.804E-01
  394.5000  6.351E-01  6.659E-01  6.804E-01  6.784E-01  6.600E-01
  395.5000  8.173E-01  8.568E-01  8.755E-01  8.730E-01  8.492E-01
  396.5000  4.800E-01  5.032E-01  5.141E-01  5.126E-01  4.987E-01
  397.5000  5.540E-01  5.807E-01  5.933E-01  5.916E-01  5.756E-01
  398.5000  9.521E-01  9.979E-01  1.020E+00  1.017E+00  9.891E-01
  399.5000  9.905E-01  1.038E+00  1.061E+00  1.058E+00  1.029E+00
  400.5000  1.041E+00  1.091E+00  1.115E+00  1.112E+00  1.082E+00
  401.5000  1.072E+00  1.123E+00  1.147E+00  1.144E+00  1.113E+00
  402.5000  1.113E+00  1.166E+00  1.191E+00  1.188E+00  1.156E+00
  403.5000  1.019E+00  1.067E+00  1.090E+00  1.087E+00  1.058E+00
  404.5000  9.993E-01  1.047E+00  1.070E+00  1.067E+00  1.038E+00
  405.5000  1.038E+00  1.088E+00  1.111E+00  1.108E+00  1.078E+00
  406.5000  9.781E-01  1.025E+00  1.047E+00  1.044E+00  1.016E+00
  407.5000  9.862E-01  1.033E+00  1.055E+00  1.052E+00  1.024E+00
  408.5000  1.099E+00  1.151E+00  1.176E+00  1.172E+00  1.141E+00
  409.5000  1.077E+00  1.128E+00  1.153E+00  1.149E+00  1.118E+00
  410.5000  9.342E-01  9.786E-01  9.995E-01  9.967E-01  9.700E-01
  411.5000  1.123E+00  1.176E+00  1.202E+00  1.198E+00  1.166E+00
  412.5000  1.113E+00  1.166E+00  1.191E+00  1.188E+00  1.156E+00
  413.5000  1.080E+00  1.131E+00  1.155E+00  1.152E+00  1.121E+00
  414.5000  1.110E+00  1.163E+00  1.187E+00  1.184E+00  1.153E+00
  415.5000  1.062E+00  1.112E+00  1.136E+00  1.133E+00  1.102E+00
  416.5000  1.156E+00  1.211E+00  1.236E+00  1.233E+00  1.200E+00
  417.5000  1.057E+00  1.107E+00  1.130E+00  1.127E+00  1.097E+00
  418.5000  1.065E+00  1.116E+00  1.139E+00  1.136E+00  1.106E+00
  419.5000  1.101E+00  1.152E+00  1.177E+00  1.174E+00  1.143E+00
------------------------------------------------------------
Dose rates, W m-2
   1 = UV-B, 280-315 nm                                  
   2 = UV-A, 315-400 nm                                  
   3 = Gaussian, 320 nm, 10 nm FWHM                      
   4 = RB Meter, model 501                               
   5 = DNA damage, in vitro (Setlow, 1974)               
   6 = UV index (WMO, 1994; Webb et al., 2011)           
   7 = Previtamin-D3 (CIE 2006)                          
values at z =      0.000 km
Columns: time, sza, weighting spectra
time, hrs.  sza, deg.          1          2          3          4          5          6          7
   11.0000     43.519  1.358E+00  4.517E+01  2.797E-01  3.960E-01  4.286E-03  7.500E+00  3.700E-01
   11.5000     41.122  1.481E+00  4.750E+01  2.971E-01  4.351E-01  4.893E-03  8.276E+00  4.106E-01
   12.0000     39.951  1.541E+00  4.860E+01  3.054E-01  4.540E-01  5.195E-03  8.655E+00  4.303E-01
   12.5000     40.113  1.533E+00  4.845E+01  3.042E-01  4.515E-01  5.156E-03  8.605E+00  4.277E-01
   13.0000     41.590  1.457E+00  4.705E+01  2.938E-01  4.275E-01  4.772E-03  8.124E+00  4.027E-01
------------------------------------------------------------
