Spectral Irradiance, W m-2 nm-1
values at z =      0.000 km
Columns: wavelength (nm), times (hrs.) or sza (deg.)
    wc, nm     11.000     11.500     12.000     12.500     13.000
    sza =      98.725     98.702     98.709     98.748     98.821
  280.5000  0.000E+00  0.000E+00  0.000E+00  0.000E+00  0.000E+00
  281.5000  0.000E+00  0.000E+00  0.000E+00  0.000E+00  0.000E+00
  282.5000  0.000E+00  0.000E+00  0.000E+00  0.000E+00  0.000E+00
  283.5000  0.000E+00  0.000E+00  0.000E+00  0.000E+00  0.000E+00
  284.5000  0.000E+00  0.000E+00  0.000E+00  0.000E+00  0.000E+00
  285.5000  0.000E+00  0.000E+00  0.000E+00  0.000E+00  0.000E+00
  286.5000  0.000E+00  0.000E+00  0.000E+00  0.000E+00  0.000E+00
  287.5000  0.000E+00  0.000E+00  0.000E+00  0.000E+00  0.000E+00
  288.5000  0.000E+00  0.000E+00  0.000E+00  0.000E+00  0.000E+00
  289.5000  0.000E+00  0.000E+00  0.000E+00  0.000E+00  0.000E+00
  290.5000  0.000E+00  0.000E+00  0.000E+00  0.000E+00  0.000E+00
  291.5000  0.000E+00  0.000E+00  0.000E+00  0.000E+00  0.000E+00
  292.5000  0.000E+00  0.000E+00  0.000E+00  0.000E+00  0.000E+00
  293.5000  0.000E+00  0.000E+00  0.000E+00  0.000E+00  0.000E+00
  294.5000  0.000E+00  0.000E+00  0.000E+00  0.000E+00  0.000E+00
  295.5000  0.000E+00  0.000E+00  0.000E+00  0.000E+00  0.000E+00
  296.5000  0.000E+00  0.000E+00  0.000E+00  0.000E+00  0.000E+00
  297.5000  0.000E+00  0.000E+00  0.000E+00  0.000E+00  0.000E+00
  298.5000  0.000E+00  0.000E+00  0.000E+00  0.000E+00  0.000E+00
  299.5000  0.000E+00  0.000E+00  0.000E+00  0.000E+00  0.000E+00
  300.5000  0.000E+00  0.000E+00  0.000E+00  0.000E+00  0.000E+00
  301.5000  0.000E+00  0.000E+00  0.000E+00  0.000E+00  0.000E+00
  302.5000  0.000E+00  0.000E+00  0.000E+00  0.000E+00  0.000E+00
  303.5000  0.000E+00  0.000E+00  0.000E+00  0.000E+00  0.000E+00
  304.5000  1.401E-45  1.401E-45  1.401E-45  0.000E+00  0.000E+00
  305.5000  1.640E-43  9.991E-43  5.479E-43  1.962E-44  0.000E+00
  306.5000  6.115E-42  3.714E-41  2.038E-41  7.315E-43  0.000E+00
  307.5000  4.843E-39  3.023E-38  1.645E-38  5.681E-40  9.529E-44
  308.5000  8.548E-38  5.290E-37  2.888E-37  1.016E-38  1.809E-42
  309.5000  5.692E-36  3.556E-35  1.936E-35  6.748E-37  1.232E-40
  310.5000  1.958E-34  1.221E-33  6.656E-34  2.338E-35  4.487E-39
  311.5000  2.526E-33  1.561E-32  8.534E-33  3.057E-34  6.269E-38
  312.5000  9.538E-32  5.921E-31  3.233E-31  1.156E-32  2.447E-36
  313.5000  3.848E-31  2.344E-30  1.288E-30  4.768E-32  1.103E-35
  314.5000  9.081E-30  5.540E-29  3.044E-29  1.129E-30  2.709E-34
  315.5000  2.434E-29  1.453E-28  8.042E-29  3.101E-30  8.160E-34
  316.5000  3.032E-28  1.804E-27  9.998E-28  3.893E-29  1.074E-32
  317.5000  7.212E-28  4.190E-27  2.340E-27  9.511E-29  2.892E-32
  318.5000  5.799E-27  3.354E-26  1.876E-26  7.713E-28  2.459E-31
  319.5000  1.634E-26  9.265E-26  5.217E-26  2.222E-27  7.711E-31
  320.5000  4.890E-26  2.725E-25  1.543E-25  6.788E-27  2.547E-30
  321.5000  3.424E-25  1.897E-24  1.077E-24  4.799E-26  1.893E-29
  322.5000  1.572E-25  8.423E-25  4.833E-25  2.282E-26  1.011E-29
  323.5000  1.851E-24  9.909E-24  5.688E-24  2.699E-25  1.238E-28
  324.5000  3.176E-24  1.663E-23  9.618E-24  4.744E-25  2.374E-28
  325.5000  4.320E-24  2.213E-23  1.289E-23  6.610E-25  3.602E-28
  326.5000  3.024E-23  1.539E-22  8.984E-23  4.672E-24  2.671E-27
  327.5000  2.842E-23  1.412E-22  8.309E-23  4.507E-24  2.820E-27
  328.5000  4.086E-23  1.994E-22  1.180E-22  6.610E-24  4.450E-27
  329.5000  2.113E-22  1.022E-21  6.066E-22  3.461E-23  2.459E-26
  330.5000  1.945E-22  9.195E-22  5.500E-22  3.264E-23  2.523E-26
  331.5000  2.661E-22  1.235E-21  7.432E-22  4.556E-23  3.789E-26
  332.5000  7.815E-22  3.587E-21  2.166E-21  1.356E-22  1.193E-25
  333.5000  8.089E-22  3.638E-21  2.212E-21  1.435E-22  1.363E-25
  334.5000  1.551E-21  6.869E-21  4.198E-21  2.799E-22  2.836E-25
  335.5000  3.196E-21  1.396E-20  8.571E-21  5.861E-22  6.316E-25
  336.5000  3.303E-21  1.418E-20  8.756E-21  6.174E-22  7.124E-25
  337.5000  4.165E-21  1.756E-20  1.091E-20  7.943E-22  9.840E-25
  338.5000  8.922E-21  3.713E-20  2.316E-20  1.726E-21  2.264E-24
  339.5000  1.452E-20  5.954E-20  3.733E-20  2.859E-21  3.988E-24
  340.5000  1.948E-20  7.854E-20  4.951E-20  3.905E-21  5.819E-24
  341.5000  2.915E-20  1.159E-19  7.341E-20  5.934E-21  9.371E-24
  342.5000  4.689E-20  1.838E-19  1.169E-19  9.702E-21  1.626E-23
  343.5000  6.422E-20  2.479E-19  1.585E-19  1.351E-20  2.408E-23
  344.5000  5.864E-20  2.229E-19  1.433E-19  1.255E-20  2.376E-23
  345.5000  1.318E-19  4.947E-19  3.193E-19  2.860E-20  5.711E-23
  346.5000  1.534E-19  5.673E-19  3.680E-19  3.387E-20  7.187E-23
  347.5000  2.081E-19  7.590E-19  4.946E-19  4.665E-20  1.047E-22
  348.5000  3.239E-19  1.166E-18  7.629E-19  7.368E-20  1.746E-22
  349.5000  3.670E-19  1.303E-18  8.565E-19  8.473E-20  2.121E-22
  350.5000  7.007E-19  2.455E-18  1.621E-18  1.642E-19  4.335E-22
  351.5000  8.018E-19  2.773E-18  1.839E-18  1.906E-19  5.309E-22
  352.5000  9.808E-19  3.349E-18  2.230E-18  2.365E-19  6.938E-22
  353.5000  1.605E-18  5.412E-18  3.618E-18  3.923E-19  1.211E-21
  354.5000  2.343E-18  7.805E-18  5.240E-18  5.808E-19  1.886E-21
  355.5000  2.901E-18  9.545E-18  6.434E-18  7.289E-19  2.489E-21
  356.5000  3.543E-18  1.152E-17  7.793E-18  9.022E-19  3.236E-21
  357.5000  3.940E-18  1.265E-17  8.598E-18  1.017E-18  3.829E-21
  358.5000  4.004E-18  1.271E-17  8.669E-18  1.047E-18  4.135E-21
  359.5000  8.771E-18  2.752E-17  1.884E-17  2.323E-18  9.620E-21
  360.5000  1.055E-17  3.274E-17  2.250E-17  2.830E-18  1.228E-20
  361.5000  1.235E-17  3.790E-17  2.614E-17  3.355E-18  1.524E-20
  362.5000  1.873E-17  5.682E-17  3.933E-17  5.149E-18  2.448E-20
  363.5000  2.139E-17  6.418E-17  4.459E-17  5.952E-18  2.959E-20
  364.5000  2.977E-17  8.837E-17  6.162E-17  8.386E-18  4.357E-20
  365.5000  4.608E-17  1.353E-16  9.469E-17  1.313E-17  7.128E-20
  366.5000  6.203E-17  1.803E-16  1.266E-16  1.789E-17  1.013E-19
  367.5000  7.468E-17  2.148E-16  1.513E-16  2.179E-17  1.288E-19
  368.5000  8.267E-17  2.354E-16  1.664E-16  2.439E-17  1.503E-19
  369.5000  1.246E-16  3.512E-16  2.491E-16  3.718E-17  2.387E-19
  370.5000  1.415E-16  3.949E-16  2.810E-16  4.270E-17  2.856E-19
  371.5000  2.022E-16  5.588E-16  3.990E-16  6.168E-17  4.295E-19
  372.5000  1.860E-16  5.090E-16  3.646E-16  5.734E-17  4.154E-19
  373.5000  2.084E-16  5.649E-16  4.059E-16  6.493E-17  4.892E-19
  374.5000  2.827E-16  7.592E-16  5.472E-16  8.901E-17  6.971E-19
  375.5000  3.936E-16  1.047E-15  7.570E-16  1.252E-16  1.019E-18
  376.5000  4.834E-16  1.275E-15  9.241E-16  1.554E-16  1.312E-18
  377.5000  7.059E-16  1.844E-15  1.341E-15  2.292E-16  2.009E-18
  378.5000  9.403E-16  2.435E-15  1.776E-15  3.083E-16  2.804E-18
  379.5000  8.478E-16  2.176E-15  1.592E-15  2.807E-16  2.647E-18
  380.5000  1.240E-15  3.155E-15  2.315E-15  4.145E-16  4.051E-18
  381.5000  1.413E-15  3.565E-15  2.623E-15  4.769E-16  4.829E-18
  382.5000  1.139E-15  2.849E-15  2.102E-15  3.880E-16  4.068E-18
  383.5000  1.206E-15  2.992E-15  2.213E-15  4.147E-16  4.500E-18
  384.5000  2.177E-15  5.358E-15  3.974E-15  7.558E-16  8.485E-18
  385.5000  2.586E-15  6.311E-15  4.694E-15  9.057E-16  1.051E-17
  386.5000  3.156E-15  7.641E-15  5.698E-15  1.115E-15  1.338E-17
  387.5000  3.502E-15  8.413E-15  6.290E-15  1.249E-15  1.549E-17
  388.5000  4.182E-15  9.968E-15  7.472E-15  1.504E-15  1.927E-17
  389.5000  6.269E-15  1.483E-14  1.114E-14  2.274E-15  3.007E-17
  390.5000  7.303E-15  1.714E-14  1.291E-14  2.672E-15  3.647E-17
  391.5000  1.025E-14  2.388E-14  1.804E-14  3.782E-15  5.326E-17
  392.5000  9.076E-15  2.099E-14  1.589E-14  3.376E-15  4.903E-17
  393.5000  4.648E-15  1.067E-14  8.097E-15  1.743E-15  2.610E-17
  394.5000  1.285E-14  2.929E-14  2.228E-14  4.859E-15  7.497E-17
  395.5000  1.939E-14  4.388E-14  3.346E-14  7.392E-15  1.175E-16
  396.5000  1.333E-14  2.995E-14  2.289E-14  5.121E-15  8.382E-17
  397.5000  1.797E-14  4.010E-14  3.072E-14  6.958E-15  1.172E-16
  398.5000  3.601E-14  7.979E-14  6.127E-14  1.405E-14  2.436E-16
  399.5000  4.357E-14  9.590E-14  7.380E-14  1.713E-14  3.055E-16
  400.5000  5.318E-14  1.163E-13  8.967E-14  2.106E-14  3.864E-16
  401.5000  6.339E-14  1.377E-13  1.064E-13  2.529E-14  4.770E-16
  402.5000  7.611E-14  1.642E-13  1.272E-13  3.059E-14  5.930E-16
  403.5000  8.043E-14  1.724E-13  1.338E-13  3.256E-14  6.485E-16
  404.5000  9.092E-14  1.937E-13  1.507E-13  3.707E-14  7.583E-16
  405.5000  1.086E-13  2.300E-13  1.793E-13  4.462E-14  9.370E-16
  406.5000  1.175E-13  2.471E-13  1.930E-13  4.858E-14  1.047E-15
  407.5000  1.357E-13  2.836E-13  2.220E-13  5.649E-14  1.250E-15
  408.5000  1.728E-13  3.590E-13  2.816E-13  7.244E-14  1.644E-15
  409.5000  1.934E-13  3.995E-13  3.139E-13  8.163E-14  1.900E-15
  410.5000  1.912E-13  3.926E-13  3.092E-13  8.126E-14  1.939E-15
  411.5000  2.618E-13  5.343E-13  4.215E-13  1.120E-13  2.738E-15
  412.5000  2.950E-13  5.987E-13  4.732E-13  1.270E-13  3.183E-15
  413.5000  3.248E-13  6.553E-13  5.189E-13  1.407E-13  3.613E-15
  414.5000  3.781E-13  7.586E-13  6.019E-13  1.649E-13  4.335E-15
  415.5000  4.089E-13  8.157E-13  6.484E-13  1.794E-13  4.830E-15
  416.5000  5.022E-13  9.965E-13  7.935E-13  2.217E-13  6.111E-15
  417.5000  5.176E-13  1.021E-12  8.148E-13  2.299E-13  6.485E-15
  418.5000  5.874E-13  1.153E-12  9.214E-13  2.625E-13  7.576E-15
  419.5000  6.825E-13  1.332E-12  1.067E-12  3.068E-13  9.057E-15
------------------------------------------------------------
Dose rates, W m-2
   1 = UV-B, 280-315 nm                                  
   2 = UV-A, 315-400 nm                                  
   3 = Gaussian, 320 nm, 10 nm FWHM                      
   4 = RB Meter, model 501                               
   5 = DNA damage, in vitro (Setlow, 1974)               
   6 = UV index (WMO, 1994; Webb et al., 2011)           
   7 = Previtamin-D3 (CIE 2006)                          
values at z =      0.000 km
Columns: time, sza, weighting spectra
time, hrs.  sza, deg.          1          2          3          4          5          6          7
   11.0000     98.725  9.564E-30  2.062E-13  8.238E-24  3.305E-19  1.733E-22  1.264E-15  5.049E-26
   11.5000     98.702  5.835E-29  4.697E-13  3.916E-23  8.892E-19  5.426E-22  2.907E-15  2.513E-25
   12.0000     98.709  3.206E-29  3.573E-13  2.337E-23  6.402E-19  3.717E-22  2.204E-15  1.478E-25
   12.5000     98.748  1.189E-30  7.814E-14  1.378E-24  1.042E-19  4.615E-23  4.745E-16  8.009E-27
   13.0000     98.821  2.844E-34  1.235E-15  1.093E-27  8.413E-22  1.987E-25  7.286E-18  5.097E-30
------------------------------------------------------------
