Spectral Irradiance, W m-2 nm-1
values at z =      0.000 km
Columns: wavelength (nm), times (hrs.) or sza (deg.)
    wc, nm     11.000     11.500     12.000     12.500     13.000
    sza =      54.570     53.846     53.611     53.873     54.620
  280.5000  1.208E-32  3.816E-32  5.479E-32  3.660E-32  1.135E-32
  281.5000  1.818E-29  5.088E-29  7.065E-29  4.897E-29  1.691E-29
  282.5000  6.558E-27  1.679E-26  2.266E-26  1.622E-26  6.138E-27
  283.5000  2.716E-25  6.564E-25  8.697E-25  6.353E-25  2.540E-25
  284.5000  1.455E-22  3.166E-22  4.055E-22  3.075E-22  1.377E-22
  285.5000  9.473E-21  1.907E-20  2.382E-20  1.858E-20  9.016E-21
  286.5000  1.056E-18  2.004E-18  2.458E-18  1.957E-18  1.010E-18
  287.5000  7.311E-17  1.299E-16  1.559E-16  1.271E-16  7.019E-17
  288.5000  5.474E-15  9.058E-15  1.063E-14  8.890E-15  5.285E-15
  289.5000  2.077E-13  3.265E-13  3.770E-13  3.211E-13  2.007E-13
  290.5000  4.219E-12  6.356E-12  7.238E-12  6.260E-12  4.075E-12
  291.5000  8.353E-11  1.199E-10  1.344E-10  1.183E-10  8.140E-11
  292.5000  8.981E-10  1.224E-09  1.372E-09  1.224E-09  8.751E-10
  293.5000  1.058E-08  1.406E-08  1.539E-08  1.392E-08  1.034E-08
  294.5000  6.015E-08  7.791E-08  8.449E-08  7.718E-08  5.911E-08
  295.5000  4.856E-07  6.096E-07  6.546E-07  6.045E-07  4.791E-07
  296.5000  2.231E-06  2.728E-06  2.906E-06  2.708E-06  2.203E-06
  297.5000  9.998E-06  1.194E-05  1.262E-05  1.186E-05  9.873E-06
  298.5000  2.433E-05  2.845E-05  2.997E-05  2.833E-05  2.406E-05
  299.5000  1.064E-04  1.224E-04  1.280E-04  1.218E-04  1.053E-04
  300.5000  1.668E-04  1.894E-04  1.972E-04  1.885E-04  1.653E-04
  301.5000  5.789E-04  6.476E-04  6.710E-04  6.449E-04  5.742E-04
  302.5000  1.040E-03  1.152E-03  1.191E-03  1.148E-03  1.033E-03
  303.5000  2.734E-03  2.995E-03  3.083E-03  2.985E-03  2.716E-03
  304.5000  3.839E-03  4.172E-03  4.292E-03  4.165E-03  3.816E-03
  305.5000  7.352E-03  7.923E-03  8.113E-03  7.901E-03  7.312E-03
  306.5000  9.010E-03  9.669E-03  9.890E-03  9.645E-03  8.965E-03
  307.5000  1.764E-02  1.879E-02  1.912E-02  1.874E-02  1.757E-02
  308.5000  2.222E-02  2.357E-02  2.400E-02  2.354E-02  2.213E-02
  309.5000  2.396E-02  2.529E-02  2.573E-02  2.524E-02  2.387E-02
  310.5000  3.768E-02  3.963E-02  4.027E-02  3.955E-02  3.754E-02
  311.5000  5.331E-02  5.593E-02  5.679E-02  5.583E-02  5.313E-02
  312.5000  6.152E-02  6.425E-02  6.514E-02  6.415E-02  6.133E-02
  313.5000  7.268E-02  7.582E-02  7.685E-02  7.570E-02  7.245E-02
  314.5000  8.376E-02  8.705E-02  8.813E-02  8.693E-02  8.353E-02
  315.5000  8.868E-02  9.211E-02  9.323E-02  9.198E-02  8.844E-02
  316.5000  9.858E-02  1.021E-01  1.032E-01  1.020E-01  9.833E-02
  317.5000  1.397E-01  1.447E-01  1.463E-01  1.445E-01  1.393E-01
  318.5000  1.215E-01  1.255E-01  1.268E-01  1.253E-01  1.212E-01
  319.5000  1.512E-01  1.561E-01  1.577E-01  1.559E-01  1.509E-01
  320.5000  1.885E-01  1.944E-01  1.964E-01  1.942E-01  1.881E-01
  321.5000  1.753E-01  1.803E-01  1.820E-01  1.801E-01  1.749E-01
  322.5000  1.649E-01  1.700E-01  1.717E-01  1.698E-01  1.646E-01
  323.5000  1.895E-01  1.948E-01  1.965E-01  1.946E-01  1.891E-01
  324.5000  2.218E-01  2.280E-01  2.300E-01  2.277E-01  2.213E-01
  325.5000  2.454E-01  2.523E-01  2.546E-01  2.520E-01  2.449E-01
  326.5000  3.194E-01  3.278E-01  3.305E-01  3.275E-01  3.188E-01
  327.5000  2.910E-01  2.988E-01  3.013E-01  2.985E-01  2.904E-01
  328.5000  2.691E-01  2.764E-01  2.787E-01  2.761E-01  2.686E-01
  329.5000  3.681E-01  3.774E-01  3.804E-01  3.770E-01  3.674E-01
  330.5000  3.278E-01  3.363E-01  3.390E-01  3.359E-01  3.272E-01
  331.5000  3.228E-01  3.311E-01  3.339E-01  3.308E-01  3.222E-01
  332.5000  3.303E-01  3.385E-01  3.412E-01  3.382E-01  3.297E-01
  333.5000  3.057E-01  3.134E-01  3.159E-01  3.131E-01  3.052E-01
  334.5000  3.447E-01  3.533E-01  3.561E-01  3.530E-01  3.441E-01
  335.5000  3.560E-01  3.646E-01  3.675E-01  3.643E-01  3.553E-01
  336.5000  2.771E-01  2.839E-01  2.861E-01  2.836E-01  2.766E-01
  337.5000  3.007E-01  3.081E-01  3.106E-01  3.079E-01  3.001E-01
  338.5000  3.235E-01  3.314E-01  3.339E-01  3.311E-01  3.230E-01
  339.5000  3.528E-01  3.614E-01  3.641E-01  3.610E-01  3.522E-01
  340.5000  3.750E-01  3.842E-01  3.871E-01  3.838E-01  3.744E-01
  341.5000  3.365E-01  3.446E-01  3.472E-01  3.442E-01  3.359E-01
  342.5000  3.736E-01  3.826E-01  3.855E-01  3.823E-01  3.730E-01
  343.5000  3.872E-01  3.965E-01  3.995E-01  3.961E-01  3.865E-01
  344.5000  2.706E-01  2.771E-01  2.792E-01  2.769E-01  2.702E-01
  345.5000  3.744E-01  3.833E-01  3.861E-01  3.829E-01  3.737E-01
  346.5000  3.486E-01  3.569E-01  3.596E-01  3.566E-01  3.480E-01
  347.5000  3.411E-01  3.492E-01  3.518E-01  3.489E-01  3.405E-01
  348.5000  3.758E-01  3.848E-01  3.876E-01  3.844E-01  3.752E-01
  349.5000  3.151E-01  3.226E-01  3.250E-01  3.223E-01  3.146E-01
  350.5000  4.417E-01  4.521E-01  4.555E-01  4.517E-01  4.409E-01
  351.5000  3.806E-01  3.896E-01  3.926E-01  3.893E-01  3.800E-01
  352.5000  3.437E-01  3.518E-01  3.545E-01  3.515E-01  3.431E-01
  353.5000  4.144E-01  4.242E-01  4.273E-01  4.238E-01  4.137E-01
  354.5000  4.492E-01  4.597E-01  4.631E-01  4.593E-01  4.484E-01
  355.5000  4.201E-01  4.299E-01  4.331E-01  4.295E-01  4.194E-01
  356.5000  3.900E-01  3.992E-01  4.021E-01  3.988E-01  3.894E-01
  357.5000  3.318E-01  3.396E-01  3.421E-01  3.393E-01  3.313E-01
  358.5000  2.563E-01  2.623E-01  2.642E-01  2.621E-01  2.559E-01
  359.5000  4.316E-01  4.417E-01  4.449E-01  4.413E-01  4.309E-01
  360.5000  4.003E-01  4.097E-01  4.127E-01  4.093E-01  3.997E-01
  361.5000  3.612E-01  3.696E-01  3.723E-01  3.693E-01  3.606E-01
  362.5000  4.245E-01  4.344E-01  4.375E-01  4.340E-01  4.238E-01
  363.5000  3.779E-01  3.866E-01  3.895E-01  3.863E-01  3.772E-01
  364.5000  4.124E-01  4.220E-01  4.250E-01  4.216E-01  4.117E-01
  365.5000  5.028E-01  5.144E-01  5.181E-01  5.139E-01  5.019E-01
  366.5000  5.325E-01  5.447E-01  5.487E-01  5.443E-01  5.316E-01
  367.5000  5.059E-01  5.176E-01  5.213E-01  5.171E-01  5.051E-01
  368.5000  4.447E-01  4.549E-01  4.582E-01  4.545E-01  4.439E-01
  369.5000  5.337E-01  5.459E-01  5.499E-01  5.455E-01  5.328E-01
  370.5000  4.845E-01  4.956E-01  4.992E-01  4.951E-01  4.837E-01
  371.5000  5.546E-01  5.674E-01  5.714E-01  5.669E-01  5.537E-01
  372.5000  4.099E-01  4.193E-01  4.223E-01  4.189E-01  4.093E-01
  373.5000  3.707E-01  3.792E-01  3.819E-01  3.789E-01  3.701E-01
  374.5000  4.071E-01  4.164E-01  4.194E-01  4.160E-01  4.064E-01
  375.5000  4.596E-01  4.700E-01  4.734E-01  4.696E-01  4.588E-01
  376.5000  4.592E-01  4.696E-01  4.730E-01  4.692E-01  4.584E-01
  377.5000  5.471E-01  5.595E-01  5.635E-01  5.590E-01  5.462E-01
  378.5000  5.966E-01  6.101E-01  6.145E-01  6.096E-01  5.956E-01
  379.5000  4.416E-01  4.516E-01  4.548E-01  4.512E-01  4.409E-01
  380.5000  5.314E-01  5.434E-01  5.472E-01  5.429E-01  5.305E-01
  381.5000  4.996E-01  5.108E-01  5.145E-01  5.104E-01  4.987E-01
  382.5000  3.331E-01  3.406E-01  3.430E-01  3.403E-01  3.325E-01
  383.5000  2.926E-01  2.992E-01  3.013E-01  2.989E-01  2.921E-01
  384.5000  4.393E-01  4.492E-01  4.524E-01  4.488E-01  4.386E-01
  385.5000  4.349E-01  4.447E-01  4.478E-01  4.443E-01  4.342E-01
  386.5000  4.435E-01  4.535E-01  4.567E-01  4.531E-01  4.428E-01
  387.5000  4.124E-01  4.216E-01  4.246E-01  4.213E-01  4.117E-01
  388.5000  4.136E-01  4.228E-01  4.258E-01  4.225E-01  4.129E-01
  389.5000  5.218E-01  5.335E-01  5.372E-01  5.330E-01  5.210E-01
  390.5000  5.128E-01  5.242E-01  5.279E-01  5.238E-01  5.120E-01
  391.5000  6.087E-01  6.222E-01  6.266E-01  6.217E-01  6.077E-01
  392.5000  4.567E-01  4.668E-01  4.701E-01  4.664E-01  4.559E-01
  393.5000  1.986E-01  2.030E-01  2.045E-01  2.029E-01  1.983E-01
  394.5000  4.676E-01  4.780E-01  4.814E-01  4.776E-01  4.669E-01
  395.5000  6.020E-01  6.153E-01  6.196E-01  6.148E-01  6.010E-01
  396.5000  3.537E-01  3.615E-01  3.640E-01  3.612E-01  3.531E-01
  397.5000  4.083E-01  4.173E-01  4.202E-01  4.170E-01  4.076E-01
  398.5000  7.019E-01  7.174E-01  7.224E-01  7.168E-01  7.008E-01
  399.5000  7.305E-01  7.466E-01  7.518E-01  7.460E-01  7.293E-01
  400.5000  7.683E-01  7.853E-01  7.907E-01  7.846E-01  7.671E-01
  401.5000  7.909E-01  8.083E-01  8.139E-01  8.076E-01  7.896E-01
  402.5000  8.215E-01  8.395E-01  8.453E-01  8.388E-01  8.202E-01
  403.5000  7.523E-01  7.688E-01  7.741E-01  7.681E-01  7.511E-01
  404.5000  7.382E-01  7.543E-01  7.596E-01  7.537E-01  7.370E-01
  405.5000  7.672E-01  7.840E-01  7.894E-01  7.833E-01  7.660E-01
  406.5000  7.229E-01  7.387E-01  7.438E-01  7.381E-01  7.218E-01
  407.5000  7.292E-01  7.451E-01  7.502E-01  7.445E-01  7.280E-01
  408.5000  8.125E-01  8.302E-01  8.359E-01  8.295E-01  8.112E-01
  409.5000  7.968E-01  8.142E-01  8.198E-01  8.135E-01  7.956E-01
  410.5000  6.913E-01  7.064E-01  7.112E-01  7.058E-01  6.902E-01
  411.5000  8.313E-01  8.494E-01  8.552E-01  8.487E-01  8.300E-01
  412.5000  8.244E-01  8.423E-01  8.480E-01  8.416E-01  8.231E-01
  413.5000  7.999E-01  8.173E-01  8.228E-01  8.166E-01  7.987E-01
  414.5000  8.225E-01  8.403E-01  8.461E-01  8.396E-01  8.212E-01
  415.5000  7.870E-01  8.041E-01  8.096E-01  8.034E-01  7.858E-01
  416.5000  8.569E-01  8.754E-01  8.814E-01  8.747E-01  8.556E-01
  417.5000  7.837E-01  8.006E-01  8.061E-01  8.000E-01  7.825E-01
  418.5000  7.902E-01  8.073E-01  8.127E-01  8.066E-01  7.890E-01
  419.5000  8.167E-01  8.342E-01  8.399E-01  8.336E-01  8.154E-01
------------------------------------------------------------
Dose rates, W m-2
   1 = UV-B, 280-315 nm                                  
   2 = UV-A, 315-400 nm                                  
   3 = Gaussian, 320 nm, 10 nm FWHM                      
   4 = RB Meter, model 501                               
   5 = DNA damage, in vitro (Setlow, 1974)               
   6 = UV index (WMO, 1994; Webb et al., 2011)           
   7 = Previtamin-D3 (CIE 2006)                          
values at z =      0.000 km
Columns: time, sza, weighting spectra
time, hrs.  sza, deg.          1          2          3          4          5          6          7
   11.0000     54.570  3.976E-01  3.222E+01  1.600E-01  1.131E-01  5.976E-04  2.217E+00  7.585E-02
   11.5000     53.846  4.172E-01  3.298E+01  1.649E-01  1.183E-01  6.333E-04  2.310E+00  8.016E-02
   12.0000     53.611  4.236E-01  3.323E+01  1.665E-01  1.200E-01  6.452E-04  2.341E+00  8.157E-02
   12.5000     53.873  4.165E-01  3.296E+01  1.647E-01  1.181E-01  6.321E-04  2.307E+00  8.001E-02
   13.0000     54.620  3.963E-01  3.217E+01  1.596E-01  1.127E-01  5.951E-04  2.210E+00  7.555E-02
------------------------------------------------------------
