Spectral Irradiance, W m-2 nm-1
values at z =      0.000 km
Columns: wavelength (nm), times (hrs.) or sza (deg.)
    wc, nm     11.000     11.500     12.000     12.500     13.000
    sza =      35.014     33.075     32.315     32.821     34.538
  280.5000  6.123E-17  1.347E-16  1.799E-16  1.485E-16  7.481E-17
  281.5000  3.291E-15  6.750E-15  8.786E-15  7.378E-15  3.950E-15
  282.5000  6.900E-14  1.333E-13  1.697E-13  1.446E-13  8.156E-14
  283.5000  4.514E-13  8.382E-13  1.052E-12  9.052E-13  5.283E-13
  284.5000  8.339E-12  1.442E-11  1.763E-11  1.543E-11  9.582E-12
  285.5000  4.512E-11  7.404E-11  8.881E-11  7.550E-11  5.117E-11
  286.5000  7.452E-10  1.174E-09  1.388E-09  1.243E-09  8.365E-10
  287.5000  6.195E-09  9.336E-09  1.085E-08  9.823E-09  6.876E-09
  288.5000  4.649E-08  6.673E-08  7.621E-08  6.979E-08  5.096E-08
  289.5000  3.407E-07  4.723E-07  5.325E-07  4.918E-07  3.702E-07
  290.5000  1.739E-06  2.340E-06  2.611E-06  2.428E-06  1.875E-06
  291.5000  7.200E-06  9.376E-06  1.033E-05  9.688E-06  7.699E-06
  292.5000  2.153E-05  2.729E-05  2.978E-05  2.810E-05  2.287E-05
  293.5000  7.617E-05  9.409E-05  1.017E-04  9.659E-05  8.037E-05
  294.5000  1.696E-04  2.054E-04  2.203E-04  2.103E-04  1.780E-04
  295.5000  5.040E-04  5.974E-04  6.360E-04  6.102E-04  5.262E-04
  296.5000  1.011E-03  1.177E-03  1.245E-03  1.200E-03  1.051E-03
  297.5000  2.189E-03  2.510E-03  2.640E-03  2.553E-03  2.266E-03
  298.5000  2.892E-03  3.274E-03  3.428E-03  3.325E-03  2.985E-03
  299.5000  7.109E-03  7.950E-03  8.284E-03  8.061E-03  7.314E-03
  300.5000  7.181E-03  7.955E-03  8.261E-03  8.057E-03  7.370E-03
  301.5000  1.546E-02  1.695E-02  1.754E-02  1.715E-02  1.582E-02
  302.5000  2.032E-02  2.214E-02  2.285E-02  2.238E-02  2.077E-02
  303.5000  3.694E-02  3.992E-02  4.109E-02  4.031E-02  3.768E-02
  304.5000  4.194E-02  4.512E-02  4.636E-02  4.554E-02  4.273E-02
  305.5000  5.856E-02  6.258E-02  6.414E-02  6.310E-02  5.956E-02
  306.5000  6.267E-02  6.677E-02  6.836E-02  6.731E-02  6.368E-02
  307.5000  9.465E-02  1.003E-01  1.025E-01  1.010E-01  9.605E-02
  308.5000  1.079E-01  1.141E-01  1.165E-01  1.149E-01  1.094E-01
  309.5000  9.805E-02  1.033E-01  1.053E-01  1.040E-01  9.935E-02
  310.5000  1.365E-01  1.434E-01  1.461E-01  1.443E-01  1.382E-01
  311.5000  1.782E-01  1.869E-01  1.902E-01  1.880E-01  1.804E-01
  312.5000  1.783E-01  1.865E-01  1.896E-01  1.875E-01  1.803E-01
  313.5000  2.035E-01  2.127E-01  2.161E-01  2.138E-01  2.058E-01
  314.5000  2.078E-01  2.165E-01  2.198E-01  2.176E-01  2.099E-01
  315.5000  2.154E-01  2.244E-01  2.278E-01  2.255E-01  2.176E-01
  316.5000  2.180E-01  2.266E-01  2.299E-01  2.277E-01  2.202E-01
  317.5000  3.084E-01  3.206E-01  3.252E-01  3.221E-01  3.115E-01
  318.5000  2.462E-01  2.554E-01  2.589E-01  2.565E-01  2.485E-01
  319.5000  3.012E-01  3.124E-01  3.166E-01  3.138E-01  3.040E-01
  320.5000  3.678E-01  3.812E-01  3.863E-01  3.829E-01  3.711E-01
  321.5000  3.162E-01  3.272E-01  3.314E-01  3.286E-01  3.190E-01
  322.5000  3.155E-01  3.268E-01  3.312E-01  3.283E-01  3.183E-01
  323.5000  3.298E-01  3.409E-01  3.452E-01  3.424E-01  3.326E-01
  324.5000  3.869E-01  4.000E-01  4.050E-01  4.017E-01  3.902E-01
  325.5000  4.329E-01  4.477E-01  4.533E-01  4.496E-01  4.366E-01
  326.5000  5.286E-01  5.459E-01  5.525E-01  5.481E-01  5.330E-01
  327.5000  4.910E-01  5.073E-01  5.135E-01  5.094E-01  4.950E-01
  328.5000  4.535E-01  4.684E-01  4.741E-01  4.704E-01  4.572E-01
  329.5000  5.913E-01  6.102E-01  6.174E-01  6.126E-01  5.960E-01
  330.5000  5.364E-01  5.538E-01  5.603E-01  5.560E-01  5.408E-01
  331.5000  5.299E-01  5.470E-01  5.535E-01  5.492E-01  5.342E-01
  332.5000  5.238E-01  5.404E-01  5.467E-01  5.425E-01  5.280E-01
  333.5000  4.915E-01  5.071E-01  5.131E-01  5.091E-01  4.954E-01
  334.5000  5.496E-01  5.670E-01  5.736E-01  5.692E-01  5.540E-01
  335.5000  5.581E-01  5.755E-01  5.821E-01  5.777E-01  5.624E-01
  336.5000  4.361E-01  4.497E-01  4.549E-01  4.515E-01  4.395E-01
  337.5000  4.782E-01  4.932E-01  4.989E-01  4.951E-01  4.820E-01
  338.5000  5.056E-01  5.213E-01  5.272E-01  5.233E-01  5.095E-01
  339.5000  5.498E-01  5.667E-01  5.732E-01  5.689E-01  5.540E-01
  340.5000  5.874E-01  6.056E-01  6.125E-01  6.080E-01  5.920E-01
  341.5000  5.221E-01  5.382E-01  5.443E-01  5.403E-01  5.262E-01
  342.5000  5.785E-01  5.963E-01  6.030E-01  5.985E-01  5.830E-01
  343.5000  6.008E-01  6.192E-01  6.262E-01  6.215E-01  6.054E-01
  344.5000  4.209E-01  4.339E-01  4.388E-01  4.355E-01  4.242E-01
  345.5000  5.771E-01  5.947E-01  6.014E-01  5.970E-01  5.815E-01
  346.5000  5.396E-01  5.561E-01  5.624E-01  5.582E-01  5.438E-01
  347.5000  5.273E-01  5.433E-01  5.494E-01  5.454E-01  5.313E-01
  348.5000  5.796E-01  5.972E-01  6.038E-01  5.994E-01  5.840E-01
  349.5000  4.857E-01  5.004E-01  5.060E-01  5.023E-01  4.894E-01
  350.5000  6.800E-01  7.006E-01  7.084E-01  7.032E-01  6.851E-01
  351.5000  5.860E-01  6.037E-01  6.104E-01  6.060E-01  5.904E-01
  352.5000  5.285E-01  5.444E-01  5.505E-01  5.465E-01  5.325E-01
  353.5000  6.362E-01  6.553E-01  6.626E-01  6.578E-01  6.410E-01
  354.5000  6.885E-01  7.092E-01  7.170E-01  7.118E-01  6.937E-01
  355.5000  6.434E-01  6.627E-01  6.700E-01  6.652E-01  6.482E-01
  356.5000  5.970E-01  6.149E-01  6.217E-01  6.172E-01  6.015E-01
  357.5000  5.076E-01  5.228E-01  5.286E-01  5.248E-01  5.114E-01
  358.5000  3.917E-01  4.034E-01  4.078E-01  4.049E-01  3.946E-01
  359.5000  6.592E-01  6.788E-01  6.863E-01  6.813E-01  6.641E-01
  360.5000  6.109E-01  6.291E-01  6.360E-01  6.314E-01  6.155E-01
  361.5000  5.508E-01  5.671E-01  5.733E-01  5.692E-01  5.549E-01
  362.5000  6.467E-01  6.659E-01  6.732E-01  6.684E-01  6.515E-01
  363.5000  5.753E-01  5.923E-01  5.987E-01  5.945E-01  5.795E-01
  364.5000  6.275E-01  6.460E-01  6.531E-01  6.484E-01  6.321E-01
  365.5000  7.645E-01  7.871E-01  7.956E-01  7.900E-01  7.702E-01
  366.5000  8.091E-01  8.329E-01  8.419E-01  8.359E-01  8.150E-01
  367.5000  7.681E-01  7.907E-01  7.993E-01  7.936E-01  7.738E-01
  368.5000  6.747E-01  6.945E-01  7.021E-01  6.971E-01  6.797E-01
  369.5000  8.093E-01  8.330E-01  8.420E-01  8.360E-01  8.152E-01
  370.5000  7.341E-01  7.557E-01  7.638E-01  7.584E-01  7.395E-01
  371.5000  8.399E-01  8.645E-01  8.738E-01  8.677E-01  8.461E-01
  372.5000  6.204E-01  6.385E-01  6.454E-01  6.408E-01  6.249E-01
  373.5000  5.607E-01  5.771E-01  5.833E-01  5.792E-01  5.648E-01
  374.5000  6.154E-01  6.333E-01  6.401E-01  6.356E-01  6.199E-01
  375.5000  6.942E-01  7.144E-01  7.221E-01  7.170E-01  6.993E-01
  376.5000  6.932E-01  7.133E-01  7.210E-01  7.159E-01  6.982E-01
  377.5000  8.254E-01  8.493E-01  8.584E-01  8.524E-01  8.314E-01
  378.5000  8.995E-01  9.256E-01  9.355E-01  9.289E-01  9.061E-01
  379.5000  6.655E-01  6.847E-01  6.920E-01  6.872E-01  6.703E-01
  380.5000  8.003E-01  8.234E-01  8.321E-01  8.263E-01  8.061E-01
  381.5000  7.519E-01  7.736E-01  7.819E-01  7.764E-01  7.574E-01
  382.5000  5.010E-01  5.154E-01  5.209E-01  5.173E-01  5.046E-01
  383.5000  4.399E-01  4.526E-01  4.574E-01  4.542E-01  4.431E-01
  384.5000  6.602E-01  6.791E-01  6.863E-01  6.815E-01  6.649E-01
  385.5000  6.531E-01  6.718E-01  6.789E-01  6.742E-01  6.578E-01
  386.5000  6.657E-01  6.848E-01  6.920E-01  6.872E-01  6.705E-01
  387.5000  6.186E-01  6.363E-01  6.430E-01  6.386E-01  6.231E-01
  388.5000  6.200E-01  6.378E-01  6.445E-01  6.400E-01  6.245E-01
  389.5000  7.819E-01  8.042E-01  8.127E-01  8.071E-01  7.875E-01
  390.5000  7.680E-01  7.899E-01  7.981E-01  7.926E-01  7.735E-01
  391.5000  9.110E-01  9.370E-01  9.468E-01  9.403E-01  9.175E-01
  392.5000  6.831E-01  7.026E-01  7.099E-01  7.050E-01  6.880E-01
  393.5000  2.970E-01  3.054E-01  3.086E-01  3.065E-01  2.991E-01
  394.5000  6.988E-01  7.186E-01  7.261E-01  7.212E-01  7.038E-01
  395.5000  8.991E-01  9.246E-01  9.342E-01  9.278E-01  9.055E-01
  396.5000  5.279E-01  5.429E-01  5.485E-01  5.448E-01  5.317E-01
  397.5000  6.092E-01  6.264E-01  6.329E-01  6.286E-01  6.135E-01
  398.5000  1.047E+00  1.076E+00  1.088E+00  1.080E+00  1.054E+00
  399.5000  1.089E+00  1.119E+00  1.131E+00  1.123E+00  1.096E+00
  400.5000  1.145E+00  1.177E+00  1.189E+00  1.181E+00  1.153E+00
  401.5000  1.178E+00  1.211E+00  1.223E+00  1.215E+00  1.186E+00
  402.5000  1.223E+00  1.257E+00  1.270E+00  1.261E+00  1.231E+00
  403.5000  1.119E+00  1.150E+00  1.162E+00  1.154E+00  1.127E+00
  404.5000  1.097E+00  1.128E+00  1.140E+00  1.132E+00  1.105E+00
  405.5000  1.140E+00  1.172E+00  1.184E+00  1.176E+00  1.148E+00
  406.5000  1.074E+00  1.104E+00  1.115E+00  1.108E+00  1.081E+00
  407.5000  1.083E+00  1.113E+00  1.124E+00  1.117E+00  1.090E+00
  408.5000  1.206E+00  1.239E+00  1.252E+00  1.244E+00  1.214E+00
  409.5000  1.182E+00  1.215E+00  1.227E+00  1.219E+00  1.190E+00
  410.5000  1.025E+00  1.054E+00  1.064E+00  1.057E+00  1.032E+00
  411.5000  1.232E+00  1.266E+00  1.279E+00  1.271E+00  1.241E+00
  412.5000  1.221E+00  1.255E+00  1.268E+00  1.259E+00  1.230E+00
  413.5000  1.184E+00  1.217E+00  1.230E+00  1.221E+00  1.193E+00
  414.5000  1.217E+00  1.251E+00  1.264E+00  1.255E+00  1.226E+00
  415.5000  1.164E+00  1.196E+00  1.209E+00  1.201E+00  1.172E+00
  416.5000  1.267E+00  1.302E+00  1.315E+00  1.307E+00  1.276E+00
  417.5000  1.158E+00  1.190E+00  1.202E+00  1.194E+00  1.166E+00
  418.5000  1.167E+00  1.200E+00  1.212E+00  1.204E+00  1.176E+00
  419.5000  1.206E+00  1.239E+00  1.252E+00  1.243E+00  1.214E+00
------------------------------------------------------------
Dose rates, W m-2
   1 = UV-B, 280-315 nm                                  
   2 = UV-A, 315-400 nm                                  
   3 = Gaussian, 320 nm, 10 nm FWHM                      
   4 = RB Meter, model 501                               
   5 = DNA damage, in vitro (Setlow, 1974)               
   6 = UV index (WMO, 1994; Webb et al., 2011)           
   7 = Previtamin-D3 (CIE 2006)                          
values at z =      0.000 km
Columns: time, sza, weighting spectra
time, hrs.  sza, deg.          1          2          3          4          5          6          7
   11.0000     35.014  1.462E+00  5.001E+01  3.101E-01  4.230E-01  4.379E-03  7.963E+00  3.907E-01
   11.5000     33.075  1.541E+00  5.151E+01  3.215E-01  4.476E-01  4.743E-03  8.447E+00  4.161E-01
   12.0000     32.315  1.571E+00  5.209E+01  3.258E-01  4.571E-01  4.886E-03  8.635E+00  4.260E-01
   12.5000     32.821  1.551E+00  5.171E+01  3.229E-01  4.508E-01  4.791E-03  8.510E+00  4.194E-01
   13.0000     34.538  1.482E+00  5.038E+01  3.130E-01  4.291E-01  4.468E-03  8.083E+00  3.970E-01
------------------------------------------------------------
