Spectral Irradiance, W m-2 nm-1
values at z =      0.000 km
Columns: wavelength (nm), times (hrs.) or sza (deg.)
    wc, nm     11.000     11.500     12.000     12.500     13.000
    sza =      46.843     45.771     45.787     46.892     49.011
  280.5000  6.763E-19  1.422E-18  1.406E-18  6.530E-19  1.326E-19
  281.5000  5.422E-17  1.066E-16  1.056E-16  5.252E-17  1.231E-17
  282.5000  1.602E-15  2.976E-15  2.949E-15  1.556E-15  4.124E-16
  283.5000  1.309E-14  2.343E-14  2.323E-14  1.274E-14  3.656E-15
  284.5000  3.629E-13  6.071E-13  6.025E-13  3.543E-13  1.176E-13
  285.5000  2.651E-12  4.218E-12  4.189E-12  2.594E-12  9.589E-13
  286.5000  5.512E-11  8.441E-11  8.387E-11  5.403E-11  2.169E-11
  287.5000  5.917E-10  8.682E-10  8.633E-10  5.811E-10  2.557E-10
  288.5000  5.859E-09  8.208E-09  8.167E-09  5.766E-09  2.802E-09
  289.5000  5.233E-08  7.094E-08  7.062E-08  5.159E-08  2.691E-08
  290.5000  3.154E-07  4.158E-07  4.141E-07  3.113E-07  1.723E-07
  291.5000  1.577E-06  2.001E-06  1.972E-06  1.559E-06  9.229E-07
  292.5000  5.500E-06  6.850E-06  6.828E-06  5.444E-06  3.406E-06
  293.5000  2.248E-05  2.733E-05  2.725E-05  2.227E-05  1.467E-05
  294.5000  5.603E-05  6.685E-05  6.668E-05  5.557E-05  3.811E-05
  295.5000  1.877E-04  2.195E-04  2.190E-04  1.863E-04  1.334E-04
  296.5000  4.156E-04  4.781E-04  4.771E-04  4.129E-04  3.062E-04
  297.5000  9.814E-04  1.113E-03  1.111E-03  9.756E-04  7.463E-04
  298.5000  1.395E-03  1.562E-03  1.560E-03  1.387E-03  1.089E-03
  299.5000  3.671E-03  4.066E-03  4.060E-03  3.654E-03  2.940E-03
  300.5000  3.907E-03  4.289E-03  4.284E-03  3.890E-03  3.189E-03
  301.5000  8.901E-03  9.680E-03  9.668E-03  8.867E-03  7.418E-03
  302.5000  1.215E-02  1.313E-02  1.311E-02  1.210E-02  1.026E-02
  303.5000  2.306E-02  2.474E-02  2.472E-02  2.299E-02  1.980E-02
  304.5000  2.686E-02  2.869E-02  2.866E-02  2.677E-02  2.327E-02
  305.5000  3.893E-02  4.133E-02  4.129E-02  3.882E-02  3.420E-02
  306.5000  4.234E-02  4.483E-02  4.479E-02  4.223E-02  3.741E-02
  307.5000  6.596E-02  6.948E-02  6.942E-02  6.580E-02  5.895E-02
  308.5000  7.611E-02  8.000E-02  7.994E-02  7.593E-02  6.793E-02
  309.5000  7.059E-02  7.395E-02  7.390E-02  7.044E-02  6.384E-02
  310.5000  9.972E-02  1.042E-01  1.041E-01  9.952E-02  9.067E-02
  311.5000  1.315E-01  1.372E-01  1.371E-01  1.312E-01  1.200E-01
  312.5000  1.339E-01  1.393E-01  1.392E-01  1.336E-01  1.229E-01
  313.5000  1.535E-01  1.595E-01  1.594E-01  1.532E-01  1.411E-01
  314.5000  1.590E-01  1.649E-01  1.648E-01  1.587E-01  1.470E-01
  315.5000  1.653E-01  1.713E-01  1.712E-01  1.650E-01  1.530E-01
  316.5000  1.692E-01  1.751E-01  1.750E-01  1.690E-01  1.572E-01
  317.5000  2.395E-01  2.478E-01  2.477E-01  2.391E-01  2.226E-01
  318.5000  1.931E-01  1.995E-01  1.994E-01  1.929E-01  1.802E-01
  319.5000  2.369E-01  2.446E-01  2.445E-01  2.366E-01  2.212E-01
  320.5000  2.900E-01  2.993E-01  2.992E-01  2.896E-01  2.711E-01
  321.5000  2.518E-01  2.594E-01  2.593E-01  2.514E-01  2.361E-01
  322.5000  2.494E-01  2.574E-01  2.572E-01  2.492E-01  2.334E-01
  323.5000  2.638E-01  2.716E-01  2.714E-01  2.634E-01  2.478E-01
  324.5000  3.095E-01  3.186E-01  3.185E-01  3.091E-01  2.907E-01
  325.5000  3.460E-01  3.562E-01  3.561E-01  3.455E-01  3.248E-01
  326.5000  4.257E-01  4.378E-01  4.376E-01  4.251E-01  4.008E-01
  327.5000  3.947E-01  4.060E-01  4.058E-01  3.941E-01  3.713E-01
  328.5000  3.646E-01  3.751E-01  3.750E-01  3.642E-01  3.431E-01
  329.5000  4.782E-01  4.915E-01  4.913E-01  4.776E-01  4.510E-01
  330.5000  4.330E-01  4.452E-01  4.450E-01  4.325E-01  4.081E-01
  331.5000  4.278E-01  4.398E-01  4.396E-01  4.272E-01  4.030E-01
  332.5000  4.247E-01  4.363E-01  4.361E-01  4.242E-01  4.008E-01
  333.5000  3.980E-01  4.090E-01  4.088E-01  3.975E-01  3.753E-01
  334.5000  4.456E-01  4.578E-01  4.576E-01  4.450E-01  4.204E-01
  335.5000  4.534E-01  4.657E-01  4.655E-01  4.529E-01  4.282E-01
  336.5000  3.543E-01  3.639E-01  3.637E-01  3.538E-01  3.345E-01
  337.5000  3.881E-01  3.987E-01  3.986E-01  3.876E-01  3.663E-01
  338.5000  4.113E-01  4.224E-01  4.222E-01  4.108E-01  3.885E-01
  339.5000  4.475E-01  4.595E-01  4.594E-01  4.470E-01  4.228E-01
  340.5000  4.780E-01  4.909E-01  4.907E-01  4.775E-01  4.515E-01
  341.5000  4.255E-01  4.369E-01  4.367E-01  4.250E-01  4.021E-01
  342.5000  4.717E-01  4.843E-01  4.841E-01  4.711E-01  4.458E-01
  343.5000  4.898E-01  5.029E-01  5.027E-01  4.893E-01  4.630E-01
  344.5000  3.432E-01  3.524E-01  3.523E-01  3.428E-01  3.244E-01
  345.5000  4.712E-01  4.837E-01  4.835E-01  4.707E-01  4.455E-01
  346.5000  4.405E-01  4.522E-01  4.520E-01  4.400E-01  4.165E-01
  347.5000  4.306E-01  4.420E-01  4.419E-01  4.301E-01  4.071E-01
  348.5000  4.736E-01  4.861E-01  4.859E-01  4.730E-01  4.478E-01
  349.5000  3.970E-01  4.075E-01  4.073E-01  3.965E-01  3.754E-01
  350.5000  5.561E-01  5.707E-01  5.705E-01  5.554E-01  5.259E-01
  351.5000  4.794E-01  4.920E-01  4.918E-01  4.788E-01  4.534E-01
  352.5000  4.325E-01  4.438E-01  4.437E-01  4.320E-01  4.091E-01
  353.5000  5.209E-01  5.345E-01  5.343E-01  5.202E-01  4.928E-01
  354.5000  5.640E-01  5.787E-01  5.785E-01  5.633E-01  5.336E-01
  355.5000  5.272E-01  5.410E-01  5.407E-01  5.266E-01  4.989E-01
  356.5000  4.894E-01  5.021E-01  5.019E-01  4.888E-01  4.631E-01
  357.5000  4.162E-01  4.271E-01  4.269E-01  4.158E-01  3.939E-01
  358.5000  3.213E-01  3.297E-01  3.295E-01  3.209E-01  3.041E-01
  359.5000  5.409E-01  5.549E-01  5.547E-01  5.403E-01  5.120E-01
  360.5000  5.015E-01  5.145E-01  5.143E-01  5.009E-01  4.747E-01
  361.5000  4.523E-01  4.640E-01  4.638E-01  4.518E-01  4.282E-01
  362.5000  5.313E-01  5.450E-01  5.448E-01  5.307E-01  5.030E-01
  363.5000  4.727E-01  4.849E-01  4.847E-01  4.722E-01  4.476E-01
  364.5000  5.158E-01  5.291E-01  5.289E-01  5.152E-01  4.884E-01
  365.5000  6.287E-01  6.448E-01  6.446E-01  6.279E-01  5.954E-01
  366.5000  6.655E-01  6.826E-01  6.823E-01  6.647E-01  6.303E-01
  367.5000  6.321E-01  6.482E-01  6.480E-01  6.313E-01  5.987E-01
  368.5000  5.554E-01  5.696E-01  5.694E-01  5.547E-01  5.261E-01
  369.5000  6.663E-01  6.834E-01  6.831E-01  6.656E-01  6.312E-01
  370.5000  6.047E-01  6.201E-01  6.199E-01  6.040E-01  5.729E-01
  371.5000  6.921E-01  7.097E-01  7.094E-01  6.913E-01  6.557E-01
  372.5000  5.113E-01  5.243E-01  5.241E-01  5.107E-01  4.845E-01
  373.5000  4.623E-01  4.740E-01  4.739E-01  4.618E-01  4.381E-01
  374.5000  5.075E-01  5.204E-01  5.202E-01  5.069E-01  4.809E-01
  375.5000  5.727E-01  5.872E-01  5.870E-01  5.721E-01  5.428E-01
  376.5000  5.721E-01  5.865E-01  5.863E-01  5.714E-01  5.422E-01
  377.5000  6.814E-01  6.986E-01  6.983E-01  6.806E-01  6.459E-01
  378.5000  7.428E-01  7.615E-01  7.613E-01  7.420E-01  7.041E-01
  379.5000  5.497E-01  5.635E-01  5.633E-01  5.491E-01  5.211E-01
  380.5000  6.612E-01  6.779E-01  6.776E-01  6.605E-01  6.269E-01
  381.5000  6.215E-01  6.371E-01  6.369E-01  6.208E-01  5.893E-01
  382.5000  4.142E-01  4.246E-01  4.245E-01  4.138E-01  3.928E-01
  383.5000  3.638E-01  3.729E-01  3.728E-01  3.634E-01  3.450E-01
  384.5000  5.461E-01  5.598E-01  5.596E-01  5.455E-01  5.179E-01
  385.5000  5.404E-01  5.539E-01  5.537E-01  5.398E-01  5.126E-01
  386.5000  5.510E-01  5.648E-01  5.646E-01  5.504E-01  5.226E-01
  387.5000  5.122E-01  5.250E-01  5.248E-01  5.116E-01  4.859E-01
  388.5000  5.135E-01  5.263E-01  5.261E-01  5.130E-01  4.871E-01
  389.5000  6.478E-01  6.638E-01  6.636E-01  6.470E-01  6.145E-01
  390.5000  6.364E-01  6.522E-01  6.519E-01  6.357E-01  6.038E-01
  391.5000  7.552E-01  7.739E-01  7.736E-01  7.543E-01  7.165E-01
  392.5000  5.664E-01  5.804E-01  5.802E-01  5.658E-01  5.375E-01
  393.5000  2.463E-01  2.524E-01  2.523E-01  2.460E-01  2.337E-01
  394.5000  5.797E-01  5.940E-01  5.938E-01  5.791E-01  5.502E-01
  395.5000  7.461E-01  7.645E-01  7.642E-01  7.453E-01  7.081E-01
  396.5000  4.382E-01  4.490E-01  4.488E-01  4.377E-01  4.159E-01
  397.5000  5.058E-01  5.182E-01  5.180E-01  5.052E-01  4.801E-01
  398.5000  8.693E-01  8.907E-01  8.904E-01  8.684E-01  8.252E-01
  399.5000  9.044E-01  9.266E-01  9.263E-01  9.034E-01  8.586E-01
  400.5000  9.511E-01  9.744E-01  9.740E-01  9.500E-01  9.029E-01
  401.5000  9.788E-01  1.003E+00  1.002E+00  9.777E-01  9.293E-01
  402.5000  1.016E+00  1.041E+00  1.041E+00  1.015E+00  9.650E-01
  403.5000  9.305E-01  9.532E-01  9.529E-01  9.295E-01  8.836E-01
  404.5000  9.129E-01  9.351E-01  9.348E-01  9.119E-01  8.669E-01
  405.5000  9.485E-01  9.716E-01  9.713E-01  9.475E-01  9.008E-01
  406.5000  8.936E-01  9.154E-01  9.150E-01  8.926E-01  8.487E-01
  407.5000  9.011E-01  9.230E-01  9.227E-01  9.002E-01  8.559E-01
  408.5000  1.004E+00  1.028E+00  1.028E+00  1.003E+00  9.535E-01
  409.5000  9.843E-01  1.008E+00  1.008E+00  9.833E-01  9.350E-01
  410.5000  8.538E-01  8.745E-01  8.742E-01  8.529E-01  8.111E-01
  411.5000  1.027E+00  1.051E+00  1.051E+00  1.025E+00  9.752E-01
  412.5000  1.018E+00  1.042E+00  1.042E+00  1.017E+00  9.668E-01
  413.5000  9.872E-01  1.011E+00  1.011E+00  9.862E-01  9.380E-01
  414.5000  1.015E+00  1.039E+00  1.039E+00  1.014E+00  9.643E-01
  415.5000  9.710E-01  9.943E-01  9.940E-01  9.699E-01  9.226E-01
  416.5000  1.057E+00  1.082E+00  1.082E+00  1.056E+00  1.004E+00
  417.5000  9.665E-01  9.897E-01  9.894E-01  9.654E-01  9.185E-01
  418.5000  9.743E-01  9.977E-01  9.973E-01  9.733E-01  9.259E-01
  419.5000  1.007E+00  1.031E+00  1.030E+00  1.006E+00  9.568E-01
------------------------------------------------------------
Dose rates, W m-2
   1 = UV-B, 280-315 nm                                  
   2 = UV-A, 315-400 nm                                  
   3 = Gaussian, 320 nm, 10 nm FWHM                      
   4 = RB Meter, model 501                               
   5 = DNA damage, in vitro (Setlow, 1974)               
   6 = UV index (WMO, 1994; Webb et al., 2011)           
   7 = Previtamin-D3 (CIE 2006)                          
values at z =      0.000 km
Columns: time, sza, weighting spectra
time, hrs.  sza, deg.          1          2          3          4          5          6          7
   11.0000     46.843  1.053E+00  4.097E+01  2.445E-01  2.993E-01  2.748E-03  5.585E+00  2.664E-01
   11.5000     45.771  1.103E+00  4.204E+01  2.523E-01  3.142E-01  2.940E-03  5.870E+00  2.814E-01
   12.0000     45.787  1.102E+00  4.203E+01  2.522E-01  3.140E-01  2.937E-03  5.866E+00  2.812E-01
   12.5000     46.892  1.051E+00  4.092E+01  2.442E-01  2.986E-01  2.740E-03  5.573E+00  2.657E-01
   13.0000     49.011  9.532E-01  3.875E+01  2.285E-01  2.695E-01  2.378E-03  5.022E+00  2.366E-01
------------------------------------------------------------
