Spectral Irradiance, W m-2 nm-1
values at z =      0.000 km
Columns: wavelength (nm), times (hrs.) or sza (deg.)
    wc, nm     11.000     11.500     12.000     12.500     13.000
    sza =      79.171     78.235     77.791     77.848     78.405
  280.5000  2.755E-34  2.945E-34  3.037E-34  3.025E-34  2.910E-34
  281.5000  3.335E-31  3.566E-31  3.679E-31  3.664E-31  3.523E-31
  282.5000  1.017E-28  1.088E-28  1.122E-28  1.118E-28  1.074E-28
  283.5000  3.763E-27  4.028E-27  4.158E-27  4.141E-27  3.979E-27
  284.5000  1.672E-24  1.791E-24  1.850E-24  1.842E-24  1.769E-24
  285.5000  9.532E-23  1.022E-22  1.056E-22  1.052E-22  1.009E-22
  286.5000  9.623E-21  1.033E-20  1.068E-20  1.063E-20  1.020E-20
  287.5000  6.006E-19  6.454E-19  6.674E-19  6.645E-19  6.370E-19
  288.5000  4.074E-17  4.385E-17  4.539E-17  4.519E-17  4.327E-17
  289.5000  1.449E-15  1.562E-15  1.618E-15  1.610E-15  1.541E-15
  290.5000  2.801E-14  3.024E-14  3.135E-14  3.120E-14  2.983E-14
  291.5000  5.304E-13  5.738E-13  5.955E-13  5.926E-13  5.657E-13
  292.5000  5.556E-12  6.025E-12  6.259E-12  6.228E-12  5.937E-12
  293.5000  6.458E-11  7.022E-11  7.305E-11  7.268E-11  6.916E-11
  294.5000  3.687E-10  4.019E-10  4.186E-10  4.164E-10  3.956E-10
  295.5000  3.018E-09  3.301E-09  3.445E-09  3.426E-09  3.248E-09
  296.5000  1.426E-08  1.565E-08  1.636E-08  1.627E-08  1.539E-08
  297.5000  6.636E-08  7.315E-08  7.661E-08  7.615E-08  7.186E-08
  298.5000  1.697E-07  1.879E-07  1.972E-07  1.960E-07  1.845E-07
  299.5000  7.907E-07  8.801E-07  9.264E-07  9.203E-07  8.631E-07
  300.5000  1.327E-06  1.486E-06  1.569E-06  1.558E-06  1.456E-06
  301.5000  5.083E-06  5.744E-06  6.097E-06  6.049E-06  5.615E-06
  302.5000  9.932E-06  1.133E-05  1.209E-05  1.198E-05  1.105E-05
  303.5000  2.985E-05  3.460E-05  3.724E-05  3.688E-05  3.365E-05
  304.5000  4.624E-05  5.427E-05  5.880E-05  5.818E-05  5.267E-05
  305.5000  1.079E-04  1.297E-04  1.420E-04  1.403E-04  1.253E-04
  306.5000  1.467E-04  1.782E-04  1.961E-04  1.937E-04  1.719E-04
  307.5000  3.729E-04  4.615E-04  5.114E-04  5.046E-04  4.437E-04
  308.5000  5.278E-04  6.567E-04  7.290E-04  7.192E-04  6.310E-04
  309.5000  7.228E-04  9.037E-04  1.004E-03  9.901E-04  8.679E-04
  310.5000  1.382E-03  1.726E-03  1.913E-03  1.888E-03  1.658E-03
  311.5000  2.245E-03  2.796E-03  3.093E-03  3.053E-03  2.688E-03
  312.5000  3.415E-03  4.206E-03  4.625E-03  4.569E-03  4.053E-03
  313.5000  4.307E-03  5.289E-03  5.805E-03  5.737E-03  5.099E-03
  314.5000  6.456E-03  7.804E-03  8.501E-03  8.408E-03  7.546E-03
  315.5000  7.128E-03  8.593E-03  9.349E-03  9.248E-03  8.314E-03
  316.5000  9.848E-03  1.169E-02  1.262E-02  1.250E-02  1.134E-02
  317.5000  1.394E-02  1.654E-02  1.787E-02  1.769E-02  1.605E-02
  318.5000  1.492E-02  1.742E-02  1.867E-02  1.850E-02  1.695E-02
  319.5000  1.930E-02  2.247E-02  2.405E-02  2.384E-02  2.187E-02
  320.5000  2.524E-02  2.926E-02  3.126E-02  3.100E-02  2.850E-02
  321.5000  2.859E-02  3.258E-02  3.455E-02  3.429E-02  3.183E-02
  322.5000  2.304E-02  2.662E-02  2.840E-02  2.817E-02  2.595E-02
  323.5000  3.375E-02  3.816E-02  4.033E-02  4.005E-02  3.735E-02
  324.5000  3.910E-02  4.425E-02  4.679E-02  4.646E-02  4.329E-02
  325.5000  4.187E-02  4.754E-02  5.033E-02  4.996E-02  4.648E-02
  326.5000  6.441E-02  7.201E-02  7.573E-02  7.524E-02  7.061E-02
  327.5000  5.554E-02  6.242E-02  6.579E-02  6.535E-02  6.114E-02
  328.5000  5.145E-02  5.782E-02  6.095E-02  6.054E-02  5.664E-02
  329.5000  7.973E-02  8.856E-02  9.287E-02  9.230E-02  8.693E-02
  330.5000  6.736E-02  7.521E-02  7.904E-02  7.854E-02  7.375E-02
  331.5000  6.563E-02  7.335E-02  7.712E-02  7.663E-02  7.192E-02
  332.5000  7.354E-02  8.150E-02  8.537E-02  8.487E-02  8.003E-02
  333.5000  6.545E-02  7.281E-02  7.639E-02  7.592E-02  7.145E-02
  334.5000  7.530E-02  8.361E-02  8.766E-02  8.713E-02  8.207E-02
  335.5000  8.123E-02  8.982E-02  9.401E-02  9.346E-02  8.823E-02
  336.5000  6.243E-02  6.912E-02  7.238E-02  7.196E-02  6.788E-02
  337.5000  6.570E-02  7.296E-02  7.650E-02  7.604E-02  7.162E-02
  338.5000  7.403E-02  8.186E-02  8.567E-02  8.517E-02  8.041E-02
  339.5000  8.125E-02  8.980E-02  9.396E-02  9.341E-02  8.822E-02
  340.5000  8.492E-02  9.402E-02  9.845E-02  9.787E-02  9.234E-02
  341.5000  7.802E-02  8.619E-02  9.016E-02  8.964E-02  8.468E-02
  342.5000  8.703E-02  9.611E-02  1.005E-01  9.995E-02  9.443E-02
  343.5000  8.947E-02  9.889E-02  1.035E-01  1.029E-01  9.715E-02
  344.5000  6.199E-02  6.858E-02  7.179E-02  7.137E-02  6.736E-02
  345.5000  8.776E-02  9.688E-02  1.013E-01  1.007E-01  9.520E-02
  346.5000  8.061E-02  8.912E-02  9.326E-02  9.272E-02  8.755E-02
  347.5000  7.902E-02  8.735E-02  9.141E-02  9.088E-02  8.581E-02
  348.5000  8.754E-02  9.672E-02  1.012E-01  1.006E-01  9.503E-02
  349.5000  7.336E-02  8.107E-02  8.482E-02  8.433E-02  7.965E-02
  350.5000  1.030E-01  1.138E-01  1.191E-01  1.184E-01  1.118E-01
  351.5000  8.861E-02  9.794E-02  1.025E-01  1.019E-01  9.622E-02
  352.5000  8.017E-02  8.861E-02  9.271E-02  9.218E-02  8.705E-02
  353.5000  9.694E-02  1.071E-01  1.121E-01  1.114E-01  1.052E-01
  354.5000  1.053E-01  1.164E-01  1.218E-01  1.210E-01  1.143E-01
  355.5000  9.855E-02  1.089E-01  1.139E-01  1.133E-01  1.070E-01
  356.5000  9.152E-02  1.011E-01  1.058E-01  1.052E-01  9.936E-02
  357.5000  7.785E-02  8.605E-02  9.003E-02  8.951E-02  8.453E-02
  358.5000  6.022E-02  6.656E-02  6.964E-02  6.924E-02  6.539E-02
  359.5000  1.015E-01  1.121E-01  1.173E-01  1.167E-01  1.102E-01
  360.5000  9.414E-02  1.041E-01  1.089E-01  1.083E-01  1.022E-01
  361.5000  8.505E-02  9.401E-02  9.837E-02  9.780E-02  9.235E-02
  362.5000  1.000E-01  1.106E-01  1.157E-01  1.150E-01  1.086E-01
  363.5000  8.909E-02  9.849E-02  1.031E-01  1.025E-01  9.675E-02
  364.5000  9.726E-02  1.075E-01  1.125E-01  1.119E-01  1.056E-01
  365.5000  1.186E-01  1.311E-01  1.372E-01  1.364E-01  1.288E-01
  366.5000  1.257E-01  1.390E-01  1.454E-01  1.446E-01  1.365E-01
  367.5000  1.195E-01  1.322E-01  1.383E-01  1.375E-01  1.298E-01
  368.5000  1.051E-01  1.162E-01  1.216E-01  1.209E-01  1.142E-01
  369.5000  1.262E-01  1.396E-01  1.461E-01  1.452E-01  1.371E-01
  370.5000  1.146E-01  1.268E-01  1.327E-01  1.319E-01  1.245E-01
  371.5000  1.313E-01  1.452E-01  1.520E-01  1.511E-01  1.427E-01
  372.5000  9.710E-02  1.074E-01  1.124E-01  1.118E-01  1.055E-01
  373.5000  8.785E-02  9.719E-02  1.017E-01  1.011E-01  9.547E-02
  374.5000  9.652E-02  1.068E-01  1.118E-01  1.111E-01  1.049E-01
  375.5000  1.090E-01  1.206E-01  1.263E-01  1.256E-01  1.185E-01
  376.5000  1.090E-01  1.206E-01  1.263E-01  1.255E-01  1.185E-01
  377.5000  1.300E-01  1.438E-01  1.506E-01  1.497E-01  1.413E-01
  378.5000  1.418E-01  1.569E-01  1.643E-01  1.633E-01  1.541E-01
  379.5000  1.050E-01  1.162E-01  1.217E-01  1.210E-01  1.142E-01
  380.5000  1.264E-01  1.400E-01  1.465E-01  1.457E-01  1.375E-01
  381.5000  1.190E-01  1.317E-01  1.379E-01  1.371E-01  1.293E-01
  382.5000  7.935E-02  8.785E-02  9.198E-02  9.144E-02  8.628E-02
  383.5000  6.976E-02  7.724E-02  8.087E-02  8.039E-02  7.585E-02
  384.5000  1.048E-01  1.161E-01  1.215E-01  1.208E-01  1.140E-01
  385.5000  1.038E-01  1.150E-01  1.204E-01  1.197E-01  1.129E-01
  386.5000  1.060E-01  1.173E-01  1.229E-01  1.221E-01  1.152E-01
  387.5000  9.859E-02  1.092E-01  1.143E-01  1.137E-01  1.072E-01
  388.5000  9.894E-02  1.096E-01  1.147E-01  1.141E-01  1.076E-01
  389.5000  1.249E-01  1.384E-01  1.449E-01  1.440E-01  1.359E-01
  390.5000  1.228E-01  1.361E-01  1.425E-01  1.417E-01  1.336E-01
  391.5000  1.459E-01  1.616E-01  1.693E-01  1.683E-01  1.587E-01
  392.5000  1.096E-01  1.214E-01  1.271E-01  1.264E-01  1.192E-01
  393.5000  4.769E-02  5.283E-02  5.533E-02  5.500E-02  5.188E-02
  394.5000  1.123E-01  1.245E-01  1.304E-01  1.296E-01  1.222E-01
  395.5000  1.447E-01  1.604E-01  1.679E-01  1.670E-01  1.575E-01
  396.5000  8.510E-02  9.429E-02  9.875E-02  9.817E-02  9.259E-02
  397.5000  9.832E-02  1.090E-01  1.141E-01  1.134E-01  1.070E-01
  398.5000  1.692E-01  1.875E-01  1.964E-01  1.952E-01  1.841E-01
  399.5000  1.762E-01  1.953E-01  2.045E-01  2.033E-01  1.917E-01
  400.5000  1.855E-01  2.055E-01  2.153E-01  2.140E-01  2.018E-01
  401.5000  1.911E-01  2.117E-01  2.218E-01  2.205E-01  2.079E-01
  402.5000  1.986E-01  2.201E-01  2.306E-01  2.292E-01  2.161E-01
  403.5000  1.820E-01  2.018E-01  2.113E-01  2.101E-01  1.981E-01
  404.5000  1.788E-01  1.982E-01  2.076E-01  2.063E-01  1.946E-01
  405.5000  1.859E-01  2.061E-01  2.159E-01  2.146E-01  2.024E-01
  406.5000  1.754E-01  1.944E-01  2.036E-01  2.024E-01  1.909E-01
  407.5000  1.770E-01  1.962E-01  2.056E-01  2.043E-01  1.927E-01
  408.5000  1.974E-01  2.188E-01  2.292E-01  2.279E-01  2.149E-01
  409.5000  1.937E-01  2.148E-01  2.250E-01  2.237E-01  2.109E-01
  410.5000  1.682E-01  1.865E-01  1.954E-01  1.942E-01  1.832E-01
  411.5000  2.025E-01  2.245E-01  2.352E-01  2.338E-01  2.205E-01
  412.5000  2.010E-01  2.229E-01  2.335E-01  2.321E-01  2.188E-01
  413.5000  1.952E-01  2.164E-01  2.267E-01  2.254E-01  2.125E-01
  414.5000  2.009E-01  2.228E-01  2.334E-01  2.320E-01  2.187E-01
  415.5000  1.924E-01  2.133E-01  2.235E-01  2.222E-01  2.095E-01
  416.5000  2.096E-01  2.325E-01  2.436E-01  2.421E-01  2.283E-01
  417.5000  1.919E-01  2.128E-01  2.229E-01  2.216E-01  2.090E-01
  418.5000  1.937E-01  2.148E-01  2.250E-01  2.237E-01  2.109E-01
  419.5000  2.003E-01  2.222E-01  2.328E-01  2.314E-01  2.182E-01
------------------------------------------------------------
Dose rates, W m-2
   1 = UV-B, 280-315 nm                                  
   2 = UV-A, 315-400 nm                                  
   3 = Gaussian, 320 nm, 10 nm FWHM                      
   4 = RB Meter, model 501                               
   5 = DNA damage, in vitro (Setlow, 1974)               
   6 = UV index (WMO, 1994; Webb et al., 2011)           
   7 = Previtamin-D3 (CIE 2006)                          
values at z =      0.000 km
Columns: time, sza, weighting spectra
time, hrs.  sza, deg.          1          2          3          4          5          6          7
   11.0000     79.171  1.978E-02  7.359E+00  2.337E-02  9.180E-03  3.529E-05  2.546E-01  3.301E-03
   11.5000     78.235  2.426E-02  8.159E+00  2.679E-02  1.075E-02  4.120E-05  2.905E-01  4.002E-03
   12.0000     77.791  2.664E-02  8.548E+00  2.849E-02  1.156E-02  4.426E-05  3.086E-01  4.374E-03
   12.5000     77.848  2.632E-02  8.497E+00  2.827E-02  1.145E-02  4.385E-05  3.062E-01  4.324E-03
   13.0000     78.405  2.339E-02  8.011E+00  2.615E-02  1.045E-02  4.007E-05  2.838E-01  3.866E-03
------------------------------------------------------------
