Spectral Irradiance, W m-2 nm-1
values at z =      0.000 km
Columns: wavelength (nm), times (hrs.) or sza (deg.)
    wc, nm     11.000     11.500     12.000     12.500     13.000
    sza =      30.294     26.713     24.861     25.124     27.441
  280.5000  2.875E-14  7.574E-14  1.171E-13  1.104E-13  6.307E-14
  281.5000  8.843E-13  2.140E-12  3.185E-12  3.017E-12  1.811E-12
  282.5000  1.148E-11  2.582E-11  3.719E-11  3.538E-11  2.215E-11
  283.5000  5.499E-11  1.180E-10  1.663E-10  1.587E-10  1.021E-10
  284.5000  5.760E-10  1.133E-09  1.537E-09  1.474E-09  9.969E-10
  285.5000  2.049E-09  3.781E-09  4.982E-09  4.798E-09  3.367E-09
  286.5000  2.451E-08  4.306E-08  5.551E-08  5.362E-08  3.871E-08
  287.5000  1.425E-07  2.371E-07  2.982E-07  2.890E-07  2.153E-07
  288.5000  7.251E-07  1.137E-06  1.392E-06  1.354E-06  1.044E-06
  289.5000  4.024E-06  6.047E-06  7.266E-06  7.086E-06  5.598E-06
  290.5000  1.625E-05  2.357E-05  2.787E-05  2.724E-05  2.197E-05
  291.5000  5.165E-05  7.193E-05  8.353E-05  8.185E-05  6.756E-05
  292.5000  1.244E-04  1.676E-04  1.917E-04  1.882E-04  1.584E-04
  293.5000  3.588E-04  4.686E-04  5.286E-04  5.200E-04  4.455E-04
  294.5000  6.810E-04  8.679E-04  9.685E-04  9.541E-04  8.289E-04
  295.5000  1.708E-03  2.121E-03  2.340E-03  2.308E-03  2.036E-03
  296.5000  2.976E-03  3.617E-03  3.951E-03  3.904E-03  3.486E-03
  297.5000  5.695E-03  6.794E-03  7.358E-03  7.279E-03  6.570E-03
  298.5000  6.783E-03  7.964E-03  8.564E-03  8.480E-03  7.725E-03
  299.5000  1.511E-02  1.748E-02  1.867E-02  1.850E-02  1.700E-02
  300.5000  1.416E-02  1.619E-02  1.721E-02  1.706E-02  1.578E-02
  301.5000  2.810E-02  3.173E-02  3.353E-02  3.328E-02  3.101E-02
  302.5000  3.503E-02  3.923E-02  4.131E-02  4.102E-02  3.840E-02
  303.5000  5.978E-02  6.632E-02  6.952E-02  6.908E-02  6.502E-02
  304.5000  6.545E-02  7.221E-02  7.551E-02  7.505E-02  7.087E-02
  305.5000  8.636E-02  9.475E-02  9.871E-02  9.816E-02  9.314E-02
  306.5000  9.053E-02  9.870E-02  1.027E-01  1.021E-01  9.709E-02
  307.5000  1.308E-01  1.417E-01  1.469E-01  1.462E-01  1.395E-01
  308.5000  1.466E-01  1.583E-01  1.640E-01  1.632E-01  1.560E-01
  309.5000  1.294E-01  1.391E-01  1.438E-01  1.431E-01  1.372E-01
  310.5000  1.764E-01  1.890E-01  1.951E-01  1.942E-01  1.866E-01
  311.5000  2.272E-01  2.429E-01  2.505E-01  2.494E-01  2.398E-01
  312.5000  2.218E-01  2.363E-01  2.432E-01  2.423E-01  2.335E-01
  313.5000  2.517E-01  2.679E-01  2.756E-01  2.745E-01  2.647E-01
  314.5000  2.517E-01  2.670E-01  2.743E-01  2.732E-01  2.640E-01
  315.5000  2.600E-01  2.756E-01  2.831E-01  2.820E-01  2.726E-01
  316.5000  2.589E-01  2.738E-01  2.809E-01  2.799E-01  2.709E-01
  317.5000  3.662E-01  3.872E-01  3.972E-01  3.958E-01  3.831E-01
  318.5000  2.880E-01  3.038E-01  3.113E-01  3.103E-01  3.007E-01
  319.5000  3.514E-01  3.705E-01  3.796E-01  3.783E-01  3.668E-01
  320.5000  4.275E-01  4.505E-01  4.614E-01  4.599E-01  4.460E-01
  321.5000  3.627E-01  3.814E-01  3.903E-01  3.888E-01  3.778E-01
  322.5000  3.655E-01  3.849E-01  3.941E-01  3.928E-01  3.811E-01
  323.5000  3.759E-01  3.948E-01  4.038E-01  4.026E-01  3.911E-01
  324.5000  4.412E-01  4.634E-01  4.740E-01  4.725E-01  4.591E-01
  325.5000  4.947E-01  5.197E-01  5.316E-01  5.300E-01  5.148E-01
  326.5000  5.973E-01  6.266E-01  6.405E-01  6.385E-01  6.209E-01
  327.5000  5.568E-01  5.843E-01  5.973E-01  5.955E-01  5.789E-01
  328.5000  5.141E-01  5.393E-01  5.514E-01  5.491E-01  5.345E-01
  329.5000  6.649E-01  6.968E-01  7.119E-01  7.098E-01  6.905E-01
  330.5000  6.051E-01  6.344E-01  6.482E-01  6.463E-01  6.287E-01
  331.5000  5.981E-01  6.270E-01  6.407E-01  6.388E-01  6.214E-01
  332.5000  5.878E-01  6.157E-01  6.289E-01  6.270E-01  6.102E-01
  333.5000  5.528E-01  5.792E-01  5.917E-01  5.899E-01  5.740E-01
  334.5000  6.173E-01  6.466E-01  6.605E-01  6.585E-01  6.409E-01
  335.5000  6.250E-01  6.543E-01  6.682E-01  6.663E-01  6.486E-01
  336.5000  4.888E-01  5.117E-01  5.226E-01  5.211E-01  5.072E-01
  337.5000  5.369E-01  5.622E-01  5.742E-01  5.726E-01  5.573E-01
  338.5000  5.660E-01  5.924E-01  6.049E-01  6.032E-01  5.872E-01
  339.5000  6.151E-01  6.437E-01  6.573E-01  6.554E-01  6.382E-01
  340.5000  6.579E-01  6.885E-01  7.031E-01  7.010E-01  6.826E-01
  341.5000  5.839E-01  6.109E-01  6.237E-01  6.219E-01  6.056E-01
  342.5000  6.467E-01  6.765E-01  6.907E-01  6.887E-01  6.707E-01
  343.5000  6.718E-01  7.028E-01  7.175E-01  7.155E-01  6.968E-01
  344.5000  4.709E-01  4.927E-01  5.030E-01  5.016E-01  4.884E-01
  345.5000  6.447E-01  6.743E-01  6.883E-01  6.864E-01  6.685E-01
  346.5000  6.033E-01  6.310E-01  6.441E-01  6.423E-01  6.256E-01
  347.5000  5.893E-01  6.164E-01  6.292E-01  6.274E-01  6.111E-01
  348.5000  6.475E-01  6.771E-01  6.912E-01  6.892E-01  6.714E-01
  349.5000  5.426E-01  5.674E-01  5.791E-01  5.775E-01  5.625E-01
  350.5000  7.596E-01  7.942E-01  8.106E-01  8.083E-01  7.874E-01
  351.5000  6.546E-01  6.844E-01  6.985E-01  6.965E-01  6.786E-01
  352.5000  5.902E-01  6.170E-01  6.297E-01  6.280E-01  6.118E-01
  353.5000  7.103E-01  7.425E-01  7.578E-01  7.557E-01  7.363E-01
  354.5000  7.686E-01  8.034E-01  8.198E-01  8.176E-01  7.966E-01
  355.5000  7.182E-01  7.506E-01  7.660E-01  7.639E-01  7.443E-01
  356.5000  6.664E-01  6.964E-01  7.107E-01  7.087E-01  6.906E-01
  357.5000  5.666E-01  5.921E-01  6.042E-01  6.025E-01  5.871E-01
  358.5000  4.371E-01  4.568E-01  4.661E-01  4.648E-01  4.529E-01
  359.5000  7.355E-01  7.686E-01  7.842E-01  7.820E-01  7.621E-01
  360.5000  6.816E-01  7.122E-01  7.267E-01  7.247E-01  7.063E-01
  361.5000  6.144E-01  6.419E-01  6.550E-01  6.532E-01  6.366E-01
  362.5000  7.214E-01  7.536E-01  7.689E-01  7.668E-01  7.474E-01
  363.5000  6.416E-01  6.703E-01  6.838E-01  6.819E-01  6.647E-01
  364.5000  6.998E-01  7.310E-01  7.458E-01  7.437E-01  7.250E-01
  365.5000  8.526E-01  8.906E-01  9.085E-01  9.060E-01  8.832E-01
  366.5000  9.022E-01  9.423E-01  9.613E-01  9.586E-01  9.345E-01
  367.5000  8.565E-01  8.945E-01  9.124E-01  9.100E-01  8.871E-01
  368.5000  7.523E-01  7.856E-01  8.014E-01  7.992E-01  7.791E-01
  369.5000  9.022E-01  9.421E-01  9.610E-01  9.584E-01  9.343E-01
  370.5000  8.184E-01  8.546E-01  8.717E-01  8.693E-01  8.475E-01
  371.5000  9.363E-01  9.776E-01  9.971E-01  9.944E-01  9.696E-01
  372.5000  6.915E-01  7.220E-01  7.364E-01  7.344E-01  7.160E-01
  373.5000  6.249E-01  6.524E-01  6.654E-01  6.636E-01  6.471E-01
  374.5000  6.858E-01  7.159E-01  7.302E-01  7.282E-01  7.101E-01
  375.5000  7.736E-01  8.076E-01  8.236E-01  8.214E-01  8.010E-01
  376.5000  7.724E-01  8.063E-01  8.223E-01  8.201E-01  7.997E-01
  377.5000  9.197E-01  9.599E-01  9.789E-01  9.763E-01  9.521E-01
  378.5000  1.002E+00  1.046E+00  1.067E+00  1.064E+00  1.038E+00
  379.5000  7.414E-01  7.737E-01  7.890E-01  7.869E-01  7.674E-01
  380.5000  8.915E-01  9.304E-01  9.487E-01  9.462E-01  9.228E-01
  381.5000  8.376E-01  8.741E-01  8.913E-01  8.889E-01  8.670E-01
  382.5000  5.581E-01  5.823E-01  5.938E-01  5.922E-01  5.776E-01
  383.5000  4.900E-01  5.113E-01  5.213E-01  5.199E-01  5.071E-01
  384.5000  7.352E-01  7.671E-01  7.822E-01  7.801E-01  7.609E-01
  385.5000  7.273E-01  7.588E-01  7.737E-01  7.716E-01  7.527E-01
  386.5000  7.413E-01  7.734E-01  7.885E-01  7.864E-01  7.671E-01
  387.5000  6.889E-01  7.186E-01  7.327E-01  7.307E-01  7.128E-01
  388.5000  6.904E-01  7.202E-01  7.343E-01  7.323E-01  7.144E-01
  389.5000  8.706E-01  9.081E-01  9.258E-01  9.233E-01  9.008E-01
  390.5000  8.550E-01  8.918E-01  9.092E-01  9.068E-01  8.846E-01
  391.5000  1.014E+00  1.058E+00  1.078E+00  1.076E+00  1.049E+00
  392.5000  7.605E-01  7.931E-01  8.085E-01  8.064E-01  7.868E-01
  393.5000  3.306E-01  3.448E-01  3.515E-01  3.505E-01  3.420E-01
  394.5000  7.778E-01  8.111E-01  8.269E-01  8.247E-01  8.047E-01
  395.5000  1.001E+00  1.044E+00  1.064E+00  1.061E+00  1.035E+00
  396.5000  5.876E-01  6.127E-01  6.245E-01  6.229E-01  6.078E-01
  397.5000  6.780E-01  7.069E-01  7.206E-01  7.187E-01  7.013E-01
  398.5000  1.165E+00  1.215E+00  1.238E+00  1.235E+00  1.205E+00
  399.5000  1.212E+00  1.263E+00  1.287E+00  1.284E+00  1.253E+00
  400.5000  1.274E+00  1.328E+00  1.353E+00  1.350E+00  1.317E+00
  401.5000  1.310E+00  1.366E+00  1.392E+00  1.389E+00  1.355E+00
  402.5000  1.360E+00  1.418E+00  1.445E+00  1.441E+00  1.407E+00
  403.5000  1.245E+00  1.298E+00  1.323E+00  1.319E+00  1.287E+00
  404.5000  1.221E+00  1.273E+00  1.297E+00  1.294E+00  1.263E+00
  405.5000  1.268E+00  1.322E+00  1.347E+00  1.344E+00  1.311E+00
  406.5000  1.195E+00  1.245E+00  1.269E+00  1.265E+00  1.235E+00
  407.5000  1.204E+00  1.255E+00  1.279E+00  1.276E+00  1.245E+00
  408.5000  1.341E+00  1.398E+00  1.424E+00  1.421E+00  1.387E+00
  409.5000  1.315E+00  1.370E+00  1.396E+00  1.393E+00  1.359E+00
  410.5000  1.140E+00  1.188E+00  1.211E+00  1.207E+00  1.179E+00
  411.5000  1.370E+00  1.428E+00  1.455E+00  1.451E+00  1.417E+00
  412.5000  1.358E+00  1.415E+00  1.442E+00  1.438E+00  1.404E+00
  413.5000  1.317E+00  1.372E+00  1.398E+00  1.395E+00  1.361E+00
  414.5000  1.354E+00  1.410E+00  1.437E+00  1.433E+00  1.399E+00
  415.5000  1.295E+00  1.349E+00  1.374E+00  1.371E+00  1.338E+00
  416.5000  1.409E+00  1.468E+00  1.496E+00  1.492E+00  1.456E+00
  417.5000  1.288E+00  1.342E+00  1.367E+00  1.364E+00  1.331E+00
  418.5000  1.298E+00  1.352E+00  1.378E+00  1.374E+00  1.342E+00
  419.5000  1.341E+00  1.397E+00  1.423E+00  1.419E+00  1.386E+00
------------------------------------------------------------
Dose rates, W m-2
   1 = UV-B, 280-315 nm                                  
   2 = UV-A, 315-400 nm                                  
   3 = Gaussian, 320 nm, 10 nm FWHM                      
   4 = RB Meter, model 501                               
   5 = DNA damage, in vitro (Setlow, 1974)               
   6 = UV index (WMO, 1994; Webb et al., 2011)           
   7 = Previtamin-D3 (CIE 2006)                          
values at z =      0.000 km
Columns: time, sza, weighting spectra
time, hrs.  sza, deg.          1          2          3          4          5          6          7
   11.0000     30.294  1.949E+00  5.599E+01  3.608E-01  5.861E-01  7.449E-03  1.134E+01  5.689E-01
   11.5000     26.713  2.101E+00  5.853E+01  3.803E-01  6.367E-01  8.389E-03  1.240E+01  6.227E-01
   12.0000     24.861  2.174E+00  5.973E+01  3.896E-01  6.613E-01  8.860E-03  1.291E+01  6.489E-01
   12.5000     25.124  2.164E+00  5.956E+01  3.882E-01  6.579E-01  8.794E-03  1.284E+01  6.452E-01
   13.0000     27.441  2.071E+00  5.803E+01  3.765E-01  6.267E-01  8.201E-03  1.219E+01  6.121E-01
------------------------------------------------------------
