Spectral Irradiance, W m-2 nm-1
values at z =      0.000 km
Columns: wavelength (nm), times (hrs.) or sza (deg.)
    wc, nm     11.000     11.500     12.000     12.500     13.000
    sza =      59.535     58.076     57.457     57.707     58.813
  280.5000  9.428E-27  2.134E-26  3.625E-26  2.889E-26  1.315E-26
  281.5000  3.114E-24  7.476E-24  1.266E-23  1.013E-23  4.496E-24
  282.5000  3.187E-22  7.973E-22  1.336E-21  1.076E-21  4.735E-22
  283.5000  5.903E-21  1.507E-20  2.498E-20  2.025E-20  8.919E-21
  284.5000  7.675E-19  1.983E-18  3.189E-18  2.623E-18  1.183E-18
  285.5000  1.815E-17  4.629E-17  7.235E-17  6.027E-17  2.809E-17
  286.5000  9.487E-16  2.364E-15  3.601E-15  3.034E-15  1.462E-15
  287.5000  2.899E-14  6.930E-14  1.023E-13  8.733E-14  4.408E-14
  288.5000  9.178E-13  2.060E-12  2.926E-12  2.538E-12  1.361E-12
  289.5000  1.905E-11  4.048E-11  5.583E-11  4.903E-11  2.758E-11
  290.5000  2.350E-10  4.743E-10  6.375E-10  5.659E-10  3.325E-10
  291.5000  2.672E-09  5.052E-09  6.586E-09  5.920E-09  3.666E-09
  292.5000  1.835E-08  3.277E-08  4.162E-08  3.780E-08  2.450E-08
  293.5000  1.425E-07  2.403E-07  2.977E-07  2.732E-07  1.851E-07
  294.5000  5.881E-07  9.465E-07  1.150E-06  1.063E-06  7.463E-07
  295.5000  3.375E-06  5.162E-06  6.134E-06  5.724E-06  4.177E-06
  296.5000  1.170E-05  1.713E-05  1.999E-05  1.879E-05  1.417E-05
  297.5000  4.097E-05  5.769E-05  6.625E-05  6.268E-05  4.866E-05
  298.5000  8.118E-05  1.106E-04  1.253E-04  1.191E-04  9.483E-05
  299.5000  2.927E-04  3.861E-04  4.317E-04  4.128E-04  3.365E-04
  300.5000  3.962E-04  5.100E-04  5.646E-04  5.420E-04  4.499E-04
  301.5000  1.173E-03  1.469E-03  1.609E-03  1.551E-03  1.314E-03
  302.5000  1.900E-03  2.338E-03  2.541E-03  2.458E-03  2.109E-03
  303.5000  4.419E-03  5.323E-03  5.738E-03  5.568E-03  4.853E-03
  304.5000  5.783E-03  6.882E-03  7.382E-03  7.178E-03  6.313E-03
  305.5000  9.982E-03  1.166E-02  1.242E-02  1.211E-02  1.080E-02
  306.5000  1.170E-02  1.356E-02  1.439E-02  1.405E-02  1.260E-02
  307.5000  2.105E-02  2.403E-02  2.534E-02  2.481E-02  2.250E-02
  308.5000  2.566E-02  2.912E-02  3.064E-02  3.003E-02  2.735E-02
  309.5000  2.618E-02  2.940E-02  3.082E-02  3.024E-02  2.775E-02
  310.5000  3.958E-02  4.414E-02  4.612E-02  4.531E-02  4.181E-02
  311.5000  5.457E-02  6.057E-02  6.317E-02  6.212E-02  5.751E-02
  312.5000  6.017E-02  6.621E-02  6.882E-02  6.776E-02  6.313E-02
  313.5000  7.031E-02  7.721E-02  8.018E-02  7.898E-02  7.370E-02
  314.5000  7.797E-02  8.499E-02  8.801E-02  8.679E-02  8.142E-02
  315.5000  8.200E-02  8.928E-02  9.241E-02  9.114E-02  8.559E-02
  316.5000  8.850E-02  9.580E-02  9.893E-02  9.767E-02  9.210E-02
  317.5000  1.254E-01  1.357E-01  1.401E-01  1.383E-01  1.305E-01
  318.5000  1.061E-01  1.143E-01  1.177E-01  1.163E-01  1.101E-01
  319.5000  1.314E-01  1.414E-01  1.456E-01  1.439E-01  1.363E-01
  320.5000  1.627E-01  1.748E-01  1.800E-01  1.779E-01  1.687E-01
  321.5000  1.476E-01  1.578E-01  1.622E-01  1.604E-01  1.526E-01
  322.5000  1.416E-01  1.519E-01  1.563E-01  1.545E-01  1.467E-01
  323.5000  1.578E-01  1.684E-01  1.729E-01  1.711E-01  1.630E-01
  324.5000  1.849E-01  1.973E-01  2.026E-01  2.005E-01  1.910E-01
  325.5000  2.054E-01  2.193E-01  2.253E-01  2.229E-01  2.123E-01
  326.5000  2.620E-01  2.787E-01  2.858E-01  2.829E-01  2.703E-01
  327.5000  2.403E-01  2.559E-01  2.625E-01  2.598E-01  2.480E-01
  328.5000  2.222E-01  2.366E-01  2.428E-01  2.403E-01  2.293E-01
  329.5000  2.993E-01  3.178E-01  3.257E-01  3.225E-01  3.085E-01
  330.5000  2.683E-01  2.852E-01  2.923E-01  2.894E-01  2.766E-01
  331.5000  2.645E-01  2.813E-01  2.884E-01  2.855E-01  2.728E-01
  332.5000  2.678E-01  2.841E-01  2.910E-01  2.882E-01  2.759E-01
  333.5000  2.491E-01  2.645E-01  2.710E-01  2.684E-01  2.567E-01
  334.5000  2.802E-01  2.973E-01  3.046E-01  3.017E-01  2.887E-01
  335.5000  2.878E-01  3.052E-01  3.125E-01  3.095E-01  2.964E-01
  336.5000  2.244E-01  2.380E-01  2.437E-01  2.414E-01  2.312E-01
  337.5000  2.445E-01  2.594E-01  2.657E-01  2.632E-01  2.519E-01
  338.5000  2.617E-01  2.774E-01  2.840E-01  2.813E-01  2.694E-01
  339.5000  2.852E-01  3.023E-01  3.095E-01  3.066E-01  2.937E-01
  340.5000  3.038E-01  3.221E-01  3.298E-01  3.267E-01  3.128E-01
  341.5000  2.719E-01  2.880E-01  2.949E-01  2.921E-01  2.799E-01
  342.5000  3.018E-01  3.197E-01  3.273E-01  3.242E-01  3.107E-01
  343.5000  3.131E-01  3.317E-01  3.396E-01  3.364E-01  3.223E-01
  344.5000  2.191E-01  2.322E-01  2.377E-01  2.354E-01  2.256E-01
  345.5000  3.024E-01  3.202E-01  3.277E-01  3.247E-01  3.112E-01
  346.5000  2.820E-01  2.987E-01  3.058E-01  3.029E-01  2.903E-01
  347.5000  2.760E-01  2.923E-01  2.991E-01  2.964E-01  2.840E-01
  348.5000  3.040E-01  3.219E-01  3.294E-01  3.264E-01  3.128E-01
  349.5000  2.549E-01  2.699E-01  2.762E-01  2.737E-01  2.623E-01
  350.5000  3.573E-01  3.783E-01  3.872E-01  3.836E-01  3.677E-01
  351.5000  3.081E-01  3.262E-01  3.338E-01  3.307E-01  3.170E-01
  352.5000  2.782E-01  2.945E-01  3.014E-01  2.986E-01  2.863E-01
  353.5000  3.354E-01  3.550E-01  3.633E-01  3.599E-01  3.451E-01
  354.5000  3.635E-01  3.847E-01  3.937E-01  3.901E-01  3.740E-01
  355.5000  3.400E-01  3.598E-01  3.682E-01  3.648E-01  3.498E-01
  356.5000  3.158E-01  3.342E-01  3.419E-01  3.388E-01  3.249E-01
  357.5000  2.687E-01  2.843E-01  2.909E-01  2.883E-01  2.764E-01
  358.5000  2.076E-01  2.196E-01  2.247E-01  2.227E-01  2.135E-01
  359.5000  3.496E-01  3.699E-01  3.785E-01  3.750E-01  3.597E-01
  360.5000  3.243E-01  3.431E-01  3.511E-01  3.479E-01  3.336E-01
  361.5000  2.927E-01  3.096E-01  3.168E-01  3.139E-01  3.011E-01
  362.5000  3.440E-01  3.639E-01  3.723E-01  3.689E-01  3.539E-01
  363.5000  3.063E-01  3.240E-01  3.314E-01  3.284E-01  3.150E-01
  364.5000  3.344E-01  3.536E-01  3.618E-01  3.585E-01  3.439E-01
  365.5000  4.077E-01  4.312E-01  4.411E-01  4.371E-01  4.193E-01
  366.5000  4.319E-01  4.567E-01  4.672E-01  4.629E-01  4.442E-01
  367.5000  4.104E-01  4.340E-01  4.439E-01  4.399E-01  4.221E-01
  368.5000  3.608E-01  3.815E-01  3.902E-01  3.867E-01  3.711E-01
  369.5000  4.331E-01  4.579E-01  4.684E-01  4.642E-01  4.454E-01
  370.5000  3.933E-01  4.157E-01  4.252E-01  4.214E-01  4.044E-01
  371.5000  4.503E-01  4.760E-01  4.869E-01  4.825E-01  4.631E-01
  372.5000  3.329E-01  3.519E-01  3.599E-01  3.567E-01  3.423E-01
  373.5000  3.011E-01  3.183E-01  3.255E-01  3.226E-01  3.096E-01
  374.5000  3.307E-01  3.495E-01  3.575E-01  3.543E-01  3.401E-01
  375.5000  3.734E-01  3.947E-01  4.036E-01  4.000E-01  3.840E-01
  376.5000  3.732E-01  3.944E-01  4.033E-01  3.997E-01  3.837E-01
  377.5000  4.447E-01  4.699E-01  4.806E-01  4.763E-01  4.572E-01
  378.5000  4.851E-01  5.125E-01  5.241E-01  5.194E-01  4.987E-01
  379.5000  3.591E-01  3.794E-01  3.880E-01  3.845E-01  3.692E-01
  380.5000  4.322E-01  4.566E-01  4.669E-01  4.628E-01  4.443E-01
  381.5000  4.065E-01  4.294E-01  4.390E-01  4.351E-01  4.178E-01
  382.5000  2.710E-01  2.863E-01  2.927E-01  2.901E-01  2.786E-01
  383.5000  2.382E-01  2.516E-01  2.572E-01  2.549E-01  2.448E-01
  384.5000  3.577E-01  3.778E-01  3.862E-01  3.828E-01  3.676E-01
  385.5000  3.541E-01  3.740E-01  3.824E-01  3.790E-01  3.640E-01
  386.5000  3.613E-01  3.815E-01  3.900E-01  3.866E-01  3.713E-01
  387.5000  3.360E-01  3.548E-01  3.627E-01  3.595E-01  3.453E-01
  388.5000  3.370E-01  3.558E-01  3.638E-01  3.606E-01  3.463E-01
  389.5000  4.253E-01  4.490E-01  4.590E-01  4.550E-01  4.371E-01
  390.5000  4.180E-01  4.413E-01  4.512E-01  4.472E-01  4.296E-01
  391.5000  4.963E-01  5.239E-01  5.356E-01  5.309E-01  5.100E-01
  392.5000  3.724E-01  3.931E-01  4.019E-01  3.983E-01  3.827E-01
  393.5000  1.620E-01  1.710E-01  1.748E-01  1.733E-01  1.665E-01
  394.5000  3.815E-01  4.027E-01  4.116E-01  4.080E-01  3.920E-01
  395.5000  4.912E-01  5.184E-01  5.299E-01  5.253E-01  5.047E-01
  396.5000  2.887E-01  3.046E-01  3.114E-01  3.086E-01  2.966E-01
  397.5000  3.333E-01  3.517E-01  3.595E-01  3.564E-01  3.425E-01
  398.5000  5.732E-01  6.048E-01  6.181E-01  6.128E-01  5.889E-01
  399.5000  5.966E-01  6.295E-01  6.433E-01  6.377E-01  6.129E-01
  400.5000  6.276E-01  6.622E-01  6.768E-01  6.709E-01  6.448E-01
  401.5000  6.462E-01  6.817E-01  6.967E-01  6.907E-01  6.638E-01
  402.5000  6.713E-01  7.082E-01  7.237E-01  7.175E-01  6.896E-01
  403.5000  6.149E-01  6.486E-01  6.628E-01  6.571E-01  6.316E-01
  404.5000  6.035E-01  6.366E-01  6.505E-01  6.449E-01  6.199E-01
  405.5000  6.273E-01  6.617E-01  6.761E-01  6.703E-01  6.444E-01
  406.5000  5.913E-01  6.236E-01  6.372E-01  6.317E-01  6.073E-01
  407.5000  5.965E-01  6.291E-01  6.428E-01  6.373E-01  6.127E-01
  408.5000  6.648E-01  7.010E-01  7.163E-01  7.101E-01  6.827E-01
  409.5000  6.521E-01  6.876E-01  7.026E-01  6.966E-01  6.697E-01
  410.5000  5.659E-01  5.967E-01  6.096E-01  6.044E-01  5.812E-01
  411.5000  6.806E-01  7.176E-01  7.332E-01  7.269E-01  6.990E-01
  412.5000  6.750E-01  7.117E-01  7.271E-01  7.209E-01  6.932E-01
  413.5000  6.551E-01  6.907E-01  7.056E-01  6.996E-01  6.728E-01
  414.5000  6.738E-01  7.103E-01  7.256E-01  7.195E-01  6.919E-01
  415.5000  6.449E-01  6.798E-01  6.944E-01  6.885E-01  6.622E-01
  416.5000  7.023E-01  7.402E-01  7.562E-01  7.498E-01  7.211E-01
  417.5000  6.424E-01  6.771E-01  6.917E-01  6.858E-01  6.596E-01
  418.5000  6.478E-01  6.828E-01  6.975E-01  6.916E-01  6.652E-01
  419.5000  6.696E-01  7.057E-01  7.209E-01  7.148E-01  6.875E-01
------------------------------------------------------------
Dose rates, W m-2
   1 = UV-B, 280-315 nm                                  
   2 = UV-A, 315-400 nm                                  
   3 = Gaussian, 320 nm, 10 nm FWHM                      
   4 = RB Meter, model 501                               
   5 = DNA damage, in vitro (Setlow, 1974)               
   6 = UV index (WMO, 1994; Webb et al., 2011)           
   7 = Previtamin-D3 (CIE 2006)                          
values at z =      0.000 km
Columns: time, sza, weighting spectra
time, hrs.  sza, deg.          1          2          3          4          5          6          7
   11.0000     59.535  4.113E-01  2.627E+01  1.376E-01  1.146E-01  7.074E-04  2.176E+00  8.533E-02
   11.5000     58.076  4.580E-01  2.781E+01  1.477E-01  1.273E-01  8.127E-04  2.406E+00  9.670E-02
   12.0000     57.457  4.784E-01  2.846E+01  1.520E-01  1.329E-01  8.603E-04  2.507E+00  1.017E-01
   12.5000     57.707  4.701E-01  2.820E+01  1.503E-01  1.307E-01  8.409E-04  2.466E+00  9.969E-02
   13.0000     58.813  4.341E-01  2.703E+01  1.426E-01  1.208E-01  7.583E-04  2.288E+00  9.086E-02
------------------------------------------------------------
