Spectral Irradiance, W m-2 nm-1
values at z =      0.000 km
Columns: wavelength (nm), times (hrs.) or sza (deg.)
    wc, nm     11.000     11.500     12.000     12.500     13.000
    sza =      35.008     32.382     31.188     31.590     33.528
  280.5000  2.728E-13  6.071E-13  8.459E-13  7.581E-13  4.335E-13
  281.5000  6.764E-12  1.404E-11  1.900E-11  1.719E-11  1.032E-11
  282.5000  7.296E-11  1.426E-10  1.881E-10  1.717E-10  1.075E-10
  283.5000  3.100E-10  5.825E-10  7.567E-10  6.941E-10  4.466E-10
  284.5000  2.607E-09  4.564E-09  5.757E-09  5.331E-09  3.605E-09
  285.5000  7.886E-09  1.310E-08  1.616E-08  1.508E-08  1.058E-08
  286.5000  8.329E-08  1.328E-07  1.612E-07  1.512E-07  1.091E-07
  287.5000  4.217E-07  6.429E-07  7.659E-07  7.229E-07  5.382E-07
  288.5000  1.846E-06  2.680E-06  3.130E-06  2.973E-06  2.290E-06
  289.5000  9.196E-06  1.290E-05  1.484E-05  1.417E-05  1.118E-05
  290.5000  3.392E-05  4.620E-05  5.253E-05  5.035E-05  4.056E-05
  291.5000  9.728E-05  1.282E-04  1.437E-04  1.384E-04  1.141E-04
  292.5000  2.153E-04  2.761E-04  3.061E-04  2.958E-04  2.486E-04
  293.5000  5.737E-04  7.169E-04  7.865E-04  7.628E-04  6.526E-04
  294.5000  1.023E-03  1.253E-03  1.364E-03  1.326E-03  1.150E-03
  295.5000  2.401E-03  2.880E-03  3.106E-03  3.029E-03  2.667E-03
  296.5000  3.960E-03  4.665E-03  4.995E-03  4.883E-03  4.353E-03
  297.5000  7.220E-03  8.376E-03  8.911E-03  8.730E-03  7.867E-03
  298.5000  8.254E-03  9.452E-03  1.000E-02  9.816E-03  8.926E-03
  299.5000  1.769E-02  2.001E-02  2.107E-02  2.072E-02  1.900E-02
  300.5000  1.609E-02  1.803E-02  1.891E-02  1.862E-02  1.719E-02
  301.5000  3.093E-02  3.430E-02  3.582E-02  3.531E-02  3.283E-02
  302.5000  3.774E-02  4.159E-02  4.331E-02  4.273E-02  3.992E-02
  303.5000  6.283E-02  6.869E-02  7.130E-02  7.042E-02  6.615E-02
  304.5000  6.781E-02  7.379E-02  7.568E-02  7.556E-02  7.120E-02
  305.5000  8.782E-02  9.493E-02  9.807E-02  9.702E-02  9.185E-02
  306.5000  9.098E-02  9.805E-02  1.012E-01  1.001E-01  9.499E-02
  307.5000  1.292E-01  1.385E-01  1.425E-01  1.412E-01  1.345E-01
  308.5000  1.438E-01  1.538E-01  1.582E-01  1.567E-01  1.495E-01
  309.5000  1.255E-01  1.337E-01  1.373E-01  1.361E-01  1.301E-01
  310.5000  1.697E-01  1.803E-01  1.849E-01  1.834E-01  1.757E-01
  311.5000  2.173E-01  2.305E-01  2.363E-01  2.344E-01  2.248E-01
  312.5000  2.102E-01  2.223E-01  2.275E-01  2.258E-01  2.171E-01
  313.5000  2.380E-01  2.514E-01  2.573E-01  2.553E-01  2.456E-01
  314.5000  2.360E-01  2.487E-01  2.542E-01  2.524E-01  2.432E-01
  315.5000  2.435E-01  2.564E-01  2.621E-01  2.602E-01  2.508E-01
  316.5000  2.410E-01  2.533E-01  2.586E-01  2.568E-01  2.480E-01
  317.5000  3.408E-01  3.581E-01  3.657E-01  3.632E-01  3.507E-01
  318.5000  2.664E-01  2.795E-01  2.851E-01  2.832E-01  2.739E-01
  319.5000  3.247E-01  3.405E-01  3.473E-01  3.450E-01  3.337E-01
  320.5000  3.946E-01  4.135E-01  4.217E-01  4.190E-01  4.054E-01
  321.5000  3.330E-01  3.483E-01  3.550E-01  3.528E-01  3.417E-01
  322.5000  3.370E-01  3.529E-01  3.599E-01  3.575E-01  3.460E-01
  323.5000  3.443E-01  3.599E-01  3.666E-01  3.644E-01  3.532E-01
  324.5000  4.042E-01  4.225E-01  4.305E-01  4.278E-01  4.147E-01
  325.5000  4.537E-01  4.743E-01  4.832E-01  4.803E-01  4.654E-01
  326.5000  5.455E-01  5.695E-01  5.799E-01  5.764E-01  5.592E-01
  327.5000  5.092E-01  5.318E-01  5.416E-01  5.382E-01  5.221E-01
  328.5000  4.702E-01  4.910E-01  5.000E-01  4.970E-01  4.820E-01
  329.5000  6.062E-01  6.323E-01  6.437E-01  6.399E-01  6.211E-01
  330.5000  5.525E-01  5.765E-01  5.869E-01  5.835E-01  5.662E-01
  331.5000  5.463E-01  5.700E-01  5.804E-01  5.769E-01  5.598E-01
  332.5000  5.356E-01  5.585E-01  5.684E-01  5.651E-01  5.487E-01
  333.5000  5.043E-01  5.260E-01  5.354E-01  5.322E-01  5.167E-01
  334.5000  5.630E-01  5.870E-01  5.974E-01  5.939E-01  5.767E-01
  335.5000  5.694E-01  5.935E-01  6.039E-01  6.004E-01  5.831E-01
  336.5000  4.454E-01  4.643E-01  4.725E-01  4.697E-01  4.562E-01
  337.5000  4.898E-01  5.106E-01  5.196E-01  5.166E-01  5.016E-01
  338.5000  5.157E-01  5.374E-01  5.468E-01  5.437E-01  5.281E-01
  339.5000  5.605E-01  5.840E-01  5.942E-01  5.908E-01  5.739E-01
  340.5000  5.998E-01  6.250E-01  6.359E-01  6.322E-01  6.141E-01
  341.5000  5.320E-01  5.542E-01  5.639E-01  5.606E-01  5.447E-01
  342.5000  5.892E-01  6.138E-01  6.244E-01  6.209E-01  6.032E-01
  343.5000  6.123E-01  6.378E-01  6.489E-01  6.452E-01  6.269E-01
  344.5000  4.294E-01  4.473E-01  4.550E-01  4.524E-01  4.396E-01
  345.5000  5.876E-01  6.119E-01  6.224E-01  6.189E-01  6.014E-01
  346.5000  5.500E-01  5.728E-01  5.827E-01  5.794E-01  5.630E-01
  347.5000  5.374E-01  5.596E-01  5.692E-01  5.660E-01  5.500E-01
  348.5000  5.904E-01  6.148E-01  6.253E-01  6.218E-01  6.043E-01
  349.5000  4.948E-01  5.152E-01  5.240E-01  5.211E-01  5.064E-01
  350.5000  6.927E-01  7.212E-01  7.335E-01  7.294E-01  7.089E-01
  351.5000  5.970E-01  6.216E-01  6.322E-01  6.286E-01  6.110E-01
  352.5000  5.384E-01  5.604E-01  5.700E-01  5.668E-01  5.510E-01
  353.5000  6.479E-01  6.745E-01  6.859E-01  6.821E-01  6.631E-01
  354.5000  7.011E-01  7.298E-01  7.422E-01  7.380E-01  7.175E-01
  355.5000  6.552E-01  6.819E-01  6.935E-01  6.896E-01  6.704E-01
  356.5000  6.080E-01  6.328E-01  6.435E-01  6.399E-01  6.221E-01
  357.5000  5.170E-01  5.380E-01  5.471E-01  5.441E-01  5.290E-01
  358.5000  3.989E-01  4.151E-01  4.221E-01  4.198E-01  4.081E-01
  359.5000  6.713E-01  6.985E-01  7.103E-01  7.063E-01  6.868E-01
  360.5000  6.222E-01  6.473E-01  6.582E-01  6.546E-01  6.365E-01
  361.5000  5.609E-01  5.835E-01  5.933E-01  5.901E-01  5.738E-01
  362.5000  6.586E-01  6.851E-01  6.966E-01  6.928E-01  6.737E-01
  363.5000  5.858E-01  6.094E-01  6.196E-01  6.162E-01  5.992E-01
  364.5000  6.390E-01  6.647E-01  6.758E-01  6.721E-01  6.536E-01
  365.5000  7.786E-01  8.099E-01  8.234E-01  8.189E-01  7.964E-01
  366.5000  8.239E-01  8.570E-01  8.713E-01  8.665E-01  8.428E-01
  367.5000  7.822E-01  8.135E-01  8.271E-01  8.226E-01  8.001E-01
  368.5000  6.871E-01  7.146E-01  7.265E-01  7.225E-01  7.028E-01
  369.5000  8.241E-01  8.570E-01  8.713E-01  8.665E-01  8.429E-01
  370.5000  7.477E-01  7.775E-01  7.904E-01  7.861E-01  7.647E-01
  371.5000  8.554E-01  8.895E-01  9.042E-01  8.993E-01  8.748E-01
  372.5000  6.318E-01  6.569E-01  6.678E-01  6.642E-01  6.462E-01
  373.5000  5.711E-01  5.937E-01  6.036E-01  6.003E-01  5.840E-01
  374.5000  6.267E-01  6.516E-01  6.623E-01  6.587E-01  6.409E-01
  375.5000  7.071E-01  7.351E-01  7.472E-01  7.431E-01  7.230E-01
  376.5000  7.060E-01  7.339E-01  7.460E-01  7.420E-01  7.219E-01
  377.5000  8.407E-01  8.739E-01  8.883E-01  8.835E-01  8.596E-01
  378.5000  9.162E-01  9.524E-01  9.680E-01  9.628E-01  9.368E-01
  379.5000  6.778E-01  7.045E-01  7.161E-01  7.122E-01  6.931E-01
  380.5000  8.151E-01  8.472E-01  8.611E-01  8.564E-01  8.334E-01
  381.5000  7.659E-01  7.960E-01  8.090E-01  8.047E-01  7.831E-01
  382.5000  5.103E-01  5.304E-01  5.390E-01  5.361E-01  5.218E-01
  383.5000  4.481E-01  4.657E-01  4.733E-01  4.707E-01  4.581E-01
  384.5000  6.725E-01  6.988E-01  7.102E-01  7.064E-01  6.875E-01
  385.5000  6.653E-01  6.913E-01  7.025E-01  6.988E-01  6.801E-01
  386.5000  6.781E-01  7.046E-01  7.160E-01  7.122E-01  6.932E-01
  387.5000  6.302E-01  6.548E-01  6.654E-01  6.619E-01  6.442E-01
  388.5000  6.317E-01  6.563E-01  6.669E-01  6.633E-01  6.457E-01
  389.5000  7.965E-01  8.275E-01  8.409E-01  8.364E-01  8.142E-01
  390.5000  7.824E-01  8.128E-01  8.259E-01  8.215E-01  7.997E-01
  391.5000  9.281E-01  9.642E-01  9.797E-01  9.745E-01  9.487E-01
  392.5000  6.960E-01  7.230E-01  7.346E-01  7.307E-01  7.114E-01
  393.5000  3.026E-01  3.143E-01  3.194E-01  3.177E-01  3.093E-01
  394.5000  7.120E-01  7.395E-01  7.514E-01  7.474E-01  7.277E-01
  395.5000  9.161E-01  9.514E-01  9.667E-01  9.616E-01  9.362E-01
  396.5000  5.379E-01  5.586E-01  5.676E-01  5.646E-01  5.497E-01
  397.5000  6.207E-01  6.446E-01  6.550E-01  6.515E-01  6.343E-01
  398.5000  1.067E+00  1.108E+00  1.125E+00  1.119E+00  1.090E+00
  399.5000  1.109E+00  1.152E+00  1.170E+00  1.164E+00  1.134E+00
  400.5000  1.166E+00  1.211E+00  1.230E+00  1.224E+00  1.192E+00
  401.5000  1.200E+00  1.246E+00  1.266E+00  1.259E+00  1.226E+00
  402.5000  1.246E+00  1.293E+00  1.314E+00  1.307E+00  1.273E+00
  403.5000  1.140E+00  1.184E+00  1.203E+00  1.196E+00  1.165E+00
  404.5000  1.118E+00  1.161E+00  1.180E+00  1.173E+00  1.143E+00
  405.5000  1.162E+00  1.206E+00  1.225E+00  1.219E+00  1.187E+00
  406.5000  1.094E+00  1.136E+00  1.154E+00  1.148E+00  1.118E+00
  407.5000  1.103E+00  1.145E+00  1.163E+00  1.157E+00  1.127E+00
  408.5000  1.229E+00  1.276E+00  1.296E+00  1.289E+00  1.255E+00
  409.5000  1.205E+00  1.250E+00  1.270E+00  1.264E+00  1.231E+00
  410.5000  1.045E+00  1.084E+00  1.101E+00  1.096E+00  1.067E+00
  411.5000  1.256E+00  1.303E+00  1.324E+00  1.317E+00  1.283E+00
  412.5000  1.245E+00  1.292E+00  1.312E+00  1.305E+00  1.271E+00
  413.5000  1.207E+00  1.253E+00  1.273E+00  1.266E+00  1.233E+00
  414.5000  1.241E+00  1.288E+00  1.308E+00  1.301E+00  1.267E+00
  415.5000  1.187E+00  1.232E+00  1.251E+00  1.244E+00  1.212E+00
  416.5000  1.292E+00  1.340E+00  1.361E+00  1.354E+00  1.319E+00
  417.5000  1.181E+00  1.225E+00  1.244E+00  1.238E+00  1.206E+00
  418.5000  1.190E+00  1.235E+00  1.254E+00  1.248E+00  1.216E+00
  419.5000  1.229E+00  1.276E+00  1.296E+00  1.289E+00  1.256E+00
------------------------------------------------------------
Dose rates, W m-2
   1 = UV-B, 280-315 nm                                  
   2 = UV-A, 315-400 nm                                  
   3 = Gaussian, 320 nm, 10 nm FWHM                      
   4 = RB Meter, model 501                               
   5 = DNA damage, in vitro (Setlow, 1974)               
   6 = UV index (WMO, 1994; Webb et al., 2011)           
   7 = Previtamin-D3 (CIE 2006)                          
values at z =      0.000 km
Columns: time, sza, weighting spectra
time, hrs.  sza, deg.          1          2          3          4          5          6          7
   11.0000     35.008  1.905E+00  5.118E+01  3.333E-01  5.850E-01  8.177E-03  1.151E+01  5.784E-01
   11.5000     32.382  2.036E+00  5.327E+01  3.493E-01  6.297E-01  9.094E-03  1.247E+01  6.263E-01
   12.0000     31.188  2.093E+00  5.418E+01  3.563E-01  6.491E-01  9.505E-03  1.288E+01  6.471E-01
   12.5000     31.590  2.075E+00  5.387E+01  3.539E-01  6.429E-01  9.370E-03  1.275E+01  6.404E-01
   13.0000     33.528  1.980E+00  5.237E+01  3.424E-01  6.103E-01  8.693E-03  1.205E+01  6.055E-01
------------------------------------------------------------
