Spectral Irradiance, W m-2 nm-1
values at z =      0.000 km
Columns: wavelength (nm), times (hrs.) or sza (deg.)
    wc, nm     11.000     11.500     12.000     12.500     13.000
    sza =      30.729     29.153     28.660     29.307     31.020
  280.5000  6.744E-19  1.255E-18  1.510E-18  1.184E-18  5.982E-19
  281.5000  5.543E-17  9.761E-17  1.155E-16  9.254E-17  4.969E-17
  282.5000  1.674E-15  2.811E-15  3.279E-15  2.677E-15  1.514E-15
  283.5000  1.388E-14  2.259E-14  2.612E-14  2.158E-14  1.263E-14
  284.5000  3.948E-13  6.076E-13  6.908E-13  5.834E-13  3.633E-13
  285.5000  2.942E-12  4.342E-12  4.876E-12  4.186E-12  2.729E-12
  286.5000  6.213E-11  8.882E-11  9.879E-11  8.587E-11  5.799E-11
  287.5000  6.786E-10  9.363E-10  1.030E-09  9.082E-10  6.377E-10
  288.5000  6.850E-09  9.094E-09  9.894E-09  8.854E-09  6.485E-09
  289.5000  6.207E-08  8.017E-08  8.650E-08  7.824E-08  5.908E-08
  290.5000  3.780E-07  4.779E-07  5.121E-07  4.675E-07  3.621E-07
  291.5000  1.920E-06  2.360E-06  2.510E-06  2.315E-06  1.845E-06
  292.5000  6.780E-06  8.156E-06  8.618E-06  8.015E-06  6.543E-06
  293.5000  2.804E-05  3.305E-05  3.471E-05  3.254E-05  2.716E-05
  294.5000  7.057E-05  8.188E-05  8.558E-05  8.074E-05  6.858E-05
  295.5000  2.389E-04  2.725E-04  2.834E-04  2.692E-04  2.329E-04
  296.5000  5.340E-04  6.007E-04  6.222E-04  5.941E-04  5.220E-04
  297.5000  1.272E-03  1.413E-03  1.458E-03  1.399E-03  1.246E-03
  298.5000  1.821E-03  2.003E-03  2.061E-03  1.985E-03  1.788E-03
  299.5000  4.828E-03  5.259E-03  5.395E-03  5.217E-03  4.750E-03
  300.5000  5.169E-03  5.589E-03  5.721E-03  5.548E-03  5.092E-03
  301.5000  1.185E-02  1.271E-02  1.298E-02  1.263E-02  1.169E-02
  302.5000  1.625E-02  1.733E-02  1.767E-02  1.723E-02  1.604E-02
  303.5000  3.101E-02  3.288E-02  3.346E-02  3.270E-02  3.067E-02
  304.5000  3.622E-02  3.827E-02  3.890E-02  3.807E-02  3.584E-02
  305.5000  5.275E-02  5.543E-02  5.625E-02  5.517E-02  5.225E-02
  306.5000  5.748E-02  6.026E-02  6.111E-02  5.999E-02  5.696E-02
  307.5000  8.987E-02  9.380E-02  9.501E-02  9.342E-02  8.913E-02
  308.5000  1.038E-01  1.082E-01  1.095E-01  1.078E-01  1.030E-01
  309.5000  9.651E-02  1.003E-01  1.014E-01  9.991E-02  9.580E-02
  310.5000  1.365E-01  1.409E-01  1.431E-01  1.411E-01  1.356E-01
  311.5000  1.802E-01  1.865E-01  1.885E-01  1.859E-01  1.790E-01
  312.5000  1.837E-01  1.898E-01  1.916E-01  1.892E-01  1.826E-01
  313.5000  2.107E-01  2.175E-01  2.195E-01  2.168E-01  2.094E-01
  314.5000  2.185E-01  2.251E-01  2.271E-01  2.245E-01  2.173E-01
  315.5000  2.272E-01  2.339E-01  2.360E-01  2.333E-01  2.259E-01
  316.5000  2.328E-01  2.394E-01  2.414E-01  2.387E-01  2.316E-01
  317.5000  3.295E-01  3.387E-01  3.415E-01  3.378E-01  3.277E-01
  318.5000  2.660E-01  2.730E-01  2.751E-01  2.723E-01  2.646E-01
  319.5000  3.262E-01  3.347E-01  3.373E-01  3.339E-01  3.246E-01
  320.5000  3.993E-01  4.096E-01  4.127E-01  4.086E-01  3.974E-01
  321.5000  3.470E-01  3.554E-01  3.580E-01  3.546E-01  3.454E-01
  322.5000  3.433E-01  3.520E-01  3.547E-01  3.512E-01  3.417E-01
  323.5000  3.635E-01  3.721E-01  3.747E-01  3.712E-01  3.619E-01
  324.5000  4.262E-01  4.363E-01  4.394E-01  4.354E-01  4.243E-01
  325.5000  4.762E-01  4.875E-01  4.910E-01  4.864E-01  4.740E-01
  326.5000  5.864E-01  5.998E-01  6.038E-01  5.985E-01  5.839E-01
  327.5000  5.432E-01  5.557E-01  5.595E-01  5.545E-01  5.408E-01
  328.5000  5.017E-01  5.132E-01  5.167E-01  5.121E-01  4.994E-01
  329.5000  6.583E-01  6.729E-01  6.774E-01  6.715E-01  6.556E-01
  330.5000  5.956E-01  6.090E-01  6.131E-01  6.077E-01  5.931E-01
  331.5000  5.880E-01  6.012E-01  6.053E-01  5.999E-01  5.855E-01
  332.5000  5.840E-01  5.967E-01  6.006E-01  5.955E-01  5.816E-01
  333.5000  5.468E-01  5.588E-01  5.625E-01  5.577E-01  5.445E-01
  334.5000  6.120E-01  6.254E-01  6.295E-01  6.241E-01  6.095E-01
  335.5000  6.228E-01  6.362E-01  6.403E-01  6.349E-01  6.202E-01
  336.5000  4.863E-01  4.968E-01  5.000E-01  4.958E-01  4.843E-01
  337.5000  5.324E-01  5.440E-01  5.475E-01  5.429E-01  5.302E-01
  338.5000  5.641E-01  5.762E-01  5.799E-01  5.751E-01  5.618E-01
  339.5000  6.135E-01  6.267E-01  6.307E-01  6.254E-01  6.111E-01
  340.5000  6.550E-01  6.690E-01  6.733E-01  6.677E-01  6.523E-01
  341.5000  5.828E-01  5.952E-01  5.990E-01  5.941E-01  5.805E-01
  342.5000  6.458E-01  6.596E-01  6.637E-01  6.582E-01  6.433E-01
  343.5000  6.703E-01  6.846E-01  6.889E-01  6.832E-01  6.677E-01
  344.5000  4.695E-01  4.794E-01  4.825E-01  4.785E-01  4.676E-01
  345.5000  6.443E-01  6.579E-01  6.620E-01  6.566E-01  6.418E-01
  346.5000  6.020E-01  6.147E-01  6.186E-01  6.135E-01  5.996E-01
  347.5000  5.882E-01  6.006E-01  6.044E-01  5.995E-01  5.859E-01
  348.5000  6.467E-01  6.603E-01  6.644E-01  6.590E-01  6.441E-01
  349.5000  5.418E-01  5.532E-01  5.567E-01  5.521E-01  5.397E-01
  350.5000  7.586E-01  7.745E-01  7.793E-01  7.730E-01  7.556E-01
  351.5000  6.536E-01  6.673E-01  6.715E-01  6.660E-01  6.511E-01
  352.5000  5.895E-01  6.018E-01  6.055E-01  6.006E-01  5.872E-01
  353.5000  7.096E-01  7.244E-01  7.289E-01  7.230E-01  7.068E-01
  354.5000  7.680E-01  7.840E-01  7.889E-01  7.825E-01  7.650E-01
  355.5000  7.177E-01  7.326E-01  7.371E-01  7.311E-01  7.148E-01
  356.5000  6.659E-01  6.797E-01  6.839E-01  6.784E-01  6.633E-01
  357.5000  5.661E-01  5.779E-01  5.814E-01  5.767E-01  5.639E-01
  358.5000  4.368E-01  4.459E-01  4.486E-01  4.450E-01  4.351E-01
  359.5000  7.350E-01  7.502E-01  7.548E-01  7.488E-01  7.322E-01
  360.5000  6.812E-01  6.953E-01  6.995E-01  6.939E-01  6.786E-01
  361.5000  6.141E-01  6.267E-01  6.306E-01  6.255E-01  6.117E-01
  362.5000  7.210E-01  7.359E-01  7.404E-01  7.344E-01  7.183E-01
  363.5000  6.413E-01  6.545E-01  6.585E-01  6.532E-01  6.388E-01
  364.5000  6.995E-01  7.138E-01  7.182E-01  7.124E-01  6.968E-01
  365.5000  8.522E-01  8.696E-01  8.749E-01  8.679E-01  8.489E-01
  366.5000  9.018E-01  9.202E-01  9.258E-01  9.184E-01  8.983E-01
  367.5000  8.561E-01  8.735E-01  8.788E-01  8.719E-01  8.528E-01
  368.5000  7.519E-01  7.672E-01  7.719E-01  7.658E-01  7.490E-01
  369.5000  9.018E-01  9.201E-01  9.257E-01  9.184E-01  8.983E-01
  370.5000  8.181E-01  8.347E-01  8.397E-01  8.331E-01  8.149E-01
  371.5000  9.359E-01  9.549E-01  9.606E-01  9.530E-01  9.323E-01
  372.5000  6.912E-01  7.052E-01  7.094E-01  7.039E-01  6.886E-01
  373.5000  6.247E-01  6.373E-01  6.411E-01  6.361E-01  6.223E-01
  374.5000  6.855E-01  6.993E-01  7.035E-01  6.980E-01  6.829E-01
  375.5000  7.733E-01  7.889E-01  7.936E-01  7.874E-01  7.704E-01
  376.5000  7.721E-01  7.877E-01  7.924E-01  7.862E-01  7.692E-01
  377.5000  9.193E-01  9.378E-01  9.434E-01  9.360E-01  9.158E-01
  378.5000  1.002E+00  1.022E+00  1.028E+00  1.020E+00  9.980E-01
  379.5000  7.411E-01  7.559E-01  7.605E-01  7.545E-01  7.383E-01
  380.5000  8.911E-01  9.090E-01  9.144E-01  9.073E-01  8.878E-01
  381.5000  8.373E-01  8.540E-01  8.591E-01  8.524E-01  8.341E-01
  382.5000  5.578E-01  5.690E-01  5.724E-01  5.679E-01  5.557E-01
  383.5000  4.898E-01  4.995E-01  5.025E-01  4.986E-01  4.879E-01
  384.5000  7.349E-01  7.496E-01  7.540E-01  7.482E-01  7.322E-01
  385.5000  7.270E-01  7.415E-01  7.459E-01  7.401E-01  7.243E-01
  386.5000  7.410E-01  7.557E-01  7.602E-01  7.543E-01  7.382E-01
  387.5000  6.886E-01  7.022E-01  7.064E-01  7.009E-01  6.860E-01
  388.5000  6.901E-01  7.038E-01  7.079E-01  7.025E-01  6.875E-01
  389.5000  8.702E-01  8.874E-01  8.926E-01  8.858E-01  8.669E-01
  390.5000  8.546E-01  8.715E-01  8.767E-01  8.699E-01  8.514E-01
  391.5000  1.014E+00  1.034E+00  1.040E+00  1.032E+00  1.010E+00
  392.5000  7.601E-01  7.751E-01  7.797E-01  7.737E-01  7.573E-01
  393.5000  3.304E-01  3.370E-01  3.389E-01  3.363E-01  3.292E-01
  394.5000  7.775E-01  7.928E-01  7.974E-01  7.913E-01  7.746E-01
  395.5000  1.000E+00  1.020E+00  1.026E+00  1.018E+00  9.965E-01
  396.5000  5.873E-01  5.988E-01  6.023E-01  5.977E-01  5.851E-01
  397.5000  6.777E-01  6.910E-01  6.950E-01  6.897E-01  6.752E-01
  398.5000  1.164E+00  1.187E+00  1.194E+00  1.185E+00  1.160E+00
  399.5000  1.211E+00  1.235E+00  1.242E+00  1.232E+00  1.207E+00
  400.5000  1.273E+00  1.298E+00  1.305E+00  1.296E+00  1.268E+00
  401.5000  1.310E+00  1.335E+00  1.343E+00  1.333E+00  1.305E+00
  402.5000  1.360E+00  1.386E+00  1.394E+00  1.384E+00  1.355E+00
  403.5000  1.244E+00  1.269E+00  1.276E+00  1.266E+00  1.240E+00
  404.5000  1.220E+00  1.244E+00  1.251E+00  1.242E+00  1.216E+00
  405.5000  1.268E+00  1.292E+00  1.300E+00  1.290E+00  1.263E+00
  406.5000  1.194E+00  1.217E+00  1.224E+00  1.215E+00  1.190E+00
  407.5000  1.204E+00  1.227E+00  1.234E+00  1.225E+00  1.199E+00
  408.5000  1.340E+00  1.366E+00  1.374E+00  1.364E+00  1.336E+00
  409.5000  1.314E+00  1.339E+00  1.347E+00  1.337E+00  1.309E+00
  410.5000  1.139E+00  1.161E+00  1.168E+00  1.159E+00  1.135E+00
  411.5000  1.369E+00  1.396E+00  1.404E+00  1.393E+00  1.364E+00
  412.5000  1.357E+00  1.383E+00  1.391E+00  1.381E+00  1.352E+00
  413.5000  1.316E+00  1.342E+00  1.349E+00  1.339E+00  1.312E+00
  414.5000  1.353E+00  1.379E+00  1.387E+00  1.376E+00  1.348E+00
  415.5000  1.294E+00  1.319E+00  1.326E+00  1.316E+00  1.289E+00
  416.5000  1.408E+00  1.435E+00  1.443E+00  1.433E+00  1.403E+00
  417.5000  1.287E+00  1.312E+00  1.319E+00  1.310E+00  1.283E+00
  418.5000  1.297E+00  1.322E+00  1.330E+00  1.320E+00  1.293E+00
  419.5000  1.340E+00  1.366E+00  1.373E+00  1.363E+00  1.335E+00
------------------------------------------------------------
Dose rates, W m-2
   1 = UV-B, 280-315 nm                                  
   2 = UV-A, 315-400 nm                                  
   3 = Gaussian, 320 nm, 10 nm FWHM                      
   4 = RB Meter, model 501                               
   5 = DNA damage, in vitro (Setlow, 1974)               
   6 = UV index (WMO, 1994; Webb et al., 2011)           
   7 = Previtamin-D3 (CIE 2006)                          
values at z =      0.000 km
Columns: time, sza, weighting spectra
time, hrs.  sza, deg.          1          2          3          4          5          6          7
   11.0000     30.729  1.439E+00  5.561E+01  3.366E-01  4.081E-01  3.703E-03  7.598E+00  3.620E-01
   11.5000     29.153  1.494E+00  5.677E+01  3.452E-01  4.246E-01  3.914E-03  7.912E+00  3.786E-01
   12.0000     28.660  1.512E+00  5.713E+01  3.479E-01  4.298E-01  3.981E-03  8.011E+00  3.839E-01
   12.5000     29.307  1.489E+00  5.666E+01  3.444E-01  4.231E-01  3.894E-03  7.883E+00  3.772E-01
   13.0000     31.020  1.429E+00  5.539E+01  3.350E-01  4.050E-01  3.664E-03  7.539E+00  3.589E-01
------------------------------------------------------------
