Spectral Irradiance, W m-2 nm-1
values at z =      0.000 km
Columns: wavelength (nm), times (hrs.) or sza (deg.)
    wc, nm     11.000     11.500     12.000     12.500     13.000
    sza =      36.698     34.903     34.204     34.671     36.258
  280.5000  1.806E-17  4.033E-17  5.417E-17  4.453E-17  2.213E-17
  281.5000  1.084E-15  2.255E-15  2.949E-15  2.467E-15  1.305E-15
  282.5000  2.499E-14  4.887E-14  6.252E-14  5.309E-14  2.961E-14
  283.5000  1.739E-13  3.267E-13  4.119E-13  3.532E-13  2.040E-13
  284.5000  3.593E-12  6.279E-12  7.708E-12  6.727E-12  4.138E-12
  285.5000  2.113E-11  3.499E-11  4.212E-11  3.724E-11  2.401E-11
  286.5000  3.720E-10  5.912E-10  7.009E-10  6.260E-10  4.183E-10
  287.5000  3.320E-09  5.039E-09  5.875E-09  5.307E-09  3.690E-09
  288.5000  2.691E-08  3.886E-08  4.448E-08  4.067E-08  2.953E-08
  289.5000  2.083E-07  2.904E-07  3.281E-07  3.025E-07  2.266E-07
  290.5000  1.113E-06  1.506E-06  1.683E-06  1.564E-06  1.202E-06
  291.5000  4.859E-06  6.354E-06  7.012E-06  6.568E-06  5.200E-06
  292.5000  1.517E-05  1.929E-05  2.108E-05  1.988E-05  1.612E-05
  293.5000  5.586E-05  6.922E-05  7.490E-05  7.108E-05  5.897E-05
  294.5000  1.277E-04  1.559E-04  1.674E-04  1.596E-04  1.348E-04
  295.5000  3.944E-04  4.686E-04  4.993E-04  4.787E-04  4.120E-04
  296.5000  8.134E-04  9.493E-04  1.005E-03  9.676E-04  8.458E-04
  297.5000  1.805E-03  2.073E-03  2.182E-03  2.109E-03  1.869E-03
  298.5000  2.434E-03  2.760E-03  2.890E-03  2.803E-03  2.513E-03
  299.5000  6.100E-03  6.829E-03  7.119E-03  6.925E-03  6.277E-03
  300.5000  6.253E-03  6.934E-03  7.203E-03  7.023E-03  6.419E-03
  301.5000  1.368E-02  1.501E-02  1.553E-02  1.519E-02  1.400E-02
  302.5000  1.817E-02  1.981E-02  2.045E-02  2.002E-02  1.857E-02
  303.5000  3.345E-02  3.616E-02  3.722E-02  3.652E-02  3.411E-02
  304.5000  3.825E-02  4.116E-02  4.230E-02  4.154E-02  3.896E-02
  305.5000  5.397E-02  5.769E-02  5.913E-02  5.817E-02  5.489E-02
  306.5000  5.802E-02  6.183E-02  6.331E-02  6.233E-02  5.896E-02
  307.5000  8.840E-02  9.368E-02  9.571E-02  9.436E-02  8.970E-02
  308.5000  1.011E-01  1.069E-01  1.092E-01  1.077E-01  1.025E-01
  309.5000  9.241E-02  9.735E-02  9.925E-02  9.799E-02  9.364E-02
  310.5000  1.292E-01  1.357E-01  1.382E-01  1.365E-01  1.308E-01
  311.5000  1.691E-01  1.773E-01  1.805E-01  1.784E-01  1.712E-01
  312.5000  1.700E-01  1.778E-01  1.807E-01  1.788E-01  1.720E-01
  313.5000  1.943E-01  2.030E-01  2.063E-01  2.041E-01  1.965E-01
  314.5000  1.992E-01  2.075E-01  2.107E-01  2.086E-01  2.012E-01
  315.5000  2.066E-01  2.152E-01  2.184E-01  2.163E-01  2.088E-01
  316.5000  2.098E-01  2.180E-01  2.212E-01  2.191E-01  2.119E-01
  317.5000  2.968E-01  3.085E-01  3.129E-01  3.099E-01  2.997E-01
  318.5000  2.376E-01  2.464E-01  2.498E-01  2.475E-01  2.398E-01
  319.5000  2.909E-01  3.016E-01  3.057E-01  3.030E-01  2.936E-01
  320.5000  3.555E-01  3.683E-01  3.732E-01  3.700E-01  3.587E-01
  321.5000  3.064E-01  3.170E-01  3.210E-01  3.183E-01  3.091E-01
  322.5000  3.051E-01  3.160E-01  3.202E-01  3.174E-01  3.078E-01
  323.5000  3.199E-01  3.307E-01  3.348E-01  3.320E-01  3.226E-01
  324.5000  3.753E-01  3.880E-01  3.927E-01  3.896E-01  3.785E-01
  325.5000  4.199E-01  4.341E-01  4.395E-01  4.359E-01  4.234E-01
  326.5000  5.138E-01  5.304E-01  5.367E-01  5.325E-01  5.179E-01
  327.5000  4.770E-01  4.926E-01  4.985E-01  4.946E-01  4.809E-01
  328.5000  4.405E-01  4.549E-01  4.604E-01  4.567E-01  4.441E-01
  329.5000  5.753E-01  5.935E-01  6.004E-01  5.958E-01  5.798E-01
  330.5000  5.216E-01  5.383E-01  5.446E-01  5.404E-01  5.258E-01
  331.5000  5.152E-01  5.317E-01  5.379E-01  5.338E-01  5.193E-01
  332.5000  5.099E-01  5.258E-01  5.319E-01  5.279E-01  5.139E-01
  333.5000  4.782E-01  4.933E-01  4.990E-01  4.952E-01  4.820E-01
  334.5000  5.350E-01  5.517E-01  5.580E-01  5.538E-01  5.391E-01
  335.5000  5.435E-01  5.602E-01  5.666E-01  5.624E-01  5.477E-01
  336.5000  4.247E-01  4.378E-01  4.427E-01  4.394E-01  4.279E-01
  337.5000  4.655E-01  4.800E-01  4.854E-01  4.818E-01  4.691E-01
  338.5000  4.925E-01  5.076E-01  5.133E-01  5.095E-01  4.962E-01
  339.5000  5.355E-01  5.519E-01  5.581E-01  5.540E-01  5.396E-01
  340.5000  5.722E-01  5.897E-01  5.963E-01  5.919E-01  5.765E-01
  341.5000  5.087E-01  5.242E-01  5.301E-01  5.262E-01  5.126E-01
  342.5000  5.637E-01  5.808E-01  5.873E-01  5.830E-01  5.680E-01
  343.5000  5.854E-01  6.031E-01  6.098E-01  6.054E-01  5.898E-01
  344.5000  4.101E-01  4.226E-01  4.273E-01  4.242E-01  4.132E-01
  345.5000  5.625E-01  5.794E-01  5.858E-01  5.816E-01  5.667E-01
  346.5000  5.259E-01  5.417E-01  5.477E-01  5.438E-01  5.298E-01
  347.5000  5.139E-01  5.293E-01  5.352E-01  5.313E-01  5.177E-01
  348.5000  5.649E-01  5.818E-01  5.882E-01  5.840E-01  5.691E-01
  349.5000  4.734E-01  4.876E-01  4.929E-01  4.894E-01  4.769E-01
  350.5000  6.628E-01  6.826E-01  6.901E-01  6.851E-01  6.678E-01
  351.5000  5.712E-01  5.883E-01  5.947E-01  5.904E-01  5.755E-01
  352.5000  5.152E-01  5.305E-01  5.363E-01  5.325E-01  5.190E-01
  353.5000  6.202E-01  6.386E-01  6.456E-01  6.410E-01  6.248E-01
  354.5000  6.713E-01  6.912E-01  6.987E-01  6.937E-01  6.762E-01
  355.5000  6.273E-01  6.459E-01  6.529E-01  6.482E-01  6.319E-01
  356.5000  5.821E-01  5.993E-01  6.059E-01  6.015E-01  5.864E-01
  357.5000  4.950E-01  5.096E-01  5.151E-01  5.115E-01  4.986E-01
  358.5000  3.820E-01  3.932E-01  3.975E-01  3.947E-01  3.848E-01
  359.5000  6.428E-01  6.617E-01  6.689E-01  6.641E-01  6.475E-01
  360.5000  5.958E-01  6.133E-01  6.199E-01  6.155E-01  6.002E-01
  361.5000  5.371E-01  5.529E-01  5.589E-01  5.549E-01  5.411E-01
  362.5000  6.307E-01  6.492E-01  6.562E-01  6.516E-01  6.354E-01
  363.5000  5.611E-01  5.775E-01  5.837E-01  5.796E-01  5.652E-01
  364.5000  6.120E-01  6.299E-01  6.367E-01  6.322E-01  6.165E-01
  365.5000  7.457E-01  7.674E-01  7.757E-01  7.702E-01  7.511E-01
  366.5000  7.892E-01  8.121E-01  8.208E-01  8.151E-01  7.949E-01
  367.5000  7.493E-01  7.710E-01  7.793E-01  7.738E-01  7.547E-01
  368.5000  6.582E-01  6.773E-01  6.845E-01  6.797E-01  6.630E-01
  369.5000  7.895E-01  8.123E-01  8.210E-01  8.152E-01  7.952E-01
  370.5000  7.162E-01  7.369E-01  7.448E-01  7.396E-01  7.214E-01
  371.5000  8.195E-01  8.431E-01  8.521E-01  8.461E-01  8.254E-01
  372.5000  6.053E-01  6.227E-01  6.294E-01  6.250E-01  6.096E-01
  373.5000  5.471E-01  5.628E-01  5.688E-01  5.648E-01  5.510E-01
  374.5000  6.004E-01  6.177E-01  6.242E-01  6.199E-01  6.047E-01
  375.5000  6.774E-01  6.969E-01  7.042E-01  6.993E-01  6.823E-01
  376.5000  6.764E-01  6.958E-01  7.032E-01  6.983E-01  6.813E-01
  377.5000  8.054E-01  8.285E-01  8.372E-01  8.314E-01  8.112E-01
  378.5000  8.778E-01  9.029E-01  9.124E-01  9.061E-01  8.841E-01
  379.5000  6.494E-01  6.680E-01  6.750E-01  6.703E-01  6.541E-01
  380.5000  7.810E-01  8.033E-01  8.117E-01  8.061E-01  7.865E-01
  381.5000  7.339E-01  7.548E-01  7.627E-01  7.574E-01  7.391E-01
  382.5000  4.890E-01  5.029E-01  5.082E-01  5.047E-01  4.925E-01
  383.5000  4.294E-01  4.416E-01  4.462E-01  4.431E-01  4.324E-01
  384.5000  6.443E-01  6.626E-01  6.695E-01  6.649E-01  6.489E-01
  385.5000  6.375E-01  6.555E-01  6.624E-01  6.578E-01  6.420E-01
  386.5000  6.498E-01  6.682E-01  6.751E-01  6.705E-01  6.544E-01
  387.5000  6.039E-01  6.209E-01  6.274E-01  6.231E-01  6.081E-01
  388.5000  6.053E-01  6.223E-01  6.288E-01  6.245E-01  6.095E-01
  389.5000  7.633E-01  7.848E-01  7.929E-01  7.875E-01  7.686E-01
  390.5000  7.497E-01  7.708E-01  7.788E-01  7.735E-01  7.550E-01
  391.5000  8.894E-01  9.144E-01  9.239E-01  9.176E-01  8.956E-01
  392.5000  6.669E-01  6.857E-01  6.927E-01  6.880E-01  6.716E-01
  393.5000  2.899E-01  2.981E-01  3.012E-01  2.991E-01  2.920E-01
  394.5000  6.823E-01  7.014E-01  7.086E-01  7.038E-01  6.870E-01
  395.5000  8.778E-01  9.024E-01  9.117E-01  9.055E-01  8.840E-01
  396.5000  5.155E-01  5.299E-01  5.353E-01  5.317E-01  5.191E-01
  397.5000  5.948E-01  6.114E-01  6.177E-01  6.135E-01  5.990E-01
  398.5000  1.022E+00  1.051E+00  1.061E+00  1.054E+00  1.029E+00
  399.5000  1.063E+00  1.093E+00  1.104E+00  1.096E+00  1.071E+00
  400.5000  1.118E+00  1.149E+00  1.161E+00  1.153E+00  1.125E+00
  401.5000  1.150E+00  1.182E+00  1.194E+00  1.186E+00  1.158E+00
  402.5000  1.194E+00  1.227E+00  1.240E+00  1.231E+00  1.202E+00
  403.5000  1.093E+00  1.123E+00  1.134E+00  1.127E+00  1.100E+00
  404.5000  1.072E+00  1.101E+00  1.113E+00  1.105E+00  1.079E+00
  405.5000  1.113E+00  1.144E+00  1.156E+00  1.148E+00  1.121E+00
  406.5000  1.049E+00  1.078E+00  1.089E+00  1.081E+00  1.056E+00
  407.5000  1.057E+00  1.086E+00  1.098E+00  1.090E+00  1.065E+00
  408.5000  1.178E+00  1.210E+00  1.222E+00  1.214E+00  1.186E+00
  409.5000  1.154E+00  1.186E+00  1.198E+00  1.190E+00  1.162E+00
  410.5000  1.001E+00  1.029E+00  1.039E+00  1.032E+00  1.008E+00
  411.5000  1.203E+00  1.236E+00  1.249E+00  1.241E+00  1.212E+00
  412.5000  1.193E+00  1.225E+00  1.238E+00  1.230E+00  1.201E+00
  413.5000  1.157E+00  1.189E+00  1.201E+00  1.193E+00  1.165E+00
  414.5000  1.189E+00  1.222E+00  1.234E+00  1.226E+00  1.197E+00
  415.5000  1.137E+00  1.168E+00  1.180E+00  1.172E+00  1.145E+00
  416.5000  1.238E+00  1.272E+00  1.284E+00  1.276E+00  1.246E+00
  417.5000  1.132E+00  1.162E+00  1.174E+00  1.166E+00  1.139E+00
  418.5000  1.141E+00  1.172E+00  1.183E+00  1.176E+00  1.148E+00
  419.5000  1.178E+00  1.210E+00  1.222E+00  1.214E+00  1.186E+00
------------------------------------------------------------
Dose rates, W m-2
   1 = UV-B, 280-315 nm                                  
   2 = UV-A, 315-400 nm                                  
   3 = Gaussian, 320 nm, 10 nm FWHM                      
   4 = RB Meter, model 501                               
   5 = DNA damage, in vitro (Setlow, 1974)               
   6 = UV index (WMO, 1994; Webb et al., 2011)           
   7 = Previtamin-D3 (CIE 2006)                          
values at z =      0.000 km
Columns: time, sza, weighting spectra
time, hrs.  sza, deg.          1          2          3          4          5          6          7
   11.0000     36.698  1.377E+00  4.873E+01  2.997E-01  3.962E-01  3.959E-03  7.433E+00  3.622E-01
   11.5000     34.903  1.451E+00  5.019E+01  3.106E-01  4.190E-01  4.283E-03  7.878E+00  3.857E-01
   12.0000     34.204  1.480E+00  5.074E+01  3.147E-01  4.278E-01  4.411E-03  8.050E+00  3.947E-01
   12.5000     34.671  1.461E+00  5.037E+01  3.120E-01  4.220E-01  4.326E-03  7.935E+00  3.887E-01
   13.0000     36.258  1.396E+00  4.910E+01  3.024E-01  4.018E-01  4.038E-03  7.543E+00  3.680E-01
------------------------------------------------------------
