Spectral Irradiance, W m-2 nm-1
values at z =      0.000 km
Columns: wavelength (nm), times (hrs.) or sza (deg.)
    wc, nm     11.000     11.500     12.000     12.500     13.000
    sza =      88.234     87.567     87.250     87.290     87.684
  280.5000  2.076E-35  2.347E-35  2.473E-35  2.457E-35  2.300E-35
  281.5000  2.915E-32  3.294E-32  3.471E-32  3.449E-32  3.228E-32
  282.5000  1.009E-29  1.139E-29  1.200E-29  1.193E-29  1.117E-29
  283.5000  4.052E-28  4.576E-28  4.820E-28  4.789E-28  4.485E-28
  284.5000  2.089E-25  2.358E-25  2.483E-25  2.467E-25  2.311E-25
  285.5000  1.327E-23  1.497E-23  1.576E-23  1.567E-23  1.468E-23
  286.5000  1.454E-21  1.640E-21  1.727E-21  1.716E-21  1.608E-21
  287.5000  9.927E-20  1.119E-19  1.178E-19  1.171E-19  1.097E-19
  288.5000  7.403E-18  8.345E-18  8.785E-18  8.730E-18  8.181E-18
  289.5000  2.810E-16  3.167E-16  3.335E-16  3.314E-16  3.105E-16
  290.5000  5.726E-15  6.456E-15  6.798E-15  6.755E-15  6.329E-15
  291.5000  1.147E-13  1.293E-13  1.362E-13  1.353E-13  1.268E-13
  292.5000  1.253E-12  1.414E-12  1.490E-12  1.480E-12  1.386E-12
  293.5000  1.509E-11  1.704E-11  1.796E-11  1.784E-11  1.670E-11
  294.5000  8.820E-11  9.965E-11  1.051E-10  1.044E-10  9.764E-11
  295.5000  7.359E-10  8.325E-10  8.783E-10  8.726E-10  8.155E-10
  296.5000  3.510E-09  3.976E-09  4.198E-09  4.170E-09  3.894E-09
  297.5000  1.635E-08  1.856E-08  1.961E-08  1.948E-08  1.817E-08
  298.5000  4.158E-08  4.727E-08  5.000E-08  4.965E-08  4.627E-08
  299.5000  1.909E-07  2.175E-07  2.303E-07  2.286E-07  2.128E-07
  300.5000  3.141E-07  3.587E-07  3.802E-07  3.775E-07  3.508E-07
  301.5000  1.161E-06  1.330E-06  1.413E-06  1.402E-06  1.300E-06
  302.5000  2.194E-06  2.520E-06  2.680E-06  2.659E-06  2.462E-06
  303.5000  6.209E-06  7.164E-06  7.633E-06  7.574E-06  6.993E-06
  304.5000  9.165E-06  1.061E-05  1.132E-05  1.123E-05  1.035E-05
  305.5000  1.925E-05  2.240E-05  2.397E-05  2.377E-05  2.184E-05
  306.5000  2.467E-05  2.881E-05  3.087E-05  3.061E-05  2.806E-05
  307.5000  5.384E-05  6.334E-05  6.811E-05  6.750E-05  6.162E-05
  308.5000  7.124E-05  8.408E-05  9.056E-05  8.973E-05  8.175E-05
  309.5000  8.501E-05  1.011E-04  1.092E-04  1.082E-04  9.814E-05
  310.5000  1.464E-04  1.752E-04  1.899E-04  1.880E-04  1.699E-04
  311.5000  2.213E-04  2.662E-04  2.893E-04  2.863E-04  2.579E-04
  312.5000  2.986E-04  3.636E-04  3.976E-04  3.932E-04  3.515E-04
  313.5000  3.681E-04  4.495E-04  4.923E-04  4.868E-04  4.343E-04
  314.5000  5.143E-04  6.389E-04  7.059E-04  6.972E-04  6.154E-04
  315.5000  5.660E-04  7.048E-04  7.797E-04  7.700E-04  6.787E-04
  316.5000  7.826E-04  9.924E-04  1.107E-03  1.092E-03  9.526E-04
  317.5000  1.107E-03  1.403E-03  1.565E-03  1.544E-03  1.347E-03
  318.5000  1.268E-03  1.634E-03  1.834E-03  1.808E-03  1.564E-03
  319.5000  1.679E-03  2.168E-03  2.436E-03  2.401E-03  2.075E-03
  320.5000  2.260E-03  2.927E-03  3.291E-03  3.243E-03  2.800E-03
  321.5000  3.115E-03  4.035E-03  4.526E-03  4.463E-03  3.862E-03
  322.5000  2.125E-03  2.758E-03  3.102E-03  3.057E-03  2.638E-03
  323.5000  4.137E-03  5.326E-03  5.952E-03  5.872E-03  5.104E-03
  324.5000  4.721E-03  6.082E-03  6.801E-03  6.708E-03  5.828E-03
  325.5000  4.810E-03  6.218E-03  6.966E-03  6.869E-03  5.954E-03
  326.5000  9.716E-03  1.227E-02  1.359E-02  1.342E-02  1.180E-02
  327.5000  7.591E-03  9.683E-03  1.077E-02  1.063E-02  9.296E-03
  328.5000  7.030E-03  8.972E-03  9.983E-03  9.853E-03  8.612E-03
  329.5000  1.382E-02  1.718E-02  1.889E-02  1.867E-02  1.657E-02
  330.5000  1.050E-02  1.322E-02  1.462E-02  1.444E-02  1.272E-02
  331.5000  1.001E-02  1.263E-02  1.398E-02  1.381E-02  1.215E-02
  332.5000  1.349E-02  1.665E-02  1.825E-02  1.805E-02  1.608E-02
  333.5000  1.104E-02  1.378E-02  1.517E-02  1.499E-02  1.328E-02
  334.5000  1.324E-02  1.644E-02  1.805E-02  1.785E-02  1.586E-02
  335.5000  1.570E-02  1.925E-02  2.103E-02  2.080E-02  1.861E-02
  336.5000  1.172E-02  1.443E-02  1.579E-02  1.562E-02  1.394E-02
  337.5000  1.153E-02  1.432E-02  1.573E-02  1.555E-02  1.381E-02
  338.5000  1.437E-02  1.761E-02  1.923E-02  1.902E-02  1.702E-02
  339.5000  1.598E-02  1.955E-02  2.134E-02  2.111E-02  1.891E-02
  340.5000  1.608E-02  1.977E-02  2.162E-02  2.138E-02  1.910E-02
  341.5000  1.558E-02  1.901E-02  2.073E-02  2.051E-02  1.839E-02
  342.5000  1.754E-02  2.139E-02  2.330E-02  2.306E-02  2.069E-02
  343.5000  1.770E-02  2.163E-02  2.359E-02  2.334E-02  2.092E-02
  344.5000  1.201E-02  1.471E-02  1.607E-02  1.590E-02  1.422E-02
  345.5000  1.792E-02  2.180E-02  2.374E-02  2.349E-02  2.110E-02
  346.5000  1.593E-02  1.947E-02  2.124E-02  2.101E-02  1.883E-02
  347.5000  1.567E-02  1.914E-02  2.087E-02  2.065E-02  1.851E-02
  348.5000  1.755E-02  2.141E-02  2.333E-02  2.309E-02  2.071E-02
  349.5000  1.468E-02  1.791E-02  1.952E-02  1.932E-02  1.733E-02
  350.5000  2.066E-02  2.519E-02  2.745E-02  2.717E-02  2.437E-02
  351.5000  1.769E-02  2.158E-02  2.353E-02  2.328E-02  2.088E-02
  352.5000  1.606E-02  1.959E-02  2.135E-02  2.112E-02  1.895E-02
  353.5000  1.953E-02  2.380E-02  2.593E-02  2.566E-02  2.303E-02
  354.5000  2.132E-02  2.596E-02  2.827E-02  2.798E-02  2.512E-02
  355.5000  1.995E-02  2.429E-02  2.645E-02  2.618E-02  2.351E-02
  356.5000  1.851E-02  2.254E-02  2.455E-02  2.430E-02  2.181E-02
  357.5000  1.572E-02  1.915E-02  2.086E-02  2.064E-02  1.853E-02
  358.5000  1.219E-02  1.484E-02  1.616E-02  1.599E-02  1.436E-02
  359.5000  2.052E-02  2.498E-02  2.721E-02  2.693E-02  2.418E-02
  360.5000  1.904E-02  2.318E-02  2.524E-02  2.498E-02  2.243E-02
  361.5000  1.722E-02  2.096E-02  2.282E-02  2.259E-02  2.029E-02
  362.5000  2.027E-02  2.466E-02  2.685E-02  2.657E-02  2.387E-02
  363.5000  1.805E-02  2.196E-02  2.391E-02  2.366E-02  2.126E-02
  364.5000  1.968E-02  2.395E-02  2.608E-02  2.581E-02  2.318E-02
  365.5000  2.397E-02  2.917E-02  3.176E-02  3.143E-02  2.823E-02
  366.5000  2.541E-02  3.092E-02  3.367E-02  3.332E-02  2.993E-02
  367.5000  2.417E-02  2.941E-02  3.202E-02  3.169E-02  2.846E-02
  368.5000  2.124E-02  2.585E-02  2.814E-02  2.785E-02  2.502E-02
  369.5000  2.549E-02  3.102E-02  3.377E-02  3.342E-02  3.002E-02
  370.5000  2.314E-02  2.815E-02  3.065E-02  3.033E-02  2.725E-02
  371.5000  2.650E-02  3.224E-02  3.510E-02  3.473E-02  3.120E-02
  372.5000  1.959E-02  2.383E-02  2.594E-02  2.568E-02  2.306E-02
  373.5000  1.770E-02  2.154E-02  2.345E-02  2.321E-02  2.085E-02
  374.5000  1.943E-02  2.365E-02  2.574E-02  2.548E-02  2.289E-02
  375.5000  2.194E-02  2.670E-02  2.907E-02  2.877E-02  2.584E-02
  376.5000  2.193E-02  2.668E-02  2.904E-02  2.874E-02  2.582E-02
  377.5000  2.613E-02  3.178E-02  3.460E-02  3.425E-02  3.076E-02
  378.5000  2.848E-02  3.465E-02  3.773E-02  3.734E-02  3.354E-02
  379.5000  2.108E-02  2.564E-02  2.792E-02  2.763E-02  2.482E-02
  380.5000  2.536E-02  3.085E-02  3.359E-02  3.324E-02  2.986E-02
  381.5000  2.384E-02  2.901E-02  3.158E-02  3.125E-02  2.807E-02
  382.5000  1.589E-02  1.934E-02  2.105E-02  2.083E-02  1.871E-02
  383.5000  1.396E-02  1.698E-02  1.849E-02  1.830E-02  1.644E-02
  384.5000  2.096E-02  2.550E-02  2.776E-02  2.747E-02  2.468E-02
  385.5000  2.075E-02  2.524E-02  2.748E-02  2.719E-02  2.443E-02
  386.5000  2.115E-02  2.574E-02  2.802E-02  2.773E-02  2.491E-02
  387.5000  1.967E-02  2.393E-02  2.605E-02  2.578E-02  2.316E-02
  388.5000  1.972E-02  2.399E-02  2.612E-02  2.585E-02  2.322E-02
  389.5000  2.488E-02  3.026E-02  3.295E-02  3.261E-02  2.929E-02
  390.5000  2.444E-02  2.974E-02  3.237E-02  3.204E-02  2.878E-02
  391.5000  2.901E-02  3.529E-02  3.842E-02  3.803E-02  3.416E-02
  392.5000  2.176E-02  2.647E-02  2.882E-02  2.853E-02  2.562E-02
  393.5000  9.463E-03  1.151E-02  1.253E-02  1.240E-02  1.114E-02
  394.5000  2.227E-02  2.710E-02  2.950E-02  2.920E-02  2.623E-02
  395.5000  2.867E-02  3.488E-02  3.797E-02  3.758E-02  3.375E-02
  396.5000  1.684E-02  2.049E-02  2.230E-02  2.207E-02  1.983E-02
  397.5000  1.944E-02  2.365E-02  2.575E-02  2.548E-02  2.289E-02
  398.5000  3.342E-02  4.066E-02  4.427E-02  4.381E-02  3.935E-02
  399.5000  3.477E-02  4.231E-02  4.606E-02  4.558E-02  4.095E-02
  400.5000  3.657E-02  4.449E-02  4.844E-02  4.794E-02  4.306E-02
  401.5000  3.763E-02  4.578E-02  4.984E-02  4.933E-02  4.431E-02
  402.5000  3.908E-02  4.754E-02  5.176E-02  5.123E-02  4.601E-02
  403.5000  3.578E-02  4.353E-02  4.739E-02  4.690E-02  4.213E-02
  404.5000  3.511E-02  4.271E-02  4.650E-02  4.602E-02  4.134E-02
  405.5000  3.649E-02  4.439E-02  4.833E-02  4.783E-02  4.296E-02
  406.5000  3.437E-02  4.182E-02  4.553E-02  4.506E-02  4.047E-02
  407.5000  3.465E-02  4.216E-02  4.590E-02  4.543E-02  4.080E-02
  408.5000  3.859E-02  4.695E-02  5.112E-02  5.060E-02  4.544E-02
  409.5000  3.784E-02  4.604E-02  5.013E-02  4.961E-02  4.455E-02
  410.5000  3.282E-02  3.993E-02  4.348E-02  4.303E-02  3.865E-02
  411.5000  3.947E-02  4.802E-02  5.229E-02  5.175E-02  4.647E-02
  412.5000  3.914E-02  4.762E-02  5.185E-02  5.132E-02  4.609E-02
  413.5000  3.798E-02  4.621E-02  5.031E-02  4.979E-02  4.472E-02
  414.5000  3.904E-02  4.750E-02  5.173E-02  5.119E-02  4.597E-02
  415.5000  3.734E-02  4.543E-02  4.948E-02  4.896E-02  4.397E-02
  416.5000  4.064E-02  4.945E-02  5.385E-02  5.329E-02  4.785E-02
  417.5000  3.715E-02  4.521E-02  4.923E-02  4.872E-02  4.375E-02
  418.5000  3.746E-02  4.558E-02  4.963E-02  4.912E-02  4.411E-02
  419.5000  3.871E-02  4.710E-02  5.129E-02  5.076E-02  4.558E-02
------------------------------------------------------------
Dose rates, W m-2
   1 = UV-B, 280-315 nm                                  
   2 = UV-A, 315-400 nm                                  
   3 = Gaussian, 320 nm, 10 nm FWHM                      
   4 = RB Meter, model 501                               
   5 = DNA damage, in vitro (Setlow, 1974)               
   6 = UV index (WMO, 1994; Webb et al., 2011)           
   7 = Previtamin-D3 (CIE 2006)                          
values at z =      0.000 km
Columns: time, sza, weighting spectra
time, hrs.  sza, deg.          1          2          3          4          5          6          7
   11.0000     88.234  1.822E-03  1.422E+00  2.588E-03  1.041E-03  4.761E-06  3.838E-02  3.415E-04
   11.5000     87.567  2.215E-03  1.737E+00  3.315E-03  1.300E-03  5.851E-06  4.737E-02  4.164E-04
   12.0000     87.250  2.422E-03  1.895E+00  3.701E-03  1.436E-03  6.412E-06  5.196E-02  4.557E-04
   12.5000     87.290  2.395E-03  1.875E+00  3.651E-03  1.419E-03  6.340E-06  5.137E-02  4.506E-04
   13.0000     87.684  2.142E-03  1.680E+00  3.179E-03  1.252E-03  5.651E-06  4.572E-02  4.025E-04
------------------------------------------------------------
