Spectral Irradiance, W m-2 nm-1
values at z =      0.000 km
Columns: wavelength (nm), times (hrs.) or sza (deg.)
    wc, nm     11.000     11.500     12.000     12.500     13.000
    sza =      31.787     28.790     27.406     27.876     30.110
  280.5000  8.336E-16  2.214E-15  3.318E-15  2.901E-15  1.465E-15
  281.5000  3.547E-14  8.640E-14  1.249E-13  1.106E-13  5.931E-14
  282.5000  6.083E-13  1.376E-12  1.929E-12  1.725E-12  9.746E-13
  283.5000  3.492E-12  7.528E-12  1.035E-11  9.312E-12  5.442E-12
  284.5000  5.086E-11  1.004E-10  1.331E-10  1.212E-10  7.533E-11
  285.5000  2.308E-10  4.272E-10  5.513E-10  5.066E-10  3.294E-10
  286.5000  3.331E-09  5.864E-09  7.413E-09  6.859E-09  4.618E-09
  287.5000  2.384E-08  3.971E-08  4.906E-08  4.574E-08  3.201E-08
  288.5000  1.520E-07  2.385E-07  2.874E-07  2.701E-07  1.971E-07
  289.5000  9.916E-07  1.490E-06  1.764E-06  1.668E-06  1.254E-06
  290.5000  4.588E-06  6.647E-06  7.753E-06  7.367E-06  5.683E-06
  291.5000  1.700E-05  2.365E-05  2.711E-05  2.591E-05  2.057E-05
  292.5000  4.644E-05  6.245E-05  7.062E-05  6.780E-05  5.510E-05
  293.5000  1.508E-04  1.965E-04  2.193E-04  2.115E-04  1.757E-04
  294.5000  3.140E-04  3.992E-04  4.410E-04  4.267E-04  3.606E-04
  295.5000  8.691E-04  1.076E-03  1.176E-03  1.142E-03  9.831E-04
  296.5000  1.643E-03  1.991E-03  2.156E-03  2.100E-03  1.836E-03
  297.5000  3.379E-03  4.016E-03  4.315E-03  4.213E-03  3.733E-03
  298.5000  4.274E-03  4.999E-03  5.336E-03  5.222E-03  4.678E-03
  299.5000  1.008E-02  1.161E-02  1.232E-02  1.208E-02  1.094E-02
  300.5000  9.867E-03  1.124E-02  1.186E-02  1.165E-02  1.063E-02
  301.5000  2.053E-02  2.308E-02  2.424E-02  2.385E-02  2.196E-02
  302.5000  2.639E-02  2.943E-02  3.080E-02  3.034E-02  2.810E-02
  303.5000  4.672E-02  5.160E-02  5.378E-02  5.305E-02  4.947E-02
  304.5000  5.224E-02  5.737E-02  5.966E-02  5.889E-02  5.514E-02
  305.5000  7.131E-02  7.766E-02  8.048E-02  7.953E-02  7.490E-02
  306.5000  7.557E-02  8.200E-02  8.485E-02  8.389E-02  7.920E-02
  307.5000  1.120E-01  1.207E-01  1.246E-01  1.233E-01  1.170E-01
  308.5000  1.268E-01  1.363E-01  1.405E-01  1.391E-01  1.322E-01
  309.5000  1.138E-01  1.218E-01  1.253E-01  1.241E-01  1.183E-01
  310.5000  1.570E-01  1.675E-01  1.720E-01  1.705E-01  1.629E-01
  311.5000  2.038E-01  2.163E-01  2.226E-01  2.207E-01  2.113E-01
  312.5000  2.019E-01  2.140E-01  2.193E-01  2.175E-01  2.088E-01
  313.5000  2.299E-01  2.434E-01  2.493E-01  2.473E-01  2.375E-01
  314.5000  2.326E-01  2.455E-01  2.511E-01  2.492E-01  2.399E-01
  315.5000  2.408E-01  2.540E-01  2.597E-01  2.578E-01  2.483E-01
  316.5000  2.420E-01  2.547E-01  2.601E-01  2.583E-01  2.492E-01
  317.5000  3.424E-01  3.602E-01  3.680E-01  3.654E-01  3.525E-01
  318.5000  2.715E-01  2.850E-01  2.909E-01  2.889E-01  2.792E-01
  319.5000  3.319E-01  3.482E-01  3.553E-01  3.529E-01  3.411E-01
  320.5000  4.046E-01  4.242E-01  4.327E-01  4.299E-01  4.157E-01
  321.5000  3.459E-01  3.619E-01  3.689E-01  3.665E-01  3.550E-01
  322.5000  3.465E-01  3.631E-01  3.703E-01  3.679E-01  3.559E-01
  323.5000  3.597E-01  3.760E-01  3.830E-01  3.807E-01  3.685E-01
  324.5000  4.221E-01  4.412E-01  4.495E-01  4.467E-01  4.330E-01
  325.5000  4.727E-01  4.942E-01  5.035E-01  5.003E-01  4.849E-01
  326.5000  5.745E-01  5.996E-01  6.105E-01  6.068E-01  5.888E-01
  327.5000  5.344E-01  5.580E-01  5.682E-01  5.648E-01  5.478E-01
  328.5000  4.935E-01  5.152E-01  5.246E-01  5.215E-01  5.054E-01
  329.5000  6.412E-01  6.686E-01  6.804E-01  6.765E-01  6.568E-01
  330.5000  5.825E-01  6.074E-01  6.184E-01  6.148E-01  5.967E-01
  331.5000  5.754E-01  6.003E-01  6.109E-01  6.075E-01  5.897E-01
  332.5000  5.675E-01  5.914E-01  6.018E-01  5.983E-01  5.811E-01
  333.5000  5.330E-01  5.556E-01  5.654E-01  5.621E-01  5.458E-01
  334.5000  5.956E-01  6.208E-01  6.316E-01  6.280E-01  6.099E-01
  335.5000  6.040E-01  6.292E-01  6.401E-01  6.365E-01  6.183E-01
  336.5000  4.721E-01  4.918E-01  5.004E-01  4.975E-01  4.833E-01
  337.5000  5.181E-01  5.398E-01  5.492E-01  5.461E-01  5.304E-01
  338.5000  5.470E-01  5.697E-01  5.795E-01  5.763E-01  5.599E-01
  339.5000  5.947E-01  6.193E-01  6.299E-01  6.263E-01  6.087E-01
  340.5000  6.357E-01  6.620E-01  6.734E-01  6.696E-01  6.506E-01
  341.5000  5.646E-01  5.878E-01  5.979E-01  5.945E-01  5.778E-01
  342.5000  6.255E-01  6.511E-01  6.622E-01  6.585E-01  6.401E-01
  343.5000  6.496E-01  6.762E-01  6.878E-01  6.839E-01  6.647E-01
  344.5000  4.552E-01  4.739E-01  4.820E-01  4.793E-01  4.659E-01
  345.5000  6.237E-01  6.491E-01  6.601E-01  6.565E-01  6.382E-01
  346.5000  5.834E-01  6.072E-01  6.175E-01  6.140E-01  5.969E-01
  347.5000  5.699E-01  5.931E-01  6.032E-01  5.998E-01  5.831E-01
  348.5000  6.263E-01  6.518E-01  6.628E-01  6.591E-01  6.408E-01
  349.5000  5.248E-01  5.461E-01  5.553E-01  5.522E-01  5.369E-01
  350.5000  7.347E-01  7.645E-01  7.773E-01  7.730E-01  7.516E-01
  351.5000  6.332E-01  6.587E-01  6.698E-01  6.661E-01  6.477E-01
  352.5000  5.709E-01  5.940E-01  6.039E-01  6.006E-01  5.840E-01
  353.5000  6.872E-01  7.148E-01  7.268E-01  7.228E-01  7.029E-01
  354.5000  7.436E-01  7.735E-01  7.864E-01  7.821E-01  7.606E-01
  355.5000  6.948E-01  7.227E-01  7.348E-01  7.307E-01  7.107E-01
  356.5000  6.447E-01  6.705E-01  6.817E-01  6.780E-01  6.594E-01
  357.5000  5.482E-01  5.701E-01  5.796E-01  5.764E-01  5.606E-01
  358.5000  4.229E-01  4.398E-01  4.471E-01  4.447E-01  4.325E-01
  359.5000  7.117E-01  7.400E-01  7.523E-01  7.482E-01  7.278E-01
  360.5000  6.596E-01  6.858E-01  6.971E-01  6.933E-01  6.745E-01
  361.5000  5.945E-01  6.181E-01  6.284E-01  6.249E-01  6.080E-01
  362.5000  6.981E-01  7.257E-01  7.377E-01  7.337E-01  7.138E-01
  363.5000  6.209E-01  6.455E-01  6.561E-01  6.525E-01  6.349E-01
  364.5000  6.772E-01  7.040E-01  7.155E-01  7.117E-01  6.924E-01
  365.5000  8.251E-01  8.576E-01  8.717E-01  8.670E-01  8.436E-01
  366.5000  8.730E-01  9.074E-01  9.223E-01  9.173E-01  8.926E-01
  367.5000  8.288E-01  8.614E-01  8.755E-01  8.708E-01  8.474E-01
  368.5000  7.280E-01  7.566E-01  7.689E-01  7.648E-01  7.442E-01
  369.5000  8.731E-01  9.073E-01  9.221E-01  9.172E-01  8.926E-01
  370.5000  7.920E-01  8.230E-01  8.364E-01  8.319E-01  8.096E-01
  371.5000  9.061E-01  9.415E-01  9.568E-01  9.517E-01  9.262E-01
  372.5000  6.692E-01  6.953E-01  7.066E-01  7.028E-01  6.841E-01
  373.5000  6.048E-01  6.284E-01  6.386E-01  6.351E-01  6.182E-01
  374.5000  6.637E-01  6.895E-01  7.007E-01  6.969E-01  6.784E-01
  375.5000  7.487E-01  7.778E-01  7.904E-01  7.862E-01  7.653E-01
  376.5000  7.475E-01  7.766E-01  7.891E-01  7.849E-01  7.640E-01
  377.5000  8.900E-01  9.245E-01  9.395E-01  9.345E-01  9.097E-01
  378.5000  9.699E-01  1.007E+00  1.024E+00  1.018E+00  9.913E-01
  379.5000  7.175E-01  7.452E-01  7.572E-01  7.532E-01  7.333E-01
  380.5000  8.628E-01  8.961E-01  9.105E-01  9.057E-01  8.817E-01
  381.5000  8.106E-01  8.419E-01  8.554E-01  8.509E-01  8.284E-01
  382.5000  5.401E-01  5.609E-01  5.699E-01  5.669E-01  5.519E-01
  383.5000  4.742E-01  4.924E-01  5.003E-01  4.977E-01  4.846E-01
  384.5000  7.115E-01  7.389E-01  7.507E-01  7.467E-01  7.271E-01
  385.5000  7.039E-01  7.309E-01  7.426E-01  7.387E-01  7.193E-01
  386.5000  7.174E-01  7.449E-01  7.568E-01  7.528E-01  7.331E-01
  387.5000  6.667E-01  6.922E-01  7.032E-01  6.995E-01  6.812E-01
  388.5000  6.682E-01  6.937E-01  7.047E-01  7.010E-01  6.827E-01
  389.5000  8.425E-01  8.747E-01  8.886E-01  8.839E-01  8.608E-01
  390.5000  8.275E-01  8.590E-01  8.726E-01  8.681E-01  8.454E-01
  391.5000  9.816E-01  1.019E+00  1.035E+00  1.030E+00  1.003E+00
  392.5000  7.360E-01  7.640E-01  7.761E-01  7.720E-01  7.519E-01
  393.5000  3.199E-01  3.321E-01  3.373E-01  3.356E-01  3.269E-01
  394.5000  7.528E-01  7.814E-01  7.937E-01  7.896E-01  7.691E-01
  395.5000  9.685E-01  1.005E+00  1.021E+00  1.016E+00  9.894E-01
  396.5000  5.687E-01  5.902E-01  5.995E-01  5.964E-01  5.809E-01
  397.5000  6.562E-01  6.809E-01  6.917E-01  6.881E-01  6.703E-01
  398.5000  1.127E+00  1.170E+00  1.188E+00  1.182E+00  1.152E+00
  399.5000  1.173E+00  1.217E+00  1.236E+00  1.229E+00  1.198E+00
  400.5000  1.233E+00  1.279E+00  1.299E+00  1.292E+00  1.259E+00
  401.5000  1.268E+00  1.316E+00  1.336E+00  1.330E+00  1.295E+00
  402.5000  1.316E+00  1.366E+00  1.387E+00  1.380E+00  1.345E+00
  403.5000  1.205E+00  1.250E+00  1.270E+00  1.263E+00  1.231E+00
  404.5000  1.182E+00  1.226E+00  1.245E+00  1.239E+00  1.207E+00
  405.5000  1.227E+00  1.273E+00  1.293E+00  1.287E+00  1.254E+00
  406.5000  1.156E+00  1.199E+00  1.218E+00  1.212E+00  1.181E+00
  407.5000  1.165E+00  1.209E+00  1.228E+00  1.222E+00  1.190E+00
  408.5000  1.298E+00  1.346E+00  1.367E+00  1.360E+00  1.326E+00
  409.5000  1.272E+00  1.320E+00  1.340E+00  1.333E+00  1.299E+00
  410.5000  1.103E+00  1.144E+00  1.162E+00  1.156E+00  1.127E+00
  411.5000  1.326E+00  1.375E+00  1.397E+00  1.390E+00  1.354E+00
  412.5000  1.314E+00  1.363E+00  1.384E+00  1.377E+00  1.342E+00
  413.5000  1.275E+00  1.322E+00  1.342E+00  1.336E+00  1.302E+00
  414.5000  1.310E+00  1.359E+00  1.380E+00  1.372E+00  1.338E+00
  415.5000  1.253E+00  1.299E+00  1.319E+00  1.313E+00  1.279E+00
  416.5000  1.364E+00  1.414E+00  1.436E+00  1.428E+00  1.392E+00
  417.5000  1.246E+00  1.293E+00  1.312E+00  1.306E+00  1.273E+00
  418.5000  1.256E+00  1.303E+00  1.323E+00  1.316E+00  1.283E+00
  419.5000  1.298E+00  1.345E+00  1.366E+00  1.359E+00  1.325E+00
------------------------------------------------------------
Dose rates, W m-2
   1 = UV-B, 280-315 nm                                  
   2 = UV-A, 315-400 nm                                  
   3 = Gaussian, 320 nm, 10 nm FWHM                      
   4 = RB Meter, model 501                               
   5 = DNA damage, in vitro (Setlow, 1974)               
   6 = UV index (WMO, 1994; Webb et al., 2011)           
   7 = Previtamin-D3 (CIE 2006)                          
values at z =      0.000 km
Columns: time, sza, weighting spectra
time, hrs.  sza, deg.          1          2          3          4          5          6          7
   11.0000     31.787  1.701E+00  5.406E+01  3.413E-01  4.993E-01  5.603E-03  9.488E+00  4.712E-01
   11.5000     28.790  1.822E+00  5.624E+01  3.578E-01  5.381E-01  6.234E-03  1.027E+01  5.118E-01
   12.0000     27.406  1.876E+00  5.718E+01  3.651E-01  5.555E-01  6.522E-03  1.062E+01  5.300E-01
   12.5000     27.876  1.858E+00  5.687E+01  3.626E-01  5.497E-01  6.425E-03  1.050E+01  5.239E-01
   13.0000     30.110  1.770E+00  5.530E+01  3.506E-01  5.213E-01  5.957E-03  9.928E+00  4.941E-01
------------------------------------------------------------
