Spectral Irradiance, W m-2 nm-1
values at z =      0.000 km
Columns: wavelength (nm), times (hrs.) or sza (deg.)
    wc, nm     11.000     11.500     12.000     12.500     13.000
    sza =      55.650     55.110     54.856     54.897     55.232
  280.5000  1.097E-25  2.092E-25  2.833E-25  2.699E-25  1.808E-25
  281.5000  3.671E-23  6.619E-23  8.726E-23  8.348E-23  5.796E-23
  282.5000  3.695E-21  6.350E-21  8.179E-21  7.855E-21  5.621E-21
  283.5000  6.681E-20  1.113E-19  1.412E-19  1.359E-19  9.922E-20
  284.5000  7.916E-18  1.244E-17  1.536E-17  1.485E-17  1.124E-17
  285.5000  1.689E-16  2.542E-16  3.075E-16  2.983E-16  2.320E-16
  286.5000  7.996E-15  1.164E-14  1.386E-14  1.348E-14  1.070E-14
  287.5000  2.139E-13  3.002E-13  3.513E-13  3.426E-13  2.782E-13
  288.5000  5.711E-12  7.696E-12  8.836E-12  8.644E-12  7.199E-12
  289.5000  1.036E-10  1.356E-10  1.536E-10  1.505E-10  1.276E-10
  290.5000  1.132E-09  1.446E-09  1.619E-09  1.590E-09  1.369E-09
  291.5000  1.110E-08  1.379E-08  1.525E-08  1.501E-08  1.314E-08
  292.5000  6.720E-08  8.161E-08  8.927E-08  8.800E-08  7.814E-08
  293.5000  4.612E-07  5.482E-07  5.937E-07  5.862E-07  5.274E-07
  294.5000  1.723E-06  2.014E-06  2.164E-06  2.140E-06  1.945E-06
  295.5000  8.877E-06  1.019E-05  1.086E-05  1.075E-05  9.881E-06
  296.5000  2.809E-05  3.176E-05  3.361E-05  3.331E-05  3.090E-05
  297.5000  9.067E-05  1.012E-04  1.064E-04  1.056E-04  9.874E-05
  298.5000  1.676E-04  1.850E-04  1.937E-04  1.923E-04  1.810E-04
  299.5000  5.657E-04  6.179E-04  6.436E-04  6.394E-04  6.058E-04
  300.5000  7.278E-04  7.887E-04  8.184E-04  8.136E-04  7.747E-04
  301.5000  2.037E-03  2.188E-03  2.262E-03  2.250E-03  2.154E-03
  302.5000  3.181E-03  3.397E-03  3.502E-03  3.485E-03  3.348E-03
  303.5000  7.083E-03  7.514E-03  7.722E-03  7.688E-03  7.415E-03
  304.5000  9.039E-03  9.553E-03  9.799E-03  9.759E-03  9.435E-03
  305.5000  1.502E-02  1.578E-02  1.614E-02  1.609E-02  1.561E-02
  306.5000  1.732E-02  1.815E-02  1.855E-02  1.849E-02  1.797E-02
  307.5000  3.020E-02  3.150E-02  3.211E-02  3.201E-02  3.120E-02
  308.5000  3.638E-02  3.787E-02  3.858E-02  3.847E-02  3.753E-02
  309.5000  3.634E-02  3.771E-02  3.836E-02  3.825E-02  3.740E-02
  310.5000  5.412E-02  5.604E-02  5.694E-02  5.680E-02  5.560E-02
  311.5000  7.390E-02  7.640E-02  7.758E-02  7.739E-02  7.583E-02
  312.5000  8.005E-02  8.253E-02  8.371E-02  8.352E-02  8.197E-02
  313.5000  9.314E-02  9.598E-02  9.731E-02  9.710E-02  9.533E-02
  314.5000  1.017E-01  1.046E-01  1.059E-01  1.057E-01  1.039E-01
  315.5000  1.067E-01  1.097E-01  1.111E-01  1.109E-01  1.090E-01
  316.5000  1.138E-01  1.168E-01  1.182E-01  1.179E-01  1.161E-01
  317.5000  1.612E-01  1.654E-01  1.674E-01  1.670E-01  1.645E-01
  318.5000  1.350E-01  1.383E-01  1.398E-01  1.395E-01  1.375E-01
  319.5000  1.668E-01  1.708E-01  1.727E-01  1.724E-01  1.699E-01
  320.5000  2.061E-01  2.109E-01  2.132E-01  2.128E-01  2.098E-01
  321.5000  1.851E-01  1.892E-01  1.911E-01  1.907E-01  1.882E-01
  322.5000  1.788E-01  1.829E-01  1.849E-01  1.846E-01  1.820E-01
  323.5000  1.970E-01  2.012E-01  2.032E-01  2.028E-01  2.003E-01
  324.5000  2.309E-01  2.358E-01  2.381E-01  2.377E-01  2.347E-01
  325.5000  2.569E-01  2.624E-01  2.650E-01  2.645E-01  2.611E-01
  326.5000  3.250E-01  3.316E-01  3.347E-01  3.342E-01  3.301E-01
  327.5000  2.988E-01  3.049E-01  3.078E-01  3.074E-01  3.036E-01
  328.5000  2.763E-01  2.819E-01  2.846E-01  2.842E-01  2.807E-01
  329.5000  3.699E-01  3.772E-01  3.806E-01  3.800E-01  3.755E-01
  330.5000  3.323E-01  3.389E-01  3.420E-01  3.415E-01  3.374E-01
  331.5000  3.278E-01  3.344E-01  3.374E-01  3.369E-01  3.329E-01
  332.5000  3.304E-01  3.368E-01  3.398E-01  3.393E-01  3.353E-01
  333.5000  3.078E-01  3.138E-01  3.166E-01  3.162E-01  3.124E-01
  334.5000  3.458E-01  3.525E-01  3.557E-01  3.552E-01  3.510E-01
  335.5000  3.545E-01  3.613E-01  3.645E-01  3.640E-01  3.598E-01
  336.5000  2.765E-01  2.819E-01  2.843E-01  2.839E-01  2.807E-01
  337.5000  3.016E-01  3.075E-01  3.102E-01  3.098E-01  3.061E-01
  338.5000  3.221E-01  3.282E-01  3.311E-01  3.306E-01  3.268E-01
  339.5000  3.509E-01  3.576E-01  3.607E-01  3.602E-01  3.561E-01
  340.5000  3.740E-01  3.811E-01  3.845E-01  3.839E-01  3.795E-01
  341.5000  3.343E-01  3.406E-01  3.435E-01  3.431E-01  3.391E-01
  342.5000  3.709E-01  3.779E-01  3.812E-01  3.807E-01  3.764E-01
  343.5000  3.849E-01  3.921E-01  3.955E-01  3.950E-01  3.905E-01
  344.5000  2.694E-01  2.745E-01  2.769E-01  2.765E-01  2.734E-01
  345.5000  3.713E-01  3.783E-01  3.815E-01  3.810E-01  3.767E-01
  346.5000  3.465E-01  3.530E-01  3.561E-01  3.556E-01  3.516E-01
  347.5000  3.390E-01  3.453E-01  3.483E-01  3.478E-01  3.439E-01
  348.5000  3.732E-01  3.802E-01  3.834E-01  3.829E-01  3.786E-01
  349.5000  3.129E-01  3.188E-01  3.215E-01  3.211E-01  3.175E-01
  350.5000  4.386E-01  4.467E-01  4.506E-01  4.499E-01  4.449E-01
  351.5000  3.781E-01  3.851E-01  3.884E-01  3.879E-01  3.835E-01
  352.5000  3.413E-01  3.477E-01  3.506E-01  3.502E-01  3.462E-01
  353.5000  4.114E-01  4.190E-01  4.226E-01  4.220E-01  4.173E-01
  354.5000  4.457E-01  4.540E-01  4.578E-01  4.572E-01  4.521E-01
  355.5000  4.168E-01  4.245E-01  4.282E-01  4.276E-01  4.228E-01
  356.5000  3.871E-01  3.942E-01  3.976E-01  3.970E-01  3.926E-01
  357.5000  3.293E-01  3.354E-01  3.382E-01  3.378E-01  3.340E-01
  358.5000  2.543E-01  2.590E-01  2.612E-01  2.609E-01  2.580E-01
  359.5000  4.283E-01  4.362E-01  4.399E-01  4.393E-01  4.344E-01
  360.5000  3.973E-01  4.046E-01  4.080E-01  4.074E-01  4.029E-01
  361.5000  3.584E-01  3.650E-01  3.681E-01  3.676E-01  3.635E-01
  362.5000  4.212E-01  4.289E-01  4.325E-01  4.320E-01  4.272E-01
  363.5000  3.749E-01  3.818E-01  3.850E-01  3.845E-01  3.802E-01
  364.5000  4.092E-01  4.167E-01  4.202E-01  4.196E-01  4.150E-01
  365.5000  4.989E-01  5.080E-01  5.123E-01  5.116E-01  5.060E-01
  366.5000  5.284E-01  5.380E-01  5.425E-01  5.418E-01  5.358E-01
  367.5000  5.020E-01  5.111E-01  5.154E-01  5.147E-01  5.091E-01
  368.5000  4.413E-01  4.493E-01  4.530E-01  4.524E-01  4.475E-01
  369.5000  5.296E-01  5.392E-01  5.437E-01  5.430E-01  5.371E-01
  370.5000  4.808E-01  4.895E-01  4.936E-01  4.929E-01  4.875E-01
  371.5000  5.504E-01  5.604E-01  5.651E-01  5.643E-01  5.582E-01
  372.5000  4.068E-01  4.142E-01  4.176E-01  4.171E-01  4.125E-01
  373.5000  3.679E-01  3.746E-01  3.777E-01  3.772E-01  3.731E-01
  374.5000  4.041E-01  4.113E-01  4.147E-01  4.142E-01  4.097E-01
  375.5000  4.561E-01  4.644E-01  4.682E-01  4.676E-01  4.625E-01
  376.5000  4.558E-01  4.640E-01  4.678E-01  4.672E-01  4.621E-01
  377.5000  5.430E-01  5.528E-01  5.573E-01  5.566E-01  5.506E-01
  378.5000  5.922E-01  6.028E-01  6.078E-01  6.070E-01  6.004E-01
  379.5000  4.384E-01  4.462E-01  4.499E-01  4.493E-01  4.444E-01
  380.5000  5.275E-01  5.369E-01  5.413E-01  5.406E-01  5.348E-01
  381.5000  4.960E-01  5.048E-01  5.090E-01  5.083E-01  5.028E-01
  382.5000  3.307E-01  3.366E-01  3.393E-01  3.389E-01  3.352E-01
  383.5000  2.905E-01  2.957E-01  2.981E-01  2.977E-01  2.945E-01
  384.5000  4.362E-01  4.440E-01  4.476E-01  4.470E-01  4.422E-01
  385.5000  4.318E-01  4.395E-01  4.431E-01  4.425E-01  4.378E-01
  386.5000  4.404E-01  4.482E-01  4.519E-01  4.513E-01  4.465E-01
  387.5000  4.095E-01  4.168E-01  4.202E-01  4.196E-01  4.151E-01
  388.5000  4.107E-01  4.180E-01  4.214E-01  4.208E-01  4.163E-01
  389.5000  5.182E-01  5.274E-01  5.317E-01  5.310E-01  5.253E-01
  390.5000  5.093E-01  5.183E-01  5.225E-01  5.218E-01  5.162E-01
  391.5000  6.045E-01  6.152E-01  6.202E-01  6.194E-01  6.128E-01
  392.5000  4.536E-01  4.616E-01  4.653E-01  4.647E-01  4.597E-01
  393.5000  1.973E-01  2.008E-01  2.024E-01  2.021E-01  2.000E-01
  394.5000  4.645E-01  4.727E-01  4.765E-01  4.759E-01  4.708E-01
  395.5000  5.980E-01  6.085E-01  6.134E-01  6.126E-01  6.061E-01
  396.5000  3.513E-01  3.575E-01  3.604E-01  3.599E-01  3.561E-01
  397.5000  4.056E-01  4.127E-01  4.160E-01  4.155E-01  4.111E-01
  398.5000  6.974E-01  7.096E-01  7.153E-01  7.143E-01  7.068E-01
  399.5000  7.257E-01  7.384E-01  7.443E-01  7.434E-01  7.356E-01
  400.5000  7.634E-01  7.767E-01  7.829E-01  7.819E-01  7.737E-01
  401.5000  7.858E-01  7.995E-01  8.059E-01  8.049E-01  7.964E-01
  402.5000  8.162E-01  8.304E-01  8.371E-01  8.360E-01  8.272E-01
  403.5000  7.475E-01  7.605E-01  7.666E-01  7.656E-01  7.576E-01
  404.5000  7.335E-01  7.463E-01  7.522E-01  7.513E-01  7.434E-01
  405.5000  7.624E-01  7.756E-01  7.818E-01  7.808E-01  7.726E-01
  406.5000  7.185E-01  7.309E-01  7.367E-01  7.358E-01  7.281E-01
  407.5000  7.247E-01  7.373E-01  7.431E-01  7.422E-01  7.344E-01
  408.5000  8.075E-01  8.215E-01  8.280E-01  8.270E-01  8.183E-01
  409.5000  7.920E-01  8.057E-01  8.121E-01  8.111E-01  8.026E-01
  410.5000  6.872E-01  6.991E-01  7.046E-01  7.037E-01  6.964E-01
  411.5000  8.264E-01  8.407E-01  8.473E-01  8.463E-01  8.375E-01
  412.5000  8.195E-01  8.336E-01  8.402E-01  8.392E-01  8.304E-01
  413.5000  7.952E-01  8.089E-01  8.153E-01  8.143E-01  8.058E-01
  414.5000  8.177E-01  8.318E-01  8.384E-01  8.373E-01  8.286E-01
  415.5000  7.825E-01  7.960E-01  8.022E-01  8.012E-01  7.929E-01
  416.5000  8.521E-01  8.667E-01  8.735E-01  8.724E-01  8.634E-01
  417.5000  7.793E-01  7.927E-01  7.989E-01  7.979E-01  7.896E-01
  418.5000  7.858E-01  7.993E-01  8.055E-01  8.045E-01  7.962E-01
  419.5000  8.121E-01  8.260E-01  8.325E-01  8.315E-01  8.229E-01
------------------------------------------------------------
Dose rates, W m-2
   1 = UV-B, 280-315 nm                                  
   2 = UV-A, 315-400 nm                                  
   3 = Gaussian, 320 nm, 10 nm FWHM                      
   4 = RB Meter, model 501                               
   5 = DNA damage, in vitro (Setlow, 1974)               
   6 = UV index (WMO, 1994; Webb et al., 2011)           
   7 = Previtamin-D3 (CIE 2006)                          
values at z =      0.000 km
Columns: time, sza, weighting spectra
time, hrs.  sza, deg.          1          2          3          4          5          6          7
   11.0000     55.650  5.611E-01  3.222E+01  1.740E-01  1.558E-01  1.032E-03  2.929E+00  1.208E-01
   11.5000     55.110  5.809E-01  3.282E+01  1.781E-01  1.613E-01  1.080E-03  3.028E+00  1.258E-01
   12.0000     54.856  5.903E-01  3.310E+01  1.800E-01  1.639E-01  1.104E-03  3.075E+00  1.282E-01
   12.5000     54.897  5.888E-01  3.306E+01  1.797E-01  1.635E-01  1.100E-03  3.067E+00  1.278E-01
   13.0000     55.232  5.764E-01  3.269E+01  1.772E-01  1.600E-01  1.069E-03  3.005E+00  1.247E-01
------------------------------------------------------------
