Spectral Irradiance, W m-2 nm-1
values at z =      0.000 km
Columns: wavelength (nm), times (hrs.) or sza (deg.)
    wc, nm     11.000     11.500     12.000     12.500     13.000
    sza =      42.616     41.714     41.459     41.862     42.903
  280.5000  6.030E-22  1.151E-21  1.376E-21  1.037E-21  4.880E-22
  281.5000  9.297E-20  1.675E-19  1.969E-19  1.523E-19  7.669E-20
  282.5000  4.818E-18  8.256E-18  9.575E-18  7.569E-18  4.041E-18
  283.5000  5.672E-17  9.408E-17  1.082E-16  8.670E-17  4.807E-17
  284.5000  3.041E-15  4.779E-15  5.406E-15  4.447E-15  2.641E-15
  285.5000  3.652E-14  5.465E-14  6.108E-14  5.121E-14  3.201E-14
  286.5000  1.108E-12  1.604E-12  1.776E-12  1.511E-12  9.823E-13
  287.5000  1.810E-11  2.524E-11  2.766E-11  2.392E-11  1.624E-11
  288.5000  2.828E-10  3.786E-10  4.104E-10  3.612E-10  2.570E-10
  289.5000  3.501E-09  4.555E-09  4.897E-09  4.365E-09  3.213E-09
  290.5000  2.777E-08  3.526E-08  3.766E-08  3.393E-08  2.569E-08
  291.5000  1.895E-07  2.341E-07  2.481E-07  2.262E-07  1.769E-07
  292.5000  8.531E-07  1.030E-06  1.085E-06  9.993E-07  8.021E-07
  293.5000  4.433E-06  5.241E-06  5.489E-06  5.102E-06  4.197E-06
  294.5000  1.334E-05  1.551E-05  1.617E-05  1.514E-05  1.269E-05
  295.5000  5.456E-05  6.235E-05  6.469E-05  6.102E-05  5.224E-05
  296.5000  1.427E-04  1.607E-04  1.661E-04  1.577E-04  1.373E-04
  297.5000  3.899E-04  4.336E-04  4.465E-04  4.262E-04  3.766E-04
  298.5000  6.268E-04  6.895E-04  7.079E-04  6.790E-04  6.075E-04
  299.5000  1.853E-03  2.018E-03  2.066E-03  1.991E-03  1.802E-03
  300.5000  2.156E-03  2.330E-03  2.381E-03  2.301E-03  2.102E-03
  301.5000  5.410E-03  5.798E-03  5.910E-03  5.734E-03  5.289E-03
  302.5000  7.865E-03  8.383E-03  8.532E-03  8.279E-03  7.703E-03
  303.5000  1.609E-02  1.704E-02  1.732E-02  1.689E-02  1.580E-02
  304.5000  1.957E-02  2.064E-02  2.095E-02  2.047E-02  1.923E-02
  305.5000  3.024E-02  3.173E-02  3.215E-02  3.148E-02  2.977E-02
  306.5000  3.380E-02  3.539E-02  3.584E-02  3.512E-02  3.330E-02
  307.5000  5.550E-02  5.783E-02  5.849E-02  5.745E-02  5.476E-02
  308.5000  6.533E-02  6.796E-02  6.871E-02  6.700E-02  6.450E-02
  309.5000  6.272E-02  6.505E-02  6.570E-02  6.466E-02  6.198E-02
  310.5000  9.080E-02  9.396E-02  9.486E-02  9.345E-02  8.979E-02
  311.5000  1.217E-01  1.257E-01  1.269E-01  1.251E-01  1.204E-01
  312.5000  1.274E-01  1.314E-01  1.325E-01  1.307E-01  1.262E-01
  313.5000  1.471E-01  1.515E-01  1.528E-01  1.508E-01  1.457E-01
  314.5000  1.561E-01  1.603E-01  1.617E-01  1.598E-01  1.547E-01
  315.5000  1.630E-01  1.675E-01  1.687E-01  1.667E-01  1.615E-01
  316.5000  1.700E-01  1.744E-01  1.756E-01  1.737E-01  1.686E-01
  317.5000  2.407E-01  2.469E-01  2.486E-01  2.458E-01  2.387E-01
  318.5000  1.974E-01  2.022E-01  2.036E-01  2.014E-01  1.959E-01
  319.5000  2.430E-01  2.488E-01  2.504E-01  2.478E-01  2.411E-01
  320.5000  2.986E-01  3.057E-01  3.076E-01  3.045E-01  2.963E-01
  321.5000  2.633E-01  2.691E-01  2.708E-01  2.682E-01  2.614E-01
  322.5000  2.578E-01  2.638E-01  2.655E-01  2.628E-01  2.559E-01
  323.5000  2.778E-01  2.838E-01  2.854E-01  2.828E-01  2.759E-01
  324.5000  3.257E-01  3.327E-01  3.346E-01  3.315E-01  3.234E-01
  325.5000  3.631E-01  3.710E-01  3.732E-01  3.697E-01  3.606E-01
  326.5000  4.526E-01  4.619E-01  4.645E-01  4.604E-01  4.496E-01
  327.5000  4.178E-01  4.265E-01  4.290E-01  4.250E-01  4.150E-01
  328.5000  3.860E-01  3.941E-01  3.963E-01  3.928E-01  3.835E-01
  329.5000  5.111E-01  5.213E-01  5.242E-01  5.197E-01  5.079E-01
  330.5000  4.610E-01  4.703E-01  4.729E-01  4.688E-01  4.579E-01
  331.5000  4.549E-01  4.641E-01  4.667E-01  4.626E-01  4.519E-01
  332.5000  4.547E-01  4.637E-01  4.662E-01  4.622E-01  4.518E-01
  333.5000  4.248E-01  4.332E-01  4.356E-01  4.318E-01  4.221E-01
  334.5000  4.763E-01  4.856E-01  4.883E-01  4.841E-01  4.732E-01
  335.5000  4.862E-01  4.956E-01  4.983E-01  4.941E-01  4.832E-01
  336.5000  3.795E-01  3.869E-01  3.889E-01  3.856E-01  3.771E-01
  337.5000  4.147E-01  4.228E-01  4.251E-01  4.215E-01  4.121E-01
  338.5000  4.409E-01  4.494E-01  4.518E-01  4.481E-01  4.382E-01
  339.5000  4.799E-01  4.891E-01  4.917E-01  4.876E-01  4.769E-01
  340.5000  5.119E-01  5.218E-01  5.246E-01  5.202E-01  5.087E-01
  341.5000  4.564E-01  4.651E-01  4.676E-01  4.637E-01  4.536E-01
  342.5000  5.060E-01  5.157E-01  5.184E-01  5.141E-01  5.029E-01
  343.5000  5.251E-01  5.351E-01  5.380E-01  5.335E-01  5.219E-01
  344.5000  3.677E-01  3.747E-01  3.767E-01  3.735E-01  3.654E-01
  345.5000  5.055E-01  5.151E-01  5.178E-01  5.135E-01  5.024E-01
  346.5000  4.721E-01  4.810E-01  4.835E-01  4.795E-01  4.692E-01
  347.5000  4.614E-01  4.702E-01  4.726E-01  4.687E-01  4.586E-01
  348.5000  5.076E-01  5.172E-01  5.199E-01  5.156E-01  5.045E-01
  349.5000  4.254E-01  4.334E-01  4.357E-01  4.321E-01  4.228E-01
  350.5000  5.958E-01  6.070E-01  6.102E-01  6.052E-01  5.922E-01
  351.5000  5.135E-01  5.231E-01  5.258E-01  5.216E-01  5.104E-01
  352.5000  4.633E-01  4.720E-01  4.744E-01  4.705E-01  4.605E-01
  353.5000  5.580E-01  5.684E-01  5.713E-01  5.667E-01  5.546E-01
  354.5000  6.041E-01  6.154E-01  6.186E-01  6.136E-01  6.005E-01
  355.5000  5.647E-01  5.752E-01  5.781E-01  5.735E-01  5.613E-01
  356.5000  5.241E-01  5.338E-01  5.366E-01  5.322E-01  5.209E-01
  357.5000  4.457E-01  4.540E-01  4.563E-01  4.526E-01  4.430E-01
  358.5000  3.440E-01  3.504E-01  3.522E-01  3.493E-01  3.420E-01
  359.5000  5.790E-01  5.898E-01  5.928E-01  5.880E-01  5.756E-01
  360.5000  5.368E-01  5.467E-01  5.495E-01  5.451E-01  5.336E-01
  361.5000  4.841E-01  4.930E-01  4.955E-01  4.915E-01  4.812E-01
  362.5000  5.685E-01  5.790E-01  5.819E-01  5.773E-01  5.652E-01
  363.5000  5.058E-01  5.151E-01  5.177E-01  5.136E-01  5.028E-01
  364.5000  5.518E-01  5.620E-01  5.648E-01  5.603E-01  5.486E-01
  365.5000  6.725E-01  6.848E-01  6.882E-01  6.828E-01  6.685E-01
  366.5000  7.118E-01  7.248E-01  7.285E-01  7.227E-01  7.076E-01
  367.5000  6.759E-01  6.883E-01  6.917E-01  6.862E-01  6.719E-01
  368.5000  5.938E-01  6.047E-01  6.077E-01  6.029E-01  5.903E-01
  369.5000  7.124E-01  7.254E-01  7.290E-01  7.232E-01  7.082E-01
  370.5000  6.464E-01  6.582E-01  6.614E-01  6.562E-01  6.426E-01
  371.5000  7.397E-01  7.531E-01  7.569E-01  7.509E-01  7.354E-01
  372.5000  5.465E-01  5.564E-01  5.591E-01  5.547E-01  5.433E-01
  373.5000  4.940E-01  5.029E-01  5.054E-01  5.014E-01  4.911E-01
  374.5000  5.422E-01  5.520E-01  5.548E-01  5.504E-01  5.390E-01
  375.5000  6.118E-01  6.229E-01  6.260E-01  6.211E-01  6.083E-01
  376.5000  6.110E-01  6.220E-01  6.251E-01  6.202E-01  6.075E-01
  377.5000  7.277E-01  7.408E-01  7.444E-01  7.386E-01  7.235E-01
  378.5000  7.932E-01  8.074E-01  8.114E-01  8.051E-01  7.886E-01
  379.5000  5.869E-01  5.974E-01  6.004E-01  5.957E-01  5.835E-01
  380.5000  7.059E-01  7.185E-01  7.221E-01  7.165E-01  7.018E-01
  381.5000  6.634E-01  6.752E-01  6.786E-01  6.733E-01  6.595E-01
  382.5000  4.421E-01  4.500E-01  4.522E-01  4.487E-01  4.395E-01
  383.5000  3.882E-01  3.952E-01  3.971E-01  3.940E-01  3.860E-01
  384.5000  5.827E-01  5.931E-01  5.960E-01  5.914E-01  5.793E-01
  385.5000  5.766E-01  5.868E-01  5.897E-01  5.851E-01  5.732E-01
  386.5000  5.878E-01  5.982E-01  6.011E-01  5.965E-01  5.844E-01
  387.5000  5.463E-01  5.560E-01  5.587E-01  5.544E-01  5.432E-01
  388.5000  5.476E-01  5.573E-01  5.601E-01  5.558E-01  5.445E-01
  389.5000  6.907E-01  7.029E-01  7.063E-01  7.009E-01  6.867E-01
  390.5000  6.785E-01  6.905E-01  6.938E-01  6.885E-01  6.746E-01
  391.5000  8.050E-01  8.192E-01  8.232E-01  8.169E-01  8.004E-01
  392.5000  6.037E-01  6.144E-01  6.174E-01  6.126E-01  6.003E-01
  393.5000  2.625E-01  2.671E-01  2.684E-01  2.664E-01  2.610E-01
  394.5000  6.178E-01  6.286E-01  6.317E-01  6.269E-01  6.143E-01
  395.5000  7.950E-01  8.089E-01  8.128E-01  8.066E-01  7.904E-01
  396.5000  4.669E-01  4.750E-01  4.773E-01  4.737E-01  4.642E-01
  397.5000  5.388E-01  5.482E-01  5.509E-01  5.467E-01  5.357E-01
  398.5000  9.259E-01  9.421E-01  9.467E-01  9.395E-01  9.207E-01
  399.5000  9.632E-01  9.801E-01  9.848E-01  9.773E-01  9.578E-01
  400.5000  1.013E+00  1.030E+00  1.035E+00  1.028E+00  1.007E+00
  401.5000  1.042E+00  1.060E+00  1.065E+00  1.057E+00  1.036E+00
  402.5000  1.082E+00  1.101E+00  1.106E+00  1.098E+00  1.076E+00
  403.5000  9.905E-01  1.008E+00  1.013E+00  1.005E+00  9.850E-01
  404.5000  9.716E-01  9.885E-01  9.932E-01  9.857E-01  9.662E-01
  405.5000  1.009E+00  1.027E+00  1.032E+00  1.024E+00  1.004E+00
  406.5000  9.509E-01  9.674E-01  9.720E-01  9.647E-01  9.456E-01
  407.5000  9.588E-01  9.754E-01  9.801E-01  9.727E-01  9.535E-01
  408.5000  1.068E+00  1.086E+00  1.092E+00  1.083E+00  1.062E+00
  409.5000  1.047E+00  1.065E+00  1.070E+00  1.062E+00  1.041E+00
  410.5000  9.081E-01  9.238E-01  9.282E-01  9.212E-01  9.031E-01
  411.5000  1.092E+00  1.111E+00  1.116E+00  1.107E+00  1.086E+00
  412.5000  1.082E+00  1.101E+00  1.106E+00  1.098E+00  1.076E+00
  413.5000  1.050E+00  1.068E+00  1.073E+00  1.065E+00  1.044E+00
  414.5000  1.079E+00  1.098E+00  1.103E+00  1.094E+00  1.073E+00
  415.5000  1.032E+00  1.050E+00  1.055E+00  1.047E+00  1.026E+00
  416.5000  1.123E+00  1.143E+00  1.148E+00  1.140E+00  1.117E+00
  417.5000  1.027E+00  1.045E+00  1.050E+00  1.042E+00  1.022E+00
  418.5000  1.035E+00  1.053E+00  1.058E+00  1.050E+00  1.030E+00
  419.5000  1.070E+00  1.088E+00  1.093E+00  1.085E+00  1.064E+00
------------------------------------------------------------
Dose rates, W m-2
   1 = UV-B, 280-315 nm                                  
   2 = UV-A, 315-400 nm                                  
   3 = Gaussian, 320 nm, 10 nm FWHM                      
   4 = RB Meter, model 501                               
   5 = DNA damage, in vitro (Setlow, 1974)               
   6 = UV index (WMO, 1994; Webb et al., 2011)           
   7 = Previtamin-D3 (CIE 2006)                          
values at z =      0.000 km
Columns: time, sza, weighting spectra
time, hrs.  sza, deg.          1          2          3          4          5          6          7
   11.0000     42.616  9.449E-01  4.367E+01  2.518E-01  2.635E-01  2.043E-03  4.894E+00  2.203E-01
   11.5000     41.714  9.785E-01  4.449E+01  2.577E-01  2.732E-01  2.146E-03  5.072E+00  2.297E-01
   12.0000     41.459  9.882E-01  4.472E+01  2.594E-01  2.760E-01  2.176E-03  5.123E+00  2.323E-01
   12.5000     41.862  9.725E-01  4.436E+01  2.567E-01  2.715E-01  2.128E-03  5.040E+00  2.279E-01
   13.0000     42.903  9.341E-01  4.341E+01  2.499E-01  2.604E-01  2.010E-03  4.837E+00  2.173E-01
------------------------------------------------------------
