Spectral Irradiance, W m-2 nm-1
values at z =      0.000 km
Columns: wavelength (nm), times (hrs.) or sza (deg.)
    wc, nm     11.000     11.500     12.000     12.500     13.000
    sza =      13.988      7.451      4.104      8.928     15.621
  280.5000  1.024E-13  1.865E-13  2.193E-13  1.684E-13  8.286E-14
  281.5000  2.824E-12  4.880E-12  5.657E-12  4.446E-12  2.328E-12
  282.5000  3.337E-11  5.514E-11  6.315E-11  5.062E-11  2.796E-11
  283.5000  1.505E-10  2.414E-10  2.742E-10  2.227E-10  1.273E-10
  284.5000  1.410E-09  2.146E-09  2.403E-09  1.998E-09  1.216E-09
  285.5000  4.622E-09  6.760E-09  7.491E-09  6.337E-09  4.043E-09
  286.5000  5.194E-08  7.368E-08  7.916E-08  6.942E-08  4.591E-08
  287.5000  2.816E-07  3.862E-07  4.207E-07  3.660E-07  2.519E-07
  288.5000  1.329E-06  1.757E-06  1.895E-06  1.675E-06  1.204E-06
  289.5000  6.984E-06  8.996E-06  9.633E-06  8.616E-06  6.387E-06
  290.5000  2.695E-05  3.396E-05  3.615E-05  3.265E-05  2.485E-05
  291.5000  8.058E-05  9.999E-05  1.057E-04  9.653E-05  7.566E-05
  292.5000  1.879E-04  2.262E-04  2.378E-04  2.191E-04  1.760E-04
  293.5000  5.208E-04  6.151E-04  6.435E-04  5.979E-04  4.912E-04
  294.5000  9.585E-04  1.115E-03  1.162E-03  1.087E-03  9.087E-04
  295.5000  2.327E-03  2.664E-03  2.763E-03  2.603E-03  2.218E-03
  296.5000  3.945E-03  4.457E-03  4.607E-03  4.365E-03  3.779E-03
  297.5000  7.374E-03  8.234E-03  8.483E-03  8.080E-03  7.093E-03
  298.5000  8.609E-03  9.519E-03  9.781E-03  9.357E-03  8.310E-03
  299.5000  1.883E-02  2.062E-02  2.114E-02  2.030E-02  1.823E-02
  300.5000  1.739E-02  1.891E-02  1.935E-02  1.864E-02  1.688E-02
  301.5000  3.398E-02  3.667E-02  3.744E-02  3.620E-02  3.246E-02
  302.5000  4.193E-02  4.502E-02  4.590E-02  4.447E-02  4.089E-02
  303.5000  7.071E-02  7.547E-02  7.682E-02  7.463E-02  6.911E-02
  304.5000  7.688E-02  8.178E-02  8.316E-02  8.092E-02  7.523E-02
  305.5000  1.007E-01  1.065E-01  1.069E-01  1.055E-01  9.870E-02
  306.5000  1.048E-01  1.106E-01  1.123E-01  1.096E-01  1.028E-01
  307.5000  1.502E-01  1.579E-01  1.600E-01  1.565E-01  1.475E-01
  308.5000  1.677E-01  1.760E-01  1.784E-01  1.746E-01  1.649E-01
  309.5000  1.472E-01  1.532E-01  1.560E-01  1.528E-01  1.448E-01
  310.5000  1.998E-01  2.087E-01  2.112E-01  2.072E-01  1.968E-01
  311.5000  2.566E-01  2.677E-01  2.708E-01  2.653E-01  2.528E-01
  312.5000  2.494E-01  2.595E-01  2.624E-01  2.578E-01  2.459E-01
  313.5000  2.826E-01  2.939E-01  2.971E-01  2.920E-01  2.787E-01
  314.5000  2.814E-01  2.921E-01  2.951E-01  2.902E-01  2.778E-01
  315.5000  2.905E-01  3.014E-01  3.044E-01  2.995E-01  2.867E-01
  316.5000  2.884E-01  2.987E-01  3.016E-01  2.969E-01  2.848E-01
  317.5000  4.078E-01  4.224E-01  4.264E-01  4.198E-01  4.027E-01
  318.5000  3.197E-01  3.307E-01  3.338E-01  3.288E-01  3.160E-01
  319.5000  3.898E-01  4.031E-01  4.068E-01  4.008E-01  3.853E-01
  320.5000  4.739E-01  4.898E-01  4.943E-01  4.870E-01  4.684E-01
  321.5000  4.010E-01  4.139E-01  4.175E-01  4.117E-01  3.966E-01
  322.5000  4.047E-01  4.181E-01  4.219E-01  4.157E-01  4.001E-01
  323.5000  4.149E-01  4.280E-01  4.317E-01  4.257E-01  4.104E-01
  324.5000  4.870E-01  5.023E-01  5.066E-01  4.997E-01  4.817E-01
  325.5000  5.460E-01  5.634E-01  5.682E-01  5.603E-01  5.401E-01
  326.5000  6.581E-01  6.782E-01  6.839E-01  6.747E-01  6.512E-01
  327.5000  6.136E-01  6.325E-01  6.378E-01  6.292E-01  6.070E-01
  328.5000  5.663E-01  5.838E-01  5.887E-01  5.808E-01  5.603E-01
  329.5000  7.313E-01  7.533E-01  7.594E-01  7.494E-01  7.238E-01
  330.5000  6.658E-01  6.859E-01  6.915E-01  6.820E-01  6.588E-01
  331.5000  6.579E-01  6.779E-01  6.834E-01  6.744E-01  6.511E-01
  332.5000  6.458E-01  6.650E-01  6.704E-01  6.617E-01  6.392E-01
  333.5000  6.075E-01  6.256E-01  6.307E-01  6.225E-01  6.012E-01
  334.5000  6.781E-01  6.982E-01  7.038E-01  6.947E-01  6.712E-01
  335.5000  6.861E-01  7.062E-01  7.118E-01  7.027E-01  6.791E-01
  336.5000  5.364E-01  5.522E-01  5.566E-01  5.495E-01  5.310E-01
  337.5000  5.893E-01  6.067E-01  6.116E-01  6.037E-01  5.833E-01
  338.5000  6.208E-01  6.389E-01  6.440E-01  6.358E-01  6.146E-01
  339.5000  6.745E-01  6.942E-01  6.996E-01  6.907E-01  6.677E-01
  340.5000  7.213E-01  7.424E-01  7.483E-01  7.387E-01  7.141E-01
  341.5000  6.399E-01  6.585E-01  6.636E-01  6.552E-01  6.335E-01
  342.5000  7.085E-01  7.290E-01  7.347E-01  7.255E-01  7.015E-01
  343.5000  7.359E-01  7.572E-01  7.631E-01  7.535E-01  7.286E-01
  344.5000  5.158E-01  5.308E-01  5.349E-01  5.282E-01  5.107E-01
  345.5000  7.058E-01  7.261E-01  7.318E-01  7.226E-01  6.989E-01
  346.5000  6.604E-01  6.794E-01  6.847E-01  6.761E-01  6.539E-01
  347.5000  6.450E-01  6.636E-01  6.687E-01  6.603E-01  6.386E-01
  348.5000  7.085E-01  7.288E-01  7.344E-01  7.253E-01  7.015E-01
  349.5000  5.935E-01  6.105E-01  6.153E-01  6.076E-01  5.877E-01
  350.5000  8.307E-01  8.544E-01  8.610E-01  8.503E-01  8.225E-01
  351.5000  7.158E-01  7.362E-01  7.419E-01  7.326E-01  7.087E-01
  352.5000  6.452E-01  6.636E-01  6.687E-01  6.604E-01  6.389E-01
  353.5000  7.763E-01  7.984E-01  8.045E-01  7.946E-01  7.687E-01
  354.5000  8.398E-01  8.637E-01  8.703E-01  8.595E-01  8.316E-01
  355.5000  7.846E-01  8.068E-01  8.130E-01  8.029E-01  7.769E-01
  356.5000  7.278E-01  7.484E-01  7.541E-01  7.448E-01  7.207E-01
  357.5000  6.187E-01  6.362E-01  6.410E-01  6.331E-01  6.127E-01
  358.5000  4.772E-01  4.907E-01  4.944E-01  4.883E-01  4.726E-01
  359.5000  8.028E-01  8.255E-01  8.317E-01  8.215E-01  7.951E-01
  360.5000  7.439E-01  7.648E-01  7.706E-01  7.612E-01  7.367E-01
  361.5000  6.704E-01  6.892E-01  6.944E-01  6.859E-01  6.639E-01
  362.5000  7.869E-01  8.090E-01  8.151E-01  8.052E-01  7.794E-01
  363.5000  6.998E-01  7.194E-01  7.248E-01  7.160E-01  6.930E-01
  364.5000  7.631E-01  7.844E-01  7.904E-01  7.807E-01  7.558E-01
  365.5000  9.295E-01  9.555E-01  9.627E-01  9.510E-01  9.206E-01
  366.5000  9.834E-01  1.011E+00  1.018E+00  1.006E+00  9.740E-01
  367.5000  9.334E-01  9.593E-01  9.666E-01  9.548E-01  9.244E-01
  368.5000  8.196E-01  8.424E-01  8.488E-01  8.385E-01  8.118E-01
  369.5000  9.828E-01  1.010E+00  1.018E+00  1.005E+00  9.734E-01
  370.5000  8.914E-01  9.161E-01  9.230E-01  9.118E-01  8.829E-01
  371.5000  1.020E+00  1.048E+00  1.056E+00  1.043E+00  1.010E+00
  372.5000  7.529E-01  7.737E-01  7.795E-01  7.701E-01  7.457E-01
  373.5000  6.803E-01  6.991E-01  7.043E-01  6.958E-01  6.738E-01
  374.5000  7.464E-01  7.670E-01  7.727E-01  7.634E-01  7.393E-01
  375.5000  8.418E-01  8.650E-01  8.715E-01  8.610E-01  8.339E-01
  376.5000  8.404E-01  8.635E-01  8.699E-01  8.595E-01  8.324E-01
  377.5000  1.000E+00  1.028E+00  1.036E+00  1.023E+00  9.909E-01
  378.5000  1.090E+00  1.120E+00  1.128E+00  1.115E+00  1.080E+00
  379.5000  8.062E-01  8.283E-01  8.344E-01  8.244E-01  7.986E-01
  380.5000  9.692E-01  9.958E-01  1.003E+00  9.912E-01  9.601E-01
  381.5000  9.105E-01  9.354E-01  9.423E-01  9.311E-01  9.019E-01
  382.5000  6.065E-01  6.231E-01  6.277E-01  6.202E-01  6.008E-01
  383.5000  5.324E-01  5.470E-01  5.510E-01  5.444E-01  5.274E-01
  384.5000  7.988E-01  8.205E-01  8.266E-01  8.168E-01  7.913E-01
  385.5000  7.901E-01  8.116E-01  8.175E-01  8.078E-01  7.827E-01
  386.5000  8.051E-01  8.270E-01  8.331E-01  8.232E-01  7.976E-01
  387.5000  7.481E-01  7.684E-01  7.740E-01  7.648E-01  7.411E-01
  388.5000  7.496E-01  7.699E-01  7.755E-01  7.664E-01  7.426E-01
  389.5000  9.451E-01  9.706E-01  9.777E-01  9.662E-01  9.363E-01
  390.5000  9.280E-01  9.531E-01  9.601E-01  9.487E-01  9.194E-01
  391.5000  1.101E+00  1.130E+00  1.139E+00  1.125E+00  1.090E+00
  392.5000  8.252E-01  8.474E-01  8.536E-01  8.436E-01  8.175E-01
  393.5000  3.587E-01  3.683E-01  3.710E-01  3.666E-01  3.553E-01
  394.5000  8.437E-01  8.664E-01  8.727E-01  8.625E-01  8.359E-01
  395.5000  1.085E+00  1.115E+00  1.123E+00  1.109E+00  1.075E+00
  396.5000  6.372E-01  6.543E-01  6.590E-01  6.513E-01  6.313E-01
  397.5000  7.351E-01  7.548E-01  7.603E-01  7.514E-01  7.283E-01
  398.5000  1.263E+00  1.297E+00  1.306E+00  1.291E+00  1.251E+00
  399.5000  1.313E+00  1.348E+00  1.358E+00  1.342E+00  1.301E+00
  400.5000  1.380E+00  1.417E+00  1.427E+00  1.411E+00  1.368E+00
  401.5000  1.420E+00  1.458E+00  1.468E+00  1.451E+00  1.407E+00
  402.5000  1.474E+00  1.513E+00  1.524E+00  1.506E+00  1.460E+00
  403.5000  1.349E+00  1.385E+00  1.395E+00  1.378E+00  1.336E+00
  404.5000  1.322E+00  1.358E+00  1.367E+00  1.352E+00  1.310E+00
  405.5000  1.374E+00  1.410E+00  1.420E+00  1.404E+00  1.361E+00
  406.5000  1.293E+00  1.328E+00  1.337E+00  1.322E+00  1.282E+00
  407.5000  1.304E+00  1.338E+00  1.348E+00  1.332E+00  1.292E+00
  408.5000  1.452E+00  1.490E+00  1.501E+00  1.484E+00  1.439E+00
  409.5000  1.423E+00  1.461E+00  1.471E+00  1.454E+00  1.410E+00
  410.5000  1.234E+00  1.266E+00  1.275E+00  1.261E+00  1.223E+00
  411.5000  1.483E+00  1.522E+00  1.533E+00  1.515E+00  1.469E+00
  412.5000  1.469E+00  1.508E+00  1.519E+00  1.501E+00  1.456E+00
  413.5000  1.425E+00  1.462E+00  1.473E+00  1.456E+00  1.412E+00
  414.5000  1.464E+00  1.503E+00  1.513E+00  1.496E+00  1.451E+00
  415.5000  1.400E+00  1.437E+00  1.447E+00  1.431E+00  1.387E+00
  416.5000  1.524E+00  1.564E+00  1.575E+00  1.557E+00  1.510E+00
  417.5000  1.393E+00  1.429E+00  1.439E+00  1.423E+00  1.380E+00
  418.5000  1.403E+00  1.440E+00  1.450E+00  1.434E+00  1.391E+00
  419.5000  1.449E+00  1.487E+00  1.498E+00  1.481E+00  1.436E+00
------------------------------------------------------------
Dose rates, W m-2
   1 = UV-B, 280-315 nm                                  
   2 = UV-A, 315-400 nm                                  
   3 = Gaussian, 320 nm, 10 nm FWHM                      
   4 = RB Meter, model 501                               
   5 = DNA damage, in vitro (Setlow, 1974)               
   6 = UV index (WMO, 1994; Webb et al., 2011)           
   7 = Previtamin-D3 (CIE 2006)                          
values at z =      0.000 km
Columns: time, sza, weighting spectra
time, hrs.  sza, deg.          1          2          3          4          5          6          7
   11.0000     13.988  2.224E+00  6.114E+01  4.000E-01  6.753E-01  8.980E-03  1.316E+01  6.617E-01
   11.5000      7.451  2.332E+00  6.288E+01  4.135E-01  7.115E-01  9.687E-03  1.392E+01  7.004E-01
   12.0000      4.104  2.362E+00  6.336E+01  4.173E-01  7.214E-01  9.884E-03  1.413E+01  7.108E-01
   12.5000      8.928  2.313E+00  6.257E+01  4.112E-01  7.053E-01  9.562E-03  1.379E+01  6.937E-01
   13.0000     15.621  2.187E+00  6.054E+01  3.954E-01  6.626E-01  8.731E-03  1.289E+01  6.480E-01
------------------------------------------------------------
