Spectral Irradiance, W m-2 nm-1
values at z =      0.000 km
Columns: wavelength (nm), times (hrs.) or sza (deg.)
    wc, nm     11.000     11.500     12.000     12.500     13.000
    sza =      57.816     56.924     56.905     57.758     59.448
  280.5000  1.537E-17  2.953E-17  2.997E-17  1.601E-17  5.410E-18
  281.5000  8.767E-16  1.613E-15  1.636E-15  9.113E-16  3.182E-16
  282.5000  1.940E-14  3.431E-14  3.475E-14  2.012E-14  7.311E-15
  283.5000  1.314E-13  2.262E-13  2.289E-13  1.360E-13  5.098E-14
  284.5000  2.612E-12  4.266E-12  4.313E-12  2.696E-12  1.085E-12
  285.5000  1.494E-11  2.342E-11  2.365E-11  1.538E-11  6.579E-12
  286.5000  2.574E-10  3.908E-10  3.944E-10  2.645E-10  1.191E-10
  287.5000  2.249E-09  3.290E-09  3.318E-09  2.305E-09  1.105E-09
  288.5000  1.783E-08  2.503E-08  2.522E-08  1.823E-08  9.403E-09
  289.5000  1.358E-07  1.850E-07  1.863E-07  1.386E-07  7.551E-08
  290.5000  7.163E-07  9.510E-07  9.569E-07  7.297E-07  4.169E-07
  291.5000  3.082E-06  3.972E-06  3.994E-06  3.134E-06  1.894E-06
  292.5000  9.505E-06  1.195E-05  1.201E-05  9.649E-06  6.113E-06
  293.5000  3.461E-05  4.252E-05  4.271E-05  3.508E-05  2.326E-05
  294.5000  7.877E-05  9.502E-05  9.540E-05  7.975E-05  5.481E-05
  295.5000  2.397E-04  2.835E-04  2.845E-04  2.424E-04  1.732E-04
  296.5000  4.902E-04  5.702E-04  5.721E-04  4.951E-04  3.655E-04
  297.5000  1.079E-03  1.237E-03  1.241E-03  1.089E-03  8.277E-04
  298.5000  1.446E-03  1.638E-03  1.642E-03  1.458E-03  1.136E-03
  299.5000  3.603E-03  4.032E-03  4.042E-03  3.630E-03  2.894E-03
  300.5000  3.675E-03  4.077E-03  4.086E-03  3.701E-03  3.004E-03
  301.5000  8.001E-03  8.788E-03  8.806E-03  8.050E-03  6.666E-03
  302.5000  1.060E-02  1.156E-02  1.159E-02  1.066E-02  8.939E-03
  303.5000  1.943E-02  2.105E-02  2.108E-02  1.953E-02  1.664E-02
  304.5000  2.218E-02  2.391E-02  2.395E-02  2.229E-02  1.915E-02
  305.5000  3.122E-02  3.345E-02  3.350E-02  3.136E-02  2.732E-02
  306.5000  3.353E-02  3.582E-02  3.587E-02  3.368E-02  2.950E-02
  307.5000  5.103E-02  5.421E-02  5.428E-02  5.123E-02  4.538E-02
  308.5000  5.834E-02  6.185E-02  6.193E-02  5.857E-02  5.210E-02
  309.5000  5.330E-02  5.630E-02  5.637E-02  5.349E-02  4.793E-02
  310.5000  7.448E-02  7.848E-02  7.857E-02  7.474E-02  6.733E-02
  311.5000  9.752E-02  1.026E-01  1.027E-01  9.785E-02  8.845E-02
  312.5000  9.805E-02  1.028E-01  1.029E-01  9.836E-02  8.947E-02
  313.5000  1.121E-01  1.174E-01  1.175E-01  1.124E-01  1.024E-01
  314.5000  1.149E-01  1.201E-01  1.202E-01  1.152E-01  1.055E-01
  315.5000  1.192E-01  1.245E-01  1.247E-01  1.196E-01  1.096E-01
  316.5000  1.211E-01  1.262E-01  1.263E-01  1.214E-01  1.117E-01
  317.5000  1.714E-01  1.786E-01  1.788E-01  1.718E-01  1.582E-01
  318.5000  1.372E-01  1.427E-01  1.429E-01  1.375E-01  1.271E-01
  319.5000  1.680E-01  1.748E-01  1.749E-01  1.685E-01  1.558E-01
  320.5000  2.054E-01  2.135E-01  2.137E-01  2.059E-01  1.906E-01
  321.5000  1.770E-01  1.838E-01  1.839E-01  1.775E-01  1.648E-01
  322.5000  1.765E-01  1.834E-01  1.835E-01  1.769E-01  1.639E-01
  323.5000  1.850E-01  1.919E-01  1.920E-01  1.854E-01  1.725E-01
  324.5000  2.172E-01  2.252E-01  2.254E-01  2.177E-01  2.025E-01
  325.5000  2.431E-01  2.522E-01  2.524E-01  2.437E-01  2.265E-01
  326.5000  2.975E-01  3.082E-01  3.084E-01  2.982E-01  2.779E-01
  327.5000  2.764E-01  2.864E-01  2.867E-01  2.770E-01  2.580E-01
  328.5000  2.554E-01  2.647E-01  2.649E-01  2.560E-01  2.385E-01
  329.5000  3.336E-01  3.454E-01  3.457E-01  3.344E-01  3.121E-01
  330.5000  3.028E-01  3.136E-01  3.138E-01  3.035E-01  2.830E-01
  331.5000  2.993E-01  3.100E-01  3.102E-01  3.000E-01  2.797E-01
  332.5000  2.963E-01  3.066E-01  3.069E-01  2.970E-01  2.773E-01
  333.5000  2.781E-01  2.879E-01  2.881E-01  2.787E-01  2.602E-01
  334.5000  3.113E-01  3.222E-01  3.224E-01  3.120E-01  2.913E-01
  335.5000  3.164E-01  3.274E-01  3.276E-01  3.171E-01  2.963E-01
  336.5000  2.474E-01  2.560E-01  2.562E-01  2.480E-01  2.317E-01
  337.5000  2.714E-01  2.809E-01  2.811E-01  2.720E-01  2.541E-01
  338.5000  2.873E-01  2.972E-01  2.974E-01  2.879E-01  2.691E-01
  339.5000  3.126E-01  3.234E-01  3.237E-01  3.133E-01  2.929E-01
  340.5000  3.343E-01  3.458E-01  3.461E-01  3.350E-01  3.131E-01
  341.5000  2.974E-01  3.076E-01  3.078E-01  2.981E-01  2.787E-01
  342.5000  3.298E-01  3.411E-01  3.413E-01  3.305E-01  3.091E-01
  343.5000  3.427E-01  3.544E-01  3.547E-01  3.434E-01  3.211E-01
  344.5000  2.403E-01  2.485E-01  2.487E-01  2.408E-01  2.252E-01
  345.5000  3.297E-01  3.410E-01  3.413E-01  3.305E-01  3.091E-01
  346.5000  3.085E-01  3.191E-01  3.193E-01  3.092E-01  2.892E-01
  347.5000  3.017E-01  3.120E-01  3.122E-01  3.024E-01  2.828E-01
  348.5000  3.319E-01  3.432E-01  3.434E-01  3.326E-01  3.111E-01
  349.5000  2.783E-01  2.878E-01  2.880E-01  2.789E-01  2.609E-01
  350.5000  3.899E-01  4.032E-01  4.035E-01  3.908E-01  3.656E-01
  351.5000  3.363E-01  3.477E-01  3.480E-01  3.370E-01  3.153E-01
  352.5000  3.035E-01  3.138E-01  3.141E-01  3.042E-01  2.846E-01
  353.5000  3.656E-01  3.780E-01  3.783E-01  3.665E-01  3.429E-01
  354.5000  3.960E-01  4.094E-01  4.097E-01  3.969E-01  3.714E-01
  355.5000  3.704E-01  3.829E-01  3.832E-01  3.712E-01  3.474E-01
  356.5000  3.439E-01  3.555E-01  3.558E-01  3.447E-01  3.226E-01
  357.5000  2.926E-01  3.025E-01  3.027E-01  2.933E-01  2.745E-01
  358.5000  2.260E-01  2.336E-01  2.338E-01  2.265E-01  2.120E-01
  359.5000  3.806E-01  3.934E-01  3.937E-01  3.814E-01  3.571E-01
  360.5000  3.530E-01  3.649E-01  3.651E-01  3.538E-01  3.312E-01
  361.5000  3.185E-01  3.292E-01  3.294E-01  3.192E-01  2.988E-01
  362.5000  3.742E-01  3.868E-01  3.871E-01  3.750E-01  3.512E-01
  363.5000  3.331E-01  3.443E-01  3.445E-01  3.338E-01  3.126E-01
  364.5000  3.636E-01  3.758E-01  3.761E-01  3.644E-01  3.413E-01
  365.5000  4.433E-01  4.582E-01  4.585E-01  4.443E-01  4.161E-01
  366.5000  4.695E-01  4.852E-01  4.856E-01  4.705E-01  4.407E-01
  367.5000  4.461E-01  4.610E-01  4.613E-01  4.471E-01  4.187E-01
  368.5000  3.921E-01  4.052E-01  4.055E-01  3.930E-01  3.681E-01
  369.5000  4.706E-01  4.863E-01  4.867E-01  4.717E-01  4.419E-01
  370.5000  4.273E-01  4.415E-01  4.418E-01  4.282E-01  4.012E-01
  371.5000  4.892E-01  5.055E-01  5.058E-01  4.903E-01  4.593E-01
  372.5000  3.616E-01  3.736E-01  3.739E-01  3.624E-01  3.395E-01
  373.5000  3.270E-01  3.379E-01  3.381E-01  3.277E-01  3.071E-01
  374.5000  3.592E-01  3.711E-01  3.713E-01  3.599E-01  3.373E-01
  375.5000  4.055E-01  4.189E-01  4.192E-01  4.064E-01  3.808E-01
  376.5000  4.052E-01  4.186E-01  4.189E-01  4.060E-01  3.805E-01
  377.5000  4.828E-01  4.987E-01  4.991E-01  4.838E-01  4.535E-01
  378.5000  5.265E-01  5.439E-01  5.443E-01  5.276E-01  4.946E-01
  379.5000  3.898E-01  4.026E-01  4.029E-01  3.906E-01  3.661E-01
  380.5000  4.690E-01  4.845E-01  4.848E-01  4.701E-01  4.406E-01
  381.5000  4.410E-01  4.555E-01  4.559E-01  4.420E-01  4.143E-01
  382.5000  2.941E-01  3.037E-01  3.039E-01  2.947E-01  2.763E-01
  383.5000  2.584E-01  2.669E-01  2.670E-01  2.589E-01  2.428E-01
  384.5000  3.880E-01  4.007E-01  4.010E-01  3.888E-01  3.646E-01
  385.5000  3.841E-01  3.967E-01  3.970E-01  3.849E-01  3.609E-01
  386.5000  3.918E-01  4.046E-01  4.049E-01  3.926E-01  3.682E-01
  387.5000  3.643E-01  3.762E-01  3.765E-01  3.651E-01  3.424E-01
  388.5000  3.654E-01  3.773E-01  3.776E-01  3.662E-01  3.434E-01
  389.5000  4.611E-01  4.761E-01  4.765E-01  4.621E-01  4.334E-01
  390.5000  4.532E-01  4.679E-01  4.683E-01  4.541E-01  4.260E-01
  391.5000  5.379E-01  5.555E-01  5.559E-01  5.391E-01  5.057E-01
  392.5000  4.036E-01  4.168E-01  4.171E-01  4.045E-01  3.795E-01
  393.5000  1.756E-01  1.813E-01  1.814E-01  1.760E-01  1.651E-01
  394.5000  4.134E-01  4.269E-01  4.272E-01  4.143E-01  3.887E-01
  395.5000  5.323E-01  5.495E-01  5.499E-01  5.334E-01  5.005E-01
  396.5000  3.127E-01  3.229E-01  3.231E-01  3.134E-01  2.941E-01
  397.5000  3.611E-01  3.728E-01  3.731E-01  3.619E-01  3.396E-01
  398.5000  6.209E-01  6.410E-01  6.414E-01  6.222E-01  5.839E-01
  399.5000  6.462E-01  6.671E-01  6.675E-01  6.476E-01  6.078E-01
  400.5000  6.798E-01  7.017E-01  7.022E-01  6.812E-01  6.394E-01
  401.5000  6.998E-01  7.224E-01  7.229E-01  7.013E-01  6.583E-01
  402.5000  7.270E-01  7.504E-01  7.509E-01  7.285E-01  6.838E-01
  403.5000  6.658E-01  6.872E-01  6.877E-01  6.672E-01  6.263E-01
  404.5000  6.534E-01  6.744E-01  6.749E-01  6.548E-01  6.147E-01
  405.5000  6.792E-01  7.010E-01  7.015E-01  6.806E-01  6.390E-01
  406.5000  6.401E-01  6.606E-01  6.611E-01  6.414E-01  6.023E-01
  407.5000  6.457E-01  6.664E-01  6.669E-01  6.471E-01  6.076E-01
  408.5000  7.196E-01  7.426E-01  7.431E-01  7.211E-01  6.771E-01
  409.5000  7.058E-01  7.284E-01  7.289E-01  7.073E-01  6.642E-01
  410.5000  6.125E-01  6.320E-01  6.325E-01  6.137E-01  5.764E-01
  411.5000  7.366E-01  7.601E-01  7.606E-01  7.381E-01  6.933E-01
  412.5000  7.305E-01  7.538E-01  7.543E-01  7.320E-01  6.876E-01
  413.5000  7.089E-01  7.315E-01  7.320E-01  7.104E-01  6.673E-01
  414.5000  7.290E-01  7.522E-01  7.528E-01  7.305E-01  6.863E-01
  415.5000  6.977E-01  7.199E-01  7.204E-01  6.992E-01  6.568E-01
  416.5000  7.598E-01  7.839E-01  7.845E-01  7.614E-01  7.153E-01
  417.5000  6.950E-01  7.170E-01  7.175E-01  6.964E-01  6.543E-01
  418.5000  7.008E-01  7.231E-01  7.236E-01  7.023E-01  6.599E-01
  419.5000  7.244E-01  7.473E-01  7.478E-01  7.259E-01  6.821E-01
------------------------------------------------------------
Dose rates, W m-2
   1 = UV-B, 280-315 nm                                  
   2 = UV-A, 315-400 nm                                  
   3 = Gaussian, 320 nm, 10 nm FWHM                      
   4 = RB Meter, model 501                               
   5 = DNA damage, in vitro (Setlow, 1974)               
   6 = UV index (WMO, 1994; Webb et al., 2011)           
   7 = Previtamin-D3 (CIE 2006)                          
values at z =      0.000 km
Columns: time, sza, weighting spectra
time, hrs.  sza, deg.          1          2          3          4          5          6          7
   11.0000     57.816  7.953E-01  2.892E+01  1.732E-01  2.293E-01  2.307E-03  4.316E+00  2.097E-01
   11.5000     56.924  8.403E-01  2.990E+01  1.801E-01  2.431E-01  2.500E-03  4.586E+00  2.238E-01
   12.0000     56.905  8.413E-01  2.992E+01  1.803E-01  2.434E-01  2.504E-03  4.592E+00  2.241E-01
   12.5000     57.758  7.982E-01  2.898E+01  1.737E-01  2.302E-01  2.319E-03  4.334E+00  2.106E-01
   13.0000     59.448  7.153E-01  2.712E+01  1.607E-01  2.049E-01  1.978E-03  3.845E+00  1.850E-01
------------------------------------------------------------
