Spectral Irradiance, W m-2 nm-1
values at z =      0.000 km
Columns: wavelength (nm), times (hrs.) or sza (deg.)
    wc, nm     11.000     11.500     12.000     12.500     13.000
    sza =      60.237     58.921     58.447     58.834     60.068
  280.5000  5.869E-25  1.020E-24  1.370E-24  1.072E-24  6.194E-25
  281.5000  1.288E-22  2.370E-22  3.228E-22  2.498E-22  1.369E-22
  282.5000  9.266E-21  1.788E-20  2.452E-20  1.888E-20  9.910E-21
  283.5000  1.364E-19  2.710E-19  3.724E-19  2.864E-19  1.466E-19
  284.5000  1.169E-17  2.408E-17  3.291E-17  2.545E-17  1.266E-17
  285.5000  2.038E-16  4.241E-16  5.735E-16  4.475E-16  2.216E-16
  286.5000  8.453E-15  1.752E-14  2.341E-14  1.845E-14  9.209E-15
  287.5000  2.007E-13  4.079E-13  5.359E-13  4.285E-13  2.187E-13
  288.5000  4.856E-12  9.491E-12  1.219E-11  9.932E-12  5.277E-12
  289.5000  8.344E-11  1.570E-10  1.978E-10  1.637E-10  9.035E-11
  290.5000  8.805E-10  1.594E-09  1.975E-09  1.657E-09  9.496E-10
  291.5000  8.405E-09  1.446E-08  1.755E-08  1.498E-08  9.013E-09
  292.5000  5.011E-08  8.235E-08  9.816E-08  8.504E-08  5.344E-08
  293.5000  3.411E-07  5.349E-07  6.265E-07  5.506E-07  3.616E-07
  294.5000  1.270E-06  1.917E-06  2.213E-06  1.968E-06  1.340E-06
  295.5000  6.542E-06  9.458E-06  1.075E-05  9.683E-06  6.866E-06
  296.5000  2.074E-05  2.890E-05  3.243E-05  2.952E-05  2.166E-05
  297.5000  6.717E-05  9.056E-05  1.004E-04  9.229E-05  6.986E-05
  298.5000  1.247E-04  1.634E-04  1.794E-04  1.662E-04  1.292E-04
  299.5000  4.226E-04  5.388E-04  5.860E-04  5.472E-04  4.364E-04
  300.5000  5.458E-04  6.814E-04  7.357E-04  6.911E-04  5.621E-04
  301.5000  1.536E-03  1.873E-03  2.006E-03  1.897E-03  1.576E-03
  302.5000  2.406E-03  2.889E-03  3.078E-03  2.923E-03  2.464E-03
  303.5000  5.381E-03  6.346E-03  6.717E-03  6.412E-03  5.499E-03
  304.5000  6.885E-03  8.035E-03  8.474E-03  8.114E-03  7.027E-03
  305.5000  1.149E-02  1.320E-02  1.385E-02  1.332E-02  1.170E-02
  306.5000  1.328E-02  1.515E-02  1.585E-02  1.527E-02  1.351E-02
  307.5000  2.325E-02  2.617E-02  2.726E-02  2.636E-02  2.361E-02
  308.5000  2.804E-02  3.141E-02  3.266E-02  3.164E-02  2.847E-02
  309.5000  2.810E-02  3.119E-02  3.234E-02  3.140E-02  2.849E-02
  310.5000  4.194E-02  4.627E-02  4.787E-02  4.656E-02  4.249E-02
  311.5000  5.735E-02  6.301E-02  6.509E-02  6.339E-02  5.807E-02
  312.5000  6.230E-02  6.794E-02  7.000E-02  6.831E-02  6.301E-02
  313.5000  7.254E-02  7.896E-02  8.131E-02  7.939E-02  7.335E-02
  314.5000  7.943E-02  8.591E-02  8.828E-02  8.634E-02  8.025E-02
  315.5000  8.336E-02  9.007E-02  9.252E-02  9.052E-02  8.422E-02
  316.5000  8.909E-02  9.578E-02  9.822E-02  9.622E-02  8.994E-02
  317.5000  1.262E-01  1.357E-01  1.391E-01  1.363E-01  1.274E-01
  318.5000  1.058E-01  1.133E-01  1.160E-01  1.138E-01  1.068E-01
  319.5000  1.309E-01  1.399E-01  1.432E-01  1.405E-01  1.320E-01
  320.5000  1.617E-01  1.727E-01  1.767E-01  1.734E-01  1.631E-01
  321.5000  1.455E-01  1.547E-01  1.581E-01  1.553E-01  1.467E-01
  322.5000  1.404E-01  1.498E-01  1.532E-01  1.504E-01  1.416E-01
  323.5000  1.550E-01  1.645E-01  1.680E-01  1.652E-01  1.562E-01
  324.5000  1.816E-01  1.929E-01  1.969E-01  1.936E-01  1.831E-01
  325.5000  2.020E-01  2.147E-01  2.192E-01  2.155E-01  2.037E-01
  326.5000  2.560E-01  2.711E-01  2.765E-01  2.720E-01  2.579E-01
  327.5000  2.353E-01  2.494E-01  2.545E-01  2.503E-01  2.371E-01
  328.5000  2.176E-01  2.306E-01  2.353E-01  2.315E-01  2.192E-01
  329.5000  2.916E-01  3.083E-01  3.143E-01  3.094E-01  2.937E-01
  330.5000  2.619E-01  2.772E-01  2.827E-01  2.782E-01  2.639E-01
  331.5000  2.584E-01  2.735E-01  2.789E-01  2.745E-01  2.603E-01
  332.5000  2.606E-01  2.753E-01  2.807E-01  2.763E-01  2.625E-01
  333.5000  2.428E-01  2.567E-01  2.617E-01  2.576E-01  2.445E-01
  334.5000  2.729E-01  2.884E-01  2.940E-01  2.894E-01  2.749E-01
  335.5000  2.799E-01  2.955E-01  3.011E-01  2.965E-01  2.819E-01
  336.5000  2.183E-01  2.306E-01  2.350E-01  2.314E-01  2.199E-01
  337.5000  2.381E-01  2.516E-01  2.565E-01  2.525E-01  2.399E-01
  338.5000  2.544E-01  2.686E-01  2.737E-01  2.695E-01  2.562E-01
  339.5000  2.773E-01  2.926E-01  2.982E-01  2.936E-01  2.792E-01
  340.5000  2.955E-01  3.120E-01  3.179E-01  3.131E-01  2.976E-01
  341.5000  2.642E-01  2.788E-01  2.840E-01  2.798E-01  2.661E-01
  342.5000  2.933E-01  3.094E-01  3.152E-01  3.105E-01  2.954E-01
  343.5000  3.044E-01  3.211E-01  3.272E-01  3.222E-01  3.065E-01
  344.5000  2.131E-01  2.248E-01  2.291E-01  2.256E-01  2.146E-01
  345.5000  2.938E-01  3.098E-01  3.156E-01  3.109E-01  2.958E-01
  346.5000  2.742E-01  2.892E-01  2.947E-01  2.902E-01  2.761E-01
  347.5000  2.683E-01  2.830E-01  2.883E-01  2.839E-01  2.701E-01
  348.5000  2.954E-01  3.116E-01  3.174E-01  3.126E-01  2.975E-01
  349.5000  2.478E-01  2.613E-01  2.662E-01  2.622E-01  2.495E-01
  350.5000  3.473E-01  3.663E-01  3.731E-01  3.675E-01  3.497E-01
  351.5000  2.995E-01  3.158E-01  3.217E-01  3.169E-01  3.016E-01
  352.5000  2.704E-01  2.851E-01  2.904E-01  2.861E-01  2.723E-01
  353.5000  3.260E-01  3.437E-01  3.501E-01  3.449E-01  3.283E-01
  354.5000  3.533E-01  3.724E-01  3.793E-01  3.737E-01  3.558E-01
  355.5000  3.305E-01  3.484E-01  3.548E-01  3.495E-01  3.328E-01
  356.5000  3.069E-01  3.235E-01  3.295E-01  3.246E-01  3.091E-01
  357.5000  2.612E-01  2.753E-01  2.804E-01  2.762E-01  2.630E-01
  358.5000  2.018E-01  2.127E-01  2.166E-01  2.134E-01  2.032E-01
  359.5000  3.399E-01  3.582E-01  3.648E-01  3.594E-01  3.422E-01
  360.5000  3.153E-01  3.323E-01  3.384E-01  3.334E-01  3.175E-01
  361.5000  2.845E-01  2.998E-01  3.053E-01  3.008E-01  2.865E-01
  362.5000  3.344E-01  3.524E-01  3.588E-01  3.536E-01  3.367E-01
  363.5000  2.978E-01  3.137E-01  3.195E-01  3.148E-01  2.998E-01
  364.5000  3.251E-01  3.425E-01  3.487E-01  3.436E-01  3.273E-01
  365.5000  3.964E-01  4.176E-01  4.252E-01  4.190E-01  3.991E-01
  366.5000  4.199E-01  4.423E-01  4.504E-01  4.438E-01  4.228E-01
  367.5000  3.990E-01  4.203E-01  4.280E-01  4.217E-01  4.018E-01
  368.5000  3.508E-01  3.695E-01  3.762E-01  3.707E-01  3.532E-01
  369.5000  4.211E-01  4.435E-01  4.516E-01  4.450E-01  4.240E-01
  370.5000  3.824E-01  4.027E-01  4.100E-01  4.040E-01  3.850E-01
  371.5000  4.379E-01  4.611E-01  4.695E-01  4.626E-01  4.409E-01
  372.5000  3.237E-01  3.409E-01  3.470E-01  3.420E-01  3.259E-01
  373.5000  2.928E-01  3.083E-01  3.139E-01  3.093E-01  2.948E-01
  374.5000  3.216E-01  3.386E-01  3.447E-01  3.397E-01  3.238E-01
  375.5000  3.632E-01  3.824E-01  3.892E-01  3.836E-01  3.656E-01
  376.5000  3.630E-01  3.821E-01  3.890E-01  3.833E-01  3.654E-01
  377.5000  4.325E-01  4.553E-01  4.635E-01  4.568E-01  4.355E-01
  378.5000  4.718E-01  4.966E-01  5.055E-01  4.982E-01  4.750E-01
  379.5000  3.493E-01  3.677E-01  3.743E-01  3.689E-01  3.517E-01
  380.5000  4.204E-01  4.425E-01  4.504E-01  4.439E-01  4.233E-01
  381.5000  3.954E-01  4.161E-01  4.235E-01  4.174E-01  3.980E-01
  382.5000  2.637E-01  2.774E-01  2.824E-01  2.784E-01  2.654E-01
  383.5000  2.317E-01  2.438E-01  2.481E-01  2.446E-01  2.332E-01
  384.5000  3.480E-01  3.661E-01  3.727E-01  3.673E-01  3.503E-01
  385.5000  3.445E-01  3.625E-01  3.689E-01  3.637E-01  3.468E-01
  386.5000  3.515E-01  3.698E-01  3.763E-01  3.710E-01  3.538E-01
  387.5000  3.269E-01  3.439E-01  3.500E-01  3.450E-01  3.291E-01
  388.5000  3.279E-01  3.449E-01  3.510E-01  3.460E-01  3.301E-01
  389.5000  4.138E-01  4.353E-01  4.430E-01  4.367E-01  4.165E-01
  390.5000  4.067E-01  4.278E-01  4.354E-01  4.292E-01  4.094E-01
  391.5000  4.829E-01  5.079E-01  5.169E-01  5.095E-01  4.861E-01
  392.5000  3.624E-01  3.811E-01  3.878E-01  3.823E-01  3.648E-01
  393.5000  1.577E-01  1.658E-01  1.687E-01  1.663E-01  1.587E-01
  394.5000  3.713E-01  3.904E-01  3.973E-01  3.917E-01  3.737E-01
  395.5000  4.780E-01  5.027E-01  5.115E-01  5.043E-01  4.812E-01
  396.5000  2.809E-01  2.954E-01  3.006E-01  2.963E-01  2.828E-01
  397.5000  3.244E-01  3.411E-01  3.470E-01  3.422E-01  3.265E-01
  398.5000  5.578E-01  5.865E-01  5.967E-01  5.883E-01  5.615E-01
  399.5000  5.806E-01  6.104E-01  6.211E-01  6.124E-01  5.845E-01
  400.5000  6.109E-01  6.422E-01  6.534E-01  6.442E-01  6.149E-01
  401.5000  6.290E-01  6.611E-01  6.727E-01  6.632E-01  6.331E-01
  402.5000  6.534E-01  6.868E-01  6.988E-01  6.890E-01  6.577E-01
  403.5000  5.985E-01  6.291E-01  6.400E-01  6.311E-01  6.024E-01
  404.5000  5.874E-01  6.174E-01  6.281E-01  6.193E-01  5.913E-01
  405.5000  6.107E-01  6.418E-01  6.529E-01  6.438E-01  6.147E-01
  406.5000  5.756E-01  6.049E-01  6.154E-01  6.068E-01  5.794E-01
  407.5000  5.807E-01  6.102E-01  6.208E-01  6.121E-01  5.845E-01
  408.5000  6.472E-01  6.800E-01  6.918E-01  6.822E-01  6.514E-01
  409.5000  6.349E-01  6.671E-01  6.786E-01  6.692E-01  6.390E-01
  410.5000  5.509E-01  5.788E-01  5.888E-01  5.807E-01  5.545E-01
  411.5000  6.627E-01  6.962E-01  7.082E-01  6.984E-01  6.670E-01
  412.5000  6.573E-01  6.905E-01  7.024E-01  6.926E-01  6.615E-01
  413.5000  6.379E-01  6.701E-01  6.816E-01  6.722E-01  6.421E-01
  414.5000  6.561E-01  6.891E-01  7.010E-01  6.913E-01  6.603E-01
  415.5000  6.279E-01  6.596E-01  6.709E-01  6.616E-01  6.320E-01
  416.5000  6.839E-01  7.183E-01  7.306E-01  7.205E-01  6.883E-01
  417.5000  6.256E-01  6.570E-01  6.683E-01  6.591E-01  6.296E-01
  418.5000  6.309E-01  6.626E-01  6.739E-01  6.646E-01  6.350E-01
  419.5000  6.522E-01  6.848E-01  6.966E-01  6.870E-01  6.564E-01
------------------------------------------------------------
Dose rates, W m-2
   1 = UV-B, 280-315 nm                                  
   2 = UV-A, 315-400 nm                                  
   3 = Gaussian, 320 nm, 10 nm FWHM                      
   4 = RB Meter, model 501                               
   5 = DNA damage, in vitro (Setlow, 1974)               
   6 = UV index (WMO, 1994; Webb et al., 2011)           
   7 = Previtamin-D3 (CIE 2006)                          
values at z =      0.000 km
Columns: time, sza, weighting spectra
time, hrs.  sza, deg.          1          2          3          4          5          6          7
   11.0000     60.237  4.351E-01  2.558E+01  1.366E-01  1.209E-01  7.935E-04  2.279E+00  9.319E-02
   11.5000     58.921  4.799E-01  2.698E+01  1.458E-01  1.333E-01  9.025E-04  2.503E+00  1.045E-01
   12.0000     58.447  4.964E-01  2.748E+01  1.492E-01  1.379E-01  9.440E-04  2.586E+00  1.087E-01
   12.5000     58.834  4.829E-01  2.707E+01  1.464E-01  1.341E-01  9.099E-04  2.518E+00  1.052E-01
   13.0000     60.068  4.408E-01  2.576E+01  1.378E-01  1.225E-01  8.070E-04  2.307E+00  9.460E-02
------------------------------------------------------------
