Spectral Irradiance, W m-2 nm-1
values at z =      0.000 km
Columns: wavelength (nm), times (hrs.) or sza (deg.)
    wc, nm     11.000     11.500     12.000     12.500     13.000
    sza =      52.342     50.602     49.861     50.162     51.486
  280.5000  1.814E-20  8.322E-20  1.533E-19  1.200E-19  3.899E-20
  281.5000  2.006E-18  8.021E-18  1.375E-17  1.119E-17  4.024E-18
  282.5000  7.812E-17  2.775E-16  4.615E-16  3.762E-16  1.477E-16
  283.5000  7.632E-16  2.511E-15  4.051E-15  3.343E-15  1.388E-15
  284.5000  2.933E-14  8.391E-14  1.280E-13  1.080E-13  4.973E-14
  285.5000  2.725E-13  7.034E-13  1.029E-12  8.833E-13  4.387E-13
  286.5000  6.813E-12  1.625E-11  2.304E-11  2.003E-11  1.052E-11
  287.5000  8.971E-11  1.961E-10  2.684E-10  2.366E-10  1.329E-10
  288.5000  1.109E-09  2.204E-09  2.904E-09  2.599E-09  1.565E-09
  289.5000  1.160E-08  2.154E-08  2.763E-08  2.500E-08  1.583E-08
  290.5000  7.978E-08  1.400E-07  1.755E-07  1.603E-07  1.058E-07
  291.5000  4.633E-07  7.626E-07  9.317E-07  8.597E-07  5.950E-07
  292.5000  1.826E-06  2.852E-06  3.412E-06  3.175E-06  2.284E-06
  293.5000  8.369E-06  1.245E-05  1.460E-05  1.369E-05  1.021E-05
  294.5000  2.281E-05  3.264E-05  3.770E-05  3.558E-05  2.730E-05
  295.5000  8.398E-05  1.154E-04  1.311E-04  1.246E-04  9.851E-05
  296.5000  2.011E-04  2.672E-04  2.995E-04  2.861E-04  2.320E-04
  297.5000  5.085E-04  6.560E-04  7.267E-04  6.974E-04  5.779E-04
  298.5000  7.655E-04  9.633E-04  1.057E-03  1.018E-03  8.592E-04
  299.5000  2.127E-03  2.609E-03  2.842E-03  2.748E-03  2.360E-03
  300.5000  2.360E-03  2.849E-03  3.074E-03  2.982E-03  2.594E-03
  301.5000  5.622E-03  6.659E-03  7.128E-03  6.935E-03  6.120E-03
  302.5000  7.899E-03  9.238E-03  9.839E-03  9.592E-03  8.545E-03
  303.5000  1.553E-02  1.789E-02  1.894E-02  1.851E-02  1.667E-02
  304.5000  1.845E-02  2.107E-02  2.223E-02  2.175E-02  1.972E-02
  305.5000  2.755E-02  3.106E-02  3.260E-02  3.197E-02  2.926E-02
  306.5000  3.035E-02  3.403E-02  3.563E-02  3.498E-02  3.214E-02
  307.5000  4.846E-02  5.375E-02  5.606E-02  5.512E-02  5.104E-02
  308.5000  5.644E-02  6.235E-02  6.492E-02  6.387E-02  5.928E-02
  309.5000  5.321E-02  5.837E-02  6.060E-02  5.970E-02  5.574E-02
  310.5000  7.604E-02  8.301E-02  8.600E-02  8.479E-02  7.946E-02
  311.5000  1.011E-01  1.099E-01  1.138E-01  1.122E-01  1.054E-01
  312.5000  1.043E-01  1.126E-01  1.164E-01  1.149E-01  1.085E-01
  313.5000  1.200E-01  1.296E-01  1.337E-01  1.320E-01  1.247E-01
  314.5000  1.257E-01  1.351E-01  1.391E-01  1.375E-01  1.303E-01
  315.5000  1.310E-01  1.406E-01  1.447E-01  1.431E-01  1.357E-01
  316.5000  1.353E-01  1.447E-01  1.487E-01  1.471E-01  1.399E-01
  317.5000  1.916E-01  2.049E-01  2.105E-01  2.082E-01  1.981E-01
  318.5000  1.558E-01  1.660E-01  1.703E-01  1.685E-01  1.608E-01
  319.5000  1.914E-01  2.038E-01  2.090E-01  2.069E-01  1.975E-01
  320.5000  2.348E-01  2.498E-01  2.561E-01  2.536E-01  2.422E-01
  321.5000  2.054E-01  2.177E-01  2.230E-01  2.208E-01  2.115E-01
  322.5000  2.024E-01  2.151E-01  2.205E-01  2.184E-01  2.087E-01
  323.5000  2.159E-01  2.286E-01  2.340E-01  2.318E-01  2.222E-01
  324.5000  2.533E-01  2.682E-01  2.745E-01  2.719E-01  2.607E-01
  325.5000  2.829E-01  2.997E-01  3.068E-01  3.039E-01  2.912E-01
  326.5000  3.503E-01  3.700E-01  3.784E-01  3.750E-01  3.600E-01
  327.5000  3.242E-01  3.427E-01  3.506E-01  3.474E-01  3.334E-01
  328.5000  2.997E-01  3.167E-01  3.240E-01  3.210E-01  3.081E-01
  329.5000  3.948E-01  4.165E-01  4.256E-01  4.219E-01  4.055E-01
  330.5000  3.569E-01  3.768E-01  3.852E-01  3.818E-01  3.667E-01
  331.5000  3.525E-01  3.722E-01  3.805E-01  3.771E-01  3.622E-01
  332.5000  3.512E-01  3.702E-01  3.782E-01  3.750E-01  3.606E-01
  333.5000  3.287E-01  3.467E-01  3.543E-01  3.512E-01  3.376E-01
  334.5000  3.684E-01  3.884E-01  3.969E-01  3.934E-01  3.783E-01
  335.5000  3.755E-01  3.956E-01  4.041E-01  4.007E-01  3.854E-01
  336.5000  2.933E-01  3.091E-01  3.158E-01  3.131E-01  3.011E-01
  337.5000  3.211E-01  3.385E-01  3.458E-01  3.429E-01  3.297E-01
  338.5000  3.409E-01  3.591E-01  3.667E-01  3.636E-01  3.499E-01
  339.5000  3.711E-01  3.908E-01  3.991E-01  3.957E-01  3.808E-01
  340.5000  3.962E-01  4.174E-01  4.263E-01  4.227E-01  4.067E-01
  341.5000  3.531E-01  3.717E-01  3.796E-01  3.764E-01  3.623E-01
  342.5000  3.915E-01  4.122E-01  4.209E-01  4.174E-01  4.017E-01
  343.5000  4.066E-01  4.281E-01  4.371E-01  4.334E-01  4.172E-01
  344.5000  2.849E-01  2.999E-01  3.063E-01  3.037E-01  2.923E-01
  345.5000  3.915E-01  4.120E-01  4.207E-01  4.171E-01  4.016E-01
  346.5000  3.659E-01  3.851E-01  3.932E-01  3.900E-01  3.754E-01
  347.5000  3.578E-01  3.765E-01  3.845E-01  3.812E-01  3.670E-01
  348.5000  3.936E-01  4.142E-01  4.229E-01  4.194E-01  4.038E-01
  349.5000  3.300E-01  3.473E-01  3.545E-01  3.516E-01  3.386E-01
  350.5000  4.624E-01  4.865E-01  4.967E-01  4.926E-01  4.743E-01
  351.5000  3.987E-01  4.194E-01  4.282E-01  4.246E-01  4.089E-01
  352.5000  3.598E-01  3.785E-01  3.864E-01  3.832E-01  3.690E-01
  353.5000  4.335E-01  4.559E-01  4.654E-01  4.616E-01  4.446E-01
  354.5000  4.695E-01  4.937E-01  5.040E-01  4.998E-01  4.815E-01
  355.5000  4.390E-01  4.616E-01  4.712E-01  4.673E-01  4.502E-01
  356.5000  4.076E-01  4.286E-01  4.374E-01  4.338E-01  4.179E-01
  357.5000  3.467E-01  3.646E-01  3.721E-01  3.691E-01  3.555E-01
  358.5000  2.677E-01  2.815E-01  2.873E-01  2.849E-01  2.745E-01
  359.5000  4.508E-01  4.739E-01  4.837E-01  4.797E-01  4.622E-01
  360.5000  4.180E-01  4.395E-01  4.485E-01  4.448E-01  4.286E-01
  361.5000  3.771E-01  3.964E-01  4.045E-01  4.012E-01  3.866E-01
  362.5000  4.430E-01  4.657E-01  4.752E-01  4.713E-01  4.542E-01
  363.5000  3.943E-01  4.144E-01  4.229E-01  4.195E-01  4.042E-01
  364.5000  4.303E-01  4.523E-01  4.615E-01  4.577E-01  4.412E-01
  365.5000  5.246E-01  5.513E-01  5.625E-01  5.580E-01  5.378E-01
  366.5000  5.555E-01  5.837E-01  5.956E-01  5.907E-01  5.694E-01
  367.5000  5.277E-01  5.544E-01  5.657E-01  5.611E-01  5.409E-01
  368.5000  4.637E-01  4.872E-01  4.971E-01  4.931E-01  4.753E-01
  369.5000  5.565E-01  5.847E-01  5.965E-01  5.917E-01  5.704E-01
  370.5000  5.051E-01  5.306E-01  5.414E-01  5.370E-01  5.177E-01
  371.5000  5.782E-01  6.074E-01  6.197E-01  6.147E-01  5.926E-01
  372.5000  4.273E-01  4.488E-01  4.579E-01  4.542E-01  4.379E-01
  373.5000  3.864E-01  4.058E-01  4.140E-01  4.107E-01  3.960E-01
  374.5000  4.243E-01  4.456E-01  4.545E-01  4.509E-01  4.348E-01
  375.5000  4.789E-01  5.029E-01  5.130E-01  5.089E-01  4.908E-01
  376.5000  4.784E-01  5.024E-01  5.125E-01  5.084E-01  4.903E-01
  377.5000  5.700E-01  5.985E-01  6.105E-01  6.056E-01  5.841E-01
  378.5000  6.215E-01  6.525E-01  6.656E-01  6.603E-01  6.368E-01
  379.5000  4.600E-01  4.829E-01  4.926E-01  4.887E-01  4.713E-01
  380.5000  5.535E-01  5.810E-01  5.926E-01  5.879E-01  5.671E-01
  381.5000  5.203E-01  5.462E-01  5.570E-01  5.526E-01  5.331E-01
  382.5000  3.468E-01  3.641E-01  3.713E-01  3.684E-01  3.554E-01
  383.5000  3.047E-01  3.198E-01  3.261E-01  3.236E-01  3.122E-01
  384.5000  4.574E-01  4.801E-01  4.896E-01  4.858E-01  4.686E-01
  385.5000  4.528E-01  4.752E-01  4.846E-01  4.808E-01  4.638E-01
  386.5000  4.617E-01  4.845E-01  4.941E-01  4.902E-01  4.730E-01
  387.5000  4.293E-01  4.505E-01  4.594E-01  4.558E-01  4.398E-01
  388.5000  4.305E-01  4.517E-01  4.606E-01  4.570E-01  4.410E-01
  389.5000  5.431E-01  5.698E-01  5.810E-01  5.765E-01  5.563E-01
  390.5000  5.337E-01  5.599E-01  5.709E-01  5.664E-01  5.466E-01
  391.5000  6.334E-01  6.644E-01  6.775E-01  6.722E-01  6.487E-01
  392.5000  4.752E-01  4.984E-01  5.082E-01  5.042E-01  4.867E-01
  393.5000  2.067E-01  2.168E-01  2.210E-01  2.193E-01  2.117E-01
  394.5000  4.865E-01  5.103E-01  5.202E-01  5.162E-01  4.982E-01
  395.5000  6.262E-01  6.567E-01  6.696E-01  6.644E-01  6.413E-01
  396.5000  3.679E-01  3.858E-01  3.933E-01  3.903E-01  3.767E-01
  397.5000  4.247E-01  4.453E-01  4.540E-01  4.505E-01  4.349E-01
  398.5000  7.300E-01  7.655E-01  7.804E-01  7.744E-01  7.476E-01
  399.5000  7.596E-01  7.965E-01  8.120E-01  8.057E-01  7.779E-01
  400.5000  7.989E-01  8.377E-01  8.539E-01  8.474E-01  8.181E-01
  401.5000  8.223E-01  8.621E-01  8.789E-01  8.721E-01  8.420E-01
  402.5000  8.541E-01  8.954E-01  9.127E-01  9.057E-01  8.745E-01
  403.5000  7.821E-01  8.198E-01  8.357E-01  8.293E-01  8.007E-01
  404.5000  7.673E-01  8.044E-01  8.199E-01  8.136E-01  7.856E-01
  405.5000  7.974E-01  8.359E-01  8.520E-01  8.455E-01  8.164E-01
  406.5000  7.514E-01  7.876E-01  8.027E-01  7.966E-01  7.693E-01
  407.5000  7.579E-01  7.943E-01  8.096E-01  8.034E-01  7.759E-01
  408.5000  8.444E-01  8.849E-01  9.019E-01  8.950E-01  8.644E-01
  409.5000  8.281E-01  8.678E-01  8.844E-01  8.777E-01  8.477E-01
  410.5000  7.184E-01  7.528E-01  7.672E-01  7.614E-01  7.354E-01
  411.5000  8.638E-01  9.051E-01  9.225E-01  9.155E-01  8.843E-01
  412.5000  8.565E-01  8.974E-01  9.146E-01  9.076E-01  8.767E-01
  413.5000  8.310E-01  8.707E-01  8.873E-01  8.806E-01  8.506E-01
  414.5000  8.545E-01  8.952E-01  9.123E-01  9.053E-01  8.746E-01
  415.5000  8.176E-01  8.565E-01  8.728E-01  8.662E-01  8.368E-01
  416.5000  8.901E-01  9.325E-01  9.502E-01  9.430E-01  9.111E-01
  417.5000  8.141E-01  8.527E-01  8.689E-01  8.624E-01  8.332E-01
  418.5000  8.207E-01  8.597E-01  8.760E-01  8.694E-01  8.400E-01
  419.5000  8.481E-01  8.883E-01  9.052E-01  8.984E-01  8.680E-01
------------------------------------------------------------
Dose rates, W m-2
   1 = UV-B, 280-315 nm                                  
   2 = UV-A, 315-400 nm                                  
   3 = Gaussian, 320 nm, 10 nm FWHM                      
   4 = RB Meter, model 501                               
   5 = DNA damage, in vitro (Setlow, 1974)               
   6 = UV index (WMO, 1994; Webb et al., 2011)           
   7 = Previtamin-D3 (CIE 2006)                          
values at z =      0.000 km
Columns: time, sza, weighting spectra
time, hrs.  sza, deg.          1          2          3          4          5          6          7
   11.0000     52.342  7.966E-01  3.410E+01  1.980E-01  2.241E-01  1.892E-03  4.172E+00  1.936E-01
   11.5000     50.602  8.721E-01  3.587E+01  2.106E-01  2.464E-01  2.155E-03  4.589E+00  2.156E-01
   12.0000     49.861  9.051E-01  3.662E+01  2.159E-01  2.561E-01  2.273E-03  4.773E+00  2.253E-01
   12.5000     50.162  8.917E-01  3.631E+01  2.138E-01  2.521E-01  2.224E-03  4.698E+00  2.214E-01
   13.0000     51.486  8.336E-01  3.497E+01  2.042E-01  2.350E-01  2.019E-03  4.375E+00  2.043E-01
------------------------------------------------------------
