Spectral Irradiance, W m-2 nm-1
values at z =      0.000 km
Columns: wavelength (nm), times (hrs.) or sza (deg.)
    wc, nm     11.000     11.500     12.000     12.500     13.000
    sza =      28.165     25.321     24.398     25.606     28.677
  280.5000  3.815E-14  7.773E-14  9.582E-14  7.270E-14  3.319E-14
  281.5000  1.148E-12  2.198E-12  2.660E-12  2.068E-12  1.011E-12
  282.5000  1.463E-11  2.654E-11  3.162E-11  2.510E-11  1.302E-11
  283.5000  6.881E-11  1.213E-10  1.431E-10  1.151E-10  6.206E-11
  284.5000  7.094E-10  1.166E-09  1.350E-09  1.113E-09  6.437E-10
  285.5000  2.483E-09  3.894E-09  4.446E-09  3.733E-09  2.273E-09
  286.5000  2.933E-08  4.437E-08  5.012E-08  4.268E-08  2.705E-08
  287.5000  1.681E-07  2.444E-07  2.728E-07  2.359E-07  1.563E-07
  288.5000  8.424E-07  1.172E-06  1.292E-06  1.136E-06  7.898E-07
  289.5000  4.623E-06  6.236E-06  6.811E-06  6.063E-06  4.361E-06
  290.5000  1.850E-05  2.431E-05  2.635E-05  2.369E-05  1.754E-05
  291.5000  5.817E-05  7.420E-05  7.971E-05  7.252E-05  5.547E-05
  292.5000  1.389E-04  1.729E-04  1.844E-04  1.693E-04  1.331E-04
  293.5000  3.972E-04  4.833E-04  5.121E-04  4.745E-04  3.823E-04
  294.5000  7.491E-04  8.952E-04  9.434E-04  8.803E-04  7.235E-04
  295.5000  1.866E-03  2.187E-03  2.293E-03  2.155E-03  1.809E-03
  296.5000  3.232E-03  3.730E-03  3.891E-03  3.680E-03  3.143E-03
  297.5000  6.153E-03  7.004E-03  7.276E-03  6.919E-03  6.000E-03
  298.5000  7.296E-03  8.208E-03  8.499E-03  8.118E-03  7.131E-03
  299.5000  1.619E-02  1.801E-02  1.859E-02  1.783E-02  1.586E-02
  300.5000  1.512E-02  1.668E-02  1.717E-02  1.653E-02  1.483E-02
  301.5000  2.990E-02  3.269E-02  3.356E-02  3.242E-02  2.938E-02
  302.5000  3.718E-02  4.041E-02  4.141E-02  4.009E-02  3.658E-02
  303.5000  6.328E-02  6.829E-02  6.985E-02  6.780E-02  6.235E-02
  304.5000  6.917E-02  7.434E-02  7.594E-02  7.384E-02  6.821E-02
  305.5000  9.130E-02  9.753E-02  9.945E-02  9.692E-02  9.014E-02
  306.5000  9.535E-02  1.016E-01  1.035E-01  1.010E-01  9.418E-02
  307.5000  1.375E-01  1.458E-01  1.483E-01  1.450E-01  1.360E-01
  308.5000  1.540E-01  1.629E-01  1.656E-01  1.620E-01  1.523E-01
  309.5000  1.357E-01  1.431E-01  1.454E-01  1.424E-01  1.343E-01
  310.5000  1.848E-01  1.944E-01  1.973E-01  1.935E-01  1.830E-01
  311.5000  2.378E-01  2.483E-01  2.535E-01  2.486E-01  2.356E-01
  312.5000  2.320E-01  2.430E-01  2.463E-01  2.419E-01  2.299E-01
  313.5000  2.631E-01  2.754E-01  2.791E-01  2.742E-01  2.608E-01
  314.5000  2.628E-01  2.744E-01  2.779E-01  2.733E-01  2.606E-01
  315.5000  2.714E-01  2.833E-01  2.869E-01  2.821E-01  2.692E-01
  316.5000  2.701E-01  2.814E-01  2.848E-01  2.803E-01  2.680E-01
  317.5000  3.820E-01  3.979E-01  4.027E-01  3.964E-01  3.790E-01
  318.5000  3.002E-01  3.121E-01  3.158E-01  3.110E-01  2.979E-01
  319.5000  3.662E-01  3.806E-01  3.850E-01  3.792E-01  3.635E-01
  320.5000  4.454E-01  4.628E-01  4.681E-01  4.611E-01  4.422E-01
  321.5000  3.776E-01  3.917E-01  3.960E-01  3.904E-01  3.750E-01
  322.5000  3.807E-01  3.953E-01  3.998E-01  3.939E-01  3.779E-01
  323.5000  3.912E-01  4.055E-01  4.099E-01  4.041E-01  3.885E-01
  324.5000  4.591E-01  4.759E-01  4.810E-01  4.743E-01  4.559E-01
  325.5000  5.148E-01  5.337E-01  5.395E-01  5.319E-01  5.112E-01
  326.5000  6.214E-01  6.434E-01  6.501E-01  6.413E-01  6.172E-01
  327.5000  5.792E-01  5.999E-01  6.062E-01  5.979E-01  5.753E-01
  328.5000  5.347E-01  5.538E-01  5.596E-01  5.520E-01  5.311E-01
  329.5000  6.913E-01  7.153E-01  7.226E-01  7.130E-01  6.868E-01
  330.5000  6.292E-01  6.512E-01  6.580E-01  6.491E-01  6.250E-01
  331.5000  6.219E-01  6.437E-01  6.503E-01  6.415E-01  6.178E-01
  332.5000  6.110E-01  6.319E-01  6.383E-01  6.299E-01  6.070E-01
  333.5000  5.746E-01  5.945E-01  6.005E-01  5.926E-01  5.709E-01
  334.5000  6.416E-01  6.636E-01  6.703E-01  6.615E-01  6.374E-01
  335.5000  6.495E-01  6.715E-01  6.783E-01  6.694E-01  6.453E-01
  336.5000  5.079E-01  5.251E-01  5.304E-01  5.235E-01  5.046E-01
  337.5000  5.579E-01  5.770E-01  5.828E-01  5.751E-01  5.543E-01
  338.5000  5.880E-01  6.079E-01  6.139E-01  6.060E-01  5.843E-01
  339.5000  6.390E-01  6.605E-01  6.671E-01  6.585E-01  6.350E-01
  340.5000  6.834E-01  7.065E-01  7.135E-01  7.043E-01  6.791E-01
  341.5000  6.065E-01  6.268E-01  6.330E-01  6.248E-01  6.026E-01
  342.5000  6.717E-01  6.941E-01  7.009E-01  6.919E-01  6.674E-01
  343.5000  6.977E-01  7.210E-01  7.281E-01  7.188E-01  6.933E-01
  344.5000  4.891E-01  5.054E-01  5.104E-01  5.039E-01  4.860E-01
  345.5000  6.695E-01  6.917E-01  6.985E-01  6.896E-01  6.653E-01
  346.5000  6.264E-01  6.473E-01  6.536E-01  6.453E-01  6.225E-01
  347.5000  6.119E-01  6.322E-01  6.384E-01  6.303E-01  6.081E-01
  348.5000  6.723E-01  6.945E-01  7.013E-01  6.924E-01  6.681E-01
  349.5000  5.633E-01  5.819E-01  5.876E-01  5.801E-01  5.598E-01
  350.5000  7.885E-01  8.145E-01  8.224E-01  8.120E-01  7.836E-01
  351.5000  6.795E-01  7.019E-01  7.087E-01  6.997E-01  6.753E-01
  352.5000  6.127E-01  6.328E-01  6.389E-01  6.309E-01  6.088E-01
  353.5000  7.373E-01  7.614E-01  7.688E-01  7.591E-01  7.327E-01
  354.5000  7.977E-01  8.238E-01  8.317E-01  8.213E-01  7.927E-01
  355.5000  7.453E-01  7.697E-01  7.771E-01  7.673E-01  7.407E-01
  356.5000  6.915E-01  7.141E-01  7.209E-01  7.119E-01  6.872E-01
  357.5000  5.879E-01  6.071E-01  6.129E-01  6.052E-01  5.843E-01
  358.5000  4.536E-01  4.683E-01  4.728E-01  4.669E-01  4.508E-01
  359.5000  7.631E-01  7.879E-01  7.955E-01  7.855E-01  7.584E-01
  360.5000  7.072E-01  7.301E-01  7.371E-01  7.279E-01  7.029E-01
  361.5000  6.374E-01  6.581E-01  6.643E-01  6.561E-01  6.335E-01
  362.5000  7.484E-01  7.725E-01  7.799E-01  7.702E-01  7.438E-01
  363.5000  6.656E-01  6.870E-01  6.936E-01  6.850E-01  6.615E-01
  364.5000  7.259E-01  7.493E-01  7.564E-01  7.470E-01  7.215E-01
  365.5000  8.843E-01  9.128E-01  9.214E-01  9.101E-01  8.789E-01
  366.5000  9.357E-01  9.658E-01  9.749E-01  9.629E-01  9.300E-01
  367.5000  8.882E-01  9.167E-01  9.254E-01  9.140E-01  8.828E-01
  368.5000  7.801E-01  8.051E-01  8.127E-01  8.027E-01  7.754E-01
  369.5000  9.355E-01  9.655E-01  9.746E-01  9.626E-01  9.299E-01
  370.5000  8.486E-01  8.757E-01  8.839E-01  8.731E-01  8.435E-01
  371.5000  9.708E-01  1.002E+00  1.011E+00  9.988E-01  9.649E-01
  372.5000  7.169E-01  7.398E-01  7.467E-01  7.376E-01  7.126E-01
  373.5000  6.479E-01  6.685E-01  6.748E-01  6.665E-01  6.440E-01
  374.5000  7.110E-01  7.335E-01  7.404E-01  7.314E-01  7.067E-01
  375.5000  8.020E-01  8.274E-01  8.351E-01  8.250E-01  7.972E-01
  376.5000  8.007E-01  8.260E-01  8.337E-01  8.236E-01  7.959E-01
  377.5000  9.533E-01  9.834E-01  9.926E-01  9.805E-01  9.476E-01
  378.5000  1.039E+00  1.072E+00  1.082E+00  1.068E+00  1.033E+00
  379.5000  7.684E-01  7.926E-01  8.000E-01  7.903E-01  7.638E-01
  380.5000  9.239E-01  9.530E-01  9.619E-01  9.502E-01  9.184E-01
  381.5000  8.680E-01  8.953E-01  9.036E-01  8.927E-01  8.629E-01
  382.5000  5.783E-01  5.965E-01  6.020E-01  5.947E-01  5.749E-01
  383.5000  5.077E-01  5.236E-01  5.285E-01  5.221E-01  5.047E-01
  384.5000  7.618E-01  7.857E-01  7.929E-01  7.834E-01  7.573E-01
  385.5000  7.536E-01  7.772E-01  7.843E-01  7.749E-01  7.491E-01
  386.5000  7.680E-01  7.920E-01  7.993E-01  7.897E-01  7.635E-01
  387.5000  7.137E-01  7.359E-01  7.427E-01  7.338E-01  7.094E-01
  388.5000  7.152E-01  7.375E-01  7.443E-01  7.354E-01  7.110E-01
  389.5000  9.018E-01  9.299E-01  9.384E-01  9.272E-01  8.965E-01
  390.5000  8.856E-01  9.132E-01  9.215E-01  9.105E-01  8.804E-01
  391.5000  1.051E+00  1.083E+00  1.093E+00  1.080E+00  1.044E+00
  392.5000  7.877E-01  8.121E-01  8.195E-01  8.097E-01  7.830E-01
  393.5000  3.424E-01  3.530E-01  3.562E-01  3.520E-01  3.404E-01
  394.5000  8.056E-01  8.305E-01  8.381E-01  8.281E-01  8.008E-01
  395.5000  1.036E+00  1.068E+00  1.078E+00  1.065E+00  1.030E+00
  396.5000  6.085E-01  6.272E-01  6.329E-01  6.254E-01  6.049E-01
  397.5000  7.020E-01  7.237E-01  7.302E-01  7.216E-01  6.979E-01
  398.5000  1.206E+00  1.243E+00  1.255E+00  1.240E+00  1.199E+00
  399.5000  1.254E+00  1.293E+00  1.305E+00  1.289E+00  1.247E+00
  400.5000  1.319E+00  1.359E+00  1.371E+00  1.355E+00  1.311E+00
  401.5000  1.357E+00  1.398E+00  1.411E+00  1.394E+00  1.349E+00
  402.5000  1.408E+00  1.451E+00  1.464E+00  1.447E+00  1.400E+00
  403.5000  1.289E+00  1.328E+00  1.340E+00  1.324E+00  1.281E+00
  404.5000  1.264E+00  1.303E+00  1.314E+00  1.299E+00  1.257E+00
  405.5000  1.313E+00  1.353E+00  1.365E+00  1.349E+00  1.305E+00
  406.5000  1.236E+00  1.274E+00  1.286E+00  1.271E+00  1.229E+00
  407.5000  1.246E+00  1.284E+00  1.296E+00  1.281E+00  1.239E+00
  408.5000  1.388E+00  1.430E+00  1.443E+00  1.426E+00  1.380E+00
  409.5000  1.361E+00  1.402E+00  1.415E+00  1.398E+00  1.353E+00
  410.5000  1.180E+00  1.216E+00  1.227E+00  1.212E+00  1.173E+00
  411.5000  1.418E+00  1.461E+00  1.474E+00  1.457E+00  1.410E+00
  412.5000  1.405E+00  1.448E+00  1.461E+00  1.444E+00  1.397E+00
  413.5000  1.363E+00  1.404E+00  1.417E+00  1.400E+00  1.355E+00
  414.5000  1.401E+00  1.443E+00  1.456E+00  1.439E+00  1.393E+00
  415.5000  1.340E+00  1.380E+00  1.392E+00  1.376E+00  1.332E+00
  416.5000  1.458E+00  1.502E+00  1.515E+00  1.498E+00  1.449E+00
  417.5000  1.333E+00  1.373E+00  1.385E+00  1.369E+00  1.325E+00
  418.5000  1.343E+00  1.383E+00  1.396E+00  1.379E+00  1.335E+00
  419.5000  1.387E+00  1.429E+00  1.441E+00  1.425E+00  1.379E+00
------------------------------------------------------------
Dose rates, W m-2
   1 = UV-B, 280-315 nm                                  
   2 = UV-A, 315-400 nm                                  
   3 = Gaussian, 320 nm, 10 nm FWHM                      
   4 = RB Meter, model 501                               
   5 = DNA damage, in vitro (Setlow, 1974)               
   6 = UV index (WMO, 1994; Webb et al., 2011)           
   7 = Previtamin-D3 (CIE 2006)                          
values at z =      0.000 km
Columns: time, sza, weighting spectra
time, hrs.  sza, deg.          1          2          3          4          5          6          7
   11.0000     28.165  2.045E+00  5.809E+01  3.760E-01  6.165E-01  7.916E-03  1.195E+01  5.998E-01
   11.5000     25.321  2.159E+00  6.000E+01  3.907E-01  6.548E-01  8.637E-03  1.275E+01  6.406E-01
   12.0000     24.398  2.197E+00  6.058E+01  3.952E-01  6.670E-01  8.866E-03  1.300E+01  6.535E-01
   12.5000     25.606  2.150E+00  5.982E+01  3.893E-01  6.513E-01  8.567E-03  1.267E+01  6.368E-01
   13.0000     28.677  2.023E+00  5.773E+01  3.732E-01  6.093E-01  7.784E-03  1.180E+01  5.922E-01
------------------------------------------------------------
