Spectral Irradiance, W m-2 nm-1
values at z =      0.000 km
Columns: wavelength (nm), times (hrs.) or sza (deg.)
    wc, nm     11.000     11.500     12.000     12.500     13.000
    sza =      50.655     49.626     49.408     50.012     51.410
  280.5000  2.412E-18  5.229E-18  6.134E-18  3.931E-18  1.335E-18
  281.5000  1.704E-16  3.445E-16  3.984E-16  2.657E-16  9.943E-17
  282.5000  4.514E-15  8.598E-15  9.820E-15  6.780E-15  2.757E-15
  283.5000  3.436E-14  6.295E-14  7.134E-14  5.035E-14  2.161E-14
  284.5000  8.371E-13  1.429E-12  1.596E-12  1.173E-12  5.560E-13
  285.5000  5.555E-12  9.003E-12  9.947E-12  7.534E-12  3.839E-12
  286.5000  1.073E-10  1.670E-10  1.830E-10  1.419E-10  7.643E-11
  287.5000  1.060E-09  1.580E-09  1.716E-09  1.364E-09  7.817E-10
  288.5000  9.601E-09  1.364E-08  1.466E-08  1.198E-08  7.343E-09
  289.5000  8.040E-08  1.103E-07  1.159E-07  9.818E-08  6.312E-08
  290.5000  4.589E-07  6.120E-07  6.495E-07  5.503E-07  3.683E-07
  291.5000  2.157E-06  2.784E-06  2.935E-06  2.534E-06  1.774E-06
  292.5000  7.150E-06  8.990E-06  9.425E-06  8.262E-06  6.003E-06
  293.5000  2.785E-05  3.416E-05  3.563E-05  3.168E-05  2.383E-05
  294.5000  6.684E-05  8.040E-05  8.352E-05  7.510E-05  5.805E-05
  295.5000  2.150E-04  2.534E-04  2.621E-04  2.385E-04  1.897E-04
  296.5000  4.604E-04  5.333E-04  5.498E-04  5.052E-04  4.115E-04
  297.5000  1.055E-03  1.205E-03  1.238E-03  1.147E-03  9.542E-04
  298.5000  1.463E-03  1.649E-03  1.690E-03  1.578E-03  1.335E-03
  299.5000  3.761E-03  4.188E-03  4.283E-03  4.025E-03  3.464E-03
  300.5000  3.930E-03  4.338E-03  4.427E-03  4.183E-03  3.645E-03
  301.5000  8.779E-03  9.595E-03  9.773E-03  9.285E-03  8.204E-03
  302.5000  1.182E-02  1.284E-02  1.306E-02  1.246E-02  1.110E-02
  303.5000  2.211E-02  2.383E-02  2.421E-02  2.318E-02  2.089E-02
  304.5000  2.553E-02  2.739E-02  2.779E-02  2.669E-02  2.419E-02
  305.5000  3.653E-02  3.894E-02  3.946E-02  3.803E-02  3.479E-02
  306.5000  3.951E-02  4.200E-02  4.254E-02  4.106E-02  3.771E-02
  307.5000  6.091E-02  6.441E-02  6.515E-02  6.309E-02  5.838E-02
  308.5000  7.000E-02  7.386E-02  7.469E-02  7.241E-02  6.720E-02
  309.5000  6.448E-02  6.780E-02  6.851E-02  6.656E-02  6.208E-02
  310.5000  9.066E-02  9.508E-02  9.602E-02  9.342E-02  8.744E-02
  311.5000  1.192E-01  1.248E-01  1.260E-01  1.227E-01  1.151E-01
  312.5000  1.206E-01  1.259E-01  1.271E-01  1.238E-01  1.168E-01
  313.5000  1.381E-01  1.441E-01  1.453E-01  1.418E-01  1.338E-01
  314.5000  1.424E-01  1.482E-01  1.494E-01  1.460E-01  1.382E-01
  315.5000  1.479E-01  1.538E-01  1.549E-01  1.516E-01  1.436E-01
  316.5000  1.509E-01  1.566E-01  1.578E-01  1.545E-01  1.467E-01
  317.5000  2.136E-01  2.216E-01  2.234E-01  2.186E-01  2.077E-01
  318.5000  1.717E-01  1.778E-01  1.791E-01  1.755E-01  1.671E-01
  319.5000  2.104E-01  2.179E-01  2.195E-01  2.151E-01  2.049E-01
  320.5000  2.574E-01  2.665E-01  2.684E-01  2.631E-01  2.508E-01
  321.5000  2.228E-01  2.302E-01  2.318E-01  2.274E-01  2.173E-01
  322.5000  2.213E-01  2.290E-01  2.306E-01  2.262E-01  2.157E-01
  323.5000  2.331E-01  2.407E-01  2.423E-01  2.379E-01  2.275E-01
  324.5000  2.736E-01  2.825E-01  2.844E-01  2.792E-01  2.670E-01
  325.5000  3.060E-01  3.161E-01  3.182E-01  3.123E-01  2.986E-01
  326.5000  3.756E-01  3.874E-01  3.899E-01  3.830E-01  3.669E-01
  327.5000  3.486E-01  3.597E-01  3.620E-01  3.555E-01  3.404E-01
  328.5000  3.221E-01  3.323E-01  3.345E-01  3.285E-01  3.146E-01
  329.5000  4.216E-01  4.346E-01  4.373E-01  4.297E-01  4.121E-01
  330.5000  3.822E-01  3.940E-01  3.966E-01  3.896E-01  3.734E-01
  331.5000  3.776E-01  3.894E-01  3.919E-01  3.850E-01  3.689E-01
  332.5000  3.744E-01  3.858E-01  3.882E-01  3.815E-01  3.660E-01
  333.5000  3.511E-01  3.619E-01  3.641E-01  3.579E-01  3.432E-01
  334.5000  3.930E-01  4.050E-01  4.075E-01  4.005E-01  3.842E-01
  335.5000  3.997E-01  4.118E-01  4.143E-01  4.073E-01  3.909E-01
  336.5000  3.124E-01  3.219E-01  3.239E-01  3.184E-01  3.055E-01
  337.5000  3.425E-01  3.529E-01  3.551E-01  3.490E-01  3.349E-01
  338.5000  3.628E-01  3.736E-01  3.759E-01  3.696E-01  3.548E-01
  339.5000  3.947E-01  4.065E-01  4.090E-01  4.021E-01  3.860E-01
  340.5000  4.218E-01  4.344E-01  4.371E-01  4.297E-01  4.125E-01
  341.5000  3.754E-01  3.865E-01  3.889E-01  3.824E-01  3.671E-01
  342.5000  4.162E-01  4.285E-01  4.311E-01  4.239E-01  4.071E-01
  343.5000  4.323E-01  4.451E-01  4.478E-01  4.403E-01  4.228E-01
  344.5000  3.030E-01  3.120E-01  3.139E-01  3.086E-01  2.964E-01
  345.5000  4.159E-01  4.281E-01  4.307E-01  4.236E-01  4.068E-01
  346.5000  3.889E-01  4.004E-01  4.028E-01  3.961E-01  3.805E-01
  347.5000  3.802E-01  3.914E-01  3.938E-01  3.873E-01  3.720E-01
  348.5000  4.182E-01  4.305E-01  4.331E-01  4.259E-01  4.091E-01
  349.5000  3.506E-01  3.609E-01  3.631E-01  3.571E-01  3.430E-01
  350.5000  4.912E-01  5.056E-01  5.086E-01  5.002E-01  4.806E-01
  351.5000  4.235E-01  4.359E-01  4.385E-01  4.312E-01  4.143E-01
  352.5000  3.821E-01  3.933E-01  3.956E-01  3.891E-01  3.739E-01
  353.5000  4.602E-01  4.737E-01  4.765E-01  4.687E-01  4.503E-01
  354.5000  4.984E-01  5.129E-01  5.159E-01  5.075E-01  4.877E-01
  355.5000  4.660E-01  4.795E-01  4.824E-01  4.745E-01  4.560E-01
  356.5000  4.326E-01  4.451E-01  4.478E-01  4.405E-01  4.233E-01
  357.5000  3.680E-01  3.787E-01  3.809E-01  3.747E-01  3.601E-01
  358.5000  2.841E-01  2.923E-01  2.941E-01  2.893E-01  2.780E-01
  359.5000  4.783E-01  4.922E-01  4.951E-01  4.870E-01  4.681E-01
  360.5000  4.436E-01  4.564E-01  4.591E-01  4.516E-01  4.341E-01
  361.5000  4.001E-01  4.116E-01  4.140E-01  4.073E-01  3.916E-01
  362.5000  4.700E-01  4.835E-01  4.864E-01  4.785E-01  4.600E-01
  363.5000  4.183E-01  4.303E-01  4.328E-01  4.258E-01  4.094E-01
  364.5000  4.565E-01  4.695E-01  4.723E-01  4.647E-01  4.468E-01
  365.5000  5.564E-01  5.723E-01  5.757E-01  5.664E-01  5.446E-01
  366.5000  5.891E-01  6.059E-01  6.095E-01  5.997E-01  5.767E-01
  367.5000  5.595E-01  5.755E-01  5.789E-01  5.696E-01  5.478E-01
  368.5000  4.917E-01  5.058E-01  5.087E-01  5.005E-01  4.814E-01
  369.5000  5.901E-01  6.069E-01  6.104E-01  6.006E-01  5.777E-01
  370.5000  5.356E-01  5.508E-01  5.540E-01  5.451E-01  5.243E-01
  371.5000  6.130E-01  6.304E-01  6.341E-01  6.239E-01  6.002E-01
  372.5000  4.530E-01  4.658E-01  4.686E-01  4.610E-01  4.435E-01
  373.5000  4.096E-01  4.212E-01  4.237E-01  4.169E-01  4.010E-01
  374.5000  4.497E-01  4.624E-01  4.651E-01  4.577E-01  4.403E-01
  375.5000  5.076E-01  5.219E-01  5.250E-01  5.166E-01  4.970E-01
  376.5000  5.071E-01  5.214E-01  5.244E-01  5.160E-01  4.965E-01
  377.5000  6.040E-01  6.210E-01  6.246E-01  6.147E-01  5.915E-01
  378.5000  6.586E-01  6.771E-01  6.810E-01  6.702E-01  6.449E-01
  379.5000  4.874E-01  5.011E-01  5.040E-01  4.960E-01  4.773E-01
  380.5000  5.864E-01  6.029E-01  6.063E-01  5.967E-01  5.742E-01
  381.5000  5.512E-01  5.667E-01  5.699E-01  5.609E-01  5.398E-01
  382.5000  3.674E-01  3.777E-01  3.799E-01  3.739E-01  3.598E-01
  383.5000  3.228E-01  3.318E-01  3.337E-01  3.284E-01  3.161E-01
  384.5000  4.846E-01  4.981E-01  5.009E-01  4.930E-01  4.746E-01
  385.5000  4.796E-01  4.929E-01  4.958E-01  4.880E-01  4.697E-01
  386.5000  4.890E-01  5.026E-01  5.055E-01  4.976E-01  4.790E-01
  387.5000  4.546E-01  4.673E-01  4.700E-01  4.626E-01  4.453E-01
  388.5000  4.559E-01  4.685E-01  4.712E-01  4.638E-01  4.465E-01
  389.5000  5.751E-01  5.911E-01  5.944E-01  5.851E-01  5.633E-01
  390.5000  5.651E-01  5.807E-01  5.841E-01  5.749E-01  5.535E-01
  391.5000  6.706E-01  6.892E-01  6.931E-01  6.823E-01  6.569E-01
  392.5000  5.031E-01  5.170E-01  5.199E-01  5.118E-01  4.928E-01
  393.5000  2.188E-01  2.248E-01  2.261E-01  2.226E-01  2.143E-01
  394.5000  5.150E-01  5.292E-01  5.322E-01  5.239E-01  5.045E-01
  395.5000  6.629E-01  6.812E-01  6.850E-01  6.744E-01  6.494E-01
  396.5000  3.894E-01  4.001E-01  4.024E-01  3.961E-01  3.815E-01
  397.5000  4.495E-01  4.619E-01  4.645E-01  4.573E-01  4.404E-01
  398.5000  7.727E-01  7.939E-01  7.984E-01  7.860E-01  7.570E-01
  399.5000  8.040E-01  8.260E-01  8.307E-01  8.178E-01  7.877E-01
  400.5000  8.455E-01  8.687E-01  8.736E-01  8.601E-01  8.285E-01
  401.5000  8.703E-01  8.941E-01  8.991E-01  8.852E-01  8.527E-01
  402.5000  9.038E-01  9.285E-01  9.337E-01  9.193E-01  8.856E-01
  403.5000  8.276E-01  8.501E-01  8.549E-01  8.417E-01  8.109E-01
  404.5000  8.119E-01  8.341E-01  8.387E-01  8.258E-01  7.956E-01
  405.5000  8.438E-01  8.667E-01  8.716E-01  8.582E-01  8.268E-01
  406.5000  7.950E-01  8.166E-01  8.212E-01  8.086E-01  7.791E-01
  407.5000  8.018E-01  8.236E-01  8.282E-01  8.155E-01  7.857E-01
  408.5000  8.933E-01  9.175E-01  9.226E-01  9.085E-01  8.754E-01
  409.5000  8.760E-01  8.997E-01  9.048E-01  8.909E-01  8.585E-01
  410.5000  7.600E-01  7.805E-01  7.849E-01  7.729E-01  7.448E-01
  411.5000  9.138E-01  9.385E-01  9.437E-01  9.293E-01  8.955E-01
  412.5000  9.060E-01  9.304E-01  9.356E-01  9.213E-01  8.879E-01
  413.5000  8.790E-01  9.027E-01  9.077E-01  8.939E-01  8.615E-01
  414.5000  9.037E-01  9.281E-01  9.332E-01  9.190E-01  8.857E-01
  415.5000  8.647E-01  8.879E-01  8.929E-01  8.793E-01  8.475E-01
  416.5000  9.414E-01  9.667E-01  9.720E-01  9.573E-01  9.227E-01
  417.5000  8.609E-01  8.840E-01  8.889E-01  8.754E-01  8.438E-01
  418.5000  8.679E-01  8.912E-01  8.961E-01  8.826E-01  8.507E-01
  419.5000  8.969E-01  9.209E-01  9.260E-01  9.120E-01  8.791E-01
------------------------------------------------------------
Dose rates, W m-2
   1 = UV-B, 280-315 nm                                  
   2 = UV-A, 315-400 nm                                  
   3 = Gaussian, 320 nm, 10 nm FWHM                      
   4 = RB Meter, model 501                               
   5 = DNA damage, in vitro (Setlow, 1974)               
   6 = UV index (WMO, 1994; Webb et al., 2011)           
   7 = Previtamin-D3 (CIE 2006)                          
values at z =      0.000 km
Columns: time, sza, weighting spectra
time, hrs.  sza, deg.          1          2          3          4          5          6          7
   11.0000     50.655  9.616E-01  3.627E+01  2.171E-01  2.749E-01  2.624E-03  5.147E+00  2.477E-01
   11.5000     49.626  1.011E+00  3.733E+01  2.247E-01  2.898E-01  2.824E-03  5.435E+00  2.628E-01
   12.0000     49.408  1.021E+00  3.755E+01  2.263E-01  2.931E-01  2.868E-03  5.497E+00  2.661E-01
   12.5000     50.012  9.923E-01  3.694E+01  2.219E-01  2.842E-01  2.748E-03  5.326E+00  2.571E-01
   13.0000     51.410  9.259E-01  3.549E+01  2.115E-01  2.641E-01  2.482E-03  4.940E+00  2.368E-01
------------------------------------------------------------
