Spectral Irradiance, W m-2 nm-1
values at z =      0.000 km
Columns: wavelength (nm), times (hrs.) or sza (deg.)
    wc, nm     11.000     11.500     12.000     12.500     13.000
    sza =      84.605     83.831     83.465     83.511     83.970
  280.5000  2.422E-34  2.621E-34  2.715E-34  2.703E-34  2.585E-34
  281.5000  2.840E-31  3.074E-31  3.185E-31  3.171E-31  3.032E-31
  282.5000  8.422E-29  9.116E-29  9.444E-29  9.403E-29  8.992E-29
  283.5000  3.062E-27  3.314E-27  3.434E-27  3.419E-27  3.269E-27
  284.5000  1.315E-24  1.424E-24  1.475E-24  1.469E-24  1.404E-24
  285.5000  7.303E-23  7.909E-23  8.197E-23  8.161E-23  7.801E-23
  286.5000  7.220E-21  7.822E-21  8.109E-21  8.072E-21  7.714E-21
  287.5000  4.398E-19  4.767E-19  4.943E-19  4.921E-19  4.701E-19
  288.5000  2.901E-17  3.147E-17  3.264E-17  3.249E-17  3.103E-17
  289.5000  1.010E-15  1.096E-15  1.137E-15  1.132E-15  1.081E-15
  290.5000  1.914E-14  2.080E-14  2.159E-14  2.149E-14  2.050E-14
  291.5000  3.536E-13  3.847E-13  3.996E-13  3.977E-13  3.791E-13
  292.5000  3.622E-12  3.946E-12  4.101E-12  4.082E-12  3.888E-12
  293.5000  4.111E-11  4.485E-11  4.665E-11  4.642E-11  4.417E-11
  294.5000  2.297E-10  2.510E-10  2.613E-10  2.600E-10  2.472E-10
  295.5000  1.831E-09  2.005E-09  2.090E-09  2.079E-09  1.974E-09
  296.5000  8.431E-09  9.252E-09  9.653E-09  9.601E-09  9.103E-09
  297.5000  3.818E-08  4.202E-08  4.389E-08  4.365E-08  4.132E-08
  298.5000  9.504E-08  1.049E-07  1.097E-07  1.091E-07  1.031E-07
  299.5000  4.290E-07  4.750E-07  4.977E-07  4.948E-07  4.666E-07
  300.5000  6.994E-07  7.769E-07  8.154E-07  8.104E-07  7.628E-07
  301.5000  2.571E-06  2.870E-06  3.018E-06  2.999E-06  2.815E-06
  302.5000  4.858E-06  5.441E-06  5.732E-06  5.695E-06  5.334E-06
  303.5000  1.382E-05  1.556E-05  1.644E-05  1.633E-05  1.524E-05
  304.5000  2.053E-05  2.320E-05  2.455E-05  2.438E-05  2.271E-05
  305.5000  4.384E-05  4.993E-05  5.303E-05  5.263E-05  4.879E-05
  306.5000  5.674E-05  6.489E-05  6.908E-05  6.853E-05  6.337E-05
  307.5000  1.277E-04  1.477E-04  1.582E-04  1.569E-04  1.439E-04
  308.5000  1.714E-04  1.995E-04  2.144E-04  2.125E-04  1.942E-04
  309.5000  2.126E-04  2.510E-04  2.718E-04  2.690E-04  2.437E-04
  310.5000  3.803E-04  4.549E-04  4.956E-04  4.902E-04  4.405E-04
  311.5000  5.938E-04  7.173E-04  7.852E-04  7.762E-04  6.934E-04
  312.5000  8.656E-04  1.065E-03  1.175E-03  1.160E-03  1.026E-03
  313.5000  1.087E-03  1.343E-03  1.483E-03  1.464E-03  1.293E-03
  314.5000  1.659E-03  2.071E-03  2.295E-03  2.265E-03  1.992E-03
  315.5000  1.846E-03  2.306E-03  2.555E-03  2.522E-03  2.217E-03
  316.5000  2.714E-03  3.387E-03  3.746E-03  3.699E-03  3.259E-03
  317.5000  3.834E-03  4.787E-03  5.294E-03  5.227E-03  4.605E-03
  318.5000  4.504E-03  5.570E-03  6.127E-03  6.054E-03  5.369E-03
  319.5000  5.949E-03  7.338E-03  8.060E-03  7.966E-03  7.076E-03
  320.5000  7.983E-03  9.812E-03  1.076E-02  1.063E-02  9.469E-03
  321.5000  1.028E-02  1.238E-02  1.344E-02  1.330E-02  1.199E-02
  322.5000  7.462E-03  9.142E-03  1.001E-02  9.893E-03  8.827E-03
  323.5000  1.293E-02  1.540E-02  1.663E-02  1.647E-02  1.494E-02
  324.5000  1.486E-02  1.772E-02  1.915E-02  1.897E-02  1.719E-02
  325.5000  1.551E-02  1.859E-02  2.013E-02  1.993E-02  1.802E-02
  326.5000  2.718E-02  3.178E-02  3.406E-02  3.377E-02  3.094E-02
  327.5000  2.241E-02  2.643E-02  2.843E-02  2.817E-02  2.569E-02
  328.5000  2.077E-02  2.450E-02  2.635E-02  2.611E-02  2.381E-02
  329.5000  3.568E-02  4.125E-02  4.398E-02  4.363E-02  4.023E-02
  330.5000  2.883E-02  3.362E-02  3.599E-02  3.568E-02  3.274E-02
  331.5000  2.782E-02  3.250E-02  3.482E-02  3.452E-02  3.165E-02
  332.5000  3.367E-02  3.875E-02  4.124E-02  4.092E-02  3.782E-02
  333.5000  2.896E-02  3.355E-02  3.581E-02  3.552E-02  3.271E-02
  334.5000  3.388E-02  3.913E-02  4.170E-02  4.137E-02  3.817E-02
  335.5000  3.796E-02  4.350E-02  4.621E-02  4.586E-02  4.249E-02
  336.5000  2.883E-02  3.312E-02  3.522E-02  3.495E-02  3.234E-02
  337.5000  2.953E-02  3.410E-02  3.635E-02  3.606E-02  3.327E-02
  338.5000  3.463E-02  3.968E-02  4.215E-02  4.183E-02  3.876E-02
  339.5000  3.821E-02  4.373E-02  4.643E-02  4.608E-02  4.273E-02
  340.5000  3.933E-02  4.515E-02  4.800E-02  4.763E-02  4.409E-02
  341.5000  3.689E-02  4.217E-02  4.475E-02  4.442E-02  4.121E-02
  342.5000  4.130E-02  4.717E-02  5.004E-02  4.967E-02  4.610E-02
  343.5000  4.214E-02  4.820E-02  5.117E-02  5.079E-02  4.710E-02
  344.5000  2.895E-02  3.317E-02  3.524E-02  3.497E-02  3.241E-02
  345.5000  4.183E-02  4.773E-02  5.061E-02  5.024E-02  4.666E-02
  346.5000  3.793E-02  4.339E-02  4.606E-02  4.572E-02  4.240E-02
  347.5000  3.722E-02  4.257E-02  4.519E-02  4.485E-02  4.160E-02
  348.5000  4.141E-02  4.731E-02  5.020E-02  4.983E-02  4.624E-02
  349.5000  3.467E-02  3.962E-02  4.204E-02  4.173E-02  3.872E-02
  350.5000  4.870E-02  5.564E-02  5.904E-02  5.860E-02  5.438E-02
  351.5000  4.182E-02  4.780E-02  5.072E-02  5.035E-02  4.671E-02
  352.5000  3.788E-02  4.328E-02  4.593E-02  4.559E-02  4.230E-02
  353.5000  4.589E-02  5.241E-02  5.561E-02  5.520E-02  5.123E-02
  354.5000  4.993E-02  5.701E-02  6.048E-02  6.003E-02  5.573E-02
  355.5000  4.671E-02  5.334E-02  5.658E-02  5.616E-02  5.213E-02
  356.5000  4.336E-02  4.951E-02  5.252E-02  5.213E-02  4.839E-02
  357.5000  3.685E-02  4.208E-02  4.465E-02  4.432E-02  4.113E-02
  358.5000  2.852E-02  3.257E-02  3.455E-02  3.429E-02  3.183E-02
  359.5000  4.802E-02  5.484E-02  5.818E-02  5.775E-02  5.360E-02
  360.5000  4.455E-02  5.088E-02  5.397E-02  5.357E-02  4.972E-02
  361.5000  4.025E-02  4.596E-02  4.876E-02  4.840E-02  4.493E-02
  362.5000  4.734E-02  5.405E-02  5.734E-02  5.692E-02  5.283E-02
  363.5000  4.215E-02  4.813E-02  5.106E-02  5.068E-02  4.704E-02
  364.5000  4.598E-02  5.251E-02  5.571E-02  5.530E-02  5.132E-02
  365.5000  5.602E-02  6.398E-02  6.788E-02  6.738E-02  6.253E-02
  366.5000  5.936E-02  6.780E-02  7.194E-02  7.140E-02  6.626E-02
  367.5000  5.644E-02  6.446E-02  6.840E-02  6.789E-02  6.300E-02
  368.5000  4.961E-02  5.666E-02  6.012E-02  5.967E-02  5.538E-02
  369.5000  5.954E-02  6.801E-02  7.216E-02  7.163E-02  6.646E-02
  370.5000  5.404E-02  6.173E-02  6.551E-02  6.502E-02  6.033E-02
  371.5000  6.188E-02  7.069E-02  7.501E-02  7.446E-02  6.909E-02
  372.5000  4.574E-02  5.226E-02  5.546E-02  5.505E-02  5.107E-02
  373.5000  4.136E-02  4.725E-02  5.015E-02  4.978E-02  4.618E-02
  374.5000  4.541E-02  5.189E-02  5.507E-02  5.466E-02  5.070E-02
  375.5000  5.127E-02  5.859E-02  6.218E-02  6.172E-02  5.725E-02
  376.5000  5.123E-02  5.855E-02  6.214E-02  6.168E-02  5.721E-02
  377.5000  6.104E-02  6.977E-02  7.405E-02  7.350E-02  6.818E-02
  378.5000  6.656E-02  7.608E-02  8.076E-02  8.016E-02  7.435E-02
  379.5000  4.926E-02  5.632E-02  5.978E-02  5.934E-02  5.503E-02
  380.5000  5.928E-02  6.777E-02  7.195E-02  7.141E-02  6.623E-02
  381.5000  5.574E-02  6.373E-02  6.766E-02  6.715E-02  6.227E-02
  382.5000  3.716E-02  4.249E-02  4.512E-02  4.478E-02  4.152E-02
  383.5000  3.265E-02  3.734E-02  3.964E-02  3.935E-02  3.648E-02
  384.5000  4.902E-02  5.607E-02  5.954E-02  5.909E-02  5.478E-02
  385.5000  4.853E-02  5.551E-02  5.895E-02  5.850E-02  5.424E-02
  386.5000  4.949E-02  5.662E-02  6.013E-02  5.968E-02  5.532E-02
  387.5000  4.602E-02  5.266E-02  5.592E-02  5.550E-02  5.145E-02
  388.5000  4.615E-02  5.281E-02  5.609E-02  5.567E-02  5.160E-02
  389.5000  5.823E-02  6.665E-02  7.079E-02  7.026E-02  6.511E-02
  390.5000  5.723E-02  6.551E-02  6.959E-02  6.906E-02  6.400E-02
  391.5000  6.794E-02  7.777E-02  8.262E-02  8.199E-02  7.598E-02
  392.5000  5.098E-02  5.836E-02  6.200E-02  6.153E-02  5.701E-02
  393.5000  2.217E-02  2.539E-02  2.697E-02  2.677E-02  2.480E-02
  394.5000  5.220E-02  5.978E-02  6.352E-02  6.304E-02  5.840E-02
  395.5000  6.721E-02  7.697E-02  8.179E-02  8.117E-02  7.519E-02
  396.5000  3.949E-02  4.523E-02  4.807E-02  4.770E-02  4.418E-02
  397.5000  4.560E-02  5.224E-02  5.552E-02  5.510E-02  5.103E-02
  398.5000  7.841E-02  8.984E-02  9.548E-02  9.475E-02  8.775E-02
  399.5000  8.161E-02  9.352E-02  9.939E-02  9.864E-02  9.134E-02
  400.5000  8.585E-02  9.839E-02  1.046E-01  1.038E-01  9.610E-02
  401.5000  8.837E-02  1.013E-01  1.077E-01  1.069E-01  9.894E-02
  402.5000  9.180E-02  1.052E-01  1.119E-01  1.110E-01  1.028E-01
  403.5000  8.408E-02  9.641E-02  1.025E-01  1.017E-01  9.416E-02
  404.5000  8.253E-02  9.464E-02  1.006E-01  9.985E-02  9.242E-02
  405.5000  8.579E-02  9.839E-02  1.046E-01  1.038E-01  9.609E-02
  406.5000  8.085E-02  9.275E-02  9.862E-02  9.787E-02  9.057E-02
  407.5000  8.155E-02  9.357E-02  9.951E-02  9.874E-02  9.137E-02
  408.5000  9.087E-02  1.043E-01  1.109E-01  1.100E-01  1.018E-01
  409.5000  8.913E-02  1.023E-01  1.088E-01  1.080E-01  9.989E-02
  410.5000  7.735E-02  8.879E-02  9.444E-02  9.371E-02  8.669E-02
  411.5000  9.304E-02  1.068E-01  1.136E-01  1.128E-01  1.043E-01
  412.5000  9.230E-02  1.060E-01  1.127E-01  1.119E-01  1.035E-01
  413.5000  8.959E-02  1.029E-01  1.095E-01  1.086E-01  1.005E-01
  414.5000  9.214E-02  1.058E-01  1.126E-01  1.117E-01  1.033E-01
  415.5000  8.818E-02  1.013E-01  1.078E-01  1.070E-01  9.890E-02
  416.5000  9.602E-02  1.103E-01  1.174E-01  1.165E-01  1.077E-01
  417.5000  8.783E-02  1.009E-01  1.074E-01  1.066E-01  9.854E-02
  418.5000  8.859E-02  1.018E-01  1.084E-01  1.075E-01  9.940E-02
  419.5000  9.159E-02  1.053E-01  1.121E-01  1.112E-01  1.028E-01
------------------------------------------------------------
Dose rates, W m-2
   1 = UV-B, 280-315 nm                                  
   2 = UV-A, 315-400 nm                                  
   3 = Gaussian, 320 nm, 10 nm FWHM                      
   4 = RB Meter, model 501                               
   5 = DNA damage, in vitro (Setlow, 1974)               
   6 = UV index (WMO, 1994; Webb et al., 2011)           
   7 = Previtamin-D3 (CIE 2006)                          
values at z =      0.000 km
Columns: time, sza, weighting spectra
time, hrs.  sza, deg.          1          2          3          4          5          6          7
   11.0000     84.605  5.242E-03  3.400E+00  8.237E-03  3.061E-03  1.279E-05  1.006E-01  9.710E-04
   11.5000     83.831  6.413E-03  3.899E+00  9.916E-03  3.675E-03  1.508E-05  1.178E-01  1.173E-03
   12.0000     83.465  7.051E-03  4.144E+00  1.077E-02  3.994E-03  1.626E-05  1.265E-01  1.280E-03
   12.5000     83.511  6.966E-03  4.113E+00  1.066E-02  3.952E-03  1.611E-05  1.254E-01  1.266E-03
   13.0000     83.970  6.187E-03  3.808E+00  9.603E-03  3.560E-03  1.465E-05  1.146E-01  1.134E-03
------------------------------------------------------------
