Spectral Irradiance, W m-2 nm-1
values at z =      0.000 km
Columns: wavelength (nm), times (hrs.) or sza (deg.)
    wc, nm     11.000     11.500     12.000     12.500     13.000
    sza =      94.388     94.211     94.159     94.235     94.438
  280.5000  2.051E-27  2.816E-27  3.167E-27  2.717E-27  1.781E-27
  281.5000  3.925E-25  5.308E-25  5.942E-25  5.130E-25  3.435E-25
  282.5000  2.452E-23  3.274E-23  3.650E-23  3.168E-23  2.160E-23
  283.5000  3.244E-22  4.296E-22  4.778E-22  4.161E-22  2.870E-22
  284.5000  2.201E-20  2.876E-20  3.185E-20  2.789E-20  1.961E-20
  285.5000  3.125E-19  4.041E-19  4.463E-19  3.924E-19  2.798E-19
  286.5000  1.083E-17  1.390E-17  1.532E-17  1.351E-17  9.735E-18
  287.5000  2.061E-16  2.625E-16  2.885E-16  2.553E-16  1.860E-16
  288.5000  3.839E-15  4.849E-15  5.316E-15  4.719E-15  3.478E-15
  289.5000  5.404E-14  6.787E-14  7.428E-14  6.609E-14  4.911E-14
  290.5000  4.785E-13  5.982E-13  6.537E-13  5.828E-13  4.359E-13
  291.5000  3.727E-12  4.636E-12  5.059E-12  4.519E-12  3.404E-12
  292.5000  1.880E-11  2.330E-11  2.540E-11  2.272E-11  1.721E-11
  293.5000  1.094E-10  1.351E-10  1.471E-10  1.318E-10  1.003E-10
  294.5000  3.620E-10  4.457E-10  4.849E-10  4.349E-10  3.323E-10
  295.5000  1.649E-09  2.025E-09  2.201E-09  1.976E-09  1.516E-09
  296.5000  4.758E-09  5.831E-09  6.331E-09  5.692E-09  4.381E-09
  297.5000  1.426E-08  1.744E-08  1.893E-08  1.703E-08  1.314E-08
  298.5000  2.499E-08  3.051E-08  3.308E-08  2.979E-08  2.305E-08
  299.5000  8.058E-08  9.824E-08  1.064E-07  9.594E-08  7.440E-08
  300.5000  1.011E-07  1.231E-07  1.333E-07  1.203E-07  9.344E-08
  301.5000  2.779E-07  3.380E-07  3.658E-07  3.302E-07  2.570E-07
  302.5000  4.316E-07  5.245E-07  5.672E-07  5.123E-07  3.995E-07
  303.5000  9.663E-07  1.173E-06  1.267E-06  1.146E-06  8.950E-07
  304.5000  1.244E-06  1.508E-06  1.629E-06  1.474E-06  1.153E-06
  305.5000  2.120E-06  2.568E-06  2.771E-06  2.509E-06  1.966E-06
  306.5000  2.480E-06  3.003E-06  3.240E-06  2.934E-06  2.302E-06
  307.5000  4.508E-06  5.452E-06  5.876E-06  5.327E-06  4.187E-06
  308.5000  5.548E-06  6.706E-06  7.226E-06  6.553E-06  5.155E-06
  309.5000  5.803E-06  7.008E-06  7.544E-06  6.848E-06  5.396E-06
  310.5000  9.039E-06  1.091E-05  1.173E-05  1.066E-05  8.411E-06
  311.5000  1.274E-05  1.536E-05  1.652E-05  1.502E-05  1.186E-05
  312.5000  1.494E-05  1.800E-05  1.934E-05  1.759E-05  1.393E-05
  313.5000  1.780E-05  2.143E-05  2.301E-05  2.094E-05  1.659E-05
  314.5000  2.142E-05  2.576E-05  2.764E-05  2.518E-05  1.999E-05
  315.5000  2.301E-05  2.766E-05  2.967E-05  2.704E-05  2.148E-05
  316.5000  2.737E-05  3.288E-05  3.523E-05  3.214E-05  2.558E-05
  317.5000  3.884E-05  4.665E-05  4.998E-05  4.560E-05  3.629E-05
  318.5000  3.731E-05  4.477E-05  4.793E-05  4.376E-05  3.490E-05
  319.5000  4.777E-05  5.732E-05  6.135E-05  5.602E-05  4.470E-05
  320.5000  6.122E-05  7.344E-05  7.860E-05  7.179E-05  5.730E-05
  321.5000  6.853E-05  8.222E-05  8.795E-05  8.035E-05  6.419E-05
  322.5000  5.519E-05  6.619E-05  7.083E-05  6.470E-05  5.167E-05
  323.5000  8.236E-05  9.886E-05  1.058E-04  9.660E-05  7.716E-05
  324.5000  9.538E-05  1.145E-04  1.225E-04  1.119E-04  8.936E-05
  325.5000  1.003E-04  1.203E-04  1.287E-04  1.176E-04  9.393E-05
  326.5000  1.715E-04  2.062E-04  2.207E-04  2.014E-04  1.607E-04
  327.5000  1.411E-04  1.694E-04  1.813E-04  1.656E-04  1.322E-04
  328.5000  1.294E-04  1.554E-04  1.663E-04  1.519E-04  1.212E-04
  329.5000  2.314E-04  2.785E-04  2.984E-04  2.721E-04  2.167E-04
  330.5000  1.819E-04  2.187E-04  2.342E-04  2.137E-04  1.704E-04
  331.5000  1.738E-04  2.090E-04  2.238E-04  2.042E-04  1.628E-04
  332.5000  2.221E-04  2.674E-04  2.867E-04  2.612E-04  2.079E-04
  333.5000  1.848E-04  2.224E-04  2.383E-04  2.173E-04  1.731E-04
  334.5000  2.184E-04  2.630E-04  2.819E-04  2.569E-04  2.045E-04
  335.5000  2.551E-04  3.074E-04  3.298E-04  3.002E-04  2.387E-04
  336.5000  1.906E-04  2.296E-04  2.463E-04  2.242E-04  1.784E-04
  337.5000  1.890E-04  2.276E-04  2.440E-04  2.223E-04  1.769E-04
  338.5000  2.316E-04  2.793E-04  2.996E-04  2.727E-04  2.167E-04
  339.5000  2.567E-04  3.095E-04  3.321E-04  3.022E-04  2.401E-04
  340.5000  2.584E-04  3.116E-04  3.342E-04  3.042E-04  2.418E-04
  341.5000  2.491E-04  3.005E-04  3.225E-04  2.934E-04  2.330E-04
  342.5000  2.798E-04  3.376E-04  3.624E-04  3.296E-04  2.617E-04
  343.5000  2.816E-04  3.397E-04  3.646E-04  3.317E-04  2.634E-04
  344.5000  1.907E-04  2.301E-04  2.469E-04  2.247E-04  1.785E-04
  345.5000  2.842E-04  3.430E-04  3.683E-04  3.349E-04  2.657E-04
  346.5000  2.518E-04  3.039E-04  3.262E-04  2.967E-04  2.355E-04
  347.5000  2.470E-04  2.982E-04  3.201E-04  2.911E-04  2.310E-04
  348.5000  2.762E-04  3.335E-04  3.580E-04  3.256E-04  2.583E-04
  349.5000  2.304E-04  2.782E-04  2.987E-04  2.716E-04  2.154E-04
  350.5000  3.234E-04  3.906E-04  4.194E-04  3.813E-04  3.024E-04
  351.5000  2.761E-04  3.335E-04  3.581E-04  3.255E-04  2.582E-04
  352.5000  2.501E-04  3.021E-04  3.245E-04  2.949E-04  2.339E-04
  353.5000  3.035E-04  3.668E-04  3.939E-04  3.580E-04  2.838E-04
  354.5000  3.307E-04  3.996E-04  4.292E-04  3.901E-04  3.091E-04
  355.5000  3.087E-04  3.731E-04  4.008E-04  3.642E-04  2.886E-04
  356.5000  2.857E-04  3.454E-04  3.710E-04  3.371E-04  2.671E-04
  357.5000  2.420E-04  2.926E-04  3.143E-04  2.856E-04  2.263E-04
  358.5000  1.872E-04  2.264E-04  2.432E-04  2.210E-04  1.750E-04
  359.5000  3.145E-04  3.803E-04  4.086E-04  3.712E-04  2.939E-04
  360.5000  2.911E-04  3.521E-04  3.783E-04  3.436E-04  2.721E-04
  361.5000  2.627E-04  3.178E-04  3.415E-04  3.102E-04  2.455E-04
  362.5000  3.084E-04  3.732E-04  4.010E-04  3.642E-04  2.883E-04
  363.5000  2.740E-04  3.316E-04  3.564E-04  3.236E-04  2.561E-04
  364.5000  2.981E-04  3.608E-04  3.878E-04  3.521E-04  2.786E-04
  365.5000  3.620E-04  4.383E-04  4.710E-04  4.277E-04  3.383E-04
  366.5000  3.830E-04  4.637E-04  4.984E-04  4.525E-04  3.579E-04
  367.5000  3.635E-04  4.402E-04  4.732E-04  4.296E-04  3.397E-04
  368.5000  3.187E-04  3.860E-04  4.149E-04  3.767E-04  2.978E-04
  369.5000  3.816E-04  4.622E-04  4.969E-04  4.510E-04  3.566E-04
  370.5000  3.455E-04  4.186E-04  4.500E-04  4.084E-04  3.228E-04
  371.5000  3.947E-04  4.783E-04  5.141E-04  4.667E-04  3.688E-04
  372.5000  2.911E-04  3.528E-04  3.793E-04  3.442E-04  2.720E-04
  373.5000  2.625E-04  3.182E-04  3.421E-04  3.104E-04  2.452E-04
  374.5000  2.875E-04  3.485E-04  3.747E-04  3.400E-04  2.686E-04
  375.5000  3.239E-04  3.927E-04  4.222E-04  3.831E-04  3.025E-04
  376.5000  3.229E-04  3.915E-04  4.210E-04  3.820E-04  3.016E-04
  377.5000  3.838E-04  4.654E-04  5.005E-04  4.541E-04  3.585E-04
  378.5000  4.174E-04  5.063E-04  5.445E-04  4.939E-04  3.899E-04
  379.5000  3.082E-04  3.739E-04  4.020E-04  3.647E-04  2.878E-04
  380.5000  3.699E-04  4.489E-04  4.827E-04  4.379E-04  3.455E-04
  381.5000  3.470E-04  4.211E-04  4.529E-04  4.107E-04  3.241E-04
  382.5000  2.308E-04  2.801E-04  3.012E-04  2.732E-04  2.155E-04
  383.5000  2.022E-04  2.455E-04  2.640E-04  2.395E-04  1.889E-04
  384.5000  3.029E-04  3.678E-04  3.956E-04  3.587E-04  2.829E-04
  385.5000  2.991E-04  3.632E-04  3.907E-04  3.543E-04  2.793E-04
  386.5000  3.043E-04  3.696E-04  3.976E-04  3.605E-04  2.842E-04
  387.5000  2.823E-04  3.429E-04  3.689E-04  3.344E-04  2.636E-04
  388.5000  2.824E-04  3.431E-04  3.691E-04  3.346E-04  2.637E-04
  389.5000  3.554E-04  4.319E-04  4.646E-04  4.212E-04  3.318E-04
  390.5000  3.485E-04  4.235E-04  4.556E-04  4.130E-04  3.253E-04
  391.5000  4.126E-04  5.015E-04  5.396E-04  4.891E-04  3.852E-04
  392.5000  3.088E-04  3.754E-04  4.040E-04  3.661E-04  2.883E-04
  393.5000  1.340E-04  1.629E-04  1.753E-04  1.589E-04  1.251E-04
  394.5000  3.147E-04  3.826E-04  4.118E-04  3.731E-04  2.937E-04
  395.5000  4.041E-04  4.914E-04  5.289E-04  4.792E-04  3.772E-04
  396.5000  2.368E-04  2.881E-04  3.101E-04  2.809E-04  2.211E-04
  397.5000  2.728E-04  3.319E-04  3.572E-04  3.237E-04  2.547E-04
  398.5000  4.680E-04  5.694E-04  6.129E-04  5.553E-04  4.368E-04
  399.5000  4.859E-04  5.913E-04  6.364E-04  5.765E-04  4.534E-04
  400.5000  5.098E-04  6.205E-04  6.679E-04  6.050E-04  4.758E-04
  401.5000  5.234E-04  6.372E-04  6.859E-04  6.213E-04  4.885E-04
  402.5000  5.423E-04  6.603E-04  7.109E-04  6.438E-04  5.061E-04
  403.5000  4.955E-04  6.034E-04  6.496E-04  5.883E-04  4.624E-04
  404.5000  4.852E-04  5.909E-04  6.362E-04  5.761E-04  4.527E-04
  405.5000  5.031E-04  6.128E-04  6.598E-04  5.975E-04  4.694E-04
  406.5000  4.729E-04  5.762E-04  6.204E-04  5.617E-04  4.412E-04
  407.5000  4.757E-04  5.797E-04  6.242E-04  5.651E-04  4.438E-04
  408.5000  5.286E-04  6.442E-04  6.937E-04  6.280E-04  4.931E-04
  409.5000  5.170E-04  6.303E-04  6.787E-04  6.144E-04  4.824E-04
  410.5000  4.475E-04  5.456E-04  5.876E-04  5.319E-04  4.175E-04
  411.5000  5.371E-04  6.549E-04  7.053E-04  6.384E-04  5.010E-04
  412.5000  5.316E-04  6.483E-04  6.982E-04  6.319E-04  4.959E-04
  413.5000  5.147E-04  6.278E-04  6.762E-04  6.120E-04  4.801E-04
  414.5000  5.280E-04  6.442E-04  6.938E-04  6.279E-04  4.925E-04
  415.5000  5.039E-04  6.148E-04  6.622E-04  5.993E-04  4.700E-04
  416.5000  5.471E-04  6.677E-04  7.192E-04  6.508E-04  5.103E-04
  417.5000  4.991E-04  6.092E-04  6.563E-04  5.938E-04  4.655E-04
  418.5000  5.022E-04  6.130E-04  6.604E-04  5.975E-04  4.683E-04
  419.5000  5.179E-04  6.324E-04  6.813E-04  6.163E-04  4.830E-04
------------------------------------------------------------
Dose rates, W m-2
   1 = UV-B, 280-315 nm                                  
   2 = UV-A, 315-400 nm                                  
   3 = Gaussian, 320 nm, 10 nm FWHM                      
   4 = RB Meter, model 501                               
   5 = DNA damage, in vitro (Setlow, 1974)               
   6 = UV index (WMO, 1994; Webb et al., 2011)           
   7 = Previtamin-D3 (CIE 2006)                          
values at z =      0.000 km
Columns: time, sza, weighting spectra
time, hrs.  sza, deg.          1          2          3          4          5          6          7
   11.0000     94.388  9.955E-05  2.173E-02  5.957E-05  3.486E-05  1.975E-07  8.871E-04  2.036E-05
   11.5000     94.211  1.200E-04  2.630E-02  7.152E-05  4.200E-05  2.386E-07  1.070E-03  2.458E-05
   12.0000     94.159  1.290E-04  2.826E-02  7.656E-05  4.510E-05  2.568E-07  1.149E-03  2.645E-05
   12.5000     94.235  1.173E-04  2.567E-02  6.989E-05  4.104E-05  2.331E-07  1.045E-03  2.402E-05
   13.0000     94.438  9.270E-05  2.031E-02  5.576E-05  3.252E-05  1.838E-07  8.282E-04  1.894E-05
------------------------------------------------------------
