Spectral Irradiance, W m-2 nm-1
values at z =      0.000 km
Columns: wavelength (nm), times (hrs.) or sza (deg.)
    wc, nm     11.000     11.500     12.000     12.500     13.000
    sza =      35.143     32.543     31.370     31.785     33.731
  280.5000  5.275E-16  1.409E-15  2.113E-15  1.835E-15  9.132E-16
  281.5000  2.335E-14  5.718E-14  8.270E-14  7.275E-14  3.850E-14
  282.5000  4.142E-13  9.415E-13  1.320E-12  1.174E-12  6.552E-13
  283.5000  2.431E-12  4.941E-12  7.236E-12  6.478E-12  3.573E-12
  284.5000  3.685E-11  7.303E-11  9.680E-11  8.777E-11  5.399E-11
  285.5000  1.723E-10  3.198E-10  4.127E-10  3.777E-10  2.434E-10
  286.5000  2.543E-09  4.489E-09  5.674E-09  5.230E-09  3.492E-09
  287.5000  1.866E-08  3.115E-08  3.848E-08  3.576E-08  2.484E-08
  288.5000  1.222E-07  1.921E-07  2.315E-07  2.170E-07  1.573E-07
  289.5000  8.128E-07  1.223E-06  1.448E-06  1.365E-06  1.021E-06
  290.5000  3.822E-06  5.545E-06  6.466E-06  6.130E-06  4.704E-06
  291.5000  1.443E-05  2.008E-05  2.302E-05  2.196E-05  1.735E-05
  292.5000  3.999E-05  5.382E-05  6.085E-05  5.830E-05  4.720E-05
  293.5000  1.317E-04  1.717E-04  1.916E-04  1.844E-04  1.527E-04
  294.5000  2.771E-04  3.525E-04  3.893E-04  3.761E-04  3.169E-04
  295.5000  7.758E-04  9.610E-04  1.050E-03  1.018E-03  8.742E-04
  296.5000  1.481E-03  1.794E-03  1.943E-03  1.890E-03  1.648E-03
  297.5000  3.069E-03  3.649E-03  3.919E-03  3.823E-03  3.380E-03
  298.5000  3.909E-03  4.573E-03  4.880E-03  4.771E-03  4.266E-03
  299.5000  9.280E-03  1.069E-02  1.134E-02  1.111E-02  1.004E-02
  300.5000  9.126E-03  1.039E-02  1.097E-02  1.076E-02  9.811E-03
  301.5000  1.908E-02  2.146E-02  2.253E-02  2.215E-02  2.037E-02
  302.5000  2.462E-02  2.745E-02  2.872E-02  2.827E-02  2.616E-02
  303.5000  4.375E-02  4.832E-02  5.035E-02  4.963E-02  4.624E-02
  304.5000  4.904E-02  5.384E-02  5.597E-02  5.522E-02  5.166E-02
  305.5000  6.716E-02  7.313E-02  7.576E-02  7.483E-02  7.042E-02
  306.5000  7.127E-02  7.732E-02  7.999E-02  7.905E-02  7.458E-02
  307.5000  1.060E-01  1.142E-01  1.178E-01  1.165E-01  1.104E-01
  308.5000  1.201E-01  1.290E-01  1.329E-01  1.315E-01  1.250E-01
  309.5000  1.080E-01  1.155E-01  1.188E-01  1.176E-01  1.121E-01
  310.5000  1.492E-01  1.590E-01  1.633E-01  1.618E-01  1.546E-01
  311.5000  1.938E-01  2.061E-01  2.115E-01  2.096E-01  2.006E-01
  312.5000  1.922E-01  2.037E-01  2.087E-01  2.069E-01  1.985E-01
  313.5000  2.189E-01  2.318E-01  2.373E-01  2.354E-01  2.260E-01
  314.5000  2.218E-01  2.341E-01  2.394E-01  2.375E-01  2.286E-01
  315.5000  2.297E-01  2.422E-01  2.476E-01  2.457E-01  2.366E-01
  316.5000  2.311E-01  2.431E-01  2.483E-01  2.465E-01  2.377E-01
  317.5000  3.269E-01  3.439E-01  3.512E-01  3.486E-01  3.362E-01
  318.5000  2.595E-01  2.723E-01  2.778E-01  2.759E-01  2.666E-01
  319.5000  3.173E-01  3.327E-01  3.394E-01  3.371E-01  3.258E-01
  320.5000  3.869E-01  4.055E-01  4.135E-01  4.107E-01  3.959E-01
  321.5000  3.310E-01  3.462E-01  3.528E-01  3.505E-01  3.394E-01
  322.5000  3.315E-01  3.472E-01  3.540E-01  3.516E-01  3.401E-01
  323.5000  3.444E-01  3.599E-01  3.665E-01  3.642E-01  3.529E-01
  324.5000  4.042E-01  4.223E-01  4.301E-01  4.273E-01  4.141E-01
  325.5000  4.526E-01  4.730E-01  4.818E-01  4.787E-01  4.638E-01
  326.5000  5.504E-01  5.742E-01  5.845E-01  5.809E-01  5.635E-01
  327.5000  5.120E-01  5.340E-01  5.440E-01  5.406E-01  5.243E-01
  328.5000  4.727E-01  4.934E-01  5.023E-01  4.992E-01  4.837E-01
  329.5000  6.146E-01  6.406E-01  6.518E-01  6.479E-01  6.289E-01
  330.5000  5.582E-01  5.821E-01  5.924E-01  5.888E-01  5.713E-01
  331.5000  5.516E-01  5.752E-01  5.853E-01  5.818E-01  5.645E-01
  332.5000  5.441E-01  5.668E-01  5.766E-01  5.732E-01  5.566E-01
  333.5000  5.110E-01  5.325E-01  5.417E-01  5.385E-01  5.228E-01
  334.5000  5.711E-01  5.950E-01  6.053E-01  6.017E-01  5.842E-01
  335.5000  5.793E-01  6.032E-01  6.135E-01  6.099E-01  5.924E-01
  336.5000  4.528E-01  4.715E-01  4.796E-01  4.768E-01  4.631E-01
  337.5000  4.969E-01  5.175E-01  5.264E-01  5.233E-01  5.082E-01
  338.5000  5.248E-01  5.463E-01  5.556E-01  5.523E-01  5.366E-01
  339.5000  5.705E-01  5.939E-01  6.039E-01  6.004E-01  5.834E-01
  340.5000  6.098E-01  6.348E-01  6.456E-01  6.418E-01  6.236E-01
  341.5000  5.418E-01  5.638E-01  5.733E-01  5.700E-01  5.539E-01
  342.5000  6.002E-01  6.246E-01  6.350E-01  6.314E-01  6.136E-01
  343.5000  6.234E-01  6.487E-01  6.596E-01  6.557E-01  6.373E-01
  344.5000  4.369E-01  4.546E-01  4.623E-01  4.596E-01  4.466E-01
  345.5000  5.987E-01  6.228E-01  6.332E-01  6.295E-01  6.119E-01
  346.5000  5.599E-01  5.825E-01  5.923E-01  5.889E-01  5.724E-01
  347.5000  5.471E-01  5.691E-01  5.786E-01  5.753E-01  5.592E-01
  348.5000  6.013E-01  6.254E-01  6.358E-01  6.322E-01  6.145E-01
  349.5000  5.039E-01  5.241E-01  5.328E-01  5.297E-01  5.150E-01
  350.5000  7.054E-01  7.336E-01  7.458E-01  7.415E-01  7.209E-01
  351.5000  6.079E-01  6.322E-01  6.427E-01  6.390E-01  6.213E-01
  352.5000  5.482E-01  5.701E-01  5.795E-01  5.762E-01  5.603E-01
  353.5000  6.599E-01  6.862E-01  6.975E-01  6.935E-01  6.743E-01
  354.5000  7.141E-01  7.425E-01  7.547E-01  7.504E-01  7.297E-01
  355.5000  6.673E-01  6.938E-01  7.052E-01  7.012E-01  6.819E-01
  356.5000  6.193E-01  6.438E-01  6.543E-01  6.506E-01  6.327E-01
  357.5000  5.265E-01  5.473E-01  5.563E-01  5.532E-01  5.380E-01
  358.5000  4.063E-01  4.223E-01  4.292E-01  4.268E-01  4.151E-01
  359.5000  6.837E-01  7.106E-01  7.222E-01  7.181E-01  6.985E-01
  360.5000  6.336E-01  6.586E-01  6.693E-01  6.655E-01  6.473E-01
  361.5000  5.712E-01  5.936E-01  6.033E-01  5.999E-01  5.836E-01
  362.5000  6.707E-01  6.970E-01  7.083E-01  7.043E-01  6.852E-01
  363.5000  5.966E-01  6.199E-01  6.300E-01  6.265E-01  6.094E-01
  364.5000  6.508E-01  6.762E-01  6.871E-01  6.833E-01  6.647E-01
  365.5000  7.929E-01  8.238E-01  8.371E-01  8.324E-01  8.099E-01
  366.5000  8.390E-01  8.717E-01  8.858E-01  8.808E-01  8.570E-01
  367.5000  7.966E-01  8.275E-01  8.409E-01  8.362E-01  8.136E-01
  368.5000  6.997E-01  7.269E-01  7.385E-01  7.344E-01  7.146E-01
  369.5000  8.392E-01  8.717E-01  8.857E-01  8.808E-01  8.571E-01
  370.5000  7.613E-01  7.908E-01  8.034E-01  7.990E-01  7.775E-01
  371.5000  8.710E-01  9.047E-01  9.192E-01  9.141E-01  8.895E-01
  372.5000  6.433E-01  6.682E-01  6.788E-01  6.751E-01  6.570E-01
  373.5000  5.815E-01  6.039E-01  6.135E-01  6.101E-01  5.938E-01
  374.5000  6.381E-01  6.627E-01  6.732E-01  6.695E-01  6.516E-01
  375.5000  7.199E-01  7.475E-01  7.594E-01  7.553E-01  7.351E-01
  376.5000  7.188E-01  7.464E-01  7.582E-01  7.541E-01  7.340E-01
  377.5000  8.559E-01  8.887E-01  9.027E-01  8.978E-01  8.739E-01
  378.5000  9.328E-01  9.684E-01  9.838E-01  9.784E-01  9.524E-01
  379.5000  6.900E-01  7.164E-01  7.277E-01  7.237E-01  7.045E-01
  380.5000  8.298E-01  8.614E-01  8.750E-01  8.703E-01  8.472E-01
  381.5000  7.797E-01  8.094E-01  8.221E-01  8.177E-01  7.960E-01
  382.5000  5.195E-01  5.392E-01  5.477E-01  5.448E-01  5.304E-01
  383.5000  4.561E-01  4.735E-01  4.809E-01  4.783E-01  4.657E-01
  384.5000  6.845E-01  7.104E-01  7.216E-01  7.177E-01  6.988E-01
  385.5000  6.772E-01  7.028E-01  7.138E-01  7.100E-01  6.913E-01
  386.5000  6.902E-01  7.163E-01  7.275E-01  7.236E-01  7.046E-01
  387.5000  6.414E-01  6.656E-01  6.760E-01  6.724E-01  6.547E-01
  388.5000  6.429E-01  6.671E-01  6.775E-01  6.739E-01  6.562E-01
  389.5000  8.107E-01  8.412E-01  8.543E-01  8.497E-01  8.275E-01
  390.5000  7.962E-01  8.262E-01  8.390E-01  8.345E-01  8.127E-01
  391.5000  9.445E-01  9.800E-01  9.953E-01  9.899E-01  9.641E-01
  392.5000  7.083E-01  7.348E-01  7.463E-01  7.422E-01  7.229E-01
  393.5000  3.079E-01  3.194E-01  3.244E-01  3.227E-01  3.143E-01
  394.5000  7.245E-01  7.516E-01  7.633E-01  7.592E-01  7.394E-01
  395.5000  9.321E-01  9.670E-01  9.819E-01  9.767E-01  9.513E-01
  396.5000  5.473E-01  5.678E-01  5.765E-01  5.735E-01  5.586E-01
  397.5000  6.316E-01  6.551E-01  6.652E-01  6.617E-01  6.445E-01
  398.5000  1.085E+00  1.126E+00  1.143E+00  1.137E+00  1.107E+00
  399.5000  1.129E+00  1.171E+00  1.189E+00  1.182E+00  1.152E+00
  400.5000  1.187E+00  1.231E+00  1.250E+00  1.243E+00  1.211E+00
  401.5000  1.221E+00  1.266E+00  1.286E+00  1.279E+00  1.246E+00
  402.5000  1.267E+00  1.314E+00  1.335E+00  1.327E+00  1.293E+00
  403.5000  1.160E+00  1.203E+00  1.221E+00  1.215E+00  1.184E+00
  404.5000  1.138E+00  1.180E+00  1.198E+00  1.191E+00  1.161E+00
  405.5000  1.182E+00  1.225E+00  1.244E+00  1.238E+00  1.206E+00
  406.5000  1.113E+00  1.154E+00  1.172E+00  1.166E+00  1.136E+00
  407.5000  1.122E+00  1.164E+00  1.181E+00  1.175E+00  1.145E+00
  408.5000  1.250E+00  1.296E+00  1.316E+00  1.309E+00  1.275E+00
  409.5000  1.225E+00  1.270E+00  1.290E+00  1.283E+00  1.250E+00
  410.5000  1.063E+00  1.102E+00  1.118E+00  1.112E+00  1.084E+00
  411.5000  1.277E+00  1.324E+00  1.344E+00  1.337E+00  1.303E+00
  412.5000  1.266E+00  1.312E+00  1.332E+00  1.325E+00  1.291E+00
  413.5000  1.228E+00  1.273E+00  1.292E+00  1.285E+00  1.252E+00
  414.5000  1.262E+00  1.308E+00  1.328E+00  1.321E+00  1.287E+00
  415.5000  1.207E+00  1.251E+00  1.270E+00  1.263E+00  1.231E+00
  416.5000  1.313E+00  1.361E+00  1.382E+00  1.375E+00  1.340E+00
  417.5000  1.201E+00  1.244E+00  1.263E+00  1.257E+00  1.225E+00
  418.5000  1.210E+00  1.254E+00  1.273E+00  1.266E+00  1.234E+00
  419.5000  1.250E+00  1.295E+00  1.315E+00  1.308E+00  1.275E+00
------------------------------------------------------------
Dose rates, W m-2
   1 = UV-B, 280-315 nm                                  
   2 = UV-A, 315-400 nm                                  
   3 = Gaussian, 320 nm, 10 nm FWHM                      
   4 = RB Meter, model 501                               
   5 = DNA damage, in vitro (Setlow, 1974)               
   6 = UV index (WMO, 1994; Webb et al., 2011)           
   7 = Previtamin-D3 (CIE 2006)                          
values at z =      0.000 km
Columns: time, sza, weighting spectra
time, hrs.  sza, deg.          1          2          3          4          5          6          7
   11.0000     35.143  1.613E+00  5.193E+01  3.263E-01  4.723E-01  5.233E-03  8.962E+00  4.443E-01
   11.5000     32.543  1.727E+00  5.400E+01  3.420E-01  5.088E-01  5.818E-03  9.692E+00  4.824E-01
   12.0000     31.370  1.778E+00  5.489E+01  3.489E-01  5.249E-01  6.083E-03  1.002E+01  4.993E-01
   12.5000     31.785  1.760E+00  5.458E+01  3.465E-01  5.193E-01  5.989E-03  9.902E+00  4.933E-01
   13.0000     33.731  1.676E+00  5.306E+01  3.348E-01  4.922E-01  5.550E-03  9.359E+00  4.650E-01
------------------------------------------------------------
