Spectral Irradiance, W m-2 nm-1
values at z =      0.000 km
Columns: wavelength (nm), times (hrs.) or sza (deg.)
    wc, nm     11.000     11.500     12.000     12.500     13.000
    sza =      18.104     14.304     13.058     15.020     19.225
  280.5000  2.231E-15  4.094E-15  4.827E-15  3.696E-15  1.808E-15
  281.5000  8.755E-14  1.523E-13  1.770E-13  1.387E-13  7.227E-14
  282.5000  1.401E-12  2.327E-12  2.671E-12  2.137E-12  1.175E-12
  283.5000  7.687E-12  1.239E-11  1.411E-11  1.144E-11  6.514E-12
  284.5000  1.031E-10  1.575E-10  1.767E-10  1.467E-10  8.907E-11
  285.5000  4.407E-10  6.463E-10  7.171E-10  6.060E-10  3.859E-10
  286.5000  6.069E-09  8.630E-09  9.496E-09  8.134E-09  5.372E-09
  287.5000  4.125E-08  5.667E-08  6.178E-08  5.372E-08  3.438E-08
  288.5000  2.487E-07  3.292E-07  3.553E-07  3.140E-07  2.257E-07
  289.5000  1.558E-06  2.008E-06  2.152E-06  1.924E-06  1.427E-06
  290.5000  6.972E-06  8.785E-06  9.354E-06  8.449E-06  6.436E-06
  291.5000  2.487E-05  3.055E-05  3.231E-05  2.951E-05  2.316E-05
  292.5000  6.585E-05  7.922E-05  8.330E-05  7.679E-05  6.177E-05
  293.5000  2.077E-04  2.450E-04  2.562E-04  2.382E-04  1.961E-04
  294.5000  4.227E-04  4.910E-04  5.114E-04  4.787E-04  4.013E-04
  295.5000  1.142E-03  1.305E-03  1.353E-03  1.276E-03  1.090E-03
  296.5000  2.116E-03  2.386E-03  2.465E-03  2.338E-03  2.030E-03
  297.5000  4.275E-03  4.763E-03  4.905E-03  4.677E-03  4.119E-03
  298.5000  5.330E-03  5.879E-03  6.038E-03  5.783E-03  5.153E-03
  299.5000  1.240E-02  1.355E-02  1.388E-02  1.335E-02  1.203E-02
  300.5000  1.201E-02  1.303E-02  1.332E-02  1.285E-02  1.168E-02
  301.5000  2.470E-02  2.658E-02  2.712E-02  2.626E-02  2.408E-02
  302.5000  3.152E-02  3.375E-02  3.438E-02  3.336E-02  3.079E-02
  303.5000  5.532E-02  5.887E-02  5.987E-02  5.825E-02  5.414E-02
  304.5000  6.154E-02  6.526E-02  6.631E-02  6.462E-02  6.031E-02
  305.5000  8.338E-02  8.796E-02  8.925E-02  8.717E-02  8.115E-02
  306.5000  8.807E-02  9.269E-02  9.399E-02  9.189E-02  8.652E-02
  307.5000  1.298E-01  1.360E-01  1.377E-01  1.349E-01  1.277E-01
  308.5000  1.465E-01  1.533E-01  1.552E-01  1.521E-01  1.442E-01
  309.5000  1.309E-01  1.366E-01  1.382E-01  1.356E-01  1.290E-01
  310.5000  1.801E-01  1.875E-01  1.895E-01  1.862E-01  1.776E-01
  311.5000  2.333E-01  2.426E-01  2.452E-01  2.410E-01  2.302E-01
  312.5000  2.302E-01  2.388E-01  2.412E-01  2.373E-01  2.274E-01
  313.5000  2.619E-01  2.714E-01  2.741E-01  2.698E-01  2.587E-01
  314.5000  2.642E-01  2.733E-01  2.758E-01  2.717E-01  2.611E-01
  315.5000  2.733E-01  2.826E-01  2.852E-01  2.810E-01  2.702E-01
  316.5000  2.741E-01  2.829E-01  2.854E-01  2.814E-01  2.711E-01
  317.5000  3.876E-01  4.001E-01  4.036E-01  3.979E-01  3.834E-01
  318.5000  3.067E-01  3.162E-01  3.188E-01  3.146E-01  3.035E-01
  319.5000  3.747E-01  3.861E-01  3.893E-01  3.841E-01  3.708E-01
  320.5000  4.564E-01  4.702E-01  4.740E-01  4.678E-01  4.518E-01
  321.5000  3.895E-01  4.007E-01  4.038E-01  3.988E-01  3.857E-01
  322.5000  3.906E-01  4.022E-01  4.054E-01  4.002E-01  3.867E-01
  323.5000  4.046E-01  4.159E-01  4.191E-01  4.135E-01  4.007E-01
  324.5000  4.746E-01  4.879E-01  4.917E-01  4.857E-01  4.701E-01
  325.5000  5.315E-01  5.465E-01  5.507E-01  5.439E-01  5.265E-01
  326.5000  6.451E-01  6.625E-01  6.674E-01  6.595E-01  6.391E-01
  327.5000  6.001E-01  6.165E-01  6.211E-01  6.137E-01  5.945E-01
  328.5000  5.540E-01  5.691E-01  5.733E-01  5.665E-01  5.488E-01
  329.5000  7.190E-01  7.380E-01  7.433E-01  7.347E-01  7.125E-01
  330.5000  6.532E-01  6.707E-01  6.755E-01  6.677E-01  6.473E-01
  331.5000  6.453E-01  6.625E-01  6.673E-01  6.596E-01  6.394E-01
  332.5000  6.357E-01  6.524E-01  6.570E-01  6.495E-01  6.301E-01
  333.5000  5.968E-01  6.128E-01  6.172E-01  6.101E-01  5.916E-01
  334.5000  6.670E-01  6.844E-01  6.893E-01  6.814E-01  6.611E-01
  335.5000  6.760E-01  6.935E-01  6.984E-01  6.905E-01  6.701E-01
  336.5000  5.283E-01  5.420E-01  5.458E-01  5.397E-01  5.237E-01
  337.5000  5.797E-01  5.948E-01  5.990E-01  5.922E-01  5.746E-01
  338.5000  6.118E-01  6.275E-01  6.319E-01  6.248E-01  6.065E-01
  339.5000  6.649E-01  6.819E-01  6.867E-01  6.790E-01  6.591E-01
  340.5000  7.106E-01  7.289E-01  7.340E-01  7.257E-01  7.044E-01
  341.5000  6.309E-01  6.470E-01  6.515E-01  6.443E-01  6.255E-01
  342.5000  6.987E-01  7.165E-01  7.215E-01  7.135E-01  6.927E-01
  343.5000  7.256E-01  7.440E-01  7.492E-01  7.409E-01  7.193E-01
  344.5000  5.084E-01  5.213E-01  5.249E-01  5.191E-01  5.040E-01
  345.5000  6.963E-01  7.139E-01  7.188E-01  7.109E-01  6.903E-01
  346.5000  6.511E-01  6.676E-01  6.722E-01  6.648E-01  6.456E-01
  347.5000  6.360E-01  6.521E-01  6.565E-01  6.493E-01  6.306E-01
  348.5000  6.987E-01  7.163E-01  7.212E-01  7.133E-01  6.928E-01
  349.5000  5.854E-01  6.001E-01  6.042E-01  5.976E-01  5.804E-01
  350.5000  8.193E-01  8.399E-01  8.456E-01  8.363E-01  8.123E-01
  351.5000  7.059E-01  7.236E-01  7.285E-01  7.206E-01  6.999E-01
  352.5000  6.364E-01  6.523E-01  6.567E-01  6.496E-01  6.310E-01
  353.5000  7.658E-01  7.849E-01  7.902E-01  7.816E-01  7.593E-01
  354.5000  8.285E-01  8.491E-01  8.549E-01  8.456E-01  8.215E-01
  355.5000  7.740E-01  7.932E-01  7.986E-01  7.899E-01  7.674E-01
  356.5000  7.180E-01  7.358E-01  7.408E-01  7.328E-01  7.119E-01
  357.5000  6.103E-01  6.255E-01  6.297E-01  6.229E-01  6.052E-01
  358.5000  4.708E-01  4.825E-01  4.857E-01  4.805E-01  4.668E-01
  359.5000  7.920E-01  8.116E-01  8.171E-01  8.083E-01  7.854E-01
  360.5000  7.339E-01  7.520E-01  7.570E-01  7.489E-01  7.277E-01
  361.5000  6.614E-01  6.777E-01  6.822E-01  6.749E-01  6.559E-01
  362.5000  7.764E-01  7.955E-01  8.008E-01  7.922E-01  7.699E-01
  363.5000  6.904E-01  7.074E-01  7.121E-01  7.045E-01  6.847E-01
  364.5000  7.529E-01  7.714E-01  7.765E-01  7.682E-01  7.466E-01
  365.5000  9.171E-01  9.396E-01  9.458E-01  9.357E-01  9.095E-01
  366.5000  9.702E-01  9.940E-01  1.001E+00  9.899E-01  9.622E-01
  367.5000  9.209E-01  9.434E-01  9.497E-01  9.395E-01  9.133E-01
  368.5000  8.087E-01  8.284E-01  8.339E-01  8.250E-01  8.020E-01
  369.5000  9.697E-01  9.933E-01  9.999E-01  9.893E-01  9.617E-01
  370.5000  8.795E-01  9.009E-01  9.068E-01  8.972E-01  8.722E-01
  371.5000  1.006E+00  1.030E+00  1.037E+00  1.026E+00  9.977E-01
  372.5000  7.428E-01  7.608E-01  7.659E-01  7.578E-01  7.367E-01
  373.5000  6.712E-01  6.875E-01  6.920E-01  6.847E-01  6.657E-01
  374.5000  7.364E-01  7.543E-01  7.592E-01  7.512E-01  7.304E-01
  375.5000  8.306E-01  8.507E-01  8.563E-01  8.473E-01  8.238E-01
  376.5000  8.292E-01  8.492E-01  8.548E-01  8.458E-01  8.224E-01
  377.5000  9.871E-01  1.011E+00  1.017E+00  1.007E+00  9.790E-01
  378.5000  1.076E+00  1.101E+00  1.109E+00  1.097E+00  1.067E+00
  379.5000  7.955E-01  8.146E-01  8.199E-01  8.113E-01  7.890E-01
  380.5000  9.564E-01  9.793E-01  9.857E-01  9.754E-01  9.486E-01
  381.5000  8.984E-01  9.199E-01  9.259E-01  9.162E-01  8.911E-01
  382.5000  5.985E-01  6.128E-01  6.168E-01  6.103E-01  5.936E-01
  383.5000  5.254E-01  5.379E-01  5.414E-01  5.358E-01  5.211E-01
  384.5000  7.882E-01  8.070E-01  8.122E-01  8.038E-01  7.818E-01
  385.5000  7.796E-01  7.982E-01  8.033E-01  7.950E-01  7.733E-01
  386.5000  7.944E-01  8.133E-01  8.186E-01  8.101E-01  7.880E-01
  387.5000  7.381E-01  7.557E-01  7.605E-01  7.527E-01  7.322E-01
  388.5000  7.396E-01  7.572E-01  7.621E-01  7.542E-01  7.337E-01
  389.5000  9.325E-01  9.546E-01  9.608E-01  9.508E-01  9.250E-01
  390.5000  9.157E-01  9.374E-01  9.434E-01  9.337E-01  9.083E-01
  391.5000  1.086E+00  1.112E+00  1.119E+00  1.107E+00  1.077E+00
  392.5000  8.142E-01  8.334E-01  8.388E-01  8.301E-01  8.077E-01
  393.5000  3.539E-01  3.622E-01  3.646E-01  3.608E-01  3.511E-01
  394.5000  8.325E-01  8.522E-01  8.576E-01  8.488E-01  8.259E-01
  395.5000  1.071E+00  1.096E+00  1.103E+00  1.092E+00  1.062E+00
  396.5000  6.287E-01  6.435E-01  6.476E-01  6.409E-01  6.237E-01
  397.5000  7.253E-01  7.424E-01  7.471E-01  7.394E-01  7.195E-01
  398.5000  1.246E+00  1.275E+00  1.283E+00  1.270E+00  1.236E+00
  399.5000  1.296E+00  1.326E+00  1.335E+00  1.321E+00  1.285E+00
  400.5000  1.362E+00  1.394E+00  1.403E+00  1.388E+00  1.351E+00
  401.5000  1.401E+00  1.434E+00  1.443E+00  1.428E+00  1.390E+00
  402.5000  1.454E+00  1.488E+00  1.498E+00  1.482E+00  1.443E+00
  403.5000  1.331E+00  1.362E+00  1.370E+00  1.356E+00  1.320E+00
  404.5000  1.305E+00  1.335E+00  1.344E+00  1.330E+00  1.295E+00
  405.5000  1.355E+00  1.387E+00  1.396E+00  1.381E+00  1.345E+00
  406.5000  1.276E+00  1.306E+00  1.314E+00  1.301E+00  1.266E+00
  407.5000  1.286E+00  1.316E+00  1.325E+00  1.311E+00  1.276E+00
  408.5000  1.433E+00  1.466E+00  1.475E+00  1.460E+00  1.421E+00
  409.5000  1.404E+00  1.437E+00  1.446E+00  1.431E+00  1.393E+00
  410.5000  1.217E+00  1.246E+00  1.253E+00  1.241E+00  1.208E+00
  411.5000  1.463E+00  1.497E+00  1.506E+00  1.491E+00  1.451E+00
  412.5000  1.450E+00  1.483E+00  1.493E+00  1.477E+00  1.438E+00
  413.5000  1.406E+00  1.438E+00  1.447E+00  1.433E+00  1.395E+00
  414.5000  1.445E+00  1.478E+00  1.487E+00  1.472E+00  1.433E+00
  415.5000  1.382E+00  1.413E+00  1.422E+00  1.408E+00  1.371E+00
  416.5000  1.503E+00  1.538E+00  1.548E+00  1.532E+00  1.492E+00
  417.5000  1.374E+00  1.406E+00  1.414E+00  1.400E+00  1.363E+00
  418.5000  1.385E+00  1.416E+00  1.425E+00  1.411E+00  1.374E+00
  419.5000  1.430E+00  1.463E+00  1.472E+00  1.457E+00  1.419E+00
------------------------------------------------------------
Dose rates, W m-2
   1 = UV-B, 280-315 nm                                  
   2 = UV-A, 315-400 nm                                  
   3 = Gaussian, 320 nm, 10 nm FWHM                      
   4 = RB Meter, model 501                               
   5 = DNA damage, in vitro (Setlow, 1974)               
   6 = UV index (WMO, 1994; Webb et al., 2011)           
   7 = Previtamin-D3 (CIE 2006)                          
values at z =      0.000 km
Columns: time, sza, weighting spectra
time, hrs.  sza, deg.          1          2          3          4          5          6          7
   11.0000     18.104  1.959E+00  6.018E+01  3.850E-01  5.781E-01  6.678E-03  1.102E+01  5.495E-01
   11.5000     14.304  2.046E+00  6.169E+01  3.966E-01  6.061E-01  7.145E-03  1.159E+01  5.790E-01
   12.0000     13.058  2.071E+00  6.211E+01  3.999E-01  6.140E-01  7.279E-03  1.175E+01  5.873E-01
   12.5000     15.020  2.031E+00  6.143E+01  3.946E-01  6.013E-01  7.064E-03  1.149E+01  5.739E-01
   13.0000     19.225  1.930E+00  5.967E+01  3.811E-01  5.685E-01  6.521E-03  1.083E+01  5.393E-01
------------------------------------------------------------
