Spectral Irradiance, W m-2 nm-1
values at z =      0.000 km
Columns: wavelength (nm), times (hrs.) or sza (deg.)
    wc, nm     11.000     11.500     12.000     12.500     13.000
    sza =      50.838     49.616     49.008     49.042     49.717
  280.5000  2.416E-24  8.489E-24  1.543E-23  1.494E-23  7.670E-24
  281.5000  6.120E-22  1.918E-21  3.302E-21  3.205E-21  1.749E-21
  282.5000  4.854E-20  1.379E-19  2.267E-19  2.206E-19  1.268E-19
  283.5000  7.530E-19  2.008E-18  3.202E-18  3.122E-18  1.855E-18
  284.5000  6.720E-17  1.596E-16  2.408E-16  2.354E-16  1.488E-16
  285.5000  1.165E-15  2.539E-15  3.679E-15  3.605E-15  2.384E-15
  286.5000  4.704E-14  9.602E-14  1.349E-13  1.324E-13  9.064E-14
  287.5000  1.055E-12  2.002E-12  2.716E-12  2.671E-12  1.901E-12
  288.5000  2.325E-11  4.077E-11  5.328E-11  5.250E-11  3.896E-11
  289.5000  3.679E-10  6.100E-10  7.761E-10  7.659E-10  5.855E-10
  290.5000  3.587E-09  5.672E-09  7.057E-09  6.973E-09  5.466E-09
  291.5000  3.092E-08  4.635E-08  5.621E-08  5.562E-08  4.485E-08
  292.5000  1.684E-07  2.417E-07  2.872E-07  2.845E-07  2.348E-07
  293.5000  1.047E-06  1.442E-06  1.680E-06  1.666E-06  1.406E-06
  294.5000  3.623E-06  4.834E-06  5.547E-06  5.505E-06  4.723E-06
  295.5000  1.719E-05  2.218E-05  2.504E-05  2.488E-05  2.173E-05
  296.5000  5.084E-05  6.377E-05  7.105E-05  7.063E-05  6.261E-05
  297.5000  1.547E-04  1.893E-04  2.085E-04  2.074E-04  1.863E-04
  298.5000  2.721E-04  3.263E-04  3.559E-04  3.542E-04  3.216E-04
  299.5000  8.762E-04  1.030E-03  1.113E-03  1.109E-03  1.017E-03
  300.5000  1.088E-03  1.261E-03  1.352E-03  1.347E-03  1.246E-03
  301.5000  2.929E-03  3.340E-03  3.556E-03  3.544E-03  3.304E-03
  302.5000  4.458E-03  5.031E-03  5.330E-03  5.313E-03  4.982E-03
  303.5000  9.632E-03  1.074E-02  1.131E-02  1.128E-02  1.064E-02
  304.5000  1.208E-02  1.329E-02  1.404E-02  1.400E-02  1.326E-02
  305.5000  1.957E-02  2.143E-02  2.238E-02  2.232E-02  2.127E-02
  306.5000  2.221E-02  2.433E-02  2.535E-02  2.529E-02  2.416E-02
  307.5000  3.808E-02  4.115E-02  4.270E-02  4.262E-02  4.089E-02
  308.5000  4.550E-02  4.900E-02  5.077E-02  5.067E-02  4.870E-02
  309.5000  4.474E-02  4.798E-02  4.958E-02  4.949E-02  4.771E-02
  310.5000  6.606E-02  7.046E-02  7.266E-02  7.253E-02  7.008E-02
  311.5000  8.960E-02  9.529E-02  9.814E-02  9.798E-02  9.481E-02
  312.5000  9.590E-02  1.015E-01  1.043E-01  1.041E-01  1.010E-01
  313.5000  1.113E-01  1.176E-01  1.208E-01  1.206E-01  1.171E-01
  314.5000  1.203E-01  1.267E-01  1.298E-01  1.296E-01  1.261E-01
  315.5000  1.260E-01  1.325E-01  1.358E-01  1.356E-01  1.320E-01
  316.5000  1.333E-01  1.398E-01  1.430E-01  1.426E-01  1.393E-01
  317.5000  1.888E-01  1.980E-01  2.025E-01  2.023E-01  1.969E-01
  318.5000  1.569E-01  1.641E-01  1.676E-01  1.674E-01  1.635E-01
  319.5000  1.937E-01  2.023E-01  2.067E-01  2.064E-01  2.016E-01
  320.5000  2.388E-01  2.493E-01  2.546E-01  2.542E-01  2.485E-01
  321.5000  2.131E-01  2.219E-01  2.263E-01  2.260E-01  2.212E-01
  322.5000  2.068E-01  2.158E-01  2.203E-01  2.200E-01  2.151E-01
  323.5000  2.261E-01  2.352E-01  2.397E-01  2.394E-01  2.344E-01
  324.5000  2.650E-01  2.756E-01  2.809E-01  2.806E-01  2.748E-01
  325.5000  2.950E-01  3.070E-01  3.129E-01  3.126E-01  3.060E-01
  326.5000  3.713E-01  3.856E-01  3.926E-01  3.922E-01  3.844E-01
  327.5000  3.419E-01  3.552E-01  3.618E-01  3.614E-01  3.541E-01
  328.5000  3.160E-01  3.283E-01  3.344E-01  3.340E-01  3.273E-01
  329.5000  4.214E-01  4.371E-01  4.449E-01  4.445E-01  4.358E-01
  330.5000  3.791E-01  3.934E-01  4.005E-01  4.001E-01  3.922E-01
  331.5000  3.740E-01  3.882E-01  3.952E-01  3.948E-01  3.870E-01
  332.5000  3.758E-01  3.897E-01  3.965E-01  3.961E-01  3.885E-01
  333.5000  3.504E-01  3.635E-01  3.699E-01  3.696E-01  3.624E-01
  334.5000  3.935E-01  4.080E-01  4.152E-01  4.148E-01  4.068E-01
  335.5000  4.028E-01  4.174E-01  4.246E-01  4.242E-01  4.162E-01
  336.5000  3.142E-01  3.257E-01  3.313E-01  3.310E-01  3.247E-01
  337.5000  3.429E-01  3.555E-01  3.618E-01  3.614E-01  3.545E-01
  338.5000  3.657E-01  3.789E-01  3.854E-01  3.850E-01  3.778E-01
  339.5000  3.982E-01  4.126E-01  4.196E-01  4.192E-01  4.114E-01
  340.5000  4.246E-01  4.399E-01  4.475E-01  4.470E-01  4.386E-01
  341.5000  3.791E-01  3.927E-01  3.994E-01  3.990E-01  3.915E-01
  342.5000  4.206E-01  4.356E-01  4.430E-01  4.426E-01  4.343E-01
  343.5000  4.364E-01  4.520E-01  4.597E-01  4.592E-01  4.507E-01
  344.5000  3.055E-01  3.164E-01  3.218E-01  3.215E-01  3.155E-01
  345.5000  4.206E-01  4.356E-01  4.429E-01  4.425E-01  4.343E-01
  346.5000  3.926E-01  4.066E-01  4.135E-01  4.131E-01  4.054E-01
  347.5000  3.839E-01  3.976E-01  4.043E-01  4.039E-01  3.964E-01
  348.5000  4.226E-01  4.376E-01  4.449E-01  4.445E-01  4.363E-01
  349.5000  3.543E-01  3.668E-01  3.730E-01  3.726E-01  3.658E-01
  350.5000  4.964E-01  5.139E-01  5.225E-01  5.221E-01  5.124E-01
  351.5000  4.278E-01  4.429E-01  4.504E-01  4.500E-01  4.417E-01
  352.5000  3.862E-01  3.998E-01  4.065E-01  4.061E-01  3.986E-01
  353.5000  4.653E-01  4.816E-01  4.897E-01  4.892E-01  4.803E-01
  354.5000  5.040E-01  5.217E-01  5.304E-01  5.299E-01  5.202E-01
  355.5000  4.712E-01  4.877E-01  4.959E-01  4.954E-01  4.863E-01
  356.5000  4.375E-01  4.528E-01  4.603E-01  4.599E-01  4.515E-01
  357.5000  3.721E-01  3.851E-01  3.915E-01  3.912E-01  3.841E-01
  358.5000  2.873E-01  2.974E-01  3.023E-01  3.020E-01  2.965E-01
  359.5000  4.838E-01  5.006E-01  5.090E-01  5.085E-01  4.992E-01
  360.5000  4.486E-01  4.642E-01  4.719E-01  4.715E-01  4.629E-01
  361.5000  4.047E-01  4.187E-01  4.257E-01  4.253E-01  4.176E-01
  362.5000  4.755E-01  4.919E-01  5.001E-01  4.996E-01  4.906E-01
  363.5000  4.231E-01  4.378E-01  4.450E-01  4.446E-01  4.366E-01
  364.5000  4.618E-01  4.777E-01  4.856E-01  4.852E-01  4.764E-01
  365.5000  5.628E-01  5.823E-01  5.919E-01  5.913E-01  5.807E-01
  366.5000  5.959E-01  6.165E-01  6.266E-01  6.261E-01  6.148E-01
  367.5000  5.661E-01  5.856E-01  5.952E-01  5.947E-01  5.840E-01
  368.5000  4.975E-01  5.146E-01  5.230E-01  5.226E-01  5.132E-01
  369.5000  5.970E-01  6.175E-01  6.276E-01  6.270E-01  6.158E-01
  370.5000  5.418E-01  5.604E-01  5.696E-01  5.691E-01  5.589E-01
  371.5000  6.202E-01  6.415E-01  6.519E-01  6.514E-01  6.397E-01
  372.5000  4.583E-01  4.740E-01  4.817E-01  4.813E-01  4.727E-01
  373.5000  4.144E-01  4.286E-01  4.356E-01  4.352E-01  4.274E-01
  374.5000  4.550E-01  4.705E-01  4.782E-01  4.778E-01  4.692E-01
  375.5000  5.136E-01  5.311E-01  5.397E-01  5.392E-01  5.296E-01
  376.5000  5.130E-01  5.305E-01  5.391E-01  5.386E-01  5.290E-01
  377.5000  6.112E-01  6.319E-01  6.422E-01  6.416E-01  6.302E-01
  378.5000  6.664E-01  6.890E-01  7.001E-01  6.995E-01  6.871E-01
  379.5000  4.932E-01  5.099E-01  5.181E-01  5.177E-01  5.085E-01
  380.5000  5.933E-01  6.134E-01  6.233E-01  6.228E-01  6.118E-01
  381.5000  5.578E-01  5.766E-01  5.859E-01  5.854E-01  5.750E-01
  382.5000  3.718E-01  3.844E-01  3.905E-01  3.902E-01  3.833E-01
  383.5000  3.266E-01  3.376E-01  3.430E-01  3.427E-01  3.367E-01
  384.5000  4.903E-01  5.068E-01  5.150E-01  5.145E-01  5.055E-01
  385.5000  4.853E-01  5.016E-01  5.097E-01  5.092E-01  5.002E-01
  386.5000  4.948E-01  5.115E-01  5.197E-01  5.192E-01  5.101E-01
  387.5000  4.601E-01  4.755E-01  4.831E-01  4.827E-01  4.742E-01
  388.5000  4.613E-01  4.768E-01  4.844E-01  4.840E-01  4.755E-01
  389.5000  5.820E-01  6.014E-01  6.111E-01  6.105E-01  5.998E-01
  390.5000  5.718E-01  5.910E-01  6.004E-01  5.999E-01  5.894E-01
  391.5000  6.786E-01  7.013E-01  7.125E-01  7.119E-01  6.994E-01
  392.5000  5.091E-01  5.261E-01  5.345E-01  5.340E-01  5.247E-01
  393.5000  2.214E-01  2.288E-01  2.324E-01  2.322E-01  2.282E-01
  394.5000  5.212E-01  5.385E-01  5.471E-01  5.466E-01  5.371E-01
  395.5000  6.708E-01  6.931E-01  7.041E-01  7.035E-01  6.913E-01
  396.5000  3.941E-01  4.071E-01  4.136E-01  4.132E-01  4.061E-01
  397.5000  4.549E-01  4.700E-01  4.774E-01  4.770E-01  4.687E-01
  398.5000  7.820E-01  8.079E-01  8.206E-01  8.199E-01  8.057E-01
  399.5000  8.136E-01  8.406E-01  8.538E-01  8.531E-01  8.383E-01
  400.5000  8.557E-01  8.840E-01  8.979E-01  8.972E-01  8.816E-01
  401.5000  8.807E-01  9.098E-01  9.241E-01  9.233E-01  9.074E-01
  402.5000  9.147E-01  9.448E-01  9.597E-01  9.589E-01  9.423E-01
  403.5000  8.375E-01  8.651E-01  8.787E-01  8.779E-01  8.628E-01
  404.5000  8.217E-01  8.488E-01  8.621E-01  8.614E-01  8.465E-01
  405.5000  8.539E-01  8.820E-01  8.958E-01  8.951E-01  8.797E-01
  406.5000  8.046E-01  8.310E-01  8.440E-01  8.433E-01  8.288E-01
  407.5000  8.115E-01  8.381E-01  8.512E-01  8.505E-01  8.359E-01
  408.5000  9.041E-01  9.337E-01  9.483E-01  9.475E-01  9.312E-01
  409.5000  8.866E-01  9.156E-01  9.299E-01  9.291E-01  9.132E-01
  410.5000  7.691E-01  7.943E-01  8.067E-01  8.060E-01  7.922E-01
  411.5000  9.248E-01  9.550E-01  9.699E-01  9.691E-01  9.525E-01
  412.5000  9.169E-01  9.469E-01  9.616E-01  9.608E-01  9.444E-01
  413.5000  8.896E-01  9.186E-01  9.329E-01  9.321E-01  9.162E-01
  414.5000  9.147E-01  9.445E-01  9.591E-01  9.583E-01  9.420E-01
  415.5000  8.752E-01  9.036E-01  9.177E-01  9.169E-01  9.013E-01
  416.5000  9.528E-01  9.838E-01  9.990E-01  9.982E-01  9.812E-01
  417.5000  8.713E-01  8.996E-01  9.135E-01  9.128E-01  8.973E-01
  418.5000  8.785E-01  9.070E-01  9.210E-01  9.202E-01  9.046E-01
  419.5000  9.078E-01  9.372E-01  9.517E-01  9.509E-01  9.347E-01
------------------------------------------------------------
Dose rates, W m-2
   1 = UV-B, 280-315 nm                                  
   2 = UV-A, 315-400 nm                                  
   3 = Gaussian, 320 nm, 10 nm FWHM                      
   4 = RB Meter, model 501                               
   5 = DNA damage, in vitro (Setlow, 1974)               
   6 = UV index (WMO, 1994; Webb et al., 2011)           
   7 = Previtamin-D3 (CIE 2006)                          
values at z =      0.000 km
Columns: time, sza, weighting spectra
time, hrs.  sza, deg.          1          2          3          4          5          6          7
   11.0000     50.838  6.848E-01  3.642E+01  2.015E-01  1.901E-01  1.326E-03  3.553E+00  1.514E-01
   11.5000     49.616  7.307E-01  3.771E+01  2.104E-01  2.030E-01  1.448E-03  3.786E+00  1.634E-01
   12.0000     49.008  7.539E-01  3.834E+01  2.148E-01  2.095E-01  1.512E-03  3.905E+00  1.696E-01
   12.5000     49.042  7.526E-01  3.831E+01  2.145E-01  2.091E-01  1.508E-03  3.898E+00  1.692E-01
   13.0000     49.717  7.269E-01  3.760E+01  2.096E-01  2.019E-01  1.438E-03  3.767E+00  1.624E-01
------------------------------------------------------------
