Spectral Irradiance, W m-2 nm-1
values at z =      0.000 km
Columns: wavelength (nm), times (hrs.) or sza (deg.)
    wc, nm     11.000     11.500     12.000     12.500     13.000
    sza =      57.670     56.829     56.640     57.110     58.218
  280.5000  8.013E-32  1.909E-31  2.405E-31  1.383E-31  5.350E-32
  281.5000  8.825E-29  2.087E-28  2.601E-28  1.528E-28  5.749E-29
  282.5000  2.523E-26  5.851E-26  7.209E-26  4.337E-26  1.620E-26
  283.5000  9.054E-25  2.061E-24  2.519E-24  1.543E-24  5.780E-25
  284.5000  3.847E-22  8.330E-22  1.000E-21  6.375E-22  2.463E-22
  285.5000  2.141E-20  4.420E-20  5.232E-20  3.449E-20  1.388E-20
  286.5000  2.134E-18  4.224E-18  4.941E-18  3.349E-18  1.405E-18
  287.5000  1.316E-16  2.470E-16  2.851E-16  1.997E-16  8.866E-17
  288.5000  8.779E-15  1.547E-14  1.758E-14  1.279E-14  6.110E-15
  289.5000  3.078E-13  5.170E-13  5.805E-13  4.346E-13  2.200E-13
  290.5000  5.869E-12  9.449E-12  1.051E-11  8.061E-12  4.301E-12
  291.5000  1.086E-10  1.663E-10  1.827E-10  1.443E-10  8.205E-11
  292.5000  1.107E-09  1.624E-09  1.768E-09  1.430E-09  8.587E-10
  293.5000  1.243E-08  1.750E-08  1.887E-08  1.562E-08  9.894E-09
  294.5000  6.828E-08  9.309E-08  9.966E-08  8.401E-08  5.553E-08
  295.5000  5.305E-07  6.981E-07  7.415E-07  6.375E-07  4.414E-07
  296.5000  2.362E-06  3.017E-06  3.184E-06  2.783E-06  2.004E-06
  297.5000  1.029E-05  1.280E-05  1.343E-05  1.191E-05  8.885E-06
  298.5000  2.450E-05  2.981E-05  3.112E-05  2.794E-05  2.147E-05
  299.5000  1.050E-04  1.251E-04  1.299E-04  1.180E-04  9.332E-05
  300.5000  1.622E-04  1.901E-04  1.968E-04  1.804E-04  1.457E-04
  301.5000  5.537E-04  6.373E-04  6.573E-04  6.084E-04  5.036E-04
  302.5000  9.845E-04  1.120E-03  1.152E-03  1.073E-03  9.025E-04
  303.5000  2.556E-03  2.868E-03  2.941E-03  2.761E-03  2.366E-03
  304.5000  3.565E-03  3.967E-03  4.061E-03  3.830E-03  3.317E-03
  305.5000  6.758E-03  7.432E-03  7.587E-03  7.203E-03  6.340E-03
  306.5000  8.247E-03  9.022E-03  9.201E-03  8.759E-03  7.763E-03
  307.5000  1.602E-02  1.736E-02  1.766E-02  1.690E-02  1.519E-02
  308.5000  2.012E-02  2.171E-02  2.207E-02  2.117E-02  1.912E-02
  309.5000  2.158E-02  2.313E-02  2.349E-02  2.261E-02  2.060E-02
  310.5000  3.382E-02  3.608E-02  3.660E-02  3.532E-02  3.239E-02
  311.5000  4.775E-02  5.078E-02  5.147E-02  4.976E-02  4.582E-02
  312.5000  5.489E-02  5.805E-02  5.877E-02  5.699E-02  5.287E-02
  313.5000  6.479E-02  6.842E-02  6.925E-02  6.720E-02  6.245E-02
  314.5000  7.444E-02  7.824E-02  7.910E-02  7.697E-02  7.199E-02
  315.5000  7.877E-02  8.273E-02  8.362E-02  8.140E-02  7.621E-02
  316.5000  8.736E-02  9.141E-02  9.233E-02  9.006E-02  8.474E-02
  317.5000  1.238E-01  1.295E-01  1.308E-01  1.276E-01  1.201E-01
  318.5000  1.074E-01  1.120E-01  1.131E-01  1.105E-01  1.045E-01
  319.5000  1.337E-01  1.393E-01  1.406E-01  1.374E-01  1.300E-01
  320.5000  1.665E-01  1.734E-01  1.750E-01  1.711E-01  1.621E-01
  321.5000  1.546E-01  1.604E-01  1.618E-01  1.585E-01  1.507E-01
  322.5000  1.456E-01  1.516E-01  1.529E-01  1.496E-01  1.418E-01
  323.5000  1.670E-01  1.731E-01  1.745E-01  1.710E-01  1.630E-01
  324.5000  1.954E-01  2.026E-01  2.042E-01  2.002E-01  1.908E-01
  325.5000  2.163E-01  2.244E-01  2.262E-01  2.217E-01  2.111E-01
  326.5000  2.812E-01  2.909E-01  2.931E-01  2.876E-01  2.748E-01
  327.5000  2.563E-01  2.654E-01  2.674E-01  2.623E-01  2.504E-01
  328.5000  2.370E-01  2.454E-01  2.473E-01  2.426E-01  2.316E-01
  329.5000  3.238E-01  3.346E-01  3.371E-01  3.310E-01  3.168E-01
  330.5000  2.885E-01  2.984E-01  3.006E-01  2.951E-01  2.821E-01
  331.5000  2.842E-01  2.939E-01  2.961E-01  2.907E-01  2.778E-01
  332.5000  2.906E-01  3.001E-01  3.023E-01  2.969E-01  2.844E-01
  333.5000  2.690E-01  2.780E-01  2.801E-01  2.750E-01  2.632E-01
  334.5000  3.033E-01  3.133E-01  3.156E-01  3.100E-01  2.968E-01
  335.5000  3.131E-01  3.233E-01  3.255E-01  3.199E-01  3.065E-01
  336.5000  2.438E-01  2.517E-01  2.535E-01  2.491E-01  2.386E-01
  337.5000  2.646E-01  2.734E-01  2.753E-01  2.704E-01  2.589E-01
  338.5000  2.847E-01  2.938E-01  2.959E-01  2.908E-01  2.787E-01
  339.5000  3.105E-01  3.204E-01  3.227E-01  3.171E-01  3.040E-01
  340.5000  3.301E-01  3.407E-01  3.431E-01  3.372E-01  3.231E-01
  341.5000  2.961E-01  3.055E-01  3.077E-01  3.024E-01  2.899E-01
  342.5000  3.288E-01  3.393E-01  3.416E-01  3.358E-01  3.220E-01
  343.5000  3.408E-01  3.517E-01  3.541E-01  3.480E-01  3.337E-01
  344.5000  2.382E-01  2.459E-01  2.476E-01  2.433E-01  2.333E-01
  345.5000  3.295E-01  3.400E-01  3.423E-01  3.365E-01  3.227E-01
  346.5000  3.069E-01  3.167E-01  3.189E-01  3.134E-01  3.005E-01
  347.5000  3.003E-01  3.098E-01  3.120E-01  3.067E-01  2.941E-01
  348.5000  3.309E-01  3.414E-01  3.438E-01  3.379E-01  3.241E-01
  349.5000  2.775E-01  2.863E-01  2.882E-01  2.833E-01  2.718E-01
  350.5000  3.890E-01  4.013E-01  4.040E-01  3.972E-01  3.810E-01
  351.5000  3.353E-01  3.459E-01  3.482E-01  3.423E-01  3.284E-01
  352.5000  3.028E-01  3.123E-01  3.145E-01  3.091E-01  2.966E-01
  353.5000  3.651E-01  3.766E-01  3.791E-01  3.727E-01  3.576E-01
  354.5000  3.957E-01  4.081E-01  4.109E-01  4.040E-01  3.876E-01
  355.5000  3.701E-01  3.817E-01  3.843E-01  3.779E-01  3.626E-01
  356.5000  3.437E-01  3.545E-01  3.569E-01  3.509E-01  3.367E-01
  357.5000  2.924E-01  3.016E-01  3.036E-01  2.985E-01  2.865E-01
  358.5000  2.259E-01  2.330E-01  2.345E-01  2.306E-01  2.213E-01
  359.5000  3.805E-01  3.923E-01  3.950E-01  3.884E-01  3.727E-01
  360.5000  3.529E-01  3.639E-01  3.664E-01  3.603E-01  3.458E-01
  361.5000  3.185E-01  3.284E-01  3.306E-01  3.251E-01  3.120E-01
  362.5000  3.743E-01  3.859E-01  3.886E-01  3.821E-01  3.668E-01
  363.5000  3.332E-01  3.436E-01  3.459E-01  3.401E-01  3.265E-01
  364.5000  3.638E-01  3.750E-01  3.775E-01  3.713E-01  3.564E-01
  365.5000  4.435E-01  4.572E-01  4.603E-01  4.526E-01  4.345E-01
  366.5000  4.697E-01  4.842E-01  4.875E-01  4.794E-01  4.603E-01
  367.5000  4.464E-01  4.601E-01  4.632E-01  4.555E-01  4.374E-01
  368.5000  3.924E-01  4.045E-01  4.072E-01  4.004E-01  3.845E-01
  369.5000  4.710E-01  4.855E-01  4.887E-01  4.806E-01  4.615E-01
  370.5000  4.276E-01  4.407E-01  4.437E-01  4.363E-01  4.190E-01
  371.5000  4.896E-01  5.046E-01  5.080E-01  4.996E-01  4.798E-01
  372.5000  3.619E-01  3.730E-01  3.755E-01  3.693E-01  3.546E-01
  373.5000  3.273E-01  3.373E-01  3.396E-01  3.340E-01  3.208E-01
  374.5000  3.595E-01  3.705E-01  3.729E-01  3.668E-01  3.523E-01
  375.5000  4.058E-01  4.182E-01  4.210E-01  4.141E-01  3.978E-01
  376.5000  4.055E-01  4.179E-01  4.207E-01  4.138E-01  3.975E-01
  377.5000  4.832E-01  4.980E-01  5.013E-01  4.931E-01  4.736E-01
  378.5000  5.270E-01  5.431E-01  5.466E-01  5.377E-01  5.165E-01
  379.5000  3.902E-01  4.020E-01  4.047E-01  3.981E-01  3.824E-01
  380.5000  4.695E-01  4.838E-01  4.870E-01  4.790E-01  4.602E-01
  381.5000  4.415E-01  4.549E-01  4.579E-01  4.504E-01  4.327E-01
  382.5000  2.944E-01  3.033E-01  3.053E-01  3.003E-01  2.885E-01
  383.5000  2.586E-01  2.665E-01  2.682E-01  2.639E-01  2.535E-01
  384.5000  3.884E-01  4.001E-01  4.028E-01  3.962E-01  3.807E-01
  385.5000  3.845E-01  3.961E-01  3.987E-01  3.922E-01  3.769E-01
  386.5000  3.922E-01  4.040E-01  4.067E-01  4.001E-01  3.845E-01
  387.5000  3.647E-01  3.757E-01  3.782E-01  3.720E-01  3.575E-01
  388.5000  3.658E-01  3.768E-01  3.793E-01  3.731E-01  3.586E-01
  389.5000  4.616E-01  4.754E-01  4.785E-01  4.708E-01  4.525E-01
  390.5000  4.537E-01  4.673E-01  4.703E-01  4.627E-01  4.448E-01
  391.5000  5.385E-01  5.547E-01  5.583E-01  5.493E-01  5.280E-01
  392.5000  4.041E-01  4.162E-01  4.189E-01  4.122E-01  3.962E-01
  393.5000  1.758E-01  1.810E-01  1.822E-01  1.793E-01  1.724E-01
  394.5000  4.139E-01  4.263E-01  4.290E-01  4.221E-01  4.058E-01
  395.5000  5.329E-01  5.488E-01  5.523E-01  5.435E-01  5.225E-01
  396.5000  3.131E-01  3.224E-01  3.245E-01  3.193E-01  3.070E-01
  397.5000  3.615E-01  3.723E-01  3.747E-01  3.687E-01  3.545E-01
  398.5000  6.216E-01  6.401E-01  6.442E-01  6.339E-01  6.095E-01
  399.5000  6.469E-01  6.661E-01  6.704E-01  6.597E-01  6.344E-01
  400.5000  6.805E-01  7.007E-01  7.052E-01  6.940E-01  6.674E-01
  401.5000  7.006E-01  7.214E-01  7.260E-01  7.144E-01  6.870E-01
  402.5000  7.278E-01  7.493E-01  7.541E-01  7.421E-01  7.137E-01
  403.5000  6.665E-01  6.862E-01  6.906E-01  6.797E-01  6.537E-01
  404.5000  6.541E-01  6.734E-01  6.778E-01  6.670E-01  6.415E-01
  405.5000  6.799E-01  7.000E-01  7.045E-01  6.933E-01  6.668E-01
  406.5000  6.408E-01  6.597E-01  6.639E-01  6.534E-01  6.285E-01
  407.5000  6.464E-01  6.654E-01  6.697E-01  6.591E-01  6.340E-01
  408.5000  7.203E-01  7.415E-01  7.462E-01  7.344E-01  7.065E-01
  409.5000  7.065E-01  7.273E-01  7.319E-01  7.204E-01  6.930E-01
  410.5000  6.131E-01  6.310E-01  6.351E-01  6.251E-01  6.013E-01
  411.5000  7.373E-01  7.589E-01  7.637E-01  7.517E-01  7.232E-01
  412.5000  7.312E-01  7.526E-01  7.574E-01  7.455E-01  7.172E-01
  413.5000  7.096E-01  7.303E-01  7.350E-01  7.234E-01  6.960E-01
  414.5000  7.297E-01  7.510E-01  7.558E-01  7.439E-01  7.158E-01
  415.5000  6.983E-01  7.187E-01  7.233E-01  7.119E-01  6.850E-01
  416.5000  7.605E-01  7.826E-01  7.876E-01  7.752E-01  7.460E-01
  417.5000  6.956E-01  7.158E-01  7.203E-01  7.091E-01  6.823E-01
  418.5000  7.014E-01  7.218E-01  7.264E-01  7.150E-01  6.881E-01
  419.5000  7.250E-01  7.460E-01  7.507E-01  7.390E-01  7.112E-01
------------------------------------------------------------
Dose rates, W m-2
   1 = UV-B, 280-315 nm                                  
   2 = UV-A, 315-400 nm                                  
   3 = Gaussian, 320 nm, 10 nm FWHM                      
   4 = RB Meter, model 501                               
   5 = DNA damage, in vitro (Setlow, 1974)               
   6 = UV index (WMO, 1994; Webb et al., 2011)           
   7 = Previtamin-D3 (CIE 2006)                          
values at z =      0.000 km
Columns: time, sza, weighting spectra
time, hrs.  sza, deg.          1          2          3          4          5          6          7
   11.0000     57.670  3.564E-01  2.843E+01  1.413E-01  1.012E-01  5.413E-04  1.978E+00  6.846E-02
   11.5000     56.829  3.792E-01  2.933E+01  1.470E-01  1.072E-01  5.835E-04  2.088E+00  7.350E-02
   12.0000     56.640  3.844E-01  2.953E+01  1.483E-01  1.086E-01  5.932E-04  2.112E+00  7.466E-02
   12.5000     57.110  3.715E-01  2.903E+01  1.451E-01  1.052E-01  5.691E-04  2.051E+00  7.180E-02
   13.0000     58.218  3.419E-01  2.785E+01  1.376E-01  9.728E-02  5.149E-04  1.909E+00  6.527E-02
------------------------------------------------------------
