Spectral Irradiance, W m-2 nm-1
values at z =      0.000 km
Columns: wavelength (nm), times (hrs.) or sza (deg.)
    wc, nm     11.000     11.500     12.000     12.500     13.000
    sza =      12.917      8.371      8.211     12.606     18.554
  280.5000  3.689E-14  5.679E-14  5.745E-14  3.824E-14  1.629E-14
  281.5000  1.129E-12  1.673E-12  1.691E-12  1.166E-12  5.357E-13
  282.5000  1.459E-11  2.092E-11  2.113E-11  1.503E-11  7.362E-12
  283.5000  6.965E-11  9.782E-11  9.872E-11  7.164E-11  3.660E-11
  284.5000  7.256E-10  9.806E-10  9.886E-10  7.440E-10  4.101E-10
  285.5000  2.570E-09  3.376E-09  3.401E-09  2.629E-09  1.533E-09
  286.5000  3.064E-08  3.938E-08  3.965E-08  3.129E-08  1.906E-08
  287.5000  1.775E-07  2.226E-07  2.240E-07  1.809E-07  1.156E-07
  288.5000  8.994E-07  1.080E-06  1.105E-06  9.145E-07  6.159E-07
  289.5000  4.975E-06  5.964E-06  5.993E-06  5.051E-06  3.531E-06
  290.5000  2.004E-05  2.364E-05  2.375E-05  2.032E-05  1.466E-05
  291.5000  6.349E-05  7.356E-05  7.386E-05  6.427E-05  4.806E-05
  292.5000  1.525E-04  1.741E-04  1.747E-04  1.542E-04  1.187E-04
  293.5000  4.387E-04  4.939E-04  4.955E-04  4.430E-04  3.506E-04
  294.5000  8.308E-04  9.253E-04  9.269E-04  8.383E-04  6.779E-04
  295.5000  2.079E-03  2.289E-03  2.295E-03  2.096E-03  1.734E-03
  296.5000  3.615E-03  3.942E-03  3.951E-03  3.641E-03  3.071E-03
  297.5000  6.907E-03  7.468E-03  7.484E-03  6.952E-03  5.961E-03
  298.5000  8.214E-03  8.819E-03  8.836E-03  8.263E-03  7.185E-03
  299.5000  1.828E-02  1.949E-02  1.952E-02  1.837E-02  1.619E-02
  300.5000  1.710E-02  1.815E-02  1.818E-02  1.719E-02  1.530E-02
  301.5000  3.390E-02  3.577E-02  3.582E-02  3.405E-02  3.065E-02
  302.5000  4.222E-02  4.438E-02  4.444E-02  4.239E-02  3.844E-02
  303.5000  7.198E-02  7.534E-02  7.543E-02  7.225E-02  6.607E-02
  304.5000  7.875E-02  8.222E-02  8.231E-02  7.903E-02  7.263E-02
  305.5000  1.041E-01  1.083E-01  1.084E-01  1.044E-01  9.667E-02
  306.5000  1.087E-01  1.129E-01  1.131E-01  1.079E-01  1.013E-01
  307.5000  1.570E-01  1.625E-01  1.627E-01  1.574E-01  1.471E-01
  308.5000  1.758E-01  1.818E-01  1.820E-01  1.763E-01  1.651E-01
  309.5000  1.551E-01  1.600E-01  1.602E-01  1.555E-01  1.462E-01
  310.5000  2.112E-01  2.177E-01  2.179E-01  2.118E-01  1.997E-01
  311.5000  2.719E-01  2.799E-01  2.801E-01  2.725E-01  2.575E-01
  312.5000  2.653E-01  2.726E-01  2.729E-01  2.659E-01  2.521E-01
  313.5000  3.009E-01  3.091E-01  3.093E-01  3.016E-01  2.861E-01
  314.5000  3.006E-01  3.084E-01  3.086E-01  3.013E-01  2.867E-01
  315.5000  3.104E-01  3.183E-01  3.186E-01  3.111E-01  2.962E-01
  316.5000  3.090E-01  3.165E-01  3.167E-01  3.096E-01  2.954E-01
  317.5000  4.369E-01  4.475E-01  4.478E-01  4.377E-01  4.177E-01
  318.5000  3.434E-01  3.513E-01  3.515E-01  3.440E-01  3.290E-01
  319.5000  4.188E-01  4.284E-01  4.287E-01  4.196E-01  4.014E-01
  320.5000  5.093E-01  5.209E-01  5.212E-01  5.103E-01  4.869E-01
  321.5000  4.319E-01  4.413E-01  4.416E-01  4.327E-01  4.149E-01
  322.5000  4.351E-01  4.448E-01  4.451E-01  4.359E-01  4.175E-01
  323.5000  4.473E-01  4.568E-01  4.570E-01  4.481E-01  4.301E-01
  324.5000  5.248E-01  5.360E-01  5.363E-01  5.257E-01  5.036E-01
  325.5000  5.882E-01  6.008E-01  6.011E-01  5.893E-01  5.655E-01
  326.5000  7.102E-01  7.248E-01  7.252E-01  7.114E-01  6.837E-01
  327.5000  6.617E-01  6.754E-01  6.754E-01  6.628E-01  6.367E-01
  328.5000  6.107E-01  6.234E-01  6.237E-01  6.118E-01  5.878E-01
  329.5000  7.896E-01  8.055E-01  8.059E-01  7.909E-01  7.608E-01
  330.5000  7.184E-01  7.330E-01  7.334E-01  7.196E-01  6.920E-01
  331.5000  7.098E-01  7.243E-01  7.247E-01  7.110E-01  6.837E-01
  332.5000  6.974E-01  7.112E-01  7.116E-01  6.985E-01  6.722E-01
  333.5000  6.556E-01  6.687E-01  6.691E-01  6.567E-01  6.319E-01
  334.5000  7.319E-01  7.465E-01  7.469E-01  7.331E-01  7.055E-01
  335.5000  7.408E-01  7.554E-01  7.558E-01  7.420E-01  7.144E-01
  336.5000  5.791E-01  5.905E-01  5.909E-01  5.801E-01  5.585E-01
  337.5000  6.360E-01  6.486E-01  6.489E-01  6.370E-01  6.132E-01
  338.5000  6.702E-01  6.833E-01  6.837E-01  6.713E-01  6.465E-01
  339.5000  7.282E-01  7.424E-01  7.428E-01  7.293E-01  7.024E-01
  340.5000  7.785E-01  7.938E-01  7.942E-01  7.798E-01  7.510E-01
  341.5000  6.907E-01  7.042E-01  7.045E-01  6.919E-01  6.665E-01
  342.5000  7.648E-01  7.796E-01  7.800E-01  7.660E-01  7.380E-01
  343.5000  7.943E-01  8.096E-01  8.101E-01  7.956E-01  7.664E-01
  344.5000  5.566E-01  5.674E-01  5.677E-01  5.575E-01  5.371E-01
  345.5000  7.618E-01  7.764E-01  7.769E-01  7.630E-01  7.353E-01
  346.5000  7.126E-01  7.263E-01  7.267E-01  7.138E-01  6.878E-01
  347.5000  6.960E-01  7.093E-01  7.097E-01  6.971E-01  6.717E-01
  348.5000  7.644E-01  7.791E-01  7.795E-01  7.657E-01  7.379E-01
  349.5000  6.404E-01  6.526E-01  6.530E-01  6.414E-01  6.182E-01
  350.5000  8.962E-01  9.133E-01  9.138E-01  8.976E-01  8.652E-01
  351.5000  7.721E-01  7.868E-01  7.872E-01  7.733E-01  7.454E-01
  352.5000  6.960E-01  7.092E-01  7.096E-01  6.971E-01  6.720E-01
  353.5000  8.374E-01  8.533E-01  8.537E-01  8.387E-01  8.086E-01
  354.5000  9.058E-01  9.230E-01  9.235E-01  9.072E-01  8.747E-01
  355.5000  8.461E-01  8.622E-01  8.626E-01  8.475E-01  8.171E-01
  356.5000  7.849E-01  7.997E-01  8.001E-01  7.861E-01  7.580E-01
  357.5000  6.672E-01  6.797E-01  6.801E-01  6.682E-01  6.444E-01
  358.5000  5.146E-01  5.243E-01  5.245E-01  5.154E-01  4.970E-01
  359.5000  8.656E-01  8.819E-01  8.824E-01  8.670E-01  8.362E-01
  360.5000  8.020E-01  8.171E-01  8.175E-01  8.033E-01  7.747E-01
  361.5000  7.227E-01  7.363E-01  7.367E-01  7.239E-01  6.982E-01
  362.5000  8.483E-01  8.642E-01  8.646E-01  8.497E-01  8.196E-01
  363.5000  7.543E-01  7.684E-01  7.688E-01  7.555E-01  7.288E-01
  364.5000  8.225E-01  8.379E-01  8.383E-01  8.238E-01  7.947E-01
  365.5000  1.002E+00  1.021E+00  1.021E+00  1.003E+00  9.680E-01
  366.5000  1.060E+00  1.080E+00  1.080E+00  1.061E+00  1.024E+00
  367.5000  1.006E+00  1.025E+00  1.025E+00  1.007E+00  9.720E-01
  368.5000  8.833E-01  8.996E-01  9.001E-01  8.846E-01  8.536E-01
  369.5000  1.059E+00  1.079E+00  1.079E+00  1.061E+00  1.023E+00
  370.5000  9.604E-01  9.782E-01  9.787E-01  9.619E-01  9.283E-01
  371.5000  1.098E+00  1.119E+00  1.119E+00  1.100E+00  1.062E+00
  372.5000  8.111E-01  8.260E-01  8.264E-01  8.123E-01  7.840E-01
  373.5000  7.328E-01  7.463E-01  7.467E-01  7.340E-01  7.084E-01
  374.5000  8.040E-01  8.188E-01  8.192E-01  8.052E-01  7.772E-01
  375.5000  9.068E-01  9.234E-01  9.239E-01  9.082E-01  8.766E-01
  376.5000  9.051E-01  9.217E-01  9.222E-01  9.065E-01  8.751E-01
  377.5000  1.077E+00  1.097E+00  1.098E+00  1.079E+00  1.042E+00
  378.5000  1.174E+00  1.195E+00  1.196E+00  1.176E+00  1.135E+00
  379.5000  8.682E-01  8.840E-01  8.844E-01  8.695E-01  8.394E-01
  380.5000  1.044E+00  1.063E+00  1.063E+00  1.045E+00  1.009E+00
  381.5000  9.804E-01  9.982E-01  9.987E-01  9.819E-01  9.480E-01
  382.5000  6.530E-01  6.649E-01  6.652E-01  6.540E-01  6.315E-01
  383.5000  5.732E-01  5.836E-01  5.839E-01  5.741E-01  5.544E-01
  384.5000  8.600E-01  8.755E-01  8.760E-01  8.613E-01  8.317E-01
  385.5000  8.505E-01  8.659E-01  8.663E-01  8.518E-01  8.226E-01
  386.5000  8.667E-01  8.823E-01  8.828E-01  8.680E-01  8.382E-01
  387.5000  8.052E-01  8.197E-01  8.201E-01  8.064E-01  7.788E-01
  388.5000  8.068E-01  8.214E-01  8.218E-01  8.080E-01  7.804E-01
  389.5000  1.017E+00  1.035E+00  1.036E+00  1.019E+00  9.839E-01
  390.5000  9.987E-01  1.017E+00  1.017E+00  1.000E+00  9.661E-01
  391.5000  1.184E+00  1.206E+00  1.206E+00  1.186E+00  1.146E+00
  392.5000  8.879E-01  9.039E-01  9.043E-01  8.893E-01  8.590E-01
  393.5000  3.859E-01  3.928E-01  3.930E-01  3.865E-01  3.734E-01
  394.5000  9.078E-01  9.241E-01  9.245E-01  9.092E-01  8.783E-01
  395.5000  1.168E+00  1.189E+00  1.189E+00  1.169E+00  1.130E+00
  396.5000  6.855E-01  6.977E-01  6.981E-01  6.865E-01  6.633E-01
  397.5000  7.908E-01  8.049E-01  8.053E-01  7.920E-01  7.652E-01
  398.5000  1.358E+00  1.383E+00  1.383E+00  1.360E+00  1.315E+00
  399.5000  1.413E+00  1.438E+00  1.438E+00  1.415E+00  1.367E+00
  400.5000  1.485E+00  1.511E+00  1.512E+00  1.487E+00  1.437E+00
  401.5000  1.527E+00  1.554E+00  1.555E+00  1.529E+00  1.478E+00
  402.5000  1.585E+00  1.613E+00  1.614E+00  1.587E+00  1.534E+00
  403.5000  1.450E+00  1.476E+00  1.477E+00  1.453E+00  1.404E+00
  404.5000  1.422E+00  1.447E+00  1.448E+00  1.424E+00  1.376E+00
  405.5000  1.477E+00  1.503E+00  1.504E+00  1.479E+00  1.430E+00
  406.5000  1.391E+00  1.415E+00  1.416E+00  1.393E+00  1.346E+00
  407.5000  1.402E+00  1.427E+00  1.427E+00  1.404E+00  1.357E+00
  408.5000  1.561E+00  1.588E+00  1.589E+00  1.563E+00  1.511E+00
  409.5000  1.530E+00  1.557E+00  1.558E+00  1.532E+00  1.481E+00
  410.5000  1.326E+00  1.350E+00  1.350E+00  1.328E+00  1.284E+00
  411.5000  1.594E+00  1.622E+00  1.623E+00  1.596E+00  1.543E+00
  412.5000  1.579E+00  1.607E+00  1.608E+00  1.582E+00  1.529E+00
  413.5000  1.531E+00  1.558E+00  1.559E+00  1.534E+00  1.483E+00
  414.5000  1.574E+00  1.601E+00  1.602E+00  1.576E+00  1.524E+00
  415.5000  1.505E+00  1.531E+00  1.532E+00  1.507E+00  1.457E+00
  416.5000  1.638E+00  1.666E+00  1.667E+00  1.640E+00  1.586E+00
  417.5000  1.497E+00  1.523E+00  1.524E+00  1.499E+00  1.449E+00
  418.5000  1.508E+00  1.534E+00  1.535E+00  1.510E+00  1.460E+00
  419.5000  1.558E+00  1.585E+00  1.585E+00  1.560E+00  1.508E+00
------------------------------------------------------------
Dose rates, W m-2
   1 = UV-B, 280-315 nm                                  
   2 = UV-A, 315-400 nm                                  
   3 = Gaussian, 320 nm, 10 nm FWHM                      
   4 = RB Meter, model 501                               
   5 = DNA damage, in vitro (Setlow, 1974)               
   6 = UV index (WMO, 1994; Webb et al., 2011)           
   7 = Previtamin-D3 (CIE 2006)                          
values at z =      0.000 km
Columns: time, sza, weighting spectra
time, hrs.  sza, deg.          1          2          3          4          5          6          7
   11.0000     12.917  2.335E+00  6.588E+01  4.298E-01  7.029E-01  8.977E-03  1.360E+01  6.834E-01
   11.5000      8.371  2.413E+00  6.713E+01  4.396E-01  7.287E-01  9.457E-03  1.414E+01  7.109E-01
   12.0000      8.211  2.415E+00  6.716E+01  4.399E-01  7.294E-01  9.470E-03  1.415E+01  7.116E-01
   12.5000     12.606  2.340E+00  6.598E+01  4.307E-01  7.046E-01  9.011E-03  1.364E+01  6.851E-01
   13.0000     18.554  2.197E+00  6.360E+01  4.120E-01  6.573E-01  8.149E-03  1.266E+01  6.350E-01
------------------------------------------------------------
