Spectral Irradiance, W m-2 nm-1
values at z =      0.000 km
Columns: wavelength (nm), times (hrs.) or sza (deg.)
    wc, nm     11.000     11.500     12.000     12.500     13.000
    sza =      43.483     41.306     40.367     40.751     42.421
  280.5000  7.252E-17  2.324E-16  3.704E-16  3.026E-16  1.300E-16
  281.5000  3.790E-15  1.095E-14  1.674E-14  1.411E-14  6.449E-15
  282.5000  7.754E-14  2.049E-13  3.025E-13  2.585E-13  1.262E-13
  283.5000  4.992E-13  1.245E-12  1.796E-12  1.549E-12  7.892E-13
  284.5000  8.956E-12  2.011E-11  2.781E-11  2.440E-11  1.343E-11
  285.5000  4.742E-11  9.851E-11  1.320E-10  1.173E-10  6.839E-11
  286.5000  7.701E-10  1.507E-09  1.972E-09  1.769E-09  1.078E-09
  287.5000  6.284E-09  1.151E-08  1.466E-08  1.330E-08  8.508E-09
  288.5000  4.619E-08  7.871E-08  9.746E-08  8.941E-08  6.032E-08
  289.5000  3.334E-07  5.396E-07  6.546E-07  6.055E-07  4.243E-07
  290.5000  1.680E-06  2.604E-06  3.104E-06  2.892E-06  2.092E-06
  291.5000  6.856E-06  1.012E-05  1.183E-05  1.111E-05  8.331E-06
  292.5000  2.026E-05  2.872E-05  3.305E-05  3.123E-05  2.413E-05
  293.5000  7.082E-05  9.671E-05  1.096E-04  1.042E-04  8.277E-05
  294.5000  1.562E-04  2.071E-04  2.320E-04  2.216E-04  1.799E-04
  295.5000  4.595E-04  5.906E-04  6.532E-04  6.272E-04  5.210E-04
  296.5000  9.136E-04  1.144E-03  1.253E-03  1.208E-03  1.023E-03
  297.5000  1.963E-03  2.403E-03  2.607E-03  2.523E-03  2.172E-03
  298.5000  2.577E-03  3.095E-03  3.332E-03  3.235E-03  2.824E-03
  299.5000  6.292E-03  7.424E-03  7.936E-03  7.725E-03  6.751E-03
  300.5000  6.323E-03  7.359E-03  7.823E-03  7.632E-03  6.821E-03
  301.5000  1.354E-02  1.552E-02  1.640E-02  1.604E-02  1.449E-02
  302.5000  1.773E-02  2.013E-02  2.119E-02  2.076E-02  1.889E-02
  303.5000  3.209E-02  3.602E-02  3.774E-02  3.703E-02  3.399E-02
  304.5000  3.634E-02  4.052E-02  4.234E-02  4.140E-02  3.837E-02
  305.5000  5.055E-02  5.581E-02  5.809E-02  5.716E-02  5.311E-02
  306.5000  5.401E-02  5.938E-02  6.170E-02  6.075E-02  5.663E-02
  307.5000  8.133E-02  8.869E-02  9.186E-02  9.057E-02  8.493E-02
  308.5000  9.262E-02  1.007E-01  1.041E-01  1.027E-01  9.656E-02
  309.5000  8.400E-02  9.083E-02  9.375E-02  9.256E-02  8.735E-02
  310.5000  1.168E-01  1.258E-01  1.296E-01  1.281E-01  1.212E-01
  311.5000  1.524E-01  1.637E-01  1.673E-01  1.665E-01  1.579E-01
  312.5000  1.522E-01  1.628E-01  1.673E-01  1.655E-01  1.574E-01
  313.5000  1.737E-01  1.856E-01  1.906E-01  1.886E-01  1.795E-01
  314.5000  1.769E-01  1.885E-01  1.933E-01  1.908E-01  1.827E-01
  315.5000  1.836E-01  1.952E-01  1.991E-01  1.982E-01  1.893E-01
  316.5000  1.857E-01  1.968E-01  2.016E-01  1.996E-01  1.904E-01
  317.5000  2.627E-01  2.785E-01  2.852E-01  2.824E-01  2.705E-01
  318.5000  2.095E-01  2.214E-01  2.265E-01  2.244E-01  2.153E-01
  319.5000  2.563E-01  2.708E-01  2.769E-01  2.744E-01  2.634E-01
  320.5000  3.129E-01  3.304E-01  3.378E-01  3.348E-01  3.215E-01
  321.5000  2.688E-01  2.831E-01  2.891E-01  2.867E-01  2.759E-01
  322.5000  2.685E-01  2.833E-01  2.895E-01  2.870E-01  2.757E-01
  323.5000  2.803E-01  2.948E-01  3.010E-01  2.985E-01  2.875E-01
  324.5000  3.290E-01  3.460E-01  3.532E-01  3.503E-01  3.374E-01
  325.5000  3.683E-01  3.875E-01  3.956E-01  3.923E-01  3.777E-01
  326.5000  4.493E-01  4.718E-01  4.813E-01  4.775E-01  4.604E-01
  327.5000  4.176E-01  4.388E-01  4.477E-01  4.441E-01  4.280E-01
  328.5000  3.858E-01  4.053E-01  4.135E-01  4.102E-01  3.954E-01
  329.5000  5.027E-01  5.274E-01  5.377E-01  5.335E-01  5.149E-01
  330.5000  4.564E-01  4.789E-01  4.885E-01  4.846E-01  4.675E-01
  331.5000  4.510E-01  4.733E-01  4.827E-01  4.789E-01  4.620E-01
  332.5000  4.457E-01  4.672E-01  4.763E-01  4.726E-01  4.563E-01
  333.5000  4.184E-01  4.387E-01  4.473E-01  4.438E-01  4.284E-01
  334.5000  4.679E-01  4.905E-01  5.001E-01  4.962E-01  4.790E-01
  335.5000  4.751E-01  4.978E-01  5.073E-01  5.035E-01  4.863E-01
  336.5000  3.714E-01  3.892E-01  3.966E-01  3.936E-01  3.801E-01
  337.5000  4.074E-01  4.270E-01  4.353E-01  4.319E-01  4.171E-01
  338.5000  4.307E-01  4.512E-01  4.598E-01  4.563E-01  4.408E-01
  339.5000  4.684E-01  4.906E-01  5.000E-01  4.962E-01  4.794E-01
  340.5000  5.007E-01  5.245E-01  5.345E-01  5.305E-01  5.124E-01
  341.5000  4.451E-01  4.661E-01  4.749E-01  4.714E-01  4.555E-01
  342.5000  4.933E-01  5.165E-01  5.263E-01  5.223E-01  5.047E-01
  343.5000  5.124E-01  5.365E-01  5.466E-01  5.425E-01  5.243E-01
  344.5000  3.592E-01  3.761E-01  3.832E-01  3.803E-01  3.675E-01
  345.5000  4.925E-01  5.155E-01  5.252E-01  5.212E-01  5.038E-01
  346.5000  4.606E-01  4.822E-01  4.912E-01  4.876E-01  4.712E-01
  347.5000  4.502E-01  4.712E-01  4.800E-01  4.765E-01  4.605E-01
  348.5000  4.949E-01  5.180E-01  5.277E-01  5.237E-01  5.063E-01
  349.5000  4.149E-01  4.341E-01  4.422E-01  4.390E-01  4.244E-01
  350.5000  5.810E-01  6.079E-01  6.193E-01  6.146E-01  5.942E-01
  351.5000  5.008E-01  5.240E-01  5.338E-01  5.298E-01  5.122E-01
  352.5000  4.517E-01  4.726E-01  4.814E-01  4.778E-01  4.620E-01
  353.5000  5.439E-01  5.690E-01  5.796E-01  5.753E-01  5.563E-01
  354.5000  5.888E-01  6.159E-01  6.273E-01  6.227E-01  6.021E-01
  355.5000  5.503E-01  5.756E-01  5.863E-01  5.819E-01  5.628E-01
  356.5000  5.108E-01  5.342E-01  5.441E-01  5.401E-01  5.224E-01
  357.5000  4.344E-01  4.543E-01  4.627E-01  4.593E-01  4.442E-01
  358.5000  3.353E-01  3.506E-01  3.571E-01  3.544E-01  3.428E-01
  359.5000  5.644E-01  5.901E-01  6.010E-01  5.966E-01  5.771E-01
  360.5000  5.232E-01  5.470E-01  5.571E-01  5.530E-01  5.349E-01
  361.5000  4.718E-01  4.932E-01  5.022E-01  4.986E-01  4.823E-01
  362.5000  5.541E-01  5.792E-01  5.898E-01  5.855E-01  5.665E-01
  363.5000  4.930E-01  5.153E-01  5.247E-01  5.209E-01  5.040E-01
  364.5000  5.378E-01  5.622E-01  5.724E-01  5.683E-01  5.498E-01
  365.5000  6.554E-01  6.851E-01  6.975E-01  6.925E-01  6.700E-01
  366.5000  6.938E-01  7.251E-01  7.382E-01  7.329E-01  7.092E-01
  367.5000  6.588E-01  6.885E-01  7.010E-01  6.959E-01  6.734E-01
  368.5000  5.788E-01  6.049E-01  6.158E-01  6.114E-01  5.916E-01
  369.5000  6.944E-01  7.256E-01  7.387E-01  7.334E-01  7.097E-01
  370.5000  6.301E-01  6.583E-01  6.702E-01  6.654E-01  6.440E-01
  371.5000  7.210E-01  7.533E-01  7.669E-01  7.614E-01  7.369E-01
  372.5000  5.327E-01  5.565E-01  5.665E-01  5.624E-01  5.444E-01
  373.5000  4.815E-01  5.030E-01  5.121E-01  5.084E-01  4.921E-01
  374.5000  5.286E-01  5.521E-01  5.620E-01  5.580E-01  5.402E-01
  375.5000  5.964E-01  6.230E-01  6.341E-01  6.296E-01  6.095E-01
  376.5000  5.956E-01  6.221E-01  6.333E-01  6.287E-01  6.087E-01
  377.5000  7.094E-01  7.409E-01  7.541E-01  7.487E-01  7.249E-01
  378.5000  7.733E-01  8.076E-01  8.220E-01  8.161E-01  7.902E-01
  379.5000  5.722E-01  5.975E-01  6.081E-01  6.038E-01  5.847E-01
  380.5000  6.882E-01  7.186E-01  7.314E-01  7.262E-01  7.032E-01
  381.5000  6.468E-01  6.753E-01  6.873E-01  6.824E-01  6.608E-01
  382.5000  4.310E-01  4.500E-01  4.580E-01  4.548E-01  4.404E-01
  383.5000  3.785E-01  3.952E-01  4.022E-01  3.994E-01  3.867E-01
  384.5000  5.681E-01  5.931E-01  6.036E-01  5.993E-01  5.805E-01
  385.5000  5.622E-01  5.869E-01  5.972E-01  5.930E-01  5.743E-01
  386.5000  5.731E-01  5.983E-01  6.088E-01  6.045E-01  5.855E-01
  387.5000  5.327E-01  5.560E-01  5.658E-01  5.618E-01  5.442E-01
  388.5000  5.340E-01  5.574E-01  5.672E-01  5.632E-01  5.455E-01
  389.5000  6.735E-01  7.029E-01  7.153E-01  7.103E-01  6.880E-01
  390.5000  6.617E-01  6.905E-01  7.026E-01  6.977E-01  6.759E-01
  391.5000  7.851E-01  8.193E-01  8.336E-01  8.278E-01  8.019E-01
  392.5000  5.888E-01  6.144E-01  6.251E-01  6.208E-01  6.014E-01
  393.5000  2.560E-01  2.671E-01  2.718E-01  2.699E-01  2.615E-01
  394.5000  6.025E-01  6.286E-01  6.396E-01  6.352E-01  6.154E-01
  395.5000  7.753E-01  8.089E-01  8.230E-01  8.173E-01  7.919E-01
  396.5000  4.553E-01  4.750E-01  4.833E-01  4.799E-01  4.650E-01
  397.5000  5.255E-01  5.482E-01  5.577E-01  5.539E-01  5.367E-01
  398.5000  9.031E-01  9.421E-01  9.585E-01  9.518E-01  9.223E-01
  399.5000  9.395E-01  9.800E-01  9.970E-01  9.901E-01  9.595E-01
  400.5000  9.879E-01  1.030E+00  1.048E+00  1.041E+00  1.009E+00
  401.5000  1.017E+00  1.060E+00  1.079E+00  1.071E+00  1.038E+00
  402.5000  1.055E+00  1.101E+00  1.120E+00  1.112E+00  1.078E+00
  403.5000  9.662E-01  1.008E+00  1.025E+00  1.018E+00  9.867E-01
  404.5000  9.478E-01  9.884E-01  1.005E+00  9.985E-01  9.678E-01
  405.5000  9.848E-01  1.027E+00  1.045E+00  1.037E+00  1.006E+00
  406.5000  9.277E-01  9.673E-01  9.839E-01  9.772E-01  9.472E-01
  407.5000  9.354E-01  9.753E-01  9.921E-01  9.853E-01  9.551E-01
  408.5000  1.042E+00  1.086E+00  1.105E+00  1.097E+00  1.064E+00
  409.5000  1.022E+00  1.065E+00  1.083E+00  1.076E+00  1.043E+00
  410.5000  8.860E-01  9.237E-01  9.395E-01  9.331E-01  9.046E-01
  411.5000  1.065E+00  1.110E+00  1.129E+00  1.122E+00  1.087E+00
  412.5000  1.056E+00  1.101E+00  1.119E+00  1.112E+00  1.078E+00
  413.5000  1.024E+00  1.068E+00  1.086E+00  1.078E+00  1.046E+00
  414.5000  1.053E+00  1.097E+00  1.116E+00  1.109E+00  1.075E+00
  415.5000  1.007E+00  1.050E+00  1.068E+00  1.060E+00  1.028E+00
  416.5000  1.096E+00  1.143E+00  1.162E+00  1.154E+00  1.119E+00
  417.5000  1.002E+00  1.045E+00  1.062E+00  1.055E+00  1.023E+00
  418.5000  1.010E+00  1.053E+00  1.071E+00  1.064E+00  1.031E+00
  419.5000  1.044E+00  1.088E+00  1.106E+00  1.099E+00  1.066E+00
------------------------------------------------------------
Dose rates, W m-2
   1 = UV-B, 280-315 nm                                  
   2 = UV-A, 315-400 nm                                  
   3 = Gaussian, 320 nm, 10 nm FWHM                      
   4 = RB Meter, model 501                               
   5 = DNA damage, in vitro (Setlow, 1974)               
   6 = UV index (WMO, 1994; Webb et al., 2011)           
   7 = Previtamin-D3 (CIE 2006)                          
values at z =      0.000 km
Columns: time, sza, weighting spectra
time, hrs.  sza, deg.          1          2          3          4          5          6          7
   11.0000     43.483  1.253E+00  4.284E+01  2.639E-01  3.635E-01  3.808E-03  6.857E+00  3.367E-01
   11.5000     41.306  1.356E+00  4.482E+01  2.787E-01  3.957E-01  4.294E-03  7.494E+00  3.701E-01
   12.0000     40.367  1.399E+00  4.565E+01  2.848E-01  4.095E-01  4.508E-03  7.768E+00  3.844E-01
   12.5000     40.751  1.382E+00  4.531E+01  2.823E-01  4.039E-01  4.419E-03  7.655E+00  3.785E-01
   13.0000     42.421  1.303E+00  4.381E+01  2.711E-01  3.791E-01  4.039E-03  7.164E+00  3.529E-01
------------------------------------------------------------
