Spectral Irradiance, W m-2 nm-1
values at z =      0.000 km
Columns: wavelength (nm), times (hrs.) or sza (deg.)
    wc, nm     11.000     11.500     12.000     12.500     13.000
    sza =      53.831     53.436     53.295     53.410     53.780
  280.5000  9.624E-25  1.517E-24  1.783E-24  1.563E-24  1.021E-24
  281.5000  2.643E-22  3.997E-22  4.629E-22  4.106E-22  2.789E-22
  282.5000  2.245E-20  3.278E-20  3.748E-20  3.359E-20  2.359E-20
  283.5000  3.639E-19  5.191E-19  5.888E-19  5.312E-19  3.811E-19
  284.5000  3.522E-17  4.817E-17  5.382E-17  4.916E-17  3.669E-17
  285.5000  6.473E-16  8.584E-16  9.487E-16  8.743E-16  6.716E-16
  286.5000  2.733E-14  3.539E-14  3.879E-14  3.599E-14  2.827E-14
  287.5000  6.436E-13  8.119E-13  8.816E-13  8.243E-13  6.634E-13
  288.5000  1.495E-11  1.833E-11  1.971E-11  1.858E-11  1.536E-11
  289.5000  2.456E-10  2.951E-10  3.149E-10  2.986E-10  2.515E-10
  290.5000  2.469E-09  2.916E-09  3.093E-09  2.948E-09  2.509E-09
  291.5000  2.203E-08  2.552E-08  2.689E-08  2.577E-08  2.246E-08
  292.5000  1.234E-07  1.407E-07  1.474E-07  1.419E-07  1.255E-07
  293.5000  7.870E-07  8.845E-07  9.219E-07  8.913E-07  7.992E-07
  294.5000  2.767E-06  3.086E-06  3.203E-06  3.107E-06  2.816E-06
  295.5000  1.346E-05  1.477E-05  1.527E-05  1.486E-05  1.363E-05
  296.5000  4.049E-05  4.398E-05  4.529E-05  4.422E-05  4.093E-05
  297.5000  1.250E-04  1.346E-04  1.382E-04  1.353E-04  1.262E-04
  298.5000  2.226E-04  2.379E-04  2.436E-04  2.390E-04  2.246E-04
  299.5000  7.251E-04  7.695E-04  7.845E-04  7.725E-04  7.279E-04
  300.5000  9.080E-04  9.529E-04  9.769E-04  9.618E-04  9.145E-04
  301.5000  2.468E-03  2.589E-03  2.634E-03  2.597E-03  2.483E-03
  302.5000  3.779E-03  3.950E-03  4.013E-03  3.962E-03  3.801E-03
  303.5000  8.225E-03  8.558E-03  8.679E-03  8.580E-03  8.267E-03
  304.5000  1.036E-02  1.075E-02  1.089E-02  1.078E-02  1.041E-02
  305.5000  1.686E-02  1.745E-02  1.765E-02  1.747E-02  1.695E-02
  306.5000  1.930E-02  1.992E-02  2.014E-02  1.993E-02  1.938E-02
  307.5000  3.310E-02  3.405E-02  3.439E-02  3.411E-02  3.322E-02
  308.5000  3.962E-02  4.071E-02  4.110E-02  4.078E-02  3.976E-02
  309.5000  3.915E-02  4.014E-02  4.050E-02  4.021E-02  3.928E-02
  310.5000  5.786E-02  5.924E-02  5.973E-02  5.933E-02  5.804E-02
  311.5000  7.861E-02  8.039E-02  8.103E-02  8.051E-02  7.884E-02
  312.5000  8.437E-02  8.613E-02  8.676E-02  8.624E-02  8.460E-02
  313.5000  9.796E-02  9.996E-02  1.007E-01  1.001E-01  9.822E-02
  314.5000  1.062E-01  1.082E-01  1.089E-01  1.083E-01  1.064E-01
  315.5000  1.112E-01  1.133E-01  1.140E-01  1.134E-01  1.115E-01
  316.5000  1.179E-01  1.200E-01  1.207E-01  1.201E-01  1.182E-01
  317.5000  1.670E-01  1.699E-01  1.709E-01  1.701E-01  1.674E-01
  318.5000  1.390E-01  1.413E-01  1.421E-01  1.415E-01  1.393E-01
  319.5000  1.716E-01  1.744E-01  1.754E-01  1.746E-01  1.720E-01
  320.5000  2.117E-01  2.151E-01  2.163E-01  2.153E-01  2.122E-01
  321.5000  1.892E-01  1.920E-01  1.930E-01  1.922E-01  1.896E-01
  322.5000  1.835E-01  1.864E-01  1.874E-01  1.865E-01  1.839E-01
  323.5000  2.009E-01  2.038E-01  2.048E-01  2.040E-01  2.013E-01
  324.5000  2.355E-01  2.389E-01  2.401E-01  2.391E-01  2.360E-01
  325.5000  2.622E-01  2.660E-01  2.674E-01  2.663E-01  2.627E-01
  326.5000  3.304E-01  3.349E-01  3.365E-01  3.352E-01  3.310E-01
  327.5000  3.041E-01  3.084E-01  3.099E-01  3.086E-01  3.047E-01
  328.5000  2.812E-01  2.851E-01  2.865E-01  2.853E-01  2.817E-01
  329.5000  3.753E-01  3.803E-01  3.821E-01  3.806E-01  3.760E-01
  330.5000  3.375E-01  3.421E-01  3.437E-01  3.424E-01  3.381E-01
  331.5000  3.330E-01  3.376E-01  3.392E-01  3.378E-01  3.336E-01
  332.5000  3.349E-01  3.393E-01  3.409E-01  3.396E-01  3.355E-01
  333.5000  3.123E-01  3.164E-01  3.179E-01  3.167E-01  3.128E-01
  334.5000  3.507E-01  3.553E-01  3.570E-01  3.556E-01  3.513E-01
  335.5000  3.591E-01  3.638E-01  3.654E-01  3.641E-01  3.597E-01
  336.5000  2.802E-01  2.838E-01  2.851E-01  2.841E-01  2.807E-01
  337.5000  3.058E-01  3.098E-01  3.112E-01  3.101E-01  3.063E-01
  338.5000  3.262E-01  3.304E-01  3.319E-01  3.307E-01  3.267E-01
  339.5000  3.553E-01  3.599E-01  3.615E-01  3.602E-01  3.559E-01
  340.5000  3.788E-01  3.837E-01  3.855E-01  3.840E-01  3.795E-01
  341.5000  3.384E-01  3.427E-01  3.442E-01  3.430E-01  3.389E-01
  342.5000  3.754E-01  3.802E-01  3.819E-01  3.805E-01  3.761E-01
  343.5000  3.896E-01  3.946E-01  3.963E-01  3.949E-01  3.902E-01
  344.5000  2.728E-01  2.762E-01  2.775E-01  2.765E-01  2.732E-01
  345.5000  3.757E-01  3.804E-01  3.821E-01  3.808E-01  3.763E-01
  346.5000  3.507E-01  3.552E-01  3.567E-01  3.554E-01  3.513E-01
  347.5000  3.430E-01  3.473E-01  3.489E-01  3.476E-01  3.436E-01
  348.5000  3.776E-01  3.824E-01  3.841E-01  3.827E-01  3.782E-01
  349.5000  3.166E-01  3.206E-01  3.220E-01  3.209E-01  3.171E-01
  350.5000  4.437E-01  4.492E-01  4.512E-01  4.496E-01  4.444E-01
  351.5000  3.825E-01  3.873E-01  3.890E-01  3.876E-01  3.831E-01
  352.5000  3.453E-01  3.496E-01  3.511E-01  3.499E-01  3.458E-01
  353.5000  4.161E-01  4.213E-01  4.231E-01  4.216E-01  4.168E-01
  354.5000  4.508E-01  4.564E-01  4.584E-01  4.568E-01  4.515E-01
  355.5000  4.215E-01  4.268E-01  4.286E-01  4.271E-01  4.222E-01
  356.5000  3.914E-01  3.963E-01  3.980E-01  3.966E-01  3.920E-01
  357.5000  3.330E-01  3.371E-01  3.386E-01  3.374E-01  3.335E-01
  358.5000  2.572E-01  2.603E-01  2.615E-01  2.605E-01  2.576E-01
  359.5000  4.330E-01  4.384E-01  4.403E-01  4.387E-01  4.337E-01
  360.5000  4.016E-01  4.066E-01  4.083E-01  4.069E-01  4.022E-01
  361.5000  3.623E-01  3.668E-01  3.684E-01  3.671E-01  3.629E-01
  362.5000  4.257E-01  4.310E-01  4.329E-01  4.313E-01  4.264E-01
  363.5000  3.789E-01  3.836E-01  3.853E-01  3.839E-01  3.795E-01
  364.5000  4.136E-01  4.187E-01  4.205E-01  4.190E-01  4.142E-01
  365.5000  5.042E-01  5.104E-01  5.126E-01  5.108E-01  5.050E-01
  366.5000  5.339E-01  5.405E-01  5.428E-01  5.409E-01  5.348E-01
  367.5000  5.073E-01  5.134E-01  5.157E-01  5.138E-01  5.080E-01
  368.5000  4.458E-01  4.513E-01  4.532E-01  4.516E-01  4.465E-01
  369.5000  5.351E-01  5.416E-01  5.439E-01  5.420E-01  5.359E-01
  370.5000  4.857E-01  4.916E-01  4.937E-01  4.920E-01  4.865E-01
  371.5000  5.560E-01  5.628E-01  5.652E-01  5.632E-01  5.569E-01
  372.5000  4.109E-01  4.159E-01  4.177E-01  4.162E-01  4.116E-01
  373.5000  3.716E-01  3.761E-01  3.777E-01  3.764E-01  3.722E-01
  374.5000  4.081E-01  4.130E-01  4.148E-01  4.133E-01  4.087E-01
  375.5000  4.606E-01  4.662E-01  4.682E-01  4.666E-01  4.614E-01
  376.5000  4.602E-01  4.658E-01  4.678E-01  4.661E-01  4.609E-01
  377.5000  5.483E-01  5.549E-01  5.573E-01  5.553E-01  5.492E-01
  378.5000  5.979E-01  6.051E-01  6.077E-01  6.056E-01  5.988E-01
  379.5000  4.426E-01  4.479E-01  4.498E-01  4.482E-01  4.433E-01
  380.5000  5.325E-01  5.389E-01  5.412E-01  5.393E-01  5.333E-01
  381.5000  5.006E-01  5.066E-01  5.088E-01  5.070E-01  5.014E-01
  382.5000  3.338E-01  3.377E-01  3.392E-01  3.380E-01  3.343E-01
  383.5000  2.932E-01  2.967E-01  2.980E-01  2.969E-01  2.937E-01
  384.5000  4.402E-01  4.455E-01  4.474E-01  4.458E-01  4.409E-01
  385.5000  4.358E-01  4.410E-01  4.428E-01  4.413E-01  4.364E-01
  386.5000  4.444E-01  4.497E-01  4.516E-01  4.500E-01  4.451E-01
  387.5000  4.132E-01  4.181E-01  4.199E-01  4.184E-01  4.139E-01
  388.5000  4.144E-01  4.193E-01  4.211E-01  4.196E-01  4.150E-01
  389.5000  5.228E-01  5.290E-01  5.312E-01  5.294E-01  5.236E-01
  390.5000  5.138E-01  5.198E-01  5.220E-01  5.202E-01  5.146E-01
  391.5000  6.098E-01  6.170E-01  6.196E-01  6.175E-01  6.107E-01
  392.5000  4.575E-01  4.629E-01  4.648E-01  4.632E-01  4.582E-01
  393.5000  1.990E-01  2.013E-01  2.022E-01  2.015E-01  1.993E-01
  394.5000  4.685E-01  4.740E-01  4.759E-01  4.743E-01  4.692E-01
  395.5000  6.030E-01  6.101E-01  6.126E-01  6.106E-01  6.039E-01
  396.5000  3.543E-01  3.584E-01  3.599E-01  3.587E-01  3.548E-01
  397.5000  4.090E-01  4.138E-01  4.155E-01  4.141E-01  4.096E-01
  398.5000  7.031E-01  7.113E-01  7.143E-01  7.119E-01  7.042E-01
  399.5000  7.317E-01  7.402E-01  7.433E-01  7.408E-01  7.328E-01
  400.5000  7.696E-01  7.786E-01  7.818E-01  7.792E-01  7.708E-01
  401.5000  7.922E-01  8.014E-01  8.047E-01  8.020E-01  7.933E-01
  402.5000  8.228E-01  8.323E-01  8.358E-01  8.330E-01  8.240E-01
  403.5000  7.534E-01  7.622E-01  7.653E-01  7.628E-01  7.546E-01
  404.5000  7.393E-01  7.479E-01  7.509E-01  7.484E-01  7.404E-01
  405.5000  7.683E-01  7.772E-01  7.804E-01  7.778E-01  7.695E-01
  406.5000  7.240E-01  7.324E-01  7.354E-01  7.329E-01  7.251E-01
  407.5000  7.303E-01  7.387E-01  7.417E-01  7.393E-01  7.313E-01
  408.5000  8.137E-01  8.230E-01  8.264E-01  8.237E-01  8.149E-01
  409.5000  7.980E-01  8.072E-01  8.105E-01  8.078E-01  7.992E-01
  410.5000  6.923E-01  7.003E-01  7.031E-01  7.008E-01  6.933E-01
  411.5000  8.325E-01  8.421E-01  8.455E-01  8.427E-01  8.338E-01
  412.5000  8.255E-01  8.350E-01  8.384E-01  8.356E-01  8.267E-01
  413.5000  8.010E-01  8.102E-01  8.135E-01  8.108E-01  8.022E-01
  414.5000  8.236E-01  8.330E-01  8.364E-01  8.337E-01  8.248E-01
  415.5000  7.881E-01  7.971E-01  8.003E-01  7.977E-01  7.892E-01
  416.5000  8.581E-01  8.679E-01  8.714E-01  8.685E-01  8.593E-01
  417.5000  7.847E-01  7.937E-01  7.969E-01  7.943E-01  7.859E-01
  418.5000  7.912E-01  8.003E-01  8.035E-01  8.009E-01  7.924E-01
  419.5000  8.177E-01  8.270E-01  8.303E-01  8.276E-01  8.189E-01
------------------------------------------------------------
Dose rates, W m-2
   1 = UV-B, 280-315 nm                                  
   2 = UV-A, 315-400 nm                                  
   3 = Gaussian, 320 nm, 10 nm FWHM                      
   4 = RB Meter, model 501                               
   5 = DNA damage, in vitro (Setlow, 1974)               
   6 = UV index (WMO, 1994; Webb et al., 2011)           
   7 = Previtamin-D3 (CIE 2006)                          
values at z =      0.000 km
Columns: time, sza, weighting spectra
time, hrs.  sza, deg.          1          2          3          4          5          6          7
   11.0000     53.831  5.999E-01  3.260E+01  1.787E-01  1.665E-01  1.147E-03  3.117E+00  1.318E-01
   11.5000     53.436  6.142E-01  3.301E+01  1.815E-01  1.705E-01  1.184E-03  3.189E+00  1.355E-01
   12.0000     53.295  6.193E-01  3.315E+01  1.825E-01  1.720E-01  1.198E-03  3.215E+00  1.368E-01
   12.5000     53.410  6.151E-01  3.304E+01  1.817E-01  1.708E-01  1.187E-03  3.194E+00  1.357E-01
   13.0000     53.780  6.017E-01  3.265E+01  1.791E-01  1.671E-01  1.152E-03  3.126E+00  1.323E-01
------------------------------------------------------------
