Spectral Irradiance, W m-2 nm-1
values at z =      0.000 km
Columns: wavelength (nm), times (hrs.) or sza (deg.)
    wc, nm     11.000     11.500     12.000     12.500     13.000
    sza =      32.714     30.638     30.167     31.372     34.073
  280.5000  8.495E-17  1.828E-16  2.153E-16  1.407E-16  4.927E-17
  281.5000  4.457E-15  8.962E-15  1.040E-14  7.058E-15  2.713E-15
  282.5000  9.152E-14  1.736E-13  1.990E-13  1.395E-13  5.808E-14
  283.5000  5.906E-13  1.078E-12  1.226E-12  8.777E-13  3.850E-13
  284.5000  1.064E-11  1.814E-11  2.032E-11  1.506E-11  7.288E-12
  285.5000  5.655E-11  9.156E-11  9.870E-11  7.765E-11  4.016E-11
  286.5000  9.210E-10  1.434E-09  1.576E-09  1.232E-09  6.726E-10
  287.5000  7.538E-09  1.123E-08  1.223E-08  9.801E-09  5.679E-09
  288.5000  5.562E-08  7.905E-08  8.521E-08  7.009E-08  4.333E-08
  289.5000  4.026E-07  5.531E-07  5.919E-07  4.962E-07  3.213E-07
  290.5000  2.033E-06  2.715E-06  2.888E-06  2.459E-06  1.656E-06
  291.5000  8.322E-06  1.076E-05  1.137E-05  9.854E-06  6.935E-06
  292.5000  2.465E-05  3.104E-05  3.261E-05  2.869E-05  2.093E-05
  293.5000  8.640E-05  1.061E-04  1.109E-04  9.892E-05  7.468E-05
  294.5000  1.910E-04  2.301E-04  2.394E-04  2.159E-04  1.674E-04
  295.5000  5.633E-04  6.647E-04  6.886E-04  6.281E-04  5.010E-04
  296.5000  1.123E-03  1.302E-03  1.344E-03  1.238E-03  1.011E-03
  297.5000  2.418E-03  2.762E-03  2.842E-03  2.639E-03  2.200E-03
  298.5000  3.180E-03  3.588E-03  3.681E-03  3.442E-03  2.920E-03
  299.5000  7.780E-03  8.674E-03  8.878E-03  8.357E-03  7.205E-03
  300.5000  7.832E-03  8.652E-03  8.838E-03  8.362E-03  7.299E-03
  301.5000  1.680E-02  1.837E-02  1.873E-02  1.782E-02  1.577E-02
  302.5000  2.203E-02  2.394E-02  2.437E-02  2.327E-02  2.077E-02
  303.5000  3.992E-02  4.306E-02  4.376E-02  4.196E-02  3.785E-02
  304.5000  4.525E-02  4.859E-02  4.934E-02  4.742E-02  4.304E-02
  305.5000  6.303E-02  6.723E-02  6.817E-02  6.576E-02  6.022E-02
  306.5000  6.737E-02  7.166E-02  7.261E-02  7.016E-02  6.450E-02
  307.5000  1.015E-01  1.074E-01  1.084E-01  1.054E-01  9.759E-02
  308.5000  1.157E-01  1.221E-01  1.235E-01  1.198E-01  1.113E-01
  309.5000  1.049E-01  1.100E-01  1.116E-01  1.085E-01  1.013E-01
  310.5000  1.459E-01  1.531E-01  1.547E-01  1.506E-01  1.411E-01
  311.5000  1.904E-01  1.994E-01  2.014E-01  1.963E-01  1.843E-01
  312.5000  1.903E-01  1.987E-01  2.005E-01  1.958E-01  1.846E-01
  313.5000  2.171E-01  2.265E-01  2.286E-01  2.233E-01  2.107E-01
  314.5000  2.214E-01  2.304E-01  2.324E-01  2.273E-01  2.153E-01
  315.5000  2.295E-01  2.387E-01  2.407E-01  2.355E-01  2.232E-01
  316.5000  2.320E-01  2.409E-01  2.429E-01  2.378E-01  2.260E-01
  317.5000  3.283E-01  3.408E-01  3.435E-01  3.364E-01  3.198E-01
  318.5000  2.618E-01  2.713E-01  2.733E-01  2.680E-01  2.553E-01
  319.5000  3.203E-01  3.318E-01  3.343E-01  3.278E-01  3.125E-01
  320.5000  3.909E-01  4.048E-01  4.078E-01  4.000E-01  3.815E-01
  321.5000  3.359E-01  3.472E-01  3.497E-01  3.433E-01  3.282E-01
  322.5000  3.352E-01  3.469E-01  3.495E-01  3.429E-01  3.273E-01
  323.5000  3.500E-01  3.616E-01  3.641E-01  3.576E-01  3.423E-01
  324.5000  4.107E-01  4.242E-01  4.272E-01  4.196E-01  4.016E-01
  325.5000  4.596E-01  4.748E-01  4.782E-01  4.696E-01  4.493E-01
  326.5000  5.609E-01  5.786E-01  5.826E-01  5.725E-01  5.488E-01
  327.5000  5.211E-01  5.377E-01  5.414E-01  5.320E-01  5.097E-01
  328.5000  4.812E-01  4.965E-01  4.999E-01  4.912E-01  4.707E-01
  329.5000  6.271E-01  6.465E-01  6.508E-01  6.398E-01  6.139E-01
  330.5000  5.690E-01  5.867E-01  5.907E-01  5.804E-01  5.569E-01
  331.5000  5.620E-01  5.796E-01  5.835E-01  5.735E-01  5.501E-01
  332.5000  5.554E-01  5.724E-01  5.761E-01  5.665E-01  5.439E-01
  333.5000  5.212E-01  5.372E-01  5.407E-01  5.316E-01  5.102E-01
  334.5000  5.827E-01  6.005E-01  6.044E-01  5.943E-01  5.706E-01
  335.5000  5.915E-01  6.094E-01  6.133E-01  6.032E-01  5.794E-01
  336.5000  4.622E-01  4.762E-01  4.793E-01  4.714E-01  4.527E-01
  337.5000  5.069E-01  5.223E-01  5.256E-01  5.169E-01  4.964E-01
  338.5000  5.358E-01  5.519E-01  5.554E-01  5.463E-01  5.248E-01
  339.5000  5.825E-01  5.999E-01  6.038E-01  5.939E-01  5.707E-01
  340.5000  6.224E-01  6.411E-01  6.452E-01  6.346E-01  6.097E-01
  341.5000  5.532E-01  5.696E-01  5.732E-01  5.639E-01  5.420E-01
  342.5000  6.129E-01  6.310E-01  6.350E-01  6.247E-01  6.005E-01
  343.5000  6.364E-01  6.553E-01  6.594E-01  6.487E-01  6.235E-01
  344.5000  4.459E-01  4.591E-01  4.620E-01  4.545E-01  4.369E-01
  345.5000  6.113E-01  6.293E-01  6.332E-01  6.230E-01  5.990E-01
  346.5000  5.715E-01  5.884E-01  5.921E-01  5.826E-01  5.600E-01
  347.5000  5.584E-01  5.748E-01  5.784E-01  5.691E-01  5.472E-01
  348.5000  6.137E-01  6.317E-01  6.357E-01  6.255E-01  6.014E-01
  349.5000  5.143E-01  5.293E-01  5.326E-01  5.241E-01  5.040E-01
  350.5000  7.200E-01  7.410E-01  7.456E-01  7.337E-01  7.056E-01
  351.5000  6.204E-01  6.385E-01  6.425E-01  6.323E-01  6.081E-01
  352.5000  5.595E-01  5.758E-01  5.794E-01  5.701E-01  5.484E-01
  353.5000  6.734E-01  6.930E-01  6.973E-01  6.862E-01  6.601E-01
  354.5000  7.288E-01  7.499E-01  7.545E-01  7.426E-01  7.144E-01
  355.5000  6.810E-01  7.007E-01  7.050E-01  6.939E-01  6.675E-01
  356.5000  6.319E-01  6.501E-01  6.541E-01  6.438E-01  6.194E-01
  357.5000  5.372E-01  5.527E-01  5.561E-01  5.474E-01  5.266E-01
  358.5000  4.145E-01  4.264E-01  4.291E-01  4.223E-01  4.064E-01
  359.5000  6.975E-01  7.176E-01  7.220E-01  7.106E-01  6.838E-01
  360.5000  6.464E-01  6.650E-01  6.691E-01  6.586E-01  6.338E-01
  361.5000  5.827E-01  5.994E-01  6.031E-01  5.936E-01  5.713E-01
  362.5000  6.842E-01  7.038E-01  7.081E-01  6.970E-01  6.708E-01
  363.5000  6.085E-01  6.259E-01  6.297E-01  6.199E-01  5.967E-01
  364.5000  6.637E-01  6.827E-01  6.868E-01  6.761E-01  6.508E-01
  365.5000  8.087E-01  8.317E-01  8.368E-01  8.237E-01  7.929E-01
  366.5000  8.557E-01  8.800E-01  8.854E-01  8.716E-01  8.391E-01
  367.5000  8.124E-01  8.354E-01  8.405E-01  8.274E-01  7.966E-01
  368.5000  7.135E-01  7.338E-01  7.382E-01  7.268E-01  6.997E-01
  369.5000  8.558E-01  8.800E-01  8.853E-01  8.716E-01  8.392E-01
  370.5000  7.763E-01  7.982E-01  8.030E-01  7.906E-01  7.613E-01
  371.5000  8.881E-01  9.132E-01  9.187E-01  9.045E-01  8.710E-01
  372.5000  6.559E-01  6.744E-01  6.785E-01  6.680E-01  6.433E-01
  373.5000  5.928E-01  6.095E-01  6.131E-01  6.037E-01  5.814E-01
  374.5000  6.505E-01  6.688E-01  6.728E-01  6.625E-01  6.380E-01
  375.5000  7.339E-01  7.545E-01  7.590E-01  7.473E-01  7.198E-01
  376.5000  7.327E-01  7.533E-01  7.578E-01  7.462E-01  7.187E-01
  377.5000  8.724E-01  8.968E-01  9.022E-01  8.884E-01  8.557E-01
  378.5000  9.507E-01  9.773E-01  9.831E-01  9.681E-01  9.326E-01
  379.5000  7.033E-01  7.229E-01  7.272E-01  7.161E-01  6.899E-01
  380.5000  8.457E-01  8.693E-01  8.744E-01  8.611E-01  8.296E-01
  381.5000  7.946E-01  8.167E-01  8.215E-01  8.091E-01  7.795E-01
  382.5000  5.294E-01  5.441E-01  5.473E-01  5.390E-01  5.194E-01
  383.5000  4.648E-01  4.777E-01  4.805E-01  4.733E-01  4.560E-01
  384.5000  6.975E-01  7.168E-01  7.210E-01  7.101E-01  6.843E-01
  385.5000  6.900E-01  7.091E-01  7.133E-01  7.025E-01  6.769E-01
  386.5000  7.032E-01  7.227E-01  7.269E-01  7.160E-01  6.900E-01
  387.5000  6.535E-01  6.715E-01  6.755E-01  6.653E-01  6.412E-01
  388.5000  6.550E-01  6.730E-01  6.770E-01  6.668E-01  6.426E-01
  389.5000  8.259E-01  8.486E-01  8.536E-01  8.407E-01  8.103E-01
  390.5000  8.111E-01  8.334E-01  8.383E-01  8.257E-01  7.959E-01
  391.5000  9.622E-01  9.886E-01  9.944E-01  9.795E-01  9.441E-01
  392.5000  7.215E-01  7.412E-01  7.456E-01  7.344E-01  7.079E-01
  393.5000  3.136E-01  3.222E-01  3.241E-01  3.192E-01  3.078E-01
  394.5000  7.379E-01  7.581E-01  7.625E-01  7.511E-01  7.241E-01
  395.5000  9.494E-01  9.753E-01  9.810E-01  9.663E-01  9.317E-01
  396.5000  5.574E-01  5.726E-01  5.760E-01  5.674E-01  5.470E-01
  397.5000  6.432E-01  6.607E-01  6.646E-01  6.546E-01  6.312E-01
  398.5000  1.105E+00  1.135E+00  1.142E+00  1.125E+00  1.085E+00
  399.5000  1.149E+00  1.181E+00  1.188E+00  1.170E+00  1.128E+00
  400.5000  1.208E+00  1.241E+00  1.248E+00  1.230E+00  1.186E+00
  401.5000  1.243E+00  1.277E+00  1.284E+00  1.265E+00  1.220E+00
  402.5000  1.290E+00  1.325E+00  1.333E+00  1.313E+00  1.267E+00
  403.5000  1.181E+00  1.213E+00  1.220E+00  1.202E+00  1.159E+00
  404.5000  1.158E+00  1.190E+00  1.197E+00  1.179E+00  1.137E+00
  405.5000  1.203E+00  1.236E+00  1.243E+00  1.224E+00  1.181E+00
  406.5000  1.133E+00  1.164E+00  1.171E+00  1.153E+00  1.112E+00
  407.5000  1.142E+00  1.173E+00  1.180E+00  1.163E+00  1.121E+00
  408.5000  1.272E+00  1.307E+00  1.314E+00  1.295E+00  1.249E+00
  409.5000  1.247E+00  1.281E+00  1.288E+00  1.269E+00  1.224E+00
  410.5000  1.082E+00  1.111E+00  1.117E+00  1.101E+00  1.062E+00
  411.5000  1.300E+00  1.335E+00  1.342E+00  1.323E+00  1.276E+00
  412.5000  1.288E+00  1.323E+00  1.330E+00  1.311E+00  1.265E+00
  413.5000  1.249E+00  1.283E+00  1.290E+00  1.271E+00  1.227E+00
  414.5000  1.284E+00  1.318E+00  1.326E+00  1.307E+00  1.261E+00
  415.5000  1.228E+00  1.261E+00  1.268E+00  1.250E+00  1.206E+00
  416.5000  1.337E+00  1.372E+00  1.380E+00  1.360E+00  1.312E+00
  417.5000  1.222E+00  1.254E+00  1.262E+00  1.243E+00  1.200E+00
  418.5000  1.231E+00  1.264E+00  1.271E+00  1.253E+00  1.209E+00
  419.5000  1.272E+00  1.306E+00  1.313E+00  1.294E+00  1.249E+00
------------------------------------------------------------
Dose rates, W m-2
   1 = UV-B, 280-315 nm                                  
   2 = UV-A, 315-400 nm                                  
   3 = Gaussian, 320 nm, 10 nm FWHM                      
   4 = RB Meter, model 501                               
   5 = DNA damage, in vitro (Setlow, 1974)               
   6 = UV index (WMO, 1994; Webb et al., 2011)           
   7 = Previtamin-D3 (CIE 2006)                          
values at z =      0.000 km
Columns: time, sza, weighting spectra
time, hrs.  sza, deg.          1          2          3          4          5          6          7
   11.0000     32.714  1.565E+00  5.292E+01  3.296E-01  4.534E-01  4.735E-03  8.541E+00  4.199E-01
   11.5000     30.638  1.647E+00  5.446E+01  3.413E-01  4.790E-01  5.119E-03  9.045E+00  4.463E-01
   12.0000     30.167  1.665E+00  5.480E+01  3.439E-01  4.847E-01  5.205E-03  9.158E+00  4.522E-01
   12.5000     31.372  1.618E+00  5.392E+01  3.373E-01  4.701E-01  4.984E-03  8.869E+00  4.371E-01
   13.0000     34.073  1.510E+00  5.187E+01  3.217E-01  4.363E-01  4.484E-03  8.205E+00  4.022E-01
------------------------------------------------------------
