Spectral Irradiance, W m-2 nm-1
values at z =      0.000 km
Columns: wavelength (nm), times (hrs.) or sza (deg.)
    wc, nm     11.000     11.500     12.000     12.500     13.000
    sza =      23.081     20.894     20.906     23.114     26.977
  280.5000  7.912E-16  1.306E-15  1.302E-15  7.849E-16  2.756E-16
  281.5000  3.422E-14  5.402E-14  5.389E-14  3.397E-14  1.308E-14
  282.5000  5.950E-13  9.045E-13  9.024E-13  5.911E-13  2.466E-13
  283.5000  3.447E-12  5.111E-12  5.100E-12  3.425E-12  1.505E-12
  284.5000  5.104E-11  7.235E-11  7.221E-11  5.075E-11  2.450E-11
  285.5000  2.345E-10  3.216E-10  3.210E-10  2.333E-10  1.207E-10
  286.5000  3.415E-09  4.565E-09  4.557E-09  3.400E-09  1.856E-09
  287.5000  2.470E-08  3.208E-08  3.204E-08  2.460E-08  1.425E-08
  288.5000  1.593E-07  2.006E-07  2.004E-07  1.587E-07  9.807E-08
  289.5000  1.047E-06  1.290E-06  1.288E-06  1.044E-06  6.754E-07
  290.5000  4.876E-06  5.897E-06  5.891E-06  4.861E-06  3.271E-06
  291.5000  1.821E-05  2.156E-05  2.154E-05  1.816E-05  1.277E-05
  292.5000  5.003E-05  5.823E-05  5.819E-05  4.991E-05  3.638E-05
  293.5000  1.634E-04  1.871E-04  1.866E-04  1.630E-04  1.230E-04
  294.5000  3.418E-04  3.864E-04  3.862E-04  3.411E-04  2.642E-04
  295.5000  9.504E-04  1.060E-03  1.060E-03  9.487E-04  7.557E-04
  296.5000  1.804E-03  1.990E-03  1.989E-03  1.801E-03  1.469E-03
  297.5000  3.722E-03  4.066E-03  4.064E-03  3.717E-03  3.094E-03
  298.5000  4.722E-03  5.116E-03  5.114E-03  4.717E-03  3.994E-03
  299.5000  1.117E-02  1.201E-02  1.200E-02  1.116E-02  9.604E-03
  300.5000  1.095E-02  1.170E-02  1.170E-02  1.094E-02  9.539E-03
  301.5000  2.284E-02  2.425E-02  2.424E-02  2.282E-02  2.016E-02
  302.5000  2.941E-02  3.109E-02  3.108E-02  2.939E-02  2.620E-02
  303.5000  5.216E-02  5.485E-02  5.484E-02  5.212E-02  4.695E-02
  304.5000  5.838E-02  6.122E-02  6.120E-02  5.833E-02  5.287E-02
  305.5000  7.980E-02  8.333E-02  8.331E-02  7.975E-02  7.293E-02
  306.5000  8.460E-02  8.817E-02  8.816E-02  8.455E-02  7.763E-02
  307.5000  1.256E-01  1.304E-01  1.304E-01  1.255E-01  1.161E-01
  308.5000  1.422E-01  1.474E-01  1.474E-01  1.421E-01  1.318E-01
  309.5000  1.277E-01  1.321E-01  1.321E-01  1.276E-01  1.190E-01
  310.5000  1.762E-01  1.820E-01  1.820E-01  1.762E-01  1.648E-01
  311.5000  2.288E-01  2.361E-01  2.360E-01  2.287E-01  2.145E-01
  312.5000  2.267E-01  2.334E-01  2.334E-01  2.266E-01  2.134E-01
  313.5000  2.581E-01  2.656E-01  2.656E-01  2.580E-01  2.432E-01
  314.5000  2.613E-01  2.684E-01  2.684E-01  2.612E-01  2.470E-01
  315.5000  2.704E-01  2.778E-01  2.777E-01  2.703E-01  2.559E-01
  316.5000  2.719E-01  2.789E-01  2.789E-01  2.718E-01  2.580E-01
  317.5000  3.846E-01  3.944E-01  3.944E-01  3.844E-01  3.649E-01
  318.5000  3.051E-01  3.125E-01  3.125E-01  3.050E-01  2.902E-01
  319.5000  3.728E-01  3.818E-01  3.818E-01  3.727E-01  3.548E-01
  320.5000  4.544E-01  4.653E-01  4.652E-01  4.543E-01  4.328E-01
  321.5000  3.886E-01  3.975E-01  3.974E-01  3.885E-01  3.709E-01
  322.5000  3.891E-01  3.983E-01  3.982E-01  3.890E-01  3.708E-01
  323.5000  4.041E-01  4.131E-01  4.130E-01  4.039E-01  3.861E-01
  324.5000  4.740E-01  4.846E-01  4.845E-01  4.739E-01  4.530E-01
  325.5000  5.307E-01  5.426E-01  5.425E-01  5.305E-01  5.070E-01
  326.5000  6.452E-01  6.590E-01  6.589E-01  6.450E-01  6.175E-01
  327.5000  5.999E-01  6.129E-01  6.128E-01  5.997E-01  5.739E-01
  328.5000  5.538E-01  5.658E-01  5.657E-01  5.537E-01  5.299E-01
  329.5000  7.197E-01  7.348E-01  7.347E-01  7.195E-01  6.896E-01
  330.5000  6.536E-01  6.674E-01  6.673E-01  6.534E-01  6.259E-01
  331.5000  6.456E-01  6.592E-01  6.592E-01  6.454E-01  6.182E-01
  332.5000  6.366E-01  6.498E-01  6.498E-01  6.365E-01  6.103E-01
  333.5000  5.977E-01  6.102E-01  6.101E-01  5.975E-01  5.728E-01
  334.5000  6.679E-01  6.817E-01  6.816E-01  6.677E-01  6.402E-01
  335.5000  6.772E-01  6.911E-01  6.910E-01  6.771E-01  6.495E-01
  336.5000  5.292E-01  5.401E-01  5.400E-01  5.291E-01  5.076E-01
  337.5000  5.806E-01  5.925E-01  5.925E-01  5.804E-01  5.567E-01
  338.5000  6.130E-01  6.255E-01  6.254E-01  6.128E-01  5.881E-01
  339.5000  6.663E-01  6.798E-01  6.797E-01  6.661E-01  6.392E-01
  340.5000  7.120E-01  7.265E-01  7.264E-01  7.118E-01  6.831E-01
  341.5000  6.324E-01  6.451E-01  6.450E-01  6.322E-01  6.068E-01
  342.5000  7.004E-01  7.144E-01  7.144E-01  7.002E-01  6.722E-01
  343.5000  7.272E-01  7.418E-01  7.418E-01  7.270E-01  6.980E-01
  344.5000  5.095E-01  5.198E-01  5.197E-01  5.094E-01  4.890E-01
  345.5000  6.980E-01  7.120E-01  7.119E-01  6.978E-01  6.701E-01
  346.5000  6.527E-01  6.658E-01  6.657E-01  6.525E-01  6.266E-01
  347.5000  6.376E-01  6.503E-01  6.502E-01  6.374E-01  6.121E-01
  348.5000  7.005E-01  7.145E-01  7.144E-01  7.003E-01  6.726E-01
  349.5000  5.869E-01  5.985E-01  5.985E-01  5.867E-01  5.635E-01
  350.5000  8.215E-01  8.377E-01  8.377E-01  8.212E-01  7.888E-01
  351.5000  7.078E-01  7.218E-01  7.217E-01  7.076E-01  6.797E-01
  352.5000  6.381E-01  6.507E-01  6.507E-01  6.379E-01  6.129E-01
  353.5000  7.679E-01  7.830E-01  7.830E-01  7.677E-01  7.376E-01
  354.5000  8.308E-01  8.472E-01  8.471E-01  8.306E-01  7.981E-01
  355.5000  7.762E-01  7.914E-01  7.913E-01  7.760E-01  7.456E-01
  356.5000  7.201E-01  7.342E-01  7.341E-01  7.199E-01  6.918E-01
  357.5000  6.121E-01  6.241E-01  6.240E-01  6.119E-01  5.881E-01
  358.5000  4.722E-01  4.814E-01  4.814E-01  4.721E-01  4.537E-01
  359.5000  7.944E-01  8.099E-01  8.098E-01  7.942E-01  7.634E-01
  360.5000  7.361E-01  7.505E-01  7.504E-01  7.359E-01  7.074E-01
  361.5000  6.634E-01  6.763E-01  6.763E-01  6.633E-01  6.376E-01
  362.5000  7.788E-01  7.940E-01  7.939E-01  7.786E-01  7.485E-01
  363.5000  6.926E-01  7.060E-01  7.060E-01  6.924E-01  6.657E-01
  364.5000  7.553E-01  7.699E-01  7.698E-01  7.551E-01  7.260E-01
  365.5000  9.201E-01  9.378E-01  9.377E-01  9.198E-01  8.844E-01
  366.5000  9.734E-01  9.922E-01  9.921E-01  9.731E-01  9.358E-01
  367.5000  9.239E-01  9.417E-01  9.416E-01  9.237E-01  8.883E-01
  368.5000  8.114E-01  8.270E-01  8.269E-01  8.112E-01  7.801E-01
  369.5000  9.730E-01  9.917E-01  9.916E-01  9.727E-01  9.355E-01
  370.5000  8.825E-01  8.994E-01  8.993E-01  8.822E-01  8.486E-01
  371.5000  1.009E+00  1.029E+00  1.029E+00  1.009E+00  9.707E-01
  372.5000  7.454E-01  7.597E-01  7.596E-01  7.452E-01  7.168E-01
  373.5000  6.736E-01  6.864E-01  6.863E-01  6.734E-01  6.478E-01
  374.5000  7.390E-01  7.531E-01  7.531E-01  7.388E-01  7.108E-01
  375.5000  8.336E-01  8.495E-01  8.494E-01  8.334E-01  8.018E-01
  376.5000  8.322E-01  8.480E-01  8.479E-01  8.319E-01  8.004E-01
  377.5000  9.906E-01  1.009E+00  1.009E+00  9.904E-01  9.529E-01
  378.5000  1.079E+00  1.100E+00  1.100E+00  1.079E+00  1.038E+00
  379.5000  7.984E-01  8.135E-01  8.134E-01  7.982E-01  7.681E-01
  380.5000  9.599E-01  9.780E-01  9.779E-01  9.596E-01  9.235E-01
  381.5000  9.017E-01  9.188E-01  9.187E-01  9.015E-01  8.676E-01
  382.5000  6.007E-01  6.120E-01  6.120E-01  6.005E-01  5.780E-01
  383.5000  5.273E-01  5.373E-01  5.372E-01  5.272E-01  5.074E-01
  384.5000  7.912E-01  8.061E-01  8.060E-01  7.910E-01  7.613E-01
  385.5000  7.826E-01  7.973E-01  7.972E-01  7.824E-01  7.531E-01
  386.5000  7.975E-01  8.125E-01  8.124E-01  7.973E-01  7.675E-01
  387.5000  7.410E-01  7.549E-01  7.548E-01  7.408E-01  7.131E-01
  388.5000  7.425E-01  7.564E-01  7.563E-01  7.423E-01  7.147E-01
  389.5000  9.362E-01  9.537E-01  9.536E-01  9.359E-01  9.011E-01
  390.5000  9.193E-01  9.365E-01  9.364E-01  9.191E-01  8.849E-01
  391.5000  1.090E+00  1.111E+00  1.111E+00  1.090E+00  1.050E+00
  392.5000  8.175E-01  8.327E-01  8.326E-01  8.172E-01  7.869E-01
  393.5000  3.553E-01  3.619E-01  3.619E-01  3.552E-01  3.421E-01
  394.5000  8.359E-01  8.514E-01  8.514E-01  8.357E-01  8.048E-01
  395.5000  1.075E+00  1.095E+00  1.095E+00  1.075E+00  1.035E+00
  396.5000  6.313E-01  6.430E-01  6.429E-01  6.311E-01  6.078E-01
  397.5000  7.283E-01  7.418E-01  7.417E-01  7.281E-01  7.013E-01
  398.5000  1.251E+00  1.274E+00  1.274E+00  1.251E+00  1.205E+00
  399.5000  1.301E+00  1.325E+00  1.325E+00  1.301E+00  1.253E+00
  400.5000  1.368E+00  1.393E+00  1.393E+00  1.367E+00  1.317E+00
  401.5000  1.407E+00  1.433E+00  1.433E+00  1.407E+00  1.355E+00
  402.5000  1.460E+00  1.487E+00  1.487E+00  1.460E+00  1.406E+00
  403.5000  1.336E+00  1.361E+00  1.361E+00  1.336E+00  1.287E+00
  404.5000  1.310E+00  1.335E+00  1.334E+00  1.310E+00  1.262E+00
  405.5000  1.361E+00  1.386E+00  1.386E+00  1.361E+00  1.311E+00
  406.5000  1.282E+00  1.305E+00  1.305E+00  1.281E+00  1.235E+00
  407.5000  1.292E+00  1.316E+00  1.316E+00  1.292E+00  1.245E+00
  408.5000  1.439E+00  1.465E+00  1.465E+00  1.438E+00  1.386E+00
  409.5000  1.410E+00  1.436E+00  1.436E+00  1.410E+00  1.359E+00
  410.5000  1.223E+00  1.245E+00  1.245E+00  1.222E+00  1.178E+00
  411.5000  1.469E+00  1.496E+00  1.496E+00  1.469E+00  1.416E+00
  412.5000  1.456E+00  1.483E+00  1.483E+00  1.456E+00  1.403E+00
  413.5000  1.412E+00  1.438E+00  1.438E+00  1.412E+00  1.361E+00
  414.5000  1.451E+00  1.477E+00  1.477E+00  1.451E+00  1.398E+00
  415.5000  1.388E+00  1.413E+00  1.413E+00  1.387E+00  1.337E+00
  416.5000  1.510E+00  1.537E+00  1.537E+00  1.510E+00  1.455E+00
  417.5000  1.380E+00  1.405E+00  1.405E+00  1.380E+00  1.330E+00
  418.5000  1.391E+00  1.416E+00  1.416E+00  1.391E+00  1.340E+00
  419.5000  1.437E+00  1.463E+00  1.462E+00  1.436E+00  1.385E+00
------------------------------------------------------------
Dose rates, W m-2
   1 = UV-B, 280-315 nm                                  
   2 = UV-A, 315-400 nm                                  
   3 = Gaussian, 320 nm, 10 nm FWHM                      
   4 = RB Meter, model 501                               
   5 = DNA damage, in vitro (Setlow, 1974)               
   6 = UV index (WMO, 1994; Webb et al., 2011)           
   7 = Previtamin-D3 (CIE 2006)                          
values at z =      0.000 km
Columns: time, sza, weighting spectra
time, hrs.  sza, deg.          1          2          3          4          5          6          7
   11.0000     23.081  1.908E+00  6.033E+01  3.833E-01  5.593E-01  6.245E-03  1.061E+01  5.273E-01
   11.5000     20.894  1.975E+00  6.152E+01  3.924E-01  5.808E-01  6.591E-03  1.104E+01  5.498E-01
   12.0000     20.906  1.975E+00  6.151E+01  3.924E-01  5.806E-01  6.589E-03  1.104E+01  5.496E-01
   12.5000     23.114  1.907E+00  6.031E+01  3.831E-01  5.589E-01  6.240E-03  1.061E+01  5.269E-01
   13.0000     26.977  1.775E+00  5.794E+01  3.650E-01  5.174E-01  5.590E-03  9.780E+00  4.836E-01
------------------------------------------------------------
