Spectral Irradiance, W m-2 nm-1
values at z =      0.000 km
Columns: wavelength (nm), times (hrs.) or sza (deg.)
    wc, nm     11.000     11.500     12.000     12.500     13.000
    sza =      21.574     18.092     17.257     19.414     23.763
  280.5000  5.046E-14  9.389E-14  1.069E-13  7.532E-14  3.187E-14
  281.5000  1.480E-12  2.608E-12  2.936E-12  2.133E-12  9.733E-13
  282.5000  1.844E-11  2.905E-11  3.458E-11  2.579E-11  1.256E-11
  283.5000  8.605E-11  1.404E-10  1.555E-10  1.180E-10  5.992E-11
  284.5000  8.588E-10  1.326E-09  1.452E-09  1.064E-09  6.230E-10
  285.5000  2.948E-09  4.368E-09  4.743E-09  3.799E-09  2.205E-09
  286.5000  3.432E-08  4.928E-08  5.316E-08  4.334E-08  2.627E-08
  287.5000  1.936E-07  2.684E-07  2.874E-07  2.390E-07  1.521E-07
  288.5000  9.533E-07  1.273E-06  1.352E-06  1.148E-06  7.701E-07
  289.5000  5.168E-06  6.713E-06  7.092E-06  6.118E-06  4.260E-06
  290.5000  2.047E-05  2.599E-05  2.732E-05  2.388E-05  1.716E-05
  291.5000  6.362E-05  7.871E-05  8.230E-05  7.298E-05  5.436E-05
  292.5000  1.504E-04  1.822E-04  1.897E-04  1.702E-04  1.306E-04
  293.5000  4.266E-04  5.065E-04  5.251E-04  4.766E-04  3.759E-04
  294.5000  7.991E-04  9.340E-04  9.651E-04  8.836E-04  7.122E-04
  295.5000  1.976E-03  2.272E-03  2.339E-03  2.162E-03  1.783E-03
  296.5000  3.404E-03  3.859E-03  3.963E-03  3.691E-03  3.103E-03
  297.5000  6.449E-03  7.224E-03  7.399E-03  6.939E-03  5.932E-03
  298.5000  7.616E-03  8.445E-03  8.631E-03  8.141E-03  7.058E-03
  299.5000  1.684E-02  1.849E-02  1.886E-02  1.788E-02  1.571E-02
  300.5000  1.568E-02  1.709E-02  1.741E-02  1.658E-02  1.472E-02
  301.5000  3.091E-02  3.343E-02  3.399E-02  3.251E-02  2.918E-02
  302.5000  3.837E-02  4.128E-02  4.192E-02  4.022E-02  3.636E-02
  303.5000  6.516E-02  6.967E-02  7.066E-02  6.803E-02  6.204E-02
  304.5000  7.113E-02  7.579E-02  7.680E-02  7.410E-02  6.791E-02
  305.5000  9.371E-02  9.931E-02  1.005E-01  9.728E-02  8.981E-02
  306.5000  9.779E-02  1.034E-01  1.046E-01  1.014E-01  9.388E-02
  307.5000  1.408E-01  1.482E-01  1.498E-01  1.455E-01  1.356E-01
  308.5000  1.576E-01  1.656E-01  1.673E-01  1.627E-01  1.520E-01
  309.5000  1.387E-01  1.454E-01  1.468E-01  1.430E-01  1.341E-01
  310.5000  1.888E-01  1.974E-01  1.993E-01  1.943E-01  1.827E-01
  311.5000  2.429E-01  2.536E-01  2.559E-01  2.497E-01  2.332E-01
  312.5000  2.367E-01  2.465E-01  2.487E-01  2.430E-01  2.297E-01
  313.5000  2.684E-01  2.794E-01  2.818E-01  2.754E-01  2.607E-01
  314.5000  2.679E-01  2.783E-01  2.805E-01  2.745E-01  2.606E-01
  315.5000  2.766E-01  2.872E-01  2.895E-01  2.834E-01  2.691E-01
  316.5000  2.752E-01  2.853E-01  2.874E-01  2.816E-01  2.680E-01
  317.5000  3.891E-01  4.033E-01  4.064E-01  3.982E-01  3.790E-01
  318.5000  3.056E-01  3.163E-01  3.186E-01  3.125E-01  2.980E-01
  319.5000  3.728E-01  3.857E-01  3.885E-01  3.811E-01  3.636E-01
  320.5000  4.534E-01  4.689E-01  4.723E-01  4.634E-01  4.423E-01
  321.5000  3.842E-01  3.969E-01  3.996E-01  3.923E-01  3.752E-01
  322.5000  3.874E-01  4.005E-01  4.033E-01  3.958E-01  3.781E-01
  323.5000  3.979E-01  4.107E-01  4.135E-01  4.061E-01  3.888E-01
  324.5000  4.670E-01  4.820E-01  4.853E-01  4.766E-01  4.563E-01
  325.5000  5.235E-01  5.405E-01  5.442E-01  5.344E-01  5.115E-01
  326.5000  6.318E-01  6.515E-01  6.558E-01  6.443E-01  6.178E-01
  327.5000  5.889E-01  6.075E-01  6.114E-01  6.007E-01  5.757E-01
  328.5000  5.436E-01  5.607E-01  5.644E-01  5.546E-01  5.315E-01
  329.5000  7.026E-01  7.241E-01  7.287E-01  7.164E-01  6.873E-01
  330.5000  6.395E-01  6.592E-01  6.635E-01  6.521E-01  6.254E-01
  331.5000  6.316E-01  6.515E-01  6.557E-01  6.445E-01  6.181E-01
  332.5000  6.208E-01  6.396E-01  6.436E-01  6.328E-01  6.074E-01
  333.5000  5.838E-01  6.016E-01  6.054E-01  5.952E-01  5.712E-01
  334.5000  6.518E-01  6.716E-01  6.758E-01  6.645E-01  6.378E-01
  335.5000  6.597E-01  6.795E-01  6.838E-01  6.724E-01  6.457E-01
  336.5000  5.158E-01  5.313E-01  5.347E-01  5.258E-01  5.049E-01
  337.5000  5.666E-01  5.837E-01  5.874E-01  5.776E-01  5.545E-01
  338.5000  5.971E-01  6.149E-01  6.188E-01  6.085E-01  5.845E-01
  339.5000  6.489E-01  6.682E-01  6.723E-01  6.612E-01  6.352E-01
  340.5000  6.939E-01  7.146E-01  7.190E-01  7.072E-01  6.793E-01
  341.5000  6.157E-01  6.339E-01  6.378E-01  6.274E-01  6.028E-01
  342.5000  6.818E-01  7.019E-01  7.063E-01  6.947E-01  6.675E-01
  343.5000  7.082E-01  7.291E-01  7.336E-01  7.216E-01  6.934E-01
  344.5000  4.964E-01  5.111E-01  5.142E-01  5.058E-01  4.860E-01
  345.5000  6.794E-01  6.994E-01  7.037E-01  6.922E-01  6.653E-01
  346.5000  6.357E-01  6.544E-01  6.584E-01  6.477E-01  6.225E-01
  347.5000  6.209E-01  6.392E-01  6.431E-01  6.326E-01  6.080E-01
  348.5000  6.821E-01  7.021E-01  7.064E-01  6.949E-01  6.680E-01
  349.5000  5.715E-01  5.882E-01  5.918E-01  5.822E-01  5.597E-01
  350.5000  7.999E-01  8.233E-01  8.283E-01  8.149E-01  7.834E-01
  351.5000  6.893E-01  7.094E-01  7.137E-01  7.022E-01  6.751E-01
  352.5000  6.214E-01  6.395E-01  6.434E-01  6.330E-01  6.086E-01
  353.5000  7.478E-01  7.695E-01  7.741E-01  7.617E-01  7.324E-01
  354.5000  8.090E-01  8.324E-01  8.375E-01  8.240E-01  7.924E-01
  355.5000  7.558E-01  7.777E-01  7.824E-01  7.698E-01  7.403E-01
  356.5000  7.012E-01  7.215E-01  7.258E-01  7.142E-01  6.869E-01
  357.5000  5.961E-01  6.133E-01  6.170E-01  6.071E-01  5.839E-01
  358.5000  4.599E-01  4.731E-01  4.759E-01  4.683E-01  4.505E-01
  359.5000  7.737E-01  7.959E-01  8.007E-01  7.879E-01  7.579E-01
  360.5000  7.169E-01  7.375E-01  7.419E-01  7.301E-01  7.023E-01
  361.5000  6.462E-01  6.647E-01  6.686E-01  6.580E-01  6.330E-01
  362.5000  7.586E-01  7.802E-01  7.849E-01  7.725E-01  7.432E-01
  363.5000  6.746E-01  6.938E-01  6.980E-01  6.869E-01  6.609E-01
  364.5000  7.357E-01  7.567E-01  7.612E-01  7.491E-01  7.208E-01
  365.5000  8.962E-01  9.217E-01  9.272E-01  9.126E-01  8.781E-01
  366.5000  9.482E-01  9.751E-01  9.810E-01  9.655E-01  9.291E-01
  367.5000  9.000E-01  9.256E-01  9.311E-01  9.164E-01  8.819E-01
  368.5000  7.904E-01  8.128E-01  8.176E-01  8.048E-01  7.745E-01
  369.5000  9.479E-01  9.747E-01  9.805E-01  9.650E-01  9.288E-01
  370.5000  8.597E-01  8.840E-01  8.893E-01  8.753E-01  8.425E-01
  371.5000  9.834E-01  1.011E+00  1.017E+00  1.001E+00  9.637E-01
  372.5000  7.262E-01  7.467E-01  7.511E-01  7.393E-01  7.117E-01
  373.5000  6.563E-01  6.747E-01  6.787E-01  6.681E-01  6.431E-01
  374.5000  7.201E-01  7.403E-01  7.447E-01  7.331E-01  7.057E-01
  375.5000  8.122E-01  8.350E-01  8.399E-01  8.268E-01  7.960E-01
  376.5000  8.109E-01  8.336E-01  8.385E-01  8.254E-01  7.947E-01
  377.5000  9.653E-01  9.924E-01  9.982E-01  9.827E-01  9.461E-01
  378.5000  1.052E+00  1.081E+00  1.088E+00  1.071E+00  1.031E+00
  379.5000  7.780E-01  7.998E-01  8.044E-01  7.920E-01  7.626E-01
  380.5000  9.355E-01  9.615E-01  9.672E-01  9.522E-01  9.169E-01
  381.5000  8.788E-01  9.033E-01  9.086E-01  8.945E-01  8.614E-01
  382.5000  5.854E-01  6.017E-01  6.052E-01  5.959E-01  5.739E-01
  383.5000  5.140E-01  5.283E-01  5.313E-01  5.231E-01  5.038E-01
  384.5000  7.711E-01  7.925E-01  7.972E-01  7.849E-01  7.559E-01
  385.5000  7.628E-01  7.839E-01  7.885E-01  7.763E-01  7.478E-01
  386.5000  7.774E-01  7.989E-01  8.035E-01  7.911E-01  7.621E-01
  387.5000  7.223E-01  7.423E-01  7.466E-01  7.351E-01  7.081E-01
  388.5000  7.238E-01  7.438E-01  7.481E-01  7.366E-01  7.096E-01
  389.5000  9.126E-01  9.378E-01  9.432E-01  9.287E-01  8.947E-01
  390.5000  8.962E-01  9.209E-01  9.262E-01  9.120E-01  8.787E-01
  391.5000  1.063E+00  1.092E+00  1.099E+00  1.082E+00  1.042E+00
  392.5000  7.970E-01  8.189E-01  8.236E-01  8.110E-01  7.814E-01
  393.5000  3.464E-01  3.559E-01  3.580E-01  3.525E-01  3.397E-01
  394.5000  8.150E-01  8.374E-01  8.422E-01  8.293E-01  7.991E-01
  395.5000  1.048E+00  1.077E+00  1.083E+00  1.067E+00  1.028E+00
  396.5000  6.155E-01  6.324E-01  6.360E-01  6.263E-01  6.036E-01
  397.5000  7.102E-01  7.296E-01  7.338E-01  7.226E-01  6.964E-01
  398.5000  1.220E+00  1.253E+00  1.261E+00  1.241E+00  1.196E+00
  399.5000  1.269E+00  1.303E+00  1.311E+00  1.291E+00  1.244E+00
  400.5000  1.334E+00  1.370E+00  1.378E+00  1.357E+00  1.308E+00
  401.5000  1.372E+00  1.409E+00  1.417E+00  1.396E+00  1.346E+00
  402.5000  1.424E+00  1.463E+00  1.471E+00  1.449E+00  1.397E+00
  403.5000  1.303E+00  1.339E+00  1.346E+00  1.326E+00  1.278E+00
  404.5000  1.278E+00  1.313E+00  1.320E+00  1.300E+00  1.254E+00
  405.5000  1.328E+00  1.364E+00  1.371E+00  1.351E+00  1.302E+00
  406.5000  1.250E+00  1.284E+00  1.291E+00  1.272E+00  1.226E+00
  407.5000  1.260E+00  1.294E+00  1.302E+00  1.282E+00  1.236E+00
  408.5000  1.403E+00  1.441E+00  1.450E+00  1.428E+00  1.377E+00
  409.5000  1.376E+00  1.413E+00  1.421E+00  1.399E+00  1.349E+00
  410.5000  1.193E+00  1.225E+00  1.232E+00  1.213E+00  1.170E+00
  411.5000  1.434E+00  1.472E+00  1.480E+00  1.458E+00  1.406E+00
  412.5000  1.421E+00  1.459E+00  1.467E+00  1.445E+00  1.393E+00
  413.5000  1.378E+00  1.415E+00  1.423E+00  1.401E+00  1.351E+00
  414.5000  1.416E+00  1.454E+00  1.462E+00  1.440E+00  1.389E+00
  415.5000  1.354E+00  1.390E+00  1.398E+00  1.377E+00  1.328E+00
  416.5000  1.473E+00  1.513E+00  1.521E+00  1.499E+00  1.445E+00
  417.5000  1.347E+00  1.383E+00  1.391E+00  1.370E+00  1.321E+00
  418.5000  1.357E+00  1.394E+00  1.401E+00  1.380E+00  1.331E+00
  419.5000  1.402E+00  1.439E+00  1.447E+00  1.426E+00  1.375E+00
------------------------------------------------------------
Dose rates, W m-2
   1 = UV-B, 280-315 nm                                  
   2 = UV-A, 315-400 nm                                  
   3 = Gaussian, 320 nm, 10 nm FWHM                      
   4 = RB Meter, model 501                               
   5 = DNA damage, in vitro (Setlow, 1974)               
   6 = UV index (WMO, 1994; Webb et al., 2011)           
   7 = Previtamin-D3 (CIE 2006)                          
values at z =      0.000 km
Columns: time, sza, weighting spectra
time, hrs.  sza, deg.          1          2          3          4          5          6          7
   11.0000     21.574  2.092E+00  5.890E+01  3.827E-01  6.318E-01  8.182E-03  1.226E+01  6.157E-01
   11.5000     18.092  2.196E+00  6.061E+01  3.958E-01  6.665E-01  8.837E-03  1.298E+01  6.526E-01
   12.0000     17.257  2.219E+00  6.098E+01  3.987E-01  6.741E-01  8.982E-03  1.314E+01  6.607E-01
   12.5000     19.414  2.159E+00  5.999E+01  3.911E-01  6.539E-01  8.597E-03  1.272E+01  6.392E-01
   13.0000     23.763  2.017E+00  5.768E+01  3.733E-01  6.073E-01  7.735E-03  1.176E+01  5.898E-01
------------------------------------------------------------
