Spectral Irradiance, W m-2 nm-1
values at z =      0.000 km
Columns: wavelength (nm), times (hrs.) or sza (deg.)
    wc, nm     11.000     11.500     12.000     12.500     13.000
    sza =      44.855     44.091     43.815     44.040     44.757
  280.5000  1.354E-22  2.494E-22  3.091E-22  2.594E-22  1.467E-22
  281.5000  2.388E-20  4.162E-20  5.059E-20  4.314E-20  2.568E-20
  282.5000  1.389E-18  2.308E-18  2.759E-18  2.385E-18  1.484E-18
  283.5000  1.761E-17  2.839E-17  3.358E-17  2.928E-17  1.875E-17
  284.5000  1.088E-15  1.658E-15  1.923E-15  1.704E-15  1.149E-15
  285.5000  1.437E-14  2.101E-14  2.402E-14  2.154E-14  1.510E-14
  286.5000  4.711E-13  6.675E-13  7.545E-13  6.827E-13  4.931E-13
  287.5000  8.380E-12  1.146E-11  1.280E-11  1.170E-11  8.731E-12
  288.5000  1.437E-10  1.891E-10  2.084E-10  1.925E-10  1.489E-10
  289.5000  1.901E-09  2.435E-09  2.657E-09  2.474E-09  1.964E-09
  290.5000  1.594E-08  1.996E-08  2.160E-08  2.025E-08  1.642E-08
  291.5000  1.159E-07  1.413E-07  1.516E-07  1.432E-07  1.189E-07
  292.5000  5.492E-07  6.558E-07  6.981E-07  6.634E-07  5.621E-07
  293.5000  2.995E-06  3.506E-06  3.706E-06  3.542E-06  3.058E-06
  294.5000  9.360E-06  1.079E-05  1.134E-05  1.089E-05  9.535E-06
  295.5000  3.986E-05  4.518E-05  4.722E-05  4.555E-05  4.052E-05
  296.5000  1.078E-04  1.205E-04  1.253E-04  1.213E-04  1.093E-04
  297.5000  3.031E-04  3.349E-04  3.468E-04  3.370E-04  3.071E-04
  298.5000  4.993E-04  5.460E-04  5.635E-04  5.492E-04  5.052E-04
  299.5000  1.511E-03  1.636E-03  1.683E-03  1.645E-03  1.526E-03
  300.5000  1.789E-03  1.923E-03  1.973E-03  1.932E-03  1.806E-03
  301.5000  4.574E-03  4.880E-03  4.993E-03  4.900E-03  4.613E-03
  302.5000  6.732E-03  7.146E-03  7.298E-03  7.173E-03  6.785E-03
  303.5000  1.398E-02  1.475E-02  1.503E-02  1.480E-02  1.408E-02
  304.5000  1.714E-02  1.802E-02  1.834E-02  1.808E-02  1.725E-02
  305.5000  2.682E-02  2.805E-02  2.850E-02  2.813E-02  2.698E-02
  306.5000  3.014E-02  3.146E-02  3.193E-02  3.154E-02  3.031E-02
  307.5000  5.000E-02  5.195E-02  5.266E-02  5.208E-02  5.025E-02
  308.5000  5.909E-02  6.130E-02  6.210E-02  6.145E-02  5.938E-02
  309.5000  5.711E-02  5.908E-02  5.979E-02  5.921E-02  5.737E-02
  310.5000  8.309E-02  8.577E-02  8.674E-02  8.595E-02  8.343E-02
  311.5000  1.117E-01  1.151E-01  1.164E-01  1.154E-01  1.121E-01
  312.5000  1.177E-01  1.210E-01  1.222E-01  1.212E-01  1.181E-01
  313.5000  1.360E-01  1.398E-01  1.412E-01  1.400E-01  1.365E-01
  314.5000  1.450E-01  1.488E-01  1.501E-01  1.490E-01  1.446E-01
  315.5000  1.515E-01  1.554E-01  1.568E-01  1.556E-01  1.520E-01
  316.5000  1.587E-01  1.625E-01  1.638E-01  1.627E-01  1.591E-01
  317.5000  2.246E-01  2.300E-01  2.319E-01  2.303E-01  2.253E-01
  318.5000  1.849E-01  1.891E-01  1.905E-01  1.893E-01  1.851E-01
  319.5000  2.277E-01  2.327E-01  2.346E-01  2.331E-01  2.284E-01
  320.5000  2.801E-01  2.862E-01  2.884E-01  2.866E-01  2.809E-01
  321.5000  2.478E-01  2.528E-01  2.546E-01  2.531E-01  2.484E-01
  322.5000  2.420E-01  2.472E-01  2.491E-01  2.476E-01  2.427E-01
  323.5000  2.618E-01  2.670E-01  2.688E-01  2.671E-01  2.624E-01
  324.5000  3.069E-01  3.130E-01  3.151E-01  3.133E-01  3.077E-01
  325.5000  3.420E-01  3.489E-01  3.513E-01  3.493E-01  3.429E-01
  326.5000  4.274E-01  4.355E-01  4.384E-01  4.360E-01  4.284E-01
  327.5000  3.943E-01  4.018E-01  4.046E-01  4.023E-01  3.953E-01
  328.5000  3.643E-01  3.713E-01  3.738E-01  3.718E-01  3.652E-01
  329.5000  4.833E-01  4.922E-01  4.953E-01  4.927E-01  4.844E-01
  330.5000  4.356E-01  4.437E-01  4.466E-01  4.442E-01  4.366E-01
  331.5000  4.298E-01  4.378E-01  4.407E-01  4.384E-01  4.308E-01
  332.5000  4.302E-01  4.380E-01  4.408E-01  4.385E-01  4.312E-01
  333.5000  4.017E-01  4.091E-01  4.117E-01  4.095E-01  4.027E-01
  334.5000  4.506E-01  4.587E-01  4.617E-01  4.593E-01  4.516E-01
  335.5000  4.603E-01  4.685E-01  4.715E-01  4.691E-01  4.614E-01
  336.5000  3.592E-01  3.656E-01  3.679E-01  3.661E-01  3.600E-01
  337.5000  3.924E-01  3.995E-01  4.021E-01  4.000E-01  3.934E-01
  338.5000  4.176E-01  4.250E-01  4.276E-01  4.255E-01  4.185E-01
  339.5000  4.546E-01  4.626E-01  4.655E-01  4.631E-01  4.556E-01
  340.5000  4.848E-01  4.934E-01  4.965E-01  4.940E-01  4.859E-01
  341.5000  4.324E-01  4.400E-01  4.427E-01  4.405E-01  4.334E-01
  342.5000  4.795E-01  4.879E-01  4.909E-01  4.884E-01  4.806E-01
  343.5000  4.976E-01  5.063E-01  5.094E-01  5.069E-01  4.987E-01
  344.5000  3.484E-01  3.545E-01  3.567E-01  3.549E-01  3.491E-01
  345.5000  4.792E-01  4.875E-01  4.905E-01  4.880E-01  4.802E-01
  346.5000  4.474E-01  4.552E-01  4.580E-01  4.557E-01  4.484E-01
  347.5000  4.374E-01  4.450E-01  4.477E-01  4.455E-01  4.383E-01
  348.5000  4.812E-01  4.895E-01  4.925E-01  4.901E-01  4.823E-01
  349.5000  4.033E-01  4.103E-01  4.128E-01  4.108E-01  4.042E-01
  350.5000  5.649E-01  5.747E-01  5.782E-01  5.753E-01  5.662E-01
  351.5000  4.869E-01  4.953E-01  4.983E-01  4.958E-01  4.880E-01
  352.5000  4.393E-01  4.469E-01  4.496E-01  4.474E-01  4.403E-01
  353.5000  5.292E-01  5.382E-01  5.415E-01  5.388E-01  5.303E-01
  354.5000  5.730E-01  5.828E-01  5.863E-01  5.835E-01  5.743E-01
  355.5000  5.356E-01  5.448E-01  5.481E-01  5.454E-01  5.368E-01
  356.5000  4.972E-01  5.057E-01  5.087E-01  5.062E-01  4.983E-01
  357.5000  4.228E-01  4.300E-01  4.326E-01  4.305E-01  4.238E-01
  358.5000  3.264E-01  3.320E-01  3.339E-01  3.323E-01  3.271E-01
  359.5000  5.494E-01  5.588E-01  5.621E-01  5.594E-01  5.506E-01
  360.5000  5.094E-01  5.180E-01  5.211E-01  5.186E-01  5.105E-01
  361.5000  4.594E-01  4.671E-01  4.699E-01  4.677E-01  4.604E-01
  362.5000  5.396E-01  5.487E-01  5.520E-01  5.493E-01  5.407E-01
  363.5000  4.801E-01  4.882E-01  4.911E-01  4.887E-01  4.811E-01
  364.5000  5.238E-01  5.326E-01  5.358E-01  5.332E-01  5.249E-01
  365.5000  6.383E-01  6.491E-01  6.529E-01  6.498E-01  6.397E-01
  366.5000  6.757E-01  6.871E-01  6.911E-01  6.878E-01  6.772E-01
  367.5000  6.417E-01  6.525E-01  6.563E-01  6.532E-01  6.431E-01
  368.5000  5.638E-01  5.733E-01  5.767E-01  5.739E-01  5.651E-01
  369.5000  6.764E-01  6.878E-01  6.918E-01  6.885E-01  6.779E-01
  370.5000  6.138E-01  6.241E-01  6.277E-01  6.247E-01  6.151E-01
  371.5000  7.025E-01  7.142E-01  7.184E-01  7.149E-01  7.040E-01
  372.5000  5.190E-01  5.276E-01  5.307E-01  5.282E-01  5.201E-01
  373.5000  4.692E-01  4.770E-01  4.798E-01  4.775E-01  4.702E-01
  374.5000  5.150E-01  5.236E-01  5.266E-01  5.241E-01  5.161E-01
  375.5000  5.812E-01  5.908E-01  5.943E-01  5.914E-01  5.824E-01
  376.5000  5.805E-01  5.901E-01  5.935E-01  5.907E-01  5.817E-01
  377.5000  6.913E-01  7.027E-01  7.068E-01  7.035E-01  6.928E-01
  378.5000  7.536E-01  7.660E-01  7.705E-01  7.668E-01  7.552E-01
  379.5000  5.576E-01  5.668E-01  5.701E-01  5.674E-01  5.588E-01
  380.5000  6.707E-01  6.818E-01  6.857E-01  6.825E-01  6.722E-01
  381.5000  6.304E-01  6.407E-01  6.445E-01  6.414E-01  6.317E-01
  382.5000  4.201E-01  4.270E-01  4.295E-01  4.275E-01  4.210E-01
  383.5000  3.690E-01  3.750E-01  3.772E-01  3.754E-01  3.698E-01
  384.5000  5.538E-01  5.629E-01  5.661E-01  5.635E-01  5.550E-01
  385.5000  5.480E-01  5.570E-01  5.602E-01  5.576E-01  5.492E-01
  386.5000  5.587E-01  5.678E-01  5.711E-01  5.684E-01  5.599E-01
  387.5000  5.193E-01  5.278E-01  5.308E-01  5.283E-01  5.204E-01
  388.5000  5.206E-01  5.291E-01  5.321E-01  5.297E-01  5.217E-01
  389.5000  6.567E-01  6.673E-01  6.711E-01  6.680E-01  6.580E-01
  390.5000  6.451E-01  6.556E-01  6.593E-01  6.563E-01  6.464E-01
  391.5000  7.654E-01  7.779E-01  7.823E-01  7.787E-01  7.670E-01
  392.5000  5.741E-01  5.834E-01  5.867E-01  5.840E-01  5.753E-01
  393.5000  2.496E-01  2.537E-01  2.551E-01  2.539E-01  2.502E-01
  394.5000  5.875E-01  5.970E-01  6.004E-01  5.976E-01  5.887E-01
  395.5000  7.560E-01  7.682E-01  7.726E-01  7.690E-01  7.576E-01
  396.5000  4.440E-01  4.512E-01  4.537E-01  4.516E-01  4.449E-01
  397.5000  5.125E-01  5.207E-01  5.237E-01  5.212E-01  5.135E-01
  398.5000  8.808E-01  8.949E-01  9.000E-01  8.958E-01  8.826E-01
  399.5000  9.163E-01  9.310E-01  9.362E-01  9.319E-01  9.182E-01
  400.5000  9.635E-01  9.789E-01  9.844E-01  9.799E-01  9.654E-01
  401.5000  9.914E-01  1.007E+00  1.013E+00  1.008E+00  9.935E-01
  402.5000  1.029E+00  1.046E+00  1.052E+00  1.047E+00  1.032E+00
  403.5000  9.424E-01  9.575E-01  9.628E-01  9.585E-01  9.444E-01
  404.5000  9.245E-01  9.392E-01  9.445E-01  9.402E-01  9.264E-01
  405.5000  9.605E-01  9.758E-01  9.813E-01  9.768E-01  9.625E-01
  406.5000  9.049E-01  9.193E-01  9.244E-01  9.202E-01  9.067E-01
  407.5000  9.124E-01  9.269E-01  9.321E-01  9.279E-01  9.143E-01
  408.5000  1.016E+00  1.033E+00  1.038E+00  1.034E+00  1.018E+00
  409.5000  9.965E-01  1.012E+00  1.018E+00  1.013E+00  9.986E-01
  410.5000  8.644E-01  8.780E-01  8.829E-01  8.789E-01  8.661E-01
  411.5000  1.039E+00  1.056E+00  1.061E+00  1.057E+00  1.041E+00
  412.5000  1.030E+00  1.046E+00  1.052E+00  1.047E+00  1.032E+00
  413.5000  9.992E-01  1.015E+00  1.021E+00  1.016E+00  1.001E+00
  414.5000  1.027E+00  1.043E+00  1.049E+00  1.044E+00  1.029E+00
  415.5000  9.826E-01  9.981E-01  1.004E+00  9.991E-01  9.846E-01
  416.5000  1.070E+00  1.086E+00  1.092E+00  1.088E+00  1.072E+00
  417.5000  9.780E-01  9.933E-01  9.988E-01  9.943E-01  9.800E-01
  418.5000  9.858E-01  1.001E+00  1.007E+00  1.002E+00  9.878E-01
  419.5000  1.019E+00  1.034E+00  1.040E+00  1.036E+00  1.021E+00
------------------------------------------------------------
Dose rates, W m-2
   1 = UV-B, 280-315 nm                                  
   2 = UV-A, 315-400 nm                                  
   3 = Gaussian, 320 nm, 10 nm FWHM                      
   4 = RB Meter, model 501                               
   5 = DNA damage, in vitro (Setlow, 1974)               
   6 = UV index (WMO, 1994; Webb et al., 2011)           
   7 = Previtamin-D3 (CIE 2006)                          
values at z =      0.000 km
Columns: time, sza, weighting spectra
time, hrs.  sza, deg.          1          2          3          4          5          6          7
   11.0000     44.855  8.633E-01  4.142E+01  2.362E-01  2.403E-01  1.809E-03  4.467E+00  1.983E-01
   11.5000     44.091  8.918E-01  4.213E+01  2.413E-01  2.484E-01  1.892E-03  4.616E+00  2.061E-01
   12.0000     43.815  9.020E-01  4.239E+01  2.432E-01  2.513E-01  1.923E-03  4.670E+00  2.089E-01
   12.5000     44.040  8.936E-01  4.218E+01  2.417E-01  2.489E-01  1.898E-03  4.626E+00  2.066E-01
   13.0000     44.757  8.661E-01  4.151E+01  2.368E-01  2.413E-01  1.819E-03  4.485E+00  1.993E-01
------------------------------------------------------------
