Spectral Irradiance, W m-2 nm-1
values at z =      0.000 km
Columns: wavelength (nm), times (hrs.) or sza (deg.)
    wc, nm     11.000     11.500     12.000     12.500     13.000
    sza =      91.646     91.238     91.128     91.317     91.804
  280.5000  1.062E-26  1.297E-26  1.360E-26  1.258E-26  9.655E-27
  281.5000  2.134E-24  2.605E-24  2.731E-24  2.527E-24  1.940E-24
  282.5000  1.391E-22  1.697E-22  1.779E-22  1.647E-22  1.265E-22
  283.5000  1.892E-21  2.307E-21  2.418E-21  2.239E-21  1.721E-21
  284.5000  1.354E-19  1.650E-19  1.729E-19  1.601E-19  1.233E-19
  285.5000  1.999E-18  2.434E-18  2.549E-18  2.362E-18  1.820E-18
  286.5000  7.142E-17  8.687E-17  9.098E-17  8.433E-17  6.506E-17
  287.5000  1.406E-15  1.709E-15  1.789E-15  1.659E-15  1.282E-15
  288.5000  2.718E-14  3.298E-14  3.452E-14  3.203E-14  2.478E-14
  289.5000  3.927E-13  4.762E-13  4.983E-13  4.625E-13  3.583E-13
  290.5000  3.554E-12  4.305E-12  4.505E-12  4.183E-12  3.243E-12
  291.5000  2.838E-11  3.433E-11  3.591E-11  3.336E-11  2.591E-11
  292.5000  1.460E-10  1.765E-10  1.846E-10  1.715E-10  1.334E-10
  293.5000  8.650E-10  1.045E-09  1.092E-09  1.015E-09  7.905E-10
  294.5000  2.900E-09  3.500E-09  3.659E-09  3.402E-09  2.651E-09
  295.5000  1.339E-08  1.616E-08  1.689E-08  1.570E-08  1.225E-08
  296.5000  3.905E-08  4.709E-08  4.922E-08  4.577E-08  3.573E-08
  297.5000  1.180E-07  1.423E-07  1.488E-07  1.383E-07  1.080E-07
  298.5000  2.081E-07  2.509E-07  2.623E-07  2.439E-07  1.905E-07
  299.5000  6.749E-07  8.138E-07  8.510E-07  7.910E-07  6.179E-07
  300.5000  8.499E-07  1.025E-06  1.072E-06  9.962E-07  7.781E-07
  301.5000  2.344E-06  2.830E-06  2.961E-06  2.750E-06  2.146E-06
  302.5000  3.647E-06  4.407E-06  4.612E-06  4.281E-06  3.339E-06
  303.5000  8.183E-06  9.902E-06  1.037E-05  9.615E-06  7.489E-06
  304.5000  1.054E-05  1.277E-05  1.338E-05  1.240E-05  9.644E-06
  305.5000  1.801E-05  2.186E-05  2.292E-05  2.121E-05  1.646E-05
  306.5000  2.108E-05  2.563E-05  2.688E-05  2.486E-05  1.927E-05
  307.5000  3.845E-05  4.690E-05  4.924E-05  4.546E-05  3.511E-05
  308.5000  4.738E-05  5.789E-05  6.081E-05  5.609E-05  4.324E-05
  309.5000  4.978E-05  6.104E-05  6.418E-05  5.909E-05  4.538E-05
  310.5000  7.789E-05  9.584E-05  1.009E-04  9.271E-05  7.093E-05
  311.5000  1.102E-04  1.360E-04  1.433E-04  1.315E-04  1.003E-04
  312.5000  1.309E-04  1.625E-04  1.715E-04  1.569E-04  1.188E-04
  313.5000  1.564E-04  1.945E-04  2.053E-04  1.877E-04  1.419E-04
  314.5000  1.921E-04  2.408E-04  2.548E-04  2.320E-04  1.738E-04
  315.5000  2.069E-04  2.597E-04  2.750E-04  2.502E-04  1.871E-04
  316.5000  2.530E-04  3.203E-04  3.400E-04  3.081E-04  2.281E-04
  317.5000  3.585E-04  4.538E-04  4.816E-04  4.365E-04  3.232E-04
  318.5000  3.581E-04  4.579E-04  4.873E-04  4.395E-04  3.216E-04
  319.5000  4.621E-04  5.919E-04  6.302E-04  5.680E-04  4.148E-04
  320.5000  5.998E-04  7.704E-04  8.209E-04  7.388E-04  5.377E-04
  321.5000  7.151E-04  9.283E-04  9.917E-04  8.885E-04  6.384E-04
  322.5000  5.465E-04  7.035E-04  7.500E-04  6.744E-04  4.896E-04
  323.5000  8.917E-04  1.162E-03  1.242E-03  1.112E-03  7.946E-04
  324.5000  1.026E-03  1.336E-03  1.428E-03  1.278E-03  9.144E-04
  325.5000  1.066E-03  1.386E-03  1.482E-03  1.326E-03  9.504E-04
  326.5000  1.958E-03  2.554E-03  2.730E-03  2.444E-03  1.743E-03
  327.5000  1.571E-03  2.049E-03  2.191E-03  1.960E-03  1.399E-03
  328.5000  1.448E-03  1.889E-03  2.020E-03  1.807E-03  1.288E-03
  329.5000  2.720E-03  3.536E-03  3.775E-03  3.387E-03  2.422E-03
  330.5000  2.097E-03  2.733E-03  2.921E-03  2.616E-03  1.866E-03
  331.5000  2.001E-03  2.610E-03  2.790E-03  2.497E-03  1.780E-03
  332.5000  2.640E-03  3.425E-03  3.654E-03  3.282E-03  2.352E-03
  333.5000  2.173E-03  2.828E-03  3.021E-03  2.708E-03  1.934E-03
  334.5000  2.593E-03  3.370E-03  3.598E-03  3.228E-03  2.308E-03
  335.5000  3.064E-03  3.966E-03  4.228E-03  3.803E-03  2.731E-03
  336.5000  2.287E-03  2.964E-03  3.162E-03  2.841E-03  2.037E-03
  337.5000  2.252E-03  2.929E-03  3.127E-03  2.805E-03  2.005E-03
  338.5000  2.799E-03  3.623E-03  3.862E-03  3.474E-03  2.494E-03
  339.5000  3.112E-03  4.026E-03  4.291E-03  3.862E-03  2.774E-03
  340.5000  3.127E-03  4.054E-03  4.323E-03  3.886E-03  2.785E-03
  341.5000  3.032E-03  3.920E-03  4.177E-03  3.760E-03  2.704E-03
  342.5000  3.415E-03  4.412E-03  4.701E-03  4.233E-03  3.045E-03
  343.5000  3.439E-03  4.449E-03  4.742E-03  4.267E-03  3.065E-03
  344.5000  2.330E-03  3.018E-03  3.218E-03  2.894E-03  2.076E-03
  345.5000  3.489E-03  4.504E-03  4.797E-03  4.322E-03  3.111E-03
  346.5000  3.090E-03  3.999E-03  4.262E-03  3.836E-03  2.754E-03
  347.5000  3.039E-03  3.932E-03  4.191E-03  3.771E-03  2.708E-03
  348.5000  3.406E-03  4.404E-03  4.693E-03  4.225E-03  3.036E-03
  349.5000  2.847E-03  3.682E-03  3.924E-03  3.532E-03  2.537E-03
  350.5000  4.004E-03  5.179E-03  5.519E-03  4.968E-03  3.569E-03
  351.5000  3.425E-03  4.432E-03  4.723E-03  4.251E-03  3.053E-03
  352.5000  3.110E-03  4.023E-03  4.287E-03  3.859E-03  2.771E-03
  353.5000  3.782E-03  4.891E-03  5.212E-03  4.692E-03  3.371E-03
  354.5000  4.129E-03  5.338E-03  5.688E-03  5.121E-03  3.680E-03
  355.5000  3.862E-03  4.993E-03  5.320E-03  4.790E-03  3.442E-03
  356.5000  3.582E-03  4.632E-03  4.935E-03  4.443E-03  3.192E-03
  357.5000  3.040E-03  3.932E-03  4.190E-03  3.772E-03  2.709E-03
  358.5000  2.356E-03  3.047E-03  3.247E-03  2.924E-03  2.100E-03
  359.5000  3.965E-03  5.129E-03  5.466E-03  4.921E-03  3.534E-03
  360.5000  3.678E-03  4.757E-03  5.070E-03  4.564E-03  3.277E-03
  361.5000  3.326E-03  4.302E-03  4.585E-03  4.127E-03  2.964E-03
  362.5000  3.913E-03  5.061E-03  5.393E-03  4.855E-03  3.486E-03
  363.5000  3.483E-03  4.506E-03  4.802E-03  4.322E-03  3.103E-03
  364.5000  3.797E-03  4.912E-03  5.235E-03  4.712E-03  3.383E-03
  365.5000  4.620E-03  5.978E-03  6.371E-03  5.735E-03  4.115E-03
  366.5000  4.897E-03  6.337E-03  6.754E-03  6.079E-03  4.362E-03
  367.5000  4.657E-03  6.027E-03  6.423E-03  5.781E-03  4.148E-03
  368.5000  4.091E-03  5.295E-03  5.643E-03  5.079E-03  3.644E-03
  369.5000  4.907E-03  6.353E-03  6.771E-03  6.093E-03  4.371E-03
  370.5000  4.452E-03  5.764E-03  6.143E-03  5.528E-03  3.965E-03
  371.5000  5.096E-03  6.598E-03  7.032E-03  6.328E-03  4.539E-03
  372.5000  3.766E-03  4.876E-03  5.197E-03  4.677E-03  3.354E-03
  373.5000  3.402E-03  4.406E-03  4.697E-03  4.226E-03  3.030E-03
  374.5000  3.733E-03  4.835E-03  5.154E-03  4.637E-03  3.324E-03
  375.5000  4.214E-03  5.458E-03  5.818E-03  5.235E-03  3.752E-03
  376.5000  4.209E-03  5.452E-03  5.812E-03  5.229E-03  3.748E-03
  377.5000  5.013E-03  6.494E-03  6.923E-03  6.229E-03  4.463E-03
  378.5000  5.463E-03  7.078E-03  7.546E-03  6.788E-03  4.864E-03
  379.5000  4.041E-03  5.236E-03  5.582E-03  5.022E-03  3.598E-03
  380.5000  4.860E-03  6.299E-03  6.715E-03  6.041E-03  4.327E-03
  381.5000  4.567E-03  5.920E-03  6.312E-03  5.677E-03  4.066E-03
  382.5000  3.043E-03  3.945E-03  4.206E-03  3.783E-03  2.709E-03
  383.5000  2.672E-03  3.464E-03  3.694E-03  3.322E-03  2.379E-03
  384.5000  4.010E-03  5.200E-03  5.544E-03  4.986E-03  3.570E-03
  385.5000  3.968E-03  5.146E-03  5.487E-03  4.934E-03  3.532E-03
  386.5000  4.045E-03  5.246E-03  5.594E-03  5.030E-03  3.600E-03
  387.5000  3.759E-03  4.876E-03  5.199E-03  4.675E-03  3.346E-03
  388.5000  3.768E-03  4.887E-03  5.211E-03  4.686E-03  3.353E-03
  389.5000  4.751E-03  6.164E-03  6.573E-03  5.910E-03  4.228E-03
  390.5000  4.667E-03  6.055E-03  6.457E-03  5.806E-03  4.153E-03
  391.5000  5.537E-03  7.185E-03  7.662E-03  6.889E-03  4.927E-03
  392.5000  4.152E-03  5.388E-03  5.747E-03  5.166E-03  3.695E-03
  393.5000  1.805E-03  2.343E-03  2.499E-03  2.246E-03  1.606E-03
  394.5000  4.247E-03  5.513E-03  5.879E-03  5.285E-03  3.778E-03
  395.5000  5.464E-03  7.093E-03  7.565E-03  6.800E-03  4.861E-03
  396.5000  3.209E-03  4.166E-03  4.443E-03  3.994E-03  2.855E-03
  397.5000  3.703E-03  4.809E-03  5.129E-03  4.610E-03  3.294E-03
  398.5000  6.364E-03  8.265E-03  8.816E-03  7.923E-03  5.661E-03
  399.5000  6.620E-03  8.598E-03  9.171E-03  8.242E-03  5.888E-03
  400.5000  6.959E-03  9.040E-03  9.643E-03  8.666E-03  6.190E-03
  401.5000  7.159E-03  9.301E-03  9.921E-03  8.915E-03  6.368E-03
  402.5000  7.432E-03  9.656E-03  1.030E-02  9.256E-03  6.610E-03
  403.5000  6.803E-03  8.840E-03  9.431E-03  8.474E-03  6.050E-03
  404.5000  6.674E-03  8.673E-03  9.252E-03  8.313E-03  5.935E-03
  405.5000  6.934E-03  9.011E-03  9.614E-03  8.637E-03  6.166E-03
  406.5000  6.530E-03  8.488E-03  9.055E-03  8.135E-03  5.807E-03
  407.5000  6.581E-03  8.556E-03  9.128E-03  8.200E-03  5.852E-03
  408.5000  7.327E-03  9.526E-03  1.016E-02  9.130E-03  6.514E-03
  409.5000  7.182E-03  9.338E-03  9.964E-03  8.950E-03  6.385E-03
  410.5000  6.228E-03  8.099E-03  8.642E-03  7.762E-03  5.537E-03
  411.5000  7.488E-03  9.739E-03  1.039E-02  9.333E-03  6.657E-03
  412.5000  7.425E-03  9.657E-03  1.030E-02  9.255E-03  6.600E-03
  413.5000  7.203E-03  9.370E-03  9.998E-03  8.979E-03  6.403E-03
  414.5000  7.403E-03  9.631E-03  1.028E-02  9.230E-03  6.580E-03
  415.5000  7.079E-03  9.210E-03  9.829E-03  8.826E-03  6.292E-03
  416.5000  7.701E-03  1.002E-02  1.069E-02  9.603E-03  6.845E-03
  417.5000  7.039E-03  9.161E-03  9.777E-03  8.778E-03  6.256E-03
  418.5000  7.095E-03  9.235E-03  9.856E-03  8.849E-03  6.306E-03
  419.5000  7.332E-03  9.544E-03  1.019E-02  9.145E-03  6.515E-03
------------------------------------------------------------
Dose rates, W m-2
   1 = UV-B, 280-315 nm                                  
   2 = UV-A, 315-400 nm                                  
   3 = Gaussian, 320 nm, 10 nm FWHM                      
   4 = RB Meter, model 501                               
   5 = DNA damage, in vitro (Setlow, 1974)               
   6 = UV index (WMO, 1994; Webb et al., 2011)           
   7 = Previtamin-D3 (CIE 2006)                          
values at z =      0.000 km
Columns: time, sza, weighting spectra
time, hrs.  sza, deg.          1          2          3          4          5          6          7
   11.0000     91.646  8.688E-04  2.756E-01  6.157E-04  3.334E-04  1.850E-06  9.502E-03  1.780E-04
   11.5000     91.238  1.075E-03  3.571E-01  7.953E-04  4.208E-04  2.308E-06  1.213E-02  2.197E-04
   12.0000     91.128  1.134E-03  3.808E-01  8.484E-04  4.460E-04  2.438E-06  1.290E-02  2.314E-04
   12.5000     91.317  1.039E-03  3.425E-01  7.621E-04  4.051E-04  2.228E-06  1.166E-02  2.124E-04
   13.0000     91.804  7.896E-04  2.455E-01  5.506E-04  3.007E-04  1.675E-06  8.522E-03  1.619E-04
------------------------------------------------------------
