Spectral Irradiance, W m-2 nm-1
values at z =      0.000 km
Columns: wavelength (nm), times (hrs.) or sza (deg.)
    wc, nm     11.000     11.500     12.000     12.500     13.000
    sza =      23.344     19.880     18.709     20.236     23.949
  280.5000  2.101E-13  4.005E-13  4.842E-13  3.769E-13  1.853E-13
  281.5000  5.436E-12  9.792E-12  1.164E-11  9.265E-12  4.846E-12
  282.5000  6.080E-11  1.043E-10  1.223E-10  9.918E-11  5.472E-11
  283.5000  2.644E-10  4.397E-10  5.107E-10  4.192E-10  2.394E-10
  284.5000  2.322E-09  3.646E-09  4.164E-09  3.495E-09  2.126E-09
  285.5000  7.250E-09  1.091E-08  1.231E-08  1.050E-08  6.694E-09
  286.5000  7.846E-08  1.143E-07  1.277E-07  1.103E-07  7.290E-08
  287.5000  4.081E-07  5.732E-07  6.336E-07  5.552E-07  3.819E-07
  288.5000  1.840E-06  2.485E-06  2.715E-06  2.415E-06  1.735E-06
  289.5000  9.358E-06  1.229E-05  1.332E-05  1.198E-05  8.874E-06
  290.5000  3.514E-05  4.506E-05  4.849E-05  4.402E-05  3.348E-05
  291.5000  1.028E-04  1.283E-04  1.370E-04  1.257E-04  9.844E-05
  292.5000  2.313E-04  2.824E-04  2.996E-04  2.772E-04  2.224E-04
  293.5000  6.258E-04  7.485E-04  7.892E-04  7.360E-04  6.043E-04
  294.5000  1.130E-03  1.329E-03  1.395E-03  1.295E-03  1.094E-03
  295.5000  2.686E-03  3.107E-03  3.244E-03  3.065E-03  2.610E-03
  296.5000  4.476E-03  5.105E-03  5.307E-03  5.042E-03  4.363E-03
  297.5000  8.239E-03  9.280E-03  9.611E-03  9.124E-03  8.051E-03
  298.5000  9.495E-03  1.058E-02  1.093E-02  1.047E-02  9.297E-03
  299.5000  2.051E-02  2.263E-02  2.330E-02  2.242E-02  2.012E-02
  300.5000  1.876E-02  2.054E-02  2.110E-02  2.037E-02  1.843E-02
  301.5000  3.628E-02  3.940E-02  4.037E-02  3.909E-02  3.570E-02
  302.5000  4.446E-02  4.802E-02  4.912E-02  4.767E-02  4.380E-02
  303.5000  7.437E-02  7.981E-02  8.149E-02  7.928E-02  7.336E-02
  304.5000  8.048E-02  8.604E-02  8.634E-02  8.550E-02  7.944E-02
  305.5000  1.046E-01  1.113E-01  1.133E-01  1.106E-01  1.034E-01
  306.5000  1.086E-01  1.152E-01  1.172E-01  1.145E-01  1.074E-01
  307.5000  1.547E-01  1.633E-01  1.660E-01  1.625E-01  1.531E-01
  308.5000  1.724E-01  1.817E-01  1.845E-01  1.808E-01  1.706E-01
  309.5000  1.507E-01  1.584E-01  1.607E-01  1.576E-01  1.493E-01
  310.5000  2.040E-01  2.139E-01  2.170E-01  2.130E-01  2.022E-01
  311.5000  2.615E-01  2.738E-01  2.776E-01  2.727E-01  2.592E-01
  312.5000  2.534E-01  2.646E-01  2.680E-01  2.635E-01  2.512E-01
  313.5000  2.869E-01  2.994E-01  3.033E-01  2.982E-01  2.845E-01
  314.5000  2.849E-01  2.967E-01  3.003E-01  2.955E-01  2.826E-01
  315.5000  2.939E-01  3.059E-01  3.096E-01  3.048E-01  2.916E-01
  316.5000  2.912E-01  3.026E-01  3.060E-01  3.015E-01  2.890E-01
  317.5000  4.117E-01  4.278E-01  4.327E-01  4.263E-01  4.086E-01
  318.5000  3.221E-01  3.343E-01  3.379E-01  3.331E-01  3.199E-01
  319.5000  3.926E-01  4.072E-01  4.117E-01  4.058E-01  3.899E-01
  320.5000  4.771E-01  4.947E-01  5.000E-01  4.930E-01  4.738E-01
  321.5000  4.030E-01  4.172E-01  4.215E-01  4.158E-01  4.003E-01
  322.5000  4.073E-01  4.221E-01  4.266E-01  4.207E-01  4.045E-01
  323.5000  4.166E-01  4.311E-01  4.354E-01  4.297E-01  4.139E-01
  324.5000  4.890E-01  5.059E-01  5.111E-01  5.043E-01  4.858E-01
  325.5000  5.486E-01  5.676E-01  5.734E-01  5.658E-01  5.450E-01
  326.5000  6.601E-01  6.823E-01  6.890E-01  6.801E-01  6.559E-01
  327.5000  6.158E-01  6.367E-01  6.430E-01  6.346E-01  6.118E-01
  328.5000  5.684E-01  5.877E-01  5.935E-01  5.858E-01  5.648E-01
  329.5000  7.332E-01  7.573E-01  7.646E-01  7.550E-01  7.286E-01
  330.5000  6.678E-01  6.900E-01  6.967E-01  6.879E-01  6.636E-01
  331.5000  6.601E-01  6.821E-01  6.887E-01  6.799E-01  6.560E-01
  332.5000  6.475E-01  6.685E-01  6.749E-01  6.665E-01  6.435E-01
  333.5000  6.093E-01  6.292E-01  6.353E-01  6.273E-01  6.055E-01
  334.5000  6.800E-01  7.021E-01  7.089E-01  7.000E-01  6.758E-01
  335.5000  6.878E-01  7.099E-01  7.167E-01  7.078E-01  6.836E-01
  336.5000  5.379E-01  5.552E-01  5.605E-01  5.535E-01  5.346E-01
  337.5000  5.911E-01  6.103E-01  6.161E-01  6.084E-01  5.875E-01
  338.5000  6.225E-01  6.424E-01  6.484E-01  6.405E-01  6.187E-01
  339.5000  6.763E-01  6.979E-01  7.045E-01  6.958E-01  6.722E-01
  340.5000  7.235E-01  7.466E-01  7.536E-01  7.444E-01  7.191E-01
  341.5000  6.417E-01  6.620E-01  6.682E-01  6.601E-01  6.378E-01
  342.5000  7.105E-01  7.330E-01  7.399E-01  7.309E-01  7.062E-01
  343.5000  7.381E-01  7.615E-01  7.686E-01  7.592E-01  7.337E-01
  344.5000  5.174E-01  5.338E-01  5.388E-01  5.322E-01  5.143E-01
  345.5000  7.079E-01  7.302E-01  7.370E-01  7.281E-01  7.037E-01
  346.5000  6.625E-01  6.834E-01  6.897E-01  6.814E-01  6.585E-01
  347.5000  6.471E-01  6.674E-01  6.736E-01  6.655E-01  6.432E-01
  348.5000  7.108E-01  7.331E-01  7.398E-01  7.309E-01  7.065E-01
  349.5000  5.955E-01  6.142E-01  6.198E-01  6.124E-01  5.920E-01
  350.5000  8.335E-01  8.595E-01  8.675E-01  8.570E-01  8.286E-01
  351.5000  7.182E-01  7.406E-01  7.475E-01  7.385E-01  7.140E-01
  352.5000  6.475E-01  6.677E-01  6.738E-01  6.657E-01  6.437E-01
  353.5000  7.791E-01  8.033E-01  8.107E-01  8.010E-01  7.745E-01
  354.5000  8.428E-01  8.690E-01  8.769E-01  8.665E-01  8.379E-01
  355.5000  7.874E-01  8.118E-01  8.192E-01  8.095E-01  7.828E-01
  356.5000  7.305E-01  7.531E-01  7.600E-01  7.509E-01  7.262E-01
  357.5000  6.210E-01  6.402E-01  6.460E-01  6.384E-01  6.174E-01
  358.5000  4.790E-01  4.938E-01  4.983E-01  4.924E-01  4.762E-01
  359.5000  8.060E-01  8.308E-01  8.383E-01  8.284E-01  8.013E-01
  360.5000  7.468E-01  7.698E-01  7.767E-01  7.676E-01  7.425E-01
  361.5000  6.731E-01  6.937E-01  7.000E-01  6.917E-01  6.692E-01
  362.5000  7.901E-01  8.143E-01  8.217E-01  8.120E-01  7.856E-01
  363.5000  7.027E-01  7.242E-01  7.307E-01  7.221E-01  6.986E-01
  364.5000  7.663E-01  7.897E-01  7.968E-01  7.875E-01  7.619E-01
  365.5000  9.335E-01  9.620E-01  9.706E-01  9.592E-01  9.281E-01
  366.5000  9.876E-01  1.018E+00  1.027E+00  1.015E+00  9.819E-01
  367.5000  9.374E-01  9.659E-01  9.746E-01  9.632E-01  9.320E-01
  368.5000  8.232E-01  8.482E-01  8.558E-01  8.458E-01  8.185E-01
  369.5000  9.872E-01  1.017E+00  1.026E+00  1.014E+00  9.815E-01
  370.5000  8.954E-01  9.225E-01  9.307E-01  9.199E-01  8.903E-01
  371.5000  1.024E+00  1.055E+00  1.065E+00  1.052E+00  1.018E+00
  372.5000  7.563E-01  7.792E-01  7.861E-01  7.770E-01  7.520E-01
  373.5000  6.835E-01  7.041E-01  7.103E-01  7.021E-01  6.796E-01
  374.5000  7.499E-01  7.725E-01  7.793E-01  7.703E-01  7.456E-01
  375.5000  8.459E-01  8.713E-01  8.790E-01  8.688E-01  8.410E-01
  376.5000  8.444E-01  8.698E-01  8.775E-01  8.673E-01  8.396E-01
  377.5000  1.005E+00  1.035E+00  1.045E+00  1.033E+00  9.996E-01
  378.5000  1.095E+00  1.128E+00  1.138E+00  1.125E+00  1.089E+00
  379.5000  8.102E-01  8.344E-01  8.418E-01  8.321E-01  8.056E-01
  380.5000  9.741E-01  1.003E+00  1.012E+00  1.000E+00  9.686E-01
  381.5000  9.151E-01  9.424E-01  9.507E-01  9.398E-01  9.100E-01
  382.5000  6.096E-01  6.278E-01  6.333E-01  6.260E-01  6.062E-01
  383.5000  5.352E-01  5.511E-01  5.559E-01  5.496E-01  5.322E-01
  384.5000  8.030E-01  8.268E-01  8.341E-01  8.245E-01  7.984E-01
  385.5000  7.942E-01  8.178E-01  8.249E-01  8.155E-01  7.898E-01
  386.5000  8.094E-01  8.334E-01  8.407E-01  8.311E-01  8.049E-01
  387.5000  7.521E-01  7.743E-01  7.811E-01  7.722E-01  7.478E-01
  388.5000  7.537E-01  7.759E-01  7.827E-01  7.738E-01  7.494E-01
  389.5000  9.502E-01  9.782E-01  9.868E-01  9.756E-01  9.449E-01
  390.5000  9.331E-01  9.606E-01  9.690E-01  9.580E-01  9.279E-01
  391.5000  1.107E+00  1.139E+00  1.149E+00  1.136E+00  1.101E+00
  392.5000  8.298E-01  8.542E-01  8.616E-01  8.518E-01  8.251E-01
  393.5000  3.607E-01  3.713E-01  3.745E-01  3.702E-01  3.587E-01
  394.5000  8.485E-01  8.734E-01  8.810E-01  8.710E-01  8.438E-01
  395.5000  1.092E+00  1.123E+00  1.133E+00  1.120E+00  1.085E+00
  396.5000  6.408E-01  6.596E-01  6.653E-01  6.578E-01  6.373E-01
  397.5000  7.393E-01  7.609E-01  7.675E-01  7.589E-01  7.352E-01
  398.5000  1.270E+00  1.307E+00  1.319E+00  1.304E+00  1.263E+00
  399.5000  1.321E+00  1.359E+00  1.371E+00  1.356E+00  1.314E+00
  400.5000  1.388E+00  1.429E+00  1.441E+00  1.425E+00  1.381E+00
  401.5000  1.428E+00  1.470E+00  1.482E+00  1.466E+00  1.420E+00
  402.5000  1.483E+00  1.526E+00  1.539E+00  1.521E+00  1.474E+00
  403.5000  1.357E+00  1.396E+00  1.408E+00  1.392E+00  1.349E+00
  404.5000  1.330E+00  1.369E+00  1.381E+00  1.365E+00  1.323E+00
  405.5000  1.382E+00  1.422E+00  1.434E+00  1.418E+00  1.374E+00
  406.5000  1.301E+00  1.339E+00  1.350E+00  1.335E+00  1.294E+00
  407.5000  1.312E+00  1.350E+00  1.361E+00  1.346E+00  1.305E+00
  408.5000  1.461E+00  1.503E+00  1.516E+00  1.499E+00  1.453E+00
  409.5000  1.432E+00  1.473E+00  1.486E+00  1.469E+00  1.424E+00
  410.5000  1.242E+00  1.277E+00  1.288E+00  1.274E+00  1.235E+00
  411.5000  1.492E+00  1.535E+00  1.548E+00  1.531E+00  1.484E+00
  412.5000  1.479E+00  1.521E+00  1.534E+00  1.517E+00  1.471E+00
  413.5000  1.434E+00  1.475E+00  1.488E+00  1.471E+00  1.426E+00
  414.5000  1.473E+00  1.516E+00  1.529E+00  1.512E+00  1.465E+00
  415.5000  1.409E+00  1.450E+00  1.462E+00  1.446E+00  1.402E+00
  416.5000  1.533E+00  1.577E+00  1.591E+00  1.573E+00  1.525E+00
  417.5000  1.402E+00  1.442E+00  1.454E+00  1.438E+00  1.394E+00
  418.5000  1.413E+00  1.453E+00  1.465E+00  1.449E+00  1.405E+00
  419.5000  1.459E+00  1.501E+00  1.513E+00  1.497E+00  1.451E+00
------------------------------------------------------------
Dose rates, W m-2
   1 = UV-B, 280-315 nm                                  
   2 = UV-A, 315-400 nm                                  
   3 = Gaussian, 320 nm, 10 nm FWHM                      
   4 = RB Meter, model 501                               
   5 = DNA damage, in vitro (Setlow, 1974)               
   6 = UV index (WMO, 1994; Webb et al., 2011)           
   7 = Previtamin-D3 (CIE 2006)                          
values at z =      0.000 km
Columns: time, sza, weighting spectra
time, hrs.  sza, deg.          1          2          3          4          5          6          7
   11.0000     23.344  2.284E+00  6.141E+01  4.028E-01  6.981E-01  9.582E-03  1.368E+01  6.883E-01
   11.5000     19.880  2.405E+00  6.332E+01  4.177E-01  7.395E-01  1.042E-02  1.456E+01  7.326E-01
   12.0000     18.709  2.441E+00  6.390E+01  4.223E-01  7.516E-01  1.067E-02  1.482E+01  7.454E-01
   12.5000     20.236  2.394E+00  6.314E+01  4.163E-01  7.354E-01  1.033E-02  1.447E+01  7.282E-01
   13.0000     23.949  2.261E+00  6.105E+01  4.000E-01  6.904E-01  9.429E-03  1.352E+01  6.800E-01
------------------------------------------------------------
