Spectral Irradiance, W m-2 nm-1
values at z =      0.000 km
Columns: wavelength (nm), times (hrs.) or sza (deg.)
    wc, nm     11.000     11.500     12.000     12.500     13.000
    sza =      22.031     17.978     16.502     18.241     22.462
  280.5000  1.023E-13  2.083E-13  2.588E-13  1.999E-13  9.387E-14
  281.5000  2.823E-12  5.401E-12  6.586E-12  5.203E-12  2.610E-12
  282.5000  3.339E-11  6.054E-11  7.262E-11  5.850E-11  3.107E-11
  283.5000  1.505E-10  2.636E-10  3.129E-10  2.552E-10  1.407E-10
  284.5000  1.412E-09  2.321E-09  2.702E-09  2.255E-09  1.330E-09
  285.5000  4.628E-09  7.260E-09  8.331E-09  7.073E-09  4.383E-09
  286.5000  5.199E-08  7.866E-08  8.928E-08  7.680E-08  4.945E-08
  287.5000  2.818E-07  4.041E-07  4.594E-07  3.802E-07  2.694E-07
  288.5000  1.329E-06  1.850E-06  2.047E-06  1.815E-06  1.277E-06
  289.5000  6.982E-06  9.421E-06  1.033E-05  9.259E-06  6.734E-06
  290.5000  2.693E-05  3.540E-05  3.849E-05  3.484E-05  2.606E-05
  291.5000  8.123E-05  1.037E-04  1.117E-04  1.022E-04  7.887E-05
  292.5000  1.874E-04  2.334E-04  2.496E-04  2.304E-04  1.825E-04
  293.5000  5.190E-04  6.318E-04  6.711E-04  6.247E-04  5.068E-04
  294.5000  9.542E-04  1.141E-03  1.205E-03  1.129E-03  9.339E-04
  295.5000  2.314E-03  2.714E-03  2.851E-03  2.689E-03  2.269E-03
  296.5000  3.919E-03  4.525E-03  4.730E-03  4.488E-03  3.851E-03
  297.5000  7.316E-03  8.332E-03  8.672E-03  8.270E-03  7.202E-03
  298.5000  8.532E-03  9.605E-03  9.960E-03  9.539E-03  8.411E-03
  299.5000  1.864E-02  2.075E-02  2.145E-02  2.062E-02  1.840E-02
  300.5000  1.720E-02  1.899E-02  1.957E-02  1.888E-02  1.699E-02
  301.5000  3.357E-02  3.644E-02  3.775E-02  3.653E-02  3.320E-02
  302.5000  4.138E-02  4.500E-02  4.617E-02  4.478E-02  4.096E-02
  303.5000  6.972E-02  7.528E-02  7.707E-02  7.494E-02  6.908E-02
  304.5000  7.575E-02  8.146E-02  8.330E-02  8.111E-02  7.509E-02
  305.5000  9.911E-02  1.059E-01  1.081E-01  1.055E-01  9.832E-02
  306.5000  1.031E-01  1.099E-01  1.121E-01  1.095E-01  1.023E-01
  307.5000  1.476E-01  1.566E-01  1.594E-01  1.560E-01  1.466E-01
  308.5000  1.648E-01  1.744E-01  1.775E-01  1.739E-01  1.637E-01
  309.5000  1.445E-01  1.525E-01  1.550E-01  1.520E-01  1.436E-01
  310.5000  1.962E-01  2.064E-01  2.097E-01  2.058E-01  1.949E-01
  311.5000  2.518E-01  2.646E-01  2.687E-01  2.639E-01  2.503E-01
  312.5000  2.446E-01  2.563E-01  2.600E-01  2.556E-01  2.432E-01
  313.5000  2.772E-01  2.902E-01  2.943E-01  2.894E-01  2.756E-01
  314.5000  2.758E-01  2.881E-01  2.920E-01  2.874E-01  2.744E-01
  315.5000  2.847E-01  2.972E-01  3.012E-01  2.965E-01  2.832E-01
  316.5000  2.825E-01  2.944E-01  2.982E-01  2.937E-01  2.811E-01
  317.5000  3.995E-01  4.163E-01  4.216E-01  4.153E-01  3.975E-01
  318.5000  3.131E-01  3.257E-01  3.297E-01  3.250E-01  3.116E-01
  319.5000  3.817E-01  3.970E-01  4.018E-01  3.961E-01  3.799E-01
  320.5000  4.640E-01  4.823E-01  4.881E-01  4.812E-01  4.618E-01
  321.5000  3.925E-01  4.073E-01  4.120E-01  4.064E-01  3.907E-01
  322.5000  3.962E-01  4.116E-01  4.165E-01  4.107E-01  3.944E-01
  323.5000  4.060E-01  4.211E-01  4.258E-01  4.201E-01  4.043E-01
  324.5000  4.765E-01  4.942E-01  4.997E-01  4.931E-01  4.744E-01
  325.5000  5.344E-01  5.543E-01  5.605E-01  5.531E-01  5.321E-01
  326.5000  6.438E-01  6.668E-01  6.742E-01  6.655E-01  6.411E-01
  327.5000  6.004E-01  6.221E-01  6.289E-01  6.208E-01  5.978E-01
  328.5000  5.542E-01  5.742E-01  5.805E-01  5.730E-01  5.518E-01
  329.5000  7.154E-01  7.405E-01  7.485E-01  7.390E-01  7.124E-01
  330.5000  6.514E-01  6.745E-01  6.817E-01  6.731E-01  6.487E-01
  331.5000  6.438E-01  6.666E-01  6.738E-01  6.652E-01  6.411E-01
  332.5000  6.318E-01  6.537E-01  6.607E-01  6.524E-01  6.292E-01
  333.5000  5.944E-01  6.151E-01  6.217E-01  6.139E-01  5.919E-01
  334.5000  6.634E-01  6.865E-01  6.937E-01  6.851E-01  6.607E-01
  335.5000  6.712E-01  6.942E-01  7.015E-01  6.929E-01  6.685E-01
  336.5000  5.248E-01  5.429E-01  5.486E-01  5.418E-01  5.227E-01
  337.5000  5.766E-01  5.966E-01  6.028E-01  5.954E-01  5.743E-01
  338.5000  6.074E-01  6.281E-01  6.347E-01  6.269E-01  6.049E-01
  339.5000  6.599E-01  6.824E-01  6.895E-01  6.811E-01  6.573E-01
  340.5000  7.058E-01  7.299E-01  7.375E-01  7.285E-01  7.030E-01
  341.5000  6.261E-01  6.473E-01  6.540E-01  6.460E-01  6.236E-01
  342.5000  6.933E-01  7.167E-01  7.241E-01  7.153E-01  6.905E-01
  343.5000  7.201E-01  7.445E-01  7.521E-01  7.430E-01  7.173E-01
  344.5000  5.048E-01  5.218E-01  5.272E-01  5.208E-01  5.028E-01
  345.5000  6.907E-01  7.139E-01  7.212E-01  7.125E-01  6.880E-01
  346.5000  6.463E-01  6.680E-01  6.749E-01  6.667E-01  6.437E-01
  347.5000  6.313E-01  6.524E-01  6.591E-01  6.511E-01  6.287E-01
  348.5000  6.934E-01  7.166E-01  7.239E-01  7.152E-01  6.906E-01
  349.5000  5.809E-01  6.003E-01  6.064E-01  5.992E-01  5.786E-01
  350.5000  8.130E-01  8.401E-01  8.487E-01  8.385E-01  8.098E-01
  351.5000  7.006E-01  7.239E-01  7.312E-01  7.225E-01  6.978E-01
  352.5000  6.316E-01  6.525E-01  6.592E-01  6.513E-01  6.291E-01
  353.5000  7.599E-01  7.851E-01  7.930E-01  7.836E-01  7.569E-01
  354.5000  8.221E-01  8.492E-01  8.578E-01  8.476E-01  8.188E-01
  355.5000  7.680E-01  7.933E-01  8.013E-01  7.918E-01  7.650E-01
  356.5000  7.125E-01  7.359E-01  7.434E-01  7.345E-01  7.097E-01
  357.5000  6.057E-01  6.256E-01  6.319E-01  6.244E-01  6.033E-01
  358.5000  4.672E-01  4.825E-01  4.874E-01  4.816E-01  4.654E-01
  359.5000  7.860E-01  8.117E-01  8.199E-01  8.102E-01  7.829E-01
  360.5000  7.283E-01  7.521E-01  7.596E-01  7.507E-01  7.254E-01
  361.5000  6.563E-01  6.778E-01  6.846E-01  6.765E-01  6.538E-01
  362.5000  7.705E-01  7.956E-01  8.035E-01  7.941E-01  7.675E-01
  363.5000  6.852E-01  7.075E-01  7.145E-01  7.061E-01  6.825E-01
  364.5000  7.472E-01  7.715E-01  7.791E-01  7.700E-01  7.443E-01
  365.5000  9.102E-01  9.397E-01  9.490E-01  9.379E-01  9.066E-01
  366.5000  9.629E-01  9.941E-01  1.004E+00  9.923E-01  9.592E-01
  367.5000  9.139E-01  9.435E-01  9.529E-01  9.417E-01  9.104E-01
  368.5000  8.026E-01  8.285E-01  8.367E-01  8.270E-01  7.995E-01
  369.5000  9.624E-01  9.935E-01  1.003E+00  9.916E-01  9.587E-01
  370.5000  8.729E-01  9.010E-01  9.099E-01  8.993E-01  8.696E-01
  371.5000  9.985E-01  1.031E+00  1.041E+00  1.029E+00  9.946E-01
  372.5000  7.373E-01  7.610E-01  7.685E-01  7.596E-01  7.345E-01
  373.5000  6.662E-01  6.876E-01  6.943E-01  6.863E-01  6.637E-01
  374.5000  7.310E-01  7.544E-01  7.618E-01  7.530E-01  7.282E-01
  375.5000  8.245E-01  8.508E-01  8.592E-01  8.493E-01  8.213E-01
  376.5000  8.231E-01  8.493E-01  8.576E-01  8.478E-01  8.199E-01
  377.5000  9.798E-01  1.011E+00  1.021E+00  1.009E+00  9.761E-01
  378.5000  1.068E+00  1.102E+00  1.112E+00  1.100E+00  1.064E+00
  379.5000  7.896E-01  8.147E-01  8.227E-01  8.132E-01  7.866E-01
  380.5000  9.493E-01  9.795E-01  9.890E-01  9.777E-01  9.458E-01
  381.5000  8.918E-01  9.201E-01  9.290E-01  9.184E-01  8.885E-01
  382.5000  5.941E-01  6.129E-01  6.189E-01  6.118E-01  5.918E-01
  383.5000  5.215E-01  5.380E-01  5.432E-01  5.370E-01  5.196E-01
  384.5000  7.825E-01  8.072E-01  8.150E-01  8.057E-01  7.795E-01
  385.5000  7.739E-01  7.984E-01  8.061E-01  7.969E-01  7.710E-01
  386.5000  7.887E-01  8.135E-01  8.214E-01  8.121E-01  7.857E-01
  387.5000  7.328E-01  7.559E-01  7.631E-01  7.545E-01  7.300E-01
  388.5000  7.343E-01  7.574E-01  7.647E-01  7.560E-01  7.316E-01
  389.5000  9.258E-01  9.549E-01  9.640E-01  9.531E-01  9.223E-01
  390.5000  9.091E-01  9.376E-01  9.466E-01  9.359E-01  9.057E-01
  391.5000  1.078E+00  1.112E+00  1.123E+00  1.110E+00  1.074E+00
  392.5000  8.084E-01  8.337E-01  8.416E-01  8.322E-01  8.054E-01
  393.5000  3.514E-01  3.623E-01  3.658E-01  3.617E-01  3.501E-01
  394.5000  8.266E-01  8.524E-01  8.605E-01  8.509E-01  8.235E-01
  395.5000  1.063E+00  1.096E+00  1.107E+00  1.094E+00  1.059E+00
  396.5000  6.242E-01  6.437E-01  6.498E-01  6.425E-01  6.219E-01
  397.5000  7.202E-01  7.426E-01  7.496E-01  7.412E-01  7.175E-01
  398.5000  1.237E+00  1.276E+00  1.288E+00  1.273E+00  1.233E+00
  399.5000  1.287E+00  1.327E+00  1.339E+00  1.324E+00  1.282E+00
  400.5000  1.352E+00  1.394E+00  1.408E+00  1.392E+00  1.347E+00
  401.5000  1.391E+00  1.434E+00  1.448E+00  1.432E+00  1.386E+00
  402.5000  1.444E+00  1.489E+00  1.503E+00  1.486E+00  1.439E+00
  403.5000  1.321E+00  1.362E+00  1.375E+00  1.360E+00  1.317E+00
  404.5000  1.296E+00  1.336E+00  1.348E+00  1.333E+00  1.291E+00
  405.5000  1.346E+00  1.387E+00  1.400E+00  1.385E+00  1.341E+00
  406.5000  1.267E+00  1.306E+00  1.319E+00  1.304E+00  1.263E+00
  407.5000  1.278E+00  1.317E+00  1.329E+00  1.314E+00  1.273E+00
  408.5000  1.423E+00  1.466E+00  1.480E+00  1.464E+00  1.417E+00
  409.5000  1.394E+00  1.437E+00  1.451E+00  1.435E+00  1.389E+00
  410.5000  1.209E+00  1.246E+00  1.258E+00  1.244E+00  1.205E+00
  411.5000  1.453E+00  1.497E+00  1.511E+00  1.495E+00  1.448E+00
  412.5000  1.440E+00  1.484E+00  1.498E+00  1.481E+00  1.435E+00
  413.5000  1.396E+00  1.439E+00  1.452E+00  1.436E+00  1.391E+00
  414.5000  1.435E+00  1.479E+00  1.492E+00  1.476E+00  1.430E+00
  415.5000  1.372E+00  1.414E+00  1.427E+00  1.411E+00  1.367E+00
  416.5000  1.493E+00  1.539E+00  1.553E+00  1.536E+00  1.488E+00
  417.5000  1.365E+00  1.406E+00  1.419E+00  1.404E+00  1.360E+00
  418.5000  1.375E+00  1.417E+00  1.430E+00  1.415E+00  1.370E+00
  419.5000  1.420E+00  1.463E+00  1.477E+00  1.461E+00  1.415E+00
------------------------------------------------------------
Dose rates, W m-2
   1 = UV-B, 280-315 nm                                  
   2 = UV-A, 315-400 nm                                  
   3 = Gaussian, 320 nm, 10 nm FWHM                      
   4 = RB Meter, model 501                               
   5 = DNA damage, in vitro (Setlow, 1974)               
   6 = UV index (WMO, 1994; Webb et al., 2011)           
   7 = Previtamin-D3 (CIE 2006)                          
values at z =      0.000 km
Columns: time, sza, weighting spectra
time, hrs.  sza, deg.          1          2          3          4          5          6          7
   11.0000     22.031  2.185E+00  5.986E+01  3.917E-01  6.639E-01  8.863E-03  1.295E+01  6.512E-01
   11.5000     17.978  2.310E+00  6.184E+01  4.072E-01  7.061E-01  9.688E-03  1.384E+01  6.963E-01
   12.0000     16.502  2.351E+00  6.247E+01  4.121E-01  7.200E-01  9.968E-03  1.413E+01  7.111E-01
   12.5000     18.241  2.303E+00  6.172E+01  4.063E-01  7.038E-01  9.643E-03  1.379E+01  6.938E-01
   13.0000     22.462  2.170E+00  5.962E+01  3.899E-01  6.590E-01  8.768E-03  1.285E+01  6.460E-01
------------------------------------------------------------
