Spectral Irradiance, W m-2 nm-1
values at z =      0.000 km
Columns: wavelength (nm), times (hrs.) or sza (deg.)
    wc, nm     11.000     11.500     12.000     12.500     13.000
    sza =      91.374     90.838     90.646     90.803     91.305
  280.5000  9.072E-27  1.146E-26  1.224E-26  1.160E-26  9.303E-27
  281.5000  1.872E-24  2.363E-24  2.521E-24  2.391E-24  1.919E-24
  282.5000  1.248E-22  1.574E-22  1.680E-22  1.593E-22  1.280E-22
  283.5000  1.723E-21  2.172E-21  2.317E-21  2.197E-21  1.766E-21
  284.5000  1.266E-19  1.594E-19  1.700E-19  1.612E-19  1.298E-19
  285.5000  1.906E-18  2.398E-18  2.555E-18  2.425E-18  1.954E-18
  286.5000  6.913E-17  8.686E-17  9.255E-17  8.784E-17  7.085E-17
  287.5000  1.384E-15  1.737E-15  1.850E-15  1.756E-15  1.418E-15
  288.5000  2.723E-14  3.412E-14  3.632E-14  3.450E-14  2.790E-14
  289.5000  3.985E-13  4.988E-13  5.309E-13  5.044E-13  4.082E-13
  290.5000  3.645E-12  4.558E-12  4.850E-12  4.609E-12  3.734E-12
  291.5000  2.946E-11  3.679E-11  3.913E-11  3.719E-11  3.016E-11
  292.5000  1.531E-10  1.910E-10  2.031E-10  1.931E-10  1.567E-10
  293.5000  9.152E-10  1.141E-09  1.213E-09  1.154E-09  9.370E-10
  294.5000  3.090E-09  3.851E-09  4.094E-09  3.893E-09  3.164E-09
  295.5000  1.438E-08  1.792E-08  1.905E-08  1.811E-08  1.472E-08
  296.5000  4.221E-08  5.257E-08  5.590E-08  5.314E-08  4.321E-08
  297.5000  1.283E-07  1.598E-07  1.700E-07  1.616E-07  1.314E-07
  298.5000  2.274E-07  2.833E-07  3.015E-07  2.868E-07  2.328E-07
  299.5000  7.410E-07  9.241E-07  9.836E-07  9.350E-07  7.586E-07
  300.5000  9.366E-07  1.169E-06  1.245E-06  1.182E-06  9.590E-07
  301.5000  2.595E-06  3.246E-06  3.458E-06  3.282E-06  2.657E-06
  302.5000  4.050E-06  5.071E-06  5.409E-06  5.130E-06  4.148E-06
  303.5000  9.122E-06  1.145E-05  1.223E-05  1.158E-05  9.346E-06
  304.5000  1.178E-05  1.482E-05  1.583E-05  1.499E-05  1.207E-05
  305.5000  2.020E-05  2.550E-05  2.729E-05  2.581E-05  2.071E-05
  306.5000  2.370E-05  2.998E-05  3.211E-05  3.034E-05  2.431E-05
  307.5000  4.340E-05  5.518E-05  5.923E-05  5.587E-05  4.454E-05
  308.5000  5.358E-05  6.829E-05  7.337E-05  6.916E-05  5.500E-05
  309.5000  5.650E-05  7.238E-05  7.794E-05  7.334E-05  5.803E-05
  310.5000  8.868E-05  1.142E-04  1.232E-04  1.157E-04  9.115E-05
  311.5000  1.258E-04  1.626E-04  1.757E-04  1.649E-04  1.294E-04
  312.5000  1.501E-04  1.958E-04  2.124E-04  1.987E-04  1.546E-04
  313.5000  1.796E-04  2.348E-04  2.548E-04  2.382E-04  1.850E-04
  314.5000  2.220E-04  2.934E-04  3.198E-04  2.979E-04  2.289E-04
  315.5000  2.394E-04  3.170E-04  3.456E-04  3.219E-04  2.470E-04
  316.5000  2.946E-04  3.946E-04  4.322E-04  4.011E-04  3.043E-04
  317.5000  4.174E-04  5.588E-04  6.119E-04  5.679E-04  4.311E-04
  318.5000  4.199E-04  5.700E-04  6.272E-04  5.797E-04  4.345E-04
  319.5000  5.426E-04  7.381E-04  8.128E-04  7.509E-04  5.617E-04
  320.5000  7.057E-04  9.634E-04  1.062E-03  9.803E-04  7.308E-04
  321.5000  8.479E-04  1.172E-03  1.297E-03  1.194E-03  8.796E-04
  322.5000  6.441E-04  8.816E-04  9.729E-04  8.972E-04  6.672E-04
  323.5000  1.061E-03  1.472E-03  1.630E-03  1.499E-03  1.101E-03
  324.5000  1.219E-03  1.691E-03  1.872E-03  1.722E-03  1.265E-03
  325.5000  1.266E-03  1.754E-03  1.942E-03  1.786E-03  1.313E-03
  326.5000  2.333E-03  3.233E-03  3.574E-03  3.292E-03  2.421E-03
  327.5000  1.871E-03  2.596E-03  2.873E-03  2.644E-03  1.942E-03
  328.5000  1.724E-03  2.395E-03  2.652E-03  2.439E-03  1.790E-03
  329.5000  3.237E-03  4.461E-03  4.917E-03  4.539E-03  3.357E-03
  330.5000  2.498E-03  3.459E-03  3.822E-03  3.521E-03  2.592E-03
  331.5000  2.384E-03  3.305E-03  3.654E-03  3.365E-03  2.474E-03
  332.5000  3.139E-03  4.311E-03  4.744E-03  4.385E-03  3.253E-03
  333.5000  2.587E-03  3.572E-03  3.940E-03  3.635E-03  2.683E-03
  334.5000  3.085E-03  4.251E-03  4.684E-03  4.325E-03  3.199E-03
  335.5000  3.639E-03  4.980E-03  5.471E-03  5.064E-03  3.769E-03
  336.5000  2.718E-03  3.728E-03  4.100E-03  3.791E-03  2.816E-03
  337.5000  2.681E-03  3.695E-03  4.073E-03  3.760E-03  2.780E-03
  338.5000  3.324E-03  4.548E-03  4.997E-03  4.625E-03  3.443E-03
  339.5000  3.695E-03  5.052E-03  5.547E-03  5.137E-03  3.826E-03
  340.5000  3.716E-03  5.097E-03  5.605E-03  5.184E-03  3.850E-03
  341.5000  3.599E-03  4.914E-03  5.393E-03  4.996E-03  3.726E-03
  342.5000  4.052E-03  5.528E-03  6.066E-03  5.621E-03  4.195E-03
  343.5000  4.083E-03  5.582E-03  6.129E-03  5.675E-03  4.228E-03
  344.5000  2.768E-03  3.791E-03  4.166E-03  3.855E-03  2.867E-03
  345.5000  4.137E-03  5.639E-03  6.184E-03  5.732E-03  4.282E-03
  346.5000  3.669E-03  5.018E-03  5.511E-03  5.102E-03  3.800E-03
  347.5000  3.608E-03  4.933E-03  5.417E-03  5.016E-03  3.736E-03
  348.5000  4.042E-03  5.522E-03  6.061E-03  5.614E-03  4.186E-03
  349.5000  3.379E-03  4.617E-03  5.068E-03  4.694E-03  3.499E-03
  350.5000  4.753E-03  6.493E-03  7.127E-03  6.602E-03  4.921E-03
  351.5000  4.066E-03  5.559E-03  6.103E-03  5.652E-03  4.211E-03
  352.5000  3.691E-03  5.045E-03  5.538E-03  5.129E-03  3.822E-03
  353.5000  4.488E-03  6.131E-03  6.729E-03  6.234E-03  4.647E-03
  354.5000  4.899E-03  6.690E-03  7.341E-03  6.801E-03  5.072E-03
  355.5000  4.583E-03  6.258E-03  6.867E-03  6.362E-03  4.744E-03
  356.5000  4.250E-03  5.805E-03  6.371E-03  5.902E-03  4.401E-03
  357.5000  3.608E-03  4.929E-03  5.410E-03  5.012E-03  3.736E-03
  358.5000  2.796E-03  3.820E-03  4.192E-03  3.884E-03  2.895E-03
  359.5000  4.706E-03  6.430E-03  7.057E-03  6.537E-03  4.873E-03
  360.5000  4.365E-03  5.964E-03  6.546E-03  6.064E-03  4.519E-03
  361.5000  3.947E-03  5.393E-03  5.919E-03  5.483E-03  4.087E-03
  362.5000  4.644E-03  6.344E-03  6.963E-03  6.450E-03  4.808E-03
  363.5000  4.134E-03  5.648E-03  6.199E-03  5.743E-03  4.280E-03
  364.5000  4.506E-03  6.159E-03  6.759E-03  6.262E-03  4.666E-03
  365.5000  5.484E-03  7.496E-03  8.228E-03  7.621E-03  5.678E-03
  366.5000  5.813E-03  7.946E-03  8.722E-03  8.079E-03  6.019E-03
  367.5000  5.528E-03  7.557E-03  8.295E-03  7.683E-03  5.724E-03
  368.5000  4.856E-03  6.639E-03  7.288E-03  6.751E-03  5.028E-03
  369.5000  5.826E-03  7.966E-03  8.745E-03  8.100E-03  6.033E-03
  370.5000  5.286E-03  7.229E-03  7.935E-03  7.350E-03  5.473E-03
  371.5000  6.050E-03  8.275E-03  9.085E-03  8.414E-03  6.265E-03
  372.5000  4.471E-03  6.116E-03  6.714E-03  6.219E-03  4.630E-03
  373.5000  4.040E-03  5.527E-03  6.068E-03  5.620E-03  4.184E-03
  374.5000  4.433E-03  6.066E-03  6.660E-03  6.168E-03  4.591E-03
  375.5000  5.004E-03  6.848E-03  7.519E-03  6.963E-03  5.182E-03
  376.5000  4.998E-03  6.841E-03  7.512E-03  6.956E-03  5.177E-03
  377.5000  5.953E-03  8.149E-03  8.948E-03  8.286E-03  6.166E-03
  378.5000  6.488E-03  8.882E-03  9.754E-03  9.032E-03  6.720E-03
  379.5000  4.799E-03  6.571E-03  7.217E-03  6.682E-03  4.971E-03
  380.5000  5.773E-03  7.905E-03  8.682E-03  8.038E-03  5.979E-03
  381.5000  5.426E-03  7.431E-03  8.161E-03  7.556E-03  5.620E-03
  382.5000  3.615E-03  4.952E-03  5.439E-03  5.036E-03  3.745E-03
  383.5000  3.175E-03  4.349E-03  4.777E-03  4.422E-03  3.288E-03
  384.5000  4.765E-03  6.528E-03  7.171E-03  6.638E-03  4.935E-03
  385.5000  4.715E-03  6.461E-03  7.097E-03  6.570E-03  4.884E-03
  386.5000  4.806E-03  6.587E-03  7.236E-03  6.698E-03  4.979E-03
  387.5000  4.467E-03  6.123E-03  6.726E-03  6.226E-03  4.627E-03
  388.5000  4.477E-03  6.138E-03  6.743E-03  6.241E-03  4.638E-03
  389.5000  5.647E-03  7.742E-03  8.505E-03  7.872E-03  5.849E-03
  390.5000  5.547E-03  7.606E-03  8.356E-03  7.735E-03  5.746E-03
  391.5000  6.582E-03  9.026E-03  9.917E-03  9.178E-03  6.818E-03
  392.5000  4.936E-03  6.769E-03  7.438E-03  6.884E-03  5.113E-03
  393.5000  2.146E-03  2.943E-03  3.234E-03  2.993E-03  2.223E-03
  394.5000  5.049E-03  6.927E-03  7.611E-03  7.044E-03  5.231E-03
  395.5000  6.496E-03  8.914E-03  9.795E-03  9.065E-03  6.730E-03
  396.5000  3.815E-03  5.236E-03  5.754E-03  5.324E-03  3.953E-03
  397.5000  4.404E-03  6.044E-03  6.642E-03  6.146E-03  4.563E-03
  398.5000  7.569E-03  1.039E-02  1.142E-02  1.056E-02  7.842E-03
  399.5000  7.873E-03  1.081E-02  1.188E-02  1.099E-02  8.158E-03
  400.5000  8.277E-03  1.136E-02  1.249E-02  1.156E-02  8.576E-03
  401.5000  8.516E-03  1.169E-02  1.285E-02  1.189E-02  8.824E-03
  402.5000  8.841E-03  1.214E-02  1.335E-02  1.235E-02  9.161E-03
  403.5000  8.093E-03  1.112E-02  1.222E-02  1.131E-02  8.387E-03
  404.5000  7.940E-03  1.091E-02  1.199E-02  1.109E-02  8.228E-03
  405.5000  8.249E-03  1.133E-02  1.246E-02  1.153E-02  8.549E-03
  406.5000  7.770E-03  1.068E-02  1.174E-02  1.086E-02  8.052E-03
  407.5000  7.832E-03  1.076E-02  1.183E-02  1.095E-02  8.116E-03
  408.5000  8.720E-03  1.198E-02  1.318E-02  1.219E-02  9.037E-03
  409.5000  8.547E-03  1.175E-02  1.292E-02  1.195E-02  8.858E-03
  410.5000  7.413E-03  1.019E-02  1.121E-02  1.037E-02  7.683E-03
  411.5000  8.913E-03  1.226E-02  1.348E-02  1.246E-02  9.238E-03
  412.5000  8.838E-03  1.215E-02  1.336E-02  1.236E-02  9.160E-03
  413.5000  8.575E-03  1.179E-02  1.297E-02  1.199E-02  8.888E-03
  414.5000  8.814E-03  1.212E-02  1.333E-02  1.233E-02  9.136E-03
  415.5000  8.429E-03  1.159E-02  1.275E-02  1.179E-02  8.736E-03
  416.5000  9.170E-03  1.262E-02  1.388E-02  1.283E-02  9.505E-03
  417.5000  8.383E-03  1.153E-02  1.269E-02  1.173E-02  8.689E-03
  418.5000  8.450E-03  1.163E-02  1.279E-02  1.183E-02  8.760E-03
  419.5000  8.733E-03  1.202E-02  1.322E-02  1.222E-02  9.052E-03
------------------------------------------------------------
Dose rates, W m-2
   1 = UV-B, 280-315 nm                                  
   2 = UV-A, 315-400 nm                                  
   3 = Gaussian, 320 nm, 10 nm FWHM                      
   4 = RB Meter, model 501                               
   5 = DNA damage, in vitro (Setlow, 1974)               
   6 = UV index (WMO, 1994; Webb et al., 2011)           
   7 = Previtamin-D3 (CIE 2006)                          
values at z =      0.000 km
Columns: time, sza, weighting spectra
time, hrs.  sza, deg.          1          2          3          4          5          6          7
   11.0000     91.374  9.932E-04  3.274E-01  7.277E-04  3.870E-04  2.124E-06  1.114E-02  2.028E-04
   11.5000     90.838  1.289E-03  4.484E-01  9.989E-04  5.152E-04  2.783E-06  1.503E-02  2.621E-04
   12.0000     90.646  1.395E-03  4.926E-01  1.103E-03  5.624E-04  3.018E-06  1.645E-02  2.832E-04
   12.5000     90.803  1.308E-03  4.560E-01  1.017E-03  5.233E-04  2.823E-06  1.527E-02  2.657E-04
   13.0000     91.305  1.022E-03  3.391E-01  7.542E-04  3.994E-04  2.188E-06  1.152E-02  2.085E-04
------------------------------------------------------------
