Spectral Irradiance, W m-2 nm-1
values at z =      0.000 km
Columns: wavelength (nm), times (hrs.) or sza (deg.)
    wc, nm     11.000     11.500     12.000     12.500     13.000
    sza =      18.941     15.761     15.798     19.034     24.220
  280.5000  3.202E-13  5.082E-13  5.058E-13  3.154E-13  1.184E-13
  281.5000  7.977E-12  1.216E-11  1.211E-11  7.870E-12  3.218E-12
  282.5000  8.640E-11  1.272E-10  1.267E-10  8.533E-11  3.756E-11
  283.5000  3.679E-10  5.298E-10  5.278E-10  3.636E-10  1.679E-10
  284.5000  3.111E-09  4.298E-09  4.284E-09  3.079E-09  1.551E-09
  285.5000  9.442E-09  1.266E-08  1.262E-08  9.353E-09  5.027E-09
  286.5000  9.998E-08  1.309E-07  1.306E-07  9.912E-08  5.599E-08
  287.5000  5.076E-07  6.478E-07  6.462E-07  5.037E-07  3.006E-07
  288.5000  2.230E-06  2.766E-06  2.760E-06  2.214E-06  1.403E-06
  289.5000  1.113E-05  1.354E-05  1.351E-05  1.106E-05  7.317E-06
  290.5000  4.115E-05  4.919E-05  4.910E-05  4.092E-05  2.805E-05
  291.5000  1.183E-04  1.387E-04  1.384E-04  1.177E-04  8.403E-05
  292.5000  2.622E-04  3.027E-04  3.023E-04  2.610E-04  1.928E-04
  293.5000  6.999E-04  7.960E-04  7.949E-04  6.970E-04  5.311E-04
  294.5000  1.250E-03  1.405E-03  1.403E-03  1.245E-03  9.726E-04
  295.5000  2.938E-03  3.263E-03  3.259E-03  2.928E-03  2.348E-03
  296.5000  4.851E-03  5.332E-03  5.327E-03  4.837E-03  3.963E-03
  297.5000  8.856E-03  9.647E-03  9.638E-03  8.832E-03  7.376E-03
  298.5000  1.014E-02  1.096E-02  1.095E-02  1.011E-02  8.581E-03
  299.5000  2.175E-02  2.334E-02  2.333E-02  2.170E-02  1.870E-02
  300.5000  1.980E-02  2.113E-02  2.112E-02  1.976E-02  1.722E-02
  301.5000  3.808E-02  4.041E-02  4.038E-02  3.801E-02  3.355E-02
  302.5000  4.649E-02  4.914E-02  4.911E-02  4.641E-02  4.131E-02
  303.5000  7.745E-02  8.149E-02  8.144E-02  7.732E-02  6.950E-02
  304.5000  8.361E-02  8.773E-02  8.769E-02  8.347E-02  7.546E-02
  305.5000  1.083E-01  1.132E-01  1.132E-01  1.082E-01  9.861E-02
  306.5000  1.122E-01  1.171E-01  1.170E-01  1.121E-01  1.025E-01
  307.5000  1.594E-01  1.658E-01  1.657E-01  1.592E-01  1.467E-01
  308.5000  1.774E-01  1.843E-01  1.842E-01  1.772E-01  1.637E-01
  309.5000  1.548E-01  1.604E-01  1.604E-01  1.546E-01  1.435E-01
  310.5000  2.093E-01  2.165E-01  2.165E-01  2.090E-01  1.946E-01
  311.5000  2.680E-01  2.770E-01  2.769E-01  2.677E-01  2.498E-01
  312.5000  2.592E-01  2.661E-01  2.668E-01  2.589E-01  2.425E-01
  313.5000  2.933E-01  3.025E-01  3.025E-01  2.931E-01  2.748E-01
  314.5000  2.909E-01  2.977E-01  2.984E-01  2.906E-01  2.734E-01
  315.5000  3.000E-01  3.088E-01  3.087E-01  2.997E-01  2.821E-01
  316.5000  2.969E-01  3.052E-01  3.052E-01  2.966E-01  2.799E-01
  317.5000  4.197E-01  4.315E-01  4.314E-01  4.194E-01  3.958E-01
  318.5000  3.281E-01  3.358E-01  3.364E-01  3.278E-01  3.102E-01
  319.5000  3.998E-01  4.105E-01  4.104E-01  3.995E-01  3.781E-01
  320.5000  4.857E-01  4.985E-01  4.984E-01  4.853E-01  4.596E-01
  321.5000  4.098E-01  4.202E-01  4.201E-01  4.095E-01  3.887E-01
  322.5000  4.145E-01  4.253E-01  4.252E-01  4.141E-01  3.925E-01
  323.5000  4.235E-01  4.341E-01  4.340E-01  4.232E-01  4.021E-01
  324.5000  4.971E-01  5.095E-01  5.093E-01  4.967E-01  4.720E-01
  325.5000  5.577E-01  5.716E-01  5.715E-01  5.572E-01  5.294E-01
  326.5000  6.705E-01  6.867E-01  6.866E-01  6.700E-01  6.376E-01
  327.5000  6.256E-01  6.409E-01  6.407E-01  6.252E-01  5.947E-01
  328.5000  5.775E-01  5.915E-01  5.914E-01  5.770E-01  5.490E-01
  329.5000  7.444E-01  7.620E-01  7.618E-01  7.439E-01  7.086E-01
  330.5000  6.781E-01  6.944E-01  6.943E-01  6.777E-01  6.453E-01
  331.5000  6.703E-01  6.863E-01  6.861E-01  6.694E-01  6.378E-01
  332.5000  6.572E-01  6.725E-01  6.724E-01  6.567E-01  6.259E-01
  333.5000  6.185E-01  6.330E-01  6.329E-01  6.180E-01  5.889E-01
  334.5000  6.902E-01  7.063E-01  7.062E-01  6.897E-01  6.573E-01
  335.5000  6.979E-01  7.140E-01  7.139E-01  6.974E-01  6.650E-01
  336.5000  5.458E-01  5.584E-01  5.583E-01  5.454E-01  5.200E-01
  337.5000  5.998E-01  6.138E-01  6.137E-01  5.994E-01  5.714E-01
  338.5000  6.315E-01  6.460E-01  6.459E-01  6.310E-01  6.019E-01
  339.5000  6.860E-01  7.018E-01  7.016E-01  6.856E-01  6.540E-01
  340.5000  7.339E-01  7.508E-01  7.506E-01  7.334E-01  6.995E-01
  341.5000  6.508E-01  6.657E-01  6.655E-01  6.503E-01  6.205E-01
  342.5000  7.206E-01  7.370E-01  7.368E-01  7.201E-01  6.871E-01
  343.5000  7.485E-01  7.656E-01  7.654E-01  7.480E-01  7.138E-01
  344.5000  5.247E-01  5.367E-01  5.366E-01  5.244E-01  5.004E-01
  345.5000  7.178E-01  7.341E-01  7.339E-01  7.173E-01  6.847E-01
  346.5000  6.717E-01  6.870E-01  6.868E-01  6.713E-01  6.407E-01
  347.5000  6.560E-01  6.709E-01  6.708E-01  6.556E-01  6.258E-01
  348.5000  7.206E-01  7.368E-01  7.367E-01  7.201E-01  6.875E-01
  349.5000  6.037E-01  6.173E-01  6.172E-01  6.033E-01  5.760E-01
  350.5000  8.449E-01  8.639E-01  8.637E-01  8.443E-01  8.062E-01
  351.5000  7.280E-01  7.444E-01  7.442E-01  7.275E-01  6.947E-01
  352.5000  6.563E-01  6.710E-01  6.708E-01  6.558E-01  6.263E-01
  353.5000  7.896E-01  8.073E-01  8.071E-01  7.890E-01  7.536E-01
  354.5000  8.541E-01  8.732E-01  8.730E-01  8.536E-01  8.153E-01
  355.5000  7.979E-01  8.157E-01  8.155E-01  7.974E-01  7.617E-01
  356.5000  7.402E-01  7.567E-01  7.565E-01  7.397E-01  7.067E-01
  357.5000  6.292E-01  6.432E-01  6.431E-01  6.288E-01  6.008E-01
  358.5000  4.854E-01  4.961E-01  4.960E-01  4.850E-01  4.634E-01
  359.5000  8.165E-01  8.346E-01  8.345E-01  8.160E-01  7.797E-01
  360.5000  7.566E-01  7.733E-01  7.732E-01  7.561E-01  7.225E-01
  361.5000  6.818E-01  6.969E-01  6.967E-01  6.814E-01  6.512E-01
  362.5000  8.004E-01  8.180E-01  8.179E-01  7.998E-01  7.644E-01
  363.5000  7.117E-01  7.274E-01  7.273E-01  7.113E-01  6.798E-01
  364.5000  7.762E-01  7.932E-01  7.930E-01  7.756E-01  7.414E-01
  365.5000  9.454E-01  9.662E-01  9.660E-01  9.448E-01  9.031E-01
  366.5000  1.000E+00  1.022E+00  1.022E+00  9.995E-01  9.555E-01
  367.5000  9.493E-01  9.701E-01  9.699E-01  9.487E-01  9.070E-01
  368.5000  8.337E-01  8.519E-01  8.517E-01  8.331E-01  7.965E-01
  369.5000  9.996E-01  1.021E+00  1.021E+00  9.990E-01  9.552E-01
  370.5000  9.066E-01  9.264E-01  9.262E-01  9.060E-01  8.664E-01
  371.5000  1.037E+00  1.060E+00  1.059E+00  1.036E+00  9.910E-01
  372.5000  7.658E-01  7.824E-01  7.822E-01  7.653E-01  7.318E-01
  373.5000  6.919E-01  7.069E-01  7.068E-01  6.915E-01  6.613E-01
  374.5000  7.592E-01  7.756E-01  7.755E-01  7.587E-01  7.257E-01
  375.5000  8.563E-01  8.748E-01  8.746E-01  8.557E-01  8.185E-01
  376.5000  8.548E-01  8.733E-01  8.731E-01  8.542E-01  8.171E-01
  377.5000  1.018E+00  1.040E+00  1.039E+00  1.017E+00  9.728E-01
  378.5000  1.109E+00  1.133E+00  1.132E+00  1.108E+00  1.060E+00
  379.5000  8.200E-01  8.377E-01  8.375E-01  8.195E-01  7.840E-01
  380.5000  9.859E-01  1.007E+00  1.007E+00  9.852E-01  9.427E-01
  381.5000  9.261E-01  9.460E-01  9.458E-01  9.255E-01  8.856E-01
  382.5000  6.169E-01  6.302E-01  6.300E-01  6.165E-01  5.900E-01
  383.5000  5.416E-01  5.532E-01  5.531E-01  5.412E-01  5.179E-01
  384.5000  8.125E-01  8.299E-01  8.297E-01  8.120E-01  7.771E-01
  385.5000  8.036E-01  8.208E-01  8.206E-01  8.031E-01  7.687E-01
  386.5000  8.190E-01  8.364E-01  8.363E-01  8.184E-01  7.833E-01
  387.5000  7.609E-01  7.771E-01  7.770E-01  7.604E-01  7.279E-01
  388.5000  7.625E-01  7.787E-01  7.785E-01  7.620E-01  7.294E-01
  389.5000  9.613E-01  9.817E-01  9.815E-01  9.607E-01  9.196E-01
  390.5000  9.440E-01  9.640E-01  9.638E-01  9.434E-01  9.031E-01
  391.5000  1.120E+00  1.143E+00  1.143E+00  1.119E+00  1.071E+00
  392.5000  8.393E-01  8.571E-01  8.569E-01  8.388E-01  8.031E-01
  393.5000  3.648E-01  3.725E-01  3.725E-01  3.646E-01  3.491E-01
  394.5000  8.582E-01  8.764E-01  8.762E-01  8.577E-01  8.213E-01
  395.5000  1.104E+00  1.127E+00  1.127E+00  1.103E+00  1.056E+00
  396.5000  6.481E-01  6.618E-01  6.616E-01  6.477E-01  6.203E-01
  397.5000  7.477E-01  7.635E-01  7.633E-01  7.472E-01  7.156E-01
  398.5000  1.285E+00  1.312E+00  1.311E+00  1.284E+00  1.229E+00
  399.5000  1.336E+00  1.364E+00  1.364E+00  1.335E+00  1.279E+00
  400.5000  1.404E+00  1.434E+00  1.433E+00  1.403E+00  1.344E+00
  401.5000  1.444E+00  1.475E+00  1.474E+00  1.443E+00  1.383E+00
  402.5000  1.499E+00  1.530E+00  1.530E+00  1.498E+00  1.435E+00
  403.5000  1.372E+00  1.401E+00  1.400E+00  1.371E+00  1.313E+00
  404.5000  1.345E+00  1.373E+00  1.373E+00  1.344E+00  1.288E+00
  405.5000  1.397E+00  1.426E+00  1.426E+00  1.396E+00  1.338E+00
  406.5000  1.316E+00  1.343E+00  1.343E+00  1.315E+00  1.260E+00
  407.5000  1.326E+00  1.354E+00  1.354E+00  1.325E+00  1.270E+00
  408.5000  1.477E+00  1.507E+00  1.507E+00  1.476E+00  1.414E+00
  409.5000  1.447E+00  1.478E+00  1.477E+00  1.447E+00  1.386E+00
  410.5000  1.255E+00  1.281E+00  1.281E+00  1.254E+00  1.202E+00
  411.5000  1.508E+00  1.539E+00  1.539E+00  1.507E+00  1.444E+00
  412.5000  1.495E+00  1.525E+00  1.525E+00  1.494E+00  1.431E+00
  413.5000  1.449E+00  1.479E+00  1.479E+00  1.448E+00  1.388E+00
  414.5000  1.489E+00  1.520E+00  1.520E+00  1.488E+00  1.427E+00
  415.5000  1.424E+00  1.454E+00  1.453E+00  1.423E+00  1.364E+00
  416.5000  1.550E+00  1.582E+00  1.581E+00  1.549E+00  1.485E+00
  417.5000  1.417E+00  1.446E+00  1.445E+00  1.416E+00  1.357E+00
  418.5000  1.427E+00  1.457E+00  1.457E+00  1.427E+00  1.368E+00
  419.5000  1.474E+00  1.505E+00  1.504E+00  1.473E+00  1.412E+00
------------------------------------------------------------
Dose rates, W m-2
   1 = UV-B, 280-315 nm                                  
   2 = UV-A, 315-400 nm                                  
   3 = Gaussian, 320 nm, 10 nm FWHM                      
   4 = RB Meter, model 501                               
   5 = DNA damage, in vitro (Setlow, 1974)               
   6 = UV index (WMO, 1994; Webb et al., 2011)           
   7 = Previtamin-D3 (CIE 2006)                          
values at z =      0.000 km
Columns: time, sza, weighting spectra
time, hrs.  sza, deg.          1          2          3          4          5          6          7
   11.0000     18.941  2.349E+00  6.223E+01  4.101E-01  7.208E-01  1.006E-02  1.417E+01  7.129E-01
   11.5000     15.761  2.436E+00  6.362E+01  4.208E-01  7.511E-01  1.069E-02  1.482E+01  7.456E-01
   12.0000     15.798  2.437E+00  6.361E+01  4.208E-01  7.510E-01  1.068E-02  1.481E+01  7.454E-01
   12.5000     19.034  2.346E+00  6.218E+01  4.098E-01  7.199E-01  1.004E-02  1.415E+01  7.119E-01
   13.0000     24.220  2.170E+00  5.939E+01  3.881E-01  6.602E-01  8.861E-03  1.289E+01  6.481E-01
------------------------------------------------------------
