Spectral Irradiance, W m-2 nm-1
values at z =      0.000 km
Columns: wavelength (nm), times (hrs.) or sza (deg.)
    wc, nm     11.000     11.500     12.000     12.500     13.000
    sza =      19.205     12.352      6.831      7.151     12.884
  280.5000  2.051E-13  5.096E-13  7.822E-13  7.683E-13  4.822E-13
  281.5000  5.333E-12  1.224E-11  1.809E-11  1.780E-11  1.163E-11
  282.5000  5.990E-11  1.284E-10  1.838E-10  1.810E-10  1.226E-10
  283.5000  2.612E-10  5.354E-10  7.507E-10  7.401E-10  5.126E-10
  284.5000  2.306E-09  4.358E-09  5.883E-09  5.810E-09  4.193E-09
  285.5000  7.226E-09  1.287E-08  1.688E-08  1.669E-08  1.242E-08
  286.5000  7.842E-08  1.333E-07  1.712E-07  1.694E-07  1.291E-07
  287.5000  4.091E-07  6.610E-07  8.287E-07  8.209E-07  6.420E-07
  288.5000  1.851E-06  2.730E-06  3.455E-06  3.426E-06  2.757E-06
  289.5000  9.439E-06  1.386E-05  1.662E-05  1.650E-05  1.354E-05
  290.5000  3.551E-05  5.045E-05  5.953E-05  5.912E-05  4.938E-05
  291.5000  1.041E-04  1.424E-04  1.651E-04  1.641E-04  1.397E-04
  292.5000  2.347E-04  3.112E-04  3.556E-04  3.536E-04  3.059E-04
  293.5000  6.362E-04  8.193E-04  9.233E-04  9.187E-04  8.068E-04
  294.5000  1.150E-03  1.447E-03  1.614E-03  1.606E-03  1.427E-03
  295.5000  2.738E-03  3.364E-03  3.708E-03  3.692E-03  3.322E-03
  296.5000  4.570E-03  5.501E-03  6.006E-03  5.984E-03  5.439E-03
  297.5000  8.420E-03  9.959E-03  1.078E-02  1.075E-02  9.857E-03
  298.5000  9.713E-03  1.132E-02  1.217E-02  1.213E-02  1.121E-02
  299.5000  2.100E-02  2.412E-02  2.576E-02  2.569E-02  2.392E-02
  300.5000  1.922E-02  2.185E-02  2.321E-02  2.316E-02  2.168E-02
  301.5000  3.720E-02  4.178E-02  4.416E-02  4.405E-02  4.149E-02
  302.5000  4.560E-02  5.083E-02  5.352E-02  5.341E-02  5.050E-02
  303.5000  7.633E-02  8.431E-02  8.840E-02  8.822E-02  8.380E-02
  304.5000  8.262E-02  9.079E-02  9.495E-02  9.477E-02  9.026E-02
  305.5000  1.075E-01  1.172E-01  1.221E-01  1.219E-01  1.166E-01
  306.5000  1.115E-01  1.212E-01  1.261E-01  1.259E-01  1.206E-01
  307.5000  1.590E-01  1.716E-01  1.780E-01  1.777E-01  1.692E-01
  308.5000  1.772E-01  1.908E-01  1.976E-01  1.973E-01  1.899E-01
  309.5000  1.549E-01  1.658E-01  1.717E-01  1.715E-01  1.654E-01
  310.5000  2.097E-01  2.242E-01  2.315E-01  2.312E-01  2.233E-01
  311.5000  2.689E-01  2.869E-01  2.959E-01  2.955E-01  2.857E-01
  312.5000  2.605E-01  2.769E-01  2.851E-01  2.848E-01  2.759E-01
  313.5000  2.950E-01  3.133E-01  3.224E-01  3.220E-01  3.121E-01
  314.5000  2.930E-01  3.102E-01  3.188E-01  3.184E-01  3.091E-01
  315.5000  3.022E-01  3.198E-01  3.286E-01  3.282E-01  3.187E-01
  316.5000  2.994E-01  3.161E-01  3.244E-01  3.240E-01  3.150E-01
  317.5000  4.234E-01  4.469E-01  4.586E-01  4.580E-01  4.454E-01
  318.5000  3.313E-01  3.489E-01  3.577E-01  3.573E-01  3.478E-01
  319.5000  4.038E-01  4.251E-01  4.356E-01  4.352E-01  4.237E-01
  320.5000  4.906E-01  5.162E-01  5.289E-01  5.284E-01  5.146E-01
  321.5000  4.144E-01  4.351E-01  4.454E-01  4.450E-01  4.338E-01
  322.5000  4.188E-01  4.403E-01  4.510E-01  4.506E-01  4.390E-01
  323.5000  4.285E-01  4.494E-01  4.598E-01  4.594E-01  4.481E-01
  324.5000  5.029E-01  5.275E-01  5.397E-01  5.392E-01  5.259E-01
  325.5000  5.640E-01  5.918E-01  6.055E-01  6.049E-01  5.900E-01
  326.5000  6.788E-01  7.104E-01  7.270E-01  7.263E-01  7.090E-01
  327.5000  6.331E-01  6.635E-01  6.785E-01  6.778E-01  6.615E-01
  328.5000  5.844E-01  6.123E-01  6.262E-01  6.256E-01  6.106E-01
  329.5000  7.538E-01  7.889E-01  8.062E-01  8.055E-01  7.866E-01
  330.5000  6.866E-01  7.188E-01  7.347E-01  7.340E-01  7.167E-01
  331.5000  6.786E-01  7.104E-01  7.262E-01  7.255E-01  7.084E-01
  332.5000  6.655E-01  6.961E-01  7.113E-01  7.107E-01  6.942E-01
  333.5000  6.262E-01  6.552E-01  6.696E-01  6.688E-01  6.534E-01
  334.5000  6.989E-01  7.310E-01  7.470E-01  7.463E-01  7.290E-01
  335.5000  7.068E-01  7.390E-01  7.550E-01  7.543E-01  7.370E-01
  336.5000  5.528E-01  5.779E-01  5.904E-01  5.899E-01  5.763E-01
  337.5000  6.074E-01  6.352E-01  6.490E-01  6.484E-01  6.334E-01
  338.5000  6.396E-01  6.685E-01  6.829E-01  6.823E-01  6.667E-01
  339.5000  6.949E-01  7.262E-01  7.418E-01  7.411E-01  7.242E-01
  340.5000  7.433E-01  7.768E-01  7.935E-01  7.928E-01  7.747E-01
  341.5000  6.592E-01  6.888E-01  7.034E-01  7.028E-01  6.869E-01
  342.5000  7.299E-01  7.625E-01  7.787E-01  7.780E-01  7.605E-01
  343.5000  7.582E-01  7.921E-01  8.089E-01  8.082E-01  7.900E-01
  344.5000  5.315E-01  5.552E-01  5.670E-01  5.665E-01  5.537E-01
  345.5000  7.271E-01  7.594E-01  7.755E-01  7.748E-01  7.574E-01
  346.5000  6.804E-01  7.107E-01  7.257E-01  7.250E-01  7.088E-01
  347.5000  6.645E-01  6.940E-01  7.086E-01  7.080E-01  6.922E-01
  348.5000  7.299E-01  7.622E-01  7.782E-01  7.775E-01  7.602E-01
  349.5000  6.115E-01  6.385E-01  6.519E-01  6.513E-01  6.368E-01
  350.5000  8.558E-01  8.936E-01  9.123E-01  9.115E-01  8.912E-01
  351.5000  7.374E-01  7.699E-01  7.860E-01  7.853E-01  7.678E-01
  352.5000  6.647E-01  6.940E-01  7.085E-01  7.078E-01  6.921E-01
  353.5000  7.998E-01  8.349E-01  8.523E-01  8.515E-01  8.327E-01
  354.5000  8.652E-01  9.031E-01  9.219E-01  9.210E-01  9.007E-01
  355.5000  8.082E-01  8.436E-01  8.611E-01  8.603E-01  8.414E-01
  356.5000  7.498E-01  7.825E-01  7.987E-01  7.980E-01  7.805E-01
  357.5000  6.374E-01  6.652E-01  6.789E-01  6.783E-01  6.634E-01
  358.5000  4.916E-01  5.130E-01  5.236E-01  5.232E-01  5.117E-01
  359.5000  8.271E-01  8.630E-01  8.808E-01  8.801E-01  8.608E-01
  360.5000  7.663E-01  7.996E-01  8.161E-01  8.154E-01  7.975E-01
  361.5000  6.906E-01  7.206E-01  7.354E-01  7.347E-01  7.187E-01
  362.5000  8.107E-01  8.458E-01  8.631E-01  8.624E-01  8.435E-01
  363.5000  7.209E-01  7.520E-01  7.675E-01  7.668E-01  7.501E-01
  364.5000  7.862E-01  8.201E-01  8.368E-01  8.361E-01  8.179E-01
  365.5000  9.576E-01  9.988E-01  1.019E+00  1.018E+00  9.962E-01
  366.5000  1.013E+00  1.057E+00  1.078E+00  1.077E+00  1.054E+00
  367.5000  9.616E-01  1.003E+00  1.023E+00  1.022E+00  1.000E+00
  368.5000  8.444E-01  8.806E-01  8.985E-01  8.977E-01  8.783E-01
  369.5000  1.013E+00  1.056E+00  1.077E+00  1.076E+00  1.053E+00
  370.5000  9.183E-01  9.575E-01  9.770E-01  9.761E-01  9.551E-01
  371.5000  1.050E+00  1.095E+00  1.117E+00  1.116E+00  1.092E+00
  372.5000  7.756E-01  8.086E-01  8.250E-01  8.243E-01  8.066E-01
  373.5000  7.008E-01  7.307E-01  7.454E-01  7.448E-01  7.288E-01
  374.5000  7.689E-01  8.016E-01  8.178E-01  8.171E-01  7.995E-01
  375.5000  8.673E-01  9.041E-01  9.223E-01  9.215E-01  9.017E-01
  376.5000  8.658E-01  9.024E-01  9.206E-01  9.198E-01  9.001E-01
  377.5000  1.031E+00  1.074E+00  1.096E+00  1.095E+00  1.071E+00
  378.5000  1.123E+00  1.170E+00  1.194E+00  1.193E+00  1.167E+00
  379.5000  8.305E-01  8.656E-01  8.829E-01  8.822E-01  8.634E-01
  380.5000  9.985E-01  1.041E+00  1.061E+00  1.061E+00  1.038E+00
  381.5000  9.380E-01  9.775E-01  9.970E-01  9.962E-01  9.750E-01
  382.5000  6.248E-01  6.511E-01  6.641E-01  6.635E-01  6.494E-01
  383.5000  5.485E-01  5.715E-01  5.829E-01  5.824E-01  5.701E-01
  384.5000  8.229E-01  8.574E-01  8.745E-01  8.738E-01  8.552E-01
  385.5000  8.140E-01  8.480E-01  8.649E-01  8.641E-01  8.459E-01
  386.5000  8.295E-01  8.641E-01  8.813E-01  8.805E-01  8.619E-01
  387.5000  7.707E-01  8.028E-01  8.187E-01  8.181E-01  8.008E-01
  388.5000  7.722E-01  8.044E-01  8.204E-01  8.197E-01  8.024E-01
  389.5000  9.736E-01  1.014E+00  1.034E+00  1.033E+00  1.012E+00
  390.5000  9.561E-01  9.958E-01  1.015E+00  1.015E+00  9.933E-01
  391.5000  1.134E+00  1.181E+00  1.204E+00  1.203E+00  1.178E+00
  392.5000  8.501E-01  8.854E-01  9.028E-01  9.021E-01  8.831E-01
  393.5000  3.695E-01  3.848E-01  3.924E-01  3.920E-01  3.838E-01
  394.5000  8.692E-01  9.052E-01  9.230E-01  9.222E-01  9.029E-01
  395.5000  1.118E+00  1.164E+00  1.187E+00  1.186E+00  1.161E+00
  396.5000  6.564E-01  6.835E-01  6.969E-01  6.963E-01  6.818E-01
  397.5000  7.573E-01  7.885E-01  8.039E-01  8.033E-01  7.865E-01
  398.5000  1.301E+00  1.355E+00  1.381E+00  1.380E+00  1.351E+00
  399.5000  1.353E+00  1.409E+00  1.436E+00  1.435E+00  1.405E+00
  400.5000  1.422E+00  1.480E+00  1.509E+00  1.508E+00  1.477E+00
  401.5000  1.463E+00  1.523E+00  1.552E+00  1.551E+00  1.519E+00
  402.5000  1.518E+00  1.580E+00  1.611E+00  1.610E+00  1.577E+00
  403.5000  1.389E+00  1.446E+00  1.474E+00  1.473E+00  1.443E+00
  404.5000  1.362E+00  1.418E+00  1.446E+00  1.445E+00  1.415E+00
  405.5000  1.415E+00  1.473E+00  1.501E+00  1.500E+00  1.469E+00
  406.5000  1.332E+00  1.387E+00  1.414E+00  1.413E+00  1.383E+00
  407.5000  1.343E+00  1.398E+00  1.425E+00  1.424E+00  1.394E+00
  408.5000  1.496E+00  1.557E+00  1.587E+00  1.585E+00  1.553E+00
  409.5000  1.466E+00  1.526E+00  1.555E+00  1.554E+00  1.522E+00
  410.5000  1.271E+00  1.323E+00  1.348E+00  1.347E+00  1.319E+00
  411.5000  1.527E+00  1.589E+00  1.620E+00  1.619E+00  1.586E+00
  412.5000  1.514E+00  1.575E+00  1.605E+00  1.604E+00  1.571E+00
  413.5000  1.468E+00  1.527E+00  1.557E+00  1.555E+00  1.523E+00
  414.5000  1.508E+00  1.569E+00  1.599E+00  1.598E+00  1.565E+00
  415.5000  1.442E+00  1.501E+00  1.530E+00  1.528E+00  1.497E+00
  416.5000  1.570E+00  1.633E+00  1.664E+00  1.663E+00  1.629E+00
  417.5000  1.435E+00  1.492E+00  1.521E+00  1.520E+00  1.489E+00
  418.5000  1.446E+00  1.504E+00  1.533E+00  1.531E+00  1.500E+00
  419.5000  1.493E+00  1.553E+00  1.583E+00  1.582E+00  1.549E+00
------------------------------------------------------------
Dose rates, W m-2
   1 = UV-B, 280-315 nm                                  
   2 = UV-A, 315-400 nm                                  
   3 = Gaussian, 320 nm, 10 nm FWHM                      
   4 = RB Meter, model 501                               
   5 = DNA damage, in vitro (Setlow, 1974)               
   6 = UV index (WMO, 1994; Webb et al., 2011)           
   7 = Previtamin-D3 (CIE 2006)                          
values at z =      0.000 km
Columns: time, sza, weighting spectra
time, hrs.  sza, deg.          1          2          3          4          5          6          7
   11.0000     19.205  2.347E+00  6.301E+01  4.143E-01  7.171E-01  9.822E-03  1.405E+01  7.068E-01
   11.5000     12.352  2.525E+00  6.578E+01  4.359E-01  7.777E-01  1.105E-02  1.534E+01  7.718E-01
   12.0000      6.831  2.615E+00  6.715E+01  4.467E-01  8.086E-01  1.170E-02  1.600E+01  8.050E-01
   12.5000      7.151  2.611E+00  6.709E+01  4.462E-01  8.073E-01  1.167E-02  1.597E+01  8.036E-01
   13.0000     12.884  2.512E+00  6.561E+01  4.345E-01  7.733E-01  1.097E-02  1.525E+01  7.669E-01
------------------------------------------------------------
