Spectral Irradiance, W m-2 nm-1
values at z =      0.000 km
Columns: wavelength (nm), times (hrs.) or sza (deg.)
    wc, nm     11.000     11.500     12.000     12.500     13.000
    sza =      13.939      7.444      3.674      8.287     14.860
  280.5000  2.118E-13  3.785E-13  4.493E-13  3.584E-13  1.892E-13
  281.5000  5.517E-12  9.372E-12  1.096E-11  8.916E-12  4.977E-12
  282.5000  6.207E-11  1.009E-10  1.165E-10  9.642E-11  5.647E-11
  283.5000  2.709E-10  4.282E-10  4.902E-10  4.102E-10  2.478E-10
  284.5000  2.396E-09  3.597E-09  4.055E-09  3.462E-09  2.214E-09
  285.5000  7.519E-09  1.086E-08  1.211E-08  1.049E-08  7.000E-09
  286.5000  8.169E-08  1.146E-07  1.266E-07  1.110E-07  7.648E-08
  287.5000  4.267E-07  5.794E-07  6.342E-07  5.629E-07  4.020E-07
  288.5000  1.932E-06  2.533E-06  2.744E-06  2.469E-06  1.833E-06
  289.5000  9.864E-06  1.260E-05  1.355E-05  1.232E-05  9.405E-06
  290.5000  3.714E-05  4.645E-05  4.963E-05  4.548E-05  3.556E-05
  291.5000  1.090E-04  1.331E-04  1.411E-04  1.306E-04  1.048E-04
  292.5000  2.458E-04  2.943E-04  3.090E-04  2.893E-04  2.374E-04
  293.5000  6.667E-04  7.833E-04  8.215E-04  7.715E-04  6.461E-04
  294.5000  1.206E-03  1.396E-03  1.458E-03  1.377E-03  1.172E-03
  295.5000  2.872E-03  3.274E-03  3.404E-03  3.234E-03  2.800E-03
  296.5000  4.795E-03  5.396E-03  5.588E-03  5.336E-03  4.686E-03
  297.5000  8.839E-03  9.835E-03  1.015E-02  9.736E-03  8.657E-03
  298.5000  1.020E-02  1.124E-02  1.157E-02  1.114E-02  1.001E-02
  299.5000  2.205E-02  2.409E-02  2.473E-02  2.389E-02  2.168E-02
  300.5000  2.019E-02  2.190E-02  2.244E-02  2.174E-02  1.988E-02
  301.5000  3.908E-02  4.208E-02  4.301E-02  4.179E-02  3.853E-02
  302.5000  4.792E-02  5.134E-02  5.240E-02  5.101E-02  4.729E-02
  303.5000  8.022E-02  8.545E-02  8.707E-02  8.494E-02  7.924E-02
  304.5000  8.684E-02  9.219E-02  9.384E-02  9.167E-02  8.584E-02
  305.5000  1.130E-01  1.194E-01  1.213E-01  1.187E-01  1.118E-01
  306.5000  1.173E-01  1.236E-01  1.255E-01  1.230E-01  1.161E-01
  307.5000  1.671E-01  1.754E-01  1.780E-01  1.746E-01  1.655E-01
  308.5000  1.862E-01  1.952E-01  1.979E-01  1.943E-01  1.845E-01
  309.5000  1.628E-01  1.702E-01  1.724E-01  1.695E-01  1.614E-01
  310.5000  2.205E-01  2.300E-01  2.329E-01  2.291E-01  2.187E-01
  311.5000  2.827E-01  2.945E-01  2.981E-01  2.933E-01  2.804E-01
  312.5000  2.739E-01  2.846E-01  2.879E-01  2.836E-01  2.718E-01
  313.5000  3.101E-01  3.221E-01  3.258E-01  3.209E-01  3.078E-01
  314.5000  3.079E-01  3.192E-01  3.227E-01  3.181E-01  3.058E-01
  315.5000  3.176E-01  3.292E-01  3.327E-01  3.281E-01  3.155E-01
  316.5000  3.147E-01  3.256E-01  3.290E-01  3.246E-01  3.126E-01
  317.5000  4.449E-01  4.604E-01  4.651E-01  4.589E-01  4.420E-01
  318.5000  3.482E-01  3.598E-01  3.633E-01  3.586E-01  3.460E-01
  319.5000  4.243E-01  4.383E-01  4.425E-01  4.369E-01  4.217E-01
  320.5000  5.155E-01  5.323E-01  5.374E-01  5.307E-01  5.123E-01
  321.5000  4.355E-01  4.490E-01  4.532E-01  4.477E-01  4.329E-01
  322.5000  4.400E-01  4.541E-01  4.585E-01  4.528E-01  4.373E-01
  323.5000  4.502E-01  4.639E-01  4.681E-01  4.626E-01  4.476E-01
  324.5000  5.283E-01  5.445E-01  5.494E-01  5.429E-01  5.252E-01
  325.5000  5.925E-01  6.107E-01  6.163E-01  6.090E-01  5.891E-01
  326.5000  7.130E-01  7.341E-01  7.406E-01  7.322E-01  7.091E-01
  327.5000  6.650E-01  6.849E-01  6.910E-01  6.830E-01  6.613E-01
  328.5000  6.138E-01  6.321E-01  6.377E-01  6.304E-01  6.103E-01
  329.5000  7.917E-01  8.147E-01  8.217E-01  8.125E-01  7.874E-01
  330.5000  7.210E-01  7.422E-01  7.486E-01  7.401E-01  7.170E-01
  331.5000  7.126E-01  7.334E-01  7.398E-01  7.314E-01  7.086E-01
  332.5000  6.989E-01  7.189E-01  7.251E-01  7.170E-01  6.951E-01
  333.5000  6.575E-01  6.765E-01  6.823E-01  6.747E-01  6.539E-01
  334.5000  7.338E-01  7.549E-01  7.613E-01  7.528E-01  7.298E-01
  335.5000  7.421E-01  7.632E-01  7.696E-01  7.612E-01  7.381E-01
  336.5000  5.803E-01  5.968E-01  6.018E-01  5.952E-01  5.771E-01
  337.5000  6.376E-01  6.558E-01  6.614E-01  6.541E-01  6.342E-01
  338.5000  6.714E-01  6.903E-01  6.961E-01  6.885E-01  6.678E-01
  339.5000  7.293E-01  7.499E-01  7.561E-01  7.479E-01  7.255E-01
  340.5000  7.801E-01  8.021E-01  8.088E-01  8.000E-01  7.759E-01
  341.5000  6.918E-01  7.112E-01  7.171E-01  7.093E-01  6.881E-01
  342.5000  7.659E-01  7.873E-01  7.938E-01  7.853E-01  7.619E-01
  343.5000  7.956E-01  8.178E-01  8.246E-01  8.157E-01  7.913E-01
  344.5000  5.576E-01  5.732E-01  5.779E-01  5.717E-01  5.547E-01
  345.5000  7.629E-01  7.840E-01  7.905E-01  7.820E-01  7.588E-01
  346.5000  7.138E-01  7.336E-01  7.397E-01  7.317E-01  7.100E-01
  347.5000  6.971E-01  7.164E-01  7.223E-01  7.146E-01  6.934E-01
  348.5000  7.656E-01  7.868E-01  7.932E-01  7.848E-01  7.616E-01
  349.5000  6.414E-01  6.591E-01  6.645E-01  6.574E-01  6.380E-01
  350.5000  8.976E-01  9.223E-01  9.299E-01  9.200E-01  8.929E-01
  351.5000  7.733E-01  7.946E-01  8.011E-01  7.926E-01  7.693E-01
  352.5000  6.971E-01  7.163E-01  7.221E-01  7.144E-01  6.935E-01
  353.5000  8.387E-01  8.617E-01  8.687E-01  8.595E-01  8.343E-01
  354.5000  9.072E-01  9.320E-01  9.396E-01  9.297E-01  9.025E-01
  355.5000  8.474E-01  8.706E-01  8.776E-01  8.684E-01  8.431E-01
  356.5000  7.861E-01  8.076E-01  8.141E-01  8.055E-01  7.820E-01
  357.5000  6.682E-01  6.864E-01  6.919E-01  6.847E-01  6.648E-01
  358.5000  5.154E-01  5.294E-01  5.337E-01  5.281E-01  5.127E-01
  359.5000  8.670E-01  8.905E-01  8.977E-01  8.883E-01  8.625E-01
  360.5000  8.033E-01  8.251E-01  8.317E-01  8.230E-01  7.992E-01
  361.5000  7.239E-01  7.435E-01  7.494E-01  7.416E-01  7.202E-01
  362.5000  8.497E-01  8.726E-01  8.796E-01  8.705E-01  8.453E-01
  363.5000  7.555E-01  7.759E-01  7.821E-01  7.740E-01  7.517E-01
  364.5000  8.239E-01  8.461E-01  8.528E-01  8.439E-01  8.197E-01
  365.5000  1.003E+00  1.030E+00  1.039E+00  1.028E+00  9.984E-01
  366.5000  1.062E+00  1.090E+00  1.099E+00  1.087E+00  1.056E+00
  367.5000  1.008E+00  1.035E+00  1.043E+00  1.032E+00  1.002E+00
  368.5000  8.847E-01  9.084E-01  9.156E-01  9.061E-01  8.802E-01
  369.5000  1.061E+00  1.089E+00  1.098E+00  1.086E+00  1.055E+00
  370.5000  9.620E-01  9.877E-01  9.955E-01  9.853E-01  9.572E-01
  371.5000  1.100E+00  1.130E+00  1.139E+00  1.127E+00  1.095E+00
  372.5000  8.125E-01  8.341E-01  8.407E-01  8.320E-01  8.084E-01
  373.5000  7.341E-01  7.536E-01  7.595E-01  7.517E-01  7.304E-01
  374.5000  8.054E-01  8.268E-01  8.333E-01  8.247E-01  8.013E-01
  375.5000  9.083E-01  9.324E-01  9.397E-01  9.301E-01  9.038E-01
  376.5000  9.067E-01  9.307E-01  9.380E-01  9.284E-01  9.022E-01
  377.5000  1.079E+00  1.108E+00  1.117E+00  1.105E+00  1.074E+00
  378.5000  1.176E+00  1.207E+00  1.216E+00  1.204E+00  1.170E+00
  379.5000  8.697E-01  8.926E-01  8.996E-01  8.904E-01  8.654E-01
  380.5000  1.046E+00  1.073E+00  1.081E+00  1.070E+00  1.040E+00
  381.5000  9.821E-01  1.008E+00  1.016E+00  1.005E+00  9.772E-01
  382.5000  6.542E-01  6.714E-01  6.766E-01  6.697E-01  6.509E-01
  383.5000  5.743E-01  5.893E-01  5.939E-01  5.879E-01  5.714E-01
  384.5000  8.615E-01  8.841E-01  8.909E-01  8.819E-01  8.572E-01
  385.5000  8.521E-01  8.744E-01  8.811E-01  8.722E-01  8.479E-01
  386.5000  8.683E-01  8.910E-01  8.978E-01  8.888E-01  8.640E-01
  387.5000  8.067E-01  8.277E-01  8.341E-01  8.257E-01  8.027E-01
  388.5000  8.083E-01  8.294E-01  8.358E-01  8.274E-01  8.043E-01
  389.5000  1.019E+00  1.046E+00  1.054E+00  1.043E+00  1.014E+00
  390.5000  1.001E+00  1.027E+00  1.035E+00  1.024E+00  9.957E-01
  391.5000  1.187E+00  1.218E+00  1.227E+00  1.215E+00  1.181E+00
  392.5000  8.896E-01  9.127E-01  9.197E-01  9.105E-01  8.853E-01
  393.5000  3.867E-01  3.967E-01  3.997E-01  3.957E-01  3.848E-01
  394.5000  9.096E-01  9.331E-01  9.402E-01  9.309E-01  9.051E-01
  395.5000  1.170E+00  1.200E+00  1.209E+00  1.197E+00  1.164E+00
  396.5000  6.868E-01  7.045E-01  7.099E-01  7.028E-01  6.835E-01
  397.5000  7.923E-01  8.127E-01  8.189E-01  8.108E-01  7.885E-01
  398.5000  1.361E+00  1.396E+00  1.407E+00  1.393E+00  1.354E+00
  399.5000  1.415E+00  1.452E+00  1.463E+00  1.448E+00  1.408E+00
  400.5000  1.488E+00  1.526E+00  1.537E+00  1.522E+00  1.480E+00
  401.5000  1.530E+00  1.569E+00  1.581E+00  1.566E+00  1.523E+00
  402.5000  1.588E+00  1.629E+00  1.641E+00  1.625E+00  1.580E+00
  403.5000  1.453E+00  1.491E+00  1.502E+00  1.487E+00  1.446E+00
  404.5000  1.425E+00  1.461E+00  1.473E+00  1.458E+00  1.418E+00
  405.5000  1.480E+00  1.518E+00  1.529E+00  1.514E+00  1.473E+00
  406.5000  1.394E+00  1.429E+00  1.440E+00  1.426E+00  1.387E+00
  407.5000  1.405E+00  1.441E+00  1.451E+00  1.437E+00  1.398E+00
  408.5000  1.564E+00  1.604E+00  1.616E+00  1.600E+00  1.557E+00
  409.5000  1.533E+00  1.572E+00  1.584E+00  1.568E+00  1.526E+00
  410.5000  1.329E+00  1.363E+00  1.373E+00  1.360E+00  1.323E+00
  411.5000  1.597E+00  1.638E+00  1.650E+00  1.634E+00  1.590E+00
  412.5000  1.583E+00  1.623E+00  1.635E+00  1.619E+00  1.575E+00
  413.5000  1.535E+00  1.574E+00  1.585E+00  1.570E+00  1.527E+00
  414.5000  1.577E+00  1.617E+00  1.629E+00  1.613E+00  1.569E+00
  415.5000  1.508E+00  1.546E+00  1.558E+00  1.543E+00  1.501E+00
  416.5000  1.641E+00  1.682E+00  1.695E+00  1.678E+00  1.633E+00
  417.5000  1.500E+00  1.538E+00  1.549E+00  1.534E+00  1.493E+00
  418.5000  1.511E+00  1.549E+00  1.561E+00  1.546E+00  1.504E+00
  419.5000  1.561E+00  1.600E+00  1.612E+00  1.596E+00  1.553E+00
------------------------------------------------------------
Dose rates, W m-2
   1 = UV-B, 280-315 nm                                  
   2 = UV-A, 315-400 nm                                  
   3 = Gaussian, 320 nm, 10 nm FWHM                      
   4 = RB Meter, model 501                               
   5 = DNA damage, in vitro (Setlow, 1974)               
   6 = UV index (WMO, 1994; Webb et al., 2011)           
   7 = Previtamin-D3 (CIE 2006)                          
values at z =      0.000 km
Columns: time, sza, weighting spectra
time, hrs.  sza, deg.          1          2          3          4          5          6          7
   11.0000     13.939  2.467E+00  6.605E+01  4.353E-01  7.536E-01  1.032E-02  1.476E+01  7.428E-01
   11.5000      7.444  2.584E+00  6.786E+01  4.495E-01  7.933E-01  1.112E-02  1.560E+01  7.854E-01
   12.0000      3.674  2.620E+00  6.841E+01  4.538E-01  8.056E-01  1.137E-02  1.586E+01  7.986E-01
   12.5000      8.287  2.572E+00  6.769E+01  4.481E-01  7.895E-01  1.104E-02  1.552E+01  7.813E-01
   13.0000     14.860  2.445E+00  6.571E+01  4.326E-01  7.462E-01  1.017E-02  1.460E+01  7.349E-01
------------------------------------------------------------
