Spectral Irradiance, W m-2 nm-1
values at z =      0.000 km
Columns: wavelength (nm), times (hrs.) or sza (deg.)
    wc, nm     11.000     11.500     12.000     12.500     13.000
    sza =      24.716     22.991     22.939     24.570     27.579
  280.5000  3.025E-17  4.866E-17  4.933E-17  3.155E-17  1.240E-17
  281.5000  1.764E-15  2.721E-15  2.755E-15  1.833E-15  7.830E-16
  282.5000  3.967E-14  5.901E-14  5.969E-14  4.109E-14  1.885E-14
  283.5000  2.716E-13  3.945E-13  3.988E-13  2.807E-13  1.349E-13
  284.5000  5.451E-12  7.587E-12  7.660E-12  5.613E-12  2.934E-12
  285.5000  3.138E-11  4.230E-11  4.267E-11  3.222E-11  1.792E-11
  286.5000  5.434E-10  7.149E-10  7.206E-10  5.567E-10  3.249E-10
  287.5000  4.761E-09  6.098E-09  6.141E-09  4.866E-09  2.996E-09
  288.5000  3.783E-08  4.705E-08  4.735E-08  3.857E-08  2.516E-08
  289.5000  2.888E-07  3.517E-07  3.537E-07  2.939E-07  1.998E-07
  290.5000  1.526E-06  1.825E-06  1.835E-06  1.550E-06  1.091E-06
  291.5000  6.570E-06  7.704E-06  7.739E-06  6.663E-06  4.878E-06
  292.5000  2.029E-05  2.341E-05  2.350E-05  2.055E-05  1.554E-05
  293.5000  7.398E-05  8.402E-05  8.433E-05  7.482E-05  5.831E-05
  294.5000  1.687E-04  1.893E-04  1.899E-04  1.704E-04  1.360E-04
  295.5000  5.141E-04  5.695E-04  5.712E-04  5.188E-04  4.246E-04
  296.5000  1.053E-03  1.154E-03  1.157E-03  1.062E-03  8.875E-04
  297.5000  2.323E-03  2.523E-03  2.529E-03  2.340E-03  1.993E-03
  298.5000  3.119E-03  3.360E-03  3.367E-03  3.140E-03  2.715E-03
  299.5000  7.782E-03  8.321E-03  8.337E-03  7.828E-03  6.868E-03
  300.5000  7.951E-03  8.453E-03  8.468E-03  7.994E-03  7.093E-03
  301.5000  1.733E-02  1.831E-02  1.834E-02  1.742E-02  1.564E-02
  302.5000  2.298E-02  2.418E-02  2.422E-02  2.308E-02  2.089E-02
  303.5000  4.217E-02  4.417E-02  4.423E-02  4.235E-02  3.869E-02
  304.5000  4.815E-02  5.029E-02  5.036E-02  4.834E-02  4.441E-02
  305.5000  6.780E-02  7.052E-02  7.060E-02  6.804E-02  6.301E-02
  306.5000  7.281E-02  7.560E-02  7.568E-02  7.305E-02  6.789E-02
  307.5000  1.107E-01  1.146E-01  1.147E-01  1.111E-01  1.039E-01
  308.5000  1.265E-01  1.308E-01  1.309E-01  1.269E-01  1.190E-01
  309.5000  1.155E-01  1.191E-01  1.192E-01  1.158E-01  1.091E-01
  310.5000  1.612E-01  1.660E-01  1.661E-01  1.617E-01  1.528E-01
  311.5000  2.109E-01  2.169E-01  2.171E-01  2.115E-01  2.003E-01
  312.5000  2.118E-01  2.174E-01  2.176E-01  2.123E-01  2.018E-01
  313.5000  2.420E-01  2.483E-01  2.484E-01  2.425E-01  2.307E-01
  314.5000  2.477E-01  2.538E-01  2.540E-01  2.483E-01  2.369E-01
  315.5000  2.570E-01  2.631E-01  2.633E-01  2.575E-01  2.459E-01
  316.5000  2.607E-01  2.666E-01  2.668E-01  2.612E-01  2.500E-01
  317.5000  3.687E-01  3.771E-01  3.774E-01  3.695E-01  3.537E-01
  318.5000  2.949E-01  3.013E-01  3.014E-01  2.954E-01  2.835E-01
  319.5000  3.610E-01  3.687E-01  3.689E-01  3.616E-01  3.471E-01
  320.5000  4.409E-01  4.501E-01  4.504E-01  4.417E-01  4.242E-01
  321.5000  3.783E-01  3.874E-01  3.877E-01  3.805E-01  3.662E-01
  322.5000  3.782E-01  3.860E-01  3.863E-01  3.789E-01  3.641E-01
  323.5000  3.963E-01  4.040E-01  4.043E-01  3.970E-01  3.823E-01
  324.5000  4.648E-01  4.739E-01  4.741E-01  4.656E-01  4.485E-01
  325.5000  5.198E-01  5.300E-01  5.303E-01  5.207E-01  5.015E-01
  326.5000  6.358E-01  6.477E-01  6.481E-01  6.369E-01  6.144E-01
  327.5000  5.901E-01  6.013E-01  6.016E-01  5.911E-01  5.700E-01
  328.5000  5.449E-01  5.552E-01  5.555E-01  5.458E-01  5.263E-01
  329.5000  7.113E-01  7.243E-01  7.247E-01  7.125E-01  6.879E-01
  330.5000  6.448E-01  6.567E-01  6.570E-01  6.458E-01  6.233E-01
  331.5000  6.367E-01  6.485E-01  6.488E-01  6.377E-01  6.155E-01
  332.5000  6.299E-01  6.413E-01  6.417E-01  6.309E-01  6.095E-01
  333.5000  5.906E-01  6.014E-01  6.017E-01  5.916E-01  5.713E-01
  334.5000  6.605E-01  6.724E-01  6.728E-01  6.615E-01  6.390E-01
  335.5000  6.708E-01  6.828E-01  6.831E-01  6.719E-01  6.493E-01
  336.5000  5.240E-01  5.334E-01  5.337E-01  5.248E-01  5.072E-01
  337.5000  5.743E-01  5.846E-01  5.849E-01  5.752E-01  5.557E-01
  338.5000  6.073E-01  6.181E-01  6.184E-01  6.083E-01  5.880E-01
  339.5000  6.603E-01  6.720E-01  6.723E-01  6.613E-01  6.393E-01
  340.5000  7.052E-01  7.177E-01  7.181E-01  7.063E-01  6.827E-01
  341.5000  6.269E-01  6.379E-01  6.382E-01  6.279E-01  6.071E-01
  342.5000  6.945E-01  7.066E-01  7.070E-01  6.955E-01  6.725E-01
  343.5000  7.209E-01  7.336E-01  7.339E-01  7.220E-01  6.982E-01
  344.5000  5.050E-01  5.138E-01  5.141E-01  5.058E-01  4.890E-01
  345.5000  6.924E-01  7.044E-01  7.048E-01  6.934E-01  6.707E-01
  346.5000  6.472E-01  6.585E-01  6.588E-01  6.482E-01  6.268E-01
  347.5000  6.322E-01  6.432E-01  6.436E-01  6.332E-01  6.124E-01
  348.5000  6.948E-01  7.068E-01  7.072E-01  6.959E-01  6.731E-01
  349.5000  5.821E-01  5.922E-01  5.925E-01  5.830E-01  5.639E-01
  350.5000  8.148E-01  8.289E-01  8.293E-01  8.161E-01  7.894E-01
  351.5000  7.020E-01  7.142E-01  7.145E-01  7.031E-01  6.802E-01
  352.5000  6.330E-01  6.439E-01  6.443E-01  6.340E-01  6.134E-01
  353.5000  7.619E-01  7.750E-01  7.754E-01  7.630E-01  7.382E-01
  354.5000  8.244E-01  8.385E-01  8.390E-01  8.256E-01  7.989E-01
  355.5000  7.702E-01  7.834E-01  7.838E-01  7.714E-01  7.464E-01
  356.5000  7.146E-01  7.268E-01  7.272E-01  7.156E-01  6.925E-01
  357.5000  6.074E-01  6.178E-01  6.181E-01  6.084E-01  5.887E-01
  358.5000  4.686E-01  4.766E-01  4.769E-01  4.693E-01  4.542E-01
  359.5000  7.885E-01  8.019E-01  8.023E-01  7.897E-01  7.643E-01
  360.5000  7.306E-01  7.431E-01  7.434E-01  7.317E-01  7.083E-01
  361.5000  6.585E-01  6.697E-01  6.701E-01  6.595E-01  6.384E-01
  362.5000  7.731E-01  7.862E-01  7.866E-01  7.743E-01  7.495E-01
  363.5000  6.876E-01  6.992E-01  6.995E-01  6.886E-01  6.666E-01
  364.5000  7.498E-01  7.625E-01  7.629E-01  7.510E-01  7.270E-01
  365.5000  9.134E-01  9.288E-01  9.293E-01  9.148E-01  8.856E-01
  366.5000  9.664E-01  9.827E-01  9.832E-01  9.679E-01  9.371E-01
  367.5000  9.174E-01  9.328E-01  9.333E-01  9.187E-01  8.896E-01
  368.5000  8.057E-01  8.192E-01  8.196E-01  8.069E-01  7.813E-01
  369.5000  9.661E-01  9.823E-01  9.828E-01  9.676E-01  9.369E-01
  370.5000  8.763E-01  8.910E-01  8.914E-01  8.776E-01  8.499E-01
  371.5000  1.002E+00  1.019E+00  1.020E+00  1.004E+00  9.722E-01
  372.5000  7.403E-01  7.526E-01  7.530E-01  7.413E-01  7.180E-01
  373.5000  6.689E-01  6.801E-01  6.804E-01  6.699E-01  6.488E-01
  374.5000  7.340E-01  7.462E-01  7.466E-01  7.351E-01  7.120E-01
  375.5000  8.279E-01  8.417E-01  8.421E-01  8.291E-01  8.031E-01
  376.5000  8.265E-01  8.403E-01  8.407E-01  8.278E-01  8.018E-01
  377.5000  9.840E-01  1.000E+00  1.001E+00  9.854E-01  9.546E-01
  378.5000  1.072E+00  1.090E+00  1.090E+00  1.074E+00  1.040E+00
  379.5000  7.931E-01  8.062E-01  8.066E-01  7.942E-01  7.694E-01
  380.5000  9.535E-01  9.693E-01  9.698E-01  9.549E-01  9.252E-01
  381.5000  8.958E-01  9.106E-01  9.110E-01  8.971E-01  8.692E-01
  382.5000  5.968E-01  6.066E-01  6.069E-01  5.976E-01  5.791E-01
  383.5000  5.239E-01  5.325E-01  5.328E-01  5.247E-01  5.084E-01
  384.5000  7.861E-01  7.990E-01  7.994E-01  7.872E-01  7.628E-01
  385.5000  7.775E-01  7.903E-01  7.907E-01  7.787E-01  7.545E-01
  386.5000  7.924E-01  8.054E-01  8.058E-01  7.935E-01  7.690E-01
  387.5000  7.363E-01  7.483E-01  7.487E-01  7.373E-01  7.145E-01
  388.5000  7.378E-01  7.499E-01  7.502E-01  7.389E-01  7.161E-01
  389.5000  9.303E-01  9.455E-01  9.459E-01  9.316E-01  9.029E-01
  390.5000  9.135E-01  9.284E-01  9.289E-01  9.149E-01  8.867E-01
  391.5000  1.084E+00  1.101E+00  1.102E+00  1.085E+00  1.052E+00
  392.5000  8.124E-01  8.256E-01  8.260E-01  8.136E-01  7.886E-01
  393.5000  3.531E-01  3.589E-01  3.590E-01  3.536E-01  3.428E-01
  394.5000  8.308E-01  8.443E-01  8.447E-01  8.320E-01  8.065E-01
  395.5000  1.069E+00  1.086E+00  1.087E+00  1.070E+00  1.037E+00
  396.5000  6.274E-01  6.376E-01  6.379E-01  6.283E-01  6.091E-01
  397.5000  7.239E-01  7.356E-01  7.360E-01  7.249E-01  7.028E-01
  398.5000  1.244E+00  1.264E+00  1.264E+00  1.245E+00  1.207E+00
  399.5000  1.293E+00  1.314E+00  1.315E+00  1.295E+00  1.256E+00
  400.5000  1.360E+00  1.381E+00  1.382E+00  1.362E+00  1.320E+00
  401.5000  1.399E+00  1.421E+00  1.422E+00  1.401E+00  1.358E+00
  402.5000  1.452E+00  1.475E+00  1.476E+00  1.454E+00  1.410E+00
  403.5000  1.329E+00  1.350E+00  1.351E+00  1.330E+00  1.290E+00
  404.5000  1.303E+00  1.324E+00  1.324E+00  1.305E+00  1.265E+00
  405.5000  1.353E+00  1.375E+00  1.376E+00  1.355E+00  1.314E+00
  406.5000  1.274E+00  1.295E+00  1.295E+00  1.276E+00  1.238E+00
  407.5000  1.285E+00  1.305E+00  1.306E+00  1.286E+00  1.248E+00
  408.5000  1.431E+00  1.453E+00  1.454E+00  1.433E+00  1.389E+00
  409.5000  1.402E+00  1.425E+00  1.425E+00  1.404E+00  1.362E+00
  410.5000  1.216E+00  1.235E+00  1.236E+00  1.218E+00  1.181E+00
  411.5000  1.461E+00  1.484E+00  1.485E+00  1.463E+00  1.419E+00
  412.5000  1.448E+00  1.471E+00  1.472E+00  1.450E+00  1.406E+00
  413.5000  1.404E+00  1.427E+00  1.427E+00  1.406E+00  1.364E+00
  414.5000  1.443E+00  1.466E+00  1.467E+00  1.445E+00  1.402E+00
  415.5000  1.380E+00  1.402E+00  1.403E+00  1.382E+00  1.341E+00
  416.5000  1.502E+00  1.526E+00  1.526E+00  1.504E+00  1.459E+00
  417.5000  1.373E+00  1.394E+00  1.395E+00  1.375E+00  1.334E+00
  418.5000  1.383E+00  1.405E+00  1.406E+00  1.385E+00  1.344E+00
  419.5000  1.429E+00  1.451E+00  1.452E+00  1.431E+00  1.388E+00
------------------------------------------------------------
Dose rates, W m-2
   1 = UV-B, 280-315 nm                                  
   2 = UV-A, 315-400 nm                                  
   3 = Gaussian, 320 nm, 10 nm FWHM                      
   4 = RB Meter, model 501                               
   5 = DNA damage, in vitro (Setlow, 1974)               
   6 = UV index (WMO, 1994; Webb et al., 2011)           
   7 = Previtamin-D3 (CIE 2006)                          
values at z =      0.000 km
Columns: time, sza, weighting spectra
time, hrs.  sza, deg.          1          2          3          4          5          6          7
   11.0000     24.716  1.721E+00  5.976E+01  3.715E-01  4.955E-01  4.991E-03  9.294E+00  4.542E-01
   11.5000     22.991  1.775E+00  6.080E+01  3.795E-01  5.121E-01  5.230E-03  9.619E+00  4.714E-01
   12.0000     22.939  1.776E+00  6.083E+01  3.797E-01  5.126E-01  5.237E-03  9.628E+00  4.719E-01
   12.5000     24.570  1.725E+00  5.986E+01  3.724E-01  4.969E-01  5.012E-03  9.323E+00  4.557E-01
   13.0000     27.579  1.625E+00  5.791E+01  3.576E-01  4.661E-01  4.580E-03  8.726E+00  4.242E-01
------------------------------------------------------------
