Spectral Irradiance, W m-2 nm-1
values at z =      0.000 km
Columns: wavelength (nm), times (hrs.) or sza (deg.)
    wc, nm     11.000     11.500     12.000     12.500     13.000
    sza =      75.945     75.901     75.888     75.907     75.960
  280.5000  3.979E-26  3.991E-26  3.995E-26  3.990E-26  3.975E-26
  281.5000  8.786E-24  8.813E-24  8.822E-24  8.810E-24  8.777E-24
  282.5000  6.218E-22  6.238E-22  6.244E-22  6.235E-22  6.211E-22
  283.5000  8.929E-21  8.958E-21  8.967E-21  8.954E-21  8.920E-21
  284.5000  7.062E-19  7.085E-19  7.092E-19  7.082E-19  7.054E-19
  285.5000  1.126E-17  1.129E-17  1.131E-17  1.129E-17  1.124E-17
  286.5000  4.274E-16  4.289E-16  4.294E-16  4.287E-16  4.270E-16
  287.5000  9.030E-15  9.062E-15  9.072E-15  9.058E-15  9.020E-15
  288.5000  1.894E-13  1.901E-13  1.903E-13  1.900E-13  1.892E-13
  289.5000  2.915E-12  2.926E-12  2.929E-12  2.924E-12  2.911E-12
  290.5000  2.794E-11  2.805E-11  2.808E-11  2.803E-11  2.790E-11
  291.5000  2.397E-10  2.407E-10  2.409E-10  2.405E-10  2.394E-10
  292.5000  1.317E-09  1.323E-09  1.325E-09  1.322E-09  1.316E-09
  293.5000  8.383E-09  8.419E-09  8.431E-09  8.415E-09  8.371E-09
  294.5000  2.996E-08  3.010E-08  3.014E-08  3.008E-08  2.992E-08
  295.5000  1.500E-07  1.507E-07  1.509E-07  1.506E-07  1.498E-07
  296.5000  4.744E-07  4.769E-07  4.776E-07  4.766E-07  4.736E-07
  297.5000  1.569E-06  1.578E-06  1.580E-06  1.576E-06  1.566E-06
  298.5000  3.047E-06  3.066E-06  3.072E-06  3.064E-06  3.041E-06
  299.5000  1.117E-05  1.125E-05  1.127E-05  1.124E-05  1.114E-05
  300.5000  1.588E-05  1.601E-05  1.605E-05  1.599E-05  1.584E-05
  301.5000  5.212E-05  5.259E-05  5.273E-05  5.252E-05  5.196E-05
  302.5000  9.336E-05  9.426E-05  9.453E-05  9.414E-05  9.306E-05
  303.5000  2.558E-04  2.584E-04  2.592E-04  2.581E-04  2.550E-04
  304.5000  3.755E-04  3.794E-04  3.805E-04  3.788E-04  3.742E-04
  305.5000  7.969E-04  8.050E-04  8.075E-04  8.039E-04  7.942E-04
  306.5000  1.029E-03  1.039E-03  1.043E-03  1.038E-03  1.026E-03
  307.5000  2.288E-03  2.309E-03  2.316E-03  2.307E-03  2.280E-03
  308.5000  3.034E-03  3.063E-03  3.071E-03  3.059E-03  3.025E-03
  309.5000  3.622E-03  3.654E-03  3.664E-03  3.650E-03  3.612E-03
  310.5000  6.156E-03  6.207E-03  6.223E-03  6.200E-03  6.139E-03
  311.5000  9.181E-03  9.254E-03  9.276E-03  9.244E-03  9.157E-03
  312.5000  1.173E-02  1.181E-02  1.184E-02  1.180E-02  1.170E-02
  313.5000  1.417E-02  1.428E-02  1.431E-02  1.426E-02  1.414E-02
  314.5000  1.791E-02  1.803E-02  1.807E-02  1.801E-02  1.787E-02
  315.5000  1.923E-02  1.935E-02  1.939E-02  1.933E-02  1.919E-02
  316.5000  2.301E-02  2.315E-02  2.319E-02  2.313E-02  2.297E-02
  317.5000  3.258E-02  3.277E-02  3.283E-02  3.274E-02  3.251E-02
  318.5000  3.036E-02  3.052E-02  3.057E-02  3.050E-02  3.030E-02
  319.5000  3.827E-02  3.847E-02  3.854E-02  3.845E-02  3.820E-02
  320.5000  4.844E-02  4.870E-02  4.877E-02  4.866E-02  4.836E-02
  321.5000  4.803E-02  4.826E-02  4.833E-02  4.823E-02  4.795E-02
  322.5000  4.297E-02  4.319E-02  4.325E-02  4.316E-02  4.289E-02
  323.5000  5.342E-02  5.366E-02  5.374E-02  5.363E-02  5.334E-02
  324.5000  6.230E-02  6.259E-02  6.268E-02  6.255E-02  6.221E-02
  325.5000  6.823E-02  6.854E-02  6.864E-02  6.850E-02  6.812E-02
  326.5000  9.370E-02  9.410E-02  9.422E-02  9.405E-02  9.357E-02
  327.5000  8.389E-02  8.426E-02  8.437E-02  8.421E-02  8.377E-02
  328.5000  7.765E-02  7.799E-02  7.809E-02  7.795E-02  7.754E-02
  329.5000  1.105E-01  1.110E-01  1.111E-01  1.109E-01  1.104E-01
  330.5000  9.680E-02  9.721E-02  9.733E-02  9.716E-02  9.667E-02
  331.5000  9.503E-02  9.543E-02  9.555E-02  9.538E-02  9.490E-02
  332.5000  1.001E-01  1.005E-01  1.006E-01  1.005E-01  9.998E-02
  333.5000  9.154E-02  9.192E-02  9.204E-02  9.187E-02  9.142E-02
  334.5000  1.039E-01  1.043E-01  1.045E-01  1.043E-01  1.038E-01
  335.5000  1.088E-01  1.093E-01  1.094E-01  1.092E-01  1.087E-01
  336.5000  8.440E-02  8.474E-02  8.485E-02  8.470E-02  8.429E-02
  337.5000  9.074E-02  9.111E-02  9.122E-02  9.106E-02  9.061E-02
  338.5000  9.911E-02  9.951E-02  9.963E-02  9.945E-02  9.898E-02
  339.5000  1.084E-01  1.088E-01  1.089E-01  1.087E-01  1.082E-01
  340.5000  1.146E-01  1.151E-01  1.152E-01  1.150E-01  1.145E-01
  341.5000  1.036E-01  1.041E-01  1.042E-01  1.040E-01  1.035E-01
  342.5000  1.153E-01  1.158E-01  1.159E-01  1.157E-01  1.152E-01
  343.5000  1.192E-01  1.197E-01  1.199E-01  1.197E-01  1.191E-01
  344.5000  8.315E-02  8.348E-02  8.358E-02  8.344E-02  8.304E-02
  345.5000  1.159E-01  1.164E-01  1.165E-01  1.163E-01  1.158E-01
  346.5000  1.075E-01  1.080E-01  1.081E-01  1.079E-01  1.074E-01
  347.5000  1.053E-01  1.057E-01  1.059E-01  1.057E-01  1.052E-01
  348.5000  1.163E-01  1.168E-01  1.169E-01  1.167E-01  1.162E-01
  349.5000  9.756E-02  9.795E-02  9.806E-02  9.789E-02  9.743E-02
  350.5000  1.369E-01  1.374E-01  1.376E-01  1.374E-01  1.367E-01
  351.5000  1.180E-01  1.184E-01  1.186E-01  1.184E-01  1.178E-01
  352.5000  1.067E-01  1.071E-01  1.072E-01  1.070E-01  1.065E-01
  353.5000  1.288E-01  1.293E-01  1.294E-01  1.292E-01  1.286E-01
  354.5000  1.398E-01  1.403E-01  1.405E-01  1.402E-01  1.396E-01
  355.5000  1.308E-01  1.313E-01  1.315E-01  1.313E-01  1.306E-01
  356.5000  1.215E-01  1.220E-01  1.222E-01  1.220E-01  1.214E-01
  357.5000  1.035E-01  1.039E-01  1.040E-01  1.038E-01  1.033E-01
  358.5000  8.000E-02  8.031E-02  8.041E-02  8.027E-02  7.989E-02
  359.5000  1.348E-01  1.353E-01  1.355E-01  1.353E-01  1.346E-01
  360.5000  1.251E-01  1.256E-01  1.258E-01  1.256E-01  1.250E-01
  361.5000  1.130E-01  1.135E-01  1.136E-01  1.134E-01  1.129E-01
  362.5000  1.329E-01  1.335E-01  1.336E-01  1.334E-01  1.328E-01
  363.5000  1.184E-01  1.189E-01  1.191E-01  1.188E-01  1.183E-01
  364.5000  1.294E-01  1.299E-01  1.300E-01  1.298E-01  1.292E-01
  365.5000  1.578E-01  1.584E-01  1.586E-01  1.583E-01  1.576E-01
  366.5000  1.673E-01  1.679E-01  1.681E-01  1.679E-01  1.671E-01
  367.5000  1.591E-01  1.597E-01  1.599E-01  1.596E-01  1.589E-01
  368.5000  1.399E-01  1.405E-01  1.407E-01  1.404E-01  1.398E-01
  369.5000  1.681E-01  1.688E-01  1.690E-01  1.687E-01  1.679E-01
  370.5000  1.527E-01  1.533E-01  1.535E-01  1.533E-01  1.525E-01
  371.5000  1.750E-01  1.757E-01  1.759E-01  1.756E-01  1.748E-01
  372.5000  1.295E-01  1.300E-01  1.301E-01  1.299E-01  1.293E-01
  373.5000  1.172E-01  1.176E-01  1.178E-01  1.176E-01  1.170E-01
  374.5000  1.288E-01  1.293E-01  1.294E-01  1.292E-01  1.286E-01
  375.5000  1.455E-01  1.461E-01  1.463E-01  1.460E-01  1.453E-01
  376.5000  1.455E-01  1.461E-01  1.463E-01  1.460E-01  1.453E-01
  377.5000  1.735E-01  1.742E-01  1.744E-01  1.741E-01  1.733E-01
  378.5000  1.894E-01  1.902E-01  1.904E-01  1.901E-01  1.892E-01
  379.5000  1.403E-01  1.409E-01  1.411E-01  1.408E-01  1.402E-01
  380.5000  1.690E-01  1.697E-01  1.699E-01  1.696E-01  1.688E-01
  381.5000  1.591E-01  1.597E-01  1.599E-01  1.596E-01  1.588E-01
  382.5000  1.061E-01  1.066E-01  1.067E-01  1.065E-01  1.060E-01
  383.5000  9.334E-02  9.371E-02  9.382E-02  9.366E-02  9.322E-02
  384.5000  1.403E-01  1.408E-01  1.410E-01  1.408E-01  1.401E-01
  385.5000  1.390E-01  1.396E-01  1.397E-01  1.395E-01  1.388E-01
  386.5000  1.419E-01  1.425E-01  1.426E-01  1.424E-01  1.417E-01
  387.5000  1.321E-01  1.326E-01  1.328E-01  1.325E-01  1.319E-01
  388.5000  1.326E-01  1.331E-01  1.333E-01  1.330E-01  1.324E-01
  389.5000  1.674E-01  1.681E-01  1.683E-01  1.680E-01  1.672E-01
  390.5000  1.647E-01  1.654E-01  1.656E-01  1.653E-01  1.645E-01
  391.5000  1.957E-01  1.965E-01  1.967E-01  1.964E-01  1.954E-01
  392.5000  1.470E-01  1.475E-01  1.477E-01  1.475E-01  1.468E-01
  393.5000  6.399E-02  6.424E-02  6.432E-02  6.421E-02  6.390E-02
  394.5000  1.508E-01  1.514E-01  1.516E-01  1.513E-01  1.506E-01
  395.5000  1.943E-01  1.951E-01  1.953E-01  1.950E-01  1.940E-01
  396.5000  1.143E-01  1.147E-01  1.149E-01  1.147E-01  1.141E-01
  397.5000  1.321E-01  1.326E-01  1.327E-01  1.325E-01  1.319E-01
  398.5000  2.273E-01  2.282E-01  2.285E-01  2.281E-01  2.270E-01
  399.5000  2.367E-01  2.377E-01  2.380E-01  2.376E-01  2.364E-01
  400.5000  2.493E-01  2.503E-01  2.506E-01  2.501E-01  2.489E-01
  401.5000  2.568E-01  2.579E-01  2.582E-01  2.577E-01  2.565E-01
  402.5000  2.671E-01  2.681E-01  2.684E-01  2.680E-01  2.667E-01
  403.5000  2.448E-01  2.458E-01  2.461E-01  2.457E-01  2.445E-01
  404.5000  2.405E-01  2.414E-01  2.417E-01  2.413E-01  2.402E-01
  405.5000  2.502E-01  2.512E-01  2.515E-01  2.511E-01  2.499E-01
  406.5000  2.360E-01  2.369E-01  2.372E-01  2.368E-01  2.357E-01
  407.5000  2.383E-01  2.392E-01  2.395E-01  2.391E-01  2.380E-01
  408.5000  2.658E-01  2.668E-01  2.671E-01  2.667E-01  2.654E-01
  409.5000  2.609E-01  2.620E-01  2.623E-01  2.618E-01  2.606E-01
  410.5000  2.266E-01  2.275E-01  2.278E-01  2.274E-01  2.263E-01
  411.5000  2.728E-01  2.739E-01  2.742E-01  2.737E-01  2.724E-01
  412.5000  2.708E-01  2.719E-01  2.722E-01  2.717E-01  2.704E-01
  413.5000  2.630E-01  2.641E-01  2.644E-01  2.640E-01  2.627E-01
  414.5000  2.708E-01  2.718E-01  2.722E-01  2.717E-01  2.704E-01
  415.5000  2.593E-01  2.604E-01  2.607E-01  2.602E-01  2.590E-01
  416.5000  2.827E-01  2.838E-01  2.841E-01  2.836E-01  2.823E-01
  417.5000  2.588E-01  2.598E-01  2.601E-01  2.597E-01  2.584E-01
  418.5000  2.612E-01  2.622E-01  2.626E-01  2.621E-01  2.609E-01
  419.5000  2.702E-01  2.713E-01  2.716E-01  2.712E-01  2.699E-01
------------------------------------------------------------
Dose rates, W m-2
   1 = UV-B, 280-315 nm                                  
   2 = UV-A, 315-400 nm                                  
   3 = Gaussian, 320 nm, 10 nm FWHM                      
   4 = RB Meter, model 501                               
   5 = DNA damage, in vitro (Setlow, 1974)               
   6 = UV index (WMO, 1994; Webb et al., 2011)           
   7 = Previtamin-D3 (CIE 2006)                          
values at z =      0.000 km
Columns: time, sza, weighting spectra
time, hrs.  sza, deg.          1          2          3          4          5          6          7
   11.0000     75.945  7.073E-02  1.001E+01  4.189E-02  2.267E-02  1.005E-04  4.965E-01  1.225E-02
   11.5000     75.901  7.127E-02  1.005E+01  4.210E-02  2.281E-02  1.012E-04  4.994E-01  1.235E-02
   12.0000     75.888  7.143E-02  1.006E+01  4.217E-02  2.286E-02  1.015E-04  5.003E-01  1.238E-02
   12.5000     75.907  7.120E-02  1.004E+01  4.208E-02  2.279E-02  1.011E-04  4.990E-01  1.233E-02
   13.0000     75.960  7.055E-02  9.994E+00  4.182E-02  2.262E-02  1.003E-04  4.956E-01  1.222E-02
------------------------------------------------------------
