Spectral Irradiance, W m-2 nm-1
values at z =      0.000 km
Columns: wavelength (nm), times (hrs.) or sza (deg.)
    wc, nm     11.000     11.500     12.000     12.500     13.000
    sza =      20.690     15.186     11.757     12.292     16.405
  280.5000  1.396E-13  3.264E-13  4.789E-13  4.543E-13  2.775E-13
  281.5000  3.763E-12  8.169E-12  1.159E-11  1.105E-11  7.044E-12
  282.5000  4.361E-11  8.879E-11  1.224E-10  1.171E-10  7.750E-11
  283.5000  1.940E-10  3.790E-10  5.128E-10  4.919E-10  3.334E-10
  284.5000  1.777E-09  3.218E-09  4.208E-09  4.056E-09  2.872E-09
  285.5000  5.721E-09  9.799E-09  1.249E-08  1.208E-08  8.840E-09
  286.5000  6.340E-08  1.040E-07  1.301E-07  1.261E-07  9.460E-08
  287.5000  3.385E-07  5.294E-07  6.480E-07  6.302E-07  4.860E-07
  288.5000  1.570E-06  2.331E-06  2.788E-06  2.720E-06  2.162E-06
  289.5000  8.152E-06  1.166E-05  1.371E-05  1.308E-05  1.089E-05
  290.5000  3.113E-05  4.318E-05  5.006E-05  4.905E-05  4.056E-05
  291.5000  9.285E-05  1.243E-04  1.418E-04  1.393E-04  1.175E-04
  292.5000  2.122E-04  2.760E-04  3.108E-04  3.058E-04  2.624E-04
  293.5000  5.828E-04  7.374E-04  8.204E-04  8.084E-04  7.049E-04
  294.5000  1.064E-03  1.318E-03  1.452E-03  1.433E-03  1.265E-03
  295.5000  2.562E-03  3.102E-03  3.382E-03  3.342E-03  2.990E-03
  296.5000  4.313E-03  5.125E-03  5.541E-03  5.482E-03  4.958E-03
  297.5000  8.010E-03  9.361E-03  1.005E-02  9.949E-03  9.085E-03
  298.5000  9.301E-03  1.072E-02  1.143E-02  1.133E-02  1.043E-02
  299.5000  2.023E-02  2.301E-02  2.439E-02  2.420E-02  2.245E-02
  300.5000  1.861E-02  2.095E-02  2.211E-02  2.195E-02  2.048E-02
  301.5000  3.619E-02  4.031E-02  4.233E-02  4.205E-02  3.948E-02
  302.5000  4.452E-02  4.923E-02  5.153E-02  5.121E-02  4.829E-02
  303.5000  7.480E-02  8.202E-02  8.553E-02  8.503E-02  8.058E-02
  304.5000  8.115E-02  8.854E-02  9.213E-02  9.162E-02  8.707E-02
  305.5000  1.059E-01  1.147E-01  1.190E-01  1.184E-01  1.130E-01
  306.5000  1.101E-01  1.189E-01  1.231E-01  1.225E-01  1.171E-01
  307.5000  1.573E-01  1.674E-01  1.744E-01  1.736E-01  1.665E-01
  308.5000  1.755E-01  1.879E-01  1.939E-01  1.930E-01  1.855E-01
  309.5000  1.537E-01  1.640E-01  1.688E-01  1.682E-01  1.619E-01
  310.5000  2.084E-01  2.216E-01  2.280E-01  2.271E-01  2.190E-01
  311.5000  2.674E-01  2.838E-01  2.917E-01  2.906E-01  2.806E-01
  312.5000  2.595E-01  2.745E-01  2.817E-01  2.807E-01  2.715E-01
  313.5000  2.939E-01  3.107E-01  3.186E-01  3.175E-01  3.074E-01
  314.5000  2.923E-01  3.080E-01  3.155E-01  3.145E-01  3.049E-01
  315.5000  3.016E-01  3.177E-01  3.253E-01  3.242E-01  3.145E-01
  316.5000  2.991E-01  3.144E-01  3.216E-01  3.206E-01  3.113E-01
  317.5000  4.229E-01  4.444E-01  4.546E-01  4.532E-01  4.401E-01
  318.5000  3.312E-01  3.474E-01  3.550E-01  3.540E-01  3.442E-01
  319.5000  4.038E-01  4.232E-01  4.325E-01  4.312E-01  4.194E-01
  320.5000  4.907E-01  5.141E-01  5.252E-01  5.237E-01  5.095E-01
  321.5000  4.148E-01  4.338E-01  4.428E-01  4.415E-01  4.301E-01
  322.5000  4.190E-01  4.387E-01  4.480E-01  4.467E-01  4.348E-01
  323.5000  4.290E-01  4.482E-01  4.573E-01  4.561E-01  4.445E-01
  324.5000  5.035E-01  5.261E-01  5.367E-01  5.352E-01  5.216E-01
  325.5000  5.631E-01  5.901E-01  6.021E-01  6.005E-01  5.851E-01
  326.5000  6.800E-01  7.095E-01  7.235E-01  7.215E-01  7.037E-01
  327.5000  6.342E-01  6.619E-01  6.751E-01  6.733E-01  6.565E-01
  328.5000  5.854E-01  6.109E-01  6.231E-01  6.214E-01  6.059E-01
  329.5000  7.554E-01  7.875E-01  8.027E-01  8.006E-01  7.812E-01
  330.5000  6.879E-01  7.174E-01  7.314E-01  7.294E-01  7.116E-01
  331.5000  6.799E-01  7.090E-01  7.228E-01  7.209E-01  7.033E-01
  332.5000  6.671E-01  6.951E-01  7.084E-01  7.065E-01  6.896E-01
  333.5000  6.276E-01  6.541E-01  6.667E-01  6.649E-01  6.489E-01
  334.5000  7.004E-01  7.299E-01  7.438E-01  7.419E-01  7.241E-01
  335.5000  7.085E-01  7.380E-01  7.519E-01  7.500E-01  7.322E-01
  336.5000  5.541E-01  5.771E-01  5.880E-01  5.865E-01  5.726E-01
  337.5000  6.088E-01  6.342E-01  6.463E-01  6.446E-01  6.292E-01
  338.5000  6.412E-01  6.676E-01  6.802E-01  6.784E-01  6.624E-01
  339.5000  6.966E-01  7.253E-01  7.389E-01  7.370E-01  7.197E-01
  340.5000  7.451E-01  7.758E-01  7.903E-01  7.883E-01  7.698E-01
  341.5000  6.608E-01  6.879E-01  7.007E-01  6.989E-01  6.826E-01
  342.5000  7.317E-01  7.616E-01  7.758E-01  7.738E-01  7.558E-01
  343.5000  7.601E-01  7.911E-01  8.058E-01  8.038E-01  7.850E-01
  344.5000  5.328E-01  5.545E-01  5.648E-01  5.634E-01  5.503E-01
  345.5000  7.290E-01  7.586E-01  7.726E-01  7.706E-01  7.528E-01
  346.5000  6.821E-01  7.098E-01  7.229E-01  7.211E-01  7.044E-01
  347.5000  6.662E-01  6.932E-01  7.060E-01  7.042E-01  6.879E-01
  348.5000  7.317E-01  7.613E-01  7.753E-01  7.734E-01  7.555E-01
  349.5000  6.130E-01  6.378E-01  6.495E-01  6.479E-01  6.329E-01
  350.5000  8.580E-01  8.926E-01  9.089E-01  9.066E-01  8.858E-01
  351.5000  7.393E-01  7.690E-01  7.831E-01  7.811E-01  7.632E-01
  352.5000  6.664E-01  6.932E-01  7.059E-01  7.041E-01  6.880E-01
  353.5000  8.019E-01  8.340E-01  8.492E-01  8.471E-01  8.277E-01
  354.5000  8.674E-01  9.021E-01  9.185E-01  9.162E-01  8.953E-01
  355.5000  8.104E-01  8.427E-01  8.580E-01  8.559E-01  8.364E-01
  356.5000  7.518E-01  7.817E-01  7.959E-01  7.939E-01  7.758E-01
  357.5000  6.390E-01  6.645E-01  6.765E-01  6.748E-01  6.595E-01
  358.5000  4.929E-01  5.125E-01  5.218E-01  5.205E-01  5.087E-01
  359.5000  8.293E-01  8.622E-01  8.777E-01  8.756E-01  8.557E-01
  360.5000  7.684E-01  7.988E-01  8.132E-01  8.112E-01  7.928E-01
  361.5000  6.925E-01  7.199E-01  7.328E-01  7.310E-01  7.145E-01
  362.5000  8.129E-01  8.450E-01  8.601E-01  8.580E-01  8.387E-01
  363.5000  7.228E-01  7.513E-01  7.648E-01  7.629E-01  7.457E-01
  364.5000  7.883E-01  8.193E-01  8.339E-01  8.319E-01  8.132E-01
  365.5000  9.602E-01  9.979E-01  1.016E+00  1.013E+00  9.905E-01
  366.5000  1.016E+00  1.056E+00  1.075E+00  1.072E+00  1.048E+00
  367.5000  9.641E-01  1.002E+00  1.020E+00  1.017E+00  9.945E-01
  368.5000  8.467E-01  8.798E-01  8.954E-01  8.933E-01  8.733E-01
  369.5000  1.015E+00  1.055E+00  1.074E+00  1.071E+00  1.047E+00
  370.5000  9.208E-01  9.567E-01  9.737E-01  9.713E-01  9.497E-01
  371.5000  1.053E+00  1.094E+00  1.114E+00  1.111E+00  1.086E+00
  372.5000  7.777E-01  8.080E-01  8.222E-01  8.202E-01  8.020E-01
  373.5000  7.027E-01  7.300E-01  7.429E-01  7.411E-01  7.247E-01
  374.5000  7.710E-01  8.009E-01  8.151E-01  8.131E-01  7.951E-01
  375.5000  8.697E-01  9.033E-01  9.192E-01  9.170E-01  8.967E-01
  376.5000  8.681E-01  9.017E-01  9.176E-01  9.153E-01  8.951E-01
  377.5000  1.033E+00  1.073E+00  1.092E+00  1.090E+00  1.066E+00
  378.5000  1.126E+00  1.169E+00  1.190E+00  1.187E+00  1.161E+00
  379.5000  8.328E-01  8.649E-01  8.800E-01  8.779E-01  8.586E-01
  380.5000  1.001E+00  1.040E+00  1.058E+00  1.055E+00  1.032E+00
  381.5000  9.406E-01  9.767E-01  9.938E-01  9.914E-01  9.696E-01
  382.5000  6.266E-01  6.506E-01  6.619E-01  6.604E-01  6.459E-01
  383.5000  5.500E-01  5.711E-01  5.810E-01  5.797E-01  5.670E-01
  384.5000  8.252E-01  8.568E-01  8.717E-01  8.696E-01  8.506E-01
  385.5000  8.162E-01  8.474E-01  8.621E-01  8.600E-01  8.413E-01
  386.5000  8.318E-01  8.635E-01  8.785E-01  8.764E-01  8.573E-01
  387.5000  7.728E-01  8.022E-01  8.161E-01  8.142E-01  7.965E-01
  388.5000  7.744E-01  8.039E-01  8.178E-01  8.158E-01  7.981E-01
  389.5000  9.763E-01  1.013E+00  1.031E+00  1.028E+00  1.006E+00
  390.5000  9.587E-01  9.951E-01  1.012E+00  1.010E+00  9.880E-01
  391.5000  1.137E+00  1.180E+00  1.201E+00  1.198E+00  1.172E+00
  392.5000  8.525E-01  8.847E-01  9.000E-01  8.978E-01  8.784E-01
  393.5000  3.705E-01  3.845E-01  3.911E-01  3.902E-01  3.818E-01
  394.5000  8.717E-01  9.046E-01  9.201E-01  9.179E-01  8.981E-01
  395.5000  1.121E+00  1.164E+00  1.184E+00  1.181E+00  1.155E+00
  396.5000  6.583E-01  6.830E-01  6.947E-01  6.931E-01  6.782E-01
  397.5000  7.594E-01  7.880E-01  8.015E-01  7.996E-01  7.824E-01
  398.5000  1.305E+00  1.354E+00  1.377E+00  1.374E+00  1.344E+00
  399.5000  1.357E+00  1.408E+00  1.432E+00  1.428E+00  1.398E+00
  400.5000  1.426E+00  1.479E+00  1.505E+00  1.501E+00  1.469E+00
  401.5000  1.467E+00  1.522E+00  1.548E+00  1.544E+00  1.511E+00
  402.5000  1.523E+00  1.579E+00  1.606E+00  1.603E+00  1.568E+00
  403.5000  1.393E+00  1.445E+00  1.470E+00  1.466E+00  1.435E+00
  404.5000  1.366E+00  1.417E+00  1.441E+00  1.438E+00  1.407E+00
  405.5000  1.419E+00  1.472E+00  1.497E+00  1.493E+00  1.462E+00
  406.5000  1.336E+00  1.386E+00  1.410E+00  1.406E+00  1.376E+00
  407.5000  1.347E+00  1.397E+00  1.421E+00  1.417E+00  1.387E+00
  408.5000  1.500E+00  1.556E+00  1.582E+00  1.578E+00  1.545E+00
  409.5000  1.470E+00  1.525E+00  1.550E+00  1.547E+00  1.514E+00
  410.5000  1.275E+00  1.322E+00  1.344E+00  1.341E+00  1.313E+00
  411.5000  1.532E+00  1.589E+00  1.615E+00  1.612E+00  1.577E+00
  412.5000  1.518E+00  1.574E+00  1.601E+00  1.597E+00  1.563E+00
  413.5000  1.472E+00  1.526E+00  1.552E+00  1.548E+00  1.516E+00
  414.5000  1.513E+00  1.568E+00  1.595E+00  1.591E+00  1.557E+00
  415.5000  1.447E+00  1.500E+00  1.525E+00  1.522E+00  1.489E+00
  416.5000  1.574E+00  1.632E+00  1.659E+00  1.656E+00  1.621E+00
  417.5000  1.439E+00  1.492E+00  1.517E+00  1.513E+00  1.481E+00
  418.5000  1.450E+00  1.503E+00  1.528E+00  1.525E+00  1.493E+00
  419.5000  1.497E+00  1.552E+00  1.578E+00  1.575E+00  1.542E+00
------------------------------------------------------------
Dose rates, W m-2
   1 = UV-B, 280-315 nm                                  
   2 = UV-A, 315-400 nm                                  
   3 = Gaussian, 320 nm, 10 nm FWHM                      
   4 = RB Meter, model 501                               
   5 = DNA damage, in vitro (Setlow, 1974)               
   6 = UV index (WMO, 1994; Webb et al., 2011)           
   7 = Previtamin-D3 (CIE 2006)                          
values at z =      0.000 km
Columns: time, sza, weighting spectra
time, hrs.  sza, deg.          1          2          3          4          5          6          7
   11.0000     20.690  2.326E+00  6.316E+01  4.142E-01  7.083E-01  9.555E-03  1.384E+01  6.962E-01
   11.5000     15.186  2.486E+00  6.570E+01  4.341E-01  7.628E-01  1.064E-02  1.499E+01  7.543E-01
   12.0000     11.757  2.566E+00  6.690E+01  4.435E-01  7.898E-01  1.119E-02  1.557E+01  7.835E-01
   12.5000     12.292  2.555E+00  6.673E+01  4.422E-01  7.861E-01  1.111E-02  1.549E+01  7.795E-01
   13.0000     16.405  2.456E+00  6.520E+01  4.302E-01  7.523E-01  1.043E-02  1.477E+01  7.432E-01
------------------------------------------------------------
