Spectral Irradiance, W m-2 nm-1
values at z =      0.000 km
Columns: wavelength (nm), times (hrs.) or sza (deg.)
    wc, nm     11.000     11.500     12.000     12.500     13.000
    sza =      18.658     13.221      9.681     10.256     14.463
  280.5000  4.290E-14  9.301E-14  1.321E-13  1.258E-13  7.998E-14
  281.5000  1.291E-12  2.616E-12  3.602E-12  3.444E-12  2.279E-12
  282.5000  1.645E-11  3.143E-11  4.215E-11  4.045E-11  2.770E-11
  283.5000  7.782E-11  1.432E-10  1.887E-10  1.816E-10  1.271E-10
  284.5000  7.971E-10  1.369E-09  1.749E-09  1.690E-09  1.232E-09
  285.5000  2.788E-09  4.549E-09  5.680E-09  5.506E-09  4.135E-09
  286.5000  3.293E-08  5.165E-08  6.336E-08  6.157E-08  4.731E-08
  287.5000  1.887E-07  2.834E-07  3.408E-07  3.321E-07  2.618E-07
  288.5000  9.452E-07  1.354E-06  1.594E-06  1.558E-06  1.262E-06
  289.5000  5.185E-06  7.179E-06  8.322E-06  8.151E-06  6.737E-06
  290.5000  2.074E-05  2.791E-05  3.194E-05  3.134E-05  2.634E-05
  291.5000  6.519E-05  8.493E-05  9.577E-05  9.417E-05  8.065E-05
  292.5000  1.555E-04  1.973E-04  2.199E-04  2.105E-04  1.884E-04
  293.5000  4.448E-04  5.504E-04  6.064E-04  5.982E-04  5.280E-04
  294.5000  8.383E-04  1.017E-03  1.111E-03  1.097E-03  9.796E-04
  295.5000  2.087E-03  2.481E-03  2.684E-03  2.654E-03  2.398E-03
  296.5000  3.614E-03  4.222E-03  4.532E-03  4.488E-03  4.096E-03
  297.5000  6.879E-03  7.916E-03  8.439E-03  8.364E-03  7.702E-03
  298.5000  8.154E-03  9.265E-03  9.821E-03  9.741E-03  9.037E-03
  299.5000  1.809E-02  2.031E-02  2.141E-02  2.125E-02  1.985E-02
  300.5000  1.689E-02  1.879E-02  1.972E-02  1.959E-02  1.840E-02
  301.5000  3.339E-02  3.677E-02  3.843E-02  3.819E-02  3.608E-02
  302.5000  4.151E-02  4.542E-02  4.732E-02  4.705E-02  4.463E-02
  303.5000  7.064E-02  7.669E-02  7.963E-02  7.921E-02  7.547E-02
  304.5000  7.719E-02  8.344E-02  8.645E-02  8.602E-02  8.217E-02
  305.5000  1.019E-01  1.094E-01  1.130E-01  1.125E-01  1.079E-01
  306.5000  1.064E-01  1.139E-01  1.163E-01  1.170E-01  1.123E-01
  307.5000  1.533E-01  1.632E-01  1.680E-01  1.673E-01  1.613E-01
  308.5000  1.716E-01  1.824E-01  1.875E-01  1.868E-01  1.802E-01
  309.5000  1.512E-01  1.601E-01  1.643E-01  1.637E-01  1.583E-01
  310.5000  2.059E-01  2.174E-01  2.229E-01  2.221E-01  2.151E-01
  311.5000  2.649E-01  2.792E-01  2.860E-01  2.851E-01  2.763E-01
  312.5000  2.583E-01  2.714E-01  2.777E-01  2.768E-01  2.688E-01
  313.5000  2.929E-01  3.075E-01  3.145E-01  3.135E-01  3.046E-01
  314.5000  2.925E-01  3.063E-01  3.128E-01  3.119E-01  3.035E-01
  315.5000  3.020E-01  3.161E-01  3.228E-01  3.218E-01  3.133E-01
  316.5000  3.005E-01  3.139E-01  3.202E-01  3.193E-01  3.112E-01
  317.5000  4.249E-01  4.437E-01  4.527E-01  4.514E-01  4.400E-01
  318.5000  3.338E-01  3.480E-01  3.547E-01  3.537E-01  3.451E-01
  319.5000  4.071E-01  4.242E-01  4.323E-01  4.312E-01  4.208E-01
  320.5000  4.951E-01  5.157E-01  5.254E-01  5.240E-01  5.115E-01
  321.5000  4.196E-01  4.364E-01  4.443E-01  4.431E-01  4.330E-01
  322.5000  4.229E-01  4.384E-01  4.485E-01  4.473E-01  4.368E-01
  323.5000  4.345E-01  4.515E-01  4.595E-01  4.583E-01  4.481E-01
  324.5000  5.099E-01  5.298E-01  5.392E-01  5.378E-01  5.258E-01
  325.5000  5.716E-01  5.940E-01  6.046E-01  6.031E-01  5.895E-01
  326.5000  6.898E-01  7.159E-01  7.282E-01  7.264E-01  7.106E-01
  327.5000  6.429E-01  6.673E-01  6.789E-01  6.773E-01  6.624E-01
  328.5000  5.934E-01  6.159E-01  6.266E-01  6.251E-01  6.114E-01
  329.5000  7.670E-01  7.953E-01  8.087E-01  8.068E-01  7.897E-01
  330.5000  6.980E-01  7.240E-01  7.363E-01  7.345E-01  7.188E-01
  331.5000  6.897E-01  7.154E-01  7.276E-01  7.258E-01  7.102E-01
  332.5000  6.775E-01  7.022E-01  7.139E-01  7.123E-01  6.973E-01
  333.5000  6.371E-01  6.604E-01  6.715E-01  6.699E-01  6.558E-01
  334.5000  7.112E-01  7.372E-01  7.494E-01  7.477E-01  7.320E-01
  335.5000  7.198E-01  7.458E-01  7.581E-01  7.563E-01  7.406E-01
  336.5000  5.628E-01  5.831E-01  5.927E-01  5.913E-01  5.790E-01
  337.5000  6.181E-01  6.405E-01  6.511E-01  6.496E-01  6.360E-01
  338.5000  6.513E-01  6.747E-01  6.857E-01  6.842E-01  6.700E-01
  339.5000  7.077E-01  7.330E-01  7.450E-01  7.433E-01  7.279E-01
  340.5000  7.567E-01  7.838E-01  7.966E-01  7.948E-01  7.784E-01
  341.5000  6.714E-01  6.953E-01  7.066E-01  7.050E-01  6.905E-01
  342.5000  7.434E-01  7.698E-01  7.823E-01  7.805E-01  7.645E-01
  343.5000  7.721E-01  7.995E-01  8.125E-01  8.106E-01  7.940E-01
  344.5000  5.411E-01  5.604E-01  5.694E-01  5.681E-01  5.565E-01
  345.5000  7.406E-01  7.667E-01  7.791E-01  7.773E-01  7.615E-01
  346.5000  6.929E-01  7.173E-01  7.289E-01  7.272E-01  7.124E-01
  347.5000  6.767E-01  7.005E-01  7.118E-01  7.102E-01  6.958E-01
  348.5000  7.433E-01  7.694E-01  7.818E-01  7.800E-01  7.642E-01
  349.5000  6.227E-01  6.446E-01  6.549E-01  6.534E-01  6.402E-01
  350.5000  8.715E-01  9.020E-01  9.164E-01  9.144E-01  8.959E-01
  351.5000  7.509E-01  7.772E-01  7.896E-01  7.878E-01  7.719E-01
  352.5000  6.769E-01  7.005E-01  7.117E-01  7.101E-01  6.958E-01
  353.5000  8.145E-01  8.428E-01  8.562E-01  8.543E-01  8.372E-01
  354.5000  8.811E-01  9.117E-01  9.261E-01  9.241E-01  9.056E-01
  355.5000  8.231E-01  8.516E-01  8.651E-01  8.632E-01  8.459E-01
  356.5000  7.635E-01  7.900E-01  8.025E-01  8.007E-01  7.847E-01
  357.5000  6.490E-01  6.715E-01  6.821E-01  6.806E-01  6.670E-01
  358.5000  5.006E-01  5.179E-01  5.261E-01  5.249E-01  5.145E-01
  359.5000  8.422E-01  8.712E-01  8.849E-01  8.830E-01  8.654E-01
  360.5000  7.804E-01  8.072E-01  8.199E-01  8.181E-01  8.018E-01
  361.5000  7.033E-01  7.274E-01  7.388E-01  7.372E-01  7.226E-01
  362.5000  8.255E-01  8.538E-01  8.672E-01  8.653E-01  8.482E-01
  363.5000  7.341E-01  7.592E-01  7.711E-01  7.694E-01  7.542E-01
  364.5000  8.005E-01  8.279E-01  8.408E-01  8.389E-01  8.224E-01
  365.5000  9.751E-01  1.008E+00  1.024E+00  1.022E+00  1.002E+00
  366.5000  1.032E+00  1.067E+00  1.083E+00  1.081E+00  1.060E+00
  367.5000  9.790E-01  1.012E+00  1.028E+00  1.026E+00  1.006E+00
  368.5000  8.597E-01  8.889E-01  9.027E-01  9.008E-01  8.831E-01
  369.5000  1.031E+00  1.066E+00  1.082E+00  1.080E+00  1.059E+00
  370.5000  9.350E-01  9.666E-01  9.816E-01  9.794E-01  9.603E-01
  371.5000  1.069E+00  1.106E+00  1.123E+00  1.120E+00  1.098E+00
  372.5000  7.896E-01  8.163E-01  8.289E-01  8.271E-01  8.110E-01
  373.5000  7.135E-01  7.376E-01  7.489E-01  7.473E-01  7.328E-01
  374.5000  7.828E-01  8.092E-01  8.216E-01  8.199E-01  8.039E-01
  375.5000  8.829E-01  9.126E-01  9.266E-01  9.247E-01  9.067E-01
  376.5000  8.814E-01  9.110E-01  9.249E-01  9.230E-01  9.051E-01
  377.5000  1.049E+00  1.084E+00  1.101E+00  1.099E+00  1.077E+00
  378.5000  1.143E+00  1.181E+00  1.199E+00  1.197E+00  1.174E+00
  379.5000  8.455E-01  8.738E-01  8.871E-01  8.852E-01  8.681E-01
  380.5000  1.016E+00  1.050E+00  1.066E+00  1.064E+00  1.044E+00
  381.5000  9.549E-01  9.867E-01  1.002E+00  9.996E-01  9.803E-01
  382.5000  6.361E-01  6.572E-01  6.672E-01  6.658E-01  6.530E-01
  383.5000  5.584E-01  5.769E-01  5.857E-01  5.844E-01  5.732E-01
  384.5000  8.377E-01  8.655E-01  8.786E-01  8.768E-01  8.599E-01
  385.5000  8.285E-01  8.560E-01  8.690E-01  8.671E-01  8.505E-01
  386.5000  8.443E-01  8.723E-01  8.855E-01  8.836E-01  8.667E-01
  387.5000  7.844E-01  8.104E-01  8.226E-01  8.209E-01  8.052E-01
  388.5000  7.860E-01  8.120E-01  8.243E-01  8.225E-01  8.068E-01
  389.5000  9.910E-01  1.024E+00  1.039E+00  1.037E+00  1.017E+00
  390.5000  9.731E-01  1.005E+00  1.020E+00  1.018E+00  9.988E-01
  391.5000  1.154E+00  1.192E+00  1.210E+00  1.207E+00  1.185E+00
  392.5000  8.652E-01  8.937E-01  9.071E-01  9.052E-01  8.880E-01
  393.5000  3.761E-01  3.884E-01  3.942E-01  3.934E-01  3.859E-01
  394.5000  8.847E-01  9.137E-01  9.274E-01  9.254E-01  9.079E-01
  395.5000  1.138E+00  1.175E+00  1.193E+00  1.190E+00  1.168E+00
  396.5000  6.680E-01  6.899E-01  7.002E-01  6.987E-01  6.855E-01
  397.5000  7.707E-01  7.959E-01  8.078E-01  8.061E-01  7.909E-01
  398.5000  1.324E+00  1.367E+00  1.388E+00  1.385E+00  1.359E+00
  399.5000  1.377E+00  1.422E+00  1.443E+00  1.440E+00  1.413E+00
  400.5000  1.447E+00  1.494E+00  1.516E+00  1.513E+00  1.485E+00
  401.5000  1.489E+00  1.537E+00  1.560E+00  1.557E+00  1.527E+00
  402.5000  1.545E+00  1.595E+00  1.619E+00  1.616E+00  1.585E+00
  403.5000  1.414E+00  1.460E+00  1.481E+00  1.478E+00  1.451E+00
  404.5000  1.386E+00  1.431E+00  1.453E+00  1.450E+00  1.422E+00
  405.5000  1.440E+00  1.487E+00  1.509E+00  1.505E+00  1.477E+00
  406.5000  1.356E+00  1.400E+00  1.420E+00  1.418E+00  1.391E+00
  407.5000  1.367E+00  1.411E+00  1.432E+00  1.429E+00  1.402E+00
  408.5000  1.522E+00  1.571E+00  1.594E+00  1.591E+00  1.561E+00
  409.5000  1.492E+00  1.540E+00  1.562E+00  1.559E+00  1.530E+00
  410.5000  1.293E+00  1.335E+00  1.355E+00  1.352E+00  1.327E+00
  411.5000  1.554E+00  1.604E+00  1.628E+00  1.624E+00  1.594E+00
  412.5000  1.540E+00  1.590E+00  1.613E+00  1.610E+00  1.580E+00
  413.5000  1.493E+00  1.541E+00  1.564E+00  1.561E+00  1.532E+00
  414.5000  1.535E+00  1.584E+00  1.607E+00  1.604E+00  1.574E+00
  415.5000  1.468E+00  1.515E+00  1.537E+00  1.534E+00  1.505E+00
  416.5000  1.597E+00  1.648E+00  1.672E+00  1.669E+00  1.638E+00
  417.5000  1.460E+00  1.506E+00  1.528E+00  1.525E+00  1.497E+00
  418.5000  1.471E+00  1.518E+00  1.540E+00  1.537E+00  1.508E+00
  419.5000  1.519E+00  1.568E+00  1.590E+00  1.587E+00  1.558E+00
------------------------------------------------------------
Dose rates, W m-2
   1 = UV-B, 280-315 nm                                  
   2 = UV-A, 315-400 nm                                  
   3 = Gaussian, 320 nm, 10 nm FWHM                      
   4 = RB Meter, model 501                               
   5 = DNA damage, in vitro (Setlow, 1974)               
   6 = UV index (WMO, 1994; Webb et al., 2011)           
   7 = Previtamin-D3 (CIE 2006)                          
values at z =      0.000 km
Columns: time, sza, weighting spectra
time, hrs.  sza, deg.          1          2          3          4          5          6          7
   11.0000     18.658  2.279E+00  6.410E+01  4.178E-01  6.870E-01  8.836E-03  1.331E+01  6.689E-01
   11.5000     13.221  2.418E+00  6.634E+01  4.351E-01  7.334E-01  9.712E-03  1.428E+01  7.183E-01
   12.0000      9.681  2.484E+00  6.739E+01  4.435E-01  7.554E-01  1.014E-02  1.474E+01  7.417E-01
   12.5000     10.256  2.475E+00  6.724E+01  4.424E-01  7.526E-01  1.008E-02  1.468E+01  7.388E-01
   13.0000     14.463  2.390E+00  6.589E+01  4.318E-01  7.240E-01  9.532E-03  1.408E+01  7.083E-01
------------------------------------------------------------
