Spectral Irradiance, W m-2 nm-1
values at z =      0.000 km
Columns: wavelength (nm), times (hrs.) or sza (deg.)
    wc, nm     11.000     11.500     12.000     12.500     13.000
    sza =      25.292     22.399     21.403     22.558     25.570
  280.5000  1.281E-14  2.480E-14  3.041E-14  2.398E-14  1.196E-14
  281.5000  4.257E-13  7.774E-13  9.365E-13  7.539E-13  3.997E-13
  282.5000  5.906E-12  1.026E-11  1.217E-11  9.972E-12  5.573E-12
  283.5000  2.952E-11  4.966E-11  5.831E-11  4.836E-11  2.796E-11
  284.5000  3.344E-10  5.302E-10  6.114E-10  5.179E-10  3.187E-10
  285.5000  1.261E-09  1.913E-09  2.177E-09  1.873E-09  1.207E-09
  286.5000  1.577E-08  2.314E-08  2.606E-08  2.269E-08  1.515E-08
  287.5000  9.631E-08  1.362E-07  1.516E-07  1.338E-07  9.289E-08
  288.5000  5.171E-07  7.021E-07  7.718E-07  6.913E-07  5.008E-07
  289.5000  2.982E-06  3.933E-06  4.285E-06  3.878E-06  2.897E-06
  290.5000  1.244E-05  1.601E-05  1.731E-05  1.581E-05  1.211E-05
  291.5000  4.100E-05  5.135E-05  5.505E-05  5.076E-05  4.005E-05
  292.5000  1.017E-04  1.246E-04  1.326E-04  1.233E-04  9.960E-05
  293.5000  3.018E-04  3.618E-04  3.826E-04  3.584E-04  2.962E-04
  294.5000  5.857E-04  6.904E-04  7.264E-04  6.846E-04  5.757E-04
  295.5000  1.504E-03  1.741E-03  1.823E-03  1.728E-03  1.481E-03
  296.5000  2.672E-03  3.049E-03  3.176E-03  3.028E-03  2.635E-03
  297.5000  5.202E-03  5.860E-03  6.081E-03  5.825E-03  5.138E-03
  298.5000  6.286E-03  7.005E-03  7.244E-03  6.966E-03  6.215E-03
  299.5000  1.420E-02  1.566E-02  1.614E-02  1.558E-02  1.405E-02
  300.5000  1.344E-02  1.471E-02  1.513E-02  1.464E-02  1.332E-02
  301.5000  2.698E-02  2.928E-02  3.003E-02  2.915E-02  2.675E-02
  302.5000  3.388E-02  3.656E-02  3.743E-02  3.642E-02  3.361E-02
  303.5000  5.834E-02  6.254E-02  6.390E-02  6.231E-02  5.791E-02
  304.5000  6.419E-02  6.855E-02  6.911E-02  6.832E-02  6.375E-02
  305.5000  8.557E-02  9.087E-02  9.258E-02  9.058E-02  8.503E-02
  306.5000  8.974E-02  9.507E-02  9.679E-02  9.479E-02  8.920E-02
  307.5000  1.305E-01  1.376E-01  1.399E-01  1.372E-01  1.298E-01
  308.5000  1.466E-01  1.543E-01  1.567E-01  1.538E-01  1.458E-01
  309.5000  1.293E-01  1.363E-01  1.383E-01  1.359E-01  1.292E-01
  310.5000  1.775E-01  1.859E-01  1.885E-01  1.854E-01  1.767E-01
  311.5000  2.290E-01  2.394E-01  2.428E-01  2.389E-01  2.280E-01
  312.5000  2.244E-01  2.340E-01  2.370E-01  2.335E-01  2.234E-01
  313.5000  2.548E-01  2.655E-01  2.689E-01  2.649E-01  2.537E-01
  314.5000  2.555E-01  2.656E-01  2.688E-01  2.651E-01  2.544E-01
  315.5000  2.640E-01  2.744E-01  2.777E-01  2.738E-01  2.630E-01
  316.5000  2.635E-01  2.734E-01  2.765E-01  2.729E-01  2.625E-01
  317.5000  3.727E-01  3.866E-01  3.910E-01  3.859E-01  3.713E-01
  318.5000  2.937E-01  3.041E-01  3.075E-01  3.036E-01  2.926E-01
  319.5000  3.584E-01  3.711E-01  3.751E-01  3.704E-01  3.571E-01
  320.5000  4.362E-01  4.515E-01  4.563E-01  4.507E-01  4.347E-01
  321.5000  3.708E-01  3.821E-01  3.871E-01  3.825E-01  3.695E-01
  322.5000  3.730E-01  3.859E-01  3.900E-01  3.852E-01  3.717E-01
  323.5000  3.845E-01  3.970E-01  4.010E-01  3.964E-01  3.832E-01
  324.5000  4.512E-01  4.659E-01  4.706E-01  4.652E-01  4.497E-01
  325.5000  5.057E-01  5.223E-01  5.276E-01  5.214E-01  5.033E-01
  326.5000  6.116E-01  6.310E-01  6.372E-01  6.300E-01  6.096E-01
  327.5000  5.697E-01  5.879E-01  5.937E-01  5.869E-01  5.678E-01
  328.5000  5.260E-01  5.427E-01  5.481E-01  5.418E-01  5.242E-01
  329.5000  6.810E-01  7.021E-01  7.088E-01  7.010E-01  6.788E-01
  330.5000  6.194E-01  6.387E-01  6.449E-01  6.377E-01  6.174E-01
  331.5000  6.121E-01  6.312E-01  6.372E-01  6.302E-01  6.101E-01
  332.5000  6.020E-01  6.204E-01  6.263E-01  6.194E-01  6.001E-01
  333.5000  5.659E-01  5.833E-01  5.889E-01  5.824E-01  5.641E-01
  334.5000  6.320E-01  6.513E-01  6.575E-01  6.503E-01  6.300E-01
  335.5000  6.400E-01  6.594E-01  6.656E-01  6.584E-01  6.380E-01
  336.5000  5.004E-01  5.156E-01  5.204E-01  5.148E-01  4.988E-01
  337.5000  5.495E-01  5.662E-01  5.716E-01  5.653E-01  5.477E-01
  338.5000  5.794E-01  5.969E-01  6.024E-01  5.959E-01  5.776E-01
  339.5000  6.297E-01  6.486E-01  6.546E-01  6.476E-01  6.277E-01
  340.5000  6.733E-01  6.936E-01  7.000E-01  6.925E-01  6.712E-01
  341.5000  5.976E-01  6.155E-01  6.212E-01  6.145E-01  5.958E-01
  342.5000  6.618E-01  6.816E-01  6.879E-01  6.805E-01  6.598E-01
  343.5000  6.874E-01  7.079E-01  7.145E-01  7.068E-01  6.853E-01
  344.5000  4.818E-01  4.962E-01  5.008E-01  4.954E-01  4.803E-01
  345.5000  6.597E-01  6.792E-01  6.854E-01  6.782E-01  6.576E-01
  346.5000  6.171E-01  6.354E-01  6.413E-01  6.345E-01  6.152E-01
  347.5000  6.028E-01  6.207E-01  6.263E-01  6.197E-01  6.010E-01
  348.5000  6.623E-01  6.818E-01  6.881E-01  6.808E-01  6.603E-01
  349.5000  5.549E-01  5.713E-01  5.765E-01  5.704E-01  5.532E-01
  350.5000  7.767E-01  7.996E-01  8.069E-01  7.984E-01  7.744E-01
  351.5000  6.693E-01  6.890E-01  6.952E-01  6.879E-01  6.673E-01
  352.5000  6.035E-01  6.212E-01  6.268E-01  6.202E-01  6.016E-01
  353.5000  7.262E-01  7.474E-01  7.542E-01  7.463E-01  7.240E-01
  354.5000  7.857E-01  8.086E-01  8.159E-01  8.074E-01  7.833E-01
  355.5000  7.341E-01  7.555E-01  7.623E-01  7.544E-01  7.319E-01
  356.5000  6.811E-01  7.009E-01  7.072E-01  6.998E-01  6.790E-01
  357.5000  5.790E-01  5.958E-01  6.012E-01  5.949E-01  5.773E-01
  358.5000  4.467E-01  4.596E-01  4.638E-01  4.589E-01  4.453E-01
  359.5000  7.515E-01  7.733E-01  7.802E-01  7.722E-01  7.493E-01
  360.5000  6.964E-01  7.166E-01  7.230E-01  7.155E-01  6.943E-01
  361.5000  6.277E-01  6.458E-01  6.516E-01  6.449E-01  6.258E-01
  362.5000  7.369E-01  7.582E-01  7.649E-01  7.570E-01  7.347E-01
  363.5000  6.553E-01  6.742E-01  6.802E-01  6.732E-01  6.534E-01
  364.5000  7.147E-01  7.353E-01  7.418E-01  7.342E-01  7.126E-01
  365.5000  8.707E-01  8.957E-01  9.036E-01  8.944E-01  8.681E-01
  366.5000  9.212E-01  9.476E-01  9.560E-01  9.463E-01  9.185E-01
  367.5000  8.745E-01  8.995E-01  9.075E-01  8.982E-01  8.719E-01
  368.5000  7.680E-01  7.900E-01  7.969E-01  7.888E-01  7.657E-01
  369.5000  9.210E-01  9.473E-01  9.556E-01  9.459E-01  9.183E-01
  370.5000  8.354E-01  8.592E-01  8.668E-01  8.579E-01  8.329E-01
  371.5000  9.556E-01  9.828E-01  9.915E-01  9.814E-01  9.528E-01
  372.5000  7.057E-01  7.258E-01  7.321E-01  7.247E-01  7.036E-01
  373.5000  6.377E-01  6.558E-01  6.616E-01  6.549E-01  6.359E-01
  374.5000  6.998E-01  7.196E-01  7.259E-01  7.186E-01  6.977E-01
  375.5000  7.893E-01  8.117E-01  8.188E-01  8.105E-01  7.870E-01
  376.5000  7.880E-01  8.103E-01  8.174E-01  8.091E-01  7.857E-01
  377.5000  9.382E-01  9.647E-01  9.731E-01  9.633E-01  9.354E-01
  378.5000  1.022E+00  1.051E+00  1.060E+00  1.050E+00  1.019E+00
  379.5000  7.562E-01  7.775E-01  7.842E-01  7.763E-01  7.540E-01
  380.5000  9.092E-01  9.348E-01  9.429E-01  9.334E-01  9.066E-01
  381.5000  8.542E-01  8.782E-01  8.858E-01  8.769E-01  8.517E-01
  382.5000  5.691E-01  5.850E-01  5.901E-01  5.842E-01  5.674E-01
  383.5000  4.996E-01  5.136E-01  5.180E-01  5.128E-01  4.981E-01
  384.5000  7.496E-01  7.706E-01  7.772E-01  7.694E-01  7.474E-01
  385.5000  7.415E-01  7.622E-01  7.688E-01  7.611E-01  7.393E-01
  386.5000  7.557E-01  7.767E-01  7.834E-01  7.756E-01  7.535E-01
  387.5000  7.021E-01  7.217E-01  7.279E-01  7.207E-01  7.001E-01
  388.5000  7.037E-01  7.232E-01  7.295E-01  7.222E-01  7.016E-01
  389.5000  8.872E-01  9.119E-01  9.197E-01  9.106E-01  8.846E-01
  390.5000  8.713E-01  8.955E-01  9.032E-01  8.942E-01  8.688E-01
  391.5000  1.033E+00  1.062E+00  1.071E+00  1.061E+00  1.030E+00
  392.5000  7.748E-01  7.963E-01  8.031E-01  7.952E-01  7.726E-01
  393.5000  3.368E-01  3.461E-01  3.491E-01  3.456E-01  3.358E-01
  394.5000  7.924E-01  8.143E-01  8.213E-01  8.131E-01  7.901E-01
  395.5000  1.019E+00  1.048E+00  1.056E+00  1.046E+00  1.016E+00
  396.5000  5.985E-01  6.150E-01  6.202E-01  6.141E-01  5.968E-01
  397.5000  6.905E-01  7.095E-01  7.156E-01  7.085E-01  6.885E-01
  398.5000  1.186E+00  1.219E+00  1.229E+00  1.217E+00  1.183E+00
  399.5000  1.234E+00  1.268E+00  1.278E+00  1.266E+00  1.230E+00
  400.5000  1.297E+00  1.333E+00  1.344E+00  1.331E+00  1.293E+00
  401.5000  1.334E+00  1.371E+00  1.382E+00  1.369E+00  1.330E+00
  402.5000  1.385E+00  1.423E+00  1.435E+00  1.421E+00  1.381E+00
  403.5000  1.267E+00  1.302E+00  1.313E+00  1.300E+00  1.264E+00
  404.5000  1.243E+00  1.277E+00  1.288E+00  1.275E+00  1.239E+00
  405.5000  1.291E+00  1.326E+00  1.337E+00  1.324E+00  1.287E+00
  406.5000  1.216E+00  1.249E+00  1.260E+00  1.247E+00  1.212E+00
  407.5000  1.226E+00  1.259E+00  1.270E+00  1.257E+00  1.222E+00
  408.5000  1.365E+00  1.402E+00  1.414E+00  1.400E+00  1.361E+00
  409.5000  1.338E+00  1.374E+00  1.386E+00  1.372E+00  1.334E+00
  410.5000  1.160E+00  1.192E+00  1.202E+00  1.190E+00  1.157E+00
  411.5000  1.394E+00  1.432E+00  1.444E+00  1.430E+00  1.390E+00
  412.5000  1.382E+00  1.419E+00  1.431E+00  1.417E+00  1.378E+00
  413.5000  1.340E+00  1.376E+00  1.388E+00  1.374E+00  1.336E+00
  414.5000  1.377E+00  1.414E+00  1.426E+00  1.412E+00  1.373E+00
  415.5000  1.317E+00  1.352E+00  1.364E+00  1.351E+00  1.313E+00
  416.5000  1.433E+00  1.472E+00  1.484E+00  1.470E+00  1.429E+00
  417.5000  1.310E+00  1.345E+00  1.357E+00  1.343E+00  1.306E+00
  418.5000  1.320E+00  1.356E+00  1.367E+00  1.354E+00  1.316E+00
  419.5000  1.364E+00  1.400E+00  1.412E+00  1.398E+00  1.360E+00
------------------------------------------------------------
Dose rates, W m-2
   1 = UV-B, 280-315 nm                                  
   2 = UV-A, 315-400 nm                                  
   3 = Gaussian, 320 nm, 10 nm FWHM                      
   4 = RB Meter, model 501                               
   5 = DNA damage, in vitro (Setlow, 1974)               
   6 = UV index (WMO, 1994; Webb et al., 2011)           
   7 = Previtamin-D3 (CIE 2006)                          
values at z =      0.000 km
Columns: time, sza, weighting spectra
time, hrs.  sza, deg.          1          2          3          4          5          6          7
   11.0000     25.292  1.951E+00  5.717E+01  3.681E-01  5.830E-01  7.183E-03  1.122E+01  5.623E-01
   11.5000     22.399  2.051E+00  5.884E+01  3.809E-01  6.158E-01  7.768E-03  1.190E+01  5.969E-01
   12.0000     21.403  2.082E+00  5.938E+01  3.851E-01  6.259E-01  7.953E-03  1.211E+01  6.076E-01
   12.5000     22.558  2.045E+00  5.876E+01  3.803E-01  6.140E-01  7.736E-03  1.186E+01  5.951E-01
   13.0000     25.570  1.941E+00  5.699E+01  3.668E-01  5.798E-01  7.126E-03  1.116E+01  5.589E-01
------------------------------------------------------------
