Spectral Irradiance, W m-2 nm-1
values at z =      0.000 km
Columns: wavelength (nm), times (hrs.) or sza (deg.)
    wc, nm     11.000     11.500     12.000     12.500     13.000
    sza =      64.610     64.427     64.342     64.359     64.478
  280.5000  1.012E-27  1.033E-27  1.044E-27  1.041E-27  1.027E-27
  281.5000  3.489E-25  3.565E-25  3.601E-25  3.594E-25  3.544E-25
  282.5000  3.630E-23  3.712E-23  3.751E-23  3.743E-23  3.689E-23
  283.5000  6.708E-22  6.862E-22  6.936E-22  6.921E-22  6.819E-22
  284.5000  8.457E-20  8.663E-20  8.762E-20  8.742E-20  8.605E-20
  285.5000  1.915E-18  1.965E-18  1.988E-18  1.983E-18  1.950E-18
  286.5000  9.582E-17  9.846E-17  9.973E-17  9.948E-17  9.771E-17
  287.5000  2.780E-15  2.865E-15  2.906E-15  2.898E-15  2.841E-15
  288.5000  8.414E-14  8.711E-14  8.857E-14  8.827E-14  8.626E-14
  289.5000  1.722E-12  1.792E-12  1.826E-12  1.819E-12  1.772E-12
  290.5000  2.150E-11  2.248E-11  2.297E-11  2.287E-11  2.220E-11
  291.5000  2.583E-10  2.719E-10  2.785E-10  2.772E-10  2.680E-10
  292.5000  1.938E-09  2.049E-09  2.104E-09  2.093E-09  2.017E-09
  293.5000  1.707E-08  1.811E-08  1.862E-08  1.851E-08  1.781E-08
  294.5000  8.022E-08  8.516E-08  8.756E-08  8.708E-08  8.375E-08
  295.5000  5.453E-07  5.782E-07  5.942E-07  5.909E-07  5.688E-07
  296.5000  2.224E-06  2.353E-06  2.415E-06  2.402E-06  2.316E-06
  297.5000  9.124E-06  9.619E-06  9.856E-06  9.809E-06  9.479E-06
  298.5000  2.086E-05  2.192E-05  2.242E-05  2.232E-05  2.162E-05
  299.5000  8.678E-05  9.080E-05  9.271E-05  9.233E-05  8.966E-05
  300.5000  1.316E-04  1.372E-04  1.399E-04  1.394E-04  1.356E-04
  301.5000  4.425E-04  4.596E-04  4.677E-04  4.661E-04  4.548E-04
  302.5000  7.805E-04  8.084E-04  8.215E-04  8.189E-04  8.005E-04
  303.5000  2.012E-03  2.077E-03  2.108E-03  2.102E-03  2.059E-03
  304.5000  2.796E-03  2.880E-03  2.920E-03  2.912E-03  2.857E-03
  305.5000  5.285E-03  5.428E-03  5.494E-03  5.481E-03  5.388E-03
  306.5000  6.441E-03  6.605E-03  6.682E-03  6.667E-03  6.559E-03
  307.5000  1.251E-02  1.279E-02  1.292E-02  1.290E-02  1.271E-02
  308.5000  1.570E-02  1.604E-02  1.620E-02  1.617E-02  1.594E-02
  309.5000  1.685E-02  1.718E-02  1.734E-02  1.731E-02  1.709E-02
  310.5000  2.642E-02  2.691E-02  2.714E-02  2.709E-02  2.677E-02
  311.5000  3.731E-02  3.797E-02  3.828E-02  3.822E-02  3.779E-02
  312.5000  4.295E-02  4.364E-02  4.396E-02  4.390E-02  4.345E-02
  313.5000  5.070E-02  5.150E-02  5.187E-02  5.179E-02  5.128E-02
  314.5000  5.834E-02  5.918E-02  5.957E-02  5.949E-02  5.895E-02
  315.5000  6.174E-02  6.262E-02  6.302E-02  6.294E-02  6.237E-02
  316.5000  6.857E-02  6.947E-02  6.989E-02  6.980E-02  6.922E-02
  317.5000  9.716E-02  9.844E-02  9.903E-02  9.891E-02  9.808E-02
  318.5000  8.442E-02  8.545E-02  8.592E-02  8.583E-02  8.516E-02
  319.5000  1.051E-01  1.063E-01  1.069E-01  1.068E-01  1.060E-01
  320.5000  1.310E-01  1.325E-01  1.332E-01  1.331E-01  1.321E-01
  321.5000  1.217E-01  1.230E-01  1.236E-01  1.235E-01  1.226E-01
  322.5000  1.146E-01  1.159E-01  1.165E-01  1.164E-01  1.155E-01
  323.5000  1.315E-01  1.329E-01  1.335E-01  1.334E-01  1.325E-01
  324.5000  1.540E-01  1.556E-01  1.563E-01  1.562E-01  1.551E-01
  325.5000  1.704E-01  1.722E-01  1.731E-01  1.729E-01  1.717E-01
  326.5000  2.217E-01  2.239E-01  2.249E-01  2.247E-01  2.233E-01
  327.5000  2.021E-01  2.042E-01  2.051E-01  2.049E-01  2.036E-01
  328.5000  1.870E-01  1.889E-01  1.898E-01  1.896E-01  1.884E-01
  329.5000  2.556E-01  2.581E-01  2.592E-01  2.590E-01  2.574E-01
  330.5000  2.278E-01  2.300E-01  2.310E-01  2.308E-01  2.294E-01
  331.5000  2.244E-01  2.266E-01  2.276E-01  2.274E-01  2.260E-01
  332.5000  2.296E-01  2.318E-01  2.328E-01  2.326E-01  2.312E-01
  333.5000  2.127E-01  2.147E-01  2.156E-01  2.154E-01  2.141E-01
  334.5000  2.398E-01  2.421E-01  2.432E-01  2.430E-01  2.415E-01
  335.5000  2.477E-01  2.500E-01  2.511E-01  2.508E-01  2.494E-01
  336.5000  1.929E-01  1.947E-01  1.955E-01  1.954E-01  1.942E-01
  337.5000  2.095E-01  2.115E-01  2.124E-01  2.122E-01  2.109E-01
  338.5000  2.254E-01  2.275E-01  2.285E-01  2.283E-01  2.269E-01
  339.5000  2.460E-01  2.482E-01  2.493E-01  2.491E-01  2.476E-01
  340.5000  2.616E-01  2.640E-01  2.651E-01  2.649E-01  2.633E-01
  341.5000  2.348E-01  2.369E-01  2.379E-01  2.377E-01  2.363E-01
  342.5000  2.608E-01  2.632E-01  2.643E-01  2.641E-01  2.625E-01
  343.5000  2.704E-01  2.729E-01  2.740E-01  2.738E-01  2.722E-01
  344.5000  1.891E-01  1.908E-01  1.917E-01  1.915E-01  1.904E-01
  345.5000  2.617E-01  2.641E-01  2.652E-01  2.650E-01  2.634E-01
  346.5000  2.438E-01  2.460E-01  2.471E-01  2.469E-01  2.454E-01
  347.5000  2.387E-01  2.408E-01  2.418E-01  2.416E-01  2.402E-01
  348.5000  2.631E-01  2.655E-01  2.666E-01  2.664E-01  2.648E-01
  349.5000  2.207E-01  2.227E-01  2.236E-01  2.235E-01  2.221E-01
  350.5000  3.095E-01  3.123E-01  3.136E-01  3.134E-01  3.115E-01
  351.5000  2.669E-01  2.693E-01  2.704E-01  2.702E-01  2.686E-01
  352.5000  2.411E-01  2.433E-01  2.443E-01  2.441E-01  2.427E-01
  353.5000  2.908E-01  2.935E-01  2.947E-01  2.945E-01  2.927E-01
  354.5000  3.154E-01  3.182E-01  3.196E-01  3.193E-01  3.174E-01
  355.5000  2.951E-01  2.978E-01  2.990E-01  2.988E-01  2.970E-01
  356.5000  2.742E-01  2.766E-01  2.778E-01  2.775E-01  2.759E-01
  357.5000  2.333E-01  2.355E-01  2.364E-01  2.362E-01  2.349E-01
  358.5000  1.803E-01  1.820E-01  1.827E-01  1.826E-01  1.815E-01
  359.5000  3.038E-01  3.066E-01  3.078E-01  3.076E-01  3.058E-01
  360.5000  2.820E-01  2.845E-01  2.857E-01  2.854E-01  2.838E-01
  361.5000  2.546E-01  2.568E-01  2.579E-01  2.577E-01  2.562E-01
  362.5000  2.993E-01  3.020E-01  3.032E-01  3.030E-01  3.012E-01
  363.5000  2.666E-01  2.689E-01  2.700E-01  2.698E-01  2.683E-01
  364.5000  2.911E-01  2.937E-01  2.949E-01  2.946E-01  2.930E-01
  365.5000  3.550E-01  3.582E-01  3.597E-01  3.594E-01  3.573E-01
  366.5000  3.762E-01  3.795E-01  3.811E-01  3.808E-01  3.786E-01
  367.5000  3.576E-01  3.608E-01  3.623E-01  3.620E-01  3.599E-01
  368.5000  3.145E-01  3.173E-01  3.186E-01  3.183E-01  3.165E-01
  369.5000  3.776E-01  3.810E-01  3.826E-01  3.822E-01  3.801E-01
  370.5000  3.430E-01  3.460E-01  3.474E-01  3.472E-01  3.452E-01
  371.5000  3.929E-01  3.964E-01  3.980E-01  3.977E-01  3.954E-01
  372.5000  2.905E-01  2.931E-01  2.943E-01  2.940E-01  2.924E-01
  373.5000  2.629E-01  2.652E-01  2.663E-01  2.661E-01  2.645E-01
  374.5000  2.888E-01  2.914E-01  2.925E-01  2.923E-01  2.906E-01
  375.5000  3.262E-01  3.291E-01  3.304E-01  3.301E-01  3.283E-01
  376.5000  3.261E-01  3.290E-01  3.303E-01  3.300E-01  3.282E-01
  377.5000  3.887E-01  3.921E-01  3.937E-01  3.934E-01  3.912E-01
  378.5000  4.241E-01  4.278E-01  4.296E-01  4.292E-01  4.268E-01
  379.5000  3.141E-01  3.168E-01  3.181E-01  3.179E-01  3.161E-01
  380.5000  3.781E-01  3.814E-01  3.830E-01  3.827E-01  3.805E-01
  381.5000  3.557E-01  3.588E-01  3.602E-01  3.600E-01  3.579E-01
  382.5000  2.372E-01  2.393E-01  2.403E-01  2.401E-01  2.387E-01
  383.5000  2.085E-01  2.104E-01  2.112E-01  2.110E-01  2.099E-01
  384.5000  3.133E-01  3.160E-01  3.173E-01  3.170E-01  3.152E-01
  385.5000  3.103E-01  3.130E-01  3.142E-01  3.140E-01  3.122E-01
  386.5000  3.166E-01  3.193E-01  3.206E-01  3.204E-01  3.186E-01
  387.5000  2.945E-01  2.971E-01  2.983E-01  2.980E-01  2.964E-01
  388.5000  2.955E-01  2.981E-01  2.993E-01  2.990E-01  2.974E-01
  389.5000  3.730E-01  3.763E-01  3.778E-01  3.775E-01  3.754E-01
  390.5000  3.668E-01  3.699E-01  3.714E-01  3.711E-01  3.691E-01
  391.5000  4.355E-01  4.393E-01  4.411E-01  4.407E-01  4.383E-01
  392.5000  3.269E-01  3.298E-01  3.311E-01  3.308E-01  3.290E-01
  393.5000  1.423E-01  1.435E-01  1.441E-01  1.440E-01  1.432E-01
  394.5000  3.351E-01  3.380E-01  3.393E-01  3.391E-01  3.372E-01
  395.5000  4.316E-01  4.353E-01  4.370E-01  4.367E-01  4.343E-01
  396.5000  2.537E-01  2.559E-01  2.569E-01  2.567E-01  2.553E-01
  397.5000  2.930E-01  2.955E-01  2.967E-01  2.965E-01  2.948E-01
  398.5000  5.040E-01  5.083E-01  5.103E-01  5.099E-01  5.071E-01
  399.5000  5.247E-01  5.292E-01  5.313E-01  5.309E-01  5.280E-01
  400.5000  5.522E-01  5.569E-01  5.591E-01  5.587E-01  5.556E-01
  401.5000  5.687E-01  5.735E-01  5.758E-01  5.753E-01  5.722E-01
  402.5000  5.909E-01  5.960E-01  5.983E-01  5.979E-01  5.946E-01
  403.5000  5.414E-01  5.460E-01  5.482E-01  5.477E-01  5.447E-01
  404.5000  5.315E-01  5.361E-01  5.381E-01  5.377E-01  5.348E-01
  405.5000  5.527E-01  5.574E-01  5.596E-01  5.591E-01  5.561E-01
  406.5000  5.210E-01  5.255E-01  5.275E-01  5.271E-01  5.242E-01
  407.5000  5.258E-01  5.302E-01  5.323E-01  5.319E-01  5.290E-01
  408.5000  5.861E-01  5.911E-01  5.934E-01  5.929E-01  5.897E-01
  409.5000  5.751E-01  5.800E-01  5.822E-01  5.818E-01  5.786E-01
  410.5000  4.992E-01  5.034E-01  5.054E-01  5.050E-01  5.022E-01
  411.5000  6.005E-01  6.056E-01  6.080E-01  6.075E-01  6.042E-01
  412.5000  5.958E-01  6.008E-01  6.031E-01  6.027E-01  5.994E-01
  413.5000  5.783E-01  5.832E-01  5.855E-01  5.850E-01  5.819E-01
  414.5000  5.950E-01  6.000E-01  6.023E-01  6.018E-01  5.986E-01
  415.5000  5.695E-01  5.744E-01  5.766E-01  5.761E-01  5.730E-01
  416.5000  6.204E-01  6.256E-01  6.280E-01  6.276E-01  6.242E-01
  417.5000  5.676E-01  5.724E-01  5.746E-01  5.742E-01  5.711E-01
  418.5000  5.726E-01  5.774E-01  5.796E-01  5.792E-01  5.761E-01
  419.5000  5.920E-01  5.970E-01  5.993E-01  5.988E-01  5.956E-01
------------------------------------------------------------
Dose rates, W m-2
   1 = UV-B, 280-315 nm                                  
   2 = UV-A, 315-400 nm                                  
   3 = Gaussian, 320 nm, 10 nm FWHM                      
   4 = RB Meter, model 501                               
   5 = DNA damage, in vitro (Setlow, 1974)               
   6 = UV index (WMO, 1994; Webb et al., 2011)           
   7 = Previtamin-D3 (CIE 2006)                          
values at z =      0.000 km
Columns: time, sza, weighting spectra
time, hrs.  sza, deg.          1          2          3          4          5          6          7
   11.0000     64.610  2.788E-01  2.275E+01  1.112E-01  7.932E-02  4.250E-04  1.558E+00  5.357E-02
   11.5000     64.427  2.837E-01  2.295E+01  1.124E-01  8.064E-02  4.340E-04  1.582E+00  5.466E-02
   12.0000     64.342  2.860E-01  2.305E+01  1.130E-01  8.126E-02  4.382E-04  1.593E+00  5.516E-02
   12.5000     64.359  2.856E-01  2.303E+01  1.129E-01  8.113E-02  4.374E-04  1.590E+00  5.506E-02
   13.0000     64.478  2.824E-01  2.289E+01  1.121E-01  8.027E-02  4.315E-04  1.575E+00  5.435E-02
------------------------------------------------------------
