Spectral Irradiance, W m-2 nm-1
values at z =      0.000 km
Columns: wavelength (nm), times (hrs.) or sza (deg.)
    wc, nm     11.000     11.500     12.000     12.500     13.000
    sza =      28.190     26.522     26.529     28.210     31.289
  280.5000  3.097E-18  5.475E-18  5.461E-18  3.075E-18  9.386E-19
  281.5000  2.220E-16  3.731E-16  3.722E-16  2.206E-16  7.485E-17
  282.5000  5.961E-15  9.590E-15  9.570E-15  5.925E-15  2.202E-15
  283.5000  4.578E-14  7.160E-14  7.146E-14  4.553E-14  1.795E-14
  284.5000  1.133E-12  1.683E-12  1.681E-12  1.128E-12  4.951E-13
  285.5000  7.618E-12  1.089E-11  1.087E-11  7.584E-12  3.604E-12
  286.5000  1.486E-10  2.063E-10  2.060E-10  1.480E-10  7.478E-11
  287.5000  1.486E-09  1.998E-09  1.995E-09  1.481E-09  8.007E-10
  288.5000  1.363E-08  1.769E-08  1.767E-08  1.359E-08  7.910E-09
  289.5000  1.153E-07  1.459E-07  1.448E-07  1.150E-07  7.056E-08
  290.5000  6.642E-07  8.225E-07  8.217E-07  6.624E-07  4.248E-07
  291.5000  3.154E-06  3.812E-06  3.809E-06  3.146E-06  2.122E-06
  292.5000  1.055E-05  1.251E-05  1.250E-05  1.053E-05  7.399E-06
  293.5000  4.148E-05  4.826E-05  4.822E-05  4.140E-05  3.024E-05
  294.5000  1.003E-04  1.150E-04  1.150E-04  1.001E-04  7.539E-05
  295.5000  3.217E-04  3.675E-04  3.673E-04  3.250E-04  2.526E-04
  296.5000  7.022E-04  7.828E-04  7.824E-04  7.013E-04  5.599E-04
  297.5000  1.621E-03  1.787E-03  1.786E-03  1.619E-03  1.323E-03
  298.5000  2.261E-03  2.469E-03  2.468E-03  2.259E-03  1.883E-03
  299.5000  5.849E-03  6.330E-03  6.328E-03  5.844E-03  4.963E-03
  300.5000  6.144E-03  6.603E-03  6.601E-03  6.138E-03  5.288E-03
  301.5000  1.380E-02  1.472E-02  1.472E-02  1.379E-02  1.206E-02
  302.5000  1.866E-02  1.981E-02  1.980E-02  1.864E-02  1.647E-02
  303.5000  3.505E-02  3.699E-02  3.699E-02  3.502E-02  3.132E-02
  304.5000  4.055E-02  4.267E-02  4.266E-02  4.053E-02  3.649E-02
  305.5000  5.824E-02  6.098E-02  6.096E-02  5.821E-02  5.295E-02
  306.5000  6.308E-02  6.590E-02  6.589E-02  6.304E-02  5.760E-02
  307.5000  9.750E-02  1.014E-01  1.014E-01  9.745E-02  8.979E-02
  308.5000  1.121E-01  1.165E-01  1.165E-01  1.121E-01  1.036E-01
  309.5000  1.034E-01  1.072E-01  1.072E-01  1.034E-01  9.612E-02
  310.5000  1.455E-01  1.505E-01  1.505E-01  1.455E-01  1.358E-01
  311.5000  1.914E-01  1.976E-01  1.976E-01  1.913E-01  1.790E-01
  312.5000  1.939E-01  1.998E-01  1.998E-01  1.938E-01  1.822E-01
  313.5000  2.219E-01  2.286E-01  2.286E-01  2.219E-01  2.088E-01
  314.5000  2.290E-01  2.354E-01  2.354E-01  2.289E-01  2.163E-01
  315.5000  2.378E-01  2.444E-01  2.443E-01  2.377E-01  2.248E-01
  316.5000  2.427E-01  2.490E-01  2.490E-01  2.426E-01  2.301E-01
  317.5000  3.433E-01  3.522E-01  3.522E-01  3.432E-01  3.256E-01
  318.5000  2.760E-01  2.828E-01  2.828E-01  2.760E-01  2.625E-01
  319.5000  3.383E-01  3.465E-01  3.465E-01  3.382E-01  3.219E-01
  320.5000  4.137E-01  4.236E-01  4.236E-01  4.136E-01  3.940E-01
  321.5000  3.582E-01  3.663E-01  3.663E-01  3.581E-01  3.420E-01
  322.5000  3.553E-01  3.637E-01  3.637E-01  3.552E-01  3.387E-01
  323.5000  3.745E-01  3.828E-01  3.828E-01  3.744E-01  3.581E-01
  324.5000  4.392E-01  4.483E-01  4.480E-01  4.391E-01  4.196E-01
  325.5000  4.909E-01  5.018E-01  5.018E-01  4.908E-01  4.691E-01
  326.5000  6.028E-01  6.156E-01  6.155E-01  6.027E-01  5.770E-01
  327.5000  5.588E-01  5.700E-01  5.701E-01  5.587E-01  5.349E-01
  328.5000  5.160E-01  5.271E-01  5.270E-01  5.159E-01  4.940E-01
  329.5000  6.756E-01  6.896E-01  6.896E-01  6.755E-01  6.478E-01
  330.5000  6.117E-01  6.246E-01  6.245E-01  6.116E-01  5.862E-01
  331.5000  6.040E-01  6.166E-01  6.166E-01  6.038E-01  5.787E-01
  332.5000  5.988E-01  6.111E-01  6.110E-01  5.987E-01  5.745E-01
  333.5000  5.610E-01  5.726E-01  5.725E-01  5.609E-01  5.380E-01
  334.5000  6.277E-01  6.405E-01  6.405E-01  6.275E-01  6.021E-01
  335.5000  6.382E-01  6.511E-01  6.510E-01  6.380E-01  6.125E-01
  336.5000  4.984E-01  5.085E-01  5.084E-01  4.983E-01  4.783E-01
  337.5000  5.458E-01  5.569E-01  5.569E-01  5.457E-01  5.237E-01
  338.5000  5.779E-01  5.895E-01  5.895E-01  5.778E-01  5.548E-01
  339.5000  6.284E-01  6.410E-01  6.409E-01  6.283E-01  6.034E-01
  340.5000  6.710E-01  6.844E-01  6.844E-01  6.709E-01  6.442E-01
  341.5000  5.968E-01  6.087E-01  6.086E-01  5.967E-01  5.732E-01
  342.5000  6.612E-01  6.743E-01  6.743E-01  6.611E-01  6.351E-01
  343.5000  6.863E-01  6.999E-01  6.999E-01  6.862E-01  6.592E-01
  344.5000  4.807E-01  4.902E-01  4.902E-01  4.806E-01  4.617E-01
  345.5000  6.594E-01  6.724E-01  6.724E-01  6.593E-01  6.336E-01
  346.5000  6.162E-01  6.284E-01  6.283E-01  6.161E-01  5.920E-01
  347.5000  6.021E-01  6.139E-01  6.138E-01  6.019E-01  5.784E-01
  348.5000  6.617E-01  6.747E-01  6.747E-01  6.616E-01  6.359E-01
  349.5000  5.544E-01  5.653E-01  5.652E-01  5.543E-01  5.328E-01
  350.5000  7.762E-01  7.913E-01  7.913E-01  7.760E-01  7.459E-01
  351.5000  6.687E-01  6.818E-01  6.817E-01  6.686E-01  6.427E-01
  352.5000  6.030E-01  6.148E-01  6.147E-01  6.029E-01  5.796E-01
  353.5000  7.259E-01  7.400E-01  7.399E-01  7.257E-01  6.977E-01
  354.5000  7.855E-01  8.007E-01  8.007E-01  7.853E-01  7.551E-01
  355.5000  7.339E-01  7.481E-01  7.481E-01  7.338E-01  7.056E-01
  356.5000  6.809E-01  6.941E-01  6.940E-01  6.808E-01  6.547E-01
  357.5000  5.789E-01  5.900E-01  5.900E-01  5.788E-01  5.566E-01
  358.5000  4.466E-01  4.552E-01  4.552E-01  4.465E-01  4.295E-01
  359.5000  7.515E-01  7.659E-01  7.659E-01  7.513E-01  7.227E-01
  360.5000  6.964E-01  7.097E-01  7.097E-01  6.962E-01  6.697E-01
  361.5000  6.277E-01  6.397E-01  6.397E-01  6.276E-01  6.037E-01
  362.5000  7.370E-01  7.511E-01  7.510E-01  7.368E-01  7.088E-01
  363.5000  6.554E-01  6.680E-01  6.679E-01  6.553E-01  6.305E-01
  364.5000  7.148E-01  7.285E-01  7.284E-01  7.147E-01  6.876E-01
  365.5000  8.708E-01  8.874E-01  8.873E-01  8.706E-01  8.377E-01
  366.5000  9.214E-01  9.389E-01  9.389E-01  9.212E-01  8.865E-01
  367.5000  8.747E-01  8.913E-01  8.912E-01  8.745E-01  8.415E-01
  368.5000  7.682E-01  7.828E-01  7.827E-01  7.680E-01  7.391E-01
  369.5000  9.212E-01  9.387E-01  9.386E-01  9.211E-01  8.865E-01
  370.5000  8.356E-01  8.514E-01  8.514E-01  8.355E-01  8.041E-01
  371.5000  9.559E-01  9.740E-01  9.739E-01  9.557E-01  9.199E-01
  372.5000  7.060E-01  7.193E-01  7.192E-01  7.058E-01  6.794E-01
  373.5000  6.380E-01  6.500E-01  6.499E-01  6.378E-01  6.140E-01
  374.5000  7.000E-01  7.132E-01  7.131E-01  6.999E-01  6.738E-01
  375.5000  7.897E-01  8.045E-01  8.044E-01  7.895E-01  7.601E-01
  376.5000  7.884E-01  8.031E-01  8.031E-01  7.882E-01  7.589E-01
  377.5000  9.386E-01  9.561E-01  9.561E-01  9.384E-01  9.035E-01
  378.5000  1.023E+00  1.042E+00  1.042E+00  1.023E+00  9.846E-01
  379.5000  7.565E-01  7.706E-01  7.706E-01  7.564E-01  7.283E-01
  380.5000  9.096E-01  9.266E-01  9.265E-01  9.095E-01  8.758E-01
  381.5000  8.546E-01  8.705E-01  8.704E-01  8.544E-01  8.229E-01
  382.5000  5.693E-01  5.799E-01  5.799E-01  5.692E-01  5.482E-01
  383.5000  4.999E-01  5.091E-01  5.091E-01  4.998E-01  4.813E-01
  384.5000  7.500E-01  7.639E-01  7.638E-01  7.498E-01  7.222E-01
  385.5000  7.419E-01  7.556E-01  7.555E-01  7.417E-01  7.145E-01
  386.5000  7.561E-01  7.701E-01  7.700E-01  7.559E-01  7.282E-01
  387.5000  7.026E-01  7.155E-01  7.155E-01  7.024E-01  6.767E-01
  388.5000  7.041E-01  7.170E-01  7.170E-01  7.039E-01  6.782E-01
  389.5000  8.877E-01  9.041E-01  9.040E-01  8.876E-01  8.551E-01
  390.5000  8.718E-01  8.878E-01  8.878E-01  8.716E-01  8.398E-01
  391.5000  1.034E+00  1.053E+00  1.053E+00  1.034E+00  9.962E-01
  392.5000  7.753E-01  7.895E-01  7.895E-01  7.752E-01  7.469E-01
  393.5000  3.370E-01  3.432E-01  3.432E-01  3.370E-01  3.247E-01
  394.5000  7.929E-01  8.074E-01  8.074E-01  7.928E-01  7.640E-01
  395.5000  1.020E+00  1.039E+00  1.039E+00  1.020E+00  9.828E-01
  396.5000  5.989E-01  6.098E-01  6.098E-01  5.988E-01  5.771E-01
  397.5000  6.910E-01  7.036E-01  7.035E-01  6.909E-01  6.658E-01
  398.5000  1.187E+00  1.209E+00  1.209E+00  1.187E+00  1.144E+00
  399.5000  1.235E+00  1.257E+00  1.257E+00  1.234E+00  1.190E+00
  400.5000  1.298E+00  1.321E+00  1.321E+00  1.298E+00  1.251E+00
  401.5000  1.335E+00  1.359E+00  1.359E+00  1.335E+00  1.287E+00
  402.5000  1.386E+00  1.411E+00  1.411E+00  1.386E+00  1.336E+00
  403.5000  1.268E+00  1.291E+00  1.291E+00  1.268E+00  1.223E+00
  404.5000  1.244E+00  1.266E+00  1.266E+00  1.244E+00  1.199E+00
  405.5000  1.292E+00  1.315E+00  1.315E+00  1.292E+00  1.245E+00
  406.5000  1.217E+00  1.239E+00  1.239E+00  1.217E+00  1.173E+00
  407.5000  1.227E+00  1.249E+00  1.249E+00  1.226E+00  1.182E+00
  408.5000  1.366E+00  1.391E+00  1.390E+00  1.366E+00  1.317E+00
  409.5000  1.339E+00  1.363E+00  1.363E+00  1.339E+00  1.291E+00
  410.5000  1.161E+00  1.182E+00  1.182E+00  1.161E+00  1.119E+00
  411.5000  1.395E+00  1.420E+00  1.420E+00  1.395E+00  1.345E+00
  412.5000  1.383E+00  1.408E+00  1.407E+00  1.383E+00  1.333E+00
  413.5000  1.341E+00  1.365E+00  1.365E+00  1.341E+00  1.293E+00
  414.5000  1.378E+00  1.403E+00  1.403E+00  1.378E+00  1.329E+00
  415.5000  1.318E+00  1.342E+00  1.341E+00  1.318E+00  1.271E+00
  416.5000  1.434E+00  1.460E+00  1.460E+00  1.434E+00  1.383E+00
  417.5000  1.311E+00  1.334E+00  1.334E+00  1.311E+00  1.264E+00
  418.5000  1.321E+00  1.345E+00  1.345E+00  1.321E+00  1.274E+00
  419.5000  1.365E+00  1.389E+00  1.389E+00  1.364E+00  1.316E+00
------------------------------------------------------------
Dose rates, W m-2
   1 = UV-B, 280-315 nm                                  
   2 = UV-A, 315-400 nm                                  
   3 = Gaussian, 320 nm, 10 nm FWHM                      
   4 = RB Meter, model 501                               
   5 = DNA damage, in vitro (Setlow, 1974)               
   6 = UV index (WMO, 1994; Webb et al., 2011)           
   7 = Previtamin-D3 (CIE 2006)                          
values at z =      0.000 km
Columns: time, sza, weighting spectra
time, hrs.  sza, deg.          1          2          3          4          5          6          7
   11.0000     28.190  1.541E+00  5.689E+01  3.487E-01  4.395E-01  4.157E-03  8.200E+00  3.953E-01
   11.5000     26.522  1.597E+00  5.800E+01  3.570E-01  4.563E-01  4.382E-03  8.523E+00  4.124E-01
   12.0000     26.529  1.596E+00  5.800E+01  3.570E-01  4.562E-01  4.381E-03  8.522E+00  4.123E-01
   12.5000     28.210  1.541E+00  5.688E+01  3.486E-01  4.393E-01  4.154E-03  8.197E+00  3.951E-01
   13.0000     31.289  1.433E+00  5.468E+01  3.321E-01  4.068E-01  3.731E-03  7.577E+00  3.623E-01
------------------------------------------------------------
