Spectral Irradiance, W m-2 nm-1
values at z =      0.000 km
Columns: wavelength (nm), times (hrs.) or sza (deg.)
    wc, nm     11.000     11.500     12.000     12.500     13.000
    sza =      64.727     63.320     62.649     62.739     63.584
  280.5000  3.518E-20  4.322E-20  4.865E-20  4.784E-20  4.143E-20
  281.5000  2.532E-18  3.153E-18  3.587E-18  3.521E-18  3.012E-18
  282.5000  6.889E-17  8.716E-17  1.004E-16  9.839E-17  8.294E-17
  283.5000  5.345E-16  6.859E-16  7.984E-16  7.811E-16  6.504E-16
  284.5000  1.397E-14  1.857E-14  2.213E-14  2.158E-14  1.747E-14
  285.5000  1.001E-13  1.377E-13  1.674E-13  1.628E-13  1.286E-13
  286.5000  2.089E-12  2.970E-12  3.666E-12  3.558E-12  2.755E-12
  287.5000  2.330E-11  3.442E-11  4.315E-11  4.180E-11  3.171E-11
  288.5000  2.536E-10  3.892E-10  4.930E-10  4.771E-10  3.565E-10
  289.5000  2.515E-09  3.939E-09  4.997E-09  4.837E-09  3.599E-09
  290.5000  1.703E-08  2.692E-08  3.405E-08  3.298E-08  2.460E-08
  291.5000  1.009E-07  1.592E-07  1.996E-07  1.936E-07  1.458E-07
  292.5000  4.159E-07  6.475E-07  8.025E-07  7.798E-07  5.951E-07
  293.5000  2.034E-06  3.100E-06  3.787E-06  3.687E-06  2.863E-06
  294.5000  5.910E-06  8.804E-06  1.061E-05  1.035E-05  8.172E-06
  295.5000  2.363E-05  3.416E-05  4.053E-05  3.962E-05  3.190E-05
  296.5000  6.114E-05  8.587E-05  1.004E-04  9.834E-05  8.065E-05
  297.5000  1.665E-04  2.274E-04  2.622E-04  2.573E-04  2.147E-04
  298.5000  2.678E-04  3.566E-04  4.064E-04  3.994E-04  3.384E-04
  299.5000  7.955E-04  1.033E-03  1.163E-03  1.145E-03  9.845E-04
  300.5000  9.299E-04  1.183E-03  1.320E-03  1.301E-03  1.132E-03
  301.5000  2.352E-03  2.925E-03  3.229E-03  3.187E-03  2.811E-03
  302.5000  3.438E-03  4.212E-03  4.617E-03  4.562E-03  4.058E-03
  303.5000  7.094E-03  8.533E-03  9.276E-03  9.175E-03  8.250E-03
  304.5000  8.667E-03  1.031E-02  1.116E-02  1.104E-02  9.992E-03
  305.5000  1.352E-02  1.583E-02  1.700E-02  1.684E-02  1.538E-02
  306.5000  1.517E-02  1.764E-02  1.888E-02  1.872E-02  1.716E-02
  307.5000  2.515E-02  2.884E-02  3.068E-02  3.043E-02  2.813E-02
  308.5000  2.970E-02  3.389E-02  3.597E-02  3.569E-02  3.308E-02
  309.5000  2.872E-02  3.246E-02  3.431E-02  3.406E-02  3.174E-02
  310.5000  4.179E-02  4.693E-02  4.946E-02  4.912E-02  4.595E-02
  311.5000  5.620E-02  6.284E-02  6.610E-02  6.566E-02  6.157E-02
  312.5000  5.928E-02  6.576E-02  6.893E-02  6.850E-02  6.452E-02
  313.5000  6.852E-02  7.588E-02  7.947E-02  7.899E-02  7.447E-02
  314.5000  7.318E-02  8.050E-02  8.405E-02  8.358E-02  7.910E-02
  315.5000  7.647E-02  8.402E-02  8.769E-02  8.719E-02  8.258E-02
  316.5000  8.016E-02  8.761E-02  9.123E-02  9.074E-02  8.620E-02
  317.5000  1.135E-01  1.240E-01  1.292E-01  1.285E-01  1.220E-01
  318.5000  9.353E-02  1.017E-01  1.057E-01  1.052E-01  1.002E-01
  319.5000  1.152E-01  1.252E-01  1.300E-01  1.294E-01  1.233E-01
  320.5000  1.418E-01  1.539E-01  1.598E-01  1.590E-01  1.516E-01
  321.5000  1.255E-01  1.357E-01  1.405E-01  1.399E-01  1.337E-01
  322.5000  1.226E-01  1.330E-01  1.380E-01  1.373E-01  1.310E-01
  323.5000  1.327E-01  1.432E-01  1.482E-01  1.475E-01  1.412E-01
  324.5000  1.557E-01  1.679E-01  1.739E-01  1.731E-01  1.656E-01
  325.5000  1.736E-01  1.874E-01  1.940E-01  1.931E-01  1.848E-01
  326.5000  2.170E-01  2.335E-01  2.414E-01  2.403E-01  2.304E-01
  327.5000  2.003E-01  2.157E-01  2.231E-01  2.221E-01  2.128E-01
  328.5000  1.852E-01  1.994E-01  2.063E-01  2.054E-01  1.967E-01
  329.5000  2.458E-01  2.640E-01  2.727E-01  2.716E-01  2.606E-01
  330.5000  2.216E-01  2.383E-01  2.463E-01  2.452E-01  2.351E-01
  331.5000  2.188E-01  2.353E-01  2.433E-01  2.422E-01  2.322E-01
  332.5000  2.192E-01  2.352E-01  2.430E-01  2.419E-01  2.322E-01
  333.5000  2.048E-01  2.200E-01  2.273E-01  2.263E-01  2.171E-01
  334.5000  2.298E-01  2.468E-01  2.549E-01  2.538E-01  2.435E-01
  335.5000  2.349E-01  2.520E-01  2.602E-01  2.591E-01  2.488E-01
  336.5000  1.834E-01  1.968E-01  2.033E-01  2.024E-01  1.943E-01
  337.5000  2.005E-01  2.153E-01  2.224E-01  2.214E-01  2.125E-01
  338.5000  2.135E-01  2.290E-01  2.364E-01  2.354E-01  2.261E-01
  339.5000  2.326E-01  2.494E-01  2.575E-01  2.564E-01  2.462E-01
  340.5000  2.482E-01  2.663E-01  2.749E-01  2.738E-01  2.628E-01
  341.5000  2.215E-01  2.375E-01  2.452E-01  2.442E-01  2.345E-01
  342.5000  2.458E-01  2.635E-01  2.720E-01  2.709E-01  2.602E-01
  343.5000  2.552E-01  2.737E-01  2.825E-01  2.813E-01  2.702E-01
  344.5000  1.788E-01  1.918E-01  1.980E-01  1.971E-01  1.893E-01
  345.5000  2.461E-01  2.638E-01  2.723E-01  2.712E-01  2.605E-01
  346.5000  2.300E-01  2.465E-01  2.545E-01  2.534E-01  2.434E-01
  347.5000  2.250E-01  2.412E-01  2.489E-01  2.479E-01  2.381E-01
  348.5000  2.477E-01  2.655E-01  2.740E-01  2.729E-01  2.621E-01
  349.5000  2.077E-01  2.227E-01  2.298E-01  2.289E-01  2.198E-01
  350.5000  2.912E-01  3.121E-01  3.221E-01  3.208E-01  3.081E-01
  351.5000  2.511E-01  2.691E-01  2.778E-01  2.766E-01  2.657E-01
  352.5000  2.267E-01  2.430E-01  2.508E-01  2.498E-01  2.399E-01
  353.5000  2.733E-01  2.929E-01  3.023E-01  3.010E-01  2.892E-01
  354.5000  2.962E-01  3.174E-01  3.275E-01  3.261E-01  3.134E-01
  355.5000  2.771E-01  2.968E-01  3.063E-01  3.051E-01  2.931E-01
  356.5000  2.573E-01  2.757E-01  2.845E-01  2.833E-01  2.722E-01
  357.5000  2.190E-01  2.346E-01  2.421E-01  2.411E-01  2.317E-01
  358.5000  1.692E-01  1.813E-01  1.870E-01  1.863E-01  1.790E-01
  359.5000  2.850E-01  3.053E-01  3.150E-01  3.137E-01  3.015E-01
  360.5000  2.644E-01  2.832E-01  2.923E-01  2.910E-01  2.797E-01
  361.5000  2.386E-01  2.556E-01  2.637E-01  2.626E-01  2.524E-01
  362.5000  2.805E-01  3.004E-01  3.100E-01  3.087E-01  2.967E-01
  363.5000  2.497E-01  2.675E-01  2.760E-01  2.748E-01  2.641E-01
  364.5000  2.727E-01  2.920E-01  3.013E-01  3.001E-01  2.884E-01
  365.5000  3.326E-01  3.561E-01  3.674E-01  3.659E-01  3.517E-01
  366.5000  3.523E-01  3.773E-01  3.892E-01  3.876E-01  3.726E-01
  367.5000  3.348E-01  3.585E-01  3.699E-01  3.683E-01  3.540E-01
  368.5000  2.944E-01  3.152E-01  3.252E-01  3.239E-01  3.113E-01
  369.5000  3.534E-01  3.784E-01  3.904E-01  3.888E-01  3.737E-01
  370.5000  3.209E-01  3.436E-01  3.545E-01  3.530E-01  3.394E-01
  371.5000  3.676E-01  3.935E-01  4.059E-01  4.043E-01  3.886E-01
  372.5000  2.718E-01  2.909E-01  3.001E-01  2.989E-01  2.873E-01
  373.5000  2.458E-01  2.632E-01  2.715E-01  2.704E-01  2.599E-01
  374.5000  2.701E-01  2.891E-01  2.982E-01  2.970E-01  2.855E-01
  375.5000  3.050E-01  3.265E-01  3.367E-01  3.353E-01  3.224E-01
  376.5000  3.048E-01  3.263E-01  3.365E-01  3.351E-01  3.222E-01
  377.5000  3.633E-01  3.889E-01  4.011E-01  3.994E-01  3.840E-01
  378.5000  3.963E-01  4.242E-01  4.375E-01  4.357E-01  4.189E-01
  379.5000  2.935E-01  3.141E-01  3.239E-01  3.226E-01  3.102E-01
  380.5000  3.533E-01  3.780E-01  3.899E-01  3.883E-01  3.734E-01
  381.5000  3.323E-01  3.555E-01  3.667E-01  3.652E-01  3.511E-01
  382.5000  2.216E-01  2.371E-01  2.445E-01  2.435E-01  2.342E-01
  383.5000  1.948E-01  2.084E-01  2.149E-01  2.140E-01  2.058E-01
  384.5000  2.925E-01  3.130E-01  3.227E-01  3.214E-01  3.091E-01
  385.5000  2.897E-01  3.099E-01  3.196E-01  3.183E-01  3.061E-01
  386.5000  2.955E-01  3.162E-01  3.260E-01  3.247E-01  3.123E-01
  387.5000  2.749E-01  2.941E-01  3.032E-01  3.020E-01  2.905E-01
  388.5000  2.758E-01  2.950E-01  3.042E-01  3.030E-01  2.914E-01
  389.5000  3.481E-01  3.723E-01  3.839E-01  3.824E-01  3.678E-01
  390.5000  3.422E-01  3.660E-01  3.774E-01  3.759E-01  3.615E-01
  391.5000  4.064E-01  4.346E-01  4.481E-01  4.463E-01  4.293E-01
  392.5000  3.050E-01  3.262E-01  3.363E-01  3.349E-01  3.222E-01
  393.5000  1.327E-01  1.419E-01  1.463E-01  1.457E-01  1.402E-01
  394.5000  3.126E-01  3.342E-01  3.446E-01  3.432E-01  3.301E-01
  395.5000  4.025E-01  4.304E-01  4.437E-01  4.419E-01  4.251E-01
  396.5000  2.366E-01  2.529E-01  2.607E-01  2.597E-01  2.499E-01
  397.5000  2.732E-01  2.921E-01  3.011E-01  2.999E-01  2.886E-01
  398.5000  4.699E-01  5.024E-01  5.179E-01  5.158E-01  4.963E-01
  399.5000  4.892E-01  5.230E-01  5.391E-01  5.369E-01  5.166E-01
  400.5000  5.147E-01  5.503E-01  5.672E-01  5.649E-01  5.436E-01
  401.5000  5.301E-01  5.666E-01  5.840E-01  5.817E-01  5.597E-01
  402.5000  5.508E-01  5.887E-01  6.068E-01  6.044E-01  5.815E-01
  403.5000  5.046E-01  5.393E-01  5.558E-01  5.536E-01  5.327E-01
  404.5000  4.953E-01  5.294E-01  5.456E-01  5.434E-01  5.229E-01
  405.5000  5.150E-01  5.503E-01  5.672E-01  5.649E-01  5.437E-01
  406.5000  4.855E-01  5.188E-01  5.347E-01  5.325E-01  5.125E-01
  407.5000  4.899E-01  5.235E-01  5.395E-01  5.373E-01  5.171E-01
  408.5000  5.460E-01  5.834E-01  6.013E-01  5.989E-01  5.764E-01
  409.5000  5.357E-01  5.724E-01  5.899E-01  5.875E-01  5.655E-01
  410.5000  4.650E-01  4.968E-01  5.119E-01  5.099E-01  4.908E-01
  411.5000  5.594E-01  5.976E-01  6.158E-01  6.134E-01  5.904E-01
  412.5000  5.549E-01  5.928E-01  6.108E-01  6.084E-01  5.856E-01
  413.5000  5.386E-01  5.754E-01  5.929E-01  5.905E-01  5.685E-01
  414.5000  5.541E-01  5.918E-01  6.098E-01  6.074E-01  5.847E-01
  415.5000  5.304E-01  5.665E-01  5.837E-01  5.814E-01  5.597E-01
  416.5000  5.777E-01  6.170E-01  6.358E-01  6.333E-01  6.096E-01
  417.5000  5.286E-01  5.645E-01  5.816E-01  5.793E-01  5.578E-01
  418.5000  5.332E-01  5.694E-01  5.866E-01  5.843E-01  5.626E-01
  419.5000  5.512E-01  5.886E-01  6.064E-01  6.041E-01  5.816E-01
------------------------------------------------------------
Dose rates, W m-2
   1 = UV-B, 280-315 nm                                  
   2 = UV-A, 315-400 nm                                  
   3 = Gaussian, 320 nm, 10 nm FWHM                      
   4 = RB Meter, model 501                               
   5 = DNA damage, in vitro (Setlow, 1974)               
   6 = UV index (WMO, 1994; Webb et al., 2011)           
   7 = Previtamin-D3 (CIE 2006)                          
values at z =      0.000 km
Columns: time, sza, weighting spectra
time, hrs.  sza, deg.          1          2          3          4          5          6          7
   11.0000     64.727  4.350E-01  2.155E+01  1.196E-01  1.214E-01  9.195E-04  2.267E+00  1.001E-01
   11.5000     63.320  4.895E-01  2.310E+01  1.298E-01  1.369E-01  1.078E-03  2.554E+00  1.149E-01
   12.0000     62.649  5.165E-01  2.385E+01  1.348E-01  1.447E-01  1.160E-03  2.698E+00  1.223E-01
   12.5000     62.739  5.128E-01  2.375E+01  1.341E-01  1.436E-01  1.149E-03  2.678E+00  1.213E-01
   13.0000     63.584  4.790E-01  2.281E+01  1.279E-01  1.339E-01  1.047E-03  2.499E+00  1.120E-01
------------------------------------------------------------
