Spectral Irradiance, W m-2 nm-1
values at z =      0.000 km
Columns: wavelength (nm), times (hrs.) or sza (deg.)
    wc, nm     11.000     11.500     12.000     12.500     13.000
    sza =      45.748     44.202     43.427     43.468     44.325
  280.5000  3.333E-20  1.002E-19  1.689E-19  1.644E-19  9.210E-20
  281.5000  3.527E-18  9.606E-18  1.545E-17  1.507E-17  8.896E-18
  282.5000  1.323E-16  3.310E-16  5.114E-16  4.999E-16  3.085E-16
  283.5000  1.263E-15  2.989E-15  4.500E-15  4.405E-15  2.798E-15
  284.5000  4.641E-14  9.939E-14  1.427E-13  1.400E-13  9.376E-14
  285.5000  4.179E-13  8.308E-13  1.151E-12  1.132E-12  7.882E-13
  286.5000  1.021E-11  1.917E-11  2.585E-11  2.545E-11  1.826E-11
  287.5000  1.310E-10  2.309E-10  3.023E-10  2.980E-10  2.211E-10
  288.5000  1.575E-09  2.592E-09  3.285E-09  3.244E-09  2.495E-09
  289.5000  1.617E-08  2.534E-08  3.137E-08  3.102E-08  2.448E-08
  290.5000  1.096E-07  1.648E-07  1.988E-07  1.981E-07  1.597E-07
  291.5000  6.255E-07  8.979E-07  1.066E-06  1.057E-06  8.733E-07
  292.5000  2.433E-06  3.362E-06  3.921E-06  3.890E-06  3.280E-06
  293.5000  1.102E-05  1.469E-05  1.685E-05  1.673E-05  1.437E-05
  294.5000  2.977E-05  3.860E-05  4.368E-05  4.340E-05  3.784E-05
  295.5000  1.087E-04  1.367E-04  1.526E-04  1.517E-04  1.344E-04
  296.5000  2.584E-04  3.173E-04  3.499E-04  3.482E-04  3.124E-04
  297.5000  6.497E-04  7.808E-04  8.523E-04  8.484E-04  7.699E-04
  298.5000  9.735E-04  1.149E-03  1.244E-03  1.238E-03  1.135E-03
  299.5000  2.694E-03  3.126E-03  3.356E-03  3.343E-03  3.090E-03
  300.5000  2.979E-03  3.412E-03  3.641E-03  3.628E-03  3.377E-03
  301.5000  7.075E-03  7.991E-03  8.469E-03  8.443E-03  7.916E-03
  302.5000  9.921E-03  1.110E-02  1.172E-02  1.168E-02  1.101E-02
  303.5000  1.946E-02  2.154E-02  2.261E-02  2.255E-02  2.137E-02
  304.5000  2.308E-02  2.539E-02  2.658E-02  2.651E-02  2.521E-02
  305.5000  3.440E-02  3.749E-02  3.907E-02  3.898E-02  3.724E-02
  306.5000  3.786E-02  4.110E-02  4.274E-02  4.266E-02  4.084E-02
  307.5000  6.015E-02  6.500E-02  6.736E-02  6.723E-02  6.463E-02
  308.5000  7.024E-02  7.544E-02  7.806E-02  7.792E-02  7.502E-02
  309.5000  6.613E-02  7.067E-02  7.295E-02  7.283E-02  7.031E-02
  310.5000  9.443E-02  1.005E-01  1.036E-01  1.034E-01  1.001E-01
  311.5000  1.254E-01  1.332E-01  1.371E-01  1.369E-01  1.326E-01
  312.5000  1.293E-01  1.367E-01  1.404E-01  1.402E-01  1.361E-01
  313.5000  1.486E-01  1.570E-01  1.612E-01  1.610E-01  1.564E-01
  314.5000  1.556E-01  1.638E-01  1.679E-01  1.677E-01  1.632E-01
  315.5000  1.621E-01  1.705E-01  1.747E-01  1.745E-01  1.699E-01
  316.5000  1.673E-01  1.756E-01  1.796E-01  1.794E-01  1.749E-01
  317.5000  2.369E-01  2.485E-01  2.543E-01  2.539E-01  2.476E-01
  318.5000  1.925E-01  2.014E-01  2.058E-01  2.056E-01  2.007E-01
  319.5000  2.365E-01  2.473E-01  2.526E-01  2.524E-01  2.464E-01
  320.5000  2.900E-01  3.031E-01  3.096E-01  3.092E-01  3.015E-01
  321.5000  2.535E-01  2.643E-01  2.696E-01  2.694E-01  2.634E-01
  322.5000  2.499E-01  2.610E-01  2.665E-01  2.662E-01  2.601E-01
  323.5000  2.664E-01  2.775E-01  2.829E-01  2.827E-01  2.766E-01
  324.5000  3.125E-01  3.254E-01  3.317E-01  3.315E-01  3.244E-01
  325.5000  3.489E-01  3.635E-01  3.706E-01  3.703E-01  3.622E-01
  326.5000  4.318E-01  4.490E-01  4.575E-01  4.571E-01  4.476E-01
  327.5000  3.996E-01  4.157E-01  4.237E-01  4.233E-01  4.144E-01
  328.5000  3.692E-01  3.841E-01  3.915E-01  3.911E-01  3.829E-01
  329.5000  4.863E-01  5.052E-01  5.145E-01  5.140E-01  5.037E-01
  330.5000  4.395E-01  4.568E-01  4.654E-01  4.650E-01  4.555E-01
  331.5000  4.340E-01  4.511E-01  4.596E-01  4.591E-01  4.498E-01
  332.5000  4.322E-01  4.488E-01  4.570E-01  4.565E-01  4.475E-01
  333.5000  4.044E-01  4.201E-01  4.279E-01  4.275E-01  4.189E-01
  334.5000  4.531E-01  4.706E-01  4.792E-01  4.787E-01  4.692E-01
  335.5000  4.618E-01  4.793E-01  4.880E-01  4.875E-01  4.779E-01
  336.5000  3.606E-01  3.744E-01  3.811E-01  3.808E-01  3.733E-01
  337.5000  3.947E-01  4.098E-01  4.173E-01  4.169E-01  4.086E-01
  338.5000  4.189E-01  4.347E-01  4.425E-01  4.421E-01  4.334E-01
  339.5000  4.558E-01  4.730E-01  4.815E-01  4.810E-01  4.716E-01
  340.5000  4.866E-01  5.050E-01  5.141E-01  5.136E-01  5.036E-01
  341.5000  4.335E-01  4.497E-01  4.577E-01  4.573E-01  4.484E-01
  342.5000  4.806E-01  4.985E-01  5.074E-01  5.069E-01  4.971E-01
  343.5000  4.989E-01  5.176E-01  5.268E-01  5.263E-01  5.161E-01
  344.5000  3.495E-01  3.626E-01  3.690E-01  3.687E-01  3.615E-01
  345.5000  4.801E-01  4.980E-01  5.068E-01  5.063E-01  4.965E-01
  346.5000  4.487E-01  4.653E-01  4.736E-01  4.732E-01  4.640E-01
  347.5000  4.386E-01  4.549E-01  4.629E-01  4.625E-01  4.536E-01
  348.5000  4.824E-01  5.003E-01  5.091E-01  5.086E-01  4.989E-01
  349.5000  4.044E-01  4.193E-01  4.267E-01  4.263E-01  4.181E-01
  350.5000  5.664E-01  5.873E-01  5.976E-01  5.971E-01  5.856E-01
  351.5000  4.882E-01  5.062E-01  5.151E-01  5.146E-01  5.048E-01
  352.5000  4.405E-01  4.567E-01  4.647E-01  4.643E-01  4.554E-01
  353.5000  5.305E-01  5.500E-01  5.596E-01  5.591E-01  5.484E-01
  354.5000  5.744E-01  5.955E-01  6.059E-01  6.053E-01  5.938E-01
  355.5000  5.370E-01  5.566E-01  5.663E-01  5.658E-01  5.551E-01
  356.5000  4.984E-01  5.167E-01  5.256E-01  5.252E-01  5.152E-01
  357.5000  4.239E-01  4.394E-01  4.470E-01  4.466E-01  4.382E-01
  358.5000  3.272E-01  3.392E-01  3.451E-01  3.447E-01  3.382E-01
  359.5000  5.509E-01  5.709E-01  5.808E-01  5.803E-01  5.693E-01
  360.5000  5.107E-01  5.293E-01  5.385E-01  5.380E-01  5.278E-01
  361.5000  4.606E-01  4.773E-01  4.856E-01  4.851E-01  4.760E-01
  362.5000  5.410E-01  5.606E-01  5.703E-01  5.698E-01  5.591E-01
  363.5000  4.814E-01  4.988E-01  5.074E-01  5.070E-01  4.974E-01
  364.5000  5.253E-01  5.442E-01  5.536E-01  5.531E-01  5.427E-01
  365.5000  6.402E-01  6.633E-01  6.747E-01  6.740E-01  6.614E-01
  366.5000  6.777E-01  7.021E-01  7.141E-01  7.135E-01  7.001E-01
  367.5000  6.436E-01  6.667E-01  6.782E-01  6.776E-01  6.649E-01
  368.5000  5.655E-01  5.858E-01  5.958E-01  5.953E-01  5.842E-01
  369.5000  6.785E-01  7.028E-01  7.148E-01  7.142E-01  7.009E-01
  370.5000  6.157E-01  6.377E-01  6.486E-01  6.481E-01  6.360E-01
  371.5000  7.046E-01  7.298E-01  7.423E-01  7.416E-01  7.278E-01
  372.5000  5.206E-01  5.392E-01  5.484E-01  5.479E-01  5.377E-01
  373.5000  4.707E-01  4.875E-01  4.957E-01  4.953E-01  4.861E-01
  374.5000  5.167E-01  5.351E-01  5.442E-01  5.437E-01  5.336E-01
  375.5000  5.831E-01  6.038E-01  6.141E-01  6.135E-01  6.022E-01
  376.5000  5.824E-01  6.031E-01  6.133E-01  6.128E-01  6.014E-01
  377.5000  6.937E-01  7.183E-01  7.304E-01  7.298E-01  7.163E-01
  378.5000  7.562E-01  7.830E-01  7.962E-01  7.955E-01  7.809E-01
  379.5000  5.596E-01  5.794E-01  5.892E-01  5.886E-01  5.778E-01
  380.5000  6.731E-01  6.969E-01  7.086E-01  7.080E-01  6.950E-01
  381.5000  6.326E-01  6.550E-01  6.660E-01  6.654E-01  6.532E-01
  382.5000  4.216E-01  4.365E-01  4.438E-01  4.435E-01  4.353E-01
  383.5000  3.703E-01  3.834E-01  3.898E-01  3.895E-01  3.823E-01
  384.5000  5.559E-01  5.754E-01  5.851E-01  5.846E-01  5.739E-01
  385.5000  5.501E-01  5.694E-01  5.789E-01  5.784E-01  5.679E-01
  386.5000  5.608E-01  5.805E-01  5.902E-01  5.897E-01  5.790E-01
  387.5000  5.213E-01  5.396E-01  5.486E-01  5.481E-01  5.382E-01
  388.5000  5.227E-01  5.410E-01  5.500E-01  5.495E-01  5.395E-01
  389.5000  6.593E-01  6.823E-01  6.937E-01  6.931E-01  6.805E-01
  390.5000  6.477E-01  6.703E-01  6.815E-01  6.809E-01  6.685E-01
  391.5000  7.686E-01  7.954E-01  8.086E-01  8.079E-01  7.933E-01
  392.5000  5.765E-01  5.965E-01  6.064E-01  6.059E-01  5.950E-01
  393.5000  2.507E-01  2.594E-01  2.637E-01  2.635E-01  2.587E-01
  394.5000  5.900E-01  6.105E-01  6.206E-01  6.201E-01  6.089E-01
  395.5000  7.593E-01  7.856E-01  7.986E-01  7.979E-01  7.835E-01
  396.5000  4.460E-01  4.614E-01  4.690E-01  4.686E-01  4.602E-01
  397.5000  5.147E-01  5.325E-01  5.413E-01  5.409E-01  5.311E-01
  398.5000  8.847E-01  9.153E-01  9.304E-01  9.295E-01  9.128E-01
  399.5000  9.204E-01  9.522E-01  9.679E-01  9.670E-01  9.497E-01
  400.5000  9.679E-01  1.001E+00  1.018E+00  1.017E+00  9.986E-01
  401.5000  9.960E-01  1.030E+00  1.047E+00  1.046E+00  1.028E+00
  402.5000  1.034E+00  1.070E+00  1.087E+00  1.086E+00  1.067E+00
  403.5000  9.469E-01  9.794E-01  9.955E-01  9.946E-01  9.769E-01
  404.5000  9.289E-01  9.608E-01  9.765E-01  9.757E-01  9.583E-01
  405.5000  9.652E-01  9.983E-01  1.015E+00  1.014E+00  9.957E-01
  406.5000  9.093E-01  9.405E-01  9.558E-01  9.550E-01  9.380E-01
  407.5000  9.170E-01  9.483E-01  9.638E-01  9.630E-01  9.459E-01
  408.5000  1.021E+00  1.056E+00  1.074E+00  1.073E+00  1.054E+00
  409.5000  1.002E+00  1.036E+00  1.053E+00  1.052E+00  1.033E+00
  410.5000  8.688E-01  8.984E-01  9.130E-01  9.122E-01  8.961E-01
  411.5000  1.044E+00  1.080E+00  1.098E+00  1.097E+00  1.077E+00
  412.5000  1.035E+00  1.071E+00  1.088E+00  1.087E+00  1.068E+00
  413.5000  1.005E+00  1.039E+00  1.055E+00  1.055E+00  1.036E+00
  414.5000  1.033E+00  1.068E+00  1.085E+00  1.084E+00  1.065E+00
  415.5000  9.879E-01  1.021E+00  1.038E+00  1.037E+00  1.019E+00
  416.5000  1.075E+00  1.112E+00  1.130E+00  1.129E+00  1.109E+00
  417.5000  9.834E-01  1.017E+00  1.033E+00  1.032E+00  1.014E+00
  418.5000  9.913E-01  1.025E+00  1.041E+00  1.040E+00  1.022E+00
  419.5000  1.024E+00  1.059E+00  1.076E+00  1.075E+00  1.056E+00
------------------------------------------------------------
Dose rates, W m-2
   1 = UV-B, 280-315 nm                                  
   2 = UV-A, 315-400 nm                                  
   3 = Gaussian, 320 nm, 10 nm FWHM                      
   4 = RB Meter, model 501                               
   5 = DNA damage, in vitro (Setlow, 1974)               
   6 = UV index (WMO, 1994; Webb et al., 2011)           
   7 = Previtamin-D3 (CIE 2006)                          
values at z =      0.000 km
Columns: time, sza, weighting spectra
time, hrs.  sza, deg.          1          2          3          4          5          6          7
   11.0000     45.748  9.894E-01  4.165E+01  2.445E-01  2.784E-01  2.365E-03  5.178E+00  2.411E-01
   11.5000     44.202  1.056E+00  4.319E+01  2.555E-01  2.981E-01  2.597E-03  5.547E+00  2.606E-01
   12.0000     43.427  1.090E+00  4.394E+01  2.609E-01  3.080E-01  2.717E-03  5.733E+00  2.704E-01
   12.5000     43.468  1.088E+00  4.390E+01  2.607E-01  3.074E-01  2.711E-03  5.724E+00  2.699E-01
   13.0000     44.325  1.051E+00  4.306E+01  2.546E-01  2.965E-01  2.579E-03  5.517E+00  2.590E-01
------------------------------------------------------------
