Spectral Irradiance, W m-2 nm-1
values at z =      0.000 km
Columns: wavelength (nm), times (hrs.) or sza (deg.)
    wc, nm     11.000     11.500     12.000     12.500     13.000
    sza =      16.293      9.868      5.828      8.679     14.880
  280.5000  4.110E-14  8.651E-14  1.137E-13  9.517E-14  5.010E-14
  281.5000  1.230E-12  2.425E-12  3.111E-12  2.646E-12  1.473E-12
  282.5000  1.559E-11  2.907E-11  3.653E-11  3.149E-11  1.728E-11
  283.5000  7.354E-11  1.228E-10  1.640E-10  1.426E-10  8.597E-11
  284.5000  7.491E-10  1.261E-09  1.526E-09  1.348E-09  8.604E-10
  285.5000  2.611E-09  4.183E-09  4.973E-09  4.444E-09  2.960E-09
  286.5000  3.075E-08  4.745E-08  5.563E-08  5.016E-08  3.315E-08
  287.5000  1.757E-07  2.600E-07  3.002E-07  2.734E-07  1.950E-07
  288.5000  8.777E-07  1.241E-06  1.409E-06  1.297E-06  9.624E-07
  289.5000  4.807E-06  6.578E-06  7.382E-06  6.849E-06  5.225E-06
  290.5000  1.920E-05  2.557E-05  2.841E-05  2.653E-05  2.072E-05
  291.5000  6.027E-05  7.780E-05  8.546E-05  8.040E-05  6.450E-05
  292.5000  1.437E-04  1.808E-04  1.968E-04  1.863E-04  1.528E-04
  293.5000  4.106E-04  5.045E-04  5.442E-04  5.181E-04  4.338E-04
  294.5000  7.739E-04  9.331E-04  9.996E-04  9.559E-04  8.133E-04
  295.5000  1.926E-03  2.277E-03  2.422E-03  2.327E-03  1.968E-03
  296.5000  3.336E-03  3.879E-03  4.100E-03  3.955E-03  3.473E-03
  297.5000  6.352E-03  7.278E-03  7.652E-03  7.407E-03  6.586E-03
  298.5000  7.533E-03  8.526E-03  8.924E-03  8.663E-03  7.785E-03
  299.5000  1.672E-02  1.870E-02  1.950E-02  1.898E-02  1.722E-02
  300.5000  1.562E-02  1.732E-02  1.799E-02  1.755E-02  1.605E-02
  301.5000  3.089E-02  3.394E-02  3.513E-02  3.435E-02  3.167E-02
  302.5000  3.843E-02  4.195E-02  4.333E-02  4.243E-02  3.934E-02
  303.5000  6.544E-02  7.090E-02  7.303E-02  7.164E-02  6.685E-02
  304.5000  7.155E-02  7.719E-02  7.938E-02  7.795E-02  7.301E-02
  305.5000  9.448E-02  1.013E-01  1.039E-01  1.022E-01  9.624E-02
  306.5000  9.869E-02  1.055E-01  1.081E-01  1.064E-01  1.004E-01
  307.5000  1.424E-01  1.514E-01  1.549E-01  1.526E-01  1.447E-01
  308.5000  1.594E-01  1.692E-01  1.729E-01  1.705E-01  1.619E-01
  309.5000  1.406E-01  1.486E-01  1.517E-01  1.497E-01  1.427E-01
  310.5000  1.915E-01  2.019E-01  2.060E-01  2.033E-01  1.942E-01
  311.5000  2.464E-01  2.595E-01  2.645E-01  2.612E-01  2.498E-01
  312.5000  2.404E-01  2.524E-01  2.570E-01  2.540E-01  2.435E-01
  313.5000  2.727E-01  2.861E-01  2.912E-01  2.878E-01  2.762E-01
  314.5000  2.724E-01  2.851E-01  2.899E-01  2.867E-01  2.757E-01
  315.5000  2.813E-01  2.943E-01  2.992E-01  2.960E-01  2.847E-01
  316.5000  2.800E-01  2.923E-01  2.970E-01  2.940E-01  2.832E-01
  317.5000  3.960E-01  4.133E-01  4.200E-01  4.156E-01  4.005E-01
  318.5000  3.112E-01  3.243E-01  3.293E-01  3.260E-01  3.146E-01
  319.5000  3.796E-01  3.954E-01  4.014E-01  3.975E-01  3.837E-01
  320.5000  4.617E-01  4.807E-01  4.880E-01  4.832E-01  4.667E-01
  321.5000  3.916E-01  4.070E-01  4.129E-01  4.091E-01  3.956E-01
  322.5000  3.946E-01  4.106E-01  4.167E-01  4.127E-01  3.987E-01
  323.5000  4.056E-01  4.212E-01  4.272E-01  4.233E-01  4.097E-01
  324.5000  4.760E-01  4.943E-01  5.013E-01  4.968E-01  4.808E-01
  325.5000  5.336E-01  5.542E-01  5.622E-01  5.570E-01  5.390E-01
  326.5000  6.442E-01  6.683E-01  6.775E-01  6.715E-01  6.505E-01
  327.5000  6.003E-01  6.229E-01  6.316E-01  6.260E-01  6.062E-01
  328.5000  5.541E-01  5.750E-01  5.830E-01  5.778E-01  5.596E-01
  329.5000  7.165E-01  7.427E-01  7.527E-01  7.462E-01  7.233E-01
  330.5000  6.520E-01  6.761E-01  6.853E-01  6.788E-01  6.583E-01
  331.5000  6.442E-01  6.681E-01  6.768E-01  6.713E-01  6.505E-01
  332.5000  6.330E-01  6.560E-01  6.647E-01  6.590E-01  6.390E-01
  333.5000  5.952E-01  6.170E-01  6.252E-01  6.198E-01  6.009E-01
  334.5000  6.645E-01  6.886E-01  6.978E-01  6.918E-01  6.708E-01
  335.5000  6.727E-01  6.968E-01  7.060E-01  7.000E-01  6.790E-01
  336.5000  5.259E-01  5.448E-01  5.520E-01  5.473E-01  5.309E-01
  337.5000  5.776E-01  5.985E-01  6.064E-01  6.012E-01  5.831E-01
  338.5000  6.088E-01  6.305E-01  6.388E-01  6.334E-01  6.145E-01
  339.5000  6.615E-01  6.850E-01  6.940E-01  6.882E-01  6.677E-01
  340.5000  7.074E-01  7.326E-01  7.422E-01  7.359E-01  7.140E-01
  341.5000  6.276E-01  6.499E-01  6.583E-01  6.528E-01  6.335E-01
  342.5000  6.950E-01  7.196E-01  7.289E-01  7.228E-01  7.014E-01
  343.5000  7.219E-01  7.474E-01  7.571E-01  7.508E-01  7.286E-01
  344.5000  5.060E-01  5.238E-01  5.306E-01  5.262E-01  5.106E-01
  345.5000  6.925E-01  7.168E-01  7.261E-01  7.201E-01  6.989E-01
  346.5000  6.479E-01  6.707E-01  6.793E-01  6.737E-01  6.539E-01
  347.5000  6.328E-01  6.550E-01  6.635E-01  6.580E-01  6.386E-01
  348.5000  6.952E-01  7.195E-01  7.287E-01  7.227E-01  7.015E-01
  349.5000  5.824E-01  6.028E-01  6.105E-01  6.055E-01  5.877E-01
  350.5000  8.151E-01  8.436E-01  8.544E-01  8.473E-01  8.226E-01
  351.5000  7.024E-01  7.268E-01  7.361E-01  7.301E-01  7.088E-01
  352.5000  6.332E-01  6.552E-01  6.636E-01  6.581E-01  6.389E-01
  353.5000  7.619E-01  7.883E-01  7.984E-01  7.918E-01  7.688E-01
  354.5000  8.242E-01  8.528E-01  8.637E-01  8.566E-01  8.317E-01
  355.5000  7.700E-01  7.967E-01  8.068E-01  8.002E-01  7.770E-01
  356.5000  7.144E-01  7.390E-01  7.484E-01  7.423E-01  7.208E-01
  357.5000  6.073E-01  6.282E-01  6.362E-01  6.310E-01  6.127E-01
  358.5000  4.684E-01  4.846E-01  4.907E-01  4.867E-01  4.727E-01
  359.5000  7.881E-01  8.152E-01  8.255E-01  8.188E-01  7.952E-01
  360.5000  7.302E-01  7.553E-01  7.649E-01  7.586E-01  7.368E-01
  361.5000  6.581E-01  6.807E-01  6.893E-01  6.837E-01  6.640E-01
  362.5000  7.726E-01  7.990E-01  8.091E-01  8.025E-01  7.795E-01
  363.5000  6.870E-01  7.105E-01  7.195E-01  7.136E-01  6.932E-01
  364.5000  7.492E-01  7.748E-01  7.845E-01  7.782E-01  7.559E-01
  365.5000  9.127E-01  9.438E-01  9.556E-01  9.479E-01  9.208E-01
  366.5000  9.656E-01  9.984E-01  1.011E+00  1.003E+00  9.742E-01
  367.5000  9.165E-01  9.476E-01  9.595E-01  9.518E-01  9.246E-01
  368.5000  8.048E-01  8.322E-01  8.426E-01  8.358E-01  8.120E-01
  369.5000  9.651E-01  9.978E-01  1.010E+00  1.002E+00  9.737E-01
  370.5000  8.753E-01  9.050E-01  9.162E-01  9.089E-01  8.831E-01
  371.5000  1.001E+00  1.035E+00  1.048E+00  1.040E+00  1.010E+00
  372.5000  7.394E-01  7.643E-01  7.738E-01  7.676E-01  7.459E-01
  373.5000  6.681E-01  6.906E-01  6.992E-01  6.936E-01  6.740E-01
  374.5000  7.331E-01  7.577E-01  7.671E-01  7.610E-01  7.395E-01
  375.5000  8.268E-01  8.546E-01  8.652E-01  8.583E-01  8.341E-01
  376.5000  8.254E-01  8.531E-01  8.637E-01  8.568E-01  8.327E-01
  377.5000  9.826E-01  1.016E+00  1.028E+00  1.020E+00  9.913E-01
  378.5000  1.071E+00  1.107E+00  1.120E+00  1.111E+00  1.080E+00
  379.5000  7.919E-01  8.184E-01  8.285E-01  8.219E-01  7.988E-01
  380.5000  9.521E-01  9.839E-01  9.960E-01  9.881E-01  9.604E-01
  381.5000  8.944E-01  9.243E-01  9.356E-01  9.282E-01  9.023E-01
  382.5000  5.958E-01  6.157E-01  6.232E-01  6.183E-01  6.010E-01
  383.5000  5.231E-01  5.405E-01  5.471E-01  5.428E-01  5.276E-01
  384.5000  7.848E-01  8.109E-01  8.208E-01  8.143E-01  7.916E-01
  385.5000  7.762E-01  8.020E-01  8.118E-01  8.054E-01  7.830E-01
  386.5000  7.910E-01  8.173E-01  8.273E-01  8.208E-01  7.979E-01
  387.5000  7.350E-01  7.593E-01  7.686E-01  7.626E-01  7.414E-01
  388.5000  7.365E-01  7.609E-01  7.702E-01  7.641E-01  7.429E-01
  389.5000  9.286E-01  9.593E-01  9.710E-01  9.634E-01  9.366E-01
  390.5000  9.119E-01  9.420E-01  9.534E-01  9.460E-01  9.198E-01
  391.5000  1.082E+00  1.117E+00  1.131E+00  1.122E+00  1.091E+00
  392.5000  8.109E-01  8.376E-01  8.477E-01  8.411E-01  8.179E-01
  393.5000  3.524E-01  3.640E-01  3.685E-01  3.656E-01  3.555E-01
  394.5000  8.292E-01  8.564E-01  8.668E-01  8.600E-01  8.363E-01
  395.5000  1.067E+00  1.102E+00  1.115E+00  1.106E+00  1.076E+00
  396.5000  6.262E-01  6.467E-01  6.545E-01  6.494E-01  6.316E-01
  397.5000  7.224E-01  7.461E-01  7.551E-01  7.492E-01  7.286E-01
  398.5000  1.241E+00  1.282E+00  1.297E+00  1.287E+00  1.252E+00
  399.5000  1.291E+00  1.333E+00  1.349E+00  1.338E+00  1.302E+00
  400.5000  1.357E+00  1.401E+00  1.418E+00  1.407E+00  1.368E+00
  401.5000  1.396E+00  1.441E+00  1.458E+00  1.447E+00  1.408E+00
  402.5000  1.449E+00  1.496E+00  1.514E+00  1.502E+00  1.461E+00
  403.5000  1.326E+00  1.369E+00  1.385E+00  1.375E+00  1.337E+00
  404.5000  1.300E+00  1.342E+00  1.358E+00  1.348E+00  1.311E+00
  405.5000  1.350E+00  1.394E+00  1.411E+00  1.400E+00  1.362E+00
  406.5000  1.272E+00  1.313E+00  1.328E+00  1.318E+00  1.282E+00
  407.5000  1.282E+00  1.323E+00  1.339E+00  1.329E+00  1.293E+00
  408.5000  1.427E+00  1.473E+00  1.491E+00  1.480E+00  1.439E+00
  409.5000  1.399E+00  1.444E+00  1.461E+00  1.450E+00  1.411E+00
  410.5000  1.213E+00  1.252E+00  1.267E+00  1.257E+00  1.223E+00
  411.5000  1.458E+00  1.505E+00  1.523E+00  1.511E+00  1.470E+00
  412.5000  1.445E+00  1.491E+00  1.509E+00  1.497E+00  1.457E+00
  413.5000  1.401E+00  1.446E+00  1.463E+00  1.452E+00  1.413E+00
  414.5000  1.440E+00  1.486E+00  1.503E+00  1.492E+00  1.452E+00
  415.5000  1.377E+00  1.421E+00  1.438E+00  1.427E+00  1.388E+00
  416.5000  1.498E+00  1.546E+00  1.565E+00  1.553E+00  1.511E+00
  417.5000  1.369E+00  1.413E+00  1.430E+00  1.419E+00  1.381E+00
  418.5000  1.380E+00  1.424E+00  1.441E+00  1.430E+00  1.392E+00
  419.5000  1.425E+00  1.471E+00  1.488E+00  1.477E+00  1.437E+00
------------------------------------------------------------
Dose rates, W m-2
   1 = UV-B, 280-315 nm                                  
   2 = UV-A, 315-400 nm                                  
   3 = Gaussian, 320 nm, 10 nm FWHM                      
   4 = RB Meter, model 501                               
   5 = DNA damage, in vitro (Setlow, 1974)               
   6 = UV index (WMO, 1994; Webb et al., 2011)           
   7 = Previtamin-D3 (CIE 2006)                          
values at z =      0.000 km
Columns: time, sza, weighting spectra
time, hrs.  sza, deg.          1          2          3          4          5          6          7
   11.0000     16.293  2.118E+00  5.998E+01  3.897E-01  6.382E-01  8.186E-03  1.237E+01  6.208E-01
   11.5000      9.868  2.245E+00  6.207E+01  4.058E-01  6.803E-01  8.973E-03  1.324E+01  6.655E-01
   12.0000      5.828  2.293E+00  6.286E+01  4.119E-01  6.967E-01  9.286E-03  1.358E+01  6.829E-01
   12.5000      8.679  2.262E+00  6.234E+01  4.079E-01  6.860E-01  9.081E-03  1.336E+01  6.715E-01
   13.0000     14.880  2.151E+00  6.053E+01  3.939E-01  6.490E-01  8.382E-03  1.259E+01  6.323E-01
------------------------------------------------------------
