Spectral Irradiance, W m-2 nm-1
values at z =      0.000 km
Columns: wavelength (nm), times (hrs.) or sza (deg.)
    wc, nm     11.000     11.500     12.000     12.500     13.000
    sza =      35.143     32.543     31.370     31.785     33.731
  280.5000  4.208E-16  1.132E-15  1.701E-15  1.477E-15  7.313E-16
  281.5000  1.902E-14  4.686E-14  6.795E-14  5.972E-14  3.147E-14
  282.5000  3.435E-13  7.851E-13  1.104E-12  9.805E-13  5.451E-13
  283.5000  2.039E-12  4.439E-12  6.116E-12  5.471E-12  3.149E-12
  284.5000  3.158E-11  6.287E-11  8.350E-11  7.566E-11  4.639E-11
  285.5000  1.500E-10  2.795E-10  3.613E-10  3.305E-10  2.123E-10
  286.5000  2.240E-09  3.969E-09  5.025E-09  4.630E-09  3.083E-09
  287.5000  1.666E-08  2.791E-08  3.452E-08  3.206E-08  2.222E-08
  288.5000  1.108E-07  1.745E-07  2.106E-07  1.973E-07  1.428E-07
  289.5000  7.440E-07  1.123E-06  1.330E-06  1.254E-06  9.360E-07
  290.5000  3.529E-06  5.133E-06  5.991E-06  5.678E-06  4.350E-06
  291.5000  1.345E-05  1.877E-05  2.154E-05  2.053E-05  1.620E-05
  292.5000  3.760E-05  5.070E-05  5.736E-05  5.495E-05  4.442E-05
  293.5000  1.247E-04  1.629E-04  1.819E-04  1.751E-04  1.448E-04
  294.5000  2.641E-04  3.364E-04  3.718E-04  3.591E-04  3.023E-04
  295.5000  7.441E-04  9.229E-04  1.009E-03  9.781E-04  8.391E-04
  296.5000  1.428E-03  1.732E-03  1.876E-03  1.825E-03  1.590E-03
  297.5000  2.973E-03  3.538E-03  3.802E-03  3.708E-03  3.276E-03
  298.5000  3.802E-03  4.451E-03  4.751E-03  4.644E-03  4.151E-03
  299.5000  9.058E-03  1.044E-02  1.108E-02  1.085E-02  9.806E-03
  300.5000  8.933E-03  1.018E-02  1.074E-02  1.054E-02  9.607E-03
  301.5000  1.874E-02  2.108E-02  2.214E-02  2.176E-02  2.001E-02
  302.5000  2.422E-02  2.702E-02  2.828E-02  2.770E-02  2.574E-02
  303.5000  4.315E-02  4.767E-02  4.968E-02  4.897E-02  4.561E-02
  304.5000  4.843E-02  5.319E-02  5.531E-02  5.456E-02  5.103E-02
  305.5000  6.646E-02  7.239E-02  7.500E-02  7.408E-02  6.970E-02
  306.5000  7.059E-02  7.660E-02  7.925E-02  7.832E-02  7.388E-02
  307.5000  1.051E-01  1.133E-01  1.169E-01  1.156E-01  1.096E-01
  308.5000  1.192E-01  1.281E-01  1.320E-01  1.306E-01  1.241E-01
  309.5000  1.070E-01  1.148E-01  1.180E-01  1.169E-01  1.114E-01
  310.5000  1.483E-01  1.582E-01  1.625E-01  1.610E-01  1.537E-01
  311.5000  1.928E-01  2.052E-01  2.105E-01  2.086E-01  1.996E-01
  312.5000  1.915E-01  2.029E-01  2.079E-01  2.061E-01  1.977E-01
  313.5000  2.181E-01  2.309E-01  2.365E-01  2.345E-01  2.251E-01
  314.5000  2.212E-01  2.326E-01  2.387E-01  2.368E-01  2.279E-01
  315.5000  2.290E-01  2.415E-01  2.470E-01  2.450E-01  2.359E-01
  316.5000  2.306E-01  2.426E-01  2.478E-01  2.459E-01  2.372E-01
  317.5000  3.262E-01  3.431E-01  3.504E-01  3.479E-01  3.355E-01
  318.5000  2.591E-01  2.719E-01  2.774E-01  2.754E-01  2.661E-01
  319.5000  3.168E-01  3.322E-01  3.389E-01  3.366E-01  3.253E-01
  320.5000  3.863E-01  4.049E-01  4.130E-01  4.102E-01  3.966E-01
  321.5000  3.307E-01  3.459E-01  3.521E-01  3.502E-01  3.391E-01
  322.5000  3.310E-01  3.467E-01  3.535E-01  3.512E-01  3.397E-01
  323.5000  3.442E-01  3.596E-01  3.663E-01  3.639E-01  3.527E-01
  324.5000  4.039E-01  4.220E-01  4.297E-01  4.270E-01  4.138E-01
  325.5000  4.523E-01  4.717E-01  4.814E-01  4.783E-01  4.635E-01
  326.5000  5.502E-01  5.740E-01  5.841E-01  5.807E-01  5.633E-01
  327.5000  5.117E-01  5.341E-01  5.437E-01  5.403E-01  5.240E-01
  328.5000  4.725E-01  4.931E-01  5.020E-01  4.989E-01  4.839E-01
  329.5000  6.145E-01  6.405E-01  6.517E-01  6.477E-01  6.288E-01
  330.5000  5.581E-01  5.819E-01  5.922E-01  5.886E-01  5.712E-01
  331.5000  5.514E-01  5.750E-01  5.851E-01  5.815E-01  5.643E-01
  332.5000  5.440E-01  5.668E-01  5.766E-01  5.731E-01  5.565E-01
  333.5000  5.109E-01  5.324E-01  5.416E-01  5.384E-01  5.227E-01
  334.5000  5.710E-01  5.949E-01  6.052E-01  6.016E-01  5.841E-01
  335.5000  5.793E-01  6.032E-01  6.135E-01  6.099E-01  5.924E-01
  336.5000  4.528E-01  4.715E-01  4.796E-01  4.767E-01  4.631E-01
  337.5000  4.968E-01  5.174E-01  5.263E-01  5.232E-01  5.081E-01
  338.5000  5.247E-01  5.463E-01  5.555E-01  5.523E-01  5.366E-01
  339.5000  5.705E-01  5.938E-01  6.039E-01  6.004E-01  5.833E-01
  340.5000  6.098E-01  6.348E-01  6.456E-01  6.418E-01  6.235E-01
  341.5000  5.418E-01  5.638E-01  5.733E-01  5.700E-01  5.539E-01
  342.5000  6.002E-01  6.246E-01  6.350E-01  6.314E-01  6.136E-01
  343.5000  6.234E-01  6.487E-01  6.595E-01  6.557E-01  6.373E-01
  344.5000  4.369E-01  4.546E-01  4.622E-01  4.595E-01  4.466E-01
  345.5000  5.987E-01  6.228E-01  6.332E-01  6.295E-01  6.119E-01
  346.5000  5.599E-01  5.825E-01  5.923E-01  5.888E-01  5.723E-01
  347.5000  5.471E-01  5.691E-01  5.786E-01  5.753E-01  5.592E-01
  348.5000  6.012E-01  6.254E-01  6.358E-01  6.321E-01  6.145E-01
  349.5000  5.038E-01  5.241E-01  5.327E-01  5.297E-01  5.150E-01
  350.5000  7.054E-01  7.336E-01  7.458E-01  7.415E-01  7.209E-01
  351.5000  6.079E-01  6.322E-01  6.427E-01  6.390E-01  6.213E-01
  352.5000  5.482E-01  5.701E-01  5.795E-01  5.762E-01  5.603E-01
  353.5000  6.599E-01  6.862E-01  6.975E-01  6.935E-01  6.743E-01
  354.5000  7.141E-01  7.425E-01  7.547E-01  7.504E-01  7.297E-01
  355.5000  6.673E-01  6.938E-01  7.052E-01  7.012E-01  6.819E-01
  356.5000  6.192E-01  6.438E-01  6.543E-01  6.506E-01  6.327E-01
  357.5000  5.265E-01  5.473E-01  5.563E-01  5.531E-01  5.380E-01
  358.5000  4.063E-01  4.223E-01  4.292E-01  4.268E-01  4.151E-01
  359.5000  6.837E-01  7.106E-01  7.222E-01  7.181E-01  6.985E-01
  360.5000  6.336E-01  6.586E-01  6.693E-01  6.655E-01  6.473E-01
  361.5000  5.712E-01  5.936E-01  6.033E-01  5.999E-01  5.836E-01
  362.5000  6.707E-01  6.970E-01  7.083E-01  7.043E-01  6.852E-01
  363.5000  5.966E-01  6.199E-01  6.300E-01  6.265E-01  6.094E-01
  364.5000  6.508E-01  6.762E-01  6.871E-01  6.833E-01  6.647E-01
  365.5000  7.929E-01  8.238E-01  8.371E-01  8.324E-01  8.099E-01
  366.5000  8.390E-01  8.717E-01  8.858E-01  8.808E-01  8.570E-01
  367.5000  7.966E-01  8.275E-01  8.409E-01  8.362E-01  8.136E-01
  368.5000  6.997E-01  7.269E-01  7.385E-01  7.344E-01  7.146E-01
  369.5000  8.392E-01  8.717E-01  8.857E-01  8.808E-01  8.571E-01
  370.5000  7.613E-01  7.908E-01  8.034E-01  7.990E-01  7.775E-01
  371.5000  8.710E-01  9.047E-01  9.192E-01  9.141E-01  8.895E-01
  372.5000  6.433E-01  6.682E-01  6.788E-01  6.751E-01  6.570E-01
  373.5000  5.815E-01  6.039E-01  6.135E-01  6.101E-01  5.938E-01
  374.5000  6.381E-01  6.627E-01  6.732E-01  6.695E-01  6.516E-01
  375.5000  7.199E-01  7.475E-01  7.594E-01  7.553E-01  7.351E-01
  376.5000  7.188E-01  7.464E-01  7.582E-01  7.541E-01  7.340E-01
  377.5000  8.559E-01  8.887E-01  9.027E-01  8.978E-01  8.739E-01
  378.5000  9.328E-01  9.684E-01  9.838E-01  9.784E-01  9.524E-01
  379.5000  6.900E-01  7.164E-01  7.277E-01  7.237E-01  7.045E-01
  380.5000  8.298E-01  8.614E-01  8.750E-01  8.703E-01  8.472E-01
  381.5000  7.797E-01  8.094E-01  8.221E-01  8.177E-01  7.960E-01
  382.5000  5.195E-01  5.392E-01  5.477E-01  5.448E-01  5.304E-01
  383.5000  4.561E-01  4.735E-01  4.809E-01  4.783E-01  4.657E-01
  384.5000  6.845E-01  7.104E-01  7.216E-01  7.177E-01  6.988E-01
  385.5000  6.771E-01  7.028E-01  7.138E-01  7.099E-01  6.913E-01
  386.5000  6.902E-01  7.163E-01  7.275E-01  7.236E-01  7.046E-01
  387.5000  6.414E-01  6.656E-01  6.760E-01  6.724E-01  6.547E-01
  388.5000  6.429E-01  6.671E-01  6.775E-01  6.739E-01  6.562E-01
  389.5000  8.107E-01  8.412E-01  8.543E-01  8.497E-01  8.275E-01
  390.5000  7.962E-01  8.262E-01  8.390E-01  8.345E-01  8.127E-01
  391.5000  9.445E-01  9.800E-01  9.953E-01  9.899E-01  9.641E-01
  392.5000  7.083E-01  7.348E-01  7.463E-01  7.422E-01  7.229E-01
  393.5000  3.079E-01  3.194E-01  3.244E-01  3.227E-01  3.143E-01
  394.5000  7.245E-01  7.516E-01  7.633E-01  7.592E-01  7.394E-01
  395.5000  9.321E-01  9.670E-01  9.819E-01  9.767E-01  9.513E-01
  396.5000  5.473E-01  5.678E-01  5.765E-01  5.734E-01  5.586E-01
  397.5000  6.316E-01  6.551E-01  6.652E-01  6.617E-01  6.445E-01
  398.5000  1.085E+00  1.126E+00  1.143E+00  1.137E+00  1.107E+00
  399.5000  1.129E+00  1.171E+00  1.189E+00  1.182E+00  1.152E+00
  400.5000  1.187E+00  1.231E+00  1.250E+00  1.243E+00  1.211E+00
  401.5000  1.221E+00  1.266E+00  1.286E+00  1.279E+00  1.246E+00
  402.5000  1.267E+00  1.314E+00  1.335E+00  1.327E+00  1.293E+00
  403.5000  1.160E+00  1.203E+00  1.221E+00  1.215E+00  1.184E+00
  404.5000  1.138E+00  1.180E+00  1.198E+00  1.191E+00  1.161E+00
  405.5000  1.182E+00  1.225E+00  1.244E+00  1.238E+00  1.206E+00
  406.5000  1.113E+00  1.154E+00  1.172E+00  1.166E+00  1.136E+00
  407.5000  1.122E+00  1.164E+00  1.181E+00  1.175E+00  1.145E+00
  408.5000  1.250E+00  1.296E+00  1.316E+00  1.309E+00  1.275E+00
  409.5000  1.225E+00  1.270E+00  1.290E+00  1.283E+00  1.250E+00
  410.5000  1.062E+00  1.102E+00  1.118E+00  1.112E+00  1.084E+00
  411.5000  1.277E+00  1.324E+00  1.344E+00  1.337E+00  1.303E+00
  412.5000  1.266E+00  1.312E+00  1.332E+00  1.325E+00  1.291E+00
  413.5000  1.228E+00  1.273E+00  1.292E+00  1.285E+00  1.252E+00
  414.5000  1.262E+00  1.308E+00  1.328E+00  1.321E+00  1.287E+00
  415.5000  1.207E+00  1.251E+00  1.270E+00  1.263E+00  1.231E+00
  416.5000  1.313E+00  1.361E+00  1.382E+00  1.375E+00  1.340E+00
  417.5000  1.201E+00  1.244E+00  1.263E+00  1.257E+00  1.225E+00
  418.5000  1.210E+00  1.254E+00  1.273E+00  1.266E+00  1.234E+00
  419.5000  1.250E+00  1.295E+00  1.315E+00  1.308E+00  1.275E+00
------------------------------------------------------------
Dose rates, W m-2
   1 = UV-B, 280-315 nm                                  
   2 = UV-A, 315-400 nm                                  
   3 = Gaussian, 320 nm, 10 nm FWHM                      
   4 = RB Meter, model 501                               
   5 = DNA damage, in vitro (Setlow, 1974)               
   6 = UV index (WMO, 1994; Webb et al., 2011)           
   7 = Previtamin-D3 (CIE 2006)                          
values at z =      0.000 km
Columns: time, sza, weighting spectra
time, hrs.  sza, deg.          1          2          3          4          5          6          7
   11.0000     35.143  1.602E+00  5.192E+01  3.258E-01  4.686E-01  5.154E-03  8.883E+00  4.399E-01
   11.5000     32.543  1.716E+00  5.399E+01  3.415E-01  5.048E-01  5.730E-03  9.606E+00  4.777E-01
   12.0000     31.370  1.766E+00  5.488E+01  3.483E-01  5.209E-01  5.991E-03  9.929E+00  4.945E-01
   12.5000     31.785  1.749E+00  5.457E+01  3.460E-01  5.151E-01  5.896E-03  9.813E+00  4.885E-01
   13.0000     33.731  1.665E+00  5.306E+01  3.345E-01  4.884E-01  5.466E-03  9.278E+00  4.606E-01
------------------------------------------------------------
