Spectral Irradiance, W m-2 nm-1
values at z =      0.000 km
Columns: wavelength (nm), times (hrs.) or sza (deg.)
    wc, nm     11.000     11.500     12.000     12.500     13.000
    sza =      94.388     94.211     94.159     94.235     94.438
  280.5000  4.152E-26  5.643E-26  6.327E-26  5.451E-26  3.625E-26
  281.5000  6.043E-24  8.099E-24  9.041E-24  7.835E-24  5.313E-24
  282.5000  2.984E-22  3.953E-22  4.397E-22  3.829E-22  2.640E-22
  283.5000  3.390E-21  4.456E-21  4.945E-21  4.320E-21  3.010E-21
  284.5000  1.742E-19  2.261E-19  2.500E-19  2.195E-19  1.556E-19
  285.5000  2.013E-18  2.590E-18  2.855E-18  2.516E-18  1.807E-18
  286.5000  5.959E-17  7.612E-17  8.374E-17  7.400E-17  5.368E-17
  287.5000  9.516E-16  1.207E-15  1.325E-15  1.174E-15  8.605E-16
  288.5000  1.465E-14  1.844E-14  2.020E-14  1.796E-14  1.330E-14
  289.5000  1.800E-13  2.254E-13  2.465E-13  2.196E-13  1.638E-13
  290.5000  1.421E-12  1.772E-12  1.935E-12  1.727E-12  1.297E-12
  291.5000  9.724E-12  1.207E-11  1.316E-11  1.177E-11  8.890E-12
  292.5000  4.412E-11  5.457E-11  5.945E-11  5.322E-11  4.041E-11
  293.5000  2.323E-10  2.864E-10  3.117E-10  2.794E-10  2.131E-10
  294.5000  7.107E-10  8.741E-10  9.504E-10  8.530E-10  6.530E-10
  295.5000  2.980E-09  3.656E-09  3.971E-09  3.568E-09  2.742E-09
  296.5000  8.026E-09  9.826E-09  1.067E-08  9.592E-09  7.393E-09
  297.5000  2.264E-08  2.767E-08  3.002E-08  2.702E-08  2.088E-08
  298.5000  3.770E-08  4.601E-08  4.987E-08  4.493E-08  3.480E-08
  299.5000  1.159E-07  1.412E-07  1.530E-07  1.379E-07  1.070E-07
  300.5000  1.402E-07  1.706E-07  1.847E-07  1.666E-07  1.296E-07
  301.5000  3.703E-07  4.501E-07  4.869E-07  4.397E-07  3.426E-07
  302.5000  5.603E-07  6.805E-07  7.358E-07  6.648E-07  5.187E-07
  303.5000  1.217E-06  1.476E-06  1.595E-06  1.442E-06  1.127E-06
  304.5000  1.538E-06  1.865E-06  2.014E-06  1.822E-06  1.426E-06
  305.5000  2.554E-06  3.093E-06  3.338E-06  3.022E-06  2.370E-06
  306.5000  2.956E-06  3.577E-06  3.858E-06  3.495E-06  2.744E-06
  307.5000  5.259E-06  6.358E-06  6.851E-06  6.213E-06  4.886E-06
  308.5000  6.420E-06  7.757E-06  8.355E-06  7.580E-06  5.967E-06
  309.5000  6.622E-06  7.994E-06  8.603E-06  7.812E-06  6.160E-06
  310.5000  1.021E-05  1.232E-05  1.325E-05  1.204E-05  9.507E-06
  311.5000  1.430E-05  1.724E-05  1.854E-05  1.685E-05  1.332E-05
  312.5000  1.659E-05  1.998E-05  2.145E-05  1.953E-05  1.547E-05
  313.5000  1.970E-05  2.372E-05  2.546E-05  2.318E-05  1.837E-05
  314.5000  2.349E-05  2.825E-05  3.030E-05  2.761E-05  2.193E-05
  315.5000  2.519E-05  3.028E-05  3.246E-05  2.960E-05  2.352E-05
  316.5000  2.975E-05  3.573E-05  3.828E-05  3.493E-05  2.781E-05
  317.5000  4.221E-05  5.067E-05  5.428E-05  4.953E-05  3.945E-05
  318.5000  4.027E-05  4.832E-05  5.172E-05  4.723E-05  3.768E-05
  319.5000  5.148E-05  6.176E-05  6.609E-05  6.037E-05  4.818E-05
  320.5000  6.587E-05  7.901E-05  8.454E-05  7.723E-05  6.166E-05
  321.5000  7.318E-05  8.780E-05  9.391E-05  8.580E-05  6.856E-05
  322.5000  5.927E-05  7.108E-05  7.604E-05  6.947E-05  5.550E-05
  323.5000  8.758E-05  1.051E-04  1.125E-04  1.027E-04  8.207E-05
  324.5000  1.014E-04  1.217E-04  1.302E-04  1.190E-04  9.505E-05
  325.5000  1.068E-04  1.282E-04  1.371E-04  1.252E-04  1.001E-04
  326.5000  1.809E-04  2.175E-04  2.328E-04  2.124E-04  1.695E-04
  327.5000  1.493E-04  1.794E-04  1.919E-04  1.752E-04  1.399E-04
  328.5000  1.370E-04  1.646E-04  1.762E-04  1.608E-04  1.284E-04
  329.5000  2.425E-04  2.918E-04  3.126E-04  2.850E-04  2.271E-04
  330.5000  1.916E-04  2.304E-04  2.466E-04  2.250E-04  1.795E-04
  331.5000  1.833E-04  2.204E-04  2.360E-04  2.153E-04  1.717E-04
  332.5000  2.320E-04  2.794E-04  2.995E-04  2.728E-04  2.172E-04
  333.5000  1.940E-04  2.335E-04  2.501E-04  2.281E-04  1.817E-04
  334.5000  2.289E-04  2.756E-04  2.953E-04  2.691E-04  2.143E-04
  335.5000  2.658E-04  3.204E-04  3.436E-04  3.128E-04  2.488E-04
  336.5000  1.990E-04  2.398E-04  2.571E-04  2.342E-04  1.863E-04
  337.5000  1.981E-04  2.387E-04  2.558E-04  2.331E-04  1.855E-04
  338.5000  2.415E-04  2.912E-04  3.123E-04  2.843E-04  2.260E-04
  339.5000  2.675E-04  3.226E-04  3.461E-04  3.150E-04  2.503E-04
  340.5000  2.700E-04  3.256E-04  3.491E-04  3.179E-04  2.527E-04
  341.5000  2.595E-04  3.130E-04  3.359E-04  3.056E-04  2.428E-04
  342.5000  2.914E-04  3.516E-04  3.773E-04  3.433E-04  2.726E-04
  343.5000  2.937E-04  3.544E-04  3.802E-04  3.460E-04  2.748E-04
  344.5000  1.993E-04  2.404E-04  2.579E-04  2.347E-04  1.864E-04
  345.5000  2.960E-04  3.573E-04  3.835E-04  3.488E-04  2.768E-04
  346.5000  2.629E-04  3.173E-04  3.405E-04  3.097E-04  2.459E-04
  347.5000  2.579E-04  3.114E-04  3.342E-04  3.040E-04  2.413E-04
  348.5000  2.883E-04  3.481E-04  3.736E-04  3.398E-04  2.696E-04
  349.5000  2.406E-04  2.905E-04  3.119E-04  2.836E-04  2.250E-04
  350.5000  3.378E-04  4.080E-04  4.379E-04  3.982E-04  3.159E-04
  351.5000  2.886E-04  3.486E-04  3.742E-04  3.403E-04  2.699E-04
  352.5000  2.614E-04  3.159E-04  3.391E-04  3.083E-04  2.445E-04
  353.5000  3.173E-04  3.834E-04  4.117E-04  3.742E-04  2.967E-04
  354.5000  3.457E-04  4.178E-04  4.486E-04  4.078E-04  3.232E-04
  355.5000  3.228E-04  3.902E-04  4.190E-04  3.809E-04  3.018E-04
  356.5000  2.989E-04  3.614E-04  3.881E-04  3.527E-04  2.795E-04
  357.5000  2.533E-04  3.063E-04  3.290E-04  2.990E-04  2.369E-04
  358.5000  1.960E-04  2.371E-04  2.546E-04  2.314E-04  1.833E-04
  359.5000  3.294E-04  3.984E-04  4.279E-04  3.888E-04  3.079E-04
  360.5000  3.050E-04  3.689E-04  3.963E-04  3.601E-04  2.851E-04
  361.5000  2.754E-04  3.331E-04  3.579E-04  3.251E-04  2.574E-04
  362.5000  3.234E-04  3.913E-04  4.204E-04  3.819E-04  3.023E-04
  363.5000  2.875E-04  3.479E-04  3.737E-04  3.395E-04  2.687E-04
  364.5000  3.129E-04  3.787E-04  4.069E-04  3.696E-04  2.924E-04
  365.5000  3.801E-04  4.602E-04  4.944E-04  4.490E-04  3.553E-04
  366.5000  4.023E-04  4.871E-04  5.233E-04  4.753E-04  3.760E-04
  367.5000  3.820E-04  4.626E-04  4.971E-04  4.514E-04  3.570E-04
  368.5000  3.351E-04  4.058E-04  4.361E-04  3.960E-04  3.131E-04
  369.5000  4.013E-04  4.861E-04  5.224E-04  4.743E-04  3.751E-04
  370.5000  3.636E-04  4.404E-04  4.733E-04  4.297E-04  3.397E-04
  371.5000  4.155E-04  5.034E-04  5.411E-04  4.912E-04  3.883E-04
  372.5000  3.066E-04  3.715E-04  3.993E-04  3.625E-04  2.865E-04
  373.5000  2.766E-04  3.352E-04  3.603E-04  3.271E-04  2.584E-04
  374.5000  3.030E-04  3.673E-04  3.948E-04  3.584E-04  2.831E-04
  375.5000  3.415E-04  4.140E-04  4.451E-04  4.039E-04  3.191E-04
  376.5000  3.406E-04  4.130E-04  4.440E-04  4.029E-04  3.182E-04
  377.5000  4.051E-04  4.912E-04  5.281E-04  4.792E-04  3.784E-04
  378.5000  4.408E-04  5.346E-04  5.748E-04  5.215E-04  4.118E-04
  379.5000  3.256E-04  3.949E-04  4.246E-04  3.853E-04  3.041E-04
  380.5000  3.910E-04  4.744E-04  5.100E-04  4.627E-04  3.652E-04
  381.5000  3.669E-04  4.452E-04  4.787E-04  4.343E-04  3.427E-04
  382.5000  2.441E-04  2.963E-04  3.186E-04  2.890E-04  2.280E-04
  383.5000  2.140E-04  2.598E-04  2.794E-04  2.534E-04  1.999E-04
  384.5000  3.208E-04  3.894E-04  4.187E-04  3.798E-04  2.996E-04
  385.5000  3.169E-04  3.848E-04  4.138E-04  3.753E-04  2.960E-04
  386.5000  3.226E-04  3.917E-04  4.213E-04  3.821E-04  3.013E-04
  387.5000  2.993E-04  3.635E-04  3.910E-04  3.546E-04  2.796E-04
  388.5000  2.996E-04  3.639E-04  3.914E-04  3.549E-04  2.798E-04
  389.5000  3.773E-04  4.583E-04  4.929E-04  4.470E-04  3.523E-04
  390.5000  3.700E-04  4.496E-04  4.836E-04  4.385E-04  3.455E-04
  391.5000  4.384E-04  5.327E-04  5.730E-04  5.196E-04  4.094E-04
  392.5000  3.283E-04  3.990E-04  4.292E-04  3.891E-04  3.065E-04
  393.5000  1.425E-04  1.732E-04  1.863E-04  1.689E-04  1.331E-04
  394.5000  3.348E-04  4.070E-04  4.379E-04  3.969E-04  3.126E-04
  395.5000  4.301E-04  5.230E-04  5.627E-04  5.100E-04  4.016E-04
  396.5000  2.522E-04  3.067E-04  3.300E-04  2.991E-04  2.355E-04
  397.5000  2.907E-04  3.536E-04  3.804E-04  3.448E-04  2.714E-04
  398.5000  4.989E-04  6.069E-04  6.530E-04  5.918E-04  4.657E-04
  399.5000  5.182E-04  6.304E-04  6.784E-04  6.147E-04  4.837E-04
  400.5000  5.440E-04  6.619E-04  7.123E-04  6.454E-04  5.078E-04
  401.5000  5.588E-04  6.800E-04  7.318E-04  6.631E-04  5.216E-04
  402.5000  5.793E-04  7.051E-04  7.588E-04  6.875E-04  5.407E-04
  403.5000  5.295E-04  6.446E-04  6.937E-04  6.285E-04  4.942E-04
  404.5000  5.187E-04  6.315E-04  6.797E-04  6.157E-04  4.841E-04
  405.5000  5.381E-04  6.553E-04  7.052E-04  6.389E-04  5.022E-04
  406.5000  5.061E-04  6.163E-04  6.634E-04  6.009E-04  4.723E-04
  407.5000  5.093E-04  6.204E-04  6.678E-04  6.048E-04  4.753E-04
  408.5000  5.662E-04  6.898E-04  7.425E-04  6.725E-04  5.284E-04
  409.5000  5.542E-04  6.752E-04  7.269E-04  6.583E-04  5.172E-04
  410.5000  4.799E-04  5.848E-04  6.296E-04  5.701E-04  4.478E-04
  411.5000  5.762E-04  7.022E-04  7.560E-04  6.846E-04  5.377E-04
  412.5000  5.705E-04  6.954E-04  7.487E-04  6.779E-04  5.323E-04
  413.5000  5.527E-04  6.738E-04  7.255E-04  6.568E-04  5.157E-04
  414.5000  5.673E-04  6.917E-04  7.447E-04  6.742E-04  5.293E-04
  415.5000  5.416E-04  6.605E-04  7.111E-04  6.438E-04  5.053E-04
  416.5000  5.884E-04  7.176E-04  7.727E-04  6.995E-04  5.489E-04
  417.5000  5.370E-04  6.551E-04  7.054E-04  6.385E-04  5.010E-04
  418.5000  5.406E-04  6.595E-04  7.102E-04  6.428E-04  5.043E-04
  419.5000  5.578E-04  6.806E-04  7.329E-04  6.634E-04  5.203E-04
------------------------------------------------------------
Dose rates, W m-2
   1 = UV-B, 280-315 nm                                  
   2 = UV-A, 315-400 nm                                  
   3 = Gaussian, 320 nm, 10 nm FWHM                      
   4 = RB Meter, model 501                               
   5 = DNA damage, in vitro (Setlow, 1974)               
   6 = UV index (WMO, 1994; Webb et al., 2011)           
   7 = Previtamin-D3 (CIE 2006)                          
values at z =      0.000 km
Columns: time, sza, weighting spectra
time, hrs.  sza, deg.          1          2          3          4          5          6          7
   11.0000     94.388  1.121E-04  2.289E-02  6.374E-05  3.869E-05  2.288E-07  9.664E-04  2.344E-05
   11.5000     94.211  1.352E-04  2.770E-02  7.652E-05  4.660E-05  2.764E-07  1.166E-03  2.830E-05
   12.0000     94.159  1.453E-04  2.975E-02  8.190E-05  5.004E-05  2.975E-07  1.252E-03  3.045E-05
   12.5000     94.235  1.321E-04  2.703E-02  7.478E-05  4.554E-05  2.701E-07  1.139E-03  2.765E-05
   13.0000     94.438  1.044E-04  2.139E-02  5.968E-05  3.610E-05  2.129E-07  9.023E-04  2.181E-05
------------------------------------------------------------
