Spectral Irradiance, W m-2 nm-1
values at z =      0.000 km
Columns: wavelength (nm), times (hrs.) or sza (deg.)
    wc, nm     11.000     11.500     12.000     12.500     13.000
    sza =      63.267     62.272     61.960     62.342     63.407
  280.5000  1.966E-25  2.289E-25  2.416E-25  2.263E-25  1.928E-25
  281.5000  4.280E-23  5.024E-23  5.322E-23  4.963E-23  4.193E-23
  282.5000  3.008E-21  3.567E-21  3.796E-21  3.520E-21  2.944E-21
  283.5000  4.319E-20  5.167E-20  5.521E-20  5.095E-20  4.223E-20
  284.5000  3.461E-18  4.240E-18  4.577E-18  4.172E-18  3.376E-18
  285.5000  5.661E-17  7.113E-17  7.757E-17  6.984E-17  5.508E-17
  286.5000  2.227E-15  2.869E-15  3.158E-15  2.812E-15  2.160E-15
  287.5000  5.012E-14  6.675E-14  7.425E-14  6.525E-14  4.841E-14
  288.5000  1.171E-12  1.619E-12  1.819E-12  1.579E-12  1.125E-12
  289.5000  2.011E-11  2.846E-11  3.213E-11  2.772E-11  1.924E-11
  290.5000  2.168E-10  3.111E-10  3.518E-10  3.029E-10  2.069E-10
  291.5000  2.188E-09  3.156E-09  3.562E-09  3.073E-09  2.084E-09
  292.5000  1.401E-08  2.008E-08  2.256E-08  1.957E-08  1.334E-08
  293.5000  1.041E-07  1.471E-07  1.642E-07  1.435E-07  9.923E-08
  294.5000  4.209E-07  5.843E-07  6.478E-07  5.710E-07  4.019E-07
  295.5000  2.395E-06  3.246E-06  3.568E-06  3.178E-06  2.294E-06
  296.5000  8.319E-06  1.101E-05  1.200E-05  1.079E-05  7.994E-06
  297.5000  2.936E-05  3.793E-05  4.104E-05  3.727E-05  2.830E-05
  298.5000  5.878E-05  7.433E-05  7.986E-05  7.313E-05  5.683E-05
  299.5000  2.147E-04  2.657E-04  2.835E-04  2.618E-04  2.082E-04
  300.5000  2.941E-04  3.576E-04  3.795E-04  3.528E-04  2.859E-04
  301.5000  8.833E-04  1.053E-03  1.111E-03  1.040E-03  8.611E-04
  302.5000  1.445E-03  1.700E-03  1.787E-03  1.682E-03  1.412E-03
  303.5000  3.406E-03  3.945E-03  4.124E-03  3.905E-03  3.335E-03
  304.5000  4.493E-03  5.155E-03  5.375E-03  5.106E-03  4.404E-03
  305.5000  7.854E-03  8.884E-03  9.223E-03  8.809E-03  7.714E-03
  306.5000  9.255E-03  1.040E-02  1.078E-02  1.032E-02  9.098E-03
  307.5000  1.684E-02  1.871E-02  1.932E-02  1.857E-02  1.658E-02
  308.5000  2.062E-02  2.280E-02  2.351E-02  2.264E-02  2.032E-02
  309.5000  2.119E-02  2.325E-02  2.392E-02  2.311E-02  2.091E-02
  310.5000  3.223E-02  3.515E-02  3.610E-02  3.494E-02  3.182E-02
  311.5000  4.460E-02  4.847E-02  4.972E-02  4.820E-02  4.407E-02
  312.5000  4.952E-02  5.345E-02  5.471E-02  5.317E-02  4.898E-02
  313.5000  5.795E-02  6.246E-02  6.390E-02  6.214E-02  5.733E-02
  314.5000  6.467E-02  6.928E-02  7.075E-02  6.896E-02  6.402E-02
  315.5000  6.808E-02  7.287E-02  7.439E-02  7.253E-02  6.741E-02
  316.5000  7.382E-02  7.866E-02  8.019E-02  7.831E-02  7.314E-02
  317.5000  1.046E-01  1.114E-01  1.136E-01  1.109E-01  1.036E-01
  318.5000  8.889E-02  9.432E-02  9.604E-02  9.393E-02  8.813E-02
  319.5000  1.102E-01  1.168E-01  1.189E-01  1.163E-01  1.092E-01
  320.5000  1.366E-01  1.447E-01  1.472E-01  1.441E-01  1.354E-01
  321.5000  1.244E-01  1.312E-01  1.334E-01  1.307E-01  1.234E-01
  322.5000  1.189E-01  1.258E-01  1.280E-01  1.253E-01  1.179E-01
  323.5000  1.332E-01  1.403E-01  1.426E-01  1.398E-01  1.322E-01
  324.5000  1.561E-01  1.644E-01  1.670E-01  1.638E-01  1.549E-01
  325.5000  1.732E-01  1.826E-01  1.856E-01  1.820E-01  1.719E-01
  326.5000  2.217E-01  2.330E-01  2.366E-01  2.322E-01  2.201E-01
  327.5000  2.031E-01  2.137E-01  2.170E-01  2.129E-01  2.016E-01
  328.5000  1.879E-01  1.976E-01  2.007E-01  1.969E-01  1.865E-01
  329.5000  2.537E-01  2.662E-01  2.702E-01  2.653E-01  2.519E-01
  330.5000  2.271E-01  2.386E-01  2.422E-01  2.378E-01  2.255E-01
  331.5000  2.239E-01  2.353E-01  2.388E-01  2.345E-01  2.223E-01
  332.5000  2.271E-01  2.382E-01  2.417E-01  2.374E-01  2.255E-01
  333.5000  2.111E-01  2.215E-01  2.248E-01  2.208E-01  2.096E-01
  334.5000  2.375E-01  2.492E-01  2.529E-01  2.484E-01  2.359E-01
  335.5000  2.443E-01  2.561E-01  2.598E-01  2.552E-01  2.426E-01
  336.5000  1.904E-01  1.997E-01  2.026E-01  1.990E-01  1.891E-01
  337.5000  2.073E-01  2.175E-01  2.207E-01  2.168E-01  2.059E-01
  338.5000  2.221E-01  2.328E-01  2.362E-01  2.320E-01  2.206E-01
  339.5000  2.421E-01  2.538E-01  2.574E-01  2.529E-01  2.405E-01
  340.5000  2.578E-01  2.703E-01  2.742E-01  2.694E-01  2.561E-01
  341.5000  2.309E-01  2.419E-01  2.454E-01  2.411E-01  2.293E-01
  342.5000  2.563E-01  2.685E-01  2.724E-01  2.677E-01  2.546E-01
  343.5000  2.659E-01  2.786E-01  2.826E-01  2.777E-01  2.641E-01
  344.5000  1.861E-01  1.950E-01  1.978E-01  1.943E-01  1.848E-01
  345.5000  2.569E-01  2.691E-01  2.729E-01  2.682E-01  2.552E-01
  346.5000  2.396E-01  2.510E-01  2.546E-01  2.502E-01  2.380E-01
  347.5000  2.344E-01  2.456E-01  2.491E-01  2.448E-01  2.328E-01
  348.5000  2.583E-01  2.705E-01  2.744E-01  2.697E-01  2.565E-01
  349.5000  2.166E-01  2.269E-01  2.301E-01  2.262E-01  2.151E-01
  350.5000  3.037E-01  3.181E-01  3.226E-01  3.170E-01  3.016E-01
  351.5000  2.618E-01  2.742E-01  2.781E-01  2.734E-01  2.601E-01
  352.5000  2.365E-01  2.477E-01  2.512E-01  2.469E-01  2.349E-01
  353.5000  2.851E-01  2.986E-01  3.028E-01  2.976E-01  2.832E-01
  354.5000  3.091E-01  3.236E-01  3.282E-01  3.226E-01  3.070E-01
  355.5000  2.891E-01  3.027E-01  3.070E-01  3.018E-01  2.872E-01
  356.5000  2.685E-01  2.812E-01  2.852E-01  2.803E-01  2.667E-01
  357.5000  2.285E-01  2.393E-01  2.427E-01  2.385E-01  2.270E-01
  358.5000  1.766E-01  1.849E-01  1.875E-01  1.843E-01  1.754E-01
  359.5000  2.974E-01  3.114E-01  3.158E-01  3.104E-01  2.954E-01
  360.5000  2.759E-01  2.889E-01  2.930E-01  2.880E-01  2.741E-01
  361.5000  2.490E-01  2.607E-01  2.644E-01  2.599E-01  2.474E-01
  362.5000  2.928E-01  3.065E-01  3.108E-01  3.055E-01  2.908E-01
  363.5000  2.607E-01  2.729E-01  2.767E-01  2.720E-01  2.589E-01
  364.5000  2.846E-01  2.979E-01  3.021E-01  2.970E-01  2.827E-01
  365.5000  3.471E-01  3.633E-01  3.684E-01  3.621E-01  3.448E-01
  366.5000  3.677E-01  3.848E-01  3.902E-01  3.836E-01  3.652E-01
  367.5000  3.494E-01  3.657E-01  3.708E-01  3.646E-01  3.471E-01
  368.5000  3.072E-01  3.216E-01  3.261E-01  3.205E-01  3.052E-01
  369.5000  3.689E-01  3.860E-01  3.914E-01  3.848E-01  3.664E-01
  370.5000  3.350E-01  3.505E-01  3.554E-01  3.494E-01  3.328E-01
  371.5000  3.836E-01  4.014E-01  4.070E-01  4.002E-01  3.811E-01
  372.5000  2.836E-01  2.968E-01  3.009E-01  2.958E-01  2.817E-01
  373.5000  2.566E-01  2.685E-01  2.722E-01  2.676E-01  2.549E-01
  374.5000  2.818E-01  2.949E-01  2.990E-01  2.940E-01  2.800E-01
  375.5000  3.183E-01  3.330E-01  3.376E-01  3.320E-01  3.162E-01
  376.5000  3.181E-01  3.328E-01  3.374E-01  3.318E-01  3.160E-01
  377.5000  3.791E-01  3.966E-01  4.021E-01  3.954E-01  3.767E-01
  378.5000  4.136E-01  4.327E-01  4.387E-01  4.313E-01  4.109E-01
  379.5000  3.062E-01  3.204E-01  3.248E-01  3.194E-01  3.042E-01
  380.5000  3.686E-01  3.856E-01  3.909E-01  3.844E-01  3.662E-01
  381.5000  3.467E-01  3.626E-01  3.676E-01  3.615E-01  3.444E-01
  382.5000  2.312E-01  2.418E-01  2.452E-01  2.411E-01  2.297E-01
  383.5000  2.032E-01  2.125E-01  2.155E-01  2.119E-01  2.019E-01
  384.5000  3.052E-01  3.192E-01  3.236E-01  3.182E-01  3.032E-01
  385.5000  3.022E-01  3.161E-01  3.204E-01  3.151E-01  3.003E-01
  386.5000  3.083E-01  3.224E-01  3.269E-01  3.214E-01  3.063E-01
  387.5000  2.868E-01  2.999E-01  3.040E-01  2.990E-01  2.849E-01
  388.5000  2.877E-01  3.009E-01  3.050E-01  2.999E-01  2.858E-01
  389.5000  3.631E-01  3.797E-01  3.849E-01  3.785E-01  3.608E-01
  390.5000  3.570E-01  3.733E-01  3.784E-01  3.721E-01  3.547E-01
  391.5000  4.239E-01  4.432E-01  4.492E-01  4.418E-01  4.211E-01
  392.5000  3.181E-01  3.326E-01  3.371E-01  3.316E-01  3.161E-01
  393.5000  1.384E-01  1.447E-01  1.467E-01  1.443E-01  1.375E-01
  394.5000  3.260E-01  3.408E-01  3.454E-01  3.398E-01  3.239E-01
  395.5000  4.198E-01  4.388E-01  4.448E-01  4.375E-01  4.171E-01
  396.5000  2.467E-01  2.579E-01  2.614E-01  2.571E-01  2.451E-01
  397.5000  2.849E-01  2.978E-01  3.019E-01  2.969E-01  2.831E-01
  398.5000  4.900E-01  5.122E-01  5.191E-01  5.106E-01  4.869E-01
  399.5000  5.101E-01  5.332E-01  5.404E-01  5.315E-01  5.068E-01
  400.5000  5.367E-01  5.610E-01  5.686E-01  5.593E-01  5.333E-01
  401.5000  5.527E-01  5.776E-01  5.854E-01  5.759E-01  5.491E-01
  402.5000  5.742E-01  6.001E-01  6.082E-01  5.983E-01  5.706E-01
  403.5000  5.260E-01  5.497E-01  5.572E-01  5.481E-01  5.227E-01
  404.5000  5.164E-01  5.396E-01  5.469E-01  5.380E-01  5.131E-01
  405.5000  5.368E-01  5.610E-01  5.686E-01  5.593E-01  5.334E-01
  406.5000  5.061E-01  5.288E-01  5.359E-01  5.272E-01  5.028E-01
  407.5000  5.106E-01  5.335E-01  5.407E-01  5.319E-01  5.074E-01
  408.5000  5.691E-01  5.946E-01  6.026E-01  5.928E-01  5.655E-01
  409.5000  5.584E-01  5.834E-01  5.912E-01  5.816E-01  5.548E-01
  410.5000  4.846E-01  5.063E-01  5.131E-01  5.048E-01  4.815E-01
  411.5000  5.830E-01  6.090E-01  6.172E-01  6.072E-01  5.793E-01
  412.5000  5.783E-01  6.041E-01  6.122E-01  6.023E-01  5.746E-01
  413.5000  5.613E-01  5.863E-01  5.942E-01  5.846E-01  5.577E-01
  414.5000  5.774E-01  6.031E-01  6.112E-01  6.013E-01  5.737E-01
  415.5000  5.527E-01  5.773E-01  5.850E-01  5.755E-01  5.492E-01
  416.5000  6.019E-01  6.287E-01  6.371E-01  6.268E-01  5.981E-01
  417.5000  5.507E-01  5.752E-01  5.828E-01  5.734E-01  5.472E-01
  418.5000  5.555E-01  5.801E-01  5.878E-01  5.784E-01  5.520E-01
  419.5000  5.742E-01  5.997E-01  6.077E-01  5.979E-01  5.706E-01
------------------------------------------------------------
Dose rates, W m-2
   1 = UV-B, 280-315 nm                                  
   2 = UV-A, 315-400 nm                                  
   3 = Gaussian, 320 nm, 10 nm FWHM                      
   4 = RB Meter, model 501                               
   5 = DNA damage, in vitro (Setlow, 1974)               
   6 = UV index (WMO, 1994; Webb et al., 2011)           
   7 = Previtamin-D3 (CIE 2006)                          
values at z =      0.000 km
Columns: time, sza, weighting spectra
time, hrs.  sza, deg.          1          2          3          4          5          6          7
   11.0000     63.267  3.356E-01  2.234E+01  1.155E-01  9.374E-02  5.659E-04  1.789E+00  6.877E-02
   11.5000     62.272  3.655E-01  2.341E+01  1.223E-01  1.019E-01  6.303E-04  1.936E+00  7.589E-02
   12.0000     61.960  3.751E-01  2.374E+01  1.244E-01  1.045E-01  6.515E-04  1.983E+00  7.821E-02
   12.5000     62.342  3.633E-01  2.333E+01  1.218E-01  1.013E-01  6.256E-04  1.925E+00  7.537E-02
   13.0000     63.407  3.314E-01  2.219E+01  1.146E-01  9.262E-02  5.571E-04  1.769E+00  6.780E-02
------------------------------------------------------------
