Spectral Irradiance, W m-2 nm-1
values at z =      0.000 km
Columns: wavelength (nm), times (hrs.) or sza (deg.)
    wc, nm     11.000     11.500     12.000     12.500     13.000
    sza =      98.691     98.507     98.507     98.689     99.054
  280.5000  0.000E+00  0.000E+00  0.000E+00  0.000E+00  0.000E+00
  281.5000  0.000E+00  0.000E+00  0.000E+00  0.000E+00  0.000E+00
  282.5000  0.000E+00  0.000E+00  0.000E+00  0.000E+00  0.000E+00
  283.5000  0.000E+00  0.000E+00  0.000E+00  0.000E+00  0.000E+00
  284.5000  0.000E+00  0.000E+00  0.000E+00  0.000E+00  0.000E+00
  285.5000  0.000E+00  0.000E+00  0.000E+00  0.000E+00  0.000E+00
  286.5000  0.000E+00  0.000E+00  0.000E+00  0.000E+00  0.000E+00
  287.5000  0.000E+00  0.000E+00  0.000E+00  0.000E+00  0.000E+00
  288.5000  0.000E+00  0.000E+00  0.000E+00  0.000E+00  0.000E+00
  289.5000  0.000E+00  0.000E+00  0.000E+00  0.000E+00  0.000E+00
  290.5000  0.000E+00  0.000E+00  0.000E+00  0.000E+00  0.000E+00
  291.5000  0.000E+00  0.000E+00  0.000E+00  0.000E+00  0.000E+00
  292.5000  0.000E+00  0.000E+00  0.000E+00  0.000E+00  0.000E+00
  293.5000  0.000E+00  0.000E+00  0.000E+00  0.000E+00  0.000E+00
  294.5000  0.000E+00  0.000E+00  0.000E+00  0.000E+00  0.000E+00
  295.5000  0.000E+00  0.000E+00  0.000E+00  0.000E+00  0.000E+00
  296.5000  0.000E+00  0.000E+00  0.000E+00  0.000E+00  0.000E+00
  297.5000  0.000E+00  0.000E+00  0.000E+00  0.000E+00  0.000E+00
  298.5000  0.000E+00  0.000E+00  0.000E+00  0.000E+00  0.000E+00
  299.5000  0.000E+00  0.000E+00  0.000E+00  0.000E+00  0.000E+00
  300.5000  0.000E+00  0.000E+00  0.000E+00  0.000E+00  0.000E+00
  301.5000  0.000E+00  1.401E-45  1.401E-45  0.000E+00  0.000E+00
  302.5000  1.401E-45  3.952E-43  4.036E-43  1.401E-45  0.000E+00
  303.5000  3.223E-44  1.665E-39  1.701E-39  3.643E-44  0.000E+00
  304.5000  2.905E-42  1.867E-37  1.909E-37  3.377E-42  0.000E+00
  305.5000  2.129E-39  2.101E-34  2.152E-34  2.477E-39  0.000E+00
  306.5000  4.545E-38  4.769E-33  4.887E-33  5.282E-38  0.000E+00
  307.5000  1.287E-35  1.891E-30  1.941E-30  1.496E-35  0.000E+00
  308.5000  1.494E-34  2.189E-29  2.247E-29  1.734E-34  0.000E+00
  309.5000  4.999E-33  8.618E-28  8.852E-28  5.802E-33  0.000E+00
  310.5000  1.042E-31  1.901E-26  1.953E-26  1.208E-31  0.000E+00
  311.5000  9.550E-31  1.707E-25  1.754E-25  1.106E-30  0.000E+00
  312.5000  2.028E-29  4.051E-24  4.165E-24  2.347E-29  0.000E+00
  313.5000  6.932E-29  1.232E-23  1.267E-23  8.011E-29  0.000E+00
  314.5000  1.001E-27  1.925E-22  1.979E-22  1.156E-27  0.000E+00
  315.5000  2.395E-27  4.003E-22  4.115E-22  2.762E-27  0.000E+00
  316.5000  2.034E-26  3.488E-21  3.587E-21  2.342E-26  0.000E+00
  317.5000  4.650E-26  6.730E-21  6.918E-21  5.347E-26  0.000E+00
  318.5000  2.634E-25  3.872E-20  3.981E-20  3.026E-25  0.000E+00
  319.5000  6.743E-25  8.694E-20  8.936E-20  7.735E-25  0.000E+00
  320.5000  1.815E-24  2.090E-19  2.148E-19  2.079E-24  0.000E+00
  321.5000  9.259E-24  1.067E-18  1.096E-18  1.060E-23  0.000E+00
  322.5000  5.108E-24  4.492E-19  4.613E-19  5.833E-24  0.000E+00
  323.5000  4.137E-23  3.805E-18  3.909E-18  4.721E-23  0.000E+00
  324.5000  6.956E-23  5.472E-18  5.619E-18  7.925E-23  0.000E+00
  325.5000  9.584E-23  6.400E-18  6.570E-18  1.090E-22  0.000E+00
  326.5000  5.177E-22  3.410E-17  3.501E-17  5.884E-22  0.000E+00
  327.5000  5.076E-22  2.792E-17  2.865E-17  5.759E-22  0.000E+00
  328.5000  7.068E-22  3.420E-17  3.508E-17  8.008E-22  0.000E+00
  329.5000  3.000E-21  1.391E-16  1.427E-16  3.396E-21  0.000E+00
  330.5000  2.875E-21  1.126E-16  1.155E-16  3.249E-21  0.000E+00
  331.5000  3.878E-21  1.330E-16  1.363E-16  4.376E-21  0.000E+00
  332.5000  9.811E-21  3.166E-16  3.245E-16  1.106E-20  0.000E+00
  333.5000  1.040E-20  2.886E-16  2.957E-16  1.171E-20  0.000E+00
  334.5000  1.891E-20  4.723E-16  4.838E-16  2.126E-20  0.000E+00
  335.5000  3.581E-20  8.178E-16  8.375E-16  4.022E-20  0.000E+00
  336.5000  3.665E-20  7.383E-16  7.558E-16  4.112E-20  0.000E+00
  337.5000  4.689E-20  8.237E-16  8.430E-16  5.253E-20  0.000E+00
  338.5000  9.220E-20  1.494E-15  1.529E-15  1.032E-19  0.000E+00
  339.5000  1.452E-19  2.116E-15  2.165E-15  1.624E-19  0.000E+00
  340.5000  1.942E-19  2.505E-15  2.562E-15  2.169E-19  0.000E+00
  341.5000  2.751E-19  3.237E-15  3.310E-15  3.068E-19  0.000E+00
  342.5000  4.297E-19  4.562E-15  4.663E-15  4.787E-19  0.000E+00
  343.5000  5.808E-19  5.523E-15  5.645E-15  6.464E-19  0.000E+00
  344.5000  5.242E-19  4.467E-15  4.564E-15  5.827E-19  0.000E+00
  345.5000  1.118E-18  8.746E-15  8.934E-15  1.242E-18  0.000E+00
  346.5000  1.295E-18  9.078E-15  9.271E-15  1.437E-18  0.000E+00
  347.5000  1.715E-18  1.091E-14  1.114E-14  1.900E-18  0.000E+00
  348.5000  2.595E-18  1.503E-14  1.535E-14  2.872E-18  0.000E+00
  349.5000  2.880E-18  1.516E-14  1.547E-14  3.184E-18  0.000E+00
  350.5000  5.376E-18  2.579E-14  2.631E-14  5.938E-18  0.000E+00
  351.5000  6.039E-18  2.638E-14  2.691E-14  6.665E-18  0.000E+00
  352.5000  7.222E-18  2.883E-14  2.940E-14  7.962E-18  0.000E+00
  353.5000  1.154E-17  4.219E-14  4.303E-14  1.271E-17  0.000E+00
  354.5000  1.648E-17  5.521E-14  5.629E-14  1.813E-17  0.000E+00
  355.5000  2.000E-17  6.143E-14  6.261E-14  2.199E-17  0.000E+00
  356.5000  2.396E-17  6.753E-14  6.882E-14  2.632E-17  0.000E+00
  357.5000  2.616E-17  6.773E-14  6.901E-14  2.871E-17  0.000E+00
  358.5000  2.605E-17  6.210E-14  6.326E-14  2.856E-17  0.000E+00
  359.5000  5.602E-17  1.230E-13  1.253E-13  6.137E-17  0.000E+00
  360.5000  6.617E-17  1.340E-13  1.365E-13  7.243E-17  0.000E+00
  361.5000  7.602E-17  1.422E-13  1.448E-13  8.314E-17  0.000E+00
  362.5000  1.132E-16  1.957E-13  1.992E-13  1.236E-16  0.000E+00
  363.5000  1.270E-16  2.032E-13  2.068E-13  1.386E-16  0.000E+00
  364.5000  1.737E-16  2.576E-13  2.621E-13  1.895E-16  0.000E+00
  365.5000  2.645E-16  3.635E-13  3.699E-13  2.883E-16  0.000E+00
  366.5000  3.500E-16  4.467E-13  4.544E-13  3.812E-16  0.000E+00
  367.5000  4.142E-16  4.915E-13  4.999E-13  4.508E-16  0.000E+00
  368.5000  4.512E-16  4.980E-13  5.064E-13  4.906E-16  0.000E+00
  369.5000  6.691E-16  6.878E-13  6.992E-13  7.271E-16  0.000E+00
  370.5000  7.481E-16  7.168E-13  7.286E-13  8.123E-16  0.000E+00
  371.5000  1.052E-15  9.408E-13  9.561E-13  1.142E-15  0.000E+00
  372.5000  9.528E-16  7.957E-13  8.085E-13  1.033E-15  0.000E+00
  373.5000  1.052E-15  8.209E-13  8.340E-13  1.139E-15  0.000E+00
  374.5000  1.406E-15  1.027E-12  1.043E-12  1.522E-15  0.000E+00
  375.5000  1.928E-15  1.319E-12  1.339E-12  2.086E-15  0.000E+00
  376.5000  2.333E-15  1.496E-12  1.520E-12  2.523E-15  0.000E+00
  377.5000  3.358E-15  2.021E-12  2.052E-12  3.629E-15  0.000E+00
  378.5000  4.411E-15  2.492E-12  2.530E-12  4.763E-15  0.000E+00
  379.5000  3.922E-15  2.082E-12  2.114E-12  4.232E-15  0.000E+00
  380.5000  5.656E-15  2.825E-12  2.867E-12  6.099E-15  0.000E+00
  381.5000  6.359E-15  2.990E-12  3.034E-12  6.852E-15  0.000E+00
  382.5000  5.056E-15  2.240E-12  2.272E-12  5.444E-15  0.000E+00
  383.5000  5.284E-15  2.207E-12  2.239E-12  5.686E-15  0.000E+00
  384.5000  9.416E-15  3.712E-12  3.765E-12  1.013E-14  0.000E+00
  385.5000  1.104E-14  4.109E-12  4.167E-12  1.186E-14  0.000E+00
  386.5000  1.330E-14  4.679E-12  4.745E-12  1.429E-14  0.000E+00
  387.5000  1.458E-14  4.850E-12  4.918E-12  1.565E-14  0.000E+00
  388.5000  1.719E-14  5.414E-12  5.488E-12  1.844E-14  0.000E+00
  389.5000  2.545E-14  7.593E-12  7.696E-12  2.729E-14  0.000E+00
  390.5000  2.929E-14  8.283E-12  8.395E-12  3.139E-14  0.000E+00
  391.5000  4.063E-14  1.090E-11  1.104E-11  4.352E-14  0.000E+00
  392.5000  3.555E-14  9.049E-12  9.170E-12  3.806E-14  0.000E+00
  393.5000  1.799E-14  4.350E-12  4.408E-12  1.925E-14  0.000E+00
  394.5000  4.919E-14  1.130E-11  1.145E-11  5.260E-14  0.000E+00
  395.5000  7.339E-14  1.604E-11  1.625E-11  7.844E-14  0.000E+00
  396.5000  4.989E-14  1.038E-11  1.051E-11  5.329E-14  0.000E+00
  397.5000  6.651E-14  1.317E-11  1.334E-11  7.101E-14  0.000E+00
  398.5000  1.318E-13  2.487E-11  2.519E-11  1.406E-13  0.000E+00
  399.5000  1.578E-13  2.839E-11  2.874E-11  1.683E-13  0.000E+00
  400.5000  1.905E-13  3.271E-11  3.311E-11  2.031E-13  0.000E+00
  401.5000  2.247E-13  3.683E-11  3.728E-11  2.394E-13  0.000E+00
  402.5000  2.670E-13  4.180E-11  4.231E-11  2.844E-13  0.000E+00
  403.5000  2.793E-13  4.179E-11  4.229E-11  2.973E-13  0.000E+00
  404.5000  3.125E-13  4.471E-11  4.525E-11  3.325E-13  0.000E+00
  405.5000  3.698E-13  5.061E-11  5.121E-11  3.932E-13  0.000E+00
  406.5000  3.959E-13  5.188E-11  5.248E-11  4.207E-13  0.000E+00
  407.5000  4.528E-13  5.683E-11  5.749E-11  4.810E-13  0.000E+00
  408.5000  5.711E-13  6.870E-11  6.949E-11  6.065E-13  0.000E+00
  409.5000  6.333E-13  7.304E-11  7.387E-11  6.721E-13  0.000E+00
  410.5000  6.203E-13  6.864E-11  6.942E-11  6.581E-13  0.000E+00
  411.5000  8.411E-13  8.934E-11  9.034E-11  8.919E-13  0.000E+00
  412.5000  9.392E-13  9.581E-11  9.687E-11  9.955E-13  0.000E+00
  413.5000  1.025E-12  1.004E-10  1.015E-10  1.085E-12  0.000E+00
  414.5000  1.182E-12  1.114E-10  1.126E-10  1.252E-12  0.000E+00
  415.5000  1.267E-12  1.148E-10  1.161E-10  1.341E-12  0.000E+00
  416.5000  1.543E-12  1.345E-10  1.360E-10  1.633E-12  0.000E+00
  417.5000  1.577E-12  1.323E-10  1.337E-10  1.668E-12  0.000E+00
  418.5000  1.774E-12  1.434E-10  1.449E-10  1.876E-12  0.000E+00
  419.5000  2.044E-12  1.592E-10  1.609E-10  2.160E-12  0.000E+00
------------------------------------------------------------
Dose rates, W m-2
   1 = UV-B, 280-315 nm                                  
   2 = UV-A, 315-400 nm                                  
   3 = Gaussian, 320 nm, 10 nm FWHM                      
   4 = RB Meter, model 501                               
   5 = DNA damage, in vitro (Setlow, 1974)               
   6 = UV index (WMO, 1994; Webb et al., 2011)           
   7 = Previtamin-D3 (CIE 2006)                          
values at z =      0.000 km
Columns: time, sza, weighting spectra
time, hrs.  sza, deg.          1          2          3          4          5          6          7
   11.0000     98.691  1.092E-27  7.894E-13  1.229E-22  1.650E-18  1.104E-21  4.915E-15  8.621E-25
   11.5000     98.507  2.090E-22  1.951E-10  5.699E-18  1.382E-15  2.640E-18  1.352E-12  5.206E-20
   12.0000     98.507  2.150E-22  1.977E-10  5.846E-18  1.404E-15  2.690E-18  1.371E-12  5.343E-20
   12.5000     98.689  1.261E-27  8.443E-13  1.391E-22  1.788E-18  1.210E-21  5.261E-15  9.786E-25
   13.0000     99.054  0.000E+00  0.000E+00  0.000E+00  0.000E+00  0.000E+00  0.000E+00  0.000E+00
------------------------------------------------------------
