Spectral Irradiance, W m-2 nm-1
values at z =      0.000 km
Columns: wavelength (nm), times (hrs.) or sza (deg.)
    wc, nm     11.000     11.500     12.000     12.500     13.000
    sza =      54.187     53.325     53.339     54.231     55.957
  280.5000  1.192E-22  2.923E-22  2.880E-22  1.138E-22  1.784E-23
  281.5000  2.098E-20  4.742E-20  4.678E-20  1.989E-20  3.708E-21
  282.5000  1.217E-18  2.565E-18  2.533E-18  1.170E-18  2.481E-19
  283.5000  1.538E-17  3.100E-17  3.065E-17  1.483E-17  3.440E-18
  284.5000  9.473E-16  1.758E-15  1.740E-15  9.173E-16  2.515E-16
  285.5000  1.246E-14  2.177E-14  2.157E-14  1.211E-14  3.756E-15
  286.5000  4.069E-13  6.786E-13  6.729E-13  3.962E-13  1.352E-13
  287.5000  7.170E-12  1.141E-11  1.133E-11  7.036E-12  2.669E-12
  288.5000  1.229E-10  1.840E-10  1.828E-10  1.203E-10  5.123E-11
  289.5000  1.617E-09  2.327E-09  2.314E-09  1.586E-09  7.338E-10
  290.5000  1.349E-08  1.878E-08  1.868E-08  1.326E-08  6.576E-09
  291.5000  9.739E-08  1.307E-07  1.301E-07  9.603E-08  5.155E-08
  292.5000  4.596E-07  5.973E-07  5.947E-07  4.514E-07  2.597E-07
  293.5000  2.493E-06  3.147E-06  3.135E-06  2.462E-06  1.499E-06
  294.5000  7.742E-06  9.561E-06  9.528E-06  7.663E-06  4.895E-06
  295.5000  3.281E-05  3.953E-05  3.941E-05  3.249E-05  2.184E-05
  296.5000  8.823E-05  1.042E-04  1.039E-04  8.747E-05  6.135E-05
  297.5000  2.464E-04  2.866E-04  2.859E-04  2.451E-04  1.784E-04
  298.5000  4.050E-04  4.632E-04  4.621E-04  4.022E-04  3.021E-04
  299.5000  1.217E-03  1.376E-03  1.373E-03  1.211E-03  9.384E-04
  300.5000  1.438E-03  1.607E-03  1.604E-03  1.431E-03  1.133E-03
  301.5000  3.665E-03  4.046E-03  4.040E-03  3.650E-03  2.961E-03
  302.5000  5.386E-03  5.896E-03  5.887E-03  5.361E-03  4.420E-03
  303.5000  1.115E-02  1.210E-02  1.208E-02  1.110E-02  9.333E-03
  304.5000  1.365E-02  1.473E-02  1.471E-02  1.359E-02  1.155E-02
  305.5000  2.131E-02  2.282E-02  2.280E-02  2.123E-02  1.834E-02
  306.5000  2.393E-02  2.554E-02  2.549E-02  2.385E-02  2.075E-02
  307.5000  3.963E-02  4.201E-02  4.200E-02  3.951E-02  3.485E-02
  308.5000  4.681E-02  4.951E-02  4.949E-02  4.667E-02  4.138E-02
  309.5000  4.521E-02  4.764E-02  4.760E-02  4.509E-02  4.034E-02
  310.5000  6.574E-02  6.906E-02  6.901E-02  6.557E-02  5.904E-02
  311.5000  8.835E-02  9.263E-02  9.256E-02  8.813E-02  7.970E-02
  312.5000  9.304E-02  9.721E-02  9.714E-02  9.283E-02  8.459E-02
  313.5000  1.075E-01  1.123E-01  1.122E-01  1.073E-01  9.795E-02
  314.5000  1.147E-01  1.194E-01  1.193E-01  1.144E-01  1.052E-01
  315.5000  1.198E-01  1.246E-01  1.246E-01  1.196E-01  1.100E-01
  316.5000  1.254E-01  1.302E-01  1.301E-01  1.252E-01  1.158E-01
  317.5000  1.776E-01  1.843E-01  1.842E-01  1.773E-01  1.639E-01
  318.5000  1.462E-01  1.514E-01  1.513E-01  1.460E-01  1.356E-01
  319.5000  1.801E-01  1.864E-01  1.863E-01  1.798E-01  1.671E-01
  320.5000  2.216E-01  2.292E-01  2.291E-01  2.212E-01  2.059E-01
  321.5000  1.959E-01  2.023E-01  2.022E-01  1.956E-01  1.828E-01
  322.5000  1.915E-01  1.981E-01  1.980E-01  1.912E-01  1.782E-01
  323.5000  2.071E-01  2.137E-01  2.135E-01  2.068E-01  1.936E-01
  324.5000  2.429E-01  2.506E-01  2.504E-01  2.425E-01  2.271E-01
  325.5000  2.708E-01  2.795E-01  2.793E-01  2.704E-01  2.530E-01
  326.5000  3.383E-01  3.486E-01  3.484E-01  3.378E-01  3.172E-01
  327.5000  3.123E-01  3.219E-01  3.217E-01  3.118E-01  2.925E-01
  328.5000  2.887E-01  2.975E-01  2.974E-01  2.882E-01  2.704E-01
  329.5000  3.829E-01  3.942E-01  3.940E-01  3.823E-01  3.596E-01
  330.5000  3.452E-01  3.556E-01  3.554E-01  3.447E-01  3.239E-01
  331.5000  3.408E-01  3.510E-01  3.509E-01  3.403E-01  3.197E-01
  332.5000  3.412E-01  3.511E-01  3.509E-01  3.407E-01  3.207E-01
  333.5000  3.187E-01  3.281E-01  3.279E-01  3.182E-01  2.994E-01
  334.5000  3.576E-01  3.680E-01  3.679E-01  3.571E-01  3.360E-01
  335.5000  3.654E-01  3.759E-01  3.757E-01  3.648E-01  3.437E-01
  336.5000  2.853E-01  2.935E-01  2.933E-01  2.848E-01  2.683E-01
  337.5000  3.118E-01  3.209E-01  3.207E-01  3.113E-01  2.931E-01
  338.5000  3.318E-01  3.413E-01  3.412E-01  3.313E-01  3.122E-01
  339.5000  3.613E-01  3.716E-01  3.715E-01  3.608E-01  3.400E-01
  340.5000  3.855E-01  3.966E-01  3.964E-01  3.850E-01  3.627E-01
  341.5000  3.440E-01  3.537E-01  3.536E-01  3.435E-01  3.238E-01
  342.5000  3.816E-01  3.924E-01  3.922E-01  3.810E-01  3.592E-01
  343.5000  3.961E-01  4.073E-01  4.071E-01  3.955E-01  3.729E-01
  344.5000  2.774E-01  2.853E-01  2.852E-01  2.770E-01  2.611E-01
  345.5000  3.817E-01  3.925E-01  3.923E-01  3.812E-01  3.595E-01
  346.5000  3.565E-01  3.666E-01  3.664E-01  3.560E-01  3.357E-01
  347.5000  3.487E-01  3.585E-01  3.584E-01  3.482E-01  3.284E-01
  348.5000  3.838E-01  3.945E-01  3.944E-01  3.832E-01  3.615E-01
  349.5000  3.218E-01  3.308E-01  3.307E-01  3.213E-01  3.031E-01
  350.5000  4.509E-01  4.635E-01  4.633E-01  4.502E-01  4.248E-01
  351.5000  3.887E-01  3.996E-01  3.994E-01  3.882E-01  3.662E-01
  352.5000  3.509E-01  3.607E-01  3.605E-01  3.504E-01  3.306E-01
  353.5000  4.228E-01  4.346E-01  4.344E-01  4.222E-01  3.984E-01
  354.5000  4.580E-01  4.707E-01  4.705E-01  4.573E-01  4.316E-01
  355.5000  4.283E-01  4.402E-01  4.400E-01  4.277E-01  4.036E-01
  356.5000  3.977E-01  4.087E-01  4.085E-01  3.971E-01  3.748E-01
  357.5000  3.383E-01  3.477E-01  3.475E-01  3.378E-01  3.189E-01
  358.5000  2.613E-01  2.685E-01  2.684E-01  2.609E-01  2.463E-01
  359.5000  4.399E-01  4.521E-01  4.519E-01  4.393E-01  4.148E-01
  360.5000  4.080E-01  4.193E-01  4.191E-01  4.074E-01  3.847E-01
  361.5000  3.681E-01  3.782E-01  3.781E-01  3.676E-01  3.471E-01
  362.5000  4.325E-01  4.444E-01  4.442E-01  4.319E-01  4.079E-01
  363.5000  3.850E-01  3.955E-01  3.954E-01  3.844E-01  3.631E-01
  364.5000  4.202E-01  4.317E-01  4.315E-01  4.196E-01  3.963E-01
  365.5000  5.122E-01  5.263E-01  5.260E-01  5.115E-01  4.832E-01
  366.5000  5.424E-01  5.573E-01  5.570E-01  5.417E-01  5.117E-01
  367.5000  5.153E-01  5.294E-01  5.292E-01  5.146E-01  4.862E-01
  368.5000  4.529E-01  4.653E-01  4.651E-01  4.523E-01  4.273E-01
  369.5000  5.436E-01  5.584E-01  5.581E-01  5.428E-01  5.129E-01
  370.5000  4.934E-01  5.069E-01  5.066E-01  4.927E-01  4.656E-01
  371.5000  5.649E-01  5.802E-01  5.800E-01  5.641E-01  5.331E-01
  372.5000  4.175E-01  4.288E-01  4.286E-01  4.169E-01  3.940E-01
  373.5000  3.775E-01  3.878E-01  3.876E-01  3.770E-01  3.563E-01
  374.5000  4.146E-01  4.258E-01  4.256E-01  4.140E-01  3.913E-01
  375.5000  4.680E-01  4.806E-01  4.804E-01  4.674E-01  4.418E-01
  376.5000  4.676E-01  4.802E-01  4.800E-01  4.669E-01  4.414E-01
  377.5000  5.571E-01  5.721E-01  5.718E-01  5.563E-01  5.259E-01
  378.5000  6.074E-01  6.238E-01  6.235E-01  6.066E-01  5.735E-01
  379.5000  4.496E-01  4.617E-01  4.615E-01  4.490E-01  4.246E-01
  380.5000  5.410E-01  5.556E-01  5.553E-01  5.403E-01  5.109E-01
  381.5000  5.086E-01  5.223E-01  5.221E-01  5.080E-01  4.804E-01
  382.5000  3.391E-01  3.482E-01  3.480E-01  3.386E-01  3.203E-01
  383.5000  2.979E-01  3.059E-01  3.058E-01  2.975E-01  2.814E-01
  384.5000  4.473E-01  4.593E-01  4.591E-01  4.467E-01  4.225E-01
  385.5000  4.428E-01  4.546E-01  4.544E-01  4.422E-01  4.183E-01
  386.5000  4.515E-01  4.636E-01  4.634E-01  4.509E-01  4.266E-01
  387.5000  4.199E-01  4.310E-01  4.309E-01  4.193E-01  3.967E-01
  388.5000  4.210E-01  4.322E-01  4.321E-01  4.205E-01  3.978E-01
  389.5000  5.312E-01  5.453E-01  5.451E-01  5.305E-01  5.020E-01
  390.5000  5.220E-01  5.359E-01  5.357E-01  5.213E-01  4.933E-01
  391.5000  6.196E-01  6.360E-01  6.358E-01  6.188E-01  5.856E-01
  392.5000  4.649E-01  4.772E-01  4.770E-01  4.643E-01  4.394E-01
  393.5000  2.022E-01  2.075E-01  2.075E-01  2.019E-01  1.911E-01
  394.5000  4.760E-01  4.886E-01  4.884E-01  4.754E-01  4.500E-01
  395.5000  6.128E-01  6.289E-01  6.287E-01  6.120E-01  5.793E-01
  396.5000  3.600E-01  3.695E-01  3.693E-01  3.595E-01  3.403E-01
  397.5000  4.156E-01  4.265E-01  4.264E-01  4.151E-01  3.929E-01
  398.5000  7.145E-01  7.333E-01  7.330E-01  7.136E-01  6.756E-01
  399.5000  7.436E-01  7.631E-01  7.627E-01  7.426E-01  7.031E-01
  400.5000  7.821E-01  8.026E-01  8.022E-01  7.811E-01  7.396E-01
  401.5000  8.050E-01  8.261E-01  8.258E-01  8.040E-01  7.613E-01
  402.5000  8.361E-01  8.580E-01  8.576E-01  8.351E-01  7.908E-01
  403.5000  7.657E-01  7.857E-01  7.854E-01  7.647E-01  7.242E-01
  404.5000  7.514E-01  7.709E-01  7.706E-01  7.504E-01  7.107E-01
  405.5000  7.809E-01  8.012E-01  8.009E-01  7.799E-01  7.387E-01
  406.5000  7.358E-01  7.550E-01  7.547E-01  7.349E-01  6.961E-01
  407.5000  7.422E-01  7.615E-01  7.612E-01  7.412E-01  7.022E-01
  408.5000  8.270E-01  8.484E-01  8.481E-01  8.259E-01  7.824E-01
  409.5000  8.111E-01  8.321E-01  8.318E-01  8.100E-01  7.674E-01
  410.5000  7.037E-01  7.219E-01  7.216E-01  7.028E-01  6.659E-01
  411.5000  8.462E-01  8.681E-01  8.677E-01  8.451E-01  8.008E-01
  412.5000  8.391E-01  8.608E-01  8.604E-01  8.380E-01  7.941E-01
  413.5000  8.142E-01  8.352E-01  8.348E-01  8.131E-01  7.706E-01
  414.5000  8.372E-01  8.588E-01  8.584E-01  8.361E-01  7.924E-01
  415.5000  8.011E-01  8.217E-01  8.214E-01  8.001E-01  7.583E-01
  416.5000  8.723E-01  8.947E-01  8.943E-01  8.711E-01  8.257E-01
  417.5000  7.977E-01  8.182E-01  8.179E-01  7.967E-01  7.552E-01
  418.5000  8.044E-01  8.250E-01  8.247E-01  8.033E-01  7.615E-01
  419.5000  8.313E-01  8.526E-01  8.522E-01  8.302E-01  7.870E-01
------------------------------------------------------------
Dose rates, W m-2
   1 = UV-B, 280-315 nm                                  
   2 = UV-A, 315-400 nm                                  
   3 = Gaussian, 320 nm, 10 nm FWHM                      
   4 = RB Meter, model 501                               
   5 = DNA damage, in vitro (Setlow, 1974)               
   6 = UV index (WMO, 1994; Webb et al., 2011)           
   7 = Previtamin-D3 (CIE 2006)                          
values at z =      0.000 km
Columns: time, sza, weighting spectra
time, hrs.  sza, deg.          1          2          3          4          5          6          7
   11.0000     54.187  6.835E-01  3.320E+01  1.869E-01  1.905E-01  1.439E-03  3.547E+00  1.573E-01
   11.5000     53.325  7.187E-01  3.413E+01  1.933E-01  2.005E-01  1.543E-03  3.732E+00  1.669E-01
   12.0000     53.339  7.181E-01  3.412E+01  1.932E-01  2.003E-01  1.541E-03  3.729E+00  1.668E-01
   12.5000     54.231  6.817E-01  3.316E+01  1.866E-01  1.900E-01  1.434E-03  3.538E+00  1.569E-01
   13.0000     55.957  6.130E-01  3.128E+01  1.737E-01  1.705E-01  1.240E-03  3.182E+00  1.384E-01
------------------------------------------------------------
