Spectral Irradiance, W m-2 nm-1
values at z =      0.000 km
Columns: wavelength (nm), times (hrs.) or sza (deg.)
    wc, nm     11.000     11.500     12.000     12.500     13.000
    sza =      20.959     16.715     14.920     16.401     20.458
  280.5000  3.167E-14  6.548E-14  8.417E-14  6.857E-14  3.485E-14
  281.5000  9.700E-13  1.882E-12  2.367E-12  1.963E-12  1.059E-12
  282.5000  1.255E-11  2.304E-11  2.844E-11  2.395E-11  1.359E-11
  283.5000  5.997E-11  1.063E-10  1.295E-10  1.102E-10  6.467E-11
  284.5000  6.255E-10  1.039E-09  1.238E-09  1.073E-09  6.688E-10
  285.5000  2.218E-09  3.512E-09  4.117E-09  3.616E-09  2.357E-09
  286.5000  2.647E-08  4.040E-08  4.676E-08  4.150E-08  2.799E-08
  287.5000  1.535E-07  2.248E-07  2.566E-07  2.304E-07  1.614E-07
  288.5000  7.787E-07  1.091E-06  1.226E-06  1.115E-06  8.142E-07
  289.5000  4.312E-06  5.853E-06  6.506E-06  5.968E-06  4.490E-06
  290.5000  1.739E-05  2.298E-05  2.530E-05  2.339E-05  1.804E-05
  291.5000  5.514E-05  7.069E-05  7.704E-05  7.182E-05  5.697E-05
  292.5000  1.326E-04  1.658E-04  1.791E-04  1.681E-04  1.365E-04
  293.5000  3.817E-04  4.663E-04  4.998E-04  4.723E-04  3.919E-04
  294.5000  7.236E-04  8.679E-04  9.244E-04  8.780E-04  7.411E-04
  295.5000  1.812E-03  2.132E-03  2.256E-03  2.154E-03  1.852E-03
  296.5000  3.155E-03  3.651E-03  3.841E-03  3.685E-03  3.216E-03
  297.5000  6.032E-03  6.883E-03  7.206E-03  6.941E-03  6.138E-03
  298.5000  7.178E-03  8.094E-03  8.439E-03  8.156E-03  7.293E-03
  299.5000  1.598E-02  1.782E-02  1.851E-02  1.794E-02  1.621E-02
  300.5000  1.497E-02  1.654E-02  1.713E-02  1.665E-02  1.516E-02
  301.5000  2.968E-02  3.250E-02  3.355E-02  3.269E-02  3.004E-02
  302.5000  3.698E-02  4.025E-02  4.145E-02  4.047E-02  3.740E-02
  303.5000  6.309E-02  6.817E-02  7.003E-02  6.851E-02  6.373E-02
  304.5000  6.905E-02  7.430E-02  7.622E-02  7.465E-02  6.972E-02
  305.5000  9.132E-02  9.765E-02  9.995E-02  9.806E-02  9.212E-02
  306.5000  9.544E-02  1.018E-01  1.041E-01  1.022E-01  9.626E-02
  307.5000  1.379E-01  1.462E-01  1.493E-01  1.468E-01  1.389E-01
  308.5000  1.544E-01  1.635E-01  1.668E-01  1.641E-01  1.556E-01
  309.5000  1.363E-01  1.438E-01  1.465E-01  1.443E-01  1.372E-01
  310.5000  1.857E-01  1.955E-01  1.990E-01  1.961E-01  1.869E-01
  311.5000  2.391E-01  2.512E-01  2.556E-01  2.520E-01  2.406E-01
  312.5000  2.334E-01  2.446E-01  2.486E-01  2.453E-01  2.348E-01
  313.5000  2.647E-01  2.772E-01  2.817E-01  2.780E-01  2.663E-01
  314.5000  2.646E-01  2.764E-01  2.806E-01  2.772E-01  2.661E-01
  315.5000  2.733E-01  2.853E-01  2.897E-01  2.861E-01  2.748E-01
  316.5000  2.721E-01  2.836E-01  2.877E-01  2.843E-01  2.736E-01
  317.5000  3.848E-01  4.010E-01  4.068E-01  4.020E-01  3.869E-01
  318.5000  3.025E-01  3.147E-01  3.190E-01  3.155E-01  3.041E-01
  319.5000  3.691E-01  3.837E-01  3.890E-01  3.847E-01  3.709E-01
  320.5000  4.489E-01  4.666E-01  4.729E-01  4.677E-01  4.512E-01
  321.5000  3.808E-01  3.951E-01  4.003E-01  3.961E-01  3.826E-01
  322.5000  3.836E-01  3.985E-01  4.038E-01  3.995E-01  3.855E-01
  323.5000  3.945E-01  4.090E-01  4.142E-01  4.099E-01  3.963E-01
  324.5000  4.628E-01  4.800E-01  4.861E-01  4.811E-01  4.651E-01
  325.5000  5.189E-01  5.381E-01  5.450E-01  5.394E-01  5.214E-01
  326.5000  6.266E-01  6.490E-01  6.570E-01  6.504E-01  6.295E-01
  327.5000  5.839E-01  6.049E-01  6.125E-01  6.063E-01  5.866E-01
  328.5000  5.390E-01  5.584E-01  5.653E-01  5.597E-01  5.415E-01
  329.5000  6.970E-01  7.214E-01  7.301E-01  7.230E-01  7.001E-01
  330.5000  6.342E-01  6.566E-01  6.646E-01  6.580E-01  6.371E-01
  331.5000  6.267E-01  6.488E-01  6.568E-01  6.503E-01  6.296E-01
  332.5000  6.158E-01  6.371E-01  6.448E-01  6.385E-01  6.186E-01
  333.5000  5.791E-01  5.992E-01  6.064E-01  6.005E-01  5.817E-01
  334.5000  6.465E-01  6.689E-01  6.769E-01  6.703E-01  6.494E-01
  335.5000  6.545E-01  6.769E-01  6.849E-01  6.783E-01  6.574E-01
  336.5000  5.117E-01  5.292E-01  5.355E-01  5.304E-01  5.140E-01
  337.5000  5.620E-01  5.813E-01  5.882E-01  5.826E-01  5.645E-01
  338.5000  5.923E-01  6.125E-01  6.197E-01  6.138E-01  5.949E-01
  339.5000  6.436E-01  6.655E-01  6.733E-01  6.669E-01  6.465E-01
  340.5000  6.883E-01  7.116E-01  7.200E-01  7.132E-01  6.913E-01
  341.5000  6.107E-01  6.313E-01  6.387E-01  6.327E-01  6.134E-01
  342.5000  6.763E-01  6.990E-01  7.072E-01  7.005E-01  6.792E-01
  343.5000  7.024E-01  7.261E-01  7.345E-01  7.276E-01  7.055E-01
  344.5000  4.923E-01  5.089E-01  5.148E-01  5.100E-01  4.945E-01
  345.5000  6.739E-01  6.964E-01  7.045E-01  6.979E-01  6.768E-01
  346.5000  6.305E-01  6.516E-01  6.591E-01  6.529E-01  6.332E-01
  347.5000  6.158E-01  6.364E-01  6.437E-01  6.377E-01  6.184E-01
  348.5000  6.765E-01  6.990E-01  7.071E-01  7.005E-01  6.794E-01
  349.5000  5.668E-01  5.856E-01  5.924E-01  5.868E-01  5.692E-01
  350.5000  7.932E-01  8.196E-01  8.290E-01  8.213E-01  7.966E-01
  351.5000  6.835E-01  7.062E-01  7.143E-01  7.076E-01  6.864E-01
  352.5000  6.162E-01  6.366E-01  6.439E-01  6.379E-01  6.188E-01
  353.5000  7.414E-01  7.659E-01  7.747E-01  7.675E-01  7.446E-01
  354.5000  8.021E-01  8.286E-01  8.380E-01  8.303E-01  8.055E-01
  355.5000  7.494E-01  7.740E-01  7.829E-01  7.757E-01  7.526E-01
  356.5000  6.952E-01  7.181E-01  7.262E-01  7.195E-01  6.982E-01
  357.5000  5.910E-01  6.104E-01  6.173E-01  6.117E-01  5.935E-01
  358.5000  4.559E-01  4.708E-01  4.762E-01  4.718E-01  4.578E-01
  359.5000  7.670E-01  7.921E-01  8.011E-01  7.937E-01  7.702E-01
  360.5000  7.107E-01  7.339E-01  7.422E-01  7.354E-01  7.137E-01
  361.5000  6.405E-01  6.614E-01  6.689E-01  6.628E-01  6.432E-01
  362.5000  7.519E-01  7.764E-01  7.851E-01  7.780E-01  7.551E-01
  363.5000  6.687E-01  6.904E-01  6.982E-01  6.918E-01  6.715E-01
  364.5000  7.292E-01  7.529E-01  7.613E-01  7.544E-01  7.323E-01
  365.5000  8.883E-01  9.171E-01  9.274E-01  9.189E-01  8.920E-01
  366.5000  9.398E-01  9.702E-01  9.811E-01  9.722E-01  9.437E-01
  367.5000  8.920E-01  9.208E-01  9.311E-01  9.227E-01  8.957E-01
  368.5000  7.834E-01  8.086E-01  8.177E-01  8.103E-01  7.866E-01
  369.5000  9.393E-01  9.696E-01  9.804E-01  9.716E-01  9.432E-01
  370.5000  8.520E-01  8.794E-01  8.892E-01  8.812E-01  8.555E-01
  371.5000  9.745E-01  1.006E+00  1.017E+00  1.008E+00  9.786E-01
  372.5000  7.196E-01  7.427E-01  7.510E-01  7.442E-01  7.226E-01
  373.5000  6.503E-01  6.711E-01  6.786E-01  6.725E-01  6.530E-01
  374.5000  7.135E-01  7.363E-01  7.445E-01  7.378E-01  7.164E-01
  375.5000  8.048E-01  8.305E-01  8.397E-01  8.322E-01  8.081E-01
  376.5000  8.034E-01  8.290E-01  8.382E-01  8.307E-01  8.067E-01
  377.5000  9.564E-01  9.869E-01  9.978E-01  9.889E-01  9.604E-01
  378.5000  1.042E+00  1.075E+00  1.087E+00  1.077E+00  1.046E+00
  379.5000  7.708E-01  7.953E-01  8.041E-01  7.969E-01  7.740E-01
  380.5000  9.267E-01  9.561E-01  9.667E-01  9.581E-01  9.305E-01
  381.5000  8.706E-01  8.982E-01  9.081E-01  9.000E-01  8.742E-01
  382.5000  5.800E-01  5.983E-01  6.049E-01  5.995E-01  5.823E-01
  383.5000  5.091E-01  5.252E-01  5.310E-01  5.263E-01  5.112E-01
  384.5000  7.639E-01  7.880E-01  7.966E-01  7.896E-01  7.670E-01
  385.5000  7.556E-01  7.794E-01  7.879E-01  7.809E-01  7.586E-01
  386.5000  7.700E-01  7.942E-01  8.029E-01  7.958E-01  7.731E-01
  387.5000  7.154E-01  7.379E-01  7.460E-01  7.394E-01  7.183E-01
  388.5000  7.169E-01  7.394E-01  7.475E-01  7.409E-01  7.198E-01
  389.5000  9.039E-01  9.322E-01  9.424E-01  9.341E-01  9.075E-01
  390.5000  8.876E-01  9.154E-01  9.254E-01  9.172E-01  8.912E-01
  391.5000  1.053E+00  1.086E+00  1.098E+00  1.088E+00  1.057E+00
  392.5000  7.893E-01  8.140E-01  8.228E-01  8.156E-01  7.925E-01
  393.5000  3.431E-01  3.538E-01  3.576E-01  3.545E-01  3.445E-01
  394.5000  8.071E-01  8.323E-01  8.413E-01  8.339E-01  8.103E-01
  395.5000  1.038E+00  1.071E+00  1.082E+00  1.073E+00  1.042E+00
  396.5000  6.095E-01  6.285E-01  6.353E-01  6.297E-01  6.120E-01
  397.5000  7.032E-01  7.251E-01  7.329E-01  7.265E-01  7.060E-01
  398.5000  1.208E+00  1.246E+00  1.259E+00  1.248E+00  1.213E+00
  399.5000  1.256E+00  1.295E+00  1.309E+00  1.298E+00  1.261E+00
  400.5000  1.321E+00  1.361E+00  1.376E+00  1.364E+00  1.326E+00
  401.5000  1.358E+00  1.400E+00  1.416E+00  1.403E+00  1.364E+00
  402.5000  1.410E+00  1.454E+00  1.469E+00  1.456E+00  1.416E+00
  403.5000  1.290E+00  1.330E+00  1.344E+00  1.333E+00  1.296E+00
  404.5000  1.265E+00  1.304E+00  1.318E+00  1.307E+00  1.270E+00
  405.5000  1.314E+00  1.355E+00  1.369E+00  1.357E+00  1.320E+00
  406.5000  1.238E+00  1.276E+00  1.289E+00  1.278E+00  1.243E+00
  407.5000  1.248E+00  1.286E+00  1.300E+00  1.288E+00  1.253E+00
  408.5000  1.389E+00  1.432E+00  1.447E+00  1.435E+00  1.395E+00
  409.5000  1.362E+00  1.403E+00  1.418E+00  1.406E+00  1.367E+00
  410.5000  1.181E+00  1.217E+00  1.230E+00  1.219E+00  1.185E+00
  411.5000  1.419E+00  1.462E+00  1.478E+00  1.465E+00  1.425E+00
  412.5000  1.406E+00  1.449E+00  1.464E+00  1.452E+00  1.412E+00
  413.5000  1.364E+00  1.405E+00  1.420E+00  1.408E+00  1.369E+00
  414.5000  1.401E+00  1.444E+00  1.459E+00  1.447E+00  1.407E+00
  415.5000  1.340E+00  1.381E+00  1.396E+00  1.384E+00  1.345E+00
  416.5000  1.458E+00  1.503E+00  1.519E+00  1.506E+00  1.464E+00
  417.5000  1.333E+00  1.373E+00  1.388E+00  1.376E+00  1.338E+00
  418.5000  1.343E+00  1.384E+00  1.399E+00  1.387E+00  1.348E+00
  419.5000  1.387E+00  1.429E+00  1.444E+00  1.432E+00  1.393E+00
------------------------------------------------------------
Dose rates, W m-2
   1 = UV-B, 280-315 nm                                  
   2 = UV-A, 315-400 nm                                  
   3 = Gaussian, 320 nm, 10 nm FWHM                      
   4 = RB Meter, model 501                               
   5 = DNA damage, in vitro (Setlow, 1974)               
   6 = UV index (WMO, 1994; Webb et al., 2011)           
   7 = Previtamin-D3 (CIE 2006)                          
values at z =      0.000 km
Columns: time, sza, weighting spectra
time, hrs.  sza, deg.          1          2          3          4          5          6          7
   11.0000     20.959  2.052E+00  5.837E+01  3.789E-01  6.175E-01  7.866E-03  1.195E+01  5.998E-01
   11.5000     16.715  2.170E+00  6.030E+01  3.938E-01  6.566E-01  8.593E-03  1.276E+01  6.414E-01
   12.0000     14.920  2.213E+00  6.099E+01  3.992E-01  6.709E-01  8.864E-03  1.306E+01  6.566E-01
   12.5000     16.401  2.178E+00  6.043E+01  3.948E-01  6.592E-01  8.642E-03  1.282E+01  6.442E-01
   13.0000     20.458  2.067E+00  5.862E+01  3.808E-01  6.225E-01  7.957E-03  1.205E+01  6.051E-01
------------------------------------------------------------
