Spectral Irradiance, W m-2 nm-1
values at z =      0.000 km
Columns: wavelength (nm), times (hrs.) or sza (deg.)
    wc, nm     11.000     11.500     12.000     12.500     13.000
    sza =      98.579     98.468     98.423     98.442     98.523
  280.5000  0.000E+00  0.000E+00  0.000E+00  0.000E+00  0.000E+00
  281.5000  0.000E+00  0.000E+00  0.000E+00  0.000E+00  0.000E+00
  282.5000  0.000E+00  0.000E+00  0.000E+00  0.000E+00  0.000E+00
  283.5000  0.000E+00  0.000E+00  0.000E+00  0.000E+00  0.000E+00
  284.5000  0.000E+00  0.000E+00  0.000E+00  0.000E+00  0.000E+00
  285.5000  0.000E+00  0.000E+00  0.000E+00  0.000E+00  0.000E+00
  286.5000  0.000E+00  0.000E+00  0.000E+00  0.000E+00  0.000E+00
  287.5000  0.000E+00  0.000E+00  0.000E+00  0.000E+00  0.000E+00
  288.5000  0.000E+00  0.000E+00  0.000E+00  0.000E+00  0.000E+00
  289.5000  0.000E+00  0.000E+00  0.000E+00  0.000E+00  0.000E+00
  290.5000  0.000E+00  0.000E+00  0.000E+00  0.000E+00  0.000E+00
  291.5000  0.000E+00  0.000E+00  0.000E+00  0.000E+00  0.000E+00
  292.5000  0.000E+00  0.000E+00  0.000E+00  0.000E+00  0.000E+00
  293.5000  0.000E+00  0.000E+00  0.000E+00  0.000E+00  0.000E+00
  294.5000  0.000E+00  0.000E+00  0.000E+00  0.000E+00  0.000E+00
  295.5000  0.000E+00  0.000E+00  0.000E+00  0.000E+00  0.000E+00
  296.5000  0.000E+00  0.000E+00  0.000E+00  0.000E+00  0.000E+00
  297.5000  0.000E+00  0.000E+00  0.000E+00  0.000E+00  0.000E+00
  298.5000  0.000E+00  0.000E+00  0.000E+00  0.000E+00  0.000E+00
  299.5000  0.000E+00  0.000E+00  0.000E+00  0.000E+00  0.000E+00
  300.5000  0.000E+00  0.000E+00  0.000E+00  0.000E+00  0.000E+00
  301.5000  0.000E+00  0.000E+00  0.000E+00  0.000E+00  0.000E+00
  302.5000  0.000E+00  1.401E-45  1.401E-45  1.401E-45  1.401E-45
  303.5000  8.408E-45  7.833E-43  2.836E-42  1.788E-42  1.219E-43
  304.5000  2.506E-42  2.246E-40  9.099E-40  5.552E-40  3.067E-41
  305.5000  7.787E-39  1.057E-36  5.240E-36  3.019E-36  1.157E-37
  306.5000  2.846E-37  4.328E-35  2.284E-34  1.294E-34  4.444E-36
  307.5000  2.616E-34  5.585E-32  3.484E-31  1.885E-31  4.783E-33
  308.5000  4.365E-33  9.876E-31  6.388E-30  3.424E-30  8.166E-32
  309.5000  3.047E-31  8.363E-29  5.971E-28  3.117E-28  6.224E-30
  310.5000  1.030E-29  3.142E-27  2.377E-26  1.222E-26  2.204E-28
  311.5000  1.251E-28  3.973E-26  3.090E-25  1.578E-25  2.716E-27
  312.5000  4.817E-27  1.773E-24  1.489E-23  7.453E-24  1.117E-25
  313.5000  1.727E-26  6.100E-24  5.072E-23  2.548E-23  3.910E-25
  314.5000  4.090E-25  1.627E-22  1.442E-21  7.126E-22  9.760E-24
  315.5000  9.616E-25  3.594E-22  3.121E-21  1.552E-21  2.218E-23
  316.5000  1.167E-23  4.691E-21  4.245E-20  2.090E-20  2.775E-22
  317.5000  2.399E-23  8.819E-21  7.717E-20  3.838E-20  5.445E-22
  318.5000  1.870E-22  7.320E-20  6.644E-19  3.275E-19  4.358E-21
  319.5000  4.670E-22  1.722E-19  1.532E-18  7.600E-19  1.053E-20
  320.5000  1.256E-21  4.422E-19  3.876E-18  1.933E-18  2.762E-20
  321.5000  8.459E-21  3.126E-18  2.823E-17  1.398E-17  1.896E-19
  322.5000  3.178E-21  9.829E-19  8.228E-18  4.164E-18  6.519E-20
  323.5000  3.707E-20  1.245E-17  1.091E-16  5.457E-17  7.883E-19
  324.5000  5.574E-20  1.721E-17  1.460E-16  7.375E-17  1.134E-18
  325.5000  6.636E-20  1.868E-17  1.527E-16  7.801E-17  1.288E-18
  326.5000  4.448E-19  1.293E-16  1.080E-15  5.490E-16  8.734E-18
  327.5000  3.620E-19  9.455E-17  7.564E-16  3.895E-16  6.732E-18
  328.5000  4.666E-19  1.142E-16  8.922E-16  4.630E-16  8.384E-18
  329.5000  2.274E-18  5.599E-16  4.414E-15  2.287E-15  4.084E-17
  330.5000  1.829E-18  4.079E-16  3.089E-15  1.619E-15  3.124E-17
  331.5000  2.240E-18  4.650E-16  3.428E-15  1.812E-15  3.685E-17
  332.5000  6.138E-18  1.260E-15  9.298E-15  4.919E-15  1.001E-16
  333.5000  5.627E-18  1.059E-15  7.544E-15  4.034E-15  8.778E-17
  334.5000  9.831E-18  1.761E-15  1.233E-14  6.629E-15  1.494E-16
  335.5000  1.862E-17  3.213E-15  2.224E-14  1.201E-14  2.771E-16
  336.5000  1.733E-17  2.795E-15  1.885E-14  1.026E-14  2.489E-16
  337.5000  1.956E-17  2.919E-15  1.909E-14  1.049E-14  2.700E-16
  338.5000  3.879E-17  5.610E-15  3.635E-14  2.004E-14  5.260E-16
  339.5000  5.761E-17  7.897E-15  5.018E-14  2.784E-14  7.594E-16
  340.5000  6.986E-17  8.956E-15  5.545E-14  3.100E-14  8.895E-16
  341.5000  9.625E-17  1.183E-14  7.218E-14  4.055E-14  1.198E-15
  342.5000  1.417E-16  1.653E-14  9.895E-14  5.593E-14  1.716E-15
  343.5000  1.770E-16  1.947E-14  1.139E-13  6.486E-14  2.078E-15
  344.5000  1.474E-16  1.529E-14  8.752E-14  5.017E-14  1.679E-15
  345.5000  3.069E-16  3.059E-14  1.727E-13  9.945E-14  3.420E-15
  346.5000  3.260E-16  3.062E-14  1.690E-13  9.799E-14  3.523E-15
  347.5000  4.071E-16  3.637E-14  1.970E-13  1.149E-13  4.284E-15
  348.5000  5.846E-16  4.983E-14  2.653E-13  1.556E-13  6.001E-15
  349.5000  6.105E-16  4.952E-14  2.588E-13  1.527E-13  6.106E-15
  350.5000  1.077E-15  8.324E-14  4.274E-13  2.536E-13  1.050E-14
  351.5000  1.138E-15  8.379E-14  4.223E-13  2.520E-13  1.082E-14
  352.5000  1.289E-15  9.062E-14  4.490E-13  2.694E-13  1.196E-14
  353.5000  1.956E-15  1.315E-13  6.405E-13  3.864E-13  1.772E-14
  354.5000  2.651E-15  1.704E-13  8.167E-13  4.952E-13  2.346E-14
  355.5000  3.048E-15  1.873E-13  8.827E-13  5.381E-13  2.634E-14
  356.5000  3.459E-15  2.033E-13  9.424E-13  5.775E-13  2.921E-14
  357.5000  3.579E-15  2.013E-13  9.179E-13  5.654E-13  2.953E-14
  358.5000  3.389E-15  1.827E-13  8.199E-13  5.075E-13  2.734E-14
  359.5000  6.922E-15  3.576E-13  1.580E-12  9.828E-13  5.461E-14
  360.5000  7.773E-15  3.851E-13  1.675E-12  1.047E-12  5.999E-14
  361.5000  8.505E-15  4.044E-13  1.732E-12  1.088E-12  6.424E-14
  362.5000  1.206E-14  5.507E-13  2.323E-12  1.467E-12  8.916E-14
  363.5000  1.289E-14  5.655E-13  2.351E-12  1.491E-12  9.333E-14
  364.5000  1.681E-14  7.089E-13  2.903E-12  1.850E-12  1.192E-13
  365.5000  2.439E-14  9.891E-13  3.992E-12  2.556E-12  1.695E-13
  366.5000  3.083E-14  1.203E-12  4.787E-12  3.078E-12  2.099E-13
  367.5000  3.487E-14  1.311E-12  5.141E-12  3.321E-12  2.328E-13
  368.5000  3.630E-14  1.314E-12  5.084E-12  3.298E-12  2.376E-13
  369.5000  5.148E-14  1.796E-12  6.854E-12  4.466E-12  3.305E-13
  370.5000  5.508E-14  1.853E-12  6.975E-12  4.565E-12  3.469E-13
  371.5000  7.419E-14  2.408E-12  8.945E-12  5.879E-12  4.586E-13
  372.5000  6.438E-14  2.017E-12  7.394E-12  4.880E-12  3.906E-13
  373.5000  6.810E-14  2.061E-12  7.455E-12  4.941E-12  4.057E-13
  374.5000  8.730E-14  2.552E-12  9.116E-12  6.065E-12  5.107E-13
  375.5000  1.149E-13  3.248E-12  1.146E-11  7.653E-12  6.605E-13
  376.5000  1.336E-13  3.652E-12  1.272E-11  8.531E-12  7.545E-13
  377.5000  1.848E-13  4.886E-12  1.681E-11  1.132E-11  1.025E-12
  378.5000  2.333E-13  5.971E-12  2.030E-11  1.372E-11  1.273E-12
  379.5000  1.995E-13  4.945E-12  1.661E-11  1.127E-11  1.070E-12
  380.5000  2.769E-13  6.649E-12  2.207E-11  1.503E-11  1.461E-12
  381.5000  2.997E-13  6.976E-12  2.288E-11  1.564E-11  1.555E-12
  382.5000  2.295E-13  5.181E-12  1.680E-11  1.152E-11  1.172E-12
  383.5000  2.312E-13  5.062E-12  1.623E-11  1.117E-11  1.162E-12
  384.5000  3.973E-13  8.441E-12  2.676E-11  1.849E-11  1.966E-12
  385.5000  4.493E-13  9.268E-12  2.906E-11  2.015E-11  2.189E-12
  386.5000  5.225E-13  1.047E-11  3.246E-11  2.259E-11  2.506E-12
  387.5000  5.529E-13  1.076E-11  3.302E-11  2.305E-11  2.613E-12
  388.5000  6.299E-13  1.192E-11  3.618E-11  2.534E-11  2.932E-12
  389.5000  9.015E-13  1.658E-11  4.981E-11  3.501E-11  4.135E-12
  390.5000  1.003E-12  1.795E-11  5.336E-11  3.763E-11  4.535E-12
  391.5000  1.346E-12  2.344E-11  6.897E-11  4.879E-11  5.999E-12
  392.5000  1.140E-12  1.932E-11  5.627E-11  3.993E-11  5.008E-12
  393.5000  5.585E-13  9.216E-12  2.658E-11  1.892E-11  2.420E-12
  394.5000  1.479E-12  2.377E-11  6.788E-11  4.848E-11  6.319E-12
  395.5000  2.138E-12  3.348E-11  9.470E-11  6.784E-11  9.012E-12
  396.5000  1.409E-12  2.150E-11  6.024E-11  4.328E-11  5.859E-12
  397.5000  1.822E-12  2.711E-11  7.523E-11  5.422E-11  7.476E-12
  398.5000  3.502E-12  5.084E-11  1.398E-10  1.010E-10  1.419E-11
  399.5000  4.068E-12  5.762E-11  1.570E-10  1.138E-10  1.627E-11
  400.5000  4.770E-12  6.593E-11  1.780E-10  1.294E-10  1.883E-11
  401.5000  5.464E-12  7.373E-11  1.972E-10  1.438E-10  2.130E-11
  402.5000  6.308E-12  8.312E-11  2.204E-10  1.611E-10  2.429E-11
  403.5000  6.413E-12  8.255E-11  2.170E-10  1.591E-10  2.439E-11
  404.5000  6.977E-12  8.777E-11  2.287E-10  1.681E-10  2.622E-11
  405.5000  8.028E-12  9.871E-11  2.550E-10  1.880E-10  2.981E-11
  406.5000  8.363E-12  1.005E-10  2.575E-10  1.904E-10  3.068E-11
  407.5000  9.309E-12  1.094E-10  2.780E-10  2.060E-10  3.376E-11
  408.5000  1.143E-11  1.314E-10  3.312E-10  2.461E-10  4.097E-11
  409.5000  1.234E-11  1.389E-10  3.471E-10  2.586E-10  4.374E-11
  410.5000  1.178E-11  1.297E-10  3.216E-10  2.402E-10  4.128E-11
  411.5000  1.557E-11  1.679E-10  4.129E-10  3.091E-10  5.395E-11
  412.5000  1.695E-11  1.790E-10  4.368E-10  3.278E-10  5.809E-11
  413.5000  1.803E-11  1.865E-10  4.517E-10  3.398E-10  6.113E-11
  414.5000  2.029E-11  2.057E-10  4.943E-10  3.728E-10  6.808E-11
  415.5000  2.122E-11  2.108E-10  5.028E-10  3.801E-10  7.044E-11
  416.5000  2.522E-11  2.456E-10  5.814E-10  4.406E-10  8.285E-11
  417.5000  2.516E-11  2.402E-10  5.644E-10  4.287E-10  8.179E-11
  418.5000  2.765E-11  2.589E-10  6.039E-10  4.598E-10  8.897E-11
  419.5000  3.111E-11  2.858E-10  6.620E-10  5.052E-10  9.913E-11
------------------------------------------------------------
Dose rates, W m-2
   1 = UV-B, 280-315 nm                                  
   2 = UV-A, 315-400 nm                                  
   3 = Gaussian, 320 nm, 10 nm FWHM                      
   4 = RB Meter, model 501                               
   5 = DNA damage, in vitro (Setlow, 1974)               
   6 = UV index (WMO, 1994; Webb et al., 2011)           
   7 = Previtamin-D3 (CIE 2006)                          
values at z =      0.000 km
Columns: time, sza, weighting spectra
time, hrs.  sza, deg.          1          2          3          4          5          6          7
   11.0000     98.579  4.312E-25  2.444E-11  8.396E-20  1.087E-16  1.405E-19  1.612E-13  6.621E-22
   11.5000     98.468  1.706E-22  4.204E-10  2.057E-17  3.577E-15  7.885E-18  2.983E-12  1.818E-19
   12.0000     98.423  1.508E-21  1.249E-09  1.624E-16  1.368E-14  3.662E-17  9.203E-12  1.489E-18
   12.5000     98.442  7.457E-22  8.802E-10  8.399E-17  8.890E-15  2.240E-17  6.402E-12  7.612E-19
   13.0000     98.523  1.027E-23  1.076E-10  1.501E-18  6.698E-16  1.148E-18  7.342E-13  1.261E-20
------------------------------------------------------------
