Spectral Irradiance, W m-2 nm-1
values at z =      0.000 km
Columns: wavelength (nm), times (hrs.) or sza (deg.)
    wc, nm     11.000     11.500     12.000     12.500     13.000
    sza =      59.001     58.778     58.768     58.970     59.379
  280.5000  3.422E-16  3.923E-16  3.948E-16  3.487E-16  2.743E-16
  281.5000  1.435E-14  1.637E-14  1.647E-14  1.461E-14  1.156E-14
  282.5000  2.449E-13  2.779E-13  2.795E-13  2.492E-13  1.986E-13
  283.5000  1.403E-12  1.586E-12  1.595E-12  1.428E-12  1.145E-12
  284.5000  2.071E-11  2.319E-11  2.331E-11  2.104E-11  1.714E-11
  285.5000  9.526E-11  1.058E-10  1.063E-10  9.668E-11  7.979E-11
  286.5000  1.391E-09  1.535E-09  1.542E-09  1.410E-09  1.177E-09
  287.5000  1.013E-08  1.109E-08  1.114E-08  1.026E-08  8.683E-09
  288.5000  6.604E-08  7.166E-08  7.192E-08  6.680E-08  5.747E-08
  289.5000  4.375E-07  4.715E-07  4.732E-07  4.422E-07  3.851E-07
  290.5000  2.053E-06  2.200E-06  2.206E-06  2.073E-06  1.825E-06
  291.5000  7.744E-06  8.240E-06  8.263E-06  7.812E-06  6.964E-06
  292.5000  2.145E-05  2.269E-05  2.275E-05  2.162E-05  1.948E-05
  293.5000  7.062E-05  7.430E-05  7.447E-05  7.113E-05  6.474E-05
  294.5000  1.485E-04  1.556E-04  1.559E-04  1.495E-04  1.372E-04
  295.5000  4.158E-04  4.335E-04  4.343E-04  4.183E-04  3.872E-04
  296.5000  7.933E-04  8.237E-04  8.252E-04  7.976E-04  7.438E-04
  297.5000  1.644E-03  1.701E-03  1.704E-03  1.652E-03  1.551E-03
  298.5000  2.093E-03  2.159E-03  2.162E-03  2.102E-03  1.985E-03
  299.5000  4.969E-03  5.111E-03  5.118E-03  4.989E-03  4.734E-03
  300.5000  4.886E-03  5.015E-03  5.021E-03  4.904E-03  4.672E-03
  301.5000  1.022E-02  1.046E-02  1.047E-02  1.025E-02  9.813E-03
  302.5000  1.318E-02  1.348E-02  1.349E-02  1.323E-02  1.269E-02
  303.5000  2.344E-02  2.392E-02  2.395E-02  2.351E-02  2.265E-02
  304.5000  2.629E-02  2.679E-02  2.682E-02  2.636E-02  2.544E-02
  305.5000  3.604E-02  3.668E-02  3.671E-02  3.613E-02  3.498E-02
  306.5000  3.827E-02  3.892E-02  3.895E-02  3.836E-02  3.719E-02
  307.5000  5.699E-02  5.788E-02  5.792E-02  5.712E-02  5.550E-02
  308.5000  6.462E-02  6.559E-02  6.564E-02  6.476E-02  6.299E-02
  309.5000  5.820E-02  5.902E-02  5.906E-02  5.831E-02  5.681E-02
  310.5000  8.050E-02  8.158E-02  8.163E-02  8.065E-02  7.867E-02
  311.5000  1.047E-01  1.061E-01  1.061E-01  1.049E-01  1.024E-01
  312.5000  1.040E-01  1.053E-01  1.053E-01  1.042E-01  1.018E-01
  313.5000  1.185E-01  1.200E-01  1.200E-01  1.187E-01  1.161E-01
  314.5000  1.203E-01  1.216E-01  1.217E-01  1.204E-01  1.179E-01
  315.5000  1.246E-01  1.260E-01  1.261E-01  1.248E-01  1.222E-01
  316.5000  1.255E-01  1.269E-01  1.269E-01  1.257E-01  1.232E-01
  317.5000  1.777E-01  1.796E-01  1.797E-01  1.779E-01  1.744E-01
  318.5000  1.412E-01  1.426E-01  1.427E-01  1.414E-01  1.387E-01
  319.5000  1.727E-01  1.745E-01  1.745E-01  1.729E-01  1.697E-01
  320.5000  2.107E-01  2.129E-01  2.130E-01  2.111E-01  2.071E-01
  321.5000  1.804E-01  1.822E-01  1.823E-01  1.807E-01  1.775E-01
  322.5000  1.808E-01  1.827E-01  1.827E-01  1.811E-01  1.778E-01
  323.5000  1.880E-01  1.898E-01  1.899E-01  1.883E-01  1.850E-01
  324.5000  2.208E-01  2.229E-01  2.230E-01  2.211E-01  2.173E-01
  325.5000  2.475E-01  2.499E-01  2.500E-01  2.479E-01  2.435E-01
  326.5000  3.012E-01  3.040E-01  3.041E-01  3.016E-01  2.965E-01
  327.5000  2.804E-01  2.831E-01  2.832E-01  2.808E-01  2.760E-01
  328.5000  2.592E-01  2.616E-01  2.618E-01  2.596E-01  2.552E-01
  329.5000  3.372E-01  3.403E-01  3.404E-01  3.376E-01  3.321E-01
  330.5000  3.066E-01  3.094E-01  3.095E-01  3.070E-01  3.019E-01
  331.5000  3.032E-01  3.060E-01  3.061E-01  3.036E-01  2.986E-01
  332.5000  2.993E-01  3.020E-01  3.022E-01  2.997E-01  2.948E-01
  333.5000  2.814E-01  2.840E-01  2.841E-01  2.818E-01  2.771E-01
  334.5000  3.148E-01  3.177E-01  3.178E-01  3.152E-01  3.100E-01
  335.5000  3.196E-01  3.224E-01  3.226E-01  3.200E-01  3.148E-01
  336.5000  2.501E-01  2.523E-01  2.524E-01  2.504E-01  2.463E-01
  337.5000  2.747E-01  2.771E-01  2.772E-01  2.750E-01  2.705E-01
  338.5000  2.903E-01  2.929E-01  2.930E-01  2.907E-01  2.860E-01
  339.5000  3.159E-01  3.187E-01  3.189E-01  3.163E-01  3.112E-01
  340.5000  3.381E-01  3.411E-01  3.412E-01  3.385E-01  3.330E-01
  341.5000  3.006E-01  3.032E-01  3.034E-01  3.010E-01  2.961E-01
  342.5000  3.333E-01  3.363E-01  3.364E-01  3.337E-01  3.284E-01
  343.5000  3.465E-01  3.496E-01  3.497E-01  3.470E-01  3.414E-01
  344.5000  2.431E-01  2.452E-01  2.453E-01  2.434E-01  2.395E-01
  345.5000  3.334E-01  3.363E-01  3.365E-01  3.338E-01  3.285E-01
  346.5000  3.121E-01  3.149E-01  3.150E-01  3.125E-01  3.075E-01
  347.5000  3.053E-01  3.079E-01  3.081E-01  3.056E-01  3.008E-01
  348.5000  3.358E-01  3.387E-01  3.389E-01  3.362E-01  3.309E-01
  349.5000  2.817E-01  2.841E-01  2.842E-01  2.820E-01  2.775E-01
  350.5000  3.947E-01  3.981E-01  3.983E-01  3.952E-01  3.889E-01
  351.5000  3.405E-01  3.434E-01  3.436E-01  3.409E-01  3.355E-01
  352.5000  3.073E-01  3.100E-01  3.101E-01  3.077E-01  3.028E-01
  353.5000  3.703E-01  3.735E-01  3.736E-01  3.707E-01  3.649E-01
  354.5000  4.011E-01  4.045E-01  4.047E-01  4.016E-01  3.952E-01
  355.5000  3.751E-01  3.784E-01  3.785E-01  3.756E-01  3.697E-01
  356.5000  3.484E-01  3.514E-01  3.516E-01  3.489E-01  3.434E-01
  357.5000  2.965E-01  2.991E-01  2.992E-01  2.969E-01  2.922E-01
  358.5000  2.290E-01  2.310E-01  2.311E-01  2.293E-01  2.257E-01
  359.5000  3.857E-01  3.890E-01  3.892E-01  3.862E-01  3.801E-01
  360.5000  3.578E-01  3.609E-01  3.610E-01  3.583E-01  3.526E-01
  361.5000  3.229E-01  3.256E-01  3.258E-01  3.233E-01  3.182E-01
  362.5000  3.794E-01  3.827E-01  3.828E-01  3.799E-01  3.740E-01
  363.5000  3.378E-01  3.407E-01  3.408E-01  3.382E-01  3.329E-01
  364.5000  3.688E-01  3.719E-01  3.721E-01  3.692E-01  3.635E-01
  365.5000  4.497E-01  4.536E-01  4.537E-01  4.503E-01  4.433E-01
  366.5000  4.763E-01  4.804E-01  4.806E-01  4.769E-01  4.695E-01
  367.5000  4.526E-01  4.565E-01  4.566E-01  4.532E-01  4.461E-01
  368.5000  3.979E-01  4.013E-01  4.015E-01  3.984E-01  3.922E-01
  369.5000  4.777E-01  4.817E-01  4.819E-01  4.783E-01  4.709E-01
  370.5000  4.337E-01  4.374E-01  4.376E-01  4.342E-01  4.275E-01
  371.5000  4.966E-01  5.008E-01  5.010E-01  4.972E-01  4.896E-01
  372.5000  3.671E-01  3.702E-01  3.704E-01  3.676E-01  3.619E-01
  373.5000  3.321E-01  3.349E-01  3.350E-01  3.325E-01  3.274E-01
  374.5000  3.648E-01  3.678E-01  3.680E-01  3.652E-01  3.596E-01
  375.5000  4.119E-01  4.153E-01  4.155E-01  4.123E-01  4.060E-01
  376.5000  4.116E-01  4.150E-01  4.152E-01  4.121E-01  4.058E-01
  377.5000  4.905E-01  4.946E-01  4.948E-01  4.911E-01  4.835E-01
  378.5000  5.350E-01  5.394E-01  5.396E-01  5.356E-01  5.274E-01
  379.5000  3.961E-01  3.994E-01  3.995E-01  3.966E-01  3.905E-01
  380.5000  4.767E-01  4.807E-01  4.808E-01  4.773E-01  4.700E-01
  381.5000  4.483E-01  4.520E-01  4.522E-01  4.488E-01  4.420E-01
  382.5000  2.989E-01  3.014E-01  3.015E-01  2.993E-01  2.947E-01
  383.5000  2.627E-01  2.648E-01  2.650E-01  2.630E-01  2.590E-01
  384.5000  3.945E-01  3.977E-01  3.979E-01  3.949E-01  3.890E-01
  385.5000  3.906E-01  3.938E-01  3.939E-01  3.910E-01  3.851E-01
  386.5000  3.984E-01  4.017E-01  4.018E-01  3.989E-01  3.928E-01
  387.5000  3.705E-01  3.736E-01  3.737E-01  3.710E-01  3.654E-01
  388.5000  3.717E-01  3.747E-01  3.749E-01  3.721E-01  3.665E-01
  389.5000  4.690E-01  4.729E-01  4.731E-01  4.696E-01  4.625E-01
  390.5000  4.610E-01  4.648E-01  4.650E-01  4.616E-01  4.546E-01
  391.5000  5.473E-01  5.518E-01  5.520E-01  5.479E-01  5.397E-01
  392.5000  4.107E-01  4.141E-01  4.142E-01  4.112E-01  4.050E-01
  393.5000  1.787E-01  1.801E-01  1.802E-01  1.789E-01  1.762E-01
  394.5000  4.207E-01  4.242E-01  4.243E-01  4.212E-01  4.149E-01
  395.5000  5.417E-01  5.462E-01  5.464E-01  5.424E-01  5.343E-01
  396.5000  3.183E-01  3.209E-01  3.210E-01  3.187E-01  3.139E-01
  397.5000  3.676E-01  3.706E-01  3.707E-01  3.680E-01  3.625E-01
  398.5000  6.321E-01  6.372E-01  6.374E-01  6.328E-01  6.234E-01
  399.5000  6.579E-01  6.632E-01  6.635E-01  6.587E-01  6.489E-01
  400.5000  6.921E-01  6.977E-01  6.980E-01  6.929E-01  6.826E-01
  401.5000  7.126E-01  7.184E-01  7.186E-01  7.134E-01  7.028E-01
  402.5000  7.403E-01  7.463E-01  7.466E-01  7.411E-01  7.302E-01
  403.5000  6.780E-01  6.835E-01  6.838E-01  6.788E-01  6.688E-01
  404.5000  6.655E-01  6.708E-01  6.711E-01  6.662E-01  6.564E-01
  405.5000  6.918E-01  6.973E-01  6.976E-01  6.926E-01  6.823E-01
  406.5000  6.520E-01  6.573E-01  6.575E-01  6.527E-01  6.431E-01
  407.5000  6.578E-01  6.631E-01  6.633E-01  6.585E-01  6.488E-01
  408.5000  7.331E-01  7.389E-01  7.392E-01  7.339E-01  7.231E-01
  409.5000  7.191E-01  7.249E-01  7.251E-01  7.199E-01  7.094E-01
  410.5000  6.240E-01  6.290E-01  6.292E-01  6.247E-01  6.156E-01
  411.5000  7.505E-01  7.565E-01  7.568E-01  7.514E-01  7.404E-01
  412.5000  7.443E-01  7.503E-01  7.506E-01  7.452E-01  7.343E-01
  413.5000  7.224E-01  7.282E-01  7.284E-01  7.232E-01  7.126E-01
  414.5000  7.429E-01  7.489E-01  7.491E-01  7.438E-01  7.329E-01
  415.5000  7.111E-01  7.167E-01  7.170E-01  7.119E-01  7.015E-01
  416.5000  7.744E-01  7.805E-01  7.808E-01  7.752E-01  7.640E-01
  417.5000  7.083E-01  7.140E-01  7.142E-01  7.091E-01  6.988E-01
  418.5000  7.143E-01  7.200E-01  7.203E-01  7.152E-01  7.048E-01
  419.5000  7.384E-01  7.442E-01  7.445E-01  7.392E-01  7.285E-01
------------------------------------------------------------
Dose rates, W m-2
   1 = UV-B, 280-315 nm                                  
   2 = UV-A, 315-400 nm                                  
   3 = Gaussian, 320 nm, 10 nm FWHM                      
   4 = RB Meter, model 501                               
   5 = DNA damage, in vitro (Setlow, 1974)               
   6 = UV index (WMO, 1994; Webb et al., 2011)           
   7 = Previtamin-D3 (CIE 2006)                          
values at z =      0.000 km
Columns: time, sza, weighting spectra
time, hrs.  sza, deg.          1          2          3          4          5          6          7
   11.0000     59.001  8.703E-01  2.936E+01  1.778E-01  2.549E-01  2.812E-03  4.849E+00  2.390E-01
   11.5000     58.778  8.828E-01  2.961E+01  1.796E-01  2.588E-01  2.872E-03  4.928E+00  2.431E-01
   12.0000     58.768  8.833E-01  2.963E+01  1.797E-01  2.590E-01  2.875E-03  4.931E+00  2.433E-01
   12.5000     58.970  8.720E-01  2.940E+01  1.781E-01  2.555E-01  2.820E-03  4.860E+00  2.396E-01
   13.0000     59.379  8.493E-01  2.893E+01  1.748E-01  2.483E-01  2.711E-03  4.719E+00  2.322E-01
------------------------------------------------------------
