Spectral Irradiance, W m-2 nm-1
values at z =      0.000 km
Columns: wavelength (nm), times (hrs.) or sza (deg.)
    wc, nm     11.000     11.500     12.000     12.500     13.000
    sza =      53.872     53.251     52.959     53.005     53.389
  280.5000  2.208E-23  4.318E-23  5.886E-23  5.607E-23  3.726E-23
  281.5000  4.561E-21  8.391E-21  1.112E-20  1.064E-20  7.339E-21
  282.5000  3.035E-19  5.300E-19  6.856E-19  6.584E-19  4.689E-19
  283.5000  4.197E-18  7.085E-18  9.023E-18  8.687E-18  6.314E-18
  284.5000  3.042E-16  4.827E-16  5.974E-16  5.777E-16  4.361E-16
  285.5000  4.514E-15  6.845E-15  8.295E-15  8.049E-15  6.246E-15
  286.5000  1.617E-13  2.368E-13  2.824E-13  2.747E-13  2.178E-13
  287.5000  3.173E-12  4.471E-12  5.238E-12  5.110E-12  4.147E-12
  288.5000  6.048E-11  8.173E-11  9.391E-11  9.189E-11  7.650E-11
  289.5000  8.621E-10  1.131E-09  1.282E-09  1.251E-09  1.065E-09
  290.5000  7.693E-09  9.841E-09  1.103E-08  1.083E-08  9.323E-09
  291.5000  5.999E-08  7.459E-08  8.248E-08  8.119E-08  7.111E-08
  292.5000  3.009E-07  3.656E-07  3.999E-07  3.943E-07  3.503E-07
  293.5000  1.730E-06  2.057E-06  2.228E-06  2.200E-06  1.980E-06
  294.5000  5.629E-06  6.580E-06  7.071E-06  6.992E-06  6.358E-06
  295.5000  2.502E-05  2.873E-05  3.062E-05  3.031E-05  2.787E-05
  296.5000  7.006E-05  7.925E-05  8.387E-05  8.313E-05  7.713E-05
  297.5000  2.032E-04  2.268E-04  2.386E-04  2.367E-04  2.214E-04
  298.5000  3.432E-04  3.790E-04  3.967E-04  3.939E-04  3.708E-04
  299.5000  1.064E-03  1.162E-03  1.211E-03  1.203E-03  1.140E-03
  300.5000  1.282E-03  1.390E-03  1.440E-03  1.434E-03  1.365E-03
  301.5000  3.343E-03  3.593E-03  3.714E-03  3.695E-03  3.537E-03
  302.5000  4.983E-03  5.325E-03  5.491E-03  5.465E-03  5.248E-03
  303.5000  1.050E-02  1.115E-02  1.146E-02  1.141E-02  1.096E-02
  304.5000  1.299E-02  1.368E-02  1.409E-02  1.404E-02  1.357E-02
  305.5000  2.059E-02  2.165E-02  2.209E-02  2.208E-02  2.141E-02
  306.5000  2.327E-02  2.441E-02  2.495E-02  2.487E-02  2.416E-02
  307.5000  3.903E-02  4.074E-02  4.156E-02  4.136E-02  4.036E-02
  308.5000  4.632E-02  4.826E-02  4.916E-02  4.905E-02  4.781E-02
  309.5000  4.510E-02  4.684E-02  4.768E-02  4.754E-02  4.646E-02
  310.5000  6.597E-02  6.837E-02  6.946E-02  6.933E-02  6.783E-02
  311.5000  8.899E-02  9.210E-02  9.357E-02  9.334E-02  9.141E-02
  312.5000  9.436E-02  9.740E-02  9.883E-02  9.861E-02  9.672E-02
  313.5000  1.092E-01  1.127E-01  1.143E-01  1.141E-01  1.119E-01
  314.5000  1.172E-01  1.206E-01  1.222E-01  1.219E-01  1.198E-01
  315.5000  1.225E-01  1.261E-01  1.277E-01  1.275E-01  1.253E-01
  316.5000  1.289E-01  1.323E-01  1.340E-01  1.337E-01  1.316E-01
  317.5000  1.825E-01  1.874E-01  1.897E-01  1.894E-01  1.863E-01
  318.5000  1.508E-01  1.547E-01  1.565E-01  1.562E-01  1.538E-01
  319.5000  1.859E-01  1.906E-01  1.928E-01  1.924E-01  1.895E-01
  320.5000  2.290E-01  2.346E-01  2.373E-01  2.368E-01  2.333E-01
  321.5000  2.032E-01  2.079E-01  2.101E-01  2.098E-01  2.069E-01
  322.5000  1.981E-01  2.029E-01  2.052E-01  2.048E-01  2.018E-01
  323.5000  2.152E-01  2.200E-01  2.223E-01  2.219E-01  2.189E-01
  324.5000  2.523E-01  2.579E-01  2.606E-01  2.602E-01  2.567E-01
  325.5000  2.811E-01  2.875E-01  2.905E-01  2.900E-01  2.861E-01
  326.5000  3.523E-01  3.599E-01  3.634E-01  3.629E-01  3.582E-01
  327.5000  3.249E-01  3.319E-01  3.353E-01  3.348E-01  3.304E-01
  328.5000  3.003E-01  3.069E-01  3.099E-01  3.094E-01  3.054E-01
  329.5000  3.992E-01  4.076E-01  4.115E-01  4.109E-01  4.057E-01
  330.5000  3.597E-01  3.673E-01  3.709E-01  3.703E-01  3.656E-01
  331.5000  3.550E-01  3.625E-01  3.661E-01  3.655E-01  3.608E-01
  332.5000  3.559E-01  3.633E-01  3.667E-01  3.662E-01  3.616E-01
  333.5000  3.323E-01  3.392E-01  3.424E-01  3.419E-01  3.377E-01
  334.5000  3.729E-01  3.806E-01  3.843E-01  3.837E-01  3.789E-01
  335.5000  3.813E-01  3.891E-01  3.928E-01  3.922E-01  3.874E-01
  336.5000  2.977E-01  3.037E-01  3.066E-01  3.061E-01  3.024E-01
  337.5000  3.252E-01  3.319E-01  3.350E-01  3.345E-01  3.304E-01
  338.5000  3.463E-01  3.534E-01  3.566E-01  3.561E-01  3.518E-01
  339.5000  3.772E-01  3.848E-01  3.884E-01  3.878E-01  3.831E-01
  340.5000  4.023E-01  4.105E-01  4.143E-01  4.137E-01  4.087E-01
  341.5000  3.591E-01  3.663E-01  3.697E-01  3.692E-01  3.647E-01
  342.5000  3.984E-01  4.064E-01  4.101E-01  4.095E-01  4.046E-01
  343.5000  4.135E-01  4.218E-01  4.257E-01  4.251E-01  4.200E-01
  344.5000  2.896E-01  2.954E-01  2.981E-01  2.977E-01  2.941E-01
  345.5000  3.986E-01  4.065E-01  4.102E-01  4.097E-01  4.048E-01
  346.5000  3.722E-01  3.797E-01  3.831E-01  3.826E-01  3.780E-01
  347.5000  3.640E-01  3.713E-01  3.747E-01  3.742E-01  3.697E-01
  348.5000  4.007E-01  4.086E-01  4.124E-01  4.118E-01  4.069E-01
  349.5000  3.360E-01  3.426E-01  3.458E-01  3.453E-01  3.411E-01
  350.5000  4.708E-01  4.801E-01  4.845E-01  4.838E-01  4.780E-01
  351.5000  4.059E-01  4.139E-01  4.177E-01  4.171E-01  4.121E-01
  352.5000  3.664E-01  3.736E-01  3.770E-01  3.764E-01  3.720E-01
  353.5000  4.415E-01  4.502E-01  4.542E-01  4.536E-01  4.482E-01
  354.5000  4.782E-01  4.876E-01  4.920E-01  4.913E-01  4.855E-01
  355.5000  4.472E-01  4.560E-01  4.601E-01  4.594E-01  4.540E-01
  356.5000  4.152E-01  4.234E-01  4.272E-01  4.266E-01  4.216E-01
  357.5000  3.533E-01  3.602E-01  3.634E-01  3.629E-01  3.586E-01
  358.5000  2.728E-01  2.781E-01  2.806E-01  2.802E-01  2.770E-01
  359.5000  4.594E-01  4.683E-01  4.725E-01  4.719E-01  4.663E-01
  360.5000  4.260E-01  4.343E-01  4.382E-01  4.376E-01  4.325E-01
  361.5000  3.844E-01  3.918E-01  3.953E-01  3.948E-01  3.902E-01
  362.5000  4.516E-01  4.604E-01  4.645E-01  4.639E-01  4.585E-01
  363.5000  4.020E-01  4.098E-01  4.134E-01  4.129E-01  4.081E-01
  364.5000  4.387E-01  4.472E-01  4.512E-01  4.506E-01  4.453E-01
  365.5000  5.349E-01  5.452E-01  5.501E-01  5.493E-01  5.429E-01
  366.5000  5.664E-01  5.773E-01  5.825E-01  5.816E-01  5.749E-01
  367.5000  5.381E-01  5.485E-01  5.533E-01  5.526E-01  5.462E-01
  368.5000  4.729E-01  4.820E-01  4.863E-01  4.856E-01  4.800E-01
  369.5000  5.676E-01  5.785E-01  5.836E-01  5.828E-01  5.761E-01
  370.5000  5.152E-01  5.251E-01  5.297E-01  5.290E-01  5.229E-01
  371.5000  5.898E-01  6.011E-01  6.064E-01  6.056E-01  5.986E-01
  372.5000  4.359E-01  4.443E-01  4.482E-01  4.475E-01  4.424E-01
  373.5000  3.942E-01  4.017E-01  4.053E-01  4.047E-01  4.001E-01
  374.5000  4.329E-01  4.411E-01  4.450E-01  4.444E-01  4.393E-01
  375.5000  4.886E-01  4.980E-01  5.023E-01  5.016E-01  4.959E-01
  376.5000  4.882E-01  4.975E-01  5.019E-01  5.012E-01  4.954E-01
  377.5000  5.816E-01  5.927E-01  5.979E-01  5.971E-01  5.902E-01
  378.5000  6.342E-01  6.463E-01  6.519E-01  6.510E-01  6.436E-01
  379.5000  4.695E-01  4.784E-01  4.825E-01  4.819E-01  4.764E-01
  380.5000  5.649E-01  5.756E-01  5.806E-01  5.798E-01  5.732E-01
  381.5000  5.311E-01  5.411E-01  5.458E-01  5.451E-01  5.389E-01
  382.5000  3.540E-01  3.607E-01  3.639E-01  3.634E-01  3.592E-01
  383.5000  3.110E-01  3.169E-01  3.197E-01  3.192E-01  3.156E-01
  384.5000  4.670E-01  4.758E-01  4.799E-01  4.793E-01  4.738E-01
  385.5000  4.623E-01  4.710E-01  4.750E-01  4.744E-01  4.690E-01
  386.5000  4.714E-01  4.803E-01  4.844E-01  4.838E-01  4.783E-01
  387.5000  4.383E-01  4.466E-01  4.504E-01  4.498E-01  4.447E-01
  388.5000  4.396E-01  4.478E-01  4.517E-01  4.511E-01  4.460E-01
  389.5000  5.546E-01  5.650E-01  5.698E-01  5.691E-01  5.627E-01
  390.5000  5.450E-01  5.552E-01  5.600E-01  5.592E-01  5.529E-01
  391.5000  6.469E-01  6.589E-01  6.646E-01  6.637E-01  6.563E-01
  392.5000  4.853E-01  4.944E-01  4.986E-01  4.979E-01  4.923E-01
  393.5000  2.111E-01  2.150E-01  2.169E-01  2.166E-01  2.141E-01
  394.5000  4.969E-01  5.062E-01  5.105E-01  5.098E-01  5.041E-01
  395.5000  6.397E-01  6.516E-01  6.571E-01  6.562E-01  6.489E-01
  396.5000  3.758E-01  3.828E-01  3.860E-01  3.855E-01  3.812E-01
  397.5000  4.339E-01  4.419E-01  4.457E-01  4.451E-01  4.401E-01
  398.5000  7.459E-01  7.597E-01  7.661E-01  7.651E-01  7.566E-01
  399.5000  7.762E-01  7.905E-01  7.972E-01  7.962E-01  7.873E-01
  400.5000  8.164E-01  8.314E-01  8.385E-01  8.374E-01  8.281E-01
  401.5000  8.403E-01  8.558E-01  8.631E-01  8.619E-01  8.524E-01
  402.5000  8.728E-01  8.888E-01  8.964E-01  8.952E-01  8.853E-01
  403.5000  7.992E-01  8.139E-01  8.208E-01  8.197E-01  8.107E-01
  404.5000  7.843E-01  7.986E-01  8.054E-01  8.043E-01  7.955E-01
  405.5000  8.151E-01  8.300E-01  8.370E-01  8.359E-01  8.267E-01
  406.5000  7.681E-01  7.821E-01  7.887E-01  7.877E-01  7.790E-01
  407.5000  7.747E-01  7.888E-01  7.955E-01  7.944E-01  7.857E-01
  408.5000  8.632E-01  8.789E-01  8.863E-01  8.851E-01  8.754E-01
  409.5000  8.465E-01  8.620E-01  8.692E-01  8.681E-01  8.585E-01
  410.5000  7.344E-01  7.478E-01  7.541E-01  7.531E-01  7.448E-01
  411.5000  8.832E-01  8.992E-01  9.068E-01  9.056E-01  8.957E-01
  412.5000  8.757E-01  8.916E-01  8.991E-01  8.979E-01  8.881E-01
  413.5000  8.497E-01  8.652E-01  8.724E-01  8.712E-01  8.617E-01
  414.5000  8.737E-01  8.896E-01  8.970E-01  8.958E-01  8.860E-01
  415.5000  8.360E-01  8.512E-01  8.583E-01  8.572E-01  8.478E-01
  416.5000  9.103E-01  9.268E-01  9.345E-01  9.332E-01  9.231E-01
  417.5000  8.325E-01  8.476E-01  8.546E-01  8.535E-01  8.442E-01
  418.5000  8.394E-01  8.545E-01  8.616E-01  8.605E-01  8.512E-01
  419.5000  8.675E-01  8.831E-01  8.904E-01  8.893E-01  8.796E-01
------------------------------------------------------------
Dose rates, W m-2
   1 = UV-B, 280-315 nm                                  
   2 = UV-A, 315-400 nm                                  
   3 = Gaussian, 320 nm, 10 nm FWHM                      
   4 = RB Meter, model 501                               
   5 = DNA damage, in vitro (Setlow, 1974)               
   6 = UV index (WMO, 1994; Webb et al., 2011)           
   7 = Previtamin-D3 (CIE 2006)                          
values at z =      0.000 km
Columns: time, sza, weighting spectra
time, hrs.  sza, deg.          1          2          3          4          5          6          7
   11.0000     53.872  6.848E-01  3.464E+01  1.932E-01  1.905E-01  1.391E-03  3.552E+00  1.550E-01
   11.5000     53.251  7.101E-01  3.532E+01  1.979E-01  1.976E-01  1.461E-03  3.682E+00  1.617E-01
   12.0000     52.959  7.220E-01  3.564E+01  2.001E-01  2.010E-01  1.495E-03  3.744E+00  1.649E-01
   12.5000     53.005  7.202E-01  3.559E+01  1.998E-01  2.005E-01  1.490E-03  3.735E+00  1.644E-01
   13.0000     53.389  7.044E-01  3.517E+01  1.968E-01  1.960E-01  1.445E-03  3.653E+00  1.602E-01
------------------------------------------------------------
