Spectral Irradiance, W m-2 nm-1
values at z =      0.000 km
Columns: wavelength (nm), times (hrs.) or sza (deg.)
    wc, nm     11.000     11.500     12.000     12.500     13.000
    sza =      45.256     44.002     43.732     44.468     46.161
  280.5000  3.350E-19  7.745E-19  9.212E-19  5.704E-19  1.770E-19
  281.5000  2.868E-17  6.153E-17  7.205E-17  4.657E-17  1.605E-17
  282.5000  8.970E-16  1.804E-15  2.084E-15  1.398E-15  5.272E-16
  283.5000  7.607E-15  1.467E-14  1.680E-14  1.154E-14  4.616E-15
  284.5000  2.255E-13  4.029E-13  4.543E-13  3.260E-13  1.450E-13
  285.5000  1.731E-12  2.923E-12  3.258E-12  2.414E-12  1.162E-12
  286.5000  3.740E-11  6.049E-11  6.682E-11  5.075E-11  2.595E-11
  287.5000  4.189E-10  6.457E-10  7.062E-10  5.513E-10  3.015E-10
  288.5000  4.344E-09  6.356E-09  6.877E-09  5.531E-09  3.254E-09
  289.5000  4.012E-08  5.654E-08  6.071E-08  4.988E-08  3.091E-08
  290.5000  2.486E-07  3.397E-07  3.623E-07  3.031E-07  1.962E-07
  291.5000  1.283E-06  1.692E-06  1.791E-06  1.529E-06  1.040E-06
  292.5000  4.595E-06  5.885E-06  6.194E-06  5.376E-06  3.808E-06
  293.5000  1.925E-05  2.399E-05  2.511E-05  2.214E-05  1.629E-05
  294.5000  4.891E-05  5.968E-05  6.220E-05  5.550E-05  4.206E-05
  295.5000  1.673E-04  1.995E-04  2.070E-04  1.871E-04  1.463E-04
  296.5000  3.768E-04  4.412E-04  4.559E-04  4.165E-04  3.344E-04
  297.5000  9.034E-04  1.041E-03  1.072E-03  9.882E-04  8.117E-04
  298.5000  1.301E-03  1.478E-03  1.517E-03  1.410E-03  1.181E-03
  299.5000  3.465E-03  3.886E-03  3.980E-03  3.727E-03  3.177E-03
  300.5000  3.723E-03  4.134E-03  4.224E-03  3.978E-03  3.439E-03
  301.5000  8.567E-03  9.411E-03  9.597E-03  9.093E-03  7.979E-03
  302.5000  1.177E-02  1.284E-02  1.307E-02  1.244E-02  1.102E-02
  303.5000  2.252E-02  2.436E-02  2.477E-02  2.367E-02  2.122E-02
  304.5000  2.634E-02  2.836E-02  2.880E-02  2.761E-02  2.491E-02
  305.5000  3.844E-02  4.110E-02  4.168E-02  4.011E-02  3.655E-02
  306.5000  4.161E-02  4.469E-02  4.529E-02  4.366E-02  3.996E-02
  307.5000  6.568E-02  6.960E-02  7.044E-02  6.814E-02  6.288E-02
  308.5000  7.594E-02  8.029E-02  8.123E-02  7.867E-02  7.282E-02
  309.5000  7.070E-02  7.445E-02  7.526E-02  7.306E-02  6.799E-02
  310.5000  1.001E-01  1.052E-01  1.062E-01  1.033E-01  9.650E-02
  311.5000  1.322E-01  1.386E-01  1.400E-01  1.363E-01  1.276E-01
  312.5000  1.350E-01  1.411E-01  1.424E-01  1.388E-01  1.306E-01
  313.5000  1.549E-01  1.617E-01  1.632E-01  1.589E-01  1.500E-01
  314.5000  1.609E-01  1.675E-01  1.689E-01  1.650E-01  1.561E-01
  315.5000  1.673E-01  1.739E-01  1.756E-01  1.716E-01  1.624E-01
  316.5000  1.716E-01  1.782E-01  1.796E-01  1.758E-01  1.668E-01
  317.5000  2.429E-01  2.522E-01  2.542E-01  2.488E-01  2.362E-01
  318.5000  1.962E-01  2.034E-01  2.049E-01  2.007E-01  1.911E-01
  319.5000  2.408E-01  2.494E-01  2.513E-01  2.462E-01  2.345E-01
  320.5000  2.949E-01  3.053E-01  3.076E-01  3.015E-01  2.873E-01
  321.5000  2.564E-01  2.650E-01  2.668E-01  2.618E-01  2.501E-01
  322.5000  2.538E-01  2.626E-01  2.645E-01  2.593E-01  2.473E-01
  323.5000  2.688E-01  2.776E-01  2.795E-01  2.743E-01  2.624E-01
  324.5000  3.153E-01  3.256E-01  3.278E-01  3.218E-01  3.078E-01
  325.5000  3.524E-01  3.640E-01  3.663E-01  3.597E-01  3.440E-01
  326.5000  4.342E-01  4.479E-01  4.508E-01  4.428E-01  4.243E-01
  327.5000  4.024E-01  4.152E-01  4.179E-01  4.104E-01  3.930E-01
  328.5000  3.718E-01  3.836E-01  3.861E-01  3.792E-01  3.632E-01
  329.5000  4.880E-01  5.030E-01  5.062E-01  4.974E-01  4.771E-01
  330.5000  4.417E-01  4.554E-01  4.583E-01  4.504E-01  4.317E-01
  331.5000  4.363E-01  4.498E-01  4.527E-01  4.448E-01  4.264E-01
  332.5000  4.334E-01  4.465E-01  4.493E-01  4.417E-01  4.239E-01
  333.5000  4.060E-01  4.184E-01  4.210E-01  4.138E-01  3.969E-01
  334.5000  4.546E-01  4.684E-01  4.713E-01  4.633E-01  4.446E-01
  335.5000  4.628E-01  4.766E-01  4.795E-01  4.715E-01  4.527E-01
  336.5000  3.615E-01  3.723E-01  3.746E-01  3.683E-01  3.536E-01
  337.5000  3.959E-01  4.079E-01  4.104E-01  4.035E-01  3.872E-01
  338.5000  4.197E-01  4.322E-01  4.349E-01  4.276E-01  4.106E-01
  339.5000  4.567E-01  4.702E-01  4.731E-01  4.652E-01  4.468E-01
  340.5000  4.877E-01  5.022E-01  5.053E-01  4.969E-01  4.771E-01
  341.5000  4.342E-01  4.470E-01  4.497E-01  4.422E-01  4.248E-01
  342.5000  4.813E-01  4.955E-01  4.985E-01  4.902E-01  4.710E-01
  343.5000  4.998E-01  5.145E-01  5.176E-01  5.090E-01  4.890E-01
  344.5000  3.501E-01  3.605E-01  3.626E-01  3.566E-01  3.426E-01
  345.5000  4.808E-01  4.948E-01  4.978E-01  4.896E-01  4.705E-01
  346.5000  4.494E-01  4.625E-01  4.653E-01  4.577E-01  4.398E-01
  347.5000  4.393E-01  4.521E-01  4.548E-01  4.473E-01  4.299E-01
  348.5000  4.831E-01  4.971E-01  5.001E-01  4.919E-01  4.728E-01
  349.5000  4.049E-01  4.167E-01  4.192E-01  4.124E-01  3.963E-01
  350.5000  5.671E-01  5.836E-01  5.871E-01  5.775E-01  5.551E-01
  351.5000  4.889E-01  5.030E-01  5.061E-01  4.978E-01  4.785E-01
  352.5000  4.410E-01  4.538E-01  4.565E-01  4.491E-01  4.317E-01
  353.5000  5.311E-01  5.465E-01  5.497E-01  5.408E-01  5.199E-01
  354.5000  5.751E-01  5.916E-01  5.952E-01  5.855E-01  5.630E-01
  355.5000  5.376E-01  5.530E-01  5.563E-01  5.473E-01  5.263E-01
  356.5000  4.990E-01  5.133E-01  5.164E-01  5.080E-01  4.885E-01
  357.5000  4.244E-01  4.366E-01  4.391E-01  4.321E-01  4.155E-01
  358.5000  3.276E-01  3.370E-01  3.390E-01  3.335E-01  3.207E-01
  359.5000  5.514E-01  5.672E-01  5.705E-01  5.614E-01  5.399E-01
  360.5000  5.112E-01  5.258E-01  5.289E-01  5.204E-01  5.006E-01
  361.5000  4.610E-01  4.742E-01  4.770E-01  4.693E-01  4.514E-01
  362.5000  5.415E-01  5.569E-01  5.602E-01  5.512E-01  5.302E-01
  363.5000  4.818E-01  4.955E-01  4.984E-01  4.904E-01  4.718E-01
  364.5000  5.257E-01  5.406E-01  5.438E-01  5.351E-01  5.148E-01
  365.5000  6.407E-01  6.588E-01  6.627E-01  6.521E-01  6.274E-01
  366.5000  6.782E-01  6.974E-01  7.015E-01  6.903E-01  6.642E-01
  367.5000  6.441E-01  6.623E-01  6.661E-01  6.555E-01  6.308E-01
  368.5000  5.659E-01  5.819E-01  5.853E-01  5.760E-01  5.542E-01
  369.5000  6.789E-01  6.981E-01  7.021E-01  6.910E-01  6.650E-01
  370.5000  6.161E-01  6.334E-01  6.371E-01  6.270E-01  6.034E-01
  371.5000  7.051E-01  7.249E-01  7.291E-01  7.176E-01  6.906E-01
  372.5000  5.209E-01  5.355E-01  5.386E-01  5.301E-01  5.102E-01
  373.5000  4.709E-01  4.841E-01  4.869E-01  4.793E-01  4.613E-01
  374.5000  5.170E-01  5.314E-01  5.345E-01  5.261E-01  5.064E-01
  375.5000  5.834E-01  5.997E-01  6.031E-01  5.937E-01  5.715E-01
  376.5000  5.827E-01  5.989E-01  6.024E-01  5.929E-01  5.708E-01
  377.5000  6.940E-01  7.133E-01  7.174E-01  7.062E-01  6.798E-01
  378.5000  7.565E-01  7.775E-01  7.820E-01  7.698E-01  7.411E-01
  379.5000  5.598E-01  5.753E-01  5.786E-01  5.696E-01  5.484E-01
  380.5000  6.734E-01  6.920E-01  6.960E-01  6.851E-01  6.597E-01
  381.5000  6.329E-01  6.504E-01  6.541E-01  6.439E-01  6.200E-01
  382.5000  4.218E-01  4.334E-01  4.359E-01  4.291E-01  4.132E-01
  383.5000  3.704E-01  3.807E-01  3.828E-01  3.769E-01  3.630E-01
  384.5000  5.560E-01  5.714E-01  5.746E-01  5.657E-01  5.448E-01
  385.5000  5.502E-01  5.654E-01  5.686E-01  5.598E-01  5.391E-01
  386.5000  5.610E-01  5.764E-01  5.797E-01  5.707E-01  5.497E-01
  387.5000  5.214E-01  5.358E-01  5.388E-01  5.305E-01  5.110E-01
  388.5000  5.228E-01  5.371E-01  5.401E-01  5.318E-01  5.123E-01
  389.5000  6.594E-01  6.774E-01  6.813E-01  6.708E-01  6.461E-01
  390.5000  6.478E-01  6.655E-01  6.693E-01  6.589E-01  6.348E-01
  391.5000  7.686E-01  7.896E-01  7.941E-01  7.819E-01  7.533E-01
  392.5000  5.765E-01  5.922E-01  5.956E-01  5.864E-01  5.650E-01
  393.5000  2.507E-01  2.575E-01  2.590E-01  2.550E-01  2.457E-01
  394.5000  5.900E-01  6.060E-01  6.095E-01  6.001E-01  5.782E-01
  395.5000  7.593E-01  7.799E-01  7.843E-01  7.723E-01  7.441E-01
  396.5000  4.459E-01  4.580E-01  4.606E-01  4.536E-01  4.371E-01
  397.5000  5.147E-01  5.286E-01  5.316E-01  5.235E-01  5.045E-01
  398.5000  8.846E-01  9.085E-01  9.136E-01  8.997E-01  8.670E-01
  399.5000  9.202E-01  9.451E-01  9.504E-01  9.359E-01  9.020E-01
  400.5000  9.677E-01  9.938E-01  9.994E-01  9.842E-01  9.485E-01
  401.5000  9.958E-01  1.023E+00  1.028E+00  1.013E+00  9.761E-01
  402.5000  1.034E+00  1.062E+00  1.068E+00  1.052E+00  1.014E+00
  403.5000  9.466E-01  9.721E-01  9.775E-01  9.627E-01  9.280E-01
  404.5000  9.286E-01  9.536E-01  9.589E-01  9.444E-01  9.103E-01
  405.5000  9.649E-01  9.908E-01  9.963E-01  9.812E-01  9.459E-01
  406.5000  9.090E-01  9.333E-01  9.385E-01  9.244E-01  8.911E-01
  407.5000  9.166E-01  9.411E-01  9.464E-01  9.321E-01  8.986E-01
  408.5000  1.021E+00  1.048E+00  1.054E+00  1.038E+00  1.001E+00
  409.5000  1.001E+00  1.028E+00  1.034E+00  1.018E+00  9.815E-01
  410.5000  8.683E-01  8.915E-01  8.965E-01  8.830E-01  8.514E-01
  411.5000  1.044E+00  1.072E+00  1.078E+00  1.062E+00  1.024E+00
  412.5000  1.035E+00  1.062E+00  1.068E+00  1.052E+00  1.015E+00
  413.5000  1.004E+00  1.031E+00  1.036E+00  1.021E+00  9.844E-01
  414.5000  1.032E+00  1.059E+00  1.065E+00  1.049E+00  1.012E+00
  415.5000  9.873E-01  1.013E+00  1.019E+00  1.004E+00  9.681E-01
  416.5000  1.075E+00  1.103E+00  1.109E+00  1.093E+00  1.054E+00
  417.5000  9.827E-01  1.009E+00  1.014E+00  9.991E-01  9.636E-01
  418.5000  9.906E-01  1.017E+00  1.022E+00  1.007E+00  9.714E-01
  419.5000  1.023E+00  1.051E+00  1.056E+00  1.041E+00  1.004E+00
------------------------------------------------------------
Dose rates, W m-2
   1 = UV-B, 280-315 nm                                  
   2 = UV-A, 315-400 nm                                  
   3 = Gaussian, 320 nm, 10 nm FWHM                      
   4 = RB Meter, model 501                               
   5 = DNA damage, in vitro (Setlow, 1974)               
   6 = UV index (WMO, 1994; Webb et al., 2011)           
   7 = Previtamin-D3 (CIE 2006)                          
values at z =      0.000 km
Columns: time, sza, weighting spectra
time, hrs.  sza, deg.          1          2          3          4          5          6          7
   11.0000     45.256  1.055E+00  4.174E+01  2.486E-01  2.989E-01  2.692E-03  5.571E+00  2.643E-01
   11.5000     44.002  1.110E+00  4.295E+01  2.574E-01  3.156E-01  2.902E-03  5.888E+00  2.811E-01
   12.0000     43.732  1.122E+00  4.321E+01  2.593E-01  3.192E-01  2.948E-03  5.956E+00  2.847E-01
   12.5000     44.468  1.090E+00  4.250E+01  2.542E-01  3.094E-01  2.824E-03  5.770E+00  2.749E-01
   13.0000     46.161  1.015E+00  4.086E+01  2.422E-01  2.872E-01  2.547E-03  5.349E+00  2.526E-01
------------------------------------------------------------
