Spectral Irradiance, W m-2 nm-1
values at z =      0.000 km
Columns: wavelength (nm), times (hrs.) or sza (deg.)
    wc, nm     11.000     11.500     12.000     12.500     13.000
    sza =      63.890     62.681     62.246     62.602     63.734
  280.5000  2.610E-27  3.073E-27  3.284E-27  3.109E-27  2.661E-27
  281.5000  8.292E-25  9.826E-25  1.054E-24  9.948E-25  8.461E-25
  282.5000  8.049E-23  9.610E-23  1.035E-22  9.735E-23  8.220E-23
  283.5000  1.423E-21  1.709E-21  1.847E-21  1.733E-21  1.454E-21
  284.5000  1.658E-19  2.026E-19  2.211E-19  2.057E-19  1.697E-19
  285.5000  3.552E-18  4.429E-18  4.885E-18  4.505E-18  3.643E-18
  286.5000  1.709E-16  2.178E-16  2.430E-16  2.220E-16  1.756E-16
  287.5000  4.772E-15  6.289E-15  7.124E-15  6.426E-15  4.921E-15
  288.5000  1.397E-13  1.929E-13  2.226E-13  1.978E-13  1.448E-13
  289.5000  2.809E-12  4.029E-12  4.705E-12  4.141E-12  2.926E-12
  290.5000  3.465E-11  5.126E-11  6.032E-11  5.276E-11  3.625E-11
  291.5000  4.107E-10  6.240E-10  7.371E-10  6.428E-10  4.316E-10
  292.5000  3.032E-09  4.654E-09  5.488E-09  4.794E-09  3.194E-09
  293.5000  2.610E-08  3.993E-08  4.681E-08  4.110E-08  2.752E-08
  294.5000  1.195E-07  1.806E-07  2.100E-07  1.856E-07  1.259E-07
  295.5000  7.833E-07  1.157E-06  1.331E-06  1.187E-06  8.234E-07
  296.5000  3.080E-06  4.429E-06  5.039E-06  4.535E-06  3.228E-06
  297.5000  1.217E-05  1.702E-05  1.916E-05  1.739E-05  1.271E-05
  298.5000  2.689E-05  3.661E-05  4.078E-05  3.734E-05  2.800E-05
  299.5000  1.080E-04  1.430E-04  1.577E-04  1.456E-04  1.121E-04
  300.5000  1.593E-04  2.062E-04  2.256E-04  2.096E-04  1.648E-04
  301.5000  5.189E-04  6.547E-04  7.095E-04  6.644E-04  5.350E-04
  302.5000  8.958E-04  1.111E-03  1.196E-03  1.126E-03  9.215E-04
  303.5000  2.251E-03  2.732E-03  2.921E-03  2.766E-03  2.309E-03
  304.5000  3.081E-03  3.693E-03  3.931E-03  3.736E-03  3.156E-03
  305.5000  5.693E-03  6.694E-03  7.079E-03  6.763E-03  5.816E-03
  306.5000  6.870E-03  8.012E-03  8.449E-03  8.091E-03  7.011E-03
  307.5000  1.309E-02  1.502E-02  1.575E-02  1.515E-02  1.333E-02
  308.5000  1.631E-02  1.860E-02  1.946E-02  1.875E-02  1.659E-02
  309.5000  1.728E-02  1.949E-02  2.032E-02  1.964E-02  1.756E-02
  310.5000  2.685E-02  3.006E-02  3.125E-02  3.027E-02  2.725E-02
  311.5000  3.770E-02  4.198E-02  4.357E-02  4.227E-02  3.823E-02
  312.5000  4.293E-02  4.737E-02  4.900E-02  4.766E-02  4.349E-02
  313.5000  5.054E-02  5.565E-02  5.753E-02  5.599E-02  5.119E-02
  314.5000  5.763E-02  6.295E-02  6.490E-02  6.330E-02  5.831E-02
  315.5000  6.090E-02  6.642E-02  6.845E-02  6.679E-02  6.160E-02
  316.5000  6.715E-02  7.279E-02  7.485E-02  7.317E-02  6.787E-02
  317.5000  9.514E-02  1.031E-01  1.060E-01  1.037E-01  9.615E-02
  318.5000  8.213E-02  8.852E-02  9.085E-02  8.894E-02  8.294E-02
  319.5000  1.021E-01  1.099E-01  1.128E-01  1.104E-01  1.031E-01
  320.5000  1.270E-01  1.366E-01  1.401E-01  1.372E-01  1.282E-01
  321.5000  1.173E-01  1.255E-01  1.284E-01  1.260E-01  1.184E-01
  322.5000  1.110E-01  1.192E-01  1.222E-01  1.197E-01  1.120E-01
  323.5000  1.265E-01  1.350E-01  1.380E-01  1.355E-01  1.276E-01
  324.5000  1.481E-01  1.580E-01  1.617E-01  1.587E-01  1.493E-01
  325.5000  1.640E-01  1.752E-01  1.793E-01  1.760E-01  1.655E-01
  326.5000  2.124E-01  2.259E-01  2.308E-01  2.268E-01  2.141E-01
  327.5000  1.939E-01  2.065E-01  2.111E-01  2.073E-01  1.955E-01
  328.5000  1.793E-01  1.910E-01  1.952E-01  1.918E-01  1.808E-01
  329.5000  2.443E-01  2.593E-01  2.648E-01  2.603E-01  2.462E-01
  330.5000  2.180E-01  2.317E-01  2.367E-01  2.326E-01  2.197E-01
  331.5000  2.148E-01  2.284E-01  2.333E-01  2.292E-01  2.165E-01
  332.5000  2.192E-01  2.325E-01  2.373E-01  2.333E-01  2.209E-01
  333.5000  2.032E-01  2.157E-01  2.203E-01  2.165E-01  2.048E-01
  334.5000  2.290E-01  2.430E-01  2.481E-01  2.439E-01  2.308E-01
  335.5000  2.362E-01  2.503E-01  2.555E-01  2.513E-01  2.380E-01
  336.5000  1.840E-01  1.951E-01  1.991E-01  1.958E-01  1.854E-01
  337.5000  1.999E-01  2.121E-01  2.165E-01  2.129E-01  2.015E-01
  338.5000  2.149E-01  2.277E-01  2.323E-01  2.285E-01  2.165E-01
  339.5000  2.344E-01  2.483E-01  2.534E-01  2.492E-01  2.361E-01
  340.5000  2.493E-01  2.643E-01  2.697E-01  2.653E-01  2.512E-01
  341.5000  2.236E-01  2.368E-01  2.416E-01  2.377E-01  2.253E-01
  342.5000  2.483E-01  2.630E-01  2.683E-01  2.640E-01  2.502E-01
  343.5000  2.575E-01  2.728E-01  2.783E-01  2.738E-01  2.594E-01
  344.5000  1.801E-01  1.908E-01  1.947E-01  1.915E-01  1.815E-01
  345.5000  2.490E-01  2.637E-01  2.690E-01  2.647E-01  2.509E-01
  346.5000  2.321E-01  2.458E-01  2.508E-01  2.467E-01  2.338E-01
  347.5000  2.271E-01  2.406E-01  2.454E-01  2.415E-01  2.289E-01
  348.5000  2.504E-01  2.651E-01  2.704E-01  2.661E-01  2.522E-01
  349.5000  2.100E-01  2.223E-01  2.268E-01  2.232E-01  2.116E-01
  350.5000  2.944E-01  3.117E-01  3.180E-01  3.129E-01  2.966E-01
  351.5000  2.539E-01  2.688E-01  2.742E-01  2.698E-01  2.558E-01
  352.5000  2.293E-01  2.428E-01  2.476E-01  2.437E-01  2.310E-01
  353.5000  2.766E-01  2.928E-01  2.986E-01  2.938E-01  2.786E-01
  354.5000  2.999E-01  3.174E-01  3.237E-01  3.185E-01  3.021E-01
  355.5000  2.805E-01  2.969E-01  3.028E-01  2.980E-01  2.826E-01
  356.5000  2.606E-01  2.758E-01  2.813E-01  2.768E-01  2.625E-01
  357.5000  2.218E-01  2.347E-01  2.394E-01  2.356E-01  2.234E-01
  358.5000  1.714E-01  1.814E-01  1.850E-01  1.820E-01  1.727E-01
  359.5000  2.887E-01  3.055E-01  3.116E-01  3.066E-01  2.909E-01
  360.5000  2.679E-01  2.835E-01  2.891E-01  2.845E-01  2.699E-01
  361.5000  2.418E-01  2.559E-01  2.609E-01  2.568E-01  2.436E-01
  362.5000  2.843E-01  3.008E-01  3.067E-01  3.019E-01  2.864E-01
  363.5000  2.532E-01  2.678E-01  2.731E-01  2.688E-01  2.550E-01
  364.5000  2.764E-01  2.924E-01  2.982E-01  2.935E-01  2.785E-01
  365.5000  3.371E-01  3.566E-01  3.636E-01  3.579E-01  3.396E-01
  366.5000  3.572E-01  3.778E-01  3.852E-01  3.791E-01  3.598E-01
  367.5000  3.395E-01  3.591E-01  3.661E-01  3.604E-01  3.420E-01
  368.5000  2.985E-01  3.157E-01  3.219E-01  3.169E-01  3.007E-01
  369.5000  3.584E-01  3.791E-01  3.865E-01  3.804E-01  3.611E-01
  370.5000  3.255E-01  3.442E-01  3.510E-01  3.454E-01  3.279E-01
  371.5000  3.728E-01  3.942E-01  4.019E-01  3.956E-01  3.756E-01
  372.5000  2.757E-01  2.915E-01  2.972E-01  2.925E-01  2.777E-01
  373.5000  2.494E-01  2.637E-01  2.688E-01  2.646E-01  2.512E-01
  374.5000  2.740E-01  2.897E-01  2.953E-01  2.907E-01  2.760E-01
  375.5000  3.094E-01  3.271E-01  3.335E-01  3.283E-01  3.117E-01
  376.5000  3.093E-01  3.270E-01  3.333E-01  3.281E-01  3.116E-01
  377.5000  3.686E-01  3.897E-01  3.972E-01  3.911E-01  3.713E-01
  378.5000  4.022E-01  4.251E-01  4.333E-01  4.266E-01  4.051E-01
  379.5000  2.978E-01  3.148E-01  3.209E-01  3.159E-01  3.000E-01
  380.5000  3.585E-01  3.789E-01  3.862E-01  3.802E-01  3.611E-01
  381.5000  3.372E-01  3.564E-01  3.632E-01  3.576E-01  3.397E-01
  382.5000  2.249E-01  2.377E-01  2.423E-01  2.385E-01  2.265E-01
  383.5000  1.977E-01  2.089E-01  2.129E-01  2.096E-01  1.991E-01
  384.5000  2.969E-01  3.137E-01  3.198E-01  3.148E-01  2.991E-01
  385.5000  2.940E-01  3.107E-01  3.166E-01  3.118E-01  2.962E-01
  386.5000  3.000E-01  3.170E-01  3.230E-01  3.181E-01  3.022E-01
  387.5000  2.791E-01  2.948E-01  3.005E-01  2.958E-01  2.811E-01
  388.5000  2.800E-01  2.958E-01  3.014E-01  2.968E-01  2.820E-01
  389.5000  3.534E-01  3.733E-01  3.805E-01  3.746E-01  3.559E-01
  390.5000  3.474E-01  3.670E-01  3.740E-01  3.683E-01  3.499E-01
  391.5000  4.126E-01  4.357E-01  4.441E-01  4.373E-01  4.155E-01
  392.5000  3.096E-01  3.270E-01  3.333E-01  3.282E-01  3.119E-01
  393.5000  1.347E-01  1.423E-01  1.450E-01  1.428E-01  1.357E-01
  394.5000  3.173E-01  3.351E-01  3.415E-01  3.363E-01  3.196E-01
  395.5000  4.087E-01  4.315E-01  4.398E-01  4.330E-01  4.116E-01
  396.5000  2.402E-01  2.536E-01  2.584E-01  2.545E-01  2.419E-01
  397.5000  2.774E-01  2.929E-01  2.985E-01  2.939E-01  2.794E-01
  398.5000  4.771E-01  5.037E-01  5.133E-01  5.055E-01  4.806E-01
  399.5000  4.967E-01  5.244E-01  5.343E-01  5.262E-01  5.003E-01
  400.5000  5.227E-01  5.518E-01  5.622E-01  5.537E-01  5.264E-01
  401.5000  5.382E-01  5.682E-01  5.789E-01  5.701E-01  5.421E-01
  402.5000  5.593E-01  5.903E-01  6.015E-01  5.924E-01  5.633E-01
  403.5000  5.124E-01  5.408E-01  5.510E-01  5.426E-01  5.160E-01
  404.5000  5.030E-01  5.308E-01  5.408E-01  5.327E-01  5.066E-01
  405.5000  5.230E-01  5.519E-01  5.623E-01  5.538E-01  5.267E-01
  406.5000  4.930E-01  5.202E-01  5.300E-01  5.220E-01  4.965E-01
  407.5000  4.974E-01  5.249E-01  5.348E-01  5.267E-01  5.010E-01
  408.5000  5.545E-01  5.851E-01  5.961E-01  5.871E-01  5.584E-01
  409.5000  5.440E-01  5.740E-01  5.848E-01  5.760E-01  5.479E-01
  410.5000  4.722E-01  4.982E-01  5.075E-01  4.999E-01  4.755E-01
  411.5000  5.680E-01  5.993E-01  6.105E-01  6.013E-01  5.720E-01
  412.5000  5.635E-01  5.944E-01  6.056E-01  5.965E-01  5.675E-01
  413.5000  5.470E-01  5.770E-01  5.878E-01  5.790E-01  5.508E-01
  414.5000  5.626E-01  5.935E-01  6.046E-01  5.955E-01  5.666E-01
  415.5000  5.386E-01  5.681E-01  5.787E-01  5.700E-01  5.424E-01
  416.5000  5.867E-01  6.187E-01  6.303E-01  6.208E-01  5.908E-01
  417.5000  5.367E-01  5.661E-01  5.766E-01  5.680E-01  5.405E-01
  418.5000  5.414E-01  5.710E-01  5.816E-01  5.729E-01  5.452E-01
  419.5000  5.597E-01  5.902E-01  6.012E-01  5.922E-01  5.636E-01
------------------------------------------------------------
Dose rates, W m-2
   1 = UV-B, 280-315 nm                                  
   2 = UV-A, 315-400 nm                                  
   3 = Gaussian, 320 nm, 10 nm FWHM                      
   4 = RB Meter, model 501                               
   5 = DNA damage, in vitro (Setlow, 1974)               
   6 = UV index (WMO, 1994; Webb et al., 2011)           
   7 = Previtamin-D3 (CIE 2006)                          
values at z =      0.000 km
Columns: time, sza, weighting spectra
time, hrs.  sza, deg.          1          2          3          4          5          6          7
   11.0000     63.890  2.819E-01  2.163E+01  1.077E-01  7.967E-02  4.409E-04  1.550E+00  5.515E-02
   11.5000     62.681  3.144E-01  2.291E+01  1.157E-01  8.839E-02  5.035E-04  1.707E+00  6.248E-02
   12.0000     62.246  3.265E-01  2.337E+01  1.186E-01  9.165E-02  5.275E-04  1.765E+00  6.524E-02
   12.5000     62.602  3.166E-01  2.299E+01  1.162E-01  8.898E-02  5.079E-04  1.717E+00  6.297E-02
   13.0000     63.734  2.860E-01  2.179E+01  1.087E-01  8.076E-02  4.486E-04  1.569E+00  5.606E-02
------------------------------------------------------------
