Spectral Irradiance, W m-2 nm-1
values at z =      0.000 km
Columns: wavelength (nm), times (hrs.) or sza (deg.)
    wc, nm     11.000     11.500     12.000     12.500     13.000
    sza =      15.550      8.529      1.605      5.607     12.621
  280.5000  3.314E-14  7.031E-14  9.522E-14  8.410E-14  4.803E-14
  281.5000  1.010E-12  2.007E-12  2.646E-12  2.363E-12  1.417E-12
  282.5000  1.302E-11  2.443E-11  3.149E-11  2.838E-11  1.775E-11
  283.5000  6.205E-11  1.122E-10  1.426E-10  1.260E-10  8.312E-11
  284.5000  6.442E-10  1.090E-09  1.347E-09  1.235E-09  8.349E-10
  285.5000  2.277E-09  3.523E-09  4.443E-09  4.107E-09  2.880E-09
  286.5000  2.712E-08  4.202E-08  5.015E-08  4.665E-08  3.365E-08
  287.5000  1.568E-07  2.330E-07  2.734E-07  2.560E-07  1.906E-07
  288.5000  7.937E-07  1.126E-06  1.297E-06  1.224E-06  9.431E-07
  289.5000  4.388E-06  6.024E-06  6.847E-06  6.497E-06  5.130E-06
  290.5000  1.767E-05  2.360E-05  2.652E-05  2.528E-05  2.038E-05
  291.5000  5.597E-05  7.243E-05  8.039E-05  7.703E-05  6.355E-05
  292.5000  1.344E-04  1.696E-04  1.862E-04  1.792E-04  1.507E-04
  293.5000  3.869E-04  4.763E-04  5.181E-04  5.006E-04  4.286E-04
  294.5000  7.331E-04  8.857E-04  9.560E-04  9.266E-04  8.047E-04
  295.5000  1.836E-03  2.173E-03  2.327E-03  2.263E-03  1.995E-03
  296.5000  3.195E-03  3.720E-03  3.956E-03  3.858E-03  3.444E-03
  297.5000  6.110E-03  7.010E-03  7.411E-03  7.244E-03  6.538E-03
  298.5000  7.272E-03  8.241E-03  8.670E-03  8.492E-03  7.735E-03
  299.5000  1.620E-02  1.814E-02  1.899E-02  1.864E-02  1.713E-02
  300.5000  1.517E-02  1.684E-02  1.757E-02  1.727E-02  1.597E-02
  301.5000  3.010E-02  3.309E-02  3.439E-02  3.385E-02  3.154E-02
  302.5000  3.752E-02  4.098E-02  4.248E-02  4.186E-02  3.919E-02
  303.5000  6.403E-02  6.942E-02  7.174E-02  7.078E-02  6.663E-02
  304.5000  7.011E-02  7.568E-02  7.807E-02  7.708E-02  7.279E-02
  305.5000  9.276E-02  9.948E-02  1.024E-01  1.012E-01  9.601E-02
  306.5000  9.697E-02  1.037E-01  1.066E-01  1.054E-01  1.002E-01
  307.5000  1.401E-01  1.487E-01  1.529E-01  1.513E-01  1.445E-01
  308.5000  1.570E-01  1.667E-01  1.708E-01  1.691E-01  1.617E-01
  309.5000  1.386E-01  1.466E-01  1.500E-01  1.485E-01  1.425E-01
  310.5000  1.879E-01  1.993E-01  2.037E-01  2.019E-01  1.940E-01
  311.5000  2.433E-01  2.562E-01  2.617E-01  2.595E-01  2.496E-01
  312.5000  2.375E-01  2.495E-01  2.545E-01  2.524E-01  2.433E-01
  313.5000  2.695E-01  2.828E-01  2.885E-01  2.861E-01  2.760E-01
  314.5000  2.694E-01  2.821E-01  2.874E-01  2.852E-01  2.756E-01
  315.5000  2.783E-01  2.912E-01  2.966E-01  2.927E-01  2.846E-01
  316.5000  2.772E-01  2.895E-01  2.946E-01  2.925E-01  2.832E-01
  317.5000  3.920E-01  4.093E-01  4.166E-01  4.136E-01  4.004E-01
  318.5000  3.082E-01  3.213E-01  3.268E-01  3.245E-01  3.146E-01
  319.5000  3.761E-01  3.918E-01  3.984E-01  3.957E-01  3.837E-01
  320.5000  4.575E-01  4.764E-01  4.844E-01  4.811E-01  4.667E-01
  321.5000  3.882E-01  4.036E-01  4.100E-01  4.074E-01  3.956E-01
  322.5000  3.910E-01  4.069E-01  4.136E-01  4.109E-01  3.987E-01
  323.5000  4.021E-01  4.178E-01  4.243E-01  4.216E-01  4.098E-01
  324.5000  4.719E-01  4.902E-01  4.979E-01  4.948E-01  4.808E-01
  325.5000  5.290E-01  5.497E-01  5.583E-01  5.547E-01  5.390E-01
  326.5000  6.389E-01  6.630E-01  6.731E-01  6.689E-01  6.506E-01
  327.5000  5.953E-01  6.180E-01  6.274E-01  6.235E-01  6.063E-01
  328.5000  5.496E-01  5.704E-01  5.791E-01  5.755E-01  5.597E-01
  329.5000  7.108E-01  7.370E-01  7.478E-01  7.435E-01  7.236E-01
  330.5000  6.467E-01  6.707E-01  6.809E-01  6.767E-01  6.584E-01
  331.5000  6.391E-01  6.628E-01  6.728E-01  6.687E-01  6.507E-01
  332.5000  6.280E-01  6.510E-01  6.606E-01  6.566E-01  6.392E-01
  333.5000  5.905E-01  6.122E-01  6.213E-01  6.175E-01  6.010E-01
  334.5000  6.593E-01  6.834E-01  6.934E-01  6.893E-01  6.710E-01
  335.5000  6.675E-01  6.915E-01  7.017E-01  6.975E-01  6.792E-01
  336.5000  5.218E-01  5.407E-01  5.486E-01  5.453E-01  5.310E-01
  337.5000  5.731E-01  5.939E-01  6.026E-01  5.990E-01  5.832E-01
  338.5000  6.040E-01  6.257E-01  6.348E-01  6.311E-01  6.146E-01
  339.5000  6.564E-01  6.799E-01  6.897E-01  6.857E-01  6.678E-01
  340.5000  7.019E-01  7.270E-01  7.376E-01  7.332E-01  7.141E-01
  341.5000  6.228E-01  6.450E-01  6.543E-01  6.505E-01  6.336E-01
  342.5000  6.897E-01  7.142E-01  7.245E-01  7.202E-01  7.016E-01
  343.5000  7.163E-01  7.418E-01  7.524E-01  7.481E-01  7.287E-01
  344.5000  5.020E-01  5.199E-01  5.274E-01  5.243E-01  5.107E-01
  345.5000  6.872E-01  7.115E-01  7.217E-01  7.175E-01  6.990E-01
  346.5000  6.429E-01  6.656E-01  6.752E-01  6.712E-01  6.540E-01
  347.5000  6.279E-01  6.501E-01  6.594E-01  6.556E-01  6.387E-01
  348.5000  6.898E-01  7.141E-01  7.243E-01  7.201E-01  7.016E-01
  349.5000  5.779E-01  5.982E-01  6.068E-01  6.033E-01  5.878E-01
  350.5000  8.089E-01  8.373E-01  8.492E-01  8.443E-01  8.227E-01
  351.5000  6.969E-01  7.214E-01  7.316E-01  7.274E-01  7.088E-01
  352.5000  6.283E-01  6.503E-01  6.595E-01  6.557E-01  6.390E-01
  353.5000  7.560E-01  7.824E-01  7.935E-01  7.890E-01  7.689E-01
  354.5000  8.179E-01  8.464E-01  8.584E-01  8.535E-01  8.318E-01
  355.5000  7.641E-01  7.907E-01  8.019E-01  7.973E-01  7.771E-01
  356.5000  7.089E-01  7.335E-01  7.438E-01  7.396E-01  7.209E-01
  357.5000  6.026E-01  6.235E-01  6.323E-01  6.287E-01  6.128E-01
  358.5000  4.648E-01  4.809E-01  4.877E-01  4.849E-01  4.727E-01
  359.5000  7.820E-01  8.091E-01  8.205E-01  8.158E-01  7.952E-01
  360.5000  7.246E-01  7.497E-01  7.602E-01  7.559E-01  7.368E-01
  361.5000  6.531E-01  6.756E-01  6.851E-01  6.812E-01  6.641E-01
  362.5000  7.667E-01  7.931E-01  8.041E-01  7.996E-01  7.795E-01
  363.5000  6.818E-01  7.052E-01  7.151E-01  7.110E-01  6.932E-01
  364.5000  7.435E-01  7.690E-01  7.797E-01  7.753E-01  7.559E-01
  365.5000  9.057E-01  9.368E-01  9.498E-01  9.444E-01  9.208E-01
  366.5000  9.582E-01  9.910E-01  1.005E+00  9.991E-01  9.742E-01
  367.5000  9.095E-01  9.406E-01  9.536E-01  9.483E-01  9.246E-01
  368.5000  7.987E-01  8.260E-01  8.374E-01  8.327E-01  8.120E-01
  369.5000  9.577E-01  9.904E-01  1.004E+00  9.985E-01  9.736E-01
  370.5000  8.687E-01  8.983E-01  9.106E-01  9.055E-01  8.831E-01
  371.5000  9.936E-01  1.027E+00  1.042E+00  1.036E+00  1.010E+00
  372.5000  7.337E-01  7.587E-01  7.691E-01  7.648E-01  7.459E-01
  373.5000  6.630E-01  6.855E-01  6.949E-01  6.911E-01  6.740E-01
  374.5000  7.275E-01  7.521E-01  7.624E-01  7.582E-01  7.395E-01
  375.5000  8.205E-01  8.483E-01  8.599E-01  8.551E-01  8.341E-01
  376.5000  8.191E-01  8.468E-01  8.584E-01  8.536E-01  8.326E-01
  377.5000  9.751E-01  1.008E+00  1.022E+00  1.016E+00  9.912E-01
  378.5000  1.063E+00  1.098E+00  1.113E+00  1.107E+00  1.080E+00
  379.5000  7.859E-01  8.123E-01  8.234E-01  8.189E-01  7.988E-01
  380.5000  9.449E-01  9.766E-01  9.899E-01  9.845E-01  9.603E-01
  381.5000  8.876E-01  9.174E-01  9.299E-01  9.248E-01  9.021E-01
  382.5000  5.913E-01  6.111E-01  6.194E-01  6.160E-01  6.010E-01
  383.5000  5.191E-01  5.365E-01  5.438E-01  5.408E-01  5.276E-01
  384.5000  7.788E-01  8.049E-01  8.158E-01  8.113E-01  7.915E-01
  385.5000  7.703E-01  7.961E-01  8.069E-01  8.024E-01  7.829E-01
  386.5000  7.850E-01  8.112E-01  8.222E-01  8.177E-01  7.978E-01
  387.5000  7.294E-01  7.537E-01  7.639E-01  7.597E-01  7.412E-01
  388.5000  7.309E-01  7.553E-01  7.655E-01  7.613E-01  7.428E-01
  389.5000  9.215E-01  9.522E-01  9.650E-01  9.598E-01  9.365E-01
  390.5000  9.050E-01  9.350E-01  9.476E-01  9.424E-01  9.196E-01
  391.5000  1.073E+00  1.109E+00  1.124E+00  1.118E+00  1.091E+00
  392.5000  8.047E-01  8.314E-01  8.426E-01  8.380E-01  8.177E-01
  393.5000  3.498E-01  3.614E-01  3.662E-01  3.642E-01  3.554E-01
  394.5000  8.229E-01  8.501E-01  8.615E-01  8.568E-01  8.361E-01
  395.5000  1.059E+00  1.094E+00  1.108E+00  1.102E+00  1.076E+00
  396.5000  6.214E-01  6.420E-01  6.505E-01  6.470E-01  6.314E-01
  397.5000  7.170E-01  7.406E-01  7.505E-01  7.464E-01  7.285E-01
  398.5000  1.232E+00  1.272E+00  1.289E+00  1.282E+00  1.252E+00
  399.5000  1.281E+00  1.323E+00  1.341E+00  1.333E+00  1.301E+00
  400.5000  1.346E+00  1.391E+00  1.409E+00  1.402E+00  1.368E+00
  401.5000  1.385E+00  1.431E+00  1.450E+00  1.442E+00  1.407E+00
  402.5000  1.438E+00  1.485E+00  1.504E+00  1.496E+00  1.461E+00
  403.5000  1.316E+00  1.359E+00  1.377E+00  1.369E+00  1.337E+00
  404.5000  1.290E+00  1.332E+00  1.350E+00  1.343E+00  1.311E+00
  405.5000  1.340E+00  1.384E+00  1.402E+00  1.395E+00  1.361E+00
  406.5000  1.262E+00  1.303E+00  1.320E+00  1.313E+00  1.282E+00
  407.5000  1.272E+00  1.314E+00  1.331E+00  1.324E+00  1.292E+00
  408.5000  1.416E+00  1.463E+00  1.482E+00  1.474E+00  1.439E+00
  409.5000  1.388E+00  1.434E+00  1.453E+00  1.445E+00  1.410E+00
  410.5000  1.204E+00  1.243E+00  1.259E+00  1.253E+00  1.223E+00
  411.5000  1.447E+00  1.494E+00  1.513E+00  1.505E+00  1.470E+00
  412.5000  1.434E+00  1.480E+00  1.500E+00  1.492E+00  1.456E+00
  413.5000  1.390E+00  1.435E+00  1.454E+00  1.446E+00  1.412E+00
  414.5000  1.429E+00  1.475E+00  1.494E+00  1.486E+00  1.451E+00
  415.5000  1.366E+00  1.411E+00  1.429E+00  1.421E+00  1.388E+00
  416.5000  1.487E+00  1.535E+00  1.555E+00  1.547E+00  1.510E+00
  417.5000  1.359E+00  1.403E+00  1.421E+00  1.414E+00  1.380E+00
  418.5000  1.370E+00  1.414E+00  1.432E+00  1.425E+00  1.391E+00
  419.5000  1.415E+00  1.460E+00  1.479E+00  1.471E+00  1.437E+00
------------------------------------------------------------
Dose rates, W m-2
   1 = UV-B, 280-315 nm                                  
   2 = UV-A, 315-400 nm                                  
   3 = Gaussian, 320 nm, 10 nm FWHM                      
   4 = RB Meter, model 501                               
   5 = DNA damage, in vitro (Setlow, 1974)               
   6 = UV index (WMO, 1994; Webb et al., 2011)           
   7 = Previtamin-D3 (CIE 2006)                          
values at z =      0.000 km
Columns: time, sza, weighting spectra
time, hrs.  sza, deg.          1          2          3          4          5          6          7
   11.0000     15.550  2.086E+00  5.951E+01  3.861E-01  6.276E-01  7.983E-03  1.214E+01  6.093E-01
   11.5000      8.529  2.212E+00  6.160E+01  4.021E-01  6.693E-01  8.754E-03  1.301E+01  6.535E-01
   12.0000      1.605  2.266E+00  6.247E+01  4.089E-01  6.872E-01  9.093E-03  1.338E+01  6.727E-01
   12.5000      5.607  2.244E+00  6.211E+01  4.060E-01  6.797E-01  8.952E-03  1.323E+01  6.648E-01
   13.0000     12.621  2.148E+00  6.053E+01  3.939E-01  6.479E-01  8.353E-03  1.256E+01  6.308E-01
------------------------------------------------------------
