Spectral Irradiance, W m-2 nm-1
values at z =      0.000 km
Columns: wavelength (nm), times (hrs.) or sza (deg.)
    wc, nm     11.000     11.500     12.000     12.500     13.000
    sza =      35.008     32.382     31.188     31.590     33.528
  280.5000  3.199E-17  9.327E-17  1.453E-16  1.255E-16  5.944E-17
  281.5000  1.831E-15  4.853E-15  7.269E-15  6.361E-15  3.219E-15
  282.5000  4.050E-14  9.895E-14  1.433E-13  1.268E-13  6.793E-14
  283.5000  2.743E-13  6.356E-13  9.004E-13  8.026E-13  4.462E-13
  284.5000  5.400E-12  1.136E-11  1.546E-11  1.396E-11  8.304E-12
  285.5000  3.063E-11  5.999E-11  7.925E-11  7.230E-11  4.520E-11
  286.5000  5.246E-10  9.725E-10  1.256E-09  1.154E-09  7.499E-10
  287.5000  4.540E-09  7.919E-09  9.975E-09  9.239E-09  6.265E-09
  288.5000  3.559E-08  5.810E-08  7.121E-08  6.658E-08  4.726E-08
  289.5000  2.691E-07  4.190E-07  5.035E-07  4.738E-07  3.477E-07
  290.5000  1.410E-06  2.109E-06  2.493E-06  2.360E-06  1.780E-06
  291.5000  6.014E-06  8.602E-06  9.981E-06  9.502E-06  7.397E-06
  292.5000  1.843E-05  2.541E-05  2.903E-05  2.778E-05  2.219E-05
  293.5000  6.670E-05  8.882E-05  1.000E-04  9.618E-05  7.872E-05
  294.5000  1.512E-04  1.960E-04  2.183E-04  2.106E-04  1.757E-04
  295.5000  4.580E-04  5.767E-04  6.346E-04  6.149E-04  5.233E-04
  296.5000  9.334E-04  1.147E-03  1.250E-03  1.215E-03  1.052E-03
  297.5000  2.050E-03  2.467E-03  2.665E-03  2.598E-03  2.281E-03
  298.5000  2.740E-03  3.241E-03  3.475E-03  3.396E-03  3.019E-03
  299.5000  6.811E-03  7.922E-03  8.436E-03  8.262E-03  7.432E-03
  300.5000  6.938E-03  7.967E-03  8.440E-03  8.281E-03  7.515E-03
  301.5000  1.507E-02  1.707E-02  1.798E-02  1.768E-02  1.620E-02
  302.5000  1.994E-02  2.238E-02  2.348E-02  2.311E-02  2.131E-02
  303.5000  3.650E-02  4.053E-02  4.235E-02  4.174E-02  3.878E-02
  304.5000  4.161E-02  4.593E-02  4.786E-02  4.721E-02  4.405E-02
  305.5000  5.846E-02  6.393E-02  6.637E-02  6.555E-02  6.156E-02
  306.5000  6.272E-02  6.832E-02  7.081E-02  6.998E-02  6.590E-02
  307.5000  9.522E-02  1.029E-01  1.064E-01  1.052E-01  9.960E-02
  308.5000  1.088E-01  1.172E-01  1.210E-01  1.197E-01  1.136E-01
  309.5000  9.915E-02  1.064E-01  1.095E-01  1.085E-01  1.032E-01
  310.5000  1.383E-01  1.479E-01  1.520E-01  1.506E-01  1.438E-01
  311.5000  1.809E-01  1.929E-01  1.981E-01  1.964E-01  1.877E-01
  312.5000  1.815E-01  1.927E-01  1.976E-01  1.960E-01  1.879E-01
  313.5000  2.073E-01  2.199E-01  2.254E-01  2.236E-01  2.145E-01
  314.5000  2.122E-01  2.242E-01  2.295E-01  2.277E-01  2.190E-01
  315.5000  2.200E-01  2.324E-01  2.378E-01  2.360E-01  2.271E-01
  316.5000  2.231E-01  2.350E-01  2.402E-01  2.385E-01  2.299E-01
  317.5000  3.157E-01  3.324E-01  3.397E-01  3.373E-01  3.252E-01
  318.5000  2.523E-01  2.651E-01  2.706E-01  2.688E-01  2.596E-01
  319.5000  3.089E-01  3.243E-01  3.310E-01  3.288E-01  3.177E-01
  320.5000  3.773E-01  3.959E-01  4.039E-01  4.013E-01  3.879E-01
  321.5000  3.249E-01  3.401E-01  3.467E-01  3.445E-01  3.336E-01
  322.5000  3.238E-01  3.395E-01  3.463E-01  3.440E-01  3.327E-01
  323.5000  3.391E-01  3.545E-01  3.612E-01  3.590E-01  3.479E-01
  324.5000  3.978E-01  4.159E-01  4.238E-01  4.212E-01  4.081E-01
  325.5000  4.450E-01  4.654E-01  4.743E-01  4.713E-01  4.567E-01
  326.5000  5.440E-01  5.680E-01  5.783E-01  5.748E-01  5.576E-01
  327.5000  5.052E-01  5.276E-01  5.374E-01  5.341E-01  5.180E-01
  328.5000  4.665E-01  4.872E-01  4.962E-01  4.932E-01  4.783E-01
  329.5000  6.089E-01  6.350E-01  6.463E-01  6.426E-01  6.238E-01
  330.5000  5.522E-01  5.761E-01  5.865E-01  5.831E-01  5.658E-01
  331.5000  5.454E-01  5.691E-01  5.794E-01  5.760E-01  5.589E-01
  332.5000  5.395E-01  5.624E-01  5.723E-01  5.690E-01  5.526E-01
  333.5000  5.061E-01  5.277E-01  5.371E-01  5.340E-01  5.184E-01
  334.5000  5.660E-01  5.900E-01  6.004E-01  5.970E-01  5.797E-01
  335.5000  5.749E-01  5.990E-01  6.094E-01  6.059E-01  5.886E-01
  336.5000  4.492E-01  4.681E-01  4.762E-01  4.735E-01  4.600E-01
  337.5000  4.925E-01  5.132E-01  5.223E-01  5.193E-01  5.043E-01
  338.5000  5.209E-01  5.425E-01  5.519E-01  5.488E-01  5.332E-01
  339.5000  5.664E-01  5.899E-01  6.001E-01  5.967E-01  5.798E-01
  340.5000  6.051E-01  6.303E-01  6.412E-01  6.376E-01  6.195E-01
  341.5000  5.380E-01  5.602E-01  5.698E-01  5.666E-01  5.506E-01
  342.5000  5.961E-01  6.206E-01  6.312E-01  6.277E-01  6.101E-01
  343.5000  6.189E-01  6.444E-01  6.555E-01  6.518E-01  6.335E-01
  344.5000  4.337E-01  4.515E-01  4.593E-01  4.567E-01  4.439E-01
  345.5000  5.947E-01  6.190E-01  6.295E-01  6.260E-01  6.085E-01
  346.5000  5.560E-01  5.788E-01  5.886E-01  5.853E-01  5.690E-01
  347.5000  5.433E-01  5.655E-01  5.751E-01  5.719E-01  5.559E-01
  348.5000  5.971E-01  6.215E-01  6.320E-01  6.285E-01  6.110E-01
  349.5000  5.004E-01  5.208E-01  5.296E-01  5.266E-01  5.120E-01
  350.5000  7.006E-01  7.291E-01  7.414E-01  7.373E-01  7.168E-01
  351.5000  6.038E-01  6.283E-01  6.389E-01  6.353E-01  6.177E-01
  352.5000  5.445E-01  5.666E-01  5.761E-01  5.729E-01  5.571E-01
  353.5000  6.555E-01  6.820E-01  6.934E-01  6.896E-01  6.706E-01
  354.5000  7.094E-01  7.380E-01  7.504E-01  7.463E-01  7.257E-01
  355.5000  6.629E-01  6.896E-01  7.012E-01  6.973E-01  6.781E-01
  356.5000  6.152E-01  6.399E-01  6.506E-01  6.470E-01  6.293E-01
  357.5000  5.231E-01  5.440E-01  5.531E-01  5.501E-01  5.350E-01
  358.5000  4.036E-01  4.198E-01  4.268E-01  4.244E-01  4.128E-01
  359.5000  6.792E-01  7.064E-01  7.181E-01  7.142E-01  6.947E-01
  360.5000  6.295E-01  6.546E-01  6.655E-01  6.619E-01  6.438E-01
  361.5000  5.675E-01  5.901E-01  5.999E-01  5.966E-01  5.804E-01
  362.5000  6.664E-01  6.929E-01  7.044E-01  7.005E-01  6.815E-01
  363.5000  5.927E-01  6.163E-01  6.265E-01  6.231E-01  6.062E-01
  364.5000  6.465E-01  6.722E-01  6.833E-01  6.796E-01  6.612E-01
  365.5000  7.878E-01  8.190E-01  8.325E-01  8.280E-01  8.056E-01
  366.5000  8.336E-01  8.666E-01  8.809E-01  8.761E-01  8.524E-01
  367.5000  7.915E-01  8.227E-01  8.362E-01  8.317E-01  8.093E-01
  368.5000  6.952E-01  7.226E-01  7.345E-01  7.305E-01  7.109E-01
  369.5000  8.338E-01  8.667E-01  8.809E-01  8.761E-01  8.526E-01
  370.5000  7.565E-01  7.862E-01  7.991E-01  7.948E-01  7.734E-01
  371.5000  8.655E-01  8.995E-01  9.142E-01  9.092E-01  8.849E-01
  372.5000  6.392E-01  6.643E-01  6.751E-01  6.715E-01  6.535E-01
  373.5000  5.778E-01  6.004E-01  6.102E-01  6.069E-01  5.907E-01
  374.5000  6.341E-01  6.589E-01  6.696E-01  6.660E-01  6.482E-01
  375.5000  7.153E-01  7.433E-01  7.553E-01  7.513E-01  7.313E-01
  376.5000  7.143E-01  7.421E-01  7.542E-01  7.501E-01  7.302E-01
  377.5000  8.505E-01  8.836E-01  8.979E-01  8.931E-01  8.694E-01
  378.5000  9.269E-01  9.629E-01  9.785E-01  9.733E-01  9.474E-01
  379.5000  6.857E-01  7.123E-01  7.238E-01  7.200E-01  7.009E-01
  380.5000  8.246E-01  8.566E-01  8.704E-01  8.658E-01  8.428E-01
  381.5000  7.748E-01  8.048E-01  8.178E-01  8.134E-01  7.919E-01
  382.5000  5.162E-01  5.362E-01  5.448E-01  5.420E-01  5.276E-01
  383.5000  4.533E-01  4.708E-01  4.784E-01  4.758E-01  4.633E-01
  384.5000  6.802E-01  7.064E-01  7.178E-01  7.140E-01  6.952E-01
  385.5000  6.729E-01  6.989E-01  7.101E-01  7.063E-01  6.877E-01
  386.5000  6.859E-01  7.123E-01  7.237E-01  7.199E-01  7.010E-01
  387.5000  6.374E-01  6.619E-01  6.725E-01  6.690E-01  6.514E-01
  388.5000  6.389E-01  6.634E-01  6.740E-01  6.705E-01  6.529E-01
  389.5000  8.057E-01  8.365E-01  8.499E-01  8.454E-01  8.233E-01
  390.5000  7.913E-01  8.216E-01  8.347E-01  8.303E-01  8.086E-01
  391.5000  9.387E-01  9.746E-01  9.901E-01  9.849E-01  9.592E-01
  392.5000  7.039E-01  7.308E-01  7.424E-01  7.385E-01  7.192E-01
  393.5000  3.060E-01  3.177E-01  3.227E-01  3.210E-01  3.127E-01
  394.5000  7.201E-01  7.475E-01  7.593E-01  7.554E-01  7.357E-01
  395.5000  9.264E-01  9.617E-01  9.769E-01  9.718E-01  9.465E-01
  396.5000  5.440E-01  5.646E-01  5.736E-01  5.706E-01  5.558E-01
  397.5000  6.277E-01  6.515E-01  6.618E-01  6.584E-01  6.413E-01
  398.5000  1.079E+00  1.119E+00  1.137E+00  1.131E+00  1.102E+00
  399.5000  1.122E+00  1.164E+00  1.183E+00  1.177E+00  1.146E+00
  400.5000  1.179E+00  1.224E+00  1.243E+00  1.237E+00  1.205E+00
  401.5000  1.213E+00  1.259E+00  1.279E+00  1.272E+00  1.240E+00
  402.5000  1.260E+00  1.307E+00  1.328E+00  1.321E+00  1.287E+00
  403.5000  1.153E+00  1.196E+00  1.215E+00  1.209E+00  1.178E+00
  404.5000  1.131E+00  1.173E+00  1.192E+00  1.186E+00  1.155E+00
  405.5000  1.175E+00  1.219E+00  1.238E+00  1.232E+00  1.200E+00
  406.5000  1.106E+00  1.148E+00  1.166E+00  1.160E+00  1.130E+00
  407.5000  1.116E+00  1.157E+00  1.175E+00  1.169E+00  1.139E+00
  408.5000  1.242E+00  1.289E+00  1.309E+00  1.302E+00  1.269E+00
  409.5000  1.218E+00  1.263E+00  1.283E+00  1.277E+00  1.244E+00
  410.5000  1.056E+00  1.096E+00  1.113E+00  1.107E+00  1.079E+00
  411.5000  1.269E+00  1.317E+00  1.337E+00  1.330E+00  1.297E+00
  412.5000  1.258E+00  1.305E+00  1.325E+00  1.319E+00  1.285E+00
  413.5000  1.220E+00  1.266E+00  1.285E+00  1.279E+00  1.246E+00
  414.5000  1.254E+00  1.301E+00  1.321E+00  1.314E+00  1.281E+00
  415.5000  1.200E+00  1.244E+00  1.263E+00  1.257E+00  1.225E+00
  416.5000  1.306E+00  1.354E+00  1.375E+00  1.368E+00  1.333E+00
  417.5000  1.194E+00  1.238E+00  1.257E+00  1.251E+00  1.219E+00
  418.5000  1.203E+00  1.248E+00  1.267E+00  1.260E+00  1.228E+00
  419.5000  1.243E+00  1.289E+00  1.309E+00  1.302E+00  1.269E+00
------------------------------------------------------------
Dose rates, W m-2
   1 = UV-B, 280-315 nm                                  
   2 = UV-A, 315-400 nm                                  
   3 = Gaussian, 320 nm, 10 nm FWHM                      
   4 = RB Meter, model 501                               
   5 = DNA damage, in vitro (Setlow, 1974)               
   6 = UV index (WMO, 1994; Webb et al., 2011)           
   7 = Previtamin-D3 (CIE 2006)                          
values at z =      0.000 km
Columns: time, sza, weighting spectra
time, hrs.  sza, deg.          1          2          3          4          5          6          7
   11.0000     35.008  1.478E+00  5.151E+01  3.181E-01  4.262E-01  4.322E-03  8.006E+00  3.913E-01
   11.5000     32.382  1.586E+00  5.359E+01  3.338E-01  4.597E-01  4.809E-03  8.662E+00  4.259E-01
   12.0000     31.188  1.634E+00  5.449E+01  3.406E-01  4.746E-01  5.031E-03  8.955E+00  4.413E-01
   12.5000     31.590  1.618E+00  5.419E+01  3.384E-01  4.696E-01  4.956E-03  8.856E+00  4.361E-01
   13.0000     33.528  1.539E+00  5.269E+01  3.271E-01  4.451E-01  4.596E-03  8.377E+00  4.109E-01
------------------------------------------------------------
