Spectral Irradiance, W m-2 nm-1
values at z =      0.000 km
Columns: wavelength (nm), times (hrs.) or sza (deg.)
    wc, nm     11.000     11.500     12.000     12.500     13.000
    sza =      33.234     30.837     30.077     31.074     33.673
  280.5000  9.235E-15  2.006E-14  2.519E-14  1.865E-14  7.933E-15
  281.5000  3.143E-13  6.377E-13  7.850E-13  5.967E-13  2.736E-13
  282.5000  4.451E-12  8.514E-12  1.030E-11  8.011E-12  3.919E-12
  283.5000  2.256E-11  4.155E-11  4.971E-11  3.923E-11  1.963E-11
  284.5000  2.619E-10  4.498E-10  5.275E-10  4.277E-10  2.298E-10
  285.5000  1.005E-09  1.641E-09  1.895E-09  1.567E-09  9.134E-10
  286.5000  1.275E-08  2.001E-08  2.284E-08  1.918E-08  1.168E-08
  287.5000  7.911E-08  1.188E-07  1.339E-07  1.143E-07  7.306E-08
  288.5000  4.319E-07  6.185E-07  6.873E-07  5.980E-07  4.026E-07
  289.5000  2.521E-06  3.489E-06  3.839E-06  3.384E-06  2.365E-06
  290.5000  1.062E-05  1.429E-05  1.559E-05  1.390E-05  1.002E-05
  291.5000  3.542E-05  4.612E-05  4.984E-05  4.499E-05  3.364E-05
  292.5000  8.871E-05  1.125E-04  1.206E-04  1.100E-04  8.469E-05
  293.5000  2.655E-04  3.284E-04  3.495E-04  3.219E-04  2.547E-04
  294.5000  5.188E-04  6.291E-04  6.659E-04  6.178E-04  4.996E-04
  295.5000  1.342E-03  1.594E-03  1.676E-03  1.568E-03  1.297E-03
  296.5000  2.398E-03  2.800E-03  2.930E-03  2.759E-03  2.327E-03
  297.5000  4.693E-03  5.397E-03  5.624E-03  5.327E-03  4.567E-03
  298.5000  5.695E-03  6.467E-03  6.679E-03  6.390E-03  5.556E-03
  299.5000  1.292E-02  1.449E-02  1.499E-02  1.434E-02  1.263E-02
  300.5000  1.227E-02  1.364E-02  1.407E-02  1.350E-02  1.202E-02
  301.5000  2.470E-02  2.719E-02  2.797E-02  2.695E-02  2.425E-02
  302.5000  3.109E-02  3.400E-02  3.491E-02  3.371E-02  3.055E-02
  303.5000  5.367E-02  5.824E-02  5.967E-02  5.779E-02  5.282E-02
  304.5000  5.915E-02  6.390E-02  6.538E-02  6.344E-02  5.827E-02
  305.5000  7.902E-02  8.481E-02  8.660E-02  8.424E-02  7.794E-02
  306.5000  8.297E-02  8.879E-02  9.059E-02  8.822E-02  8.188E-02
  307.5000  1.209E-01  1.286E-01  1.308E-01  1.279E-01  1.194E-01
  308.5000  1.359E-01  1.443E-01  1.469E-01  1.435E-01  1.343E-01
  309.5000  1.205E-01  1.276E-01  1.297E-01  1.269E-01  1.192E-01
  310.5000  1.650E-01  1.741E-01  1.769E-01  1.732E-01  1.632E-01
  311.5000  2.130E-01  2.244E-01  2.279E-01  2.233E-01  2.108E-01
  312.5000  2.089E-01  2.195E-01  2.227E-01  2.184E-01  2.069E-01
  313.5000  2.373E-01  2.491E-01  2.527E-01  2.480E-01  2.351E-01
  314.5000  2.382E-01  2.494E-01  2.528E-01  2.483E-01  2.361E-01
  315.5000  2.462E-01  2.577E-01  2.612E-01  2.566E-01  2.441E-01
  316.5000  2.460E-01  2.569E-01  2.602E-01  2.558E-01  2.439E-01
  317.5000  3.479E-01  3.633E-01  3.680E-01  3.618E-01  3.450E-01
  318.5000  2.743E-01  2.859E-01  2.895E-01  2.848E-01  2.721E-01
  319.5000  3.349E-01  3.489E-01  3.532E-01  3.476E-01  3.322E-01
  320.5000  4.077E-01  4.246E-01  4.298E-01  4.230E-01  4.045E-01
  321.5000  3.463E-01  3.605E-01  3.647E-01  3.592E-01  3.442E-01
  322.5000  3.488E-01  3.631E-01  3.674E-01  3.617E-01  3.461E-01
  323.5000  3.598E-01  3.738E-01  3.780E-01  3.724E-01  3.571E-01
  324.5000  4.223E-01  4.387E-01  4.437E-01  4.371E-01  4.192E-01
  325.5000  4.733E-01  4.918E-01  4.974E-01  4.900E-01  4.698E-01
  326.5000  5.728E-01  5.943E-01  6.009E-01  5.923E-01  5.687E-01
  327.5000  5.336E-01  5.538E-01  5.596E-01  5.518E-01  5.297E-01
  328.5000  4.926E-01  5.114E-01  5.171E-01  5.096E-01  4.892E-01
  329.5000  6.382E-01  6.617E-01  6.688E-01  6.594E-01  6.337E-01
  330.5000  5.805E-01  6.021E-01  6.087E-01  6.000E-01  5.764E-01
  331.5000  5.737E-01  5.951E-01  6.016E-01  5.930E-01  5.697E-01
  332.5000  5.645E-01  5.850E-01  5.913E-01  5.831E-01  5.606E-01
  333.5000  5.307E-01  5.501E-01  5.561E-01  5.483E-01  5.270E-01
  334.5000  5.928E-01  6.144E-01  6.210E-01  6.123E-01  5.887E-01
  335.5000  6.005E-01  6.221E-01  6.287E-01  6.201E-01  5.964E-01
  336.5000  4.695E-01  4.865E-01  4.917E-01  4.849E-01  4.663E-01
  337.5000  5.157E-01  5.344E-01  5.401E-01  5.326E-01  5.121E-01
  338.5000  5.439E-01  5.634E-01  5.693E-01  5.615E-01  5.402E-01
  339.5000  5.912E-01  6.123E-01  6.188E-01  6.103E-01  5.872E-01
  340.5000  6.322E-01  6.549E-01  6.618E-01  6.527E-01  6.279E-01
  341.5000  5.613E-01  5.813E-01  5.873E-01  5.793E-01  5.575E-01
  342.5000  6.217E-01  6.438E-01  6.505E-01  6.417E-01  6.175E-01
  343.5000  6.459E-01  6.688E-01  6.758E-01  6.666E-01  6.415E-01
  344.5000  4.527E-01  4.688E-01  4.737E-01  4.673E-01  4.497E-01
  345.5000  6.200E-01  6.419E-01  6.485E-01  6.398E-01  6.158E-01
  346.5000  5.801E-01  6.006E-01  6.068E-01  5.986E-01  5.762E-01
  347.5000  5.667E-01  5.867E-01  5.928E-01  5.848E-01  5.630E-01
  348.5000  6.228E-01  6.447E-01  6.513E-01  6.426E-01  6.186E-01
  349.5000  5.219E-01  5.402E-01  5.458E-01  5.384E-01  5.184E-01
  350.5000  7.306E-01  7.562E-01  7.640E-01  7.538E-01  7.258E-01
  351.5000  6.297E-01  6.517E-01  6.584E-01  6.496E-01  6.255E-01
  352.5000  5.678E-01  5.876E-01  5.937E-01  5.857E-01  5.640E-01
  353.5000  6.834E-01  7.072E-01  7.145E-01  7.049E-01  6.789E-01
  354.5000  7.395E-01  7.652E-01  7.731E-01  7.628E-01  7.346E-01
  355.5000  6.910E-01  7.150E-01  7.223E-01  7.127E-01  6.865E-01
  356.5000  6.412E-01  6.635E-01  6.702E-01  6.613E-01  6.370E-01
  357.5000  5.452E-01  5.641E-01  5.699E-01  5.623E-01  5.416E-01
  358.5000  4.207E-01  4.352E-01  4.396E-01  4.338E-01  4.179E-01
  359.5000  7.079E-01  7.324E-01  7.398E-01  7.300E-01  7.033E-01
  360.5000  6.561E-01  6.787E-01  6.856E-01  6.765E-01  6.518E-01
  361.5000  5.914E-01  6.118E-01  6.180E-01  6.098E-01  5.876E-01
  362.5000  6.944E-01  7.183E-01  7.256E-01  7.160E-01  6.899E-01
  363.5000  6.177E-01  6.389E-01  6.453E-01  6.368E-01  6.137E-01
  364.5000  6.737E-01  6.968E-01  7.039E-01  6.946E-01  6.694E-01
  365.5000  8.209E-01  8.490E-01  8.575E-01  8.463E-01  8.156E-01
  366.5000  8.687E-01  8.983E-01  9.074E-01  8.955E-01  8.630E-01
  367.5000  8.247E-01  8.528E-01  8.614E-01  8.501E-01  8.193E-01
  368.5000  7.244E-01  7.491E-01  7.566E-01  7.467E-01  7.197E-01
  369.5000  8.688E-01  8.984E-01  9.074E-01  8.955E-01  8.632E-01
  370.5000  7.882E-01  8.149E-01  8.231E-01  8.124E-01  7.831E-01
  371.5000  9.017E-01  9.323E-01  9.416E-01  9.294E-01  8.959E-01
  372.5000  6.660E-01  6.886E-01  6.954E-01  6.864E-01  6.617E-01
  373.5000  6.019E-01  6.223E-01  6.285E-01  6.203E-01  5.981E-01
  374.5000  6.606E-01  6.829E-01  6.897E-01  6.808E-01  6.564E-01
  375.5000  7.452E-01  7.704E-01  7.780E-01  7.680E-01  7.405E-01
  376.5000  7.441E-01  7.692E-01  7.768E-01  7.668E-01  7.394E-01
  377.5000  8.860E-01  9.158E-01  9.249E-01  9.130E-01  8.804E-01
  378.5000  9.656E-01  9.980E-01  1.008E+00  9.949E-01  9.594E-01
  379.5000  7.143E-01  7.383E-01  7.456E-01  7.360E-01  7.098E-01
  380.5000  8.590E-01  8.878E-01  8.965E-01  8.850E-01  8.535E-01
  381.5000  8.071E-01  8.341E-01  8.423E-01  8.315E-01  8.020E-01
  382.5000  5.378E-01  5.557E-01  5.612E-01  5.540E-01  5.343E-01
  383.5000  4.722E-01  4.879E-01  4.927E-01  4.864E-01  4.692E-01
  384.5000  7.085E-01  7.322E-01  7.393E-01  7.299E-01  7.041E-01
  385.5000  7.010E-01  7.243E-01  7.314E-01  7.221E-01  6.965E-01
  386.5000  7.145E-01  7.382E-01  7.454E-01  7.359E-01  7.100E-01
  387.5000  6.639E-01  6.860E-01  6.927E-01  6.839E-01  6.598E-01
  388.5000  6.655E-01  6.875E-01  6.942E-01  6.854E-01  6.613E-01
  389.5000  8.391E-01  8.670E-01  8.754E-01  8.643E-01  8.339E-01
  390.5000  8.242E-01  8.515E-01  8.597E-01  8.488E-01  8.190E-01
  391.5000  9.777E-01  1.010E+00  1.020E+00  1.007E+00  9.716E-01
  392.5000  7.331E-01  7.573E-01  7.647E-01  7.550E-01  7.285E-01
  393.5000  3.187E-01  3.292E-01  3.324E-01  3.282E-01  3.167E-01
  394.5000  7.499E-01  7.746E-01  7.821E-01  7.723E-01  7.453E-01
  395.5000  9.649E-01  9.966E-01  1.006E+00  9.936E-01  9.588E-01
  396.5000  5.665E-01  5.852E-01  5.908E-01  5.834E-01  5.630E-01
  397.5000  6.537E-01  6.752E-01  6.817E-01  6.731E-01  6.497E-01
  398.5000  1.123E+00  1.160E+00  1.171E+00  1.157E+00  1.116E+00
  399.5000  1.168E+00  1.207E+00  1.218E+00  1.203E+00  1.161E+00
  400.5000  1.228E+00  1.268E+00  1.281E+00  1.265E+00  1.221E+00
  401.5000  1.264E+00  1.305E+00  1.317E+00  1.301E+00  1.256E+00
  402.5000  1.312E+00  1.355E+00  1.368E+00  1.351E+00  1.304E+00
  403.5000  1.201E+00  1.240E+00  1.252E+00  1.236E+00  1.193E+00
  404.5000  1.178E+00  1.216E+00  1.228E+00  1.212E+00  1.170E+00
  405.5000  1.223E+00  1.263E+00  1.275E+00  1.259E+00  1.216E+00
  406.5000  1.152E+00  1.190E+00  1.201E+00  1.186E+00  1.145E+00
  407.5000  1.162E+00  1.199E+00  1.211E+00  1.196E+00  1.155E+00
  408.5000  1.294E+00  1.336E+00  1.348E+00  1.332E+00  1.286E+00
  409.5000  1.268E+00  1.309E+00  1.322E+00  1.305E+00  1.260E+00
  410.5000  1.100E+00  1.135E+00  1.146E+00  1.132E+00  1.093E+00
  411.5000  1.322E+00  1.365E+00  1.378E+00  1.361E+00  1.314E+00
  412.5000  1.310E+00  1.352E+00  1.365E+00  1.348E+00  1.302E+00
  413.5000  1.271E+00  1.312E+00  1.324E+00  1.308E+00  1.263E+00
  414.5000  1.306E+00  1.348E+00  1.361E+00  1.344E+00  1.298E+00
  415.5000  1.249E+00  1.289E+00  1.302E+00  1.286E+00  1.242E+00
  416.5000  1.360E+00  1.403E+00  1.417E+00  1.399E+00  1.351E+00
  417.5000  1.243E+00  1.283E+00  1.295E+00  1.279E+00  1.235E+00
  418.5000  1.253E+00  1.293E+00  1.305E+00  1.289E+00  1.245E+00
  419.5000  1.294E+00  1.335E+00  1.348E+00  1.331E+00  1.286E+00
------------------------------------------------------------
Dose rates, W m-2
   1 = UV-B, 280-315 nm                                  
   2 = UV-A, 315-400 nm                                  
   3 = Gaussian, 320 nm, 10 nm FWHM                      
   4 = RB Meter, model 501                               
   5 = DNA damage, in vitro (Setlow, 1974)               
   6 = UV index (WMO, 1994; Webb et al., 2011)           
   7 = Previtamin-D3 (CIE 2006)                          
values at z =      0.000 km
Columns: time, sza, weighting spectra
time, hrs.  sza, deg.          1          2          3          4          5          6          7
   11.0000     33.234  1.810E+00  5.385E+01  3.440E-01  5.401E-01  6.590E-03  1.039E+01  5.197E-01
   11.5000     30.837  1.919E+00  5.573E+01  3.584E-01  5.758E-01  7.221E-03  1.112E+01  5.574E-01
   12.0000     30.077  1.953E+00  5.630E+01  3.627E-01  5.868E-01  7.418E-03  1.135E+01  5.690E-01
   12.5000     31.074  1.909E+00  5.555E+01  3.570E-01  5.723E-01  7.159E-03  1.105E+01  5.537E-01
   13.0000     33.673  1.790E+00  5.350E+01  3.414E-01  5.335E-01  6.475E-03  1.025E+01  5.127E-01
------------------------------------------------------------
