Spectral Irradiance, W m-2 nm-1
values at z =      0.000 km
Columns: wavelength (nm), times (hrs.) or sza (deg.)
    wc, nm     11.000     11.500     12.000     12.500     13.000
    sza =      52.022     51.560     51.395     51.530     51.962
  280.5000  2.269E-26  3.920E-26  4.755E-26  4.061E-26  2.437E-26
  281.5000  8.834E-24  1.452E-23  1.680E-23  1.500E-23  9.428E-24
  282.5000  1.014E-21  1.596E-21  1.874E-21  1.644E-21  1.076E-21
  283.5000  1.998E-20  3.060E-20  3.558E-20  3.146E-20  2.113E-20
  284.5000  2.760E-18  4.018E-18  4.588E-18  4.117E-18  2.899E-18
  285.5000  6.604E-17  9.261E-17  1.044E-16  9.467E-17  6.902E-17
  286.5000  3.416E-15  4.655E-15  5.194E-15  4.750E-15  3.557E-15
  287.5000  1.008E-13  1.331E-13  1.468E-13  1.355E-13  1.045E-13
  288.5000  2.992E-12  3.816E-12  4.159E-12  3.877E-12  3.088E-12
  289.5000  5.857E-11  7.291E-11  7.877E-11  7.395E-11  6.027E-11
  290.5000  6.826E-10  8.324E-10  8.928E-10  8.432E-10  7.006E-10
  291.5000  7.202E-09  8.580E-09  9.128E-09  8.678E-09  7.369E-09
  292.5000  4.628E-08  5.410E-08  5.717E-08  5.465E-08  4.724E-08
  293.5000  3.361E-07  3.859E-07  4.052E-07  3.893E-07  3.422E-07
  294.5000  1.313E-06  1.486E-06  1.553E-06  1.498E-06  1.334E-06
  295.5000  7.085E-06  7.906E-06  8.218E-06  7.962E-06  7.187E-06
  296.5000  2.331E-05  2.569E-05  2.659E-05  2.585E-05  2.360E-05
  297.5000  7.785E-05  8.490E-05  8.754E-05  8.538E-05  7.873E-05
  298.5000  1.481E-04  1.601E-04  1.646E-04  1.609E-04  1.496E-04
  299.5000  5.135E-04  5.504E-04  5.640E-04  5.529E-04  5.182E-04
  300.5000  6.746E-04  7.183E-04  7.345E-04  7.213E-04  6.801E-04
  301.5000  1.931E-03  2.042E-03  2.082E-03  2.049E-03  1.945E-03
  302.5000  3.059E-03  3.220E-03  3.279E-03  3.231E-03  3.080E-03
  303.5000  6.929E-03  7.254E-03  7.372E-03  7.275E-03  6.970E-03
  304.5000  8.931E-03  9.321E-03  9.463E-03  9.347E-03  8.981E-03
  305.5000  1.506E-02  1.564E-02  1.585E-02  1.568E-02  1.513E-02
  306.5000  1.747E-02  1.811E-02  1.835E-02  1.816E-02  1.755E-02
  307.5000  3.081E-02  3.182E-02  3.219E-02  3.189E-02  3.094E-02
  308.5000  3.729E-02  3.845E-02  3.887E-02  3.853E-02  3.743E-02
  309.5000  3.752E-02  3.860E-02  3.899E-02  3.850E-02  3.766E-02
  310.5000  5.618E-02  5.769E-02  5.824E-02  5.779E-02  5.638E-02
  311.5000  7.698E-02  7.895E-02  7.966E-02  7.908E-02  7.723E-02
  312.5000  8.388E-02  8.585E-02  8.656E-02  8.598E-02  8.396E-02
  313.5000  9.775E-02  9.999E-02  1.008E-01  1.001E-01  9.804E-02
  314.5000  1.073E-01  1.096E-01  1.104E-01  1.097E-01  1.076E-01
  315.5000  1.127E-01  1.150E-01  1.158E-01  1.151E-01  1.130E-01
  316.5000  1.206E-01  1.230E-01  1.238E-01  1.231E-01  1.209E-01
  317.5000  1.709E-01  1.742E-01  1.753E-01  1.744E-01  1.713E-01
  318.5000  1.435E-01  1.461E-01  1.471E-01  1.463E-01  1.439E-01
  319.5000  1.775E-01  1.807E-01  1.818E-01  1.809E-01  1.779E-01
  320.5000  2.194E-01  2.233E-01  2.246E-01  2.235E-01  2.199E-01
  321.5000  1.977E-01  2.009E-01  2.021E-01  2.012E-01  1.981E-01
  322.5000  1.905E-01  1.938E-01  1.950E-01  1.940E-01  1.910E-01
  323.5000  2.107E-01  2.141E-01  2.152E-01  2.143E-01  2.112E-01
  324.5000  2.469E-01  2.508E-01  2.522E-01  2.511E-01  2.474E-01
  325.5000  2.745E-01  2.789E-01  2.805E-01  2.792E-01  2.751E-01
  326.5000  3.483E-01  3.535E-01  3.554E-01  3.538E-01  3.490E-01
  327.5000  3.199E-01  3.247E-01  3.265E-01  3.251E-01  3.205E-01
  328.5000  2.957E-01  3.002E-01  3.018E-01  3.005E-01  2.963E-01
  329.5000  3.967E-01  4.025E-01  4.045E-01  4.029E-01  3.975E-01
  330.5000  3.560E-01  3.613E-01  3.632E-01  3.616E-01  3.567E-01
  331.5000  3.511E-01  3.563E-01  3.582E-01  3.567E-01  3.518E-01
  332.5000  3.544E-01  3.594E-01  3.612E-01  3.598E-01  3.550E-01
  333.5000  3.299E-01  3.346E-01  3.363E-01  3.350E-01  3.305E-01
  334.5000  3.707E-01  3.761E-01  3.780E-01  3.764E-01  3.714E-01
  335.5000  3.803E-01  3.857E-01  3.876E-01  3.860E-01  3.810E-01
  336.5000  2.966E-01  3.007E-01  3.022E-01  3.010E-01  2.971E-01
  337.5000  3.232E-01  3.278E-01  3.295E-01  3.281E-01  3.238E-01
  338.5000  3.454E-01  3.502E-01  3.520E-01  3.505E-01  3.460E-01
  339.5000  3.763E-01  3.815E-01  3.834E-01  3.819E-01  3.770E-01
  340.5000  4.009E-01  4.065E-01  4.085E-01  4.069E-01  4.016E-01
  341.5000  3.584E-01  3.633E-01  3.651E-01  3.637E-01  3.590E-01
  342.5000  3.977E-01  4.032E-01  4.051E-01  4.035E-01  3.984E-01
  343.5000  4.125E-01  4.182E-01  4.203E-01  4.186E-01  4.133E-01
  344.5000  2.887E-01  2.927E-01  2.941E-01  2.929E-01  2.892E-01
  345.5000  3.980E-01  4.034E-01  4.054E-01  4.038E-01  3.987E-01
  346.5000  3.713E-01  3.764E-01  3.782E-01  3.767E-01  3.719E-01
  347.5000  3.631E-01  3.681E-01  3.699E-01  3.684E-01  3.638E-01
  348.5000  3.998E-01  4.052E-01  4.072E-01  4.056E-01  4.005E-01
  349.5000  3.352E-01  3.397E-01  3.414E-01  3.400E-01  3.358E-01
  350.5000  4.697E-01  4.761E-01  4.784E-01  4.765E-01  4.705E-01
  351.5000  4.048E-01  4.103E-01  4.123E-01  4.107E-01  4.055E-01
  352.5000  3.654E-01  3.704E-01  3.722E-01  3.707E-01  3.661E-01
  353.5000  4.404E-01  4.464E-01  4.485E-01  4.467E-01  4.412E-01
  354.5000  4.771E-01  4.836E-01  4.859E-01  4.840E-01  4.779E-01
  355.5000  4.461E-01  4.521E-01  4.543E-01  4.525E-01  4.469E-01
  356.5000  4.142E-01  4.198E-01  4.218E-01  4.201E-01  4.149E-01
  357.5000  3.523E-01  3.571E-01  3.588E-01  3.574E-01  3.530E-01
  358.5000  2.721E-01  2.758E-01  2.771E-01  2.760E-01  2.726E-01
  359.5000  4.581E-01  4.643E-01  4.665E-01  4.647E-01  4.589E-01
  360.5000  4.249E-01  4.306E-01  4.326E-01  4.309E-01  4.256E-01
  361.5000  3.833E-01  3.884E-01  3.903E-01  3.888E-01  3.840E-01
  362.5000  4.504E-01  4.564E-01  4.585E-01  4.568E-01  4.511E-01
  363.5000  4.008E-01  4.062E-01  4.081E-01  4.065E-01  4.015E-01
  364.5000  4.374E-01  4.433E-01  4.454E-01  4.436E-01  4.382E-01
  365.5000  5.332E-01  5.403E-01  5.429E-01  5.408E-01  5.341E-01
  366.5000  5.646E-01  5.721E-01  5.748E-01  5.726E-01  5.656E-01
  367.5000  5.364E-01  5.435E-01  5.460E-01  5.440E-01  5.373E-01
  368.5000  4.714E-01  4.776E-01  4.799E-01  4.781E-01  4.722E-01
  369.5000  5.657E-01  5.732E-01  5.759E-01  5.737E-01  5.667E-01
  370.5000  5.135E-01  5.203E-01  5.227E-01  5.207E-01  5.143E-01
  371.5000  5.878E-01  5.955E-01  5.983E-01  5.960E-01  5.888E-01
  372.5000  4.344E-01  4.401E-01  4.421E-01  4.405E-01  4.351E-01
  373.5000  3.928E-01  3.979E-01  3.998E-01  3.983E-01  3.935E-01
  374.5000  4.313E-01  4.369E-01  4.390E-01  4.373E-01  4.320E-01
  375.5000  4.868E-01  4.932E-01  4.955E-01  4.936E-01  4.876E-01
  376.5000  4.863E-01  4.927E-01  4.950E-01  4.931E-01  4.872E-01
  377.5000  5.794E-01  5.870E-01  5.897E-01  5.874E-01  5.804E-01
  378.5000  6.317E-01  6.400E-01  6.429E-01  6.405E-01  6.328E-01
  379.5000  4.676E-01  4.737E-01  4.758E-01  4.741E-01  4.684E-01
  380.5000  5.626E-01  5.699E-01  5.725E-01  5.704E-01  5.635E-01
  381.5000  5.288E-01  5.357E-01  5.382E-01  5.362E-01  5.297E-01
  382.5000  3.525E-01  3.571E-01  3.587E-01  3.574E-01  3.531E-01
  383.5000  3.097E-01  3.137E-01  3.151E-01  3.140E-01  3.102E-01
  384.5000  4.649E-01  4.710E-01  4.731E-01  4.714E-01  4.657E-01
  385.5000  4.602E-01  4.661E-01  4.683E-01  4.665E-01  4.610E-01
  386.5000  4.693E-01  4.753E-01  4.775E-01  4.757E-01  4.701E-01
  387.5000  4.363E-01  4.419E-01  4.439E-01  4.423E-01  4.370E-01
  388.5000  4.375E-01  4.431E-01  4.452E-01  4.435E-01  4.382E-01
  389.5000  5.520E-01  5.590E-01  5.616E-01  5.595E-01  5.529E-01
  390.5000  5.424E-01  5.493E-01  5.518E-01  5.498E-01  5.433E-01
  391.5000  6.437E-01  6.519E-01  6.549E-01  6.525E-01  6.448E-01
  392.5000  4.829E-01  4.891E-01  4.913E-01  4.895E-01  4.837E-01
  393.5000  2.100E-01  2.127E-01  2.137E-01  2.129E-01  2.104E-01
  394.5000  4.944E-01  5.007E-01  5.030E-01  5.011E-01  4.952E-01
  395.5000  6.364E-01  6.445E-01  6.474E-01  6.450E-01  6.374E-01
  396.5000  3.738E-01  3.786E-01  3.803E-01  3.789E-01  3.744E-01
  397.5000  4.315E-01  4.370E-01  4.390E-01  4.374E-01  4.323E-01
  398.5000  7.418E-01  7.513E-01  7.546E-01  7.519E-01  7.431E-01
  399.5000  7.719E-01  7.817E-01  7.852E-01  7.823E-01  7.732E-01
  400.5000  8.119E-01  8.221E-01  8.258E-01  8.228E-01  8.132E-01
  401.5000  8.356E-01  8.462E-01  8.500E-01  8.469E-01  8.370E-01
  402.5000  8.678E-01  8.788E-01  8.827E-01  8.795E-01  8.692E-01
  403.5000  7.946E-01  8.047E-01  8.083E-01  8.053E-01  7.959E-01
  404.5000  7.797E-01  7.895E-01  7.930E-01  7.902E-01  7.810E-01
  405.5000  8.103E-01  8.205E-01  8.241E-01  8.211E-01  8.116E-01
  406.5000  7.635E-01  7.731E-01  7.765E-01  7.737E-01  7.647E-01
  407.5000  7.700E-01  7.797E-01  7.831E-01  7.803E-01  7.713E-01
  408.5000  8.579E-01  8.686E-01  8.725E-01  8.693E-01  8.593E-01
  409.5000  8.413E-01  8.518E-01  8.556E-01  8.525E-01  8.427E-01
  410.5000  7.299E-01  7.390E-01  7.423E-01  7.396E-01  7.310E-01
  411.5000  8.776E-01  8.886E-01  8.925E-01  8.893E-01  8.790E-01
  412.5000  8.702E-01  8.810E-01  8.849E-01  8.817E-01  8.716E-01
  413.5000  8.443E-01  8.548E-01  8.585E-01  8.555E-01  8.456E-01
  414.5000  8.680E-01  8.788E-01  8.827E-01  8.795E-01  8.694E-01
  415.5000  8.306E-01  8.409E-01  8.446E-01  8.416E-01  8.319E-01
  416.5000  9.042E-01  9.155E-01  9.195E-01  9.162E-01  9.057E-01
  417.5000  8.269E-01  8.372E-01  8.409E-01  8.379E-01  8.283E-01
  418.5000  8.337E-01  8.441E-01  8.477E-01  8.447E-01  8.351E-01
  419.5000  8.615E-01  8.722E-01  8.760E-01  8.729E-01  8.629E-01
------------------------------------------------------------
Dose rates, W m-2
   1 = UV-B, 280-315 nm                                  
   2 = UV-A, 315-400 nm                                  
   3 = Gaussian, 320 nm, 10 nm FWHM                      
   4 = RB Meter, model 501                               
   5 = DNA damage, in vitro (Setlow, 1974)               
   6 = UV index (WMO, 1994; Webb et al., 2011)           
   7 = Previtamin-D3 (CIE 2006)                          
values at z =      0.000 km
Columns: time, sza, weighting spectra
time, hrs.  sza, deg.          1          2          3          4          5          6          7
   11.0000     52.022  5.825E-01  3.442E+01  1.853E-01  1.618E-01  1.043E-03  3.046E+00  1.237E-01
   11.5000     51.560  5.981E-01  3.489E+01  1.886E-01  1.660E-01  1.080E-03  3.123E+00  1.275E-01
   12.0000     51.395  6.037E-01  3.505E+01  1.897E-01  1.676E-01  1.093E-03  3.151E+00  1.290E-01
   12.5000     51.530  5.989E-01  3.492E+01  1.888E-01  1.663E-01  1.082E-03  3.128E+00  1.278E-01
   13.0000     51.962  5.844E-01  3.448E+01  1.858E-01  1.623E-01  1.048E-03  3.056E+00  1.242E-01
------------------------------------------------------------
