Spectral Irradiance, W m-2 nm-1
values at z =      0.000 km
Columns: wavelength (nm), times (hrs.) or sza (deg.)
    wc, nm     11.000     11.500     12.000     12.500     13.000
    sza =      61.916     60.751     60.395     60.863     62.137
  280.5000  1.095E-25  1.391E-25  1.526E-25  1.354E-25  1.054E-25
  281.5000  2.601E-23  3.380E-23  3.750E-23  3.280E-23  2.498E-23
  282.5000  1.979E-21  2.642E-21  2.967E-21  2.555E-21  1.894E-21
  283.5000  3.000E-20  4.096E-20  4.643E-20  3.951E-20  2.863E-20
  284.5000  2.681E-18  3.855E-18  4.449E-18  3.697E-18  2.540E-18
  285.5000  4.804E-17  7.219E-17  8.439E-17  6.894E-17  4.518E-17
  286.5000  2.041E-15  3.176E-15  3.743E-15  3.024E-15  1.907E-15
  287.5000  5.036E-14  8.106E-14  9.603E-14  7.700E-14  4.667E-14
  288.5000  1.302E-12  2.144E-12  2.539E-12  2.035E-12  1.197E-12
  289.5000  2.391E-11  3.954E-11  4.664E-11  3.756E-11  2.192E-11
  290.5000  2.709E-10  4.449E-10  5.215E-10  4.233E-10  2.480E-10
  291.5000  2.852E-09  4.591E-09  5.327E-09  4.381E-09  2.615E-09
  292.5000  1.867E-08  2.927E-08  3.362E-08  2.802E-08  1.717E-08
  293.5000  1.402E-07  2.129E-07  2.416E-07  2.045E-07  1.295E-07
  294.5000  5.671E-07  8.360E-07  9.397E-07  8.055E-07  5.266E-07
  295.5000  3.207E-06  4.564E-06  5.071E-06  4.413E-06  2.997E-06
  296.5000  1.103E-05  1.520E-05  1.672E-05  1.474E-05  1.037E-05
  297.5000  3.845E-05  5.142E-05  5.604E-05  5.003E-05  3.634E-05
  298.5000  7.606E-05  9.905E-05  1.071E-04  9.661E-05  7.224E-05
  299.5000  2.742E-04  3.479E-04  3.733E-04  3.402E-04  2.617E-04
  300.5000  3.714E-04  4.618E-04  4.925E-04  4.525E-04  3.559E-04
  301.5000  1.101E-03  1.339E-03  1.418E-03  1.314E-03  1.060E-03
  302.5000  1.786E-03  2.139E-03  2.255E-03  2.103E-03  1.724E-03
  303.5000  4.163E-03  4.896E-03  5.136E-03  4.822E-03  4.032E-03
  304.5000  5.455E-03  6.350E-03  6.640E-03  6.260E-03  5.295E-03
  305.5000  9.439E-03  1.081E-02  1.126E-02  1.068E-02  9.191E-03
  306.5000  1.107E-02  1.260E-02  1.309E-02  1.245E-02  1.080E-02
  307.5000  1.998E-02  2.243E-02  2.321E-02  2.219E-02  1.953E-02
  308.5000  2.438E-02  2.724E-02  2.814E-02  2.695E-02  2.385E-02
  309.5000  2.491E-02  2.759E-02  2.843E-02  2.733E-02  2.442E-02
  310.5000  3.771E-02  4.151E-02  4.269E-02  4.113E-02  3.701E-02
  311.5000  5.205E-02  5.705E-02  5.861E-02  5.656E-02  5.113E-02
  312.5000  5.749E-02  6.254E-02  6.411E-02  6.205E-02  5.656E-02
  313.5000  6.721E-02  7.298E-02  7.477E-02  7.241E-02  6.613E-02
  314.5000  7.465E-02  8.054E-02  8.236E-02  7.997E-02  7.355E-02
  315.5000  7.853E-02  8.464E-02  8.653E-02  8.404E-02  7.739E-02
  316.5000  8.486E-02  9.100E-02  9.290E-02  9.040E-02  8.371E-02
  317.5000  1.202E-01  1.289E-01  1.316E-01  1.281E-01  1.186E-01
  318.5000  1.019E-01  1.087E-01  1.108E-01  1.081E-01  1.006E-01
  319.5000  1.262E-01  1.346E-01  1.371E-01  1.337E-01  1.246E-01
  320.5000  1.563E-01  1.665E-01  1.697E-01  1.655E-01  1.544E-01
  321.5000  1.419E-01  1.506E-01  1.532E-01  1.497E-01  1.403E-01
  322.5000  1.360E-01  1.447E-01  1.474E-01  1.439E-01  1.344E-01
  323.5000  1.518E-01  1.608E-01  1.635E-01  1.599E-01  1.501E-01
  324.5000  1.779E-01  1.884E-01  1.916E-01  1.874E-01  1.759E-01
  325.5000  1.976E-01  2.094E-01  2.130E-01  2.082E-01  1.954E-01
  326.5000  2.522E-01  2.664E-01  2.707E-01  2.650E-01  2.496E-01
  327.5000  2.313E-01  2.445E-01  2.486E-01  2.432E-01  2.288E-01
  328.5000  2.139E-01  2.261E-01  2.299E-01  2.250E-01  2.116E-01
  329.5000  2.883E-01  3.040E-01  3.088E-01  3.025E-01  2.854E-01
  330.5000  2.584E-01  2.727E-01  2.771E-01  2.713E-01  2.557E-01
  331.5000  2.548E-01  2.690E-01  2.733E-01  2.676E-01  2.521E-01
  332.5000  2.581E-01  2.719E-01  2.762E-01  2.706E-01  2.554E-01
  333.5000  2.400E-01  2.531E-01  2.571E-01  2.518E-01  2.375E-01
  334.5000  2.700E-01  2.846E-01  2.891E-01  2.832E-01  2.673E-01
  335.5000  2.775E-01  2.922E-01  2.967E-01  2.908E-01  2.747E-01
  336.5000  2.164E-01  2.279E-01  2.314E-01  2.268E-01  2.142E-01
  337.5000  2.357E-01  2.484E-01  2.523E-01  2.471E-01  2.333E-01
  338.5000  2.523E-01  2.657E-01  2.698E-01  2.644E-01  2.498E-01
  339.5000  2.751E-01  2.896E-01  2.940E-01  2.882E-01  2.723E-01
  340.5000  2.930E-01  3.085E-01  3.133E-01  3.070E-01  2.901E-01
  341.5000  2.622E-01  2.760E-01  2.802E-01  2.747E-01  2.596E-01
  342.5000  2.912E-01  3.064E-01  3.111E-01  3.049E-01  2.883E-01
  343.5000  3.021E-01  3.179E-01  3.227E-01  3.164E-01  2.991E-01
  344.5000  2.114E-01  2.225E-01  2.259E-01  2.215E-01  2.093E-01
  345.5000  2.918E-01  3.070E-01  3.116E-01  3.055E-01  2.889E-01
  346.5000  2.722E-01  2.864E-01  2.908E-01  2.851E-01  2.695E-01
  347.5000  2.663E-01  2.802E-01  2.845E-01  2.789E-01  2.637E-01
  348.5000  2.934E-01  3.087E-01  3.133E-01  3.072E-01  2.905E-01
  349.5000  2.461E-01  2.589E-01  2.628E-01  2.577E-01  2.437E-01
  350.5000  3.450E-01  3.629E-01  3.684E-01  3.612E-01  3.416E-01
  351.5000  2.975E-01  3.129E-01  3.176E-01  3.114E-01  2.946E-01
  352.5000  2.687E-01  2.826E-01  2.868E-01  2.812E-01  2.660E-01
  353.5000  3.239E-01  3.407E-01  3.458E-01  3.391E-01  3.208E-01
  354.5000  3.511E-01  3.692E-01  3.748E-01  3.675E-01  3.477E-01
  355.5000  3.285E-01  3.454E-01  3.506E-01  3.438E-01  3.253E-01
  356.5000  3.051E-01  3.208E-01  3.256E-01  3.193E-01  3.021E-01
  357.5000  2.596E-01  2.730E-01  2.771E-01  2.717E-01  2.571E-01
  358.5000  2.006E-01  2.109E-01  2.141E-01  2.099E-01  1.987E-01
  359.5000  3.379E-01  3.553E-01  3.605E-01  3.536E-01  3.346E-01
  360.5000  3.135E-01  3.296E-01  3.345E-01  3.280E-01  3.105E-01
  361.5000  2.830E-01  2.974E-01  3.019E-01  2.960E-01  2.802E-01
  362.5000  3.326E-01  3.496E-01  3.548E-01  3.480E-01  3.294E-01
  363.5000  2.962E-01  3.113E-01  3.159E-01  3.098E-01  2.933E-01
  364.5000  3.234E-01  3.398E-01  3.449E-01  3.383E-01  3.202E-01
  365.5000  3.943E-01  4.144E-01  4.206E-01  4.125E-01  3.905E-01
  366.5000  4.177E-01  4.390E-01  4.455E-01  4.369E-01  4.137E-01
  367.5000  3.970E-01  4.172E-01  4.234E-01  4.153E-01  3.932E-01
  368.5000  3.491E-01  3.668E-01  3.722E-01  3.651E-01  3.457E-01
  369.5000  4.191E-01  4.403E-01  4.468E-01  4.383E-01  4.151E-01
  370.5000  3.806E-01  3.998E-01  4.057E-01  3.980E-01  3.769E-01
  371.5000  4.358E-01  4.579E-01  4.646E-01  4.558E-01  4.317E-01
  372.5000  3.222E-01  3.385E-01  3.435E-01  3.369E-01  3.191E-01
  373.5000  2.915E-01  3.062E-01  3.107E-01  3.048E-01  2.887E-01
  374.5000  3.202E-01  3.363E-01  3.413E-01  3.348E-01  3.171E-01
  375.5000  3.616E-01  3.798E-01  3.853E-01  3.780E-01  3.581E-01
  376.5000  3.614E-01  3.796E-01  3.851E-01  3.778E-01  3.579E-01
  377.5000  4.307E-01  4.524E-01  4.589E-01  4.503E-01  4.266E-01
  378.5000  4.698E-01  4.934E-01  5.006E-01  4.911E-01  4.654E-01
  379.5000  3.479E-01  3.653E-01  3.706E-01  3.637E-01  3.446E-01
  380.5000  4.187E-01  4.397E-01  4.461E-01  4.377E-01  4.148E-01
  381.5000  3.938E-01  4.135E-01  4.195E-01  4.116E-01  3.901E-01
  382.5000  2.626E-01  2.758E-01  2.798E-01  2.745E-01  2.602E-01
  383.5000  2.308E-01  2.423E-01  2.458E-01  2.412E-01  2.286E-01
  384.5000  3.467E-01  3.640E-01  3.692E-01  3.623E-01  3.434E-01
  385.5000  3.433E-01  3.604E-01  3.656E-01  3.587E-01  3.400E-01
  386.5000  3.502E-01  3.676E-01  3.729E-01  3.659E-01  3.469E-01
  387.5000  3.257E-01  3.419E-01  3.469E-01  3.404E-01  3.227E-01
  388.5000  3.268E-01  3.430E-01  3.479E-01  3.414E-01  3.237E-01
  389.5000  4.124E-01  4.329E-01  4.391E-01  4.309E-01  4.086E-01
  390.5000  4.054E-01  4.255E-01  4.316E-01  4.236E-01  4.016E-01
  391.5000  4.814E-01  5.052E-01  5.124E-01  5.029E-01  4.769E-01
  392.5000  3.613E-01  3.791E-01  3.846E-01  3.774E-01  3.579E-01
  393.5000  1.572E-01  1.649E-01  1.673E-01  1.642E-01  1.557E-01
  394.5000  3.702E-01  3.884E-01  3.940E-01  3.867E-01  3.667E-01
  395.5000  4.767E-01  5.001E-01  5.073E-01  4.979E-01  4.722E-01
  396.5000  2.801E-01  2.939E-01  2.981E-01  2.926E-01  2.775E-01
  397.5000  3.235E-01  3.394E-01  3.443E-01  3.379E-01  3.205E-01
  398.5000  5.564E-01  5.837E-01  5.920E-01  5.810E-01  5.512E-01
  399.5000  5.792E-01  6.076E-01  6.162E-01  6.048E-01  5.738E-01
  400.5000  6.094E-01  6.392E-01  6.483E-01  6.363E-01  6.037E-01
  401.5000  6.275E-01  6.581E-01  6.675E-01  6.552E-01  6.217E-01
  402.5000  6.519E-01  6.838E-01  6.934E-01  6.807E-01  6.459E-01
  403.5000  5.972E-01  6.263E-01  6.352E-01  6.235E-01  5.917E-01
  404.5000  5.862E-01  6.147E-01  6.234E-01  6.120E-01  5.808E-01
  405.5000  6.094E-01  6.391E-01  6.481E-01  6.362E-01  6.038E-01
  406.5000  5.745E-01  6.024E-01  6.109E-01  5.997E-01  5.692E-01
  407.5000  5.796E-01  6.077E-01  6.163E-01  6.050E-01  5.743E-01
  408.5000  6.460E-01  6.773E-01  6.868E-01  6.743E-01  6.401E-01
  409.5000  6.338E-01  6.645E-01  6.738E-01  6.615E-01  6.279E-01
  410.5000  5.500E-01  5.766E-01  5.847E-01  5.741E-01  5.450E-01
  411.5000  6.616E-01  6.936E-01  7.033E-01  6.905E-01  6.556E-01
  412.5000  6.563E-01  6.879E-01  6.976E-01  6.849E-01  6.503E-01
  413.5000  6.370E-01  6.677E-01  6.770E-01  6.647E-01  6.312E-01
  414.5000  6.552E-01  6.867E-01  6.963E-01  6.837E-01  6.492E-01
  415.5000  6.271E-01  6.573E-01  6.665E-01  6.544E-01  6.214E-01
  416.5000  6.830E-01  7.158E-01  7.258E-01  7.127E-01  6.768E-01
  417.5000  6.248E-01  6.548E-01  6.640E-01  6.519E-01  6.191E-01
  418.5000  6.302E-01  6.604E-01  6.696E-01  6.575E-01  6.245E-01
  419.5000  6.515E-01  6.827E-01  6.922E-01  6.797E-01  6.456E-01
------------------------------------------------------------
Dose rates, W m-2
   1 = UV-B, 280-315 nm                                  
   2 = UV-A, 315-400 nm                                  
   3 = Gaussian, 320 nm, 10 nm FWHM                      
   4 = RB Meter, model 501                               
   5 = DNA damage, in vitro (Setlow, 1974)               
   6 = UV index (WMO, 1994; Webb et al., 2011)           
   7 = Previtamin-D3 (CIE 2006)                          
values at z =      0.000 km
Columns: time, sza, weighting spectra
time, hrs.  sza, deg.          1          2          3          4          5          6          7
   11.0000     61.916  3.922E-01  2.539E+01  1.322E-01  1.094E-01  6.719E-04  2.081E+00  8.114E-02
   11.5000     60.751  4.310E-01  2.671E+01  1.407E-01  1.199E-01  7.581E-04  2.271E+00  9.052E-02
   12.0000     60.395  4.432E-01  2.712E+01  1.434E-01  1.233E-01  7.859E-04  2.331E+00  9.350E-02
   12.5000     60.863  4.272E-01  2.659E+01  1.399E-01  1.189E-01  7.495E-04  2.253E+00  8.959E-02
   13.0000     62.137  3.850E-01  2.515E+01  1.306E-01  1.074E-01  6.564E-04  2.046E+00  7.943E-02
------------------------------------------------------------
