Spectral Irradiance, W m-2 nm-1
values at z =      0.000 km
Columns: wavelength (nm), times (hrs.) or sza (deg.)
    wc, nm     11.000     11.500     12.000     12.500     13.000
    sza =      43.580     41.687     40.855     41.151     42.553
  280.5000  9.934E-19  3.136E-18  5.035E-18  4.264E-18  1.878E-18
  281.5000  7.732E-17  2.202E-16  3.389E-16  2.914E-16  1.381E-16
  282.5000  2.228E-15  5.809E-15  8.620E-15  7.505E-15  3.788E-15
  283.5000  1.791E-14  4.410E-14  6.393E-14  5.612E-14  2.951E-14
  284.5000  4.818E-13  1.069E-12  1.484E-12  1.322E-12  7.491E-13
  285.5000  3.443E-12  7.069E-12  9.507E-12  8.569E-12  5.128E-12
  286.5000  7.040E-11  1.362E-10  1.788E-10  1.625E-10  1.015E-10
  287.5000  7.417E-10  1.344E-09  1.717E-09  1.575E-09  1.031E-09
  288.5000  7.197E-09  1.214E-08  1.506E-08  1.397E-08  9.615E-09
  289.5000  6.338E-08  1.016E-07  1.234E-07  1.153E-07  8.231E-08
  290.5000  3.775E-07  5.797E-07  6.920E-07  6.503E-07  4.787E-07
  291.5000  1.862E-06  2.724E-06  3.187E-06  3.016E-06  2.298E-06
  292.5000  6.426E-06  9.034E-06  1.040E-05  9.897E-06  7.759E-06
  293.5000  2.600E-05  3.521E-05  3.991E-05  3.820E-05  3.075E-05
  294.5000  6.430E-05  8.459E-05  9.474E-05  9.104E-05  7.484E-05
  295.5000  2.136E-04  2.725E-04  3.013E-04  2.908E-04  2.444E-04
  296.5000  4.700E-04  5.842E-04  6.392E-04  6.193E-04  5.301E-04
  297.5000  1.104E-03  1.341E-03  1.454E-03  1.413E-03  1.229E-03
  298.5000  1.561E-03  1.862E-03  2.002E-03  1.952E-03  1.721E-03
  299.5000  4.091E-03  4.793E-03  5.117E-03  5.001E-03  4.465E-03
  300.5000  4.339E-03  5.015E-03  5.325E-03  5.214E-03  4.701E-03
  301.5000  9.850E-03  1.122E-02  1.184E-02  1.162E-02  1.058E-02
  302.5000  1.341E-02  1.512E-02  1.590E-02  1.562E-02  1.433E-02
  303.5000  2.539E-02  2.831E-02  2.962E-02  2.916E-02  2.697E-02
  304.5000  2.952E-02  3.270E-02  3.412E-02  3.361E-02  3.124E-02
  305.5000  4.269E-02  4.683E-02  4.867E-02  4.802E-02  4.493E-02
  306.5000  4.638E-02  5.067E-02  5.256E-02  5.189E-02  4.870E-02
  307.5000  7.211E-02  7.814E-02  8.080E-02  7.985E-02  7.538E-02
  308.5000  8.313E-02  8.981E-02  9.274E-02  9.170E-02  8.675E-02
  309.5000  7.700E-02  8.275E-02  8.526E-02  8.436E-02  8.012E-02
  310.5000  1.087E-01  1.163E-01  1.197E-01  1.185E-01  1.128E-01
  311.5000  1.432E-01  1.529E-01  1.571E-01  1.556E-01  1.485E-01
  312.5000  1.456E-01  1.548E-01  1.588E-01  1.573E-01  1.506E-01
  313.5000  1.668E-01  1.772E-01  1.816E-01  1.801E-01  1.725E-01
  314.5000  1.727E-01  1.826E-01  1.870E-01  1.854E-01  1.781E-01
  315.5000  1.795E-01  1.897E-01  1.942E-01  1.926E-01  1.850E-01
  316.5000  1.836E-01  1.935E-01  1.978E-01  1.963E-01  1.890E-01
  317.5000  2.598E-01  2.738E-01  2.799E-01  2.777E-01  2.674E-01
  318.5000  2.094E-01  2.200E-01  2.247E-01  2.230E-01  2.152E-01
  319.5000  2.567E-01  2.697E-01  2.753E-01  2.733E-01  2.638E-01
  320.5000  3.142E-01  3.299E-01  3.366E-01  3.342E-01  3.228E-01
  321.5000  2.726E-01  2.854E-01  2.910E-01  2.890E-01  2.796E-01
  322.5000  2.702E-01  2.834E-01  2.892E-01  2.872E-01  2.775E-01
  323.5000  2.855E-01  2.986E-01  3.042E-01  3.022E-01  2.926E-01
  324.5000  3.349E-01  3.503E-01  3.569E-01  3.546E-01  3.433E-01
  325.5000  3.744E-01  3.917E-01  3.991E-01  3.965E-01  3.838E-01
  326.5000  4.604E-01  4.807E-01  4.895E-01  4.864E-01  4.715E-01
  327.5000  4.268E-01  4.459E-01  4.542E-01  4.513E-01  4.373E-01
  328.5000  3.943E-01  4.119E-01  4.195E-01  4.168E-01  4.039E-01
  329.5000  5.169E-01  5.392E-01  5.488E-01  5.454E-01  5.291E-01
  330.5000  4.681E-01  4.885E-01  4.973E-01  4.942E-01  4.792E-01
  331.5000  4.624E-01  4.825E-01  4.913E-01  4.882E-01  4.734E-01
  332.5000  4.589E-01  4.784E-01  4.868E-01  4.838E-01  4.695E-01
  333.5000  4.300E-01  4.484E-01  4.564E-01  4.536E-01  4.400E-01
  334.5000  4.813E-01  5.019E-01  5.107E-01  5.076E-01  4.925E-01
  335.5000  4.897E-01  5.103E-01  5.192E-01  5.160E-01  5.010E-01
  336.5000  3.826E-01  3.987E-01  4.057E-01  4.032E-01  3.914E-01
  337.5000  4.191E-01  4.369E-01  4.446E-01  4.419E-01  4.288E-01
  338.5000  4.441E-01  4.626E-01  4.706E-01  4.678E-01  4.542E-01
  339.5000  4.831E-01  5.032E-01  5.119E-01  5.088E-01  4.941E-01
  340.5000  5.160E-01  5.376E-01  5.469E-01  5.436E-01  5.278E-01
  341.5000  4.592E-01  4.783E-01  4.864E-01  4.835E-01  4.696E-01
  342.5000  5.090E-01  5.301E-01  5.391E-01  5.359E-01  5.205E-01
  343.5000  5.286E-01  5.504E-01  5.598E-01  5.565E-01  5.405E-01
  344.5000  3.703E-01  3.857E-01  3.922E-01  3.899E-01  3.787E-01
  345.5000  5.083E-01  5.292E-01  5.382E-01  5.350E-01  5.197E-01
  346.5000  4.752E-01  4.947E-01  5.031E-01  5.001E-01  4.858E-01
  347.5000  4.644E-01  4.835E-01  4.917E-01  4.888E-01  4.748E-01
  348.5000  5.107E-01  5.316E-01  5.406E-01  5.374E-01  5.221E-01
  349.5000  4.281E-01  4.456E-01  4.531E-01  4.504E-01  4.376E-01
  350.5000  5.995E-01  6.240E-01  6.345E-01  6.308E-01  6.129E-01
  351.5000  5.167E-01  5.378E-01  5.469E-01  5.436E-01  5.282E-01
  352.5000  4.662E-01  4.851E-01  4.933E-01  4.904E-01  4.765E-01
  353.5000  5.613E-01  5.841E-01  5.939E-01  5.904E-01  5.738E-01
  354.5000  6.077E-01  6.323E-01  6.429E-01  6.392E-01  6.211E-01
  355.5000  5.681E-01  5.910E-01  6.009E-01  5.974E-01  5.806E-01
  356.5000  5.272E-01  5.485E-01  5.577E-01  5.544E-01  5.388E-01
  357.5000  4.484E-01  4.665E-01  4.742E-01  4.715E-01  4.583E-01
  358.5000  3.461E-01  3.600E-01  3.660E-01  3.639E-01  3.537E-01
  359.5000  5.826E-01  6.060E-01  6.160E-01  6.124E-01  5.953E-01
  360.5000  5.401E-01  5.617E-01  5.710E-01  5.677E-01  5.519E-01
  361.5000  4.870E-01  5.065E-01  5.149E-01  5.119E-01  4.976E-01
  362.5000  5.720E-01  5.948E-01  6.047E-01  6.012E-01  5.844E-01
  363.5000  5.089E-01  5.292E-01  5.379E-01  5.348E-01  5.200E-01
  364.5000  5.552E-01  5.773E-01  5.868E-01  5.835E-01  5.673E-01
  365.5000  6.766E-01  7.035E-01  7.151E-01  7.110E-01  6.913E-01
  366.5000  7.162E-01  7.447E-01  7.569E-01  7.525E-01  7.317E-01
  367.5000  6.801E-01  7.071E-01  7.187E-01  7.146E-01  6.948E-01
  368.5000  5.975E-01  6.212E-01  6.314E-01  6.278E-01  6.105E-01
  369.5000  7.169E-01  7.452E-01  7.574E-01  7.531E-01  7.323E-01
  370.5000  6.505E-01  6.762E-01  6.872E-01  6.833E-01  6.645E-01
  371.5000  7.444E-01  7.737E-01  7.863E-01  7.819E-01  7.604E-01
  372.5000  5.499E-01  5.716E-01  5.809E-01  5.776E-01  5.617E-01
  373.5000  4.971E-01  5.167E-01  5.251E-01  5.221E-01  5.078E-01
  374.5000  5.457E-01  5.671E-01  5.763E-01  5.731E-01  5.574E-01
  375.5000  6.158E-01  6.399E-01  6.503E-01  6.466E-01  6.289E-01
  376.5000  6.150E-01  6.391E-01  6.494E-01  6.457E-01  6.281E-01
  377.5000  7.324E-01  7.611E-01  7.733E-01  7.690E-01  7.480E-01
  378.5000  7.984E-01  8.295E-01  8.429E-01  8.382E-01  8.154E-01
  379.5000  5.908E-01  6.138E-01  6.237E-01  6.202E-01  6.033E-01
  380.5000  7.106E-01  7.382E-01  7.501E-01  7.459E-01  7.256E-01
  381.5000  6.678E-01  6.937E-01  7.049E-01  7.009E-01  6.819E-01
  382.5000  4.450E-01  4.623E-01  4.697E-01  4.671E-01  4.545E-01
  383.5000  3.908E-01  4.060E-01  4.125E-01  4.102E-01  3.991E-01
  384.5000  5.866E-01  6.093E-01  6.191E-01  6.156E-01  5.990E-01
  385.5000  5.805E-01  6.029E-01  6.125E-01  6.091E-01  5.927E-01
  386.5000  5.918E-01  6.146E-01  6.244E-01  6.209E-01  6.042E-01
  387.5000  5.500E-01  5.713E-01  5.804E-01  5.771E-01  5.616E-01
  388.5000  5.514E-01  5.726E-01  5.818E-01  5.785E-01  5.630E-01
  389.5000  6.955E-01  7.222E-01  7.337E-01  7.296E-01  7.101E-01
  390.5000  6.832E-01  7.094E-01  7.207E-01  7.167E-01  6.975E-01
  391.5000  8.106E-01  8.417E-01  8.551E-01  8.503E-01  8.276E-01
  392.5000  6.080E-01  6.313E-01  6.413E-01  6.377E-01  6.207E-01
  393.5000  2.644E-01  2.745E-01  2.788E-01  2.773E-01  2.699E-01
  394.5000  6.221E-01  6.459E-01  6.561E-01  6.525E-01  6.351E-01
  395.5000  8.006E-01  8.311E-01  8.443E-01  8.396E-01  8.173E-01
  396.5000  4.702E-01  4.881E-01  4.958E-01  4.931E-01  4.800E-01
  397.5000  5.426E-01  5.633E-01  5.722E-01  5.690E-01  5.539E-01
  398.5000  9.326E-01  9.680E-01  9.833E-01  9.779E-01  9.519E-01
  399.5000  9.702E-01  1.007E+00  1.023E+00  1.017E+00  9.903E-01
  400.5000  1.020E+00  1.059E+00  1.075E+00  1.070E+00  1.041E+00
  401.5000  1.050E+00  1.089E+00  1.107E+00  1.100E+00  1.071E+00
  402.5000  1.090E+00  1.131E+00  1.149E+00  1.143E+00  1.112E+00
  403.5000  9.978E-01  1.035E+00  1.052E+00  1.046E+00  1.018E+00
  404.5000  9.788E-01  1.016E+00  1.032E+00  1.026E+00  9.989E-01
  405.5000  1.017E+00  1.055E+00  1.072E+00  1.066E+00  1.038E+00
  406.5000  9.580E-01  9.941E-01  1.010E+00  1.004E+00  9.777E-01
  407.5000  9.660E-01  1.002E+00  1.018E+00  1.012E+00  9.858E-01
  408.5000  1.076E+00  1.116E+00  1.134E+00  1.128E+00  1.098E+00
  409.5000  1.055E+00  1.095E+00  1.112E+00  1.106E+00  1.077E+00
  410.5000  9.150E-01  9.493E-01  9.640E-01  9.588E-01  9.337E-01
  411.5000  1.100E+00  1.141E+00  1.159E+00  1.153E+00  1.122E+00
  412.5000  1.090E+00  1.131E+00  1.149E+00  1.142E+00  1.113E+00
  413.5000  1.058E+00  1.097E+00  1.114E+00  1.108E+00  1.079E+00
  414.5000  1.087E+00  1.128E+00  1.145E+00  1.139E+00  1.109E+00
  415.5000  1.040E+00  1.079E+00  1.096E+00  1.090E+00  1.061E+00
  416.5000  1.132E+00  1.174E+00  1.192E+00  1.186E+00  1.155E+00
  417.5000  1.035E+00  1.074E+00  1.090E+00  1.084E+00  1.056E+00
  418.5000  1.043E+00  1.082E+00  1.099E+00  1.093E+00  1.065E+00
  419.5000  1.078E+00  1.118E+00  1.135E+00  1.129E+00  1.100E+00
------------------------------------------------------------
Dose rates, W m-2
   1 = UV-B, 280-315 nm                                  
   2 = UV-A, 315-400 nm                                  
   3 = Gaussian, 320 nm, 10 nm FWHM                      
   4 = RB Meter, model 501                               
   5 = DNA damage, in vitro (Setlow, 1974)               
   6 = UV index (WMO, 1994; Webb et al., 2011)           
   7 = Previtamin-D3 (CIE 2006)                          
values at z =      0.000 km
Columns: time, sza, weighting spectra
time, hrs.  sza, deg.          1          2          3          4          5          6          7
   11.0000     43.580  1.148E+00  4.412E+01  2.649E-01  3.266E-01  3.022E-03  6.095E+00  2.915E-01
   11.5000     41.687  1.233E+00  4.591E+01  2.781E-01  3.523E-01  3.358E-03  6.587E+00  3.174E-01
   12.0000     40.855  1.271E+00  4.668E+01  2.838E-01  3.636E-01  3.510E-03  6.805E+00  3.290E-01
   12.5000     41.151  1.257E+00  4.641E+01  2.818E-01  3.596E-01  3.455E-03  6.727E+00  3.249E-01
   13.0000     42.553  1.194E+00  4.510E+01  2.721E-01  3.405E-01  3.202E-03  6.361E+00  3.055E-01
------------------------------------------------------------
