Spectral Irradiance, W m-2 nm-1
values at z =      0.000 km
Columns: wavelength (nm), times (hrs.) or sza (deg.)
    wc, nm     11.000     11.500     12.000     12.500     13.000
    sza =      79.421     79.412     79.405     79.398     79.390
  280.5000  2.120E-26  2.121E-26  2.122E-26  2.123E-26  2.125E-26
  281.5000  4.848E-24  4.851E-24  4.854E-24  4.856E-24  4.860E-24
  282.5000  3.534E-22  3.537E-22  3.539E-22  3.541E-22  3.543E-22
  283.5000  5.172E-21  5.176E-21  5.179E-21  5.181E-21  5.185E-21
  284.5000  4.230E-19  4.233E-19  4.235E-19  4.237E-19  4.240E-19
  285.5000  6.905E-18  6.909E-18  6.913E-18  6.917E-18  6.922E-18
  286.5000  2.668E-16  2.670E-16  2.671E-16  2.673E-16  2.675E-16
  287.5000  5.739E-15  5.743E-15  5.746E-15  5.750E-15  5.754E-15
  288.5000  1.225E-13  1.226E-13  1.227E-13  1.227E-13  1.228E-13
  289.5000  1.907E-12  1.908E-12  1.910E-12  1.911E-12  1.912E-12
  290.5000  1.842E-11  1.844E-11  1.845E-11  1.846E-11  1.847E-11
  291.5000  1.591E-10  1.592E-10  1.594E-10  1.595E-10  1.596E-10
  292.5000  8.777E-10  8.784E-10  8.790E-10  8.796E-10  8.803E-10
  293.5000  5.587E-09  5.591E-09  5.595E-09  5.599E-09  5.604E-09
  294.5000  1.993E-08  1.995E-08  1.996E-08  1.997E-08  1.999E-08
  295.5000  9.914E-08  9.923E-08  9.930E-08  9.937E-08  9.946E-08
  296.5000  3.103E-07  3.106E-07  3.108E-07  3.110E-07  3.113E-07
  297.5000  1.008E-06  1.009E-06  1.010E-06  1.011E-06  1.012E-06
  298.5000  1.909E-06  1.911E-06  1.913E-06  1.914E-06  1.916E-06
  299.5000  6.721E-06  6.728E-06  6.734E-06  6.740E-06  6.747E-06
  300.5000  9.139E-06  9.150E-06  9.158E-06  9.167E-06  9.178E-06
  301.5000  2.804E-05  2.808E-05  2.811E-05  2.814E-05  2.818E-05
  302.5000  4.768E-05  4.775E-05  4.781E-05  4.786E-05  4.793E-05
  303.5000  1.226E-04  1.228E-04  1.230E-04  1.231E-04  1.233E-04
  304.5000  1.742E-04  1.745E-04  1.748E-04  1.750E-04  1.753E-04
  305.5000  3.580E-04  3.587E-04  3.593E-04  3.598E-04  3.605E-04
  306.5000  4.597E-04  4.606E-04  4.614E-04  4.621E-04  4.630E-04
  307.5000  1.035E-03  1.037E-03  1.039E-03  1.040E-03  1.042E-03
  308.5000  1.389E-03  1.392E-03  1.394E-03  1.397E-03  1.400E-03
  309.5000  1.716E-03  1.720E-03  1.723E-03  1.726E-03  1.729E-03
  310.5000  3.017E-03  3.023E-03  3.028E-03  3.033E-03  3.039E-03
  311.5000  4.617E-03  4.625E-03  4.633E-03  4.640E-03  4.649E-03
  312.5000  6.237E-03  6.248E-03  6.258E-03  6.267E-03  6.278E-03
  313.5000  7.640E-03  7.653E-03  7.665E-03  7.676E-03  7.689E-03
  314.5000  1.022E-02  1.024E-02  1.025E-02  1.027E-02  1.028E-02
  315.5000  1.107E-02  1.109E-02  1.111E-02  1.112E-02  1.114E-02
  316.5000  1.392E-02  1.394E-02  1.396E-02  1.397E-02  1.400E-02
  317.5000  1.969E-02  1.972E-02  1.975E-02  1.977E-02  1.980E-02
  318.5000  1.925E-02  1.928E-02  1.930E-02  1.932E-02  1.935E-02
  319.5000  2.448E-02  2.452E-02  2.454E-02  2.457E-02  2.460E-02
  320.5000  3.133E-02  3.138E-02  3.141E-02  3.144E-02  3.148E-02
  321.5000  3.255E-02  3.259E-02  3.262E-02  3.265E-02  3.269E-02
  322.5000  2.806E-02  2.809E-02  2.812E-02  2.815E-02  2.819E-02
  323.5000  3.696E-02  3.700E-02  3.703E-02  3.707E-02  3.711E-02
  324.5000  4.299E-02  4.304E-02  4.308E-02  4.312E-02  4.316E-02
  325.5000  4.669E-02  4.675E-02  4.679E-02  4.684E-02  4.689E-02
  326.5000  6.675E-02  6.682E-02  6.687E-02  6.693E-02  6.700E-02
  327.5000  5.895E-02  5.901E-02  5.907E-02  5.912E-02  5.918E-02
  328.5000  5.458E-02  5.464E-02  5.468E-02  5.473E-02  5.479E-02
  329.5000  8.004E-02  8.012E-02  8.019E-02  8.025E-02  8.033E-02
  330.5000  6.921E-02  6.928E-02  6.934E-02  6.940E-02  6.947E-02
  331.5000  6.774E-02  6.781E-02  6.787E-02  6.793E-02  6.800E-02
  332.5000  7.295E-02  7.302E-02  7.308E-02  7.314E-02  7.321E-02
  333.5000  6.605E-02  6.612E-02  6.617E-02  6.623E-02  6.630E-02
  334.5000  7.533E-02  7.541E-02  7.547E-02  7.553E-02  7.560E-02
  335.5000  7.972E-02  7.980E-02  7.986E-02  7.993E-02  8.000E-02
  336.5000  6.162E-02  6.168E-02  6.173E-02  6.178E-02  6.184E-02
  337.5000  6.573E-02  6.580E-02  6.585E-02  6.591E-02  6.597E-02
  338.5000  7.260E-02  7.267E-02  7.273E-02  7.278E-02  7.285E-02
  339.5000  7.947E-02  7.955E-02  7.961E-02  7.968E-02  7.975E-02
  340.5000  8.369E-02  8.377E-02  8.384E-02  8.391E-02  8.399E-02
  341.5000  7.611E-02  7.618E-02  7.624E-02  7.630E-02  7.637E-02
  342.5000  8.475E-02  8.483E-02  8.490E-02  8.496E-02  8.504E-02
  343.5000  8.745E-02  8.753E-02  8.760E-02  8.767E-02  8.775E-02
  344.5000  6.083E-02  6.089E-02  6.094E-02  6.099E-02  6.105E-02
  345.5000  8.528E-02  8.536E-02  8.543E-02  8.549E-02  8.558E-02
  346.5000  7.881E-02  7.889E-02  7.895E-02  7.901E-02  7.909E-02
  347.5000  7.721E-02  7.729E-02  7.735E-02  7.741E-02  7.748E-02
  348.5000  8.536E-02  8.544E-02  8.551E-02  8.558E-02  8.566E-02
  349.5000  7.157E-02  7.163E-02  7.169E-02  7.175E-02  7.182E-02
  350.5000  1.004E-01  1.005E-01  1.006E-01  1.007E-01  1.008E-01
  351.5000  8.649E-02  8.657E-02  8.664E-02  8.671E-02  8.679E-02
  352.5000  7.821E-02  7.829E-02  7.835E-02  7.841E-02  7.849E-02
  353.5000  9.448E-02  9.457E-02  9.465E-02  9.472E-02  9.481E-02
  354.5000  1.026E-01  1.027E-01  1.028E-01  1.028E-01  1.029E-01
  355.5000  9.599E-02  9.608E-02  9.616E-02  9.623E-02  9.633E-02
  356.5000  8.917E-02  8.925E-02  8.932E-02  8.939E-02  8.948E-02
  357.5000  7.588E-02  7.595E-02  7.601E-02  7.607E-02  7.615E-02
  358.5000  5.868E-02  5.874E-02  5.878E-02  5.883E-02  5.889E-02
  359.5000  9.887E-02  9.896E-02  9.904E-02  9.912E-02  9.922E-02
  360.5000  9.176E-02  9.185E-02  9.192E-02  9.200E-02  9.209E-02
  361.5000  8.288E-02  8.296E-02  8.303E-02  8.310E-02  8.318E-02
  362.5000  9.749E-02  9.758E-02  9.766E-02  9.774E-02  9.783E-02
  363.5000  8.684E-02  8.692E-02  8.699E-02  8.706E-02  8.715E-02
  364.5000  9.483E-02  9.492E-02  9.500E-02  9.507E-02  9.516E-02
  365.5000  1.157E-01  1.158E-01  1.159E-01  1.160E-01  1.161E-01
  366.5000  1.226E-01  1.227E-01  1.228E-01  1.229E-01  1.230E-01
  367.5000  1.166E-01  1.167E-01  1.168E-01  1.169E-01  1.170E-01
  368.5000  1.025E-01  1.026E-01  1.027E-01  1.028E-01  1.029E-01
  369.5000  1.232E-01  1.233E-01  1.234E-01  1.235E-01  1.236E-01
  370.5000  1.119E-01  1.120E-01  1.121E-01  1.122E-01  1.123E-01
  371.5000  1.282E-01  1.283E-01  1.284E-01  1.285E-01  1.286E-01
  372.5000  9.482E-02  9.491E-02  9.499E-02  9.507E-02  9.516E-02
  373.5000  8.581E-02  8.590E-02  8.597E-02  8.604E-02  8.612E-02
  374.5000  9.430E-02  9.439E-02  9.447E-02  9.455E-02  9.464E-02
  375.5000  1.065E-01  1.067E-01  1.067E-01  1.068E-01  1.069E-01
  376.5000  1.065E-01  1.067E-01  1.067E-01  1.068E-01  1.069E-01
  377.5000  1.271E-01  1.272E-01  1.273E-01  1.274E-01  1.275E-01
  378.5000  1.387E-01  1.388E-01  1.389E-01  1.390E-01  1.392E-01
  379.5000  1.027E-01  1.028E-01  1.029E-01  1.030E-01  1.031E-01
  380.5000  1.237E-01  1.238E-01  1.239E-01  1.240E-01  1.242E-01
  381.5000  1.164E-01  1.165E-01  1.166E-01  1.167E-01  1.168E-01
  382.5000  7.768E-02  7.776E-02  7.782E-02  7.788E-02  7.796E-02
  383.5000  6.831E-02  6.838E-02  6.843E-02  6.849E-02  6.855E-02
  384.5000  1.027E-01  1.028E-01  1.028E-01  1.029E-01  1.030E-01
  385.5000  1.017E-01  1.018E-01  1.019E-01  1.020E-01  1.021E-01
  386.5000  1.038E-01  1.039E-01  1.040E-01  1.041E-01  1.042E-01
  387.5000  9.664E-02  9.673E-02  9.681E-02  9.689E-02  9.699E-02
  388.5000  9.700E-02  9.710E-02  9.718E-02  9.726E-02  9.735E-02
  389.5000  1.225E-01  1.226E-01  1.227E-01  1.228E-01  1.230E-01
  390.5000  1.205E-01  1.206E-01  1.207E-01  1.208E-01  1.209E-01
  391.5000  1.432E-01  1.433E-01  1.434E-01  1.436E-01  1.437E-01
  392.5000  1.075E-01  1.076E-01  1.077E-01  1.078E-01  1.079E-01
  393.5000  4.682E-02  4.687E-02  4.690E-02  4.694E-02  4.699E-02
  394.5000  1.103E-01  1.104E-01  1.105E-01  1.106E-01  1.107E-01
  395.5000  1.422E-01  1.423E-01  1.424E-01  1.426E-01  1.427E-01
  396.5000  8.362E-02  8.370E-02  8.377E-02  8.384E-02  8.392E-02
  397.5000  9.664E-02  9.673E-02  9.681E-02  9.689E-02  9.699E-02
  398.5000  1.663E-01  1.665E-01  1.666E-01  1.668E-01  1.669E-01
  399.5000  1.733E-01  1.734E-01  1.736E-01  1.737E-01  1.739E-01
  400.5000  1.824E-01  1.826E-01  1.828E-01  1.829E-01  1.831E-01
  401.5000  1.880E-01  1.882E-01  1.883E-01  1.885E-01  1.887E-01
  402.5000  1.955E-01  1.957E-01  1.958E-01  1.960E-01  1.962E-01
  403.5000  1.792E-01  1.794E-01  1.795E-01  1.797E-01  1.798E-01
  404.5000  1.760E-01  1.762E-01  1.764E-01  1.765E-01  1.767E-01
  405.5000  1.832E-01  1.833E-01  1.835E-01  1.836E-01  1.838E-01
  406.5000  1.728E-01  1.730E-01  1.731E-01  1.732E-01  1.734E-01
  407.5000  1.745E-01  1.746E-01  1.748E-01  1.749E-01  1.751E-01
  408.5000  1.946E-01  1.948E-01  1.950E-01  1.951E-01  1.953E-01
  409.5000  1.911E-01  1.913E-01  1.914E-01  1.916E-01  1.918E-01
  410.5000  1.660E-01  1.661E-01  1.663E-01  1.664E-01  1.666E-01
  411.5000  1.998E-01  2.000E-01  2.002E-01  2.003E-01  2.005E-01
  412.5000  1.984E-01  1.986E-01  1.987E-01  1.989E-01  1.991E-01
  413.5000  1.927E-01  1.929E-01  1.931E-01  1.932E-01  1.934E-01
  414.5000  1.984E-01  1.986E-01  1.987E-01  1.989E-01  1.991E-01
  415.5000  1.900E-01  1.902E-01  1.904E-01  1.905E-01  1.907E-01
  416.5000  2.072E-01  2.074E-01  2.075E-01  2.077E-01  2.079E-01
  417.5000  1.897E-01  1.899E-01  1.900E-01  1.902E-01  1.904E-01
  418.5000  1.915E-01  1.917E-01  1.918E-01  1.920E-01  1.922E-01
  419.5000  1.981E-01  1.983E-01  1.985E-01  1.986E-01  1.988E-01
------------------------------------------------------------
Dose rates, W m-2
   1 = UV-B, 280-315 nm                                  
   2 = UV-A, 315-400 nm                                  
   3 = Gaussian, 320 nm, 10 nm FWHM                      
   4 = RB Meter, model 501                               
   5 = DNA damage, in vitro (Setlow, 1974)               
   6 = UV index (WMO, 1994; Webb et al., 2011)           
   7 = Previtamin-D3 (CIE 2006)                          
values at z =      0.000 km
Columns: time, sza, weighting spectra
time, hrs.  sza, deg.          1          2          3          4          5          6          7
   11.0000     79.421  3.708E-02  7.281E+00  2.765E-02  1.325E-02  5.626E-05  3.136E-01  6.347E-03
   11.5000     79.412  3.715E-02  7.289E+00  2.769E-02  1.327E-02  5.634E-05  3.140E-01  6.358E-03
   12.0000     79.405  3.721E-02  7.295E+00  2.771E-02  1.329E-02  5.642E-05  3.144E-01  6.368E-03
   12.5000     79.398  3.726E-02  7.301E+00  2.774E-02  1.331E-02  5.649E-05  3.147E-01  6.377E-03
   13.0000     79.390  3.733E-02  7.308E+00  2.778E-02  1.332E-02  5.657E-05  3.151E-01  6.388E-03
------------------------------------------------------------
