Spectral Irradiance, W m-2 nm-1
values at z =      0.000 km
Columns: wavelength (nm), times (hrs.) or sza (deg.)
    wc, nm     11.000     11.500     12.000     12.500     13.000
    sza =      73.599     73.070     72.838     72.907     73.273
  280.5000  4.626E-38  4.791E-38  4.865E-38  4.843E-38  4.726E-38
  281.5000  1.291E-34  1.338E-34  1.359E-34  1.353E-34  1.320E-34
  282.5000  8.072E-32  8.368E-32  8.502E-32  8.462E-32  8.253E-32
  283.5000  4.764E-30  4.940E-30  5.020E-30  4.996E-30  4.871E-30
  284.5000  4.959E-27  5.148E-27  5.233E-27  5.207E-27  5.074E-27
  285.5000  5.311E-25  5.516E-25  5.609E-25  5.582E-25  5.436E-25
  286.5000  8.708E-23  9.051E-23  9.207E-23  9.160E-23  8.917E-23
  287.5000  9.319E-21  9.696E-21  9.867E-21  9.815E-21  9.548E-21
  288.5000  1.138E-18  1.185E-18  1.207E-18  1.200E-18  1.167E-18
  289.5000  6.169E-17  6.434E-17  6.555E-17  6.518E-17  6.330E-17
  290.5000  1.703E-15  1.778E-15  1.812E-15  1.802E-15  1.748E-15
  291.5000  4.837E-14  5.059E-14  5.160E-14  5.130E-14  4.972E-14
  292.5000  7.077E-13  7.414E-13  7.568E-13  7.522E-13  7.282E-13
  293.5000  1.130E-11  1.186E-11  1.212E-11  1.204E-11  1.164E-11
  294.5000  8.286E-11  8.714E-11  8.910E-11  8.851E-11  8.545E-11
  295.5000  8.885E-10  9.368E-10  9.591E-10  9.524E-10  9.177E-10
  296.5000  5.273E-09  5.577E-09  5.719E-09  5.676E-09  5.457E-09
  297.5000  3.016E-08  3.203E-08  3.291E-08  3.265E-08  3.129E-08
  298.5000  9.248E-08  9.880E-08  1.018E-07  1.009E-07  9.628E-08
  299.5000  5.186E-07  5.589E-07  5.784E-07  5.725E-07  5.427E-07
  300.5000  1.018E-06  1.108E-06  1.152E-06  1.139E-06  1.072E-06
  301.5000  4.746E-06  5.237E-06  5.479E-06  5.405E-06  5.039E-06
  302.5000  1.075E-05  1.198E-05  1.259E-05  1.240E-05  1.148E-05
  303.5000  3.930E-05  4.427E-05  4.671E-05  4.597E-05  4.227E-05
  304.5000  6.865E-05  7.769E-05  8.209E-05  8.076E-05  7.406E-05
  305.5000  1.914E-04  2.172E-04  2.296E-04  2.259E-04  2.069E-04
  306.5000  2.795E-04  3.169E-04  3.348E-04  3.294E-04  3.019E-04
  307.5000  7.936E-04  8.952E-04  9.432E-04  9.287E-04  8.548E-04
  308.5000  1.159E-03  1.304E-03  1.372E-03  1.351E-03  1.247E-03
  309.5000  1.640E-03  1.831E-03  1.920E-03  1.894E-03  1.756E-03
  310.5000  3.155E-03  3.500E-03  3.660E-03  3.612E-03  3.364E-03
  311.5000  5.108E-03  5.641E-03  5.886E-03  5.813E-03  5.432E-03
  312.5000  7.569E-03  8.280E-03  8.605E-03  8.507E-03  8.002E-03
  313.5000  9.478E-03  1.035E-02  1.074E-02  1.062E-02  1.001E-02
  314.5000  1.361E-02  1.473E-02  1.523E-02  1.508E-02  1.429E-02
  315.5000  1.493E-02  1.613E-02  1.667E-02  1.651E-02  1.566E-02
  316.5000  1.975E-02  2.117E-02  2.181E-02  2.162E-02  2.062E-02
  317.5000  2.799E-02  3.001E-02  3.092E-02  3.064E-02  2.922E-02
  318.5000  2.860E-02  3.044E-02  3.127E-02  3.102E-02  2.972E-02
  319.5000  3.670E-02  3.902E-02  4.005E-02  3.974E-02  3.812E-02
  320.5000  4.747E-02  5.038E-02  5.168E-02  5.129E-02  4.925E-02
  321.5000  5.122E-02  5.400E-02  5.523E-02  5.486E-02  5.292E-02
  322.5000  4.296E-02  4.553E-02  4.668E-02  4.633E-02  4.453E-02
  323.5000  5.919E-02  6.221E-02  6.355E-02  6.315E-02  6.104E-02
  324.5000  6.880E-02  7.234E-02  7.391E-02  7.344E-02  7.097E-02
  325.5000  7.435E-02  7.827E-02  8.000E-02  7.948E-02  7.675E-02
  326.5000  1.095E-01  1.146E-01  1.169E-01  1.162E-01  1.126E-01
  327.5000  9.589E-02  1.005E-01  1.026E-01  1.020E-01  9.875E-02
  328.5000  8.884E-02  9.316E-02  9.507E-02  9.450E-02  9.149E-02
  329.5000  1.332E-01  1.391E-01  1.417E-01  1.409E-01  1.368E-01
  330.5000  1.142E-01  1.195E-01  1.218E-01  1.211E-01  1.174E-01
  331.5000  1.117E-01  1.168E-01  1.191E-01  1.184E-01  1.148E-01
  332.5000  1.221E-01  1.274E-01  1.297E-01  1.290E-01  1.254E-01
  333.5000  1.099E-01  1.148E-01  1.170E-01  1.163E-01  1.129E-01
  334.5000  1.258E-01  1.313E-01  1.338E-01  1.331E-01  1.292E-01
  335.5000  1.342E-01  1.399E-01  1.424E-01  1.416E-01  1.377E-01
  336.5000  1.035E-01  1.080E-01  1.099E-01  1.093E-01  1.063E-01
  337.5000  1.099E-01  1.148E-01  1.169E-01  1.163E-01  1.129E-01
  338.5000  1.224E-01  1.276E-01  1.298E-01  1.292E-01  1.256E-01
  339.5000  1.341E-01  1.398E-01  1.423E-01  1.415E-01  1.376E-01
  340.5000  1.409E-01  1.469E-01  1.496E-01  1.488E-01  1.446E-01
  341.5000  1.287E-01  1.341E-01  1.365E-01  1.357E-01  1.320E-01
  342.5000  1.435E-01  1.494E-01  1.521E-01  1.513E-01  1.471E-01
  343.5000  1.479E-01  1.541E-01  1.568E-01  1.560E-01  1.517E-01
  344.5000  1.028E-01  1.071E-01  1.090E-01  1.085E-01  1.054E-01
  345.5000  1.446E-01  1.506E-01  1.532E-01  1.525E-01  1.483E-01
  346.5000  1.334E-01  1.390E-01  1.415E-01  1.407E-01  1.368E-01
  347.5000  1.308E-01  1.363E-01  1.387E-01  1.380E-01  1.341E-01
  348.5000  1.447E-01  1.508E-01  1.534E-01  1.526E-01  1.484E-01
  349.5000  1.214E-01  1.264E-01  1.287E-01  1.280E-01  1.245E-01
  350.5000  1.704E-01  1.775E-01  1.806E-01  1.797E-01  1.747E-01
  351.5000  1.467E-01  1.529E-01  1.556E-01  1.548E-01  1.505E-01
  352.5000  1.327E-01  1.383E-01  1.407E-01  1.400E-01  1.361E-01
  353.5000  1.605E-01  1.672E-01  1.701E-01  1.692E-01  1.646E-01
  354.5000  1.743E-01  1.816E-01  1.848E-01  1.838E-01  1.788E-01
  355.5000  1.632E-01  1.699E-01  1.729E-01  1.720E-01  1.673E-01
  356.5000  1.516E-01  1.579E-01  1.607E-01  1.599E-01  1.555E-01
  357.5000  1.290E-01  1.344E-01  1.368E-01  1.361E-01  1.323E-01
  358.5000  9.981E-02  1.040E-01  1.058E-01  1.052E-01  1.024E-01
  359.5000  1.682E-01  1.752E-01  1.783E-01  1.774E-01  1.725E-01
  360.5000  1.561E-01  1.626E-01  1.655E-01  1.647E-01  1.601E-01
  361.5000  1.411E-01  1.469E-01  1.495E-01  1.488E-01  1.447E-01
  362.5000  1.660E-01  1.729E-01  1.759E-01  1.750E-01  1.702E-01
  363.5000  1.479E-01  1.540E-01  1.567E-01  1.559E-01  1.516E-01
  364.5000  1.615E-01  1.682E-01  1.712E-01  1.703E-01  1.656E-01
  365.5000  1.970E-01  2.052E-01  2.088E-01  2.077E-01  2.020E-01
  366.5000  2.089E-01  2.175E-01  2.214E-01  2.202E-01  2.142E-01
  367.5000  1.987E-01  2.069E-01  2.105E-01  2.095E-01  2.037E-01
  368.5000  1.747E-01  1.820E-01  1.852E-01  1.842E-01  1.792E-01
  369.5000  2.099E-01  2.186E-01  2.225E-01  2.213E-01  2.153E-01
  370.5000  1.907E-01  1.986E-01  2.021E-01  2.011E-01  1.956E-01
  371.5000  2.185E-01  2.276E-01  2.316E-01  2.304E-01  2.241E-01
  372.5000  1.617E-01  1.684E-01  1.713E-01  1.704E-01  1.658E-01
  373.5000  1.463E-01  1.524E-01  1.551E-01  1.543E-01  1.500E-01
  374.5000  1.608E-01  1.675E-01  1.704E-01  1.695E-01  1.649E-01
  375.5000  1.817E-01  1.892E-01  1.925E-01  1.916E-01  1.863E-01
  376.5000  1.817E-01  1.892E-01  1.925E-01  1.916E-01  1.863E-01
  377.5000  2.167E-01  2.257E-01  2.296E-01  2.284E-01  2.222E-01
  378.5000  2.365E-01  2.463E-01  2.506E-01  2.493E-01  2.425E-01
  379.5000  1.752E-01  1.825E-01  1.856E-01  1.847E-01  1.796E-01
  380.5000  2.110E-01  2.197E-01  2.236E-01  2.224E-01  2.164E-01
  381.5000  1.986E-01  2.068E-01  2.104E-01  2.093E-01  2.036E-01
  382.5000  1.325E-01  1.380E-01  1.404E-01  1.397E-01  1.359E-01
  383.5000  1.165E-01  1.213E-01  1.234E-01  1.228E-01  1.195E-01
  384.5000  1.751E-01  1.823E-01  1.855E-01  1.846E-01  1.795E-01
  385.5000  1.735E-01  1.806E-01  1.838E-01  1.829E-01  1.779E-01
  386.5000  1.771E-01  1.844E-01  1.876E-01  1.867E-01  1.816E-01
  387.5000  1.648E-01  1.716E-01  1.746E-01  1.737E-01  1.690E-01
  388.5000  1.654E-01  1.722E-01  1.752E-01  1.744E-01  1.696E-01
  389.5000  2.089E-01  2.175E-01  2.213E-01  2.202E-01  2.142E-01
  390.5000  2.055E-01  2.139E-01  2.177E-01  2.166E-01  2.107E-01
  391.5000  2.441E-01  2.542E-01  2.586E-01  2.573E-01  2.503E-01
  392.5000  1.833E-01  1.909E-01  1.942E-01  1.932E-01  1.879E-01
  393.5000  7.981E-02  8.309E-02  8.454E-02  8.411E-02  8.182E-02
  394.5000  1.881E-01  1.958E-01  1.992E-01  1.982E-01  1.928E-01
  395.5000  2.423E-01  2.523E-01  2.567E-01  2.553E-01  2.484E-01
  396.5000  1.425E-01  1.483E-01  1.509E-01  1.501E-01  1.461E-01
  397.5000  1.646E-01  1.714E-01  1.744E-01  1.735E-01  1.688E-01
  398.5000  2.833E-01  2.950E-01  3.001E-01  2.986E-01  2.905E-01
  399.5000  2.951E-01  3.072E-01  3.126E-01  3.110E-01  3.026E-01
  400.5000  3.107E-01  3.234E-01  3.291E-01  3.274E-01  3.185E-01
  401.5000  3.201E-01  3.332E-01  3.390E-01  3.373E-01  3.282E-01
  402.5000  3.328E-01  3.464E-01  3.524E-01  3.506E-01  3.411E-01
  403.5000  3.050E-01  3.175E-01  3.230E-01  3.214E-01  3.127E-01
  404.5000  2.996E-01  3.119E-01  3.173E-01  3.156E-01  3.071E-01
  405.5000  3.117E-01  3.244E-01  3.300E-01  3.283E-01  3.195E-01
  406.5000  2.939E-01  3.060E-01  3.113E-01  3.097E-01  3.013E-01
  407.5000  2.967E-01  3.089E-01  3.142E-01  3.126E-01  3.042E-01
  408.5000  3.309E-01  3.444E-01  3.504E-01  3.486E-01  3.392E-01
  409.5000  3.248E-01  3.381E-01  3.439E-01  3.422E-01  3.330E-01
  410.5000  2.821E-01  2.936E-01  2.987E-01  2.971E-01  2.891E-01
  411.5000  3.395E-01  3.534E-01  3.595E-01  3.577E-01  3.480E-01
  412.5000  3.370E-01  3.507E-01  3.568E-01  3.550E-01  3.454E-01
  413.5000  3.273E-01  3.406E-01  3.465E-01  3.448E-01  3.355E-01
  414.5000  3.369E-01  3.506E-01  3.566E-01  3.548E-01  3.453E-01
  415.5000  3.226E-01  3.357E-01  3.415E-01  3.398E-01  3.307E-01
  416.5000  3.516E-01  3.658E-01  3.721E-01  3.703E-01  3.603E-01
  417.5000  3.218E-01  3.349E-01  3.406E-01  3.389E-01  3.298E-01
  418.5000  3.248E-01  3.380E-01  3.438E-01  3.420E-01  3.329E-01
  419.5000  3.359E-01  3.496E-01  3.556E-01  3.538E-01  3.443E-01
------------------------------------------------------------
Dose rates, W m-2
   1 = UV-B, 280-315 nm                                  
   2 = UV-A, 315-400 nm                                  
   3 = Gaussian, 320 nm, 10 nm FWHM                      
   4 = RB Meter, model 501                               
   5 = DNA damage, in vitro (Setlow, 1974)               
   6 = UV index (WMO, 1994; Webb et al., 2011)           
   7 = Previtamin-D3 (CIE 2006)                          
values at z =      0.000 km
Columns: time, sza, weighting spectra
time, hrs.  sza, deg.          1          2          3          4          5          6          7
   11.0000     73.599  4.311E-02  1.231E+01  4.265E-02  1.773E-02  6.667E-05  4.591E-01  6.897E-03
   11.5000     73.070  4.720E-02  1.283E+01  4.510E-02  1.900E-02  7.168E-05  4.862E-01  7.545E-03
   12.0000     72.838  4.907E-02  1.306E+01  4.619E-02  1.958E-02  7.397E-05  4.984E-01  7.842E-03
   12.5000     72.907  4.851E-02  1.299E+01  4.587E-02  1.941E-02  7.328E-05  4.947E-01  7.753E-03
   13.0000     73.273  4.560E-02  1.263E+01  4.415E-02  1.851E-02  6.972E-05  4.756E-01  7.290E-03
------------------------------------------------------------
