Spectral Irradiance, W m-2 nm-1
values at z =      0.000 km
Columns: wavelength (nm), times (hrs.) or sza (deg.)
    wc, nm     11.000     11.500     12.000     12.500     13.000
    sza =      32.584     29.780     28.307     28.379     29.988
  280.5000  2.410E-16  6.442E-16  1.025E-15  1.003E-15  6.017E-16
  281.5000  1.152E-14  2.821E-14  4.309E-14  4.223E-14  2.651E-14
  282.5000  2.182E-13  4.959E-13  7.312E-13  7.178E-13  4.684E-13
  283.5000  1.336E-12  2.893E-12  4.169E-12  4.097E-12  2.742E-12
  284.5000  2.189E-11  4.338E-11  5.995E-11  5.904E-11  4.137E-11
  285.5000  1.084E-10  2.012E-10  2.696E-10  2.659E-10  1.927E-10
  286.5000  1.672E-09  2.952E-09  3.863E-09  3.814E-09  2.838E-09
  287.5000  1.289E-08  2.152E-08  2.742E-08  2.711E-08  2.076E-08
  288.5000  8.909E-08  1.400E-07  1.733E-07  1.716E-07  1.356E-07
  289.5000  6.155E-07  9.259E-07  1.123E-06  1.113E-06  9.000E-07
  290.5000  2.989E-06  4.335E-06  5.170E-06  5.127E-06  4.225E-06
  291.5000  1.170E-05  1.629E-05  1.905E-05  1.891E-05  1.591E-05
  292.5000  3.342E-05  4.497E-05  5.176E-05  5.141E-05  4.405E-05
  293.5000  1.132E-04  1.475E-04  1.673E-04  1.663E-04  1.448E-04
  294.5000  2.436E-04  3.097E-04  3.471E-04  3.452E-04  3.046E-04
  295.5000  6.984E-04  8.646E-04  9.567E-04  9.521E-04  8.518E-04
  296.5000  1.359E-03  1.646E-03  1.803E-03  1.795E-03  1.624E-03
  297.5000  2.867E-03  3.406E-03  3.696E-03  3.682E-03  3.365E-03
  298.5000  3.706E-03  4.331E-03  4.665E-03  4.648E-03  4.285E-03
  299.5000  8.919E-03  1.027E-02  1.098E-02  1.094E-02  1.017E-02
  300.5000  8.865E-03  1.009E-02  1.072E-02  1.069E-02  9.996E-03
  301.5000  1.875E-02  2.107E-02  2.227E-02  2.221E-02  2.090E-02
  302.5000  2.438E-02  2.716E-02  2.859E-02  2.852E-02  2.696E-02
  303.5000  4.372E-02  4.823E-02  5.054E-02  5.043E-02  4.790E-02
  304.5000  4.925E-02  5.403E-02  5.646E-02  5.634E-02  5.368E-02
  305.5000  6.798E-02  7.394E-02  7.697E-02  7.682E-02  7.350E-02
  306.5000  7.237E-02  7.844E-02  8.151E-02  8.136E-02  7.800E-02
  307.5000  1.083E-01  1.165E-01  1.207E-01  1.205E-01  1.159E-01
  308.5000  1.230E-01  1.320E-01  1.365E-01  1.363E-01  1.313E-01
  309.5000  1.110E-01  1.187E-01  1.225E-01  1.223E-01  1.181E-01
  310.5000  1.539E-01  1.639E-01  1.689E-01  1.686E-01  1.631E-01
  311.5000  2.003E-01  2.128E-01  2.191E-01  2.188E-01  2.119E-01
  312.5000  1.994E-01  2.110E-01  2.169E-01  2.166E-01  2.102E-01
  313.5000  2.272E-01  2.403E-01  2.468E-01  2.465E-01  2.394E-01
  314.5000  2.309E-01  2.434E-01  2.496E-01  2.493E-01  2.425E-01
  315.5000  2.392E-01  2.520E-01  2.584E-01  2.580E-01  2.511E-01
  316.5000  2.413E-01  2.535E-01  2.596E-01  2.593E-01  2.526E-01
  317.5000  3.413E-01  3.586E-01  3.671E-01  3.667E-01  3.573E-01
  318.5000  2.715E-01  2.846E-01  2.911E-01  2.907E-01  2.836E-01
  319.5000  3.320E-01  3.478E-01  3.557E-01  3.553E-01  3.467E-01
  320.5000  4.050E-01  4.241E-01  4.335E-01  4.331E-01  4.227E-01
  321.5000  3.472E-01  3.628E-01  3.705E-01  3.701E-01  3.617E-01
  322.5000  3.471E-01  3.632E-01  3.712E-01  3.708E-01  3.621E-01
  323.5000  3.616E-01  3.773E-01  3.851E-01  3.848E-01  3.762E-01
  324.5000  4.242E-01  4.427E-01  4.519E-01  4.515E-01  4.414E-01
  325.5000  4.749E-01  4.958E-01  5.061E-01  5.056E-01  4.942E-01
  326.5000  5.785E-01  6.028E-01  6.149E-01  6.143E-01  6.010E-01
  327.5000  5.377E-01  5.606E-01  5.719E-01  5.714E-01  5.589E-01
  328.5000  4.965E-01  5.176E-01  5.281E-01  5.276E-01  5.161E-01
  329.5000  6.462E-01  6.728E-01  6.860E-01  6.854E-01  6.709E-01
  330.5000  5.866E-01  6.110E-01  6.231E-01  6.225E-01  6.092E-01
  331.5000  5.795E-01  6.037E-01  6.156E-01  6.150E-01  6.018E-01
  332.5000  5.722E-01  5.954E-01  6.069E-01  6.064E-01  5.937E-01
  333.5000  5.371E-01  5.591E-01  5.700E-01  5.694E-01  5.575E-01
  334.5000  6.004E-01  6.248E-01  6.369E-01  6.363E-01  6.230E-01
  335.5000  6.092E-01  6.337E-01  6.458E-01  6.452E-01  6.319E-01
  336.5000  4.761E-01  4.953E-01  5.047E-01  5.043E-01  4.939E-01
  337.5000  5.222E-01  5.434E-01  5.538E-01  5.533E-01  5.418E-01
  338.5000  5.518E-01  5.738E-01  5.847E-01  5.842E-01  5.722E-01
  339.5000  5.999E-01  6.238E-01  6.356E-01  6.350E-01  6.220E-01
  340.5000  6.411E-01  6.667E-01  6.793E-01  6.787E-01  6.648E-01
  341.5000  5.696E-01  5.922E-01  6.033E-01  6.028E-01  5.906E-01
  342.5000  6.310E-01  6.560E-01  6.683E-01  6.677E-01  6.542E-01
  343.5000  6.553E-01  6.812E-01  6.940E-01  6.934E-01  6.793E-01
  344.5000  4.592E-01  4.773E-01  4.863E-01  4.859E-01  4.760E-01
  345.5000  6.293E-01  6.540E-01  6.662E-01  6.657E-01  6.523E-01
  346.5000  5.885E-01  6.117E-01  6.231E-01  6.225E-01  6.100E-01
  347.5000  5.750E-01  5.975E-01  6.087E-01  6.082E-01  5.959E-01
  348.5000  6.319E-01  6.566E-01  6.688E-01  6.683E-01  6.548E-01
  349.5000  5.295E-01  5.502E-01  5.604E-01  5.599E-01  5.487E-01
  350.5000  7.413E-01  7.702E-01  7.845E-01  7.838E-01  7.681E-01
  351.5000  6.388E-01  6.637E-01  6.760E-01  6.754E-01  6.619E-01
  352.5000  5.761E-01  5.984E-01  6.095E-01  6.090E-01  5.968E-01
  353.5000  6.934E-01  7.202E-01  7.335E-01  7.329E-01  7.183E-01
  354.5000  7.503E-01  7.794E-01  7.937E-01  7.930E-01  7.773E-01
  355.5000  7.011E-01  7.282E-01  7.416E-01  7.409E-01  7.262E-01
  356.5000  6.506E-01  6.756E-01  6.880E-01  6.874E-01  6.738E-01
  357.5000  5.531E-01  5.744E-01  5.849E-01  5.844E-01  5.729E-01
  358.5000  4.268E-01  4.432E-01  4.513E-01  4.509E-01  4.420E-01
  359.5000  7.181E-01  7.457E-01  7.593E-01  7.586E-01  7.437E-01
  360.5000  6.656E-01  6.910E-01  7.036E-01  7.030E-01  6.892E-01
  361.5000  6.000E-01  6.229E-01  6.342E-01  6.337E-01  6.212E-01
  362.5000  7.044E-01  7.313E-01  7.446E-01  7.439E-01  7.294E-01
  363.5000  6.265E-01  6.504E-01  6.622E-01  6.616E-01  6.487E-01
  364.5000  6.834E-01  7.094E-01  7.222E-01  7.216E-01  7.075E-01
  365.5000  8.326E-01  8.642E-01  8.798E-01  8.791E-01  8.619E-01
  366.5000  8.810E-01  9.144E-01  9.309E-01  9.301E-01  9.120E-01
  367.5000  8.364E-01  8.681E-01  8.837E-01  8.829E-01  8.658E-01
  368.5000  7.346E-01  7.624E-01  7.761E-01  7.755E-01  7.604E-01
  369.5000  8.811E-01  9.143E-01  9.308E-01  9.300E-01  9.119E-01
  370.5000  7.993E-01  8.294E-01  8.443E-01  8.435E-01  8.272E-01
  371.5000  9.144E-01  9.488E-01  9.658E-01  9.650E-01  9.463E-01
  372.5000  6.753E-01  7.007E-01  7.132E-01  7.126E-01  6.989E-01
  373.5000  6.103E-01  6.332E-01  6.446E-01  6.440E-01  6.316E-01
  374.5000  6.698E-01  6.949E-01  7.073E-01  7.067E-01  6.931E-01
  375.5000  7.556E-01  7.839E-01  7.978E-01  7.971E-01  7.818E-01
  376.5000  7.544E-01  7.826E-01  7.965E-01  7.958E-01  7.806E-01
  377.5000  8.982E-01  9.317E-01  9.483E-01  9.475E-01  9.293E-01
  378.5000  9.789E-01  1.015E+00  1.033E+00  1.032E+00  1.013E+00
  379.5000  7.241E-01  7.511E-01  7.644E-01  7.637E-01  7.491E-01
  380.5000  8.707E-01  9.031E-01  9.191E-01  9.183E-01  9.008E-01
  381.5000  8.181E-01  8.485E-01  8.635E-01  8.627E-01  8.463E-01
  382.5000  5.451E-01  5.653E-01  5.752E-01  5.748E-01  5.638E-01
  383.5000  4.786E-01  4.963E-01  5.050E-01  5.046E-01  4.950E-01
  384.5000  7.181E-01  7.447E-01  7.578E-01  7.571E-01  7.428E-01
  385.5000  7.104E-01  7.366E-01  7.496E-01  7.489E-01  7.347E-01
  386.5000  7.241E-01  7.508E-01  7.639E-01  7.633E-01  7.488E-01
  387.5000  6.729E-01  6.976E-01  7.098E-01  7.092E-01  6.958E-01
  388.5000  6.744E-01  6.991E-01  7.114E-01  7.108E-01  6.974E-01
  389.5000  8.503E-01  8.815E-01  8.970E-01  8.962E-01  8.793E-01
  390.5000  8.351E-01  8.658E-01  8.809E-01  8.801E-01  8.636E-01
  391.5000  9.907E-01  1.027E+00  1.045E+00  1.044E+00  1.024E+00
  392.5000  7.428E-01  7.700E-01  7.834E-01  7.827E-01  7.680E-01
  393.5000  3.229E-01  3.347E-01  3.405E-01  3.402E-01  3.339E-01
  394.5000  7.598E-01  7.875E-01  8.012E-01  8.005E-01  7.855E-01
  395.5000  9.775E-01  1.013E+00  1.031E+00  1.030E+00  1.011E+00
  396.5000  5.739E-01  5.948E-01  6.051E-01  6.046E-01  5.933E-01
  397.5000  6.622E-01  6.863E-01  6.982E-01  6.976E-01  6.846E-01
  398.5000  1.138E+00  1.179E+00  1.200E+00  1.199E+00  1.176E+00
  399.5000  1.183E+00  1.226E+00  1.248E+00  1.247E+00  1.223E+00
  400.5000  1.244E+00  1.289E+00  1.311E+00  1.310E+00  1.286E+00
  401.5000  1.280E+00  1.326E+00  1.349E+00  1.348E+00  1.323E+00
  402.5000  1.329E+00  1.377E+00  1.400E+00  1.399E+00  1.373E+00
  403.5000  1.216E+00  1.260E+00  1.282E+00  1.281E+00  1.257E+00
  404.5000  1.193E+00  1.236E+00  1.257E+00  1.256E+00  1.233E+00
  405.5000  1.239E+00  1.283E+00  1.305E+00  1.304E+00  1.280E+00
  406.5000  1.167E+00  1.209E+00  1.230E+00  1.228E+00  1.206E+00
  407.5000  1.176E+00  1.219E+00  1.239E+00  1.238E+00  1.216E+00
  408.5000  1.310E+00  1.357E+00  1.380E+00  1.379E+00  1.354E+00
  409.5000  1.284E+00  1.330E+00  1.353E+00  1.352E+00  1.327E+00
  410.5000  1.114E+00  1.153E+00  1.173E+00  1.172E+00  1.151E+00
  411.5000  1.338E+00  1.386E+00  1.410E+00  1.409E+00  1.383E+00
  412.5000  1.327E+00  1.374E+00  1.397E+00  1.396E+00  1.370E+00
  413.5000  1.287E+00  1.332E+00  1.355E+00  1.354E+00  1.329E+00
  414.5000  1.322E+00  1.369E+00  1.393E+00  1.391E+00  1.366E+00
  415.5000  1.265E+00  1.310E+00  1.332E+00  1.331E+00  1.306E+00
  416.5000  1.376E+00  1.425E+00  1.449E+00  1.448E+00  1.422E+00
  417.5000  1.258E+00  1.303E+00  1.325E+00  1.324E+00  1.300E+00
  418.5000  1.268E+00  1.313E+00  1.335E+00  1.334E+00  1.310E+00
  419.5000  1.310E+00  1.356E+00  1.379E+00  1.378E+00  1.353E+00
------------------------------------------------------------
Dose rates, W m-2
   1 = UV-B, 280-315 nm                                  
   2 = UV-A, 315-400 nm                                  
   3 = Gaussian, 320 nm, 10 nm FWHM                      
   4 = RB Meter, model 501                               
   5 = DNA damage, in vitro (Setlow, 1974)               
   6 = UV index (WMO, 1994; Webb et al., 2011)           
   7 = Previtamin-D3 (CIE 2006)                          
values at z =      0.000 km
Columns: time, sza, weighting spectra
time, hrs.  sza, deg.          1          2          3          4          5          6          7
   11.0000     32.584  1.657E+00  5.451E+01  3.416E-01  4.829E-01  5.205E-03  9.129E+00  4.510E-01
   11.5000     29.780  1.773E+00  5.663E+01  3.577E-01  5.193E-01  5.771E-03  9.853E+00  4.889E-01
   12.0000     28.307  1.831E+00  5.768E+01  3.656E-01  5.378E-01  6.066E-03  1.022E+01  5.082E-01
   12.5000     28.379  1.828E+00  5.763E+01  3.653E-01  5.369E-01  6.052E-03  1.020E+01  5.073E-01
   13.0000     29.988  1.764E+00  5.648E+01  3.565E-01  5.167E-01  5.729E-03  9.800E+00  4.861E-01
------------------------------------------------------------
