Spectral Irradiance, W m-2 nm-1
values at z =      0.000 km
Columns: wavelength (nm), times (hrs.) or sza (deg.)
    wc, nm     11.000     11.500     12.000     12.500     13.000
    sza =      64.019     63.852     63.784     63.817     63.952
  280.5000  1.462E-27  1.492E-27  1.505E-27  1.498E-27  1.474E-27
  281.5000  4.887E-25  4.992E-25  5.035E-25  5.014E-25  4.929E-25
  282.5000  4.955E-23  5.065E-23  5.111E-23  5.088E-23  4.999E-23
  283.5000  9.006E-22  9.211E-22  9.297E-22  9.255E-22  9.088E-22
  284.5000  1.104E-19  1.130E-19  1.142E-19  1.136E-19  1.114E-19
  285.5000  2.451E-18  2.516E-18  2.543E-18  2.529E-18  2.477E-18
  286.5000  1.211E-16  1.246E-16  1.260E-16  1.253E-16  1.225E-16
  287.5000  3.479E-15  3.590E-15  3.637E-15  3.614E-15  3.522E-15
  288.5000  1.048E-13  1.087E-13  1.104E-13  1.096E-13  1.063E-13
  289.5000  2.148E-12  2.240E-12  2.280E-12  2.261E-12  2.184E-12
  290.5000  2.693E-11  2.822E-11  2.878E-11  2.851E-11  2.744E-11
  291.5000  3.254E-10  3.429E-10  3.504E-10  3.467E-10  3.323E-10
  292.5000  2.446E-09  2.585E-09  2.645E-09  2.615E-09  2.500E-09
  293.5000  2.147E-08  2.272E-08  2.325E-08  2.299E-08  2.196E-08
  294.5000  9.998E-08  1.058E-07  1.082E-07  1.070E-07  1.023E-07
  295.5000  6.689E-07  7.061E-07  7.219E-07  7.141E-07  6.836E-07
  296.5000  2.679E-06  2.820E-06  2.879E-06  2.850E-06  2.735E-06
  297.5000  1.077E-05  1.130E-05  1.152E-05  1.141E-05  1.098E-05
  298.5000  2.416E-05  2.525E-05  2.571E-05  2.548E-05  2.459E-05
  299.5000  9.850E-05  1.026E-04  1.042E-04  1.034E-04  1.001E-04
  300.5000  1.469E-04  1.525E-04  1.548E-04  1.537E-04  1.492E-04
  301.5000  4.849E-04  5.014E-04  5.082E-04  5.049E-04  4.915E-04
  302.5000  8.442E-04  8.708E-04  8.818E-04  8.764E-04  8.548E-04
  303.5000  2.143E-03  2.204E-03  2.229E-03  2.216E-03  2.167E-03
  304.5000  2.950E-03  3.029E-03  3.061E-03  3.045E-03  2.982E-03
  305.5000  5.499E-03  5.629E-03  5.683E-03  5.657E-03  5.551E-03
  306.5000  6.661E-03  6.811E-03  6.872E-03  6.842E-03  6.721E-03
  307.5000  1.278E-02  1.304E-02  1.314E-02  1.309E-02  1.289E-02
  308.5000  1.597E-02  1.628E-02  1.640E-02  1.634E-02  1.609E-02
  309.5000  1.701E-02  1.730E-02  1.743E-02  1.737E-02  1.713E-02
  310.5000  2.651E-02  2.695E-02  2.712E-02  2.704E-02  2.669E-02
  311.5000  3.731E-02  3.789E-02  3.813E-02  3.801E-02  3.754E-02
  312.5000  4.266E-02  4.326E-02  4.351E-02  4.339E-02  4.290E-02
  313.5000  5.027E-02  5.097E-02  5.125E-02  5.112E-02  5.055E-02
  314.5000  5.752E-02  5.825E-02  5.854E-02  5.840E-02  5.781E-02
  315.5000  6.081E-02  6.157E-02  6.188E-02  6.173E-02  6.111E-02
  316.5000  6.723E-02  6.801E-02  6.832E-02  6.817E-02  6.754E-02
  317.5000  9.526E-02  9.636E-02  9.681E-02  9.659E-02  9.570E-02
  318.5000  8.243E-02  8.331E-02  8.367E-02  8.350E-02  8.278E-02
  319.5000  1.025E-01  1.036E-01  1.041E-01  1.038E-01  1.030E-01
  320.5000  1.276E-01  1.290E-01  1.295E-01  1.292E-01  1.282E-01
  321.5000  1.181E-01  1.193E-01  1.197E-01  1.195E-01  1.186E-01
  322.5000  1.116E-01  1.127E-01  1.132E-01  1.130E-01  1.120E-01
  323.5000  1.275E-01  1.287E-01  1.291E-01  1.289E-01  1.280E-01
  324.5000  1.492E-01  1.506E-01  1.512E-01  1.509E-01  1.498E-01
  325.5000  1.653E-01  1.669E-01  1.675E-01  1.672E-01  1.659E-01
  326.5000  2.144E-01  2.163E-01  2.170E-01  2.167E-01  2.151E-01
  327.5000  1.956E-01  1.974E-01  1.981E-01  1.977E-01  1.963E-01
  328.5000  1.810E-01  1.826E-01  1.833E-01  1.830E-01  1.816E-01
  329.5000  2.468E-01  2.489E-01  2.498E-01  2.493E-01  2.477E-01
  330.5000  2.202E-01  2.221E-01  2.228E-01  2.225E-01  2.209E-01
  331.5000  2.169E-01  2.188E-01  2.196E-01  2.192E-01  2.177E-01
  332.5000  2.216E-01  2.234E-01  2.242E-01  2.238E-01  2.223E-01
  333.5000  2.053E-01  2.071E-01  2.078E-01  2.075E-01  2.061E-01
  334.5000  2.315E-01  2.335E-01  2.343E-01  2.339E-01  2.323E-01
  335.5000  2.389E-01  2.409E-01  2.417E-01  2.413E-01  2.397E-01
  336.5000  1.861E-01  1.876E-01  1.883E-01  1.880E-01  1.867E-01
  337.5000  2.022E-01  2.039E-01  2.046E-01  2.042E-01  2.029E-01
  338.5000  2.174E-01  2.192E-01  2.199E-01  2.196E-01  2.181E-01
  339.5000  2.372E-01  2.391E-01  2.399E-01  2.395E-01  2.379E-01
  340.5000  2.523E-01  2.544E-01  2.552E-01  2.548E-01  2.531E-01
  341.5000  2.263E-01  2.282E-01  2.289E-01  2.285E-01  2.271E-01
  342.5000  2.514E-01  2.534E-01  2.543E-01  2.539E-01  2.522E-01
  343.5000  2.607E-01  2.628E-01  2.637E-01  2.632E-01  2.615E-01
  344.5000  1.823E-01  1.838E-01  1.844E-01  1.841E-01  1.829E-01
  345.5000  2.522E-01  2.542E-01  2.551E-01  2.547E-01  2.530E-01
  346.5000  2.350E-01  2.369E-01  2.377E-01  2.373E-01  2.358E-01
  347.5000  2.300E-01  2.319E-01  2.327E-01  2.323E-01  2.308E-01
  348.5000  2.536E-01  2.556E-01  2.565E-01  2.560E-01  2.544E-01
  349.5000  2.127E-01  2.144E-01  2.151E-01  2.148E-01  2.134E-01
  350.5000  2.982E-01  3.007E-01  3.016E-01  3.012E-01  2.992E-01
  351.5000  2.572E-01  2.592E-01  2.601E-01  2.597E-01  2.580E-01
  352.5000  2.323E-01  2.342E-01  2.350E-01  2.346E-01  2.331E-01
  353.5000  2.802E-01  2.825E-01  2.834E-01  2.830E-01  2.811E-01
  354.5000  3.038E-01  3.063E-01  3.073E-01  3.068E-01  3.048E-01
  355.5000  2.843E-01  2.866E-01  2.875E-01  2.871E-01  2.852E-01
  356.5000  2.641E-01  2.662E-01  2.671E-01  2.667E-01  2.650E-01
  357.5000  2.248E-01  2.266E-01  2.273E-01  2.270E-01  2.255E-01
  358.5000  1.737E-01  1.751E-01  1.757E-01  1.754E-01  1.743E-01
  359.5000  2.927E-01  2.950E-01  2.960E-01  2.955E-01  2.936E-01
  360.5000  2.716E-01  2.737E-01  2.746E-01  2.742E-01  2.725E-01
  361.5000  2.452E-01  2.471E-01  2.479E-01  2.475E-01  2.460E-01
  362.5000  2.882E-01  2.905E-01  2.915E-01  2.910E-01  2.892E-01
  363.5000  2.567E-01  2.587E-01  2.596E-01  2.592E-01  2.575E-01
  364.5000  2.803E-01  2.825E-01  2.834E-01  2.830E-01  2.812E-01
  365.5000  3.419E-01  3.446E-01  3.457E-01  3.452E-01  3.430E-01
  366.5000  3.622E-01  3.651E-01  3.663E-01  3.657E-01  3.634E-01
  367.5000  3.443E-01  3.471E-01  3.482E-01  3.476E-01  3.454E-01
  368.5000  3.028E-01  3.052E-01  3.062E-01  3.057E-01  3.038E-01
  369.5000  3.636E-01  3.665E-01  3.676E-01  3.671E-01  3.648E-01
  370.5000  3.302E-01  3.328E-01  3.339E-01  3.334E-01  3.313E-01
  371.5000  3.782E-01  3.812E-01  3.824E-01  3.818E-01  3.794E-01
  372.5000  2.797E-01  2.819E-01  2.828E-01  2.823E-01  2.806E-01
  373.5000  2.530E-01  2.550E-01  2.558E-01  2.555E-01  2.538E-01
  374.5000  2.780E-01  2.802E-01  2.811E-01  2.806E-01  2.789E-01
  375.5000  3.140E-01  3.165E-01  3.175E-01  3.170E-01  3.150E-01
  376.5000  3.139E-01  3.163E-01  3.173E-01  3.168E-01  3.149E-01
  377.5000  3.741E-01  3.771E-01  3.783E-01  3.777E-01  3.753E-01
  378.5000  4.082E-01  4.114E-01  4.127E-01  4.120E-01  4.095E-01
  379.5000  3.023E-01  3.046E-01  3.056E-01  3.051E-01  3.032E-01
  380.5000  3.639E-01  3.667E-01  3.679E-01  3.673E-01  3.650E-01
  381.5000  3.423E-01  3.450E-01  3.460E-01  3.455E-01  3.434E-01
  382.5000  2.283E-01  2.301E-01  2.308E-01  2.305E-01  2.290E-01
  383.5000  2.007E-01  2.022E-01  2.029E-01  2.026E-01  2.013E-01
  384.5000  3.014E-01  3.038E-01  3.047E-01  3.043E-01  3.024E-01
  385.5000  2.985E-01  3.008E-01  3.018E-01  3.013E-01  2.995E-01
  386.5000  3.046E-01  3.070E-01  3.079E-01  3.075E-01  3.056E-01
  387.5000  2.834E-01  2.856E-01  2.864E-01  2.860E-01  2.842E-01
  388.5000  2.843E-01  2.865E-01  2.874E-01  2.870E-01  2.852E-01
  389.5000  3.589E-01  3.616E-01  3.628E-01  3.622E-01  3.600E-01
  390.5000  3.528E-01  3.555E-01  3.567E-01  3.561E-01  3.539E-01
  391.5000  4.190E-01  4.222E-01  4.235E-01  4.229E-01  4.203E-01
  392.5000  3.145E-01  3.169E-01  3.179E-01  3.174E-01  3.155E-01
  393.5000  1.369E-01  1.379E-01  1.383E-01  1.381E-01  1.373E-01
  394.5000  3.223E-01  3.248E-01  3.258E-01  3.253E-01  3.233E-01
  395.5000  4.151E-01  4.183E-01  4.196E-01  4.190E-01  4.164E-01
  396.5000  2.440E-01  2.459E-01  2.466E-01  2.462E-01  2.447E-01
  397.5000  2.818E-01  2.840E-01  2.848E-01  2.844E-01  2.827E-01
  398.5000  4.847E-01  4.884E-01  4.899E-01  4.892E-01  4.862E-01
  399.5000  5.046E-01  5.085E-01  5.101E-01  5.093E-01  5.062E-01
  400.5000  5.310E-01  5.351E-01  5.367E-01  5.359E-01  5.327E-01
  401.5000  5.468E-01  5.510E-01  5.527E-01  5.519E-01  5.485E-01
  402.5000  5.682E-01  5.726E-01  5.743E-01  5.735E-01  5.700E-01
  403.5000  5.206E-01  5.245E-01  5.262E-01  5.254E-01  5.222E-01
  404.5000  5.111E-01  5.149E-01  5.165E-01  5.157E-01  5.126E-01
  405.5000  5.314E-01  5.354E-01  5.370E-01  5.362E-01  5.330E-01
  406.5000  5.009E-01  5.047E-01  5.063E-01  5.055E-01  5.025E-01
  407.5000  5.055E-01  5.093E-01  5.109E-01  5.101E-01  5.070E-01
  408.5000  5.635E-01  5.677E-01  5.694E-01  5.686E-01  5.652E-01
  409.5000  5.528E-01  5.570E-01  5.587E-01  5.579E-01  5.545E-01
  410.5000  4.799E-01  4.835E-01  4.849E-01  4.842E-01  4.813E-01
  411.5000  5.773E-01  5.816E-01  5.834E-01  5.825E-01  5.790E-01
  412.5000  5.727E-01  5.770E-01  5.787E-01  5.779E-01  5.744E-01
  413.5000  5.559E-01  5.601E-01  5.618E-01  5.610E-01  5.576E-01
  414.5000  5.719E-01  5.761E-01  5.779E-01  5.770E-01  5.736E-01
  415.5000  5.474E-01  5.515E-01  5.532E-01  5.524E-01  5.491E-01
  416.5000  5.963E-01  6.007E-01  6.026E-01  6.017E-01  5.981E-01
  417.5000  5.456E-01  5.496E-01  5.513E-01  5.505E-01  5.472E-01
  418.5000  5.503E-01  5.544E-01  5.561E-01  5.553E-01  5.520E-01
  419.5000  5.689E-01  5.732E-01  5.749E-01  5.741E-01  5.707E-01
------------------------------------------------------------
Dose rates, W m-2
   1 = UV-B, 280-315 nm                                  
   2 = UV-A, 315-400 nm                                  
   3 = Gaussian, 320 nm, 10 nm FWHM                      
   4 = RB Meter, model 501                               
   5 = DNA damage, in vitro (Setlow, 1974)               
   6 = UV index (WMO, 1994; Webb et al., 2011)           
   7 = Previtamin-D3 (CIE 2006)                          
values at z =      0.000 km
Columns: time, sza, weighting spectra
time, hrs.  sza, deg.          1          2          3          4          5          6          7
   11.0000     64.019  2.789E-01  2.192E+01  1.083E-01  7.900E-02  4.317E-04  1.542E+00  5.418E-02
   11.5000     63.852  2.833E-01  2.210E+01  1.094E-01  8.017E-02  4.399E-04  1.563E+00  5.515E-02
   12.0000     63.784  2.851E-01  2.217E+01  1.098E-01  8.065E-02  4.433E-04  1.572E+00  5.555E-02
   12.5000     63.817  2.842E-01  2.214E+01  1.096E-01  8.041E-02  4.416E-04  1.568E+00  5.535E-02
   13.0000     63.952  2.806E-01  2.199E+01  1.087E-01  7.947E-02  4.350E-04  1.551E+00  5.457E-02
------------------------------------------------------------
