Spectral Irradiance, W m-2 nm-1
values at z =      0.000 km
Columns: wavelength (nm), times (hrs.) or sza (deg.)
    wc, nm     11.000     11.500     12.000     12.500     13.000
    sza =      40.229     38.268     37.656     38.459     40.593
  280.5000  1.129E-15  2.709E-15  3.501E-15  2.495E-15  9.513E-16
  281.5000  4.618E-14  1.025E-13  1.295E-13  9.512E-14  3.807E-14
  282.5000  7.655E-13  1.590E-12  1.970E-12  1.485E-12  6.633E-13
  283.5000  4.299E-12  8.552E-12  1.046E-11  7.904E-12  3.756E-12
  284.5000  6.013E-11  1.105E-10  1.322E-10  1.044E-10  5.336E-11
  285.5000  2.649E-10  4.595E-10  5.400E-10  4.363E-10  2.378E-10
  286.5000  3.735E-09  6.196E-09  7.188E-09  5.909E-09  3.382E-09
  287.5000  2.606E-08  4.113E-08  4.703E-08  3.941E-08  2.383E-08
  288.5000  1.616E-07  2.417E-07  2.721E-07  2.328E-07  1.493E-07
  289.5000  1.033E-06  1.487E-06  1.655E-06  1.437E-06  9.620E-07
  290.5000  4.701E-06  6.550E-06  7.221E-06  6.349E-06  4.405E-06
  291.5000  1.709E-05  2.296E-05  2.504E-05  2.233E-05  1.613E-05
  292.5000  4.596E-05  5.991E-05  6.477E-05  5.844E-05  4.363E-05
  293.5000  1.470E-04  1.864E-04  1.998E-04  1.823E-04  1.404E-04
  294.5000  3.026E-04  3.752E-04  3.997E-04  3.677E-04  2.902E-04
  295.5000  8.272E-04  1.002E-03  1.060E-03  9.839E-04  7.968E-04
  296.5000  1.548E-03  1.838E-03  1.934E-03  1.809E-03  1.496E-03
  297.5000  3.153E-03  3.682E-03  3.854E-03  3.629E-03  3.059E-03
  298.5000  3.957E-03  4.556E-03  4.749E-03  4.496E-03  3.850E-03
  299.5000  9.265E-03  1.052E-02  1.093E-02  1.040E-02  9.037E-03
  300.5000  9.015E-03  1.013E-02  1.049E-02  1.002E-02  8.811E-03
  301.5000  1.864E-02  2.072E-02  2.138E-02  2.051E-02  1.826E-02
  302.5000  2.386E-02  2.634E-02  2.711E-02  2.609E-02  2.341E-02
  303.5000  4.204E-02  4.599E-02  4.723E-02  4.561E-02  4.131E-02
  304.5000  4.688E-02  5.103E-02  5.233E-02  5.063E-02  4.611E-02
  305.5000  6.319E-02  6.886E-02  7.046E-02  6.836E-02  6.277E-02
  306.5000  6.742E-02  7.262E-02  7.423E-02  7.211E-02  6.645E-02
  307.5000  9.963E-02  1.067E-01  1.088E-01  1.060E-01  9.831E-02
  308.5000  1.126E-01  1.203E-01  1.227E-01  1.196E-01  1.112E-01
  309.5000  1.009E-01  1.073E-01  1.093E-01  1.067E-01  9.969E-02
  310.5000  1.390E-01  1.474E-01  1.500E-01  1.466E-01  1.374E-01
  311.5000  1.803E-01  1.909E-01  1.941E-01  1.899E-01  1.783E-01
  312.5000  1.783E-01  1.881E-01  1.911E-01  1.872E-01  1.765E-01
  313.5000  2.029E-01  2.139E-01  2.173E-01  2.129E-01  2.009E-01
  314.5000  2.051E-01  2.142E-01  2.188E-01  2.145E-01  2.031E-01
  315.5000  2.123E-01  2.230E-01  2.263E-01  2.220E-01  2.103E-01
  316.5000  2.132E-01  2.235E-01  2.266E-01  2.225E-01  2.113E-01
  317.5000  3.016E-01  3.161E-01  3.205E-01  3.147E-01  2.989E-01
  318.5000  2.390E-01  2.500E-01  2.533E-01  2.489E-01  2.369E-01
  319.5000  2.921E-01  3.054E-01  3.094E-01  3.041E-01  2.896E-01
  320.5000  3.561E-01  3.720E-01  3.769E-01  3.705E-01  3.531E-01
  321.5000  3.041E-01  3.172E-01  3.212E-01  3.160E-01  3.017E-01
  322.5000  3.050E-01  3.185E-01  3.227E-01  3.172E-01  3.025E-01
  323.5000  3.163E-01  3.296E-01  3.336E-01  3.283E-01  3.138E-01
  324.5000  3.713E-01  3.868E-01  3.916E-01  3.853E-01  3.683E-01
  325.5000  4.159E-01  4.335E-01  4.388E-01  4.318E-01  4.126E-01
  326.5000  5.052E-01  5.257E-01  5.319E-01  5.237E-01  5.013E-01
  327.5000  4.701E-01  4.894E-01  4.953E-01  4.876E-01  4.665E-01
  328.5000  4.342E-01  4.520E-01  4.574E-01  4.503E-01  4.309E-01
  329.5000  5.640E-01  5.864E-01  5.932E-01  5.842E-01  5.597E-01
  330.5000  5.126E-01  5.331E-01  5.394E-01  5.312E-01  5.087E-01
  331.5000  5.066E-01  5.269E-01  5.331E-01  5.250E-01  5.027E-01
  332.5000  4.994E-01  5.190E-01  5.250E-01  5.171E-01  4.957E-01
  333.5000  4.692E-01  4.878E-01  4.934E-01  4.860E-01  4.657E-01
  334.5000  5.244E-01  5.451E-01  5.514E-01  5.431E-01  5.205E-01
  335.5000  5.318E-01  5.525E-01  5.588E-01  5.505E-01  5.279E-01
  336.5000  4.158E-01  4.320E-01  4.370E-01  4.305E-01  4.128E-01
  337.5000  4.565E-01  4.744E-01  4.798E-01  4.726E-01  4.531E-01
  338.5000  4.820E-01  5.007E-01  5.063E-01  4.989E-01  4.785E-01
  339.5000  5.241E-01  5.443E-01  5.505E-01  5.424E-01  5.203E-01
  340.5000  5.604E-01  5.821E-01  5.886E-01  5.800E-01  5.563E-01
  341.5000  4.978E-01  5.169E-01  5.228E-01  5.151E-01  4.942E-01
  342.5000  5.516E-01  5.727E-01  5.791E-01  5.707E-01  5.476E-01
  343.5000  5.730E-01  5.950E-01  6.016E-01  5.929E-01  5.689E-01
  344.5000  4.017E-01  4.171E-01  4.218E-01  4.156E-01  3.988E-01
  345.5000  5.504E-01  5.714E-01  5.777E-01  5.694E-01  5.465E-01
  346.5000  5.150E-01  5.346E-01  5.406E-01  5.327E-01  5.112E-01
  347.5000  5.032E-01  5.224E-01  5.282E-01  5.205E-01  4.996E-01
  348.5000  5.531E-01  5.741E-01  5.805E-01  5.721E-01  5.491E-01
  349.5000  4.636E-01  4.811E-01  4.865E-01  4.795E-01  4.603E-01
  350.5000  6.491E-01  6.737E-01  6.812E-01  6.713E-01  6.445E-01
  351.5000  5.595E-01  5.807E-01  5.871E-01  5.786E-01  5.555E-01
  352.5000  5.047E-01  5.237E-01  5.295E-01  5.219E-01  5.011E-01
  353.5000  6.075E-01  6.304E-01  6.373E-01  6.282E-01  6.032E-01
  354.5000  6.576E-01  6.823E-01  6.898E-01  6.799E-01  6.529E-01
  355.5000  6.146E-01  6.376E-01  6.446E-01  6.354E-01  6.102E-01
  356.5000  5.704E-01  5.917E-01  5.982E-01  5.897E-01  5.663E-01
  357.5000  4.851E-01  5.032E-01  5.087E-01  5.014E-01  4.816E-01
  358.5000  3.743E-01  3.883E-01  3.925E-01  3.870E-01  3.717E-01
  359.5000  6.300E-01  6.535E-01  6.606E-01  6.512E-01  6.256E-01
  360.5000  5.840E-01  6.057E-01  6.123E-01  6.036E-01  5.799E-01
  361.5000  5.265E-01  5.461E-01  5.521E-01  5.442E-01  5.228E-01
  362.5000  6.184E-01  6.413E-01  6.483E-01  6.391E-01  6.140E-01
  363.5000  5.501E-01  5.705E-01  5.767E-01  5.685E-01  5.462E-01
  364.5000  6.001E-01  6.223E-01  6.291E-01  6.202E-01  5.959E-01
  365.5000  7.313E-01  7.583E-01  7.665E-01  7.557E-01  7.262E-01
  366.5000  7.740E-01  8.026E-01  8.112E-01  7.998E-01  7.686E-01
  367.5000  7.349E-01  7.620E-01  7.702E-01  7.594E-01  7.298E-01
  368.5000  6.457E-01  6.694E-01  6.766E-01  6.671E-01  6.412E-01
  369.5000  7.745E-01  8.030E-01  8.116E-01  8.002E-01  7.691E-01
  370.5000  7.027E-01  7.285E-01  7.363E-01  7.260E-01  6.979E-01
  371.5000  8.041E-01  8.336E-01  8.425E-01  8.307E-01  7.985E-01
  372.5000  5.940E-01  6.157E-01  6.223E-01  6.136E-01  5.899E-01
  373.5000  5.369E-01  5.565E-01  5.625E-01  5.547E-01  5.332E-01
  374.5000  5.894E-01  6.108E-01  6.174E-01  6.088E-01  5.853E-01
  375.5000  6.650E-01  6.892E-01  6.966E-01  6.869E-01  6.604E-01
  376.5000  6.641E-01  6.882E-01  6.956E-01  6.859E-01  6.595E-01
  377.5000  7.908E-01  8.195E-01  8.283E-01  8.168E-01  7.854E-01
  378.5000  8.620E-01  8.932E-01  9.027E-01  8.902E-01  8.561E-01
  379.5000  6.378E-01  6.609E-01  6.679E-01  6.586E-01  6.334E-01
  380.5000  7.670E-01  7.948E-01  8.032E-01  7.921E-01  7.618E-01
  381.5000  7.208E-01  7.469E-01  7.548E-01  7.444E-01  7.159E-01
  382.5000  4.803E-01  4.977E-01  5.029E-01  4.960E-01  4.771E-01
  383.5000  4.218E-01  4.370E-01  4.416E-01  4.356E-01  4.189E-01
  384.5000  6.331E-01  6.559E-01  6.628E-01  6.537E-01  6.288E-01
  385.5000  6.264E-01  6.489E-01  6.557E-01  6.467E-01  6.221E-01
  386.5000  6.385E-01  6.615E-01  6.684E-01  6.593E-01  6.342E-01
  387.5000  5.935E-01  6.148E-01  6.212E-01  6.127E-01  5.895E-01
  388.5000  5.949E-01  6.162E-01  6.227E-01  6.142E-01  5.909E-01
  389.5000  7.503E-01  7.771E-01  7.853E-01  7.745E-01  7.452E-01
  390.5000  7.370E-01  7.633E-01  7.713E-01  7.608E-01  7.320E-01
  391.5000  8.744E-01  9.056E-01  9.151E-01  9.026E-01  8.685E-01
  392.5000  6.558E-01  6.791E-01  6.862E-01  6.769E-01  6.513E-01
  393.5000  2.851E-01  2.953E-01  2.983E-01  2.943E-01  2.832E-01
  394.5000  6.710E-01  6.948E-01  7.021E-01  6.925E-01  6.665E-01
  395.5000  8.634E-01  8.940E-01  9.033E-01  8.911E-01  8.576E-01
  396.5000  5.070E-01  5.250E-01  5.305E-01  5.233E-01  5.036E-01
  397.5000  5.851E-01  6.058E-01  6.121E-01  6.039E-01  5.812E-01
  398.5000  1.006E+00  1.041E+00  1.052E+00  1.038E+00  9.988E-01
  399.5000  1.046E+00  1.083E+00  1.094E+00  1.079E+00  1.039E+00
  400.5000  1.100E+00  1.139E+00  1.150E+00  1.135E+00  1.092E+00
  401.5000  1.132E+00  1.172E+00  1.184E+00  1.168E+00  1.124E+00
  402.5000  1.175E+00  1.216E+00  1.229E+00  1.212E+00  1.167E+00
  403.5000  1.076E+00  1.113E+00  1.125E+00  1.110E+00  1.068E+00
  404.5000  1.055E+00  1.092E+00  1.103E+00  1.088E+00  1.048E+00
  405.5000  1.096E+00  1.135E+00  1.146E+00  1.131E+00  1.089E+00
  406.5000  1.032E+00  1.069E+00  1.080E+00  1.065E+00  1.026E+00
  407.5000  1.041E+00  1.077E+00  1.089E+00  1.074E+00  1.034E+00
  408.5000  1.160E+00  1.200E+00  1.212E+00  1.196E+00  1.152E+00
  409.5000  1.137E+00  1.177E+00  1.189E+00  1.173E+00  1.129E+00
  410.5000  9.860E-01  1.020E+00  1.031E+00  1.017E+00  9.795E-01
  411.5000  1.185E+00  1.227E+00  1.239E+00  1.223E+00  1.177E+00
  412.5000  1.175E+00  1.216E+00  1.228E+00  1.212E+00  1.167E+00
  413.5000  1.140E+00  1.179E+00  1.191E+00  1.175E+00  1.132E+00
  414.5000  1.171E+00  1.212E+00  1.224E+00  1.208E+00  1.164E+00
  415.5000  1.121E+00  1.159E+00  1.171E+00  1.156E+00  1.113E+00
  416.5000  1.220E+00  1.262E+00  1.275E+00  1.258E+00  1.212E+00
  417.5000  1.115E+00  1.154E+00  1.165E+00  1.150E+00  1.108E+00
  418.5000  1.124E+00  1.163E+00  1.175E+00  1.159E+00  1.117E+00
  419.5000  1.161E+00  1.201E+00  1.213E+00  1.197E+00  1.154E+00
------------------------------------------------------------
Dose rates, W m-2
   1 = UV-B, 280-315 nm                                  
   2 = UV-A, 315-400 nm                                  
   3 = Gaussian, 320 nm, 10 nm FWHM                      
   4 = RB Meter, model 501                               
   5 = DNA damage, in vitro (Setlow, 1974)               
   6 = UV index (WMO, 1994; Webb et al., 2011)           
   7 = Previtamin-D3 (CIE 2006)                          
values at z =      0.000 km
Columns: time, sza, weighting spectra
time, hrs.  sza, deg.          1          2          3          4          5          6          7
   11.0000     40.229  1.509E+00  4.789E+01  3.004E-01  4.442E-01  5.058E-03  8.465E+00  4.204E-01
   11.5000     38.268  1.607E+00  4.969E+01  3.138E-01  4.759E-01  5.578E-03  9.103E+00  4.537E-01
   12.0000     37.656  1.639E+00  5.024E+01  3.180E-01  4.858E-01  5.742E-03  9.303E+00  4.640E-01
   12.5000     38.459  1.599E+00  4.952E+01  3.126E-01  4.730E-01  5.527E-03  9.042E+00  4.505E-01
   13.0000     40.593  1.491E+00  4.755E+01  2.978E-01  4.386E-01  4.967E-03  8.351E+00  4.146E-01
------------------------------------------------------------
