Spectral Irradiance, W m-2 nm-1
values at z =      0.000 km
Columns: wavelength (nm), times (hrs.) or sza (deg.)
    wc, nm     11.000     11.500     12.000     12.500     13.000
    sza =      24.620     21.620     20.245     20.827     23.217
  280.5000  1.300E-15  2.648E-15  3.532E-15  3.136E-15  1.840E-15
  281.5000  5.328E-14  1.019E-13  1.325E-13  1.189E-13  7.312E-14
  282.5000  8.848E-13  1.604E-12  2.040E-12  1.847E-12  1.183E-12
  283.5000  4.975E-12  8.706E-12  1.092E-11  9.944E-12  6.537E-12
  284.5000  6.975E-11  1.145E-10  1.400E-10  1.288E-10  8.848E-11
  285.5000  3.079E-10  4.822E-10  5.783E-10  5.364E-10  3.832E-10
  286.5000  4.348E-09  6.568E-09  7.761E-09  7.243E-09  5.317E-09
  287.5000  3.039E-08  4.408E-08  5.126E-08  4.816E-08  3.643E-08
  288.5000  1.888E-07  2.622E-07  2.995E-07  2.835E-07  2.216E-07
  289.5000  1.209E-06  1.627E-06  1.835E-06  1.746E-06  1.398E-06
  290.5000  5.509E-06  7.220E-06  8.057E-06  7.700E-06  6.286E-06
  291.5000  2.006E-05  2.552E-05  2.814E-05  2.684E-05  2.256E-05
  292.5000  5.402E-05  6.706E-05  7.321E-05  7.060E-05  6.003E-05
  293.5000  1.731E-04  2.100E-04  2.271E-04  2.199E-04  1.902E-04
  294.5000  3.567E-04  4.250E-04  4.564E-04  4.431E-04  3.885E-04
  295.5000  9.765E-04  1.141E-03  1.216E-03  1.185E-03  1.054E-03
  296.5000  1.830E-03  2.105E-03  2.228E-03  2.177E-03  1.959E-03
  297.5000  3.733E-03  4.235E-03  4.458E-03  4.364E-03  3.970E-03
  298.5000  4.691E-03  5.261E-03  5.511E-03  5.406E-03  4.961E-03
  299.5000  1.100E-02  1.220E-02  1.272E-02  1.250E-02  1.157E-02
  300.5000  1.071E-02  1.178E-02  1.224E-02  1.205E-02  1.122E-02
  301.5000  2.218E-02  2.416E-02  2.502E-02  2.466E-02  2.312E-02
  302.5000  2.842E-02  3.078E-02  3.179E-02  3.137E-02  2.954E-02
  303.5000  5.012E-02  5.389E-02  5.551E-02  5.483E-02  5.192E-02
  304.5000  5.591E-02  5.988E-02  6.157E-02  6.086E-02  5.781E-02
  305.5000  7.608E-02  8.097E-02  8.306E-02  8.219E-02  7.842E-02
  306.5000  8.050E-02  8.545E-02  8.756E-02  8.668E-02  8.287E-02
  307.5000  1.190E-01  1.257E-01  1.285E-01  1.274E-01  1.222E-01
  308.5000  1.346E-01  1.418E-01  1.449E-01  1.436E-01  1.381E-01
  309.5000  1.206E-01  1.267E-01  1.292E-01  1.282E-01  1.235E-01
  310.5000  1.661E-01  1.741E-01  1.775E-01  1.761E-01  1.700E-01
  311.5000  2.154E-01  2.254E-01  2.297E-01  2.279E-01  2.202E-01
  312.5000  2.130E-01  2.223E-01  2.262E-01  2.246E-01  2.175E-01
  313.5000  2.424E-01  2.528E-01  2.571E-01  2.553E-01  2.474E-01
  314.5000  2.450E-01  2.548E-01  2.590E-01  2.573E-01  2.497E-01
  315.5000  2.535E-01  2.636E-01  2.678E-01  2.661E-01  2.584E-01
  316.5000  2.546E-01  2.642E-01  2.683E-01  2.666E-01  2.592E-01
  317.5000  3.601E-01  3.737E-01  3.794E-01  3.770E-01  3.666E-01
  318.5000  2.853E-01  2.956E-01  2.999E-01  2.981E-01  2.903E-01
  319.5000  3.486E-01  3.610E-01  3.662E-01  3.641E-01  3.546E-01
  320.5000  4.248E-01  4.398E-01  4.461E-01  4.434E-01  4.320E-01
  321.5000  3.629E-01  3.751E-01  3.802E-01  3.781E-01  3.688E-01
  322.5000  3.637E-01  3.763E-01  3.816E-01  3.794E-01  3.698E-01
  323.5000  3.772E-01  3.896E-01  3.948E-01  3.926E-01  3.832E-01
  324.5000  4.426E-01  4.571E-01  4.632E-01  4.607E-01  4.496E-01
  325.5000  4.956E-01  5.120E-01  5.188E-01  5.160E-01  5.035E-01
  326.5000  6.020E-01  6.211E-01  6.290E-01  6.257E-01  6.112E-01
  327.5000  5.600E-01  5.779E-01  5.854E-01  5.823E-01  5.686E-01
  328.5000  5.170E-01  5.335E-01  5.404E-01  5.375E-01  5.249E-01
  329.5000  6.714E-01  6.922E-01  7.009E-01  6.973E-01  6.815E-01
  330.5000  6.099E-01  6.290E-01  6.370E-01  6.337E-01  6.191E-01
  331.5000  6.025E-01  6.214E-01  6.293E-01  6.260E-01  6.117E-01
  332.5000  5.939E-01  6.121E-01  6.197E-01  6.166E-01  6.027E-01
  333.5000  5.578E-01  5.750E-01  5.822E-01  5.792E-01  5.661E-01
  334.5000  6.232E-01  6.423E-01  6.503E-01  6.470E-01  6.324E-01
  335.5000  6.318E-01  6.510E-01  6.590E-01  6.557E-01  6.411E-01
  336.5000  4.938E-01  5.088E-01  5.151E-01  5.125E-01  5.010E-01
  337.5000  5.418E-01  5.584E-01  5.653E-01  5.624E-01  5.498E-01
  338.5000  5.720E-01  5.892E-01  5.964E-01  5.934E-01  5.803E-01
  339.5000  6.217E-01  6.404E-01  6.482E-01  6.449E-01  6.307E-01
  340.5000  6.645E-01  6.845E-01  6.928E-01  6.894E-01  6.741E-01
  341.5000  5.901E-01  6.077E-01  6.151E-01  6.121E-01  5.986E-01
  342.5000  6.536E-01  6.731E-01  6.812E-01  6.778E-01  6.630E-01
  343.5000  6.787E-01  6.990E-01  7.074E-01  7.039E-01  6.885E-01
  344.5000  4.756E-01  4.898E-01  4.957E-01  4.933E-01  4.825E-01
  345.5000  6.515E-01  6.708E-01  6.789E-01  6.755E-01  6.608E-01
  346.5000  6.093E-01  6.274E-01  6.349E-01  6.318E-01  6.180E-01
  347.5000  5.952E-01  6.128E-01  6.202E-01  6.171E-01  6.037E-01
  348.5000  6.540E-01  6.733E-01  6.813E-01  6.780E-01  6.633E-01
  349.5000  5.479E-01  5.641E-01  5.708E-01  5.680E-01  5.557E-01
  350.5000  7.670E-01  7.895E-01  7.989E-01  7.950E-01  7.779E-01
  351.5000  6.609E-01  6.803E-01  6.884E-01  6.850E-01  6.702E-01
  352.5000  5.958E-01  6.133E-01  6.206E-01  6.176E-01  6.043E-01
  353.5000  7.171E-01  7.380E-01  7.468E-01  7.432E-01  7.272E-01
  354.5000  7.759E-01  7.985E-01  8.080E-01  8.040E-01  7.868E-01
  355.5000  7.249E-01  7.460E-01  7.548E-01  7.512E-01  7.351E-01
  356.5000  6.725E-01  6.921E-01  7.003E-01  6.969E-01  6.820E-01
  357.5000  5.717E-01  5.883E-01  5.953E-01  5.924E-01  5.797E-01
  358.5000  4.411E-01  4.538E-01  4.592E-01  4.570E-01  4.472E-01
  359.5000  7.421E-01  7.636E-01  7.725E-01  7.688E-01  7.524E-01
  360.5000  6.876E-01  7.075E-01  7.158E-01  7.124E-01  6.972E-01
  361.5000  6.198E-01  6.377E-01  6.451E-01  6.420E-01  6.284E-01
  362.5000  7.276E-01  7.486E-01  7.573E-01  7.537E-01  7.377E-01
  363.5000  6.471E-01  6.657E-01  6.735E-01  6.703E-01  6.561E-01
  364.5000  7.057E-01  7.260E-01  7.345E-01  7.309E-01  7.155E-01
  365.5000  8.597E-01  8.843E-01  8.947E-01  8.904E-01  8.716E-01
  366.5000  9.096E-01  9.356E-01  9.465E-01  9.420E-01  9.222E-01
  367.5000  8.634E-01  8.881E-01  8.984E-01  8.941E-01  8.753E-01
  368.5000  7.583E-01  7.799E-01  7.890E-01  7.852E-01  7.687E-01
  369.5000  9.093E-01  9.352E-01  9.461E-01  9.416E-01  9.218E-01
  370.5000  8.248E-01  8.483E-01  8.581E-01  8.540E-01  8.361E-01
  371.5000  9.435E-01  9.703E-01  9.815E-01  9.769E-01  9.564E-01
  372.5000  6.967E-01  7.165E-01  7.248E-01  7.213E-01  7.063E-01
  373.5000  6.296E-01  6.475E-01  6.549E-01  6.518E-01  6.382E-01
  374.5000  6.909E-01  7.104E-01  7.186E-01  7.152E-01  7.003E-01
  375.5000  7.793E-01  8.013E-01  8.105E-01  8.067E-01  7.899E-01
  376.5000  7.780E-01  7.999E-01  8.091E-01  8.053E-01  7.886E-01
  377.5000  9.262E-01  9.523E-01  9.632E-01  9.587E-01  9.388E-01
  378.5000  1.009E+00  1.038E+00  1.050E+00  1.045E+00  1.023E+00
  379.5000  7.465E-01  7.675E-01  7.763E-01  7.726E-01  7.566E-01
  380.5000  8.975E-01  9.228E-01  9.333E-01  9.289E-01  9.097E-01
  381.5000  8.432E-01  8.669E-01  8.768E-01  8.726E-01  8.546E-01
  382.5000  5.617E-01  5.775E-01  5.841E-01  5.813E-01  5.693E-01
  383.5000  4.932E-01  5.070E-01  5.127E-01  5.103E-01  4.998E-01
  384.5000  7.399E-01  7.606E-01  7.692E-01  7.657E-01  7.499E-01
  385.5000  7.319E-01  7.523E-01  7.609E-01  7.573E-01  7.418E-01
  386.5000  7.459E-01  7.667E-01  7.754E-01  7.718E-01  7.559E-01
  387.5000  6.931E-01  7.124E-01  7.204E-01  7.171E-01  7.024E-01
  388.5000  6.946E-01  7.139E-01  7.219E-01  7.186E-01  7.039E-01
  389.5000  8.757E-01  9.000E-01  9.102E-01  9.060E-01  8.875E-01
  390.5000  8.600E-01  8.838E-01  8.938E-01  8.897E-01  8.715E-01
  391.5000  1.020E+00  1.048E+00  1.060E+00  1.055E+00  1.034E+00
  392.5000  7.648E-01  7.859E-01  7.948E-01  7.911E-01  7.750E-01
  393.5000  3.324E-01  3.416E-01  3.455E-01  3.439E-01  3.369E-01
  394.5000  7.821E-01  8.037E-01  8.127E-01  8.090E-01  7.925E-01
  395.5000  1.006E+00  1.034E+00  1.045E+00  1.041E+00  1.020E+00
  396.5000  5.907E-01  6.070E-01  6.137E-01  6.109E-01  5.985E-01
  397.5000  6.815E-01  7.003E-01  7.081E-01  7.048E-01  6.906E-01
  398.5000  1.171E+00  1.203E+00  1.216E+00  1.211E+00  1.186E+00
  399.5000  1.218E+00  1.251E+00  1.265E+00  1.259E+00  1.234E+00
  400.5000  1.280E+00  1.315E+00  1.330E+00  1.324E+00  1.297E+00
  401.5000  1.317E+00  1.353E+00  1.368E+00  1.362E+00  1.334E+00
  402.5000  1.367E+00  1.404E+00  1.420E+00  1.413E+00  1.385E+00
  403.5000  1.251E+00  1.285E+00  1.299E+00  1.293E+00  1.267E+00
  404.5000  1.227E+00  1.260E+00  1.274E+00  1.268E+00  1.243E+00
  405.5000  1.274E+00  1.309E+00  1.323E+00  1.317E+00  1.291E+00
  406.5000  1.200E+00  1.233E+00  1.246E+00  1.241E+00  1.216E+00
  407.5000  1.210E+00  1.242E+00  1.256E+00  1.250E+00  1.225E+00
  408.5000  1.347E+00  1.383E+00  1.399E+00  1.392E+00  1.365E+00
  409.5000  1.320E+00  1.356E+00  1.371E+00  1.365E+00  1.338E+00
  410.5000  1.145E+00  1.176E+00  1.189E+00  1.183E+00  1.160E+00
  411.5000  1.376E+00  1.413E+00  1.429E+00  1.422E+00  1.394E+00
  412.5000  1.363E+00  1.400E+00  1.416E+00  1.409E+00  1.381E+00
  413.5000  1.322E+00  1.358E+00  1.373E+00  1.367E+00  1.339E+00
  414.5000  1.359E+00  1.395E+00  1.411E+00  1.404E+00  1.376E+00
  415.5000  1.299E+00  1.335E+00  1.349E+00  1.343E+00  1.316E+00
  416.5000  1.414E+00  1.452E+00  1.468E+00  1.462E+00  1.433E+00
  417.5000  1.293E+00  1.327E+00  1.342E+00  1.336E+00  1.309E+00
  418.5000  1.303E+00  1.338E+00  1.352E+00  1.346E+00  1.320E+00
  419.5000  1.345E+00  1.382E+00  1.397E+00  1.390E+00  1.363E+00
------------------------------------------------------------
Dose rates, W m-2
   1 = UV-B, 280-315 nm                                  
   2 = UV-A, 315-400 nm                                  
   3 = Gaussian, 320 nm, 10 nm FWHM                      
   4 = RB Meter, model 501                               
   5 = DNA damage, in vitro (Setlow, 1974)               
   6 = UV index (WMO, 1994; Webb et al., 2011)           
   7 = Previtamin-D3 (CIE 2006)                          
values at z =      0.000 km
Columns: time, sza, weighting spectra
time, hrs.  sza, deg.          1          2          3          4          5          6          7
   11.0000     24.620  1.803E+00  5.637E+01  3.583E-01  5.303E-01  6.027E-03  1.009E+01  5.021E-01
   11.5000     21.620  1.896E+00  5.802E+01  3.710E-01  5.603E-01  6.519E-03  1.069E+01  5.335E-01
   12.0000     20.245  1.936E+00  5.872E+01  3.763E-01  5.731E-01  6.732E-03  1.095E+01  5.469E-01
   12.5000     20.827  1.919E+00  5.843E+01  3.741E-01  5.677E-01  6.643E-03  1.084E+01  5.413E-01
   13.0000     23.217  1.848E+00  5.717E+01  3.644E-01  5.447E-01  6.261E-03  1.038E+01  5.171E-01
------------------------------------------------------------
