Spectral Irradiance, W m-2 nm-1
values at z =      0.000 km
Columns: wavelength (nm), times (hrs.) or sza (deg.)
    wc, nm     11.000     11.500     12.000     12.500     13.000
    sza =      28.776     26.766     26.715     28.633     32.169
  280.5000  1.962E-14  3.362E-14  3.407E-14  2.043E-14  6.935E-15
  281.5000  6.268E-13  1.024E-12  1.037E-12  6.502E-13  2.428E-13
  282.5000  8.404E-12  1.319E-11  1.333E-11  8.691E-12  3.521E-12
  283.5000  4.112E-11  6.283E-11  6.348E-11  4.244E-11  1.813E-11
  284.5000  4.474E-10  6.516E-10  6.576E-10  4.602E-10  2.166E-10
  285.5000  1.637E-09  2.301E-09  2.320E-09  1.679E-09  8.439E-10
  286.5000  2.002E-08  2.649E-08  2.753E-08  2.049E-08  1.094E-08
  287.5000  1.192E-07  1.581E-07  1.592E-07  1.218E-07  6.912E-08
  288.5000  6.226E-07  7.991E-07  8.040E-07  6.343E-07  3.848E-07
  289.5000  3.520E-06  4.412E-06  4.437E-06  3.580E-06  2.277E-06
  290.5000  1.444E-05  1.775E-05  1.784E-05  1.467E-05  9.709E-06
  291.5000  4.672E-05  5.613E-05  5.638E-05  4.736E-05  3.280E-05
  292.5000  1.141E-04  1.346E-04  1.352E-04  1.156E-04  8.304E-05
  293.5000  3.337E-04  3.869E-04  3.883E-04  3.374E-04  2.511E-04
  294.5000  6.401E-04  7.321E-04  7.345E-04  6.466E-04  4.944E-04
  295.5000  1.624E-03  1.830E-03  1.836E-03  1.638E-03  1.290E-03
  296.5000  2.855E-03  3.181E-03  3.189E-03  2.879E-03  2.321E-03
  297.5000  5.510E-03  6.073E-03  6.088E-03  5.550E-03  4.570E-03
  298.5000  6.607E-03  7.219E-03  7.235E-03  6.651E-03  5.574E-03
  299.5000  1.482E-02  1.605E-02  1.609E-02  1.491E-02  1.270E-02
  300.5000  1.395E-02  1.502E-02  1.505E-02  1.403E-02  1.211E-02
  301.5000  2.783E-02  2.976E-02  2.981E-02  2.797E-02  2.448E-02
  302.5000  3.421E-02  3.705E-02  3.711E-02  3.497E-02  3.089E-02
  303.5000  5.966E-02  6.316E-02  6.325E-02  5.991E-02  5.349E-02
  304.5000  6.547E-02  6.910E-02  6.919E-02  6.574E-02  5.906E-02
  305.5000  8.692E-02  9.132E-02  9.143E-02  8.724E-02  7.911E-02
  306.5000  9.101E-02  9.542E-02  9.553E-02  9.133E-02  8.315E-02
  307.5000  1.319E-01  1.378E-01  1.379E-01  1.323E-01  1.214E-01
  308.5000  1.480E-01  1.543E-01  1.545E-01  1.484E-01  1.366E-01
  309.5000  1.308E-01  1.361E-01  1.362E-01  1.312E-01  1.213E-01
  310.5000  1.786E-01  1.854E-01  1.856E-01  1.791E-01  1.662E-01
  311.5000  2.302E-01  2.387E-01  2.389E-01  2.308E-01  2.147E-01
  312.5000  2.251E-01  2.330E-01  2.332E-01  2.257E-01  2.108E-01
  313.5000  2.555E-01  2.643E-01  2.645E-01  2.561E-01  2.396E-01
  314.5000  2.558E-01  2.641E-01  2.643E-01  2.564E-01  2.407E-01
  315.5000  2.643E-01  2.728E-01  2.730E-01  2.649E-01  2.488E-01
  316.5000  2.635E-01  2.716E-01  2.718E-01  2.641E-01  2.487E-01
  317.5000  3.726E-01  3.841E-01  3.843E-01  3.735E-01  3.518E-01
  318.5000  2.933E-01  3.019E-01  3.021E-01  2.939E-01  2.776E-01
  319.5000  3.579E-01  3.683E-01  3.686E-01  3.586E-01  3.389E-01
  320.5000  4.355E-01  4.480E-01  4.483E-01  4.364E-01  4.127E-01
  321.5000  3.698E-01  3.800E-01  3.802E-01  3.705E-01  3.512E-01
  322.5000  3.723E-01  3.829E-01  3.832E-01  3.731E-01  3.531E-01
  323.5000  3.833E-01  3.936E-01  3.939E-01  3.841E-01  3.645E-01
  324.5000  4.499E-01  4.620E-01  4.623E-01  4.508E-01  4.277E-01
  325.5000  5.043E-01  5.180E-01  5.183E-01  5.053E-01  4.790E-01
  326.5000  6.095E-01  6.254E-01  6.258E-01  6.106E-01  5.804E-01
  327.5000  5.679E-01  5.828E-01  5.832E-01  5.690E-01  5.405E-01
  328.5000  5.243E-01  5.381E-01  5.385E-01  5.253E-01  4.991E-01
  329.5000  6.784E-01  6.958E-01  6.962E-01  6.797E-01  6.467E-01
  330.5000  6.173E-01  6.332E-01  6.336E-01  6.184E-01  5.882E-01
  331.5000  6.100E-01  6.258E-01  6.262E-01  6.112E-01  5.813E-01
  332.5000  5.997E-01  6.149E-01  6.153E-01  6.009E-01  5.720E-01
  333.5000  5.639E-01  5.783E-01  5.786E-01  5.650E-01  5.377E-01
  334.5000  6.297E-01  6.457E-01  6.461E-01  6.309E-01  6.006E-01
  335.5000  6.377E-01  6.537E-01  6.541E-01  6.389E-01  6.085E-01
  336.5000  4.986E-01  5.111E-01  5.114E-01  4.995E-01  4.758E-01
  337.5000  5.476E-01  5.614E-01  5.618E-01  5.487E-01  5.225E-01
  338.5000  5.774E-01  5.918E-01  5.921E-01  5.784E-01  5.511E-01
  339.5000  6.275E-01  6.431E-01  6.435E-01  6.287E-01  5.990E-01
  340.5000  6.710E-01  6.877E-01  6.882E-01  6.723E-01  6.406E-01
  341.5000  5.956E-01  6.103E-01  6.107E-01  5.967E-01  5.687E-01
  342.5000  6.596E-01  6.759E-01  6.763E-01  6.608E-01  6.299E-01
  343.5000  6.852E-01  7.021E-01  7.025E-01  6.865E-01  6.543E-01
  344.5000  4.803E-01  4.921E-01  4.924E-01  4.812E-01  4.587E-01
  345.5000  6.576E-01  6.737E-01  6.741E-01  6.588E-01  6.281E-01
  346.5000  6.152E-01  6.303E-01  6.307E-01  6.163E-01  5.877E-01
  347.5000  6.010E-01  6.157E-01  6.161E-01  6.021E-01  5.741E-01
  348.5000  6.603E-01  6.764E-01  6.768E-01  6.615E-01  6.309E-01
  349.5000  5.533E-01  5.668E-01  5.671E-01  5.543E-01  5.286E-01
  350.5000  7.745E-01  7.933E-01  7.938E-01  7.759E-01  7.400E-01
  351.5000  6.674E-01  6.836E-01  6.841E-01  6.686E-01  6.378E-01
  352.5000  6.018E-01  6.164E-01  6.167E-01  6.029E-01  5.751E-01
  353.5000  7.242E-01  7.417E-01  7.422E-01  7.255E-01  6.922E-01
  354.5000  7.836E-01  8.025E-01  8.030E-01  7.850E-01  7.490E-01
  355.5000  7.321E-01  7.498E-01  7.502E-01  7.335E-01  6.999E-01
  356.5000  6.793E-01  6.957E-01  6.961E-01  6.805E-01  6.494E-01
  357.5000  5.775E-01  5.914E-01  5.918E-01  5.786E-01  5.521E-01
  358.5000  4.456E-01  4.563E-01  4.565E-01  4.464E-01  4.260E-01
  359.5000  7.497E-01  7.677E-01  7.681E-01  7.511E-01  7.169E-01
  360.5000  6.948E-01  7.114E-01  7.118E-01  6.960E-01  6.644E-01
  361.5000  6.262E-01  6.412E-01  6.416E-01  6.273E-01  5.989E-01
  362.5000  7.352E-01  7.528E-01  7.532E-01  7.365E-01  7.032E-01
  363.5000  6.539E-01  6.695E-01  6.699E-01  6.551E-01  6.254E-01
  364.5000  7.132E-01  7.302E-01  7.306E-01  7.145E-01  6.822E-01
  365.5000  8.689E-01  8.895E-01  8.900E-01  8.704E-01  8.311E-01
  366.5000  9.193E-01  9.411E-01  9.417E-01  9.210E-01  8.795E-01
  367.5000  8.727E-01  8.934E-01  8.939E-01  8.742E-01  8.349E-01
  368.5000  7.665E-01  7.846E-01  7.851E-01  7.678E-01  7.333E-01
  369.5000  9.192E-01  9.409E-01  9.415E-01  9.208E-01  8.795E-01
  370.5000  8.338E-01  8.535E-01  8.540E-01  8.353E-01  7.979E-01
  371.5000  9.539E-01  9.763E-01  9.769E-01  9.556E-01  9.128E-01
  372.5000  7.045E-01  7.210E-01  7.214E-01  7.057E-01  6.742E-01
  373.5000  6.366E-01  6.516E-01  6.520E-01  6.378E-01  6.093E-01
  374.5000  6.986E-01  7.150E-01  7.154E-01  6.998E-01  6.686E-01
  375.5000  7.881E-01  8.065E-01  8.070E-01  7.894E-01  7.543E-01
  376.5000  7.868E-01  8.052E-01  8.057E-01  7.882E-01  7.531E-01
  377.5000  9.368E-01  9.586E-01  9.592E-01  9.384E-01  8.967E-01
  378.5000  1.021E+00  1.045E+00  1.045E+00  1.023E+00  9.772E-01
  379.5000  7.551E-01  7.727E-01  7.731E-01  7.564E-01  7.229E-01
  380.5000  9.079E-01  9.291E-01  9.296E-01  9.095E-01  8.693E-01
  381.5000  8.530E-01  8.728E-01  8.733E-01  8.545E-01  8.168E-01
  382.5000  5.683E-01  5.815E-01  5.818E-01  5.693E-01  5.442E-01
  383.5000  4.990E-01  5.105E-01  5.108E-01  4.998E-01  4.778E-01
  384.5000  7.487E-01  7.660E-01  7.664E-01  7.500E-01  7.170E-01
  385.5000  7.406E-01  7.577E-01  7.581E-01  7.419E-01  7.093E-01
  386.5000  7.548E-01  7.722E-01  7.727E-01  7.561E-01  7.229E-01
  387.5000  7.014E-01  7.176E-01  7.180E-01  7.026E-01  6.718E-01
  388.5000  7.029E-01  7.191E-01  7.195E-01  7.041E-01  6.733E-01
  389.5000  8.863E-01  9.067E-01  9.072E-01  8.878E-01  8.490E-01
  390.5000  8.704E-01  8.904E-01  8.909E-01  8.719E-01  8.339E-01
  391.5000  1.033E+00  1.056E+00  1.057E+00  1.034E+00  9.892E-01
  392.5000  7.742E-01  7.919E-01  7.923E-01  7.755E-01  7.417E-01
  393.5000  3.365E-01  3.442E-01  3.444E-01  3.371E-01  3.224E-01
  394.5000  7.918E-01  8.099E-01  8.103E-01  7.931E-01  7.587E-01
  395.5000  1.019E+00  1.042E+00  1.042E+00  1.020E+00  9.761E-01
  396.5000  5.981E-01  6.117E-01  6.120E-01  5.991E-01  5.731E-01
  397.5000  6.901E-01  7.058E-01  7.062E-01  6.912E-01  6.613E-01
  398.5000  1.186E+00  1.213E+00  1.213E+00  1.188E+00  1.136E+00
  399.5000  1.233E+00  1.261E+00  1.262E+00  1.235E+00  1.182E+00
  400.5000  1.296E+00  1.326E+00  1.326E+00  1.298E+00  1.242E+00
  401.5000  1.333E+00  1.364E+00  1.364E+00  1.336E+00  1.278E+00
  402.5000  1.384E+00  1.416E+00  1.416E+00  1.387E+00  1.327E+00
  403.5000  1.267E+00  1.296E+00  1.296E+00  1.269E+00  1.214E+00
  404.5000  1.242E+00  1.271E+00  1.271E+00  1.245E+00  1.191E+00
  405.5000  1.291E+00  1.320E+00  1.320E+00  1.293E+00  1.237E+00
  406.5000  1.215E+00  1.243E+00  1.244E+00  1.217E+00  1.165E+00
  407.5000  1.225E+00  1.253E+00  1.254E+00  1.227E+00  1.175E+00
  408.5000  1.365E+00  1.395E+00  1.396E+00  1.367E+00  1.308E+00
  409.5000  1.338E+00  1.368E+00  1.368E+00  1.340E+00  1.283E+00
  410.5000  1.160E+00  1.186E+00  1.187E+00  1.162E+00  1.112E+00
  411.5000  1.394E+00  1.425E+00  1.426E+00  1.396E+00  1.337E+00
  412.5000  1.382E+00  1.412E+00  1.413E+00  1.384E+00  1.325E+00
  413.5000  1.340E+00  1.370E+00  1.371E+00  1.342E+00  1.285E+00
  414.5000  1.377E+00  1.408E+00  1.408E+00  1.379E+00  1.321E+00
  415.5000  1.317E+00  1.346E+00  1.347E+00  1.319E+00  1.263E+00
  416.5000  1.433E+00  1.465E+00  1.466E+00  1.436E+00  1.375E+00
  417.5000  1.310E+00  1.339E+00  1.340E+00  1.312E+00  1.257E+00
  418.5000  1.320E+00  1.350E+00  1.350E+00  1.322E+00  1.266E+00
  419.5000  1.364E+00  1.394E+00  1.395E+00  1.366E+00  1.308E+00
------------------------------------------------------------
Dose rates, W m-2
   1 = UV-B, 280-315 nm                                  
   2 = UV-A, 315-400 nm                                  
   3 = Gaussian, 320 nm, 10 nm FWHM                      
   4 = RB Meter, model 501                               
   5 = DNA damage, in vitro (Setlow, 1974)               
   6 = UV index (WMO, 1994; Webb et al., 2011)           
   7 = Previtamin-D3 (CIE 2006)                          
values at z =      0.000 km
Columns: time, sza, weighting spectra
time, hrs.  sza, deg.          1          2          3          4          5          6          7
   11.0000     28.776  1.967E+00  5.705E+01  3.675E-01  5.898E-01  7.381E-03  1.138E+01  5.707E-01
   11.5000     26.766  2.050E+00  5.843E+01  3.781E-01  6.173E-01  7.884E-03  1.195E+01  5.999E-01
   12.0000     26.715  2.052E+00  5.847E+01  3.784E-01  6.180E-01  7.896E-03  1.197E+01  6.007E-01
   12.5000     28.633  1.974E+00  5.715E+01  3.683E-01  5.922E-01  7.427E-03  1.143E+01  5.733E-01
   13.0000     32.169  1.821E+00  5.452E+01  3.482E-01  5.421E-01  6.544E-03  1.041E+01  5.204E-01
------------------------------------------------------------
