Spectral Irradiance, W m-2 nm-1
values at z =      0.000 km
Columns: wavelength (nm), times (hrs.) or sza (deg.)
    wc, nm     11.000     11.500     12.000     12.500     13.000
    sza =      75.549     74.502     74.005     74.070     74.695
  280.5000  4.276E-34  4.587E-34  4.742E-34  4.722E-34  4.528E-34
  281.5000  5.098E-31  5.474E-31  5.662E-31  5.637E-31  5.403E-31
  282.5000  1.535E-28  1.649E-28  1.707E-28  1.699E-28  1.628E-28
  283.5000  5.638E-27  6.063E-27  6.277E-27  6.248E-27  5.982E-27
  284.5000  2.471E-24  2.662E-24  2.758E-24  2.745E-24  2.626E-24
  285.5000  1.396E-22  1.506E-22  1.561E-22  1.554E-22  1.485E-22
  286.5000  1.401E-20  1.513E-20  1.569E-20  1.562E-20  1.491E-20
  287.5000  8.688E-19  9.400E-19  9.761E-19  9.713E-19  9.264E-19
  288.5000  5.864E-17  6.361E-17  6.614E-17  6.580E-17  6.266E-17
  289.5000  2.081E-15  2.262E-15  2.354E-15  2.342E-15  2.227E-15
  290.5000  4.020E-14  4.380E-14  4.564E-14  4.539E-14  4.311E-14
  291.5000  7.621E-13  8.330E-13  8.694E-13  8.645E-13  8.193E-13
  292.5000  8.006E-12  8.779E-12  9.177E-12  9.124E-12  8.630E-12
  293.5000  9.354E-11  1.030E-10  1.078E-10  1.072E-10  1.011E-10
  294.5000  5.372E-10  5.934E-10  6.226E-10  6.187E-10  5.825E-10
  295.5000  4.438E-09  4.927E-09  5.184E-09  5.149E-09  4.832E-09
  296.5000  2.120E-08  2.367E-08  2.498E-08  2.480E-08  2.319E-08
  297.5000  1.000E-07  1.125E-07  1.192E-07  1.183E-07  1.101E-07
  298.5000  2.603E-07  2.955E-07  3.149E-07  3.123E-07  2.885E-07
  299.5000  1.244E-06  1.432E-06  1.539E-06  1.525E-06  1.394E-06
  300.5000  2.151E-06  2.517E-06  2.729E-06  2.700E-06  2.442E-06
  301.5000  8.662E-06  1.039E-05  1.140E-05  1.126E-05  1.003E-05
  302.5000  1.775E-05  2.169E-05  2.402E-05  2.369E-05  2.087E-05
  303.5000  5.747E-05  7.183E-05  8.026E-05  7.909E-05  6.886E-05
  304.5000  9.362E-05  1.183E-04  1.327E-04  1.307E-04  1.132E-04
  305.5000  2.361E-04  3.012E-04  3.385E-04  3.334E-04  2.879E-04
  306.5000  3.306E-04  4.224E-04  4.743E-04  4.672E-04  4.038E-04
  307.5000  8.724E-04  1.108E-03  1.238E-03  1.221E-03  1.061E-03
  308.5000  1.241E-03  1.570E-03  1.750E-03  1.725E-03  1.505E-03
  309.5000  1.685E-03  2.105E-03  2.331E-03  2.301E-03  2.023E-03
  310.5000  3.153E-03  3.896E-03  4.290E-03  4.237E-03  3.751E-03
  311.5000  5.019E-03  6.150E-03  6.743E-03  6.664E-03  5.930E-03
  312.5000  7.233E-03  8.707E-03  9.468E-03  9.366E-03  8.423E-03
  313.5000  8.996E-03  1.078E-02  1.170E-02  1.158E-02  1.044E-02
  314.5000  1.265E-02  1.490E-02  1.604E-02  1.589E-02  1.447E-02
  315.5000  1.382E-02  1.624E-02  1.746E-02  1.730E-02  1.578E-02
  316.5000  1.801E-02  2.084E-02  2.226E-02  2.207E-02  2.030E-02
  317.5000  2.550E-02  2.952E-02  3.154E-02  3.127E-02  2.876E-02
  318.5000  2.572E-02  2.935E-02  3.115E-02  3.091E-02  2.866E-02
  319.5000  3.291E-02  3.746E-02  3.971E-02  3.942E-02  3.661E-02
  320.5000  4.243E-02  4.814E-02  5.096E-02  5.058E-02  4.707E-02
  321.5000  4.527E-02  5.066E-02  5.330E-02  5.295E-02  4.965E-02
  322.5000  3.827E-02  4.330E-02  4.577E-02  4.545E-02  4.235E-02
  323.5000  5.204E-02  5.788E-02  6.073E-02  6.035E-02  5.678E-02
  324.5000  6.049E-02  6.733E-02  7.067E-02  7.023E-02  6.605E-02
  325.5000  6.546E-02  7.304E-02  7.674E-02  7.625E-02  7.162E-02
  326.5000  9.556E-02  1.054E-01  1.102E-01  1.095E-01  1.035E-01
  327.5000  8.388E-02  9.286E-02  9.724E-02  9.666E-02  9.118E-02
  328.5000  7.769E-02  8.600E-02  9.005E-02  8.952E-02  8.445E-02
  329.5000  1.157E-01  1.270E-01  1.324E-01  1.317E-01  1.249E-01
  330.5000  9.945E-02  1.095E-01  1.145E-01  1.138E-01  1.077E-01
  331.5000  9.725E-02  1.072E-01  1.120E-01  1.114E-01  1.053E-01
  332.5000  1.059E-01  1.160E-01  1.209E-01  1.202E-01  1.141E-01
  333.5000  9.545E-02  1.048E-01  1.094E-01  1.088E-01  1.031E-01
  334.5000  1.091E-01  1.197E-01  1.249E-01  1.242E-01  1.177E-01
  335.5000  1.161E-01  1.270E-01  1.323E-01  1.316E-01  1.250E-01
  336.5000  8.962E-02  9.811E-02  1.022E-01  1.017E-01  9.653E-02
  337.5000  9.529E-02  1.045E-01  1.090E-01  1.084E-01  1.028E-01
  338.5000  1.058E-01  1.157E-01  1.205E-01  1.199E-01  1.139E-01
  339.5000  1.159E-01  1.267E-01  1.320E-01  1.313E-01  1.247E-01
  340.5000  1.219E-01  1.334E-01  1.390E-01  1.382E-01  1.312E-01
  341.5000  1.111E-01  1.214E-01  1.264E-01  1.258E-01  1.195E-01
  342.5000  1.238E-01  1.353E-01  1.408E-01  1.401E-01  1.331E-01
  343.5000  1.277E-01  1.396E-01  1.453E-01  1.446E-01  1.374E-01
  344.5000  8.874E-02  9.708E-02  1.011E-01  1.006E-01  9.552E-02
  345.5000  1.247E-01  1.362E-01  1.418E-01  1.411E-01  1.341E-01
  346.5000  1.151E-01  1.259E-01  1.311E-01  1.304E-01  1.239E-01
  347.5000  1.128E-01  1.233E-01  1.284E-01  1.278E-01  1.214E-01
  348.5000  1.248E-01  1.364E-01  1.420E-01  1.413E-01  1.342E-01
  349.5000  1.046E-01  1.144E-01  1.191E-01  1.185E-01  1.125E-01
  350.5000  1.468E-01  1.605E-01  1.671E-01  1.662E-01  1.580E-01
  351.5000  1.265E-01  1.382E-01  1.439E-01  1.432E-01  1.360E-01
  352.5000  1.144E-01  1.250E-01  1.302E-01  1.295E-01  1.230E-01
  353.5000  1.382E-01  1.511E-01  1.573E-01  1.565E-01  1.487E-01
  354.5000  1.501E-01  1.640E-01  1.708E-01  1.699E-01  1.615E-01
  355.5000  1.405E-01  1.535E-01  1.598E-01  1.590E-01  1.511E-01
  356.5000  1.305E-01  1.426E-01  1.485E-01  1.477E-01  1.404E-01
  357.5000  1.111E-01  1.214E-01  1.264E-01  1.257E-01  1.195E-01
  358.5000  8.590E-02  9.388E-02  9.774E-02  9.723E-02  9.239E-02
  359.5000  1.447E-01  1.582E-01  1.647E-01  1.638E-01  1.557E-01
  360.5000  1.343E-01  1.468E-01  1.529E-01  1.521E-01  1.445E-01
  361.5000  1.214E-01  1.326E-01  1.381E-01  1.374E-01  1.305E-01
  362.5000  1.427E-01  1.560E-01  1.624E-01  1.616E-01  1.535E-01
  363.5000  1.272E-01  1.390E-01  1.447E-01  1.439E-01  1.368E-01
  364.5000  1.389E-01  1.518E-01  1.580E-01  1.572E-01  1.494E-01
  365.5000  1.693E-01  1.851E-01  1.927E-01  1.917E-01  1.822E-01
  366.5000  1.795E-01  1.962E-01  2.043E-01  2.032E-01  1.931E-01
  367.5000  1.707E-01  1.866E-01  1.943E-01  1.933E-01  1.837E-01
  368.5000  1.502E-01  1.641E-01  1.709E-01  1.700E-01  1.615E-01
  369.5000  1.804E-01  1.971E-01  2.053E-01  2.042E-01  1.940E-01
  370.5000  1.638E-01  1.791E-01  1.865E-01  1.855E-01  1.763E-01
  371.5000  1.877E-01  2.052E-01  2.136E-01  2.125E-01  2.019E-01
  372.5000  1.388E-01  1.518E-01  1.580E-01  1.572E-01  1.494E-01
  373.5000  1.256E-01  1.374E-01  1.430E-01  1.423E-01  1.352E-01
  374.5000  1.381E-01  1.509E-01  1.572E-01  1.563E-01  1.485E-01
  375.5000  1.560E-01  1.705E-01  1.776E-01  1.766E-01  1.678E-01
  376.5000  1.560E-01  1.705E-01  1.775E-01  1.766E-01  1.678E-01
  377.5000  1.860E-01  2.033E-01  2.117E-01  2.106E-01  2.001E-01
  378.5000  2.030E-01  2.219E-01  2.310E-01  2.298E-01  2.184E-01
  379.5000  1.504E-01  1.644E-01  1.711E-01  1.703E-01  1.618E-01
  380.5000  1.811E-01  1.980E-01  2.061E-01  2.050E-01  1.948E-01
  381.5000  1.704E-01  1.863E-01  1.939E-01  1.929E-01  1.833E-01
  382.5000  1.137E-01  1.243E-01  1.294E-01  1.287E-01  1.223E-01
  383.5000  9.995E-02  1.093E-01  1.138E-01  1.132E-01  1.075E-01
  384.5000  1.502E-01  1.642E-01  1.710E-01  1.701E-01  1.616E-01
  385.5000  1.488E-01  1.627E-01  1.694E-01  1.685E-01  1.601E-01
  386.5000  1.519E-01  1.660E-01  1.729E-01  1.720E-01  1.634E-01
  387.5000  1.413E-01  1.545E-01  1.609E-01  1.600E-01  1.521E-01
  388.5000  1.419E-01  1.551E-01  1.615E-01  1.606E-01  1.526E-01
  389.5000  1.791E-01  1.958E-01  2.039E-01  2.028E-01  1.927E-01
  390.5000  1.762E-01  1.926E-01  2.005E-01  1.995E-01  1.896E-01
  391.5000  2.093E-01  2.288E-01  2.382E-01  2.370E-01  2.252E-01
  392.5000  1.572E-01  1.718E-01  1.789E-01  1.780E-01  1.691E-01
  393.5000  6.842E-02  7.480E-02  7.787E-02  7.747E-02  7.361E-02
  394.5000  1.612E-01  1.762E-01  1.835E-01  1.825E-01  1.734E-01
  395.5000  2.077E-01  2.271E-01  2.364E-01  2.352E-01  2.235E-01
  396.5000  1.221E-01  1.335E-01  1.390E-01  1.383E-01  1.314E-01
  397.5000  1.411E-01  1.543E-01  1.606E-01  1.598E-01  1.518E-01
  398.5000  2.428E-01  2.655E-01  2.764E-01  2.749E-01  2.613E-01
  399.5000  2.529E-01  2.765E-01  2.878E-01  2.864E-01  2.721E-01
  400.5000  2.663E-01  2.911E-01  3.030E-01  3.014E-01  2.865E-01
  401.5000  2.743E-01  2.999E-01  3.122E-01  3.106E-01  2.951E-01
  402.5000  2.852E-01  3.117E-01  3.245E-01  3.228E-01  3.068E-01
  403.5000  2.614E-01  2.857E-01  2.974E-01  2.959E-01  2.812E-01
  404.5000  2.567E-01  2.806E-01  2.921E-01  2.906E-01  2.762E-01
  405.5000  2.671E-01  2.919E-01  3.039E-01  3.023E-01  2.873E-01
  406.5000  2.519E-01  2.753E-01  2.866E-01  2.851E-01  2.710E-01
  407.5000  2.543E-01  2.779E-01  2.893E-01  2.878E-01  2.735E-01
  408.5000  2.835E-01  3.099E-01  3.226E-01  3.209E-01  3.050E-01
  409.5000  2.783E-01  3.042E-01  3.167E-01  3.150E-01  2.994E-01
  410.5000  2.417E-01  2.642E-01  2.750E-01  2.735E-01  2.600E-01
  411.5000  2.909E-01  3.180E-01  3.309E-01  3.292E-01  3.129E-01
  412.5000  2.888E-01  3.156E-01  3.285E-01  3.268E-01  3.106E-01
  413.5000  2.804E-01  3.065E-01  3.190E-01  3.174E-01  3.017E-01
  414.5000  2.886E-01  3.154E-01  3.283E-01  3.266E-01  3.105E-01
  415.5000  2.764E-01  3.021E-01  3.144E-01  3.128E-01  2.973E-01
  416.5000  3.012E-01  3.292E-01  3.426E-01  3.408E-01  3.240E-01
  417.5000  2.757E-01  3.013E-01  3.136E-01  3.120E-01  2.966E-01
  418.5000  2.783E-01  3.041E-01  3.165E-01  3.148E-01  2.993E-01
  419.5000  2.879E-01  3.145E-01  3.273E-01  3.257E-01  3.096E-01
------------------------------------------------------------
Dose rates, W m-2
   1 = UV-B, 280-315 nm                                  
   2 = UV-A, 315-400 nm                                  
   3 = Gaussian, 320 nm, 10 nm FWHM                      
   4 = RB Meter, model 501                               
   5 = DNA damage, in vitro (Setlow, 1974)               
   6 = UV index (WMO, 1994; Webb et al., 2011)           
   7 = Previtamin-D3 (CIE 2006)                          
values at z =      0.000 km
Columns: time, sza, weighting spectra
time, hrs.  sza, deg.          1          2          3          4          5          6          7
   11.0000     75.549  4.160E-02  1.060E+01  3.790E-02  1.635E-02  6.299E-05  4.117E-01  6.747E-03
   11.5000     74.502  5.017E-02  1.161E+01  4.270E-02  1.896E-02  7.359E-05  4.662E-01  8.133E-03
   12.0000     74.005  5.464E-02  1.210E+01  4.506E-02  2.029E-02  7.911E-05  4.936E-01  8.862E-03
   12.5000     74.070  5.404E-02  1.204E+01  4.475E-02  2.011E-02  7.837E-05  4.899E-01  8.763E-03
   13.0000     74.695  4.851E-02  1.143E+01  4.180E-02  1.846E-02  7.154E-05  4.558E-01  7.863E-03
------------------------------------------------------------
