Spectral Irradiance, W m-2 nm-1
values at z =      0.000 km
Columns: wavelength (nm), times (hrs.) or sza (deg.)
    wc, nm     11.000     11.500     12.000     12.500     13.000
    sza =      61.047     60.902     60.857     60.915     61.074
  280.5000  2.364E-29  2.433E-29  2.455E-29  2.426E-29  2.352E-29
  281.5000  1.228E-26  1.267E-26  1.279E-26  1.263E-26  1.221E-26
  282.5000  1.829E-24  1.892E-24  1.912E-24  1.886E-24  1.818E-24
  283.5000  4.288E-23  4.446E-23  4.497E-23  4.431E-23  4.261E-23
  284.5000  8.502E-21  8.870E-21  8.989E-21  8.834E-21  8.438E-21
  285.5000  2.748E-19  2.884E-19  2.928E-19  2.871E-19  2.724E-19
  286.5000  1.839E-17  1.940E-17  1.973E-17  1.931E-17  1.821E-17
  287.5000  7.522E-16  7.983E-16  8.133E-16  7.938E-16  7.441E-16
  288.5000  3.372E-14  3.597E-14  3.670E-14  3.575E-14  3.333E-14
  289.5000  9.192E-13  9.824E-13  1.003E-12  9.763E-13  9.081E-13
  290.5000  1.451E-11  1.551E-11  1.584E-11  1.542E-11  1.434E-11
  291.5000  2.226E-10  2.375E-10  2.423E-10  2.361E-10  2.200E-10
  292.5000  1.982E-09  2.108E-09  2.149E-09  2.096E-09  1.959E-09
  293.5000  1.986E-08  2.105E-08  2.142E-08  2.093E-08  1.965E-08
  294.5000  1.007E-07  1.063E-07  1.081E-07  1.058E-07  9.970E-08
  295.5000  7.237E-07  7.602E-07  7.717E-07  7.567E-07  7.172E-07
  296.5000  3.035E-06  3.174E-06  3.217E-06  3.160E-06  3.010E-06
  297.5000  1.259E-05  1.311E-05  1.327E-05  1.306E-05  1.250E-05
  298.5000  2.882E-05  2.990E-05  3.023E-05  2.980E-05  2.862E-05
  299.5000  1.192E-04  1.232E-04  1.245E-04  1.229E-04  1.185E-04
  300.5000  1.794E-04  1.849E-04  1.866E-04  1.844E-04  1.784E-04
  301.5000  5.961E-04  6.124E-04  6.174E-04  6.109E-04  5.932E-04
  302.5000  1.042E-03  1.068E-03  1.076E-03  1.065E-03  1.037E-03
  303.5000  2.651E-03  2.711E-03  2.729E-03  2.705E-03  2.641E-03
  304.5000  3.655E-03  3.732E-03  3.755E-03  3.724E-03  3.641E-03
  305.5000  6.818E-03  6.945E-03  6.983E-03  6.933E-03  6.794E-03
  306.5000  8.261E-03  8.407E-03  8.451E-03  8.393E-03  8.234E-03
  307.5000  1.585E-02  1.609E-02  1.617E-02  1.607E-02  1.580E-02
  308.5000  1.980E-02  2.009E-02  2.018E-02  2.006E-02  1.974E-02
  309.5000  2.106E-02  2.135E-02  2.144E-02  2.132E-02  2.101E-02
  310.5000  3.282E-02  3.324E-02  3.337E-02  3.320E-02  3.274E-02
  311.5000  4.616E-02  4.672E-02  4.689E-02  4.667E-02  4.606E-02
  312.5000  5.272E-02  5.330E-02  5.348E-02  5.325E-02  5.261E-02
  313.5000  6.212E-02  6.280E-02  6.300E-02  6.273E-02  6.200E-02
  314.5000  7.100E-02  7.169E-02  7.191E-02  7.163E-02  7.087E-02
  315.5000  7.505E-02  7.578E-02  7.600E-02  7.571E-02  7.492E-02
  316.5000  8.290E-02  8.364E-02  8.387E-02  8.357E-02  8.276E-02
  317.5000  1.175E-01  1.185E-01  1.188E-01  1.184E-01  1.173E-01
  318.5000  1.016E-01  1.024E-01  1.027E-01  1.023E-01  1.014E-01
  319.5000  1.263E-01  1.273E-01  1.276E-01  1.272E-01  1.261E-01
  320.5000  1.572E-01  1.585E-01  1.588E-01  1.583E-01  1.570E-01
  321.5000  1.454E-01  1.464E-01  1.468E-01  1.463E-01  1.452E-01
  322.5000  1.374E-01  1.385E-01  1.388E-01  1.384E-01  1.372E-01
  323.5000  1.568E-01  1.579E-01  1.583E-01  1.578E-01  1.566E-01
  324.5000  1.836E-01  1.849E-01  1.853E-01  1.848E-01  1.834E-01
  325.5000  2.034E-01  2.049E-01  2.053E-01  2.047E-01  2.031E-01
  326.5000  2.636E-01  2.654E-01  2.659E-01  2.652E-01  2.632E-01
  327.5000  2.405E-01  2.422E-01  2.427E-01  2.420E-01  2.402E-01
  328.5000  2.225E-01  2.241E-01  2.245E-01  2.239E-01  2.222E-01
  329.5000  3.033E-01  3.053E-01  3.059E-01  3.051E-01  3.029E-01
  330.5000  2.706E-01  2.724E-01  2.729E-01  2.722E-01  2.702E-01
  331.5000  2.666E-01  2.684E-01  2.689E-01  2.682E-01  2.663E-01
  332.5000  2.722E-01  2.739E-01  2.745E-01  2.738E-01  2.719E-01
  333.5000  2.523E-01  2.539E-01  2.544E-01  2.538E-01  2.520E-01
  334.5000  2.844E-01  2.862E-01  2.868E-01  2.860E-01  2.840E-01
  335.5000  2.934E-01  2.952E-01  2.958E-01  2.950E-01  2.930E-01
  336.5000  2.285E-01  2.300E-01  2.304E-01  2.298E-01  2.282E-01
  337.5000  2.483E-01  2.499E-01  2.503E-01  2.497E-01  2.480E-01
  338.5000  2.669E-01  2.686E-01  2.691E-01  2.684E-01  2.666E-01
  339.5000  2.911E-01  2.929E-01  2.935E-01  2.928E-01  2.908E-01
  340.5000  3.096E-01  3.116E-01  3.122E-01  3.114E-01  3.093E-01
  341.5000  2.777E-01  2.794E-01  2.800E-01  2.793E-01  2.774E-01
  342.5000  3.085E-01  3.104E-01  3.110E-01  3.102E-01  3.081E-01
  343.5000  3.198E-01  3.218E-01  3.224E-01  3.216E-01  3.194E-01
  344.5000  2.237E-01  2.251E-01  2.255E-01  2.249E-01  2.234E-01
  345.5000  3.093E-01  3.112E-01  3.118E-01  3.110E-01  3.090E-01
  346.5000  2.882E-01  2.900E-01  2.906E-01  2.899E-01  2.879E-01
  347.5000  2.821E-01  2.838E-01  2.844E-01  2.837E-01  2.818E-01
  348.5000  3.109E-01  3.128E-01  3.134E-01  3.126E-01  3.105E-01
  349.5000  2.607E-01  2.624E-01  2.628E-01  2.622E-01  2.604E-01
  350.5000  3.656E-01  3.678E-01  3.685E-01  3.676E-01  3.652E-01
  351.5000  3.152E-01  3.171E-01  3.177E-01  3.170E-01  3.148E-01
  352.5000  2.847E-01  2.865E-01  2.870E-01  2.863E-01  2.844E-01
  353.5000  3.434E-01  3.455E-01  3.461E-01  3.453E-01  3.430E-01
  354.5000  3.723E-01  3.745E-01  3.752E-01  3.743E-01  3.718E-01
  355.5000  3.482E-01  3.504E-01  3.510E-01  3.502E-01  3.479E-01
  356.5000  3.235E-01  3.255E-01  3.261E-01  3.253E-01  3.231E-01
  357.5000  2.753E-01  2.770E-01  2.775E-01  2.768E-01  2.750E-01
  358.5000  2.127E-01  2.140E-01  2.144E-01  2.139E-01  2.125E-01
  359.5000  3.583E-01  3.605E-01  3.612E-01  3.603E-01  3.579E-01
  360.5000  3.324E-01  3.345E-01  3.351E-01  3.343E-01  3.321E-01
  361.5000  3.001E-01  3.019E-01  3.025E-01  3.017E-01  2.997E-01
  362.5000  3.528E-01  3.549E-01  3.555E-01  3.547E-01  3.524E-01
  363.5000  3.141E-01  3.160E-01  3.166E-01  3.158E-01  3.138E-01
  364.5000  3.429E-01  3.450E-01  3.456E-01  3.448E-01  3.426E-01
  365.5000  4.182E-01  4.207E-01  4.215E-01  4.205E-01  4.177E-01
  366.5000  4.430E-01  4.457E-01  4.465E-01  4.455E-01  4.426E-01
  367.5000  4.211E-01  4.236E-01  4.244E-01  4.234E-01  4.206E-01
  368.5000  3.702E-01  3.725E-01  3.732E-01  3.723E-01  3.698E-01
  369.5000  4.445E-01  4.472E-01  4.480E-01  4.469E-01  4.440E-01
  370.5000  4.036E-01  4.061E-01  4.068E-01  4.058E-01  4.032E-01
  371.5000  4.623E-01  4.650E-01  4.659E-01  4.648E-01  4.618E-01
  372.5000  3.418E-01  3.438E-01  3.444E-01  3.436E-01  3.414E-01
  373.5000  3.092E-01  3.110E-01  3.116E-01  3.109E-01  3.088E-01
  374.5000  3.396E-01  3.416E-01  3.423E-01  3.415E-01  3.392E-01
  375.5000  3.835E-01  3.858E-01  3.865E-01  3.856E-01  3.831E-01
  376.5000  3.833E-01  3.856E-01  3.863E-01  3.854E-01  3.829E-01
  377.5000  4.568E-01  4.596E-01  4.604E-01  4.593E-01  4.563E-01
  378.5000  4.983E-01  5.013E-01  5.022E-01  5.010E-01  4.978E-01
  379.5000  3.690E-01  3.712E-01  3.719E-01  3.710E-01  3.686E-01
  380.5000  4.441E-01  4.468E-01  4.476E-01  4.465E-01  4.437E-01
  381.5000  4.177E-01  4.202E-01  4.209E-01  4.200E-01  4.173E-01
  382.5000  2.786E-01  2.802E-01  2.807E-01  2.801E-01  2.783E-01
  383.5000  2.448E-01  2.463E-01  2.467E-01  2.461E-01  2.446E-01
  384.5000  3.677E-01  3.699E-01  3.705E-01  3.697E-01  3.673E-01
  385.5000  3.641E-01  3.662E-01  3.669E-01  3.660E-01  3.637E-01
  386.5000  3.714E-01  3.736E-01  3.743E-01  3.734E-01  3.710E-01
  387.5000  3.455E-01  3.475E-01  3.481E-01  3.473E-01  3.451E-01
  388.5000  3.466E-01  3.486E-01  3.492E-01  3.484E-01  3.462E-01
  389.5000  4.374E-01  4.400E-01  4.408E-01  4.397E-01  4.369E-01
  390.5000  4.300E-01  4.325E-01  4.333E-01  4.323E-01  4.295E-01
  391.5000  5.105E-01  5.135E-01  5.144E-01  5.132E-01  5.100E-01
  392.5000  3.831E-01  3.854E-01  3.861E-01  3.852E-01  3.827E-01
  393.5000  1.667E-01  1.677E-01  1.680E-01  1.676E-01  1.665E-01
  394.5000  3.926E-01  3.949E-01  3.956E-01  3.947E-01  3.922E-01
  395.5000  5.055E-01  5.085E-01  5.094E-01  5.082E-01  5.050E-01
  396.5000  2.971E-01  2.988E-01  2.993E-01  2.986E-01  2.968E-01
  397.5000  3.431E-01  3.451E-01  3.457E-01  3.449E-01  3.427E-01
  398.5000  5.900E-01  5.934E-01  5.945E-01  5.931E-01  5.894E-01
  399.5000  6.142E-01  6.177E-01  6.188E-01  6.174E-01  6.135E-01
  400.5000  6.462E-01  6.499E-01  6.511E-01  6.496E-01  6.455E-01
  401.5000  6.653E-01  6.692E-01  6.704E-01  6.688E-01  6.646E-01
  402.5000  6.913E-01  6.952E-01  6.965E-01  6.949E-01  6.905E-01
  403.5000  6.332E-01  6.369E-01  6.380E-01  6.365E-01  6.325E-01
  404.5000  6.215E-01  6.251E-01  6.262E-01  6.248E-01  6.209E-01
  405.5000  6.461E-01  6.499E-01  6.510E-01  6.495E-01  6.455E-01
  406.5000  6.091E-01  6.125E-01  6.136E-01  6.122E-01  6.084E-01
  407.5000  6.145E-01  6.180E-01  6.191E-01  6.177E-01  6.138E-01
  408.5000  6.849E-01  6.888E-01  6.900E-01  6.884E-01  6.841E-01
  409.5000  6.719E-01  6.757E-01  6.769E-01  6.753E-01  6.712E-01
  410.5000  5.831E-01  5.864E-01  5.874E-01  5.861E-01  5.825E-01
  411.5000  7.014E-01  7.054E-01  7.066E-01  7.050E-01  7.006E-01
  412.5000  6.957E-01  6.996E-01  7.008E-01  6.993E-01  6.949E-01
  413.5000  6.752E-01  6.790E-01  6.802E-01  6.787E-01  6.745E-01
  414.5000  6.945E-01  6.984E-01  6.996E-01  6.980E-01  6.937E-01
  415.5000  6.647E-01  6.685E-01  6.696E-01  6.681E-01  6.640E-01
  416.5000  7.239E-01  7.280E-01  7.293E-01  7.276E-01  7.232E-01
  417.5000  6.622E-01  6.660E-01  6.671E-01  6.656E-01  6.616E-01
  418.5000  6.679E-01  6.717E-01  6.728E-01  6.713E-01  6.672E-01
  419.5000  6.904E-01  6.943E-01  6.955E-01  6.940E-01  6.897E-01
------------------------------------------------------------
Dose rates, W m-2
   1 = UV-B, 280-315 nm                                  
   2 = UV-A, 315-400 nm                                  
   3 = Gaussian, 320 nm, 10 nm FWHM                      
   4 = RB Meter, model 501                               
   5 = DNA damage, in vitro (Setlow, 1974)               
   6 = UV index (WMO, 1994; Webb et al., 2011)           
   7 = Previtamin-D3 (CIE 2006)                          
values at z =      0.000 km
Columns: time, sza, weighting spectra
time, hrs.  sza, deg.          1          2          3          4          5          6          7
   11.0000     61.047  3.449E-01  2.682E+01  1.333E-01  9.756E-02  5.334E-04  1.901E+00  6.703E-02
   11.5000     60.902  3.491E-01  2.698E+01  1.344E-01  9.869E-02  5.414E-04  1.921E+00  6.797E-02
   12.0000     60.857  3.504E-01  2.703E+01  1.347E-01  9.903E-02  5.438E-04  1.928E+00  6.826E-02
   12.5000     60.915  3.487E-01  2.697E+01  1.343E-01  9.858E-02  5.406E-04  1.920E+00  6.788E-02
   13.0000     61.074  3.441E-01  2.679E+01  1.331E-01  9.735E-02  5.320E-04  1.897E+00  6.686E-02
------------------------------------------------------------
