Spectral Irradiance, W m-2 nm-1
values at z =      0.000 km
Columns: wavelength (nm), times (hrs.) or sza (deg.)
    wc, nm     11.000     11.500     12.000     12.500     13.000
    sza =      39.332     38.358     38.059     38.452     39.515
  280.5000  3.803E-22  7.153E-22  8.636E-22  6.739E-22  3.369E-22
  281.5000  6.165E-20  1.095E-19  1.300E-19  1.037E-19  5.311E-20
  282.5000  3.335E-18  5.644E-18  6.603E-18  5.371E-18  3.015E-18
  283.5000  4.038E-17  6.621E-17  7.672E-17  6.319E-17  3.672E-17
  284.5000  2.291E-15  3.545E-15  4.039E-15  3.402E-15  2.107E-15
  285.5000  2.843E-14  4.215E-14  4.741E-14  4.062E-14  2.635E-14
  286.5000  8.887E-13  1.261E-12  1.421E-12  1.232E-12  8.291E-13
  287.5000  1.500E-11  2.075E-11  2.286E-11  2.012E-11  1.409E-11
  288.5000  2.428E-10  3.230E-10  3.517E-10  3.144E-10  2.298E-10
  289.5000  3.085E-09  3.990E-09  4.308E-09  3.894E-09  2.936E-09
  290.5000  2.501E-08  3.158E-08  3.386E-08  3.090E-08  2.391E-08
  291.5000  1.749E-07  2.151E-07  2.288E-07  2.109E-07  1.681E-07
  292.5000  8.039E-07  9.668E-07  1.022E-06  9.501E-07  7.759E-07
  293.5000  4.259E-06  5.018E-06  5.270E-06  4.941E-06  4.128E-06
  294.5000  1.302E-05  1.509E-05  1.577E-05  1.488E-05  1.265E-05
  295.5000  5.414E-05  6.168E-05  6.414E-05  6.093E-05  5.280E-05
  296.5000  1.436E-04  1.613E-04  1.670E-04  1.595E-04  1.404E-04
  297.5000  3.972E-04  4.406E-04  4.545E-04  4.363E-04  3.894E-04
  298.5000  6.453E-04  7.084E-04  7.284E-04  7.022E-04  6.338E-04
  299.5000  1.927E-03  2.095E-03  2.148E-03  2.078E-03  1.897E-03
  300.5000  2.260E-03  2.438E-03  2.494E-03  2.421E-03  2.227E-03
  301.5000  5.720E-03  6.120E-03  6.245E-03  6.081E-03  5.646E-03
  302.5000  8.363E-03  8.900E-03  9.068E-03  8.848E-03  8.264E-03
  303.5000  1.723E-02  1.822E-02  1.853E-02  1.813E-02  1.705E-02
  304.5000  2.103E-02  2.216E-02  2.251E-02  2.205E-02  2.082E-02
  305.5000  3.269E-02  3.426E-02  3.475E-02  3.411E-02  3.240E-02
  306.5000  3.664E-02  3.831E-02  3.883E-02  3.815E-02  3.633E-02
  307.5000  6.046E-02  6.293E-02  6.369E-02  6.269E-02  5.999E-02
  308.5000  7.130E-02  7.409E-02  7.495E-02  7.383E-02  7.078E-02
  309.5000  6.840E-02  7.115E-02  7.191E-02  7.091E-02  6.821E-02
  310.5000  9.964E-02  1.030E-01  1.041E-01  1.027E-01  9.901E-02
  311.5000  1.337E-01  1.381E-01  1.394E-01  1.376E-01  1.329E-01
  312.5000  1.404E-01  1.446E-01  1.459E-01  1.442E-01  1.396E-01
  313.5000  1.622E-01  1.669E-01  1.684E-01  1.665E-01  1.613E-01
  314.5000  1.725E-01  1.772E-01  1.787E-01  1.768E-01  1.717E-01
  315.5000  1.802E-01  1.850E-01  1.865E-01  1.845E-01  1.793E-01
  316.5000  1.883E-01  1.930E-01  1.945E-01  1.926E-01  1.874E-01
  317.5000  2.665E-01  2.732E-01  2.752E-01  2.726E-01  2.653E-01
  318.5000  2.190E-01  2.242E-01  2.258E-01  2.237E-01  2.180E-01
  319.5000  2.691E-01  2.759E-01  2.778E-01  2.753E-01  2.684E-01
  320.5000  3.315E-01  3.391E-01  3.413E-01  3.383E-01  3.300E-01
  321.5000  2.927E-01  2.990E-01  3.009E-01  2.984E-01  2.916E-01
  322.5000  2.862E-01  2.927E-01  2.946E-01  2.921E-01  2.850E-01
  323.5000  3.090E-01  3.155E-01  3.174E-01  3.149E-01  3.073E-01
  324.5000  3.622E-01  3.698E-01  3.721E-01  3.691E-01  3.608E-01
  325.5000  4.037E-01  4.122E-01  4.148E-01  4.114E-01  4.021E-01
  326.5000  5.039E-01  5.139E-01  5.170E-01  5.130E-01  5.020E-01
  327.5000  4.649E-01  4.743E-01  4.772E-01  4.734E-01  4.632E-01
  328.5000  4.295E-01  4.382E-01  4.409E-01  4.374E-01  4.279E-01
  329.5000  5.693E-01  5.803E-01  5.837E-01  5.793E-01  5.672E-01
  330.5000  5.131E-01  5.232E-01  5.263E-01  5.222E-01  5.112E-01
  331.5000  5.063E-01  5.162E-01  5.193E-01  5.153E-01  5.044E-01
  332.5000  5.064E-01  5.161E-01  5.190E-01  5.152E-01  5.046E-01
  333.5000  4.729E-01  4.820E-01  4.848E-01  4.811E-01  4.712E-01
  334.5000  5.302E-01  5.404E-01  5.435E-01  5.394E-01  5.283E-01
  335.5000  5.415E-01  5.517E-01  5.548E-01  5.507E-01  5.396E-01
  336.5000  4.225E-01  4.305E-01  4.329E-01  4.297E-01  4.210E-01
  337.5000  4.616E-01  4.704E-01  4.730E-01  4.695E-01  4.599E-01
  338.5000  4.909E-01  5.001E-01  5.029E-01  4.992E-01  4.892E-01
  339.5000  5.343E-01  5.443E-01  5.473E-01  5.433E-01  5.324E-01
  340.5000  5.698E-01  5.805E-01  5.837E-01  5.795E-01  5.678E-01
  341.5000  5.081E-01  5.175E-01  5.203E-01  5.166E-01  5.063E-01
  342.5000  5.633E-01  5.737E-01  5.769E-01  5.727E-01  5.613E-01
  343.5000  5.844E-01  5.952E-01  5.985E-01  5.942E-01  5.824E-01
  344.5000  4.091E-01  4.167E-01  4.190E-01  4.160E-01  4.077E-01
  345.5000  5.626E-01  5.729E-01  5.760E-01  5.719E-01  5.606E-01
  346.5000  5.252E-01  5.349E-01  5.378E-01  5.340E-01  5.234E-01
  347.5000  5.134E-01  5.228E-01  5.257E-01  5.219E-01  5.116E-01
  348.5000  5.647E-01  5.750E-01  5.782E-01  5.741E-01  5.628E-01
  349.5000  4.732E-01  4.819E-01  4.845E-01  4.811E-01  4.716E-01
  350.5000  6.628E-01  6.749E-01  6.785E-01  6.737E-01  6.605E-01
  351.5000  5.711E-01  5.815E-01  5.847E-01  5.805E-01  5.691E-01
  352.5000  5.152E-01  5.246E-01  5.274E-01  5.237E-01  5.134E-01
  353.5000  6.205E-01  6.317E-01  6.352E-01  6.307E-01  6.183E-01
  354.5000  6.718E-01  6.839E-01  6.876E-01  6.828E-01  6.695E-01
  355.5000  6.279E-01  6.392E-01  6.427E-01  6.381E-01  6.257E-01
  356.5000  5.827E-01  5.932E-01  5.964E-01  5.922E-01  5.807E-01
  357.5000  4.955E-01  5.044E-01  5.071E-01  5.036E-01  4.938E-01
  358.5000  3.824E-01  3.893E-01  3.914E-01  3.886E-01  3.811E-01
  359.5000  6.436E-01  6.552E-01  6.587E-01  6.541E-01  6.414E-01
  360.5000  5.966E-01  6.073E-01  6.106E-01  6.063E-01  5.946E-01
  361.5000  5.380E-01  5.476E-01  5.505E-01  5.467E-01  5.361E-01
  362.5000  6.318E-01  6.431E-01  6.465E-01  6.420E-01  6.297E-01
  363.5000  5.620E-01  5.721E-01  5.751E-01  5.711E-01  5.602E-01
  364.5000  6.131E-01  6.241E-01  6.274E-01  6.230E-01  6.111E-01
  365.5000  7.471E-01  7.604E-01  7.644E-01  7.591E-01  7.446E-01
  366.5000  7.907E-01  8.048E-01  8.091E-01  8.035E-01  7.881E-01
  367.5000  7.508E-01  7.642E-01  7.682E-01  7.629E-01  7.483E-01
  368.5000  6.596E-01  6.713E-01  6.749E-01  6.702E-01  6.574E-01
  369.5000  7.912E-01  8.052E-01  8.095E-01  8.039E-01  7.886E-01
  370.5000  7.179E-01  7.306E-01  7.344E-01  7.294E-01  7.155E-01
  371.5000  8.214E-01  8.359E-01  8.403E-01  8.346E-01  8.187E-01
  372.5000  6.068E-01  6.175E-01  6.207E-01  6.165E-01  6.048E-01
  373.5000  5.485E-01  5.581E-01  5.611E-01  5.572E-01  5.467E-01
  374.5000  6.020E-01  6.126E-01  6.158E-01  6.116E-01  6.000E-01
  375.5000  6.792E-01  6.912E-01  6.948E-01  6.900E-01  6.770E-01
  376.5000  6.783E-01  6.902E-01  6.938E-01  6.891E-01  6.761E-01
  377.5000  8.077E-01  8.219E-01  8.262E-01  8.205E-01  8.051E-01
  378.5000  8.804E-01  8.958E-01  9.005E-01  8.943E-01  8.775E-01
  379.5000  6.514E-01  6.627E-01  6.662E-01  6.617E-01  6.492E-01
  380.5000  7.834E-01  7.970E-01  8.012E-01  7.957E-01  7.808E-01
  381.5000  7.362E-01  7.490E-01  7.529E-01  7.478E-01  7.337E-01
  382.5000  4.906E-01  4.991E-01  5.017E-01  4.983E-01  4.889E-01
  383.5000  4.308E-01  4.383E-01  4.405E-01  4.375E-01  4.294E-01
  384.5000  6.465E-01  6.577E-01  6.611E-01  6.566E-01  6.444E-01
  385.5000  6.396E-01  6.507E-01  6.541E-01  6.497E-01  6.376E-01
  386.5000  6.520E-01  6.633E-01  6.668E-01  6.623E-01  6.499E-01
  387.5000  6.060E-01  6.165E-01  6.197E-01  6.155E-01  6.040E-01
  388.5000  6.075E-01  6.179E-01  6.211E-01  6.169E-01  6.055E-01
  389.5000  7.661E-01  7.793E-01  7.833E-01  7.780E-01  7.636E-01
  390.5000  7.525E-01  7.655E-01  7.694E-01  7.642E-01  7.501E-01
  391.5000  8.928E-01  9.081E-01  9.128E-01  9.067E-01  8.899E-01
  392.5000  6.695E-01  6.810E-01  6.845E-01  6.799E-01  6.674E-01
  393.5000  2.911E-01  2.961E-01  2.976E-01  2.956E-01  2.902E-01
  394.5000  6.850E-01  6.967E-01  7.003E-01  6.956E-01  6.828E-01
  395.5000  8.814E-01  8.965E-01  9.011E-01  8.951E-01  8.786E-01
  396.5000  5.176E-01  5.264E-01  5.291E-01  5.256E-01  5.159E-01
  397.5000  5.973E-01  6.075E-01  6.106E-01  6.065E-01  5.954E-01
  398.5000  1.026E+00  1.044E+00  1.049E+00  1.042E+00  1.023E+00
  399.5000  1.068E+00  1.086E+00  1.091E+00  1.084E+00  1.064E+00
  400.5000  1.123E+00  1.142E+00  1.148E+00  1.140E+00  1.119E+00
  401.5000  1.155E+00  1.175E+00  1.181E+00  1.173E+00  1.151E+00
  402.5000  1.199E+00  1.220E+00  1.226E+00  1.218E+00  1.195E+00
  403.5000  1.098E+00  1.116E+00  1.122E+00  1.115E+00  1.094E+00
  404.5000  1.077E+00  1.095E+00  1.101E+00  1.093E+00  1.073E+00
  405.5000  1.119E+00  1.138E+00  1.143E+00  1.136E+00  1.115E+00
  406.5000  1.054E+00  1.072E+00  1.077E+00  1.070E+00  1.050E+00
  407.5000  1.062E+00  1.080E+00  1.086E+00  1.079E+00  1.059E+00
  408.5000  1.183E+00  1.203E+00  1.209E+00  1.201E+00  1.180E+00
  409.5000  1.160E+00  1.180E+00  1.186E+00  1.178E+00  1.156E+00
  410.5000  1.006E+00  1.023E+00  1.028E+00  1.021E+00  1.003E+00
  411.5000  1.209E+00  1.230E+00  1.236E+00  1.228E+00  1.206E+00
  412.5000  1.199E+00  1.219E+00  1.225E+00  1.217E+00  1.195E+00
  413.5000  1.163E+00  1.182E+00  1.188E+00  1.180E+00  1.159E+00
  414.5000  1.195E+00  1.215E+00  1.221E+00  1.213E+00  1.191E+00
  415.5000  1.143E+00  1.162E+00  1.168E+00  1.161E+00  1.140E+00
  416.5000  1.244E+00  1.265E+00  1.271E+00  1.263E+00  1.240E+00
  417.5000  1.138E+00  1.157E+00  1.162E+00  1.155E+00  1.134E+00
  418.5000  1.147E+00  1.166E+00  1.172E+00  1.164E+00  1.143E+00
  419.5000  1.185E+00  1.204E+00  1.210E+00  1.202E+00  1.181E+00
------------------------------------------------------------
Dose rates, W m-2
   1 = UV-B, 280-315 nm                                  
   2 = UV-A, 315-400 nm                                  
   3 = Gaussian, 320 nm, 10 nm FWHM                      
   4 = RB Meter, model 501                               
   5 = DNA damage, in vitro (Setlow, 1974)               
   6 = UV index (WMO, 1994; Webb et al., 2011)           
   7 = Previtamin-D3 (CIE 2006)                          
values at z =      0.000 km
Columns: time, sza, weighting spectra
time, hrs.  sza, deg.          1          2          3          4          5          6          7
   11.0000     39.332  1.036E+00  4.852E+01  2.795E-01  2.886E-01  2.206E-03  5.359E+00  2.398E-01
   11.5000     38.358  1.072E+00  4.940E+01  2.859E-01  2.989E-01  2.315E-03  5.549E+00  2.498E-01
   12.0000     38.059  1.083E+00  4.967E+01  2.878E-01  3.021E-01  2.348E-03  5.607E+00  2.528E-01
   12.5000     38.452  1.069E+00  4.932E+01  2.853E-01  2.979E-01  2.304E-03  5.531E+00  2.488E-01
   13.0000     39.515  1.029E+00  4.835E+01  2.783E-01  2.867E-01  2.186E-03  5.325E+00  2.380E-01
------------------------------------------------------------
