Spectral Irradiance, W m-2 nm-1
values at z =      0.000 km
Columns: wavelength (nm), times (hrs.) or sza (deg.)
    wc, nm     11.000     11.500     12.000     12.500     13.000
    sza =      18.413     14.141     12.085     13.325     17.156
  280.5000  4.433E-16  9.114E-16  1.197E-15  1.021E-15  5.603E-16
  281.5000  2.034E-14  3.924E-14  5.032E-14  4.353E-14  2.518E-14
  282.5000  3.722E-13  6.797E-13  8.538E-13  7.475E-13  4.526E-13
  283.5000  2.228E-12  3.927E-12  4.866E-12  4.294E-12  2.679E-12
  284.5000  3.504E-11  5.789E-11  7.000E-11  6.266E-11  4.125E-11
  285.5000  1.683E-10  2.651E-10  3.148E-10  2.848E-10  1.951E-10
  286.5000  2.537E-09  3.851E-09  4.509E-09  4.113E-09  2.906E-09
  287.5000  1.906E-08  2.776E-08  3.202E-08  2.946E-08  2.154E-08
  288.5000  1.281E-07  1.785E-07  2.024E-07  1.881E-07  1.427E-07
  289.5000  8.673E-07  1.171E-06  1.312E-06  1.228E-06  9.561E-07
  290.5000  4.141E-06  5.443E-06  6.036E-06  5.683E-06  4.526E-06
  291.5000  1.591E-05  2.028E-05  2.224E-05  2.107E-05  1.721E-05
  292.5000  4.473E-05  5.563E-05  6.043E-05  5.759E-05  4.802E-05
  293.5000  1.493E-04  1.814E-04  1.953E-04  1.871E-04  1.591E-04
  294.5000  3.177E-04  3.790E-04  4.052E-04  3.897E-04  3.364E-04
  295.5000  8.996E-04  1.052E-03  1.117E-03  1.079E-03  9.466E-04
  296.5000  1.734E-03  1.996E-03  2.105E-03  2.041E-03  1.815E-03
  297.5000  3.625E-03  4.114E-03  4.316E-03  4.197E-03  3.777E-03
  298.5000  4.651E-03  5.216E-03  5.448E-03  5.311E-03  4.827E-03
  299.5000  1.112E-02  1.233E-02  1.282E-02  1.253E-02  1.150E-02
  300.5000  1.099E-02  1.208E-02  1.253E-02  1.227E-02  1.134E-02
  301.5000  2.312E-02  2.519E-02  2.602E-02  2.553E-02  2.377E-02
  302.5000  2.995E-02  3.242E-02  3.341E-02  3.283E-02  3.073E-02
  303.5000  5.347E-02  5.746E-02  5.906E-02  5.812E-02  5.473E-02
  304.5000  6.008E-02  6.430E-02  6.598E-02  6.500E-02  6.142E-02
  305.5000  8.262E-02  8.787E-02  8.996E-02  8.873E-02  8.429E-02
  306.5000  8.781E-02  9.314E-02  9.526E-02  9.402E-02  8.951E-02
  307.5000  1.310E-01  1.382E-01  1.411E-01  1.394E-01  1.333E-01
  308.5000  1.485E-01  1.564E-01  1.596E-01  1.577E-01  1.511E-01
  309.5000  1.338E-01  1.405E-01  1.431E-01  1.416E-01  1.359E-01
  310.5000  1.851E-01  1.938E-01  1.973E-01  1.953E-01  1.879E-01
  311.5000  2.407E-01  2.516E-01  2.559E-01  2.534E-01  2.442E-01
  312.5000  2.391E-01  2.492E-01  2.532E-01  2.509E-01  2.402E-01
  313.5000  2.724E-01  2.837E-01  2.882E-01  2.856E-01  2.760E-01
  314.5000  2.763E-01  2.871E-01  2.914E-01  2.889E-01  2.798E-01
  315.5000  2.861E-01  2.969E-01  3.015E-01  2.990E-01  2.897E-01
  316.5000  2.882E-01  2.988E-01  3.029E-01  3.005E-01  2.914E-01
  317.5000  4.076E-01  4.224E-01  4.283E-01  4.249E-01  4.123E-01
  318.5000  3.238E-01  3.351E-01  3.395E-01  3.369E-01  3.274E-01
  319.5000  3.958E-01  4.094E-01  4.147E-01  4.116E-01  4.002E-01
  320.5000  4.826E-01  4.990E-01  5.054E-01  5.017E-01  4.879E-01
  321.5000  4.134E-01  4.267E-01  4.319E-01  4.289E-01  4.176E-01
  322.5000  4.133E-01  4.272E-01  4.326E-01  4.294E-01  4.178E-01
  323.5000  4.300E-01  4.436E-01  4.489E-01  4.458E-01  4.343E-01
  324.5000  5.044E-01  5.203E-01  5.265E-01  5.229E-01  5.095E-01
  325.5000  5.645E-01  5.824E-01  5.894E-01  5.853E-01  5.703E-01
  326.5000  6.871E-01  7.080E-01  7.162E-01  7.114E-01  6.938E-01
  327.5000  6.386E-01  6.582E-01  6.659E-01  6.614E-01  6.449E-01
  328.5000  5.895E-01  6.076E-01  6.146E-01  6.105E-01  5.953E-01
  329.5000  7.668E-01  7.895E-01  7.984E-01  7.932E-01  7.740E-01
  330.5000  6.960E-01  7.168E-01  7.250E-01  7.202E-01  7.027E-01
  331.5000  6.874E-01  7.080E-01  7.161E-01  7.113E-01  6.940E-01
  332.5000  6.783E-01  6.981E-01  7.059E-01  7.014E-01  6.847E-01
  333.5000  6.366E-01  6.554E-01  6.627E-01  6.584E-01  6.426E-01
  334.5000  7.114E-01  7.322E-01  7.404E-01  7.356E-01  7.180E-01
  335.5000  7.215E-01  7.424E-01  7.506E-01  7.458E-01  7.282E-01
  336.5000  5.638E-01  5.801E-01  5.865E-01  5.827E-01  5.690E-01
  337.5000  6.183E-01  6.363E-01  6.433E-01  6.392E-01  6.240E-01
  338.5000  6.530E-01  6.717E-01  6.791E-01  6.748E-01  6.590E-01
  339.5000  7.097E-01  7.300E-01  7.380E-01  7.333E-01  7.162E-01
  340.5000  7.583E-01  7.801E-01  7.886E-01  7.836E-01  7.652E-01
  341.5000  6.735E-01  6.927E-01  7.002E-01  6.958E-01  6.797E-01
  342.5000  7.459E-01  7.671E-01  7.754E-01  7.706E-01  7.527E-01
  343.5000  7.744E-01  7.965E-01  8.051E-01  8.000E-01  7.815E-01
  344.5000  5.425E-01  5.580E-01  5.640E-01  5.605E-01  5.475E-01
  345.5000  7.433E-01  7.643E-01  7.725E-01  7.677E-01  7.501E-01
  346.5000  6.950E-01  7.146E-01  7.223E-01  7.178E-01  7.013E-01
  347.5000  6.788E-01  6.980E-01  7.054E-01  7.011E-01  6.849E-01
  348.5000  7.458E-01  7.668E-01  7.750E-01  7.702E-01  7.525E-01
  349.5000  6.248E-01  6.423E-01  6.492E-01  6.452E-01  6.304E-01
  350.5000  8.745E-01  8.990E-01  9.085E-01  9.029E-01  8.823E-01
  351.5000  7.534E-01  7.745E-01  7.827E-01  7.779E-01  7.601E-01
  352.5000  6.792E-01  6.982E-01  7.056E-01  7.012E-01  6.853E-01
  353.5000  8.173E-01  8.401E-01  8.490E-01  8.438E-01  8.246E-01
  354.5000  8.842E-01  9.088E-01  9.184E-01  9.128E-01  8.921E-01
  355.5000  8.260E-01  8.490E-01  8.579E-01  8.527E-01  8.334E-01
  356.5000  7.663E-01  7.875E-01  7.958E-01  7.910E-01  7.731E-01
  357.5000  6.514E-01  6.694E-01  6.764E-01  6.723E-01  6.571E-01
  358.5000  5.024E-01  5.163E-01  5.217E-01  5.186E-01  5.069E-01
  359.5000  8.453E-01  8.686E-01  8.777E-01  8.724E-01  8.527E-01
  360.5000  7.832E-01  8.047E-01  8.132E-01  8.082E-01  7.901E-01
  361.5000  7.058E-01  7.252E-01  7.328E-01  7.284E-01  7.120E-01
  362.5000  8.285E-01  8.513E-01  8.602E-01  8.550E-01  8.358E-01
  363.5000  7.368E-01  7.570E-01  7.648E-01  7.602E-01  7.432E-01
  364.5000  8.034E-01  8.254E-01  8.340E-01  8.290E-01  8.105E-01
  365.5000  9.786E-01  1.005E+00  1.016E+00  1.010E+00  9.872E-01
  366.5000  1.035E+00  1.064E+00  1.075E+00  1.068E+00  1.044E+00
  367.5000  9.826E-01  1.009E+00  1.020E+00  1.014E+00  9.912E-01
  368.5000  8.629E-01  8.864E-01  8.955E-01  8.902E-01  8.704E-01
  369.5000  1.035E+00  1.063E+00  1.074E+00  1.067E+00  1.044E+00
  370.5000  9.384E-01  9.638E-01  9.738E-01  9.680E-01  9.465E-01
  371.5000  1.073E+00  1.102E+00  1.114E+00  1.107E+00  1.083E+00
  372.5000  7.925E-01  8.140E-01  8.223E-01  8.174E-01  7.994E-01
  373.5000  7.161E-01  7.355E-01  7.430E-01  7.386E-01  7.223E-01
  374.5000  7.857E-01  8.069E-01  8.151E-01  8.103E-01  7.925E-01
  375.5000  8.862E-01  9.100E-01  9.193E-01  9.139E-01  8.938E-01
  376.5000  8.846E-01  9.084E-01  9.177E-01  9.122E-01  8.922E-01
  377.5000  1.053E+00  1.081E+00  1.092E+00  1.086E+00  1.062E+00
  378.5000  1.147E+00  1.178E+00  1.190E+00  1.183E+00  1.157E+00
  379.5000  8.486E-01  8.713E-01  8.801E-01  8.750E-01  8.558E-01
  380.5000  1.020E+00  1.047E+00  1.058E+00  1.052E+00  1.029E+00
  381.5000  9.583E-01  9.839E-01  9.939E-01  9.881E-01  9.665E-01
  382.5000  6.384E-01  6.554E-01  6.620E-01  6.582E-01  6.438E-01
  383.5000  5.604E-01  5.753E-01  5.811E-01  5.777E-01  5.652E-01
  384.5000  8.407E-01  8.631E-01  8.718E-01  8.667E-01  8.479E-01
  385.5000  8.315E-01  8.536E-01  8.622E-01  8.572E-01  8.386E-01
  386.5000  8.474E-01  8.698E-01  8.786E-01  8.735E-01  8.546E-01
  387.5000  7.873E-01  8.081E-01  8.163E-01  8.115E-01  7.940E-01
  388.5000  7.889E-01  8.098E-01  8.179E-01  8.131E-01  7.956E-01
  389.5000  9.946E-01  1.021E+00  1.031E+00  1.025E+00  1.003E+00
  390.5000  9.766E-01  1.002E+00  1.012E+00  1.007E+00  9.849E-01
  391.5000  1.158E+00  1.189E+00  1.201E+00  1.194E+00  1.168E+00
  392.5000  8.683E-01  8.912E-01  9.001E-01  8.949E-01  8.757E-01
  393.5000  3.774E-01  3.873E-01  3.912E-01  3.889E-01  3.806E-01
  394.5000  8.879E-01  9.112E-01  9.203E-01  9.149E-01  8.953E-01
  395.5000  1.142E+00  1.172E+00  1.184E+00  1.177E+00  1.152E+00
  396.5000  6.704E-01  6.880E-01  6.949E-01  6.909E-01  6.761E-01
  397.5000  7.735E-01  7.937E-01  8.016E-01  7.970E-01  7.800E-01
  398.5000  1.329E+00  1.363E+00  1.377E+00  1.369E+00  1.340E+00
  399.5000  1.382E+00  1.418E+00  1.432E+00  1.424E+00  1.393E+00
  400.5000  1.452E+00  1.490E+00  1.505E+00  1.496E+00  1.464E+00
  401.5000  1.494E+00  1.533E+00  1.548E+00  1.539E+00  1.506E+00
  402.5000  1.551E+00  1.591E+00  1.607E+00  1.597E+00  1.563E+00
  403.5000  1.419E+00  1.456E+00  1.470E+00  1.462E+00  1.431E+00
  404.5000  1.391E+00  1.427E+00  1.442E+00  1.433E+00  1.403E+00
  405.5000  1.445E+00  1.483E+00  1.497E+00  1.489E+00  1.457E+00
  406.5000  1.361E+00  1.396E+00  1.410E+00  1.402E+00  1.372E+00
  407.5000  1.372E+00  1.407E+00  1.421E+00  1.413E+00  1.383E+00
  408.5000  1.527E+00  1.567E+00  1.582E+00  1.573E+00  1.540E+00
  409.5000  1.497E+00  1.536E+00  1.551E+00  1.542E+00  1.509E+00
  410.5000  1.298E+00  1.331E+00  1.344E+00  1.337E+00  1.309E+00
  411.5000  1.560E+00  1.600E+00  1.616E+00  1.606E+00  1.573E+00
  412.5000  1.546E+00  1.585E+00  1.601E+00  1.592E+00  1.558E+00
  413.5000  1.499E+00  1.537E+00  1.552E+00  1.543E+00  1.511E+00
  414.5000  1.540E+00  1.580E+00  1.595E+00  1.586E+00  1.553E+00
  415.5000  1.473E+00  1.511E+00  1.525E+00  1.517E+00  1.485E+00
  416.5000  1.603E+00  1.644E+00  1.660E+00  1.650E+00  1.616E+00
  417.5000  1.465E+00  1.502E+00  1.517E+00  1.508E+00  1.477E+00
  418.5000  1.476E+00  1.514E+00  1.528E+00  1.520E+00  1.488E+00
  419.5000  1.524E+00  1.563E+00  1.579E+00  1.570E+00  1.537E+00
------------------------------------------------------------
Dose rates, W m-2
   1 = UV-B, 280-315 nm                                  
   2 = UV-A, 315-400 nm                                  
   3 = Gaussian, 320 nm, 10 nm FWHM                      
   4 = RB Meter, model 501                               
   5 = DNA damage, in vitro (Setlow, 1974)               
   6 = UV index (WMO, 1994; Webb et al., 2011)           
   7 = Previtamin-D3 (CIE 2006)                          
values at z =      0.000 km
Columns: time, sza, weighting spectra
time, hrs.  sza, deg.          1          2          3          4          5          6          7
   11.0000     18.413  1.998E+00  6.416E+01  4.070E-01  5.833E-01  6.377E-03  1.104E+01  5.470E-01
   11.5000     14.141  2.098E+00  6.595E+01  4.208E-01  6.153E-01  6.882E-03  1.167E+01  5.804E-01
   12.0000     12.085  2.138E+00  6.665E+01  4.263E-01  6.280E-01  7.086E-03  1.193E+01  5.937E-01
   12.5000     13.325  2.115E+00  6.624E+01  4.231E-01  6.206E-01  6.966E-03  1.178E+01  5.859E-01
   13.0000     17.156  2.028E+00  6.473E+01  4.114E-01  5.932E-01  6.535E-03  1.124E+01  5.574E-01
------------------------------------------------------------
