Spectral Irradiance, W m-2 nm-1
values at z =      0.000 km
Columns: wavelength (nm), times (hrs.) or sza (deg.)
    wc, nm     11.000     11.500     12.000     12.500     13.000
    sza =      30.882     27.140     25.103     25.187     27.371
  280.5000  4.262E-14  1.179E-13  1.903E-13  1.867E-13  1.113E-13
  281.5000  1.263E-12  3.196E-12  4.945E-12  4.861E-12  3.032E-12
  282.5000  1.587E-11  3.720E-11  5.553E-11  5.466E-11  3.545E-11
  283.5000  7.448E-11  1.602E-10  2.421E-10  2.386E-10  1.587E-10
  284.5000  7.508E-10  1.529E-09  2.136E-09  2.109E-09  1.437E-09
  285.5000  2.597E-09  4.944E-09  6.694E-09  6.615E-09  4.767E-09
  286.5000  3.040E-08  5.497E-08  7.265E-08  7.186E-08  5.316E-08
  287.5000  1.725E-07  2.946E-07  3.791E-07  3.753E-07  2.858E-07
  288.5000  8.553E-07  1.372E-06  1.715E-06  1.700E-06  1.336E-06
  289.5000  4.658E-06  7.148E-06  8.746E-06  8.677E-06  6.977E-06
  290.5000  1.852E-05  2.738E-05  3.292E-05  3.268E-05  2.678E-05
  291.5000  5.696E-05  8.191E-05  9.653E-05  9.591E-05  8.030E-05
  292.5000  1.372E-04  1.877E-04  2.177E-04  2.164E-04  1.844E-04
  293.5000  3.902E-04  5.168E-04  5.901E-04  5.871E-04  5.087E-04
  294.5000  7.327E-04  9.458E-04  1.067E-03  1.062E-03  9.322E-04
  295.5000  1.816E-03  2.282E-03  2.542E-03  2.531E-03  2.253E-03
  296.5000  3.134E-03  3.850E-03  4.243E-03  4.227E-03  3.805E-03
  297.5000  5.948E-03  7.163E-03  7.821E-03  7.794E-03  7.088E-03
  298.5000  7.033E-03  8.330E-03  9.025E-03  8.996E-03  8.250E-03
  299.5000  1.557E-02  1.815E-02  1.952E-02  1.946E-02  1.799E-02
  300.5000  1.451E-02  1.671E-02  1.787E-02  1.782E-02  1.658E-02
  301.5000  2.863E-02  3.255E-02  3.459E-02  3.451E-02  3.231E-02
  302.5000  3.555E-02  4.008E-02  4.242E-02  4.233E-02  3.980E-02
  303.5000  6.041E-02  6.741E-02  7.102E-02  7.087E-02  6.699E-02
  304.5000  6.597E-02  7.319E-02  7.690E-02  7.675E-02  7.276E-02
  305.5000  8.695E-02  9.564E-02  1.001E-01  9.989E-02  9.512E-02
  306.5000  9.076E-02  9.945E-02  1.039E-01  1.037E-01  9.893E-02
  307.5000  1.307E-01  1.422E-01  1.481E-01  1.478E-01  1.416E-01
  308.5000  1.463E-01  1.573E-01  1.651E-01  1.648E-01  1.580E-01
  309.5000  1.289E-01  1.392E-01  1.444E-01  1.442E-01  1.386E-01
  310.5000  1.755E-01  1.888E-01  1.955E-01  1.953E-01  1.880E-01
  311.5000  2.257E-01  2.424E-01  2.507E-01  2.504E-01  2.414E-01
  312.5000  2.200E-01  2.353E-01  2.430E-01  2.427E-01  2.344E-01
  313.5000  2.496E-01  2.666E-01  2.752E-01  2.749E-01  2.656E-01
  314.5000  2.492E-01  2.653E-01  2.734E-01  2.726E-01  2.643E-01
  315.5000  2.574E-01  2.738E-01  2.821E-01  2.817E-01  2.728E-01
  316.5000  2.560E-01  2.717E-01  2.795E-01  2.792E-01  2.708E-01
  317.5000  3.621E-01  3.842E-01  3.953E-01  3.948E-01  3.829E-01
  318.5000  2.845E-01  3.011E-01  3.094E-01  3.091E-01  3.001E-01
  319.5000  3.470E-01  3.671E-01  3.771E-01  3.767E-01  3.659E-01
  320.5000  4.221E-01  4.463E-01  4.583E-01  4.578E-01  4.448E-01
  321.5000  3.578E-01  3.774E-01  3.872E-01  3.868E-01  3.762E-01
  322.5000  3.608E-01  3.811E-01  3.913E-01  3.909E-01  3.799E-01
  323.5000  3.706E-01  3.905E-01  4.004E-01  4.000E-01  3.893E-01
  324.5000  4.350E-01  4.584E-01  4.700E-01  4.696E-01  4.570E-01
  325.5000  4.878E-01  5.141E-01  5.273E-01  5.267E-01  5.126E-01
  326.5000  5.887E-01  6.193E-01  6.344E-01  6.340E-01  6.175E-01
  327.5000  5.488E-01  5.777E-01  5.920E-01  5.914E-01  5.759E-01
  328.5000  5.067E-01  5.333E-01  5.465E-01  5.460E-01  5.317E-01
  329.5000  6.549E-01  6.884E-01  7.050E-01  7.044E-01  6.864E-01
  330.5000  5.962E-01  6.269E-01  6.422E-01  6.416E-01  6.251E-01
  331.5000  5.893E-01  6.197E-01  6.348E-01  6.342E-01  6.179E-01
  332.5000  5.789E-01  6.082E-01  6.227E-01  6.221E-01  6.064E-01
  333.5000  5.446E-01  5.723E-01  5.860E-01  5.855E-01  5.706E-01
  334.5000  6.081E-01  6.388E-01  6.541E-01  6.535E-01  6.370E-01
  335.5000  6.155E-01  6.463E-01  6.616E-01  6.610E-01  6.445E-01
  336.5000  4.814E-01  5.055E-01  5.174E-01  5.170E-01  5.040E-01
  337.5000  5.289E-01  5.555E-01  5.687E-01  5.681E-01  5.539E-01
  338.5000  5.574E-01  5.851E-01  5.989E-01  5.983E-01  5.835E-01
  339.5000  6.058E-01  6.358E-01  6.507E-01  6.501E-01  6.340E-01
  340.5000  6.480E-01  6.801E-01  6.961E-01  6.955E-01  6.782E-01
  341.5000  5.750E-01  6.034E-01  6.175E-01  6.169E-01  6.017E-01
  342.5000  6.368E-01  6.682E-01  6.837E-01  6.831E-01  6.663E-01
  343.5000  6.616E-01  6.942E-01  7.103E-01  7.097E-01  6.922E-01
  344.5000  4.638E-01  4.866E-01  4.980E-01  4.975E-01  4.853E-01
  345.5000  6.349E-01  6.660E-01  6.814E-01  6.808E-01  6.641E-01
  346.5000  5.941E-01  6.232E-01  6.377E-01  6.371E-01  6.215E-01
  347.5000  5.804E-01  6.088E-01  6.229E-01  6.223E-01  6.071E-01
  348.5000  6.377E-01  6.688E-01  6.842E-01  6.836E-01  6.669E-01
  349.5000  5.344E-01  5.604E-01  5.733E-01  5.728E-01  5.588E-01
  350.5000  7.480E-01  7.844E-01  8.024E-01  8.017E-01  7.822E-01
  351.5000  6.447E-01  6.760E-01  6.915E-01  6.909E-01  6.741E-01
  352.5000  5.813E-01  6.094E-01  6.234E-01  6.229E-01  6.078E-01
  353.5000  6.996E-01  7.334E-01  7.502E-01  7.495E-01  7.314E-01
  354.5000  7.570E-01  7.935E-01  8.116E-01  8.109E-01  7.913E-01
  355.5000  7.073E-01  7.414E-01  7.583E-01  7.576E-01  7.393E-01
  356.5000  6.563E-01  6.878E-01  7.035E-01  7.029E-01  6.860E-01
  357.5000  5.580E-01  5.848E-01  5.981E-01  5.975E-01  5.832E-01
  358.5000  4.305E-01  4.511E-01  4.614E-01  4.610E-01  4.499E-01
  359.5000  7.244E-01  7.591E-01  7.763E-01  7.756E-01  7.570E-01
  360.5000  6.713E-01  7.034E-01  7.193E-01  7.187E-01  7.015E-01
  361.5000  6.052E-01  6.340E-01  6.483E-01  6.478E-01  6.323E-01
  362.5000  7.105E-01  7.444E-01  7.611E-01  7.605E-01  7.423E-01
  363.5000  6.319E-01  6.620E-01  6.769E-01  6.763E-01  6.602E-01
  364.5000  6.893E-01  7.220E-01  7.382E-01  7.376E-01  7.201E-01
  365.5000  8.398E-01  8.796E-01  8.993E-01  8.985E-01  8.772E-01
  366.5000  8.886E-01  9.307E-01  9.515E-01  9.507E-01  9.282E-01
  367.5000  8.436E-01  8.834E-01  9.032E-01  9.024E-01  8.811E-01
  368.5000  7.409E-01  7.759E-01  7.933E-01  7.926E-01  7.738E-01
  369.5000  8.886E-01  9.305E-01  9.513E-01  9.504E-01  9.280E-01
  370.5000  8.061E-01  8.440E-01  8.629E-01  8.621E-01  8.418E-01
  371.5000  9.222E-01  9.655E-01  9.870E-01  9.862E-01  9.630E-01
  372.5000  6.811E-01  7.131E-01  7.289E-01  7.283E-01  7.112E-01
  373.5000  6.155E-01  6.444E-01  6.587E-01  6.581E-01  6.427E-01
  374.5000  6.755E-01  7.071E-01  7.228E-01  7.222E-01  7.052E-01
  375.5000  7.620E-01  7.976E-01  8.153E-01  8.146E-01  7.955E-01
  376.5000  7.608E-01  7.963E-01  8.140E-01  8.132E-01  7.942E-01
  377.5000  9.059E-01  9.481E-01  9.690E-01  9.682E-01  9.456E-01
  378.5000  9.872E-01  1.033E+00  1.056E+00  1.055E+00  1.030E+00
  379.5000  7.303E-01  7.642E-01  7.810E-01  7.804E-01  7.622E-01
  380.5000  8.781E-01  9.189E-01  9.391E-01  9.383E-01  9.165E-01
  381.5000  8.251E-01  8.633E-01  8.823E-01  8.815E-01  8.610E-01
  382.5000  5.497E-01  5.752E-01  5.878E-01  5.873E-01  5.736E-01
  383.5000  4.826E-01  5.050E-01  5.160E-01  5.156E-01  5.036E-01
  384.5000  7.242E-01  7.577E-01  7.742E-01  7.736E-01  7.557E-01
  385.5000  7.164E-01  7.495E-01  7.659E-01  7.652E-01  7.475E-01
  386.5000  7.302E-01  7.638E-01  7.805E-01  7.798E-01  7.619E-01
  387.5000  6.785E-01  7.098E-01  7.252E-01  7.246E-01  7.079E-01
  388.5000  6.801E-01  7.113E-01  7.268E-01  7.262E-01  7.095E-01
  389.5000  8.575E-01  8.969E-01  9.164E-01  9.156E-01  8.946E-01
  390.5000  8.422E-01  8.808E-01  8.999E-01  8.992E-01  8.785E-01
  391.5000  9.991E-01  1.045E+00  1.067E+00  1.067E+00  1.042E+00
  392.5000  7.491E-01  7.834E-01  8.003E-01  7.996E-01  7.813E-01
  393.5000  3.256E-01  3.405E-01  3.479E-01  3.476E-01  3.396E-01
  394.5000  7.662E-01  8.012E-01  8.185E-01  8.178E-01  7.991E-01
  395.5000  9.858E-01  1.031E+00  1.053E+00  1.052E+00  1.028E+00
  396.5000  5.788E-01  6.051E-01  6.182E-01  6.177E-01  6.036E-01
  397.5000  6.678E-01  6.982E-01  7.132E-01  7.126E-01  6.964E-01
  398.5000  1.147E+00  1.200E+00  1.225E+00  1.224E+00  1.197E+00
  399.5000  1.193E+00  1.248E+00  1.274E+00  1.273E+00  1.244E+00
  400.5000  1.255E+00  1.311E+00  1.340E+00  1.338E+00  1.308E+00
  401.5000  1.291E+00  1.349E+00  1.378E+00  1.377E+00  1.346E+00
  402.5000  1.340E+00  1.400E+00  1.430E+00  1.429E+00  1.397E+00
  403.5000  1.226E+00  1.282E+00  1.309E+00  1.308E+00  1.278E+00
  404.5000  1.203E+00  1.257E+00  1.284E+00  1.283E+00  1.254E+00
  405.5000  1.249E+00  1.306E+00  1.334E+00  1.332E+00  1.302E+00
  406.5000  1.177E+00  1.230E+00  1.256E+00  1.255E+00  1.227E+00
  407.5000  1.186E+00  1.240E+00  1.266E+00  1.265E+00  1.236E+00
  408.5000  1.321E+00  1.380E+00  1.410E+00  1.409E+00  1.377E+00
  409.5000  1.295E+00  1.353E+00  1.382E+00  1.381E+00  1.350E+00
  410.5000  1.123E+00  1.173E+00  1.198E+00  1.197E+00  1.170E+00
  411.5000  1.350E+00  1.410E+00  1.440E+00  1.439E+00  1.407E+00
  412.5000  1.338E+00  1.398E+00  1.427E+00  1.426E+00  1.394E+00
  413.5000  1.297E+00  1.355E+00  1.384E+00  1.383E+00  1.352E+00
  414.5000  1.333E+00  1.393E+00  1.422E+00  1.421E+00  1.389E+00
  415.5000  1.275E+00  1.332E+00  1.360E+00  1.359E+00  1.329E+00
  416.5000  1.388E+00  1.450E+00  1.480E+00  1.479E+00  1.446E+00
  417.5000  1.269E+00  1.325E+00  1.353E+00  1.352E+00  1.322E+00
  418.5000  1.279E+00  1.336E+00  1.364E+00  1.363E+00  1.332E+00
  419.5000  1.321E+00  1.379E+00  1.408E+00  1.407E+00  1.376E+00
------------------------------------------------------------
Dose rates, W m-2
   1 = UV-B, 280-315 nm                                  
   2 = UV-A, 315-400 nm                                  
   3 = Gaussian, 320 nm, 10 nm FWHM                      
   4 = RB Meter, model 501                               
   5 = DNA damage, in vitro (Setlow, 1974)               
   6 = UV index (WMO, 1994; Webb et al., 2011)           
   7 = Previtamin-D3 (CIE 2006)                          
values at z =      0.000 km
Columns: time, sza, weighting spectra
time, hrs.  sza, deg.          1          2          3          4          5          6          7
   11.0000     30.882  1.944E+00  5.515E+01  3.563E-01  5.867E-01  7.577E-03  1.138E+01  5.714E-01
   11.5000     27.140  2.104E+00  5.782E+01  3.768E-01  6.402E-01  8.596E-03  1.250E+01  6.282E-01
   12.0000     25.103  2.187E+00  5.915E+01  3.870E-01  6.682E-01  9.139E-03  1.309E+01  6.582E-01
   12.5000     25.187  2.183E+00  5.909E+01  3.865E-01  6.670E-01  9.116E-03  1.307E+01  6.570E-01
   13.0000     27.371  2.096E+00  5.766E+01  3.755E-01  6.373E-01  8.536E-03  1.244E+01  6.253E-01
------------------------------------------------------------
