Spectral Irradiance, W m-2 nm-1
values at z =      0.000 km
Columns: wavelength (nm), times (hrs.) or sza (deg.)
    wc, nm     11.000     11.500     12.000     12.500     13.000
    sza =      16.961      9.958      3.317      4.833     11.671
  280.5000  2.675E-13  5.853E-13  8.341E-13  7.941E-13  5.033E-13
  281.5000  6.808E-12  1.391E-11  1.922E-11  1.837E-11  1.212E-11
  282.5000  7.507E-11  1.446E-10  1.946E-10  1.867E-10  1.274E-10
  283.5000  3.235E-10  5.998E-10  7.931E-10  7.629E-10  5.324E-10
  284.5000  2.794E-09  4.832E-09  6.191E-09  5.982E-09  4.347E-09
  285.5000  8.614E-09  1.415E-08  1.772E-08  1.717E-08  1.286E-08
  286.5000  9.232E-08  1.458E-07  1.793E-07  1.742E-07  1.335E-07
  287.5000  4.751E-07  7.179E-07  8.654E-07  8.432E-07  6.629E-07
  288.5000  2.117E-06  3.050E-06  3.599E-06  3.516E-06  2.842E-06
  289.5000  1.068E-05  1.487E-05  1.728E-05  1.692E-05  1.395E-05
  290.5000  3.982E-05  5.386E-05  6.177E-05  6.060E-05  5.081E-05
  291.5000  1.156E-04  1.513E-04  1.710E-04  1.681E-04  1.436E-04
  292.5000  2.583E-04  3.293E-04  3.676E-04  3.620E-04  3.142E-04
  293.5000  6.945E-04  8.635E-04  9.531E-04  9.401E-04  8.279E-04
  294.5000  1.247E-03  1.521E-03  1.664E-03  1.643E-03  1.464E-03
  295.5000  2.951E-03  3.523E-03  3.818E-03  3.775E-03  3.404E-03
  296.5000  4.897E-03  5.745E-03  6.178E-03  6.116E-03  5.570E-03
  297.5000  8.979E-03  1.038E-02  1.108E-02  1.098E-02  1.009E-02
  298.5000  1.032E-02  1.177E-02  1.249E-02  1.239E-02  1.147E-02
  299.5000  2.221E-02  2.503E-02  2.643E-02  2.623E-02  2.446E-02
  300.5000  2.027E-02  2.264E-02  2.380E-02  2.363E-02  2.216E-02
  301.5000  3.910E-02  4.322E-02  4.524E-02  4.495E-02  4.239E-02
  302.5000  4.784E-02  5.253E-02  5.481E-02  5.449E-02  5.158E-02
  303.5000  7.986E-02  8.701E-02  9.048E-02  8.999E-02  8.557E-02
  304.5000  8.632E-02  9.362E-02  9.715E-02  9.665E-02  9.216E-02
  305.5000  1.121E-01  1.207E-01  1.249E-01  1.243E-01  1.190E-01
  306.5000  1.162E-01  1.248E-01  1.289E-01  1.283E-01  1.231E-01
  307.5000  1.652E-01  1.765E-01  1.819E-01  1.812E-01  1.743E-01
  308.5000  1.840E-01  1.962E-01  2.020E-01  2.011E-01  1.937E-01
  309.5000  1.607E-01  1.707E-01  1.754E-01  1.748E-01  1.687E-01
  310.5000  2.174E-01  2.303E-01  2.364E-01  2.356E-01  2.277E-01
  311.5000  2.786E-01  2.945E-01  3.022E-01  3.011E-01  2.914E-01
  312.5000  2.696E-01  2.842E-01  2.911E-01  2.902E-01  2.813E-01
  313.5000  3.052E-01  3.214E-01  3.292E-01  3.281E-01  3.182E-01
  314.5000  3.028E-01  3.181E-01  3.254E-01  3.243E-01  3.151E-01
  315.5000  3.124E-01  3.279E-01  3.353E-01  3.343E-01  3.248E-01
  316.5000  3.093E-01  3.240E-01  3.310E-01  3.300E-01  3.211E-01
  317.5000  4.372E-01  4.580E-01  4.679E-01  4.665E-01  4.539E-01
  318.5000  3.419E-01  3.576E-01  3.650E-01  3.639E-01  3.545E-01
  319.5000  4.167E-01  4.355E-01  4.445E-01  4.432E-01  4.318E-01
  320.5000  5.062E-01  5.288E-01  5.396E-01  5.381E-01  5.243E-01
  321.5000  4.273E-01  4.457E-01  4.544E-01  4.531E-01  4.420E-01
  322.5000  4.320E-01  4.511E-01  4.601E-01  4.588E-01  4.473E-01
  323.5000  4.417E-01  4.602E-01  4.690E-01  4.678E-01  4.566E-01
  324.5000  5.183E-01  5.401E-01  5.504E-01  5.490E-01  5.358E-01
  325.5000  5.814E-01  6.059E-01  6.176E-01  6.160E-01  6.011E-01
  326.5000  6.993E-01  7.279E-01  7.414E-01  7.395E-01  7.222E-01
  327.5000  6.524E-01  6.792E-01  6.919E-01  6.901E-01  6.739E-01
  328.5000  6.022E-01  6.269E-01  6.386E-01  6.369E-01  6.220E-01
  329.5000  7.764E-01  8.074E-01  8.221E-01  8.201E-01  8.013E-01
  330.5000  7.072E-01  7.357E-01  7.492E-01  7.473E-01  7.301E-01
  331.5000  6.990E-01  7.271E-01  7.405E-01  7.386E-01  7.216E-01
  332.5000  6.854E-01  7.125E-01  7.253E-01  7.235E-01  7.071E-01
  333.5000  6.450E-01  6.706E-01  6.827E-01  6.810E-01  6.655E-01
  334.5000  7.197E-01  7.481E-01  7.616E-01  7.597E-01  7.425E-01
  335.5000  7.278E-01  7.562E-01  7.697E-01  7.678E-01  7.506E-01
  336.5000  5.691E-01  5.914E-01  6.019E-01  6.004E-01  5.870E-01
  337.5000  6.254E-01  6.500E-01  6.616E-01  6.600E-01  6.451E-01
  338.5000  6.585E-01  6.841E-01  6.962E-01  6.945E-01  6.790E-01
  339.5000  7.154E-01  7.431E-01  7.562E-01  7.543E-01  7.376E-01
  340.5000  7.652E-01  7.949E-01  8.089E-01  8.069E-01  7.890E-01
  341.5000  6.786E-01  7.047E-01  7.171E-01  7.153E-01  6.995E-01
  342.5000  7.513E-01  7.802E-01  7.938E-01  7.919E-01  7.745E-01
  343.5000  7.804E-01  8.104E-01  8.246E-01  8.226E-01  8.045E-01
  344.5000  5.470E-01  5.681E-01  5.780E-01  5.766E-01  5.639E-01
  345.5000  7.483E-01  7.769E-01  7.904E-01  7.885E-01  7.713E-01
  346.5000  7.003E-01  7.270E-01  7.397E-01  7.379E-01  7.217E-01
  347.5000  6.839E-01  7.100E-01  7.223E-01  7.206E-01  7.048E-01
  348.5000  7.511E-01  7.797E-01  7.932E-01  7.913E-01  7.741E-01
  349.5000  6.293E-01  6.532E-01  6.645E-01  6.629E-01  6.484E-01
  350.5000  8.806E-01  9.140E-01  9.298E-01  9.276E-01  9.074E-01
  351.5000  7.588E-01  7.875E-01  8.011E-01  7.992E-01  7.818E-01
  352.5000  6.840E-01  7.098E-01  7.220E-01  7.203E-01  7.047E-01
  353.5000  8.229E-01  8.540E-01  8.686E-01  8.665E-01  8.478E-01
  354.5000  8.902E-01  9.237E-01  9.395E-01  9.373E-01  9.170E-01
  355.5000  8.316E-01  8.628E-01  8.776E-01  8.755E-01  8.566E-01
  356.5000  7.714E-01  8.003E-01  8.140E-01  8.121E-01  7.946E-01
  357.5000  6.557E-01  6.803E-01  6.919E-01  6.902E-01  6.754E-01
  358.5000  5.058E-01  5.247E-01  5.336E-01  5.323E-01  5.209E-01
  359.5000  8.509E-01  8.826E-01  8.976E-01  8.955E-01  8.763E-01
  360.5000  7.883E-01  8.177E-01  8.316E-01  8.296E-01  8.119E-01
  361.5000  7.104E-01  7.369E-01  7.493E-01  7.476E-01  7.316E-01
  362.5000  8.339E-01  8.649E-01  8.795E-01  8.775E-01  8.588E-01
  363.5000  7.415E-01  7.690E-01  7.820E-01  7.802E-01  7.636E-01
  364.5000  8.086E-01  8.386E-01  8.527E-01  8.507E-01  8.326E-01
  365.5000  9.850E-01  1.021E+00  1.039E+00  1.036E+00  1.014E+00
  366.5000  1.042E+00  1.080E+00  1.099E+00  1.096E+00  1.073E+00
  367.5000  9.889E-01  1.025E+00  1.043E+00  1.040E+00  1.018E+00
  368.5000  8.684E-01  9.004E-01  9.155E-01  9.133E-01  8.941E-01
  369.5000  1.041E+00  1.080E+00  1.098E+00  1.095E+00  1.072E+00
  370.5000  9.444E-01  9.790E-01  9.954E-01  9.931E-01  9.722E-01
  371.5000  1.080E+00  1.120E+00  1.138E+00  1.136E+00  1.112E+00
  372.5000  7.976E-01  8.268E-01  8.405E-01  8.386E-01  8.210E-01
  373.5000  7.207E-01  7.470E-01  7.594E-01  7.577E-01  7.418E-01
  374.5000  7.907E-01  8.195E-01  8.331E-01  8.312E-01  8.138E-01
  375.5000  8.918E-01  9.243E-01  9.396E-01  9.374E-01  9.178E-01
  376.5000  8.902E-01  9.226E-01  9.379E-01  9.357E-01  9.162E-01
  377.5000  1.060E+00  1.098E+00  1.116E+00  1.114E+00  1.091E+00
  378.5000  1.155E+00  1.196E+00  1.216E+00  1.213E+00  1.188E+00
  379.5000  8.539E-01  8.849E-01  8.994E-01  8.974E-01  8.787E-01
  380.5000  1.027E+00  1.064E+00  1.081E+00  1.079E+00  1.056E+00
  381.5000  9.644E-01  9.992E-01  1.016E+00  1.013E+00  9.923E-01
  382.5000  6.424E-01  6.656E-01  6.765E-01  6.750E-01  6.610E-01
  383.5000  5.639E-01  5.842E-01  5.938E-01  5.925E-01  5.802E-01
  384.5000  8.460E-01  8.764E-01  8.908E-01  8.888E-01  8.704E-01
  385.5000  8.367E-01  8.668E-01  8.810E-01  8.790E-01  8.609E-01
  386.5000  8.526E-01  8.833E-01  8.977E-01  8.957E-01  8.772E-01
  387.5000  7.922E-01  8.206E-01  8.340E-01  8.321E-01  8.150E-01
  388.5000  7.938E-01  8.222E-01  8.356E-01  8.337E-01  8.166E-01
  389.5000  1.001E+00  1.037E+00  1.053E+00  1.051E+00  1.029E+00
  390.5000  9.827E-01  1.018E+00  1.034E+00  1.032E+00  1.011E+00
  391.5000  1.165E+00  1.207E+00  1.227E+00  1.224E+00  1.199E+00
  392.5000  8.737E-01  9.049E-01  9.195E-01  9.175E-01  8.987E-01
  393.5000  3.798E-01  3.933E-01  3.996E-01  3.987E-01  3.906E-01
  394.5000  8.934E-01  9.251E-01  9.401E-01  9.380E-01  9.188E-01
  395.5000  1.149E+00  1.190E+00  1.209E+00  1.206E+00  1.182E+00
  396.5000  6.746E-01  6.985E-01  7.098E-01  7.082E-01  6.938E-01
  397.5000  7.782E-01  8.058E-01  8.188E-01  8.170E-01  8.004E-01
  398.5000  1.337E+00  1.384E+00  1.407E+00  1.403E+00  1.375E+00
  399.5000  1.390E+00  1.439E+00  1.463E+00  1.459E+00  1.430E+00
  400.5000  1.461E+00  1.513E+00  1.537E+00  1.534E+00  1.503E+00
  401.5000  1.503E+00  1.556E+00  1.581E+00  1.578E+00  1.546E+00
  402.5000  1.560E+00  1.615E+00  1.641E+00  1.637E+00  1.604E+00
  403.5000  1.428E+00  1.478E+00  1.502E+00  1.498E+00  1.468E+00
  404.5000  1.400E+00  1.449E+00  1.472E+00  1.469E+00  1.439E+00
  405.5000  1.454E+00  1.505E+00  1.529E+00  1.526E+00  1.495E+00
  406.5000  1.369E+00  1.417E+00  1.440E+00  1.437E+00  1.408E+00
  407.5000  1.380E+00  1.428E+00  1.451E+00  1.448E+00  1.419E+00
  408.5000  1.537E+00  1.590E+00  1.616E+00  1.612E+00  1.580E+00
  409.5000  1.506E+00  1.559E+00  1.584E+00  1.580E+00  1.548E+00
  410.5000  1.306E+00  1.351E+00  1.373E+00  1.370E+00  1.342E+00
  411.5000  1.569E+00  1.624E+00  1.650E+00  1.646E+00  1.613E+00
  412.5000  1.555E+00  1.609E+00  1.635E+00  1.631E+00  1.598E+00
  413.5000  1.508E+00  1.560E+00  1.585E+00  1.582E+00  1.550E+00
  414.5000  1.549E+00  1.603E+00  1.629E+00  1.625E+00  1.593E+00
  415.5000  1.482E+00  1.533E+00  1.557E+00  1.554E+00  1.523E+00
  416.5000  1.612E+00  1.668E+00  1.695E+00  1.691E+00  1.657E+00
  417.5000  1.474E+00  1.525E+00  1.549E+00  1.545E+00  1.515E+00
  418.5000  1.485E+00  1.536E+00  1.561E+00  1.557E+00  1.526E+00
  419.5000  1.534E+00  1.587E+00  1.612E+00  1.608E+00  1.576E+00
------------------------------------------------------------
Dose rates, W m-2
   1 = UV-B, 280-315 nm                                  
   2 = UV-A, 315-400 nm                                  
   3 = Gaussian, 320 nm, 10 nm FWHM                      
   4 = RB Meter, model 501                               
   5 = DNA damage, in vitro (Setlow, 1974)               
   6 = UV index (WMO, 1994; Webb et al., 2011)           
   7 = Previtamin-D3 (CIE 2006)                          
values at z =      0.000 km
Columns: time, sza, weighting spectra
time, hrs.  sza, deg.          1          2          3          4          5          6          7
   11.0000     16.961  2.437E+00  6.483E+01  4.274E-01  7.463E-01  1.033E-02  1.465E+01  7.370E-01
   11.5000      9.958  2.596E+00  6.728E+01  4.466E-01  8.005E-01  1.144E-02  1.580E+01  7.952E-01
   12.0000      3.317  2.672E+00  6.843E+01  4.557E-01  8.267E-01  1.199E-02  1.636E+01  8.234E-01
   12.5000      4.833  2.661E+00  6.827E+01  4.544E-01  8.230E-01  1.191E-02  1.628E+01  8.194E-01
   13.0000     11.671  2.564E+00  6.679E+01  4.428E-01  7.896E-01  1.121E-02  1.557E+01  7.835E-01
------------------------------------------------------------
