Spectral Irradiance, W m-2 nm-1
values at z =      0.000 km
Columns: wavelength (nm), times (hrs.) or sza (deg.)
    wc, nm     11.000     11.500     12.000     12.500     13.000
    sza =      63.402     63.296     63.255     63.282     63.375
  280.5000  3.574E-28  3.624E-28  3.644E-28  3.631E-28  3.587E-28
  281.5000  1.379E-25  1.399E-25  1.407E-25  1.402E-25  1.384E-25
  282.5000  1.582E-23  1.606E-23  1.615E-23  1.609E-23  1.588E-23
  283.5000  3.116E-22  3.165E-22  3.184E-22  3.172E-22  3.129E-22
  284.5000  4.429E-20  4.504E-20  4.533E-20  4.514E-20  4.448E-20
  285.5000  1.100E-18  1.120E-18  1.128E-18  1.123E-18  1.105E-18
  286.5000  5.934E-17  6.054E-17  6.100E-17  6.070E-17  5.964E-17
  287.5000  1.885E-15  1.928E-15  1.945E-15  1.934E-15  1.896E-15
  288.5000  6.362E-14  6.534E-14  6.601E-14  6.557E-14  6.405E-14
  289.5000  1.420E-12  1.463E-12  1.480E-12  1.469E-12  1.431E-12
  290.5000  1.913E-11  1.978E-11  2.003E-11  1.986E-11  1.929E-11
  291.5000  2.506E-10  2.598E-10  2.634E-10  2.611E-10  2.529E-10
  292.5000  2.005E-09  2.082E-09  2.112E-09  2.092E-09  2.024E-09
  293.5000  1.858E-08  1.930E-08  1.958E-08  1.939E-08  1.876E-08
  294.5000  8.994E-08  9.332E-08  9.465E-08  9.378E-08  9.080E-08
  295.5000  6.243E-07  6.466E-07  6.553E-07  6.496E-07  6.299E-07
  296.5000  2.569E-06  2.655E-06  2.689E-06  2.667E-06  2.591E-06
  297.5000  1.056E-05  1.088E-05  1.101E-05  1.093E-05  1.064E-05
  298.5000  2.408E-05  2.477E-05  2.503E-05  2.486E-05  2.426E-05
  299.5000  9.964E-05  1.022E-04  1.032E-04  1.026E-04  1.003E-04
  300.5000  1.502E-04  1.538E-04  1.552E-04  1.543E-04  1.511E-04
  301.5000  5.012E-04  5.119E-04  5.160E-04  5.133E-04  5.039E-04
  302.5000  8.787E-04  8.960E-04  9.027E-04  8.983E-04  8.831E-04
  303.5000  2.248E-03  2.288E-03  2.303E-03  2.293E-03  2.258E-03
  304.5000  3.109E-03  3.160E-03  3.180E-03  3.167E-03  3.122E-03
  305.5000  5.832E-03  5.918E-03  5.951E-03  5.929E-03  5.854E-03
  306.5000  7.083E-03  7.182E-03  7.221E-03  7.196E-03  7.109E-03
  307.5000  1.366E-02  1.383E-02  1.390E-02  1.385E-02  1.370E-02
  308.5000  1.710E-02  1.730E-02  1.738E-02  1.733E-02  1.715E-02
  309.5000  1.827E-02  1.847E-02  1.854E-02  1.849E-02  1.832E-02
  310.5000  2.854E-02  2.883E-02  2.895E-02  2.887E-02  2.862E-02
  311.5000  4.022E-02  4.061E-02  4.076E-02  4.067E-02  4.032E-02
  312.5000  4.611E-02  4.652E-02  4.667E-02  4.657E-02  4.621E-02
  313.5000  5.437E-02  5.484E-02  5.502E-02  5.491E-02  5.449E-02
  314.5000  6.234E-02  6.284E-02  6.302E-02  6.290E-02  6.247E-02
  315.5000  6.593E-02  6.645E-02  6.664E-02  6.652E-02  6.607E-02
  316.5000  7.302E-02  7.354E-02  7.374E-02  7.361E-02  7.315E-02
  317.5000  1.035E-01  1.042E-01  1.045E-01  1.043E-01  1.037E-01
  318.5000  8.966E-02  9.026E-02  9.049E-02  9.034E-02  8.981E-02
  319.5000  1.116E-01  1.123E-01  1.126E-01  1.124E-01  1.117E-01
  320.5000  1.389E-01  1.398E-01  1.402E-01  1.399E-01  1.391E-01
  321.5000  1.287E-01  1.295E-01  1.298E-01  1.296E-01  1.289E-01
  322.5000  1.215E-01  1.222E-01  1.225E-01  1.224E-01  1.217E-01
  323.5000  1.390E-01  1.398E-01  1.401E-01  1.399E-01  1.392E-01
  324.5000  1.628E-01  1.637E-01  1.641E-01  1.638E-01  1.630E-01
  325.5000  1.802E-01  1.813E-01  1.817E-01  1.814E-01  1.805E-01
  326.5000  2.340E-01  2.353E-01  2.358E-01  2.354E-01  2.343E-01
  327.5000  2.134E-01  2.146E-01  2.151E-01  2.148E-01  2.137E-01
  328.5000  1.974E-01  1.985E-01  1.990E-01  1.987E-01  1.977E-01
  329.5000  2.695E-01  2.709E-01  2.714E-01  2.711E-01  2.698E-01
  330.5000  2.403E-01  2.416E-01  2.421E-01  2.417E-01  2.406E-01
  331.5000  2.367E-01  2.380E-01  2.385E-01  2.382E-01  2.371E-01
  332.5000  2.419E-01  2.432E-01  2.437E-01  2.434E-01  2.423E-01
  333.5000  2.241E-01  2.253E-01  2.258E-01  2.255E-01  2.245E-01
  334.5000  2.527E-01  2.540E-01  2.545E-01  2.542E-01  2.531E-01
  335.5000  2.609E-01  2.622E-01  2.627E-01  2.624E-01  2.612E-01
  336.5000  2.032E-01  2.042E-01  2.046E-01  2.044E-01  2.034E-01
  337.5000  2.207E-01  2.218E-01  2.223E-01  2.220E-01  2.210E-01
  338.5000  2.373E-01  2.386E-01  2.390E-01  2.387E-01  2.376E-01
  339.5000  2.589E-01  2.602E-01  2.607E-01  2.604E-01  2.593E-01
  340.5000  2.754E-01  2.768E-01  2.773E-01  2.770E-01  2.757E-01
  341.5000  2.471E-01  2.483E-01  2.488E-01  2.485E-01  2.474E-01
  342.5000  2.744E-01  2.758E-01  2.764E-01  2.760E-01  2.748E-01
  343.5000  2.845E-01  2.860E-01  2.865E-01  2.862E-01  2.849E-01
  344.5000  1.990E-01  2.000E-01  2.004E-01  2.001E-01  1.992E-01
  345.5000  2.753E-01  2.766E-01  2.772E-01  2.768E-01  2.756E-01
  346.5000  2.565E-01  2.578E-01  2.583E-01  2.579E-01  2.568E-01
  347.5000  2.510E-01  2.523E-01  2.528E-01  2.525E-01  2.513E-01
  348.5000  2.767E-01  2.781E-01  2.786E-01  2.783E-01  2.771E-01
  349.5000  2.321E-01  2.332E-01  2.337E-01  2.334E-01  2.324E-01
  350.5000  3.254E-01  3.271E-01  3.277E-01  3.273E-01  3.258E-01
  351.5000  2.806E-01  2.820E-01  2.825E-01  2.822E-01  2.809E-01
  352.5000  2.535E-01  2.547E-01  2.552E-01  2.549E-01  2.538E-01
  353.5000  3.057E-01  3.073E-01  3.078E-01  3.075E-01  3.061E-01
  354.5000  3.315E-01  3.331E-01  3.338E-01  3.334E-01  3.319E-01
  355.5000  3.101E-01  3.117E-01  3.123E-01  3.119E-01  3.105E-01
  356.5000  2.881E-01  2.895E-01  2.901E-01  2.897E-01  2.884E-01
  357.5000  2.452E-01  2.464E-01  2.469E-01  2.466E-01  2.455E-01
  358.5000  1.895E-01  1.904E-01  1.908E-01  1.905E-01  1.897E-01
  359.5000  3.192E-01  3.208E-01  3.214E-01  3.210E-01  3.196E-01
  360.5000  2.962E-01  2.976E-01  2.982E-01  2.978E-01  2.965E-01
  361.5000  2.674E-01  2.687E-01  2.692E-01  2.689E-01  2.677E-01
  362.5000  3.143E-01  3.159E-01  3.165E-01  3.161E-01  3.147E-01
  363.5000  2.799E-01  2.813E-01  2.818E-01  2.815E-01  2.803E-01
  364.5000  3.056E-01  3.071E-01  3.077E-01  3.073E-01  3.060E-01
  365.5000  3.727E-01  3.746E-01  3.753E-01  3.748E-01  3.732E-01
  366.5000  3.949E-01  3.969E-01  3.976E-01  3.971E-01  3.954E-01
  367.5000  3.754E-01  3.772E-01  3.779E-01  3.775E-01  3.758E-01
  368.5000  3.301E-01  3.317E-01  3.323E-01  3.319E-01  3.305E-01
  369.5000  3.963E-01  3.983E-01  3.990E-01  3.985E-01  3.968E-01
  370.5000  3.599E-01  3.617E-01  3.624E-01  3.619E-01  3.604E-01
  371.5000  4.122E-01  4.143E-01  4.150E-01  4.145E-01  4.128E-01
  372.5000  3.048E-01  3.063E-01  3.069E-01  3.065E-01  3.052E-01
  373.5000  2.758E-01  2.771E-01  2.776E-01  2.773E-01  2.761E-01
  374.5000  3.029E-01  3.044E-01  3.050E-01  3.046E-01  3.033E-01
  375.5000  3.421E-01  3.438E-01  3.444E-01  3.440E-01  3.426E-01
  376.5000  3.420E-01  3.437E-01  3.443E-01  3.439E-01  3.424E-01
  377.5000  4.076E-01  4.096E-01  4.104E-01  4.099E-01  4.081E-01
  378.5000  4.447E-01  4.469E-01  4.477E-01  4.472E-01  4.453E-01
  379.5000  3.293E-01  3.309E-01  3.315E-01  3.311E-01  3.297E-01
  380.5000  3.964E-01  3.983E-01  3.991E-01  3.986E-01  3.969E-01
  381.5000  3.729E-01  3.747E-01  3.754E-01  3.749E-01  3.733E-01
  382.5000  2.487E-01  2.499E-01  2.503E-01  2.500E-01  2.490E-01
  383.5000  2.186E-01  2.196E-01  2.200E-01  2.198E-01  2.188E-01
  384.5000  3.283E-01  3.299E-01  3.305E-01  3.301E-01  3.287E-01
  385.5000  3.251E-01  3.267E-01  3.273E-01  3.269E-01  3.255E-01
  386.5000  3.317E-01  3.333E-01  3.339E-01  3.335E-01  3.321E-01
  387.5000  3.086E-01  3.101E-01  3.106E-01  3.103E-01  3.090E-01
  388.5000  3.096E-01  3.111E-01  3.116E-01  3.113E-01  3.100E-01
  389.5000  3.908E-01  3.926E-01  3.934E-01  3.929E-01  3.912E-01
  390.5000  3.842E-01  3.860E-01  3.867E-01  3.863E-01  3.846E-01
  391.5000  4.562E-01  4.584E-01  4.592E-01  4.587E-01  4.567E-01
  392.5000  3.424E-01  3.440E-01  3.447E-01  3.442E-01  3.428E-01
  393.5000  1.490E-01  1.497E-01  1.500E-01  1.498E-01  1.492E-01
  394.5000  3.509E-01  3.526E-01  3.532E-01  3.528E-01  3.513E-01
  395.5000  4.519E-01  4.540E-01  4.549E-01  4.543E-01  4.524E-01
  396.5000  2.656E-01  2.668E-01  2.673E-01  2.670E-01  2.659E-01
  397.5000  3.067E-01  3.082E-01  3.088E-01  3.084E-01  3.071E-01
  398.5000  5.276E-01  5.301E-01  5.310E-01  5.304E-01  5.282E-01
  399.5000  5.492E-01  5.518E-01  5.528E-01  5.522E-01  5.499E-01
  400.5000  5.779E-01  5.807E-01  5.817E-01  5.810E-01  5.786E-01
  401.5000  5.951E-01  5.979E-01  5.990E-01  5.983E-01  5.958E-01
  402.5000  6.184E-01  6.213E-01  6.224E-01  6.217E-01  6.191E-01
  403.5000  5.665E-01  5.692E-01  5.702E-01  5.695E-01  5.672E-01
  404.5000  5.561E-01  5.587E-01  5.597E-01  5.591E-01  5.568E-01
  405.5000  5.782E-01  5.809E-01  5.820E-01  5.813E-01  5.789E-01
  406.5000  5.450E-01  5.476E-01  5.486E-01  5.480E-01  5.457E-01
  407.5000  5.500E-01  5.526E-01  5.535E-01  5.529E-01  5.506E-01
  408.5000  6.130E-01  6.159E-01  6.170E-01  6.163E-01  6.138E-01
  409.5000  6.014E-01  6.043E-01  6.054E-01  6.047E-01  6.022E-01
  410.5000  5.220E-01  5.245E-01  5.254E-01  5.248E-01  5.226E-01
  411.5000  6.280E-01  6.309E-01  6.320E-01  6.313E-01  6.287E-01
  412.5000  6.229E-01  6.259E-01  6.270E-01  6.263E-01  6.237E-01
  413.5000  6.047E-01  6.075E-01  6.086E-01  6.079E-01  6.054E-01
  414.5000  6.220E-01  6.249E-01  6.260E-01  6.253E-01  6.227E-01
  415.5000  5.954E-01  5.982E-01  5.992E-01  5.986E-01  5.961E-01
  416.5000  6.485E-01  6.515E-01  6.527E-01  6.519E-01  6.493E-01
  417.5000  5.933E-01  5.961E-01  5.971E-01  5.965E-01  5.940E-01
  418.5000  5.985E-01  6.013E-01  6.023E-01  6.016E-01  5.992E-01
  419.5000  6.187E-01  6.216E-01  6.227E-01  6.220E-01  6.195E-01
------------------------------------------------------------
Dose rates, W m-2
   1 = UV-B, 280-315 nm                                  
   2 = UV-A, 315-400 nm                                  
   3 = Gaussian, 320 nm, 10 nm FWHM                      
   4 = RB Meter, model 501                               
   5 = DNA damage, in vitro (Setlow, 1974)               
   6 = UV index (WMO, 1994; Webb et al., 2011)           
   7 = Previtamin-D3 (CIE 2006)                          
values at z =      0.000 km
Columns: time, sza, weighting spectra
time, hrs.  sza, deg.          1          2          3          4          5          6          7
   11.0000     63.402  3.006E-01  2.389E+01  1.179E-01  8.525E-02  4.619E-04  1.667E+00  5.812E-02
   11.5000     63.296  3.035E-01  2.402E+01  1.186E-01  8.604E-02  4.674E-04  1.681E+00  5.877E-02
   12.0000     63.255  3.046E-01  2.406E+01  1.189E-01  8.634E-02  4.694E-04  1.687E+00  5.902E-02
   12.5000     63.282  3.039E-01  2.403E+01  1.187E-01  8.614E-02  4.681E-04  1.683E+00  5.885E-02
   13.0000     63.375  3.013E-01  2.393E+01  1.180E-01  8.545E-02  4.633E-04  1.671E+00  5.828E-02
------------------------------------------------------------
