Spectral Irradiance, W m-2 nm-1
values at z =      0.000 km
Columns: wavelength (nm), times (hrs.) or sza (deg.)
    wc, nm     11.000     11.500     12.000     12.500     13.000
    sza =      69.044     67.922     67.481     67.736     68.677
  280.5000  1.696E-24  1.871E-24  1.948E-24  1.903E-24  1.750E-24
  281.5000  2.830E-22  3.130E-22  3.263E-22  3.185E-22  2.923E-22
  282.5000  1.578E-20  1.749E-20  1.825E-20  1.781E-20  1.630E-20
  283.5000  1.942E-19  2.158E-19  2.254E-19  2.198E-19  2.009E-19
  284.5000  1.164E-17  1.299E-17  1.360E-17  1.324E-17  1.206E-17
  285.5000  1.517E-16  1.700E-16  1.782E-16  1.733E-16  1.573E-16
  286.5000  4.947E-15  5.562E-15  5.841E-15  5.677E-15  5.135E-15
  287.5000  8.860E-14  1.002E-13  1.055E-13  1.023E-13  9.212E-14
  288.5000  1.563E-12  1.783E-12  1.885E-12  1.825E-12  1.629E-12
  289.5000  2.139E-11  2.463E-11  2.618E-11  2.526E-11  2.236E-11
  290.5000  1.872E-10  2.182E-10  2.334E-10  2.243E-10  1.963E-10
  291.5000  1.470E-09  1.750E-09  1.891E-09  1.807E-09  1.551E-09
  292.5000  7.657E-09  9.340E-09  1.021E-08  9.689E-09  8.138E-09
  293.5000  4.757E-08  5.975E-08  6.608E-08  6.230E-08  5.103E-08
  294.5000  1.711E-07  2.203E-07  2.458E-07  2.306E-07  1.850E-07
  295.5000  8.912E-07  1.175E-06  1.321E-06  1.234E-06  9.723E-07
  296.5000  2.988E-06  3.994E-06  4.498E-06  4.198E-06  3.278E-06
  297.5000  1.057E-05  1.417E-05  1.594E-05  1.489E-05  1.162E-05
  298.5000  2.174E-05  2.902E-05  3.252E-05  3.045E-05  2.388E-05
  299.5000  8.321E-05  1.098E-04  1.224E-04  1.150E-04  9.115E-05
  300.5000  1.197E-04  1.559E-04  1.726E-04  1.628E-04  1.306E-04
  301.5000  3.837E-04  4.907E-04  5.390E-04  5.106E-04  4.163E-04
  302.5000  6.590E-04  8.307E-04  9.072E-04  8.624E-04  7.117E-04
  303.5000  1.655E-03  2.047E-03  2.219E-03  2.119E-03  1.777E-03
  304.5000  2.270E-03  2.774E-03  2.993E-03  2.865E-03  2.427E-03
  305.5000  4.221E-03  5.062E-03  5.421E-03  5.212E-03  4.485E-03
  306.5000  5.110E-03  6.077E-03  6.487E-03  6.248E-03  5.414E-03
  307.5000  9.826E-03  1.149E-02  1.218E-02  1.178E-02  1.035E-02
  308.5000  1.229E-02  1.427E-02  1.510E-02  1.462E-02  1.292E-02
  309.5000  1.312E-02  1.506E-02  1.586E-02  1.540E-02  1.374E-02
  310.5000  2.051E-02  2.334E-02  2.450E-02  2.383E-02  2.141E-02
  311.5000  2.890E-02  3.271E-02  3.426E-02  3.336E-02  3.012E-02
  312.5000  3.318E-02  3.716E-02  3.878E-02  3.784E-02  3.446E-02
  313.5000  3.913E-02  4.372E-02  4.558E-02  4.450E-02  4.060E-02
  314.5000  4.495E-02  4.976E-02  5.171E-02  5.058E-02  4.650E-02
  315.5000  4.753E-02  5.255E-02  5.458E-02  5.340E-02  4.915E-02
  316.5000  5.272E-02  5.788E-02  5.995E-02  5.875E-02  5.439E-02
  317.5000  7.467E-02  8.198E-02  8.492E-02  8.322E-02  7.703E-02
  318.5000  6.482E-02  7.070E-02  7.306E-02  7.169E-02  6.672E-02
  319.5000  8.065E-02  8.786E-02  9.075E-02  8.908E-02  8.299E-02
  320.5000  1.005E-01  1.093E-01  1.128E-01  1.108E-01  1.033E-01
  321.5000  9.325E-02  1.008E-01  1.039E-01  1.021E-01  9.571E-02
  322.5000  8.784E-02  9.543E-02  9.846E-02  9.671E-02  9.030E-02
  323.5000  1.007E-01  1.086E-01  1.118E-01  1.100E-01  1.033E-01
  324.5000  1.179E-01  1.272E-01  1.309E-01  1.288E-01  1.209E-01
  325.5000  1.305E-01  1.409E-01  1.451E-01  1.427E-01  1.339E-01
  326.5000  1.697E-01  1.823E-01  1.873E-01  1.844E-01  1.738E-01
  327.5000  1.547E-01  1.665E-01  1.712E-01  1.684E-01  1.585E-01
  328.5000  1.431E-01  1.540E-01  1.583E-01  1.558E-01  1.466E-01
  329.5000  1.955E-01  2.096E-01  2.152E-01  2.120E-01  2.001E-01
  330.5000  1.742E-01  1.871E-01  1.922E-01  1.893E-01  1.784E-01
  331.5000  1.716E-01  1.844E-01  1.894E-01  1.865E-01  1.758E-01
  332.5000  1.755E-01  1.881E-01  1.931E-01  1.902E-01  1.796E-01
  333.5000  1.626E-01  1.744E-01  1.791E-01  1.764E-01  1.664E-01
  334.5000  1.834E-01  1.965E-01  2.018E-01  1.988E-01  1.876E-01
  335.5000  1.893E-01  2.027E-01  2.080E-01  2.049E-01  1.937E-01
  336.5000  1.474E-01  1.579E-01  1.621E-01  1.597E-01  1.509E-01
  337.5000  1.601E-01  1.716E-01  1.762E-01  1.735E-01  1.639E-01
  338.5000  1.723E-01  1.844E-01  1.892E-01  1.865E-01  1.762E-01
  339.5000  1.880E-01  2.012E-01  2.064E-01  2.034E-01  1.923E-01
  340.5000  1.999E-01  2.140E-01  2.197E-01  2.164E-01  2.045E-01
  341.5000  1.794E-01  1.920E-01  1.969E-01  1.941E-01  1.835E-01
  342.5000  1.993E-01  2.132E-01  2.188E-01  2.156E-01  2.038E-01
  343.5000  2.066E-01  2.211E-01  2.269E-01  2.235E-01  2.113E-01
  344.5000  1.445E-01  1.547E-01  1.587E-01  1.564E-01  1.478E-01
  345.5000  2.000E-01  2.139E-01  2.194E-01  2.162E-01  2.045E-01
  346.5000  1.863E-01  1.994E-01  2.045E-01  2.015E-01  1.905E-01
  347.5000  1.824E-01  1.951E-01  2.002E-01  1.973E-01  1.865E-01
  348.5000  2.010E-01  2.151E-01  2.206E-01  2.174E-01  2.056E-01
  349.5000  1.686E-01  1.804E-01  1.851E-01  1.824E-01  1.725E-01
  350.5000  2.365E-01  2.530E-01  2.595E-01  2.558E-01  2.419E-01
  351.5000  2.039E-01  2.182E-01  2.238E-01  2.205E-01  2.086E-01
  352.5000  1.843E-01  1.971E-01  2.022E-01  1.992E-01  1.884E-01
  353.5000  2.223E-01  2.377E-01  2.439E-01  2.403E-01  2.273E-01
  354.5000  2.410E-01  2.578E-01  2.644E-01  2.606E-01  2.465E-01
  355.5000  2.255E-01  2.412E-01  2.474E-01  2.438E-01  2.306E-01
  356.5000  2.095E-01  2.241E-01  2.298E-01  2.265E-01  2.143E-01
  357.5000  1.784E-01  1.907E-01  1.956E-01  1.928E-01  1.824E-01
  358.5000  1.379E-01  1.474E-01  1.512E-01  1.490E-01  1.410E-01
  359.5000  2.323E-01  2.484E-01  2.547E-01  2.511E-01  2.375E-01
  360.5000  2.156E-01  2.305E-01  2.364E-01  2.330E-01  2.204E-01
  361.5000  1.946E-01  2.081E-01  2.134E-01  2.103E-01  1.990E-01
  362.5000  2.288E-01  2.447E-01  2.509E-01  2.473E-01  2.340E-01
  363.5000  2.038E-01  2.179E-01  2.235E-01  2.203E-01  2.084E-01
  364.5000  2.226E-01  2.380E-01  2.440E-01  2.405E-01  2.276E-01
  365.5000  2.715E-01  2.903E-01  2.977E-01  2.934E-01  2.776E-01
  366.5000  2.877E-01  3.076E-01  3.154E-01  3.109E-01  2.942E-01
  367.5000  2.735E-01  2.924E-01  2.999E-01  2.955E-01  2.797E-01
  368.5000  2.406E-01  2.572E-01  2.637E-01  2.599E-01  2.460E-01
  369.5000  2.889E-01  3.088E-01  3.167E-01  3.121E-01  2.954E-01
  370.5000  2.624E-01  2.805E-01  2.876E-01  2.835E-01  2.683E-01
  371.5000  3.006E-01  3.213E-01  3.295E-01  3.247E-01  3.074E-01
  372.5000  2.223E-01  2.376E-01  2.436E-01  2.402E-01  2.273E-01
  373.5000  2.012E-01  2.150E-01  2.205E-01  2.173E-01  2.057E-01
  374.5000  2.210E-01  2.362E-01  2.422E-01  2.388E-01  2.260E-01
  375.5000  2.497E-01  2.668E-01  2.736E-01  2.697E-01  2.553E-01
  376.5000  2.496E-01  2.668E-01  2.735E-01  2.696E-01  2.552E-01
  377.5000  2.976E-01  3.180E-01  3.261E-01  3.214E-01  3.043E-01
  378.5000  3.247E-01  3.470E-01  3.558E-01  3.507E-01  3.320E-01
  379.5000  2.405E-01  2.570E-01  2.635E-01  2.597E-01  2.459E-01
  380.5000  2.896E-01  3.094E-01  3.172E-01  3.127E-01  2.961E-01
  381.5000  2.725E-01  2.911E-01  2.984E-01  2.942E-01  2.785E-01
  382.5000  1.818E-01  1.942E-01  1.991E-01  1.962E-01  1.858E-01
  383.5000  1.598E-01  1.707E-01  1.750E-01  1.725E-01  1.633E-01
  384.5000  2.401E-01  2.564E-01  2.629E-01  2.592E-01  2.454E-01
  385.5000  2.378E-01  2.540E-01  2.604E-01  2.567E-01  2.431E-01
  386.5000  2.427E-01  2.592E-01  2.657E-01  2.620E-01  2.481E-01
  387.5000  2.258E-01  2.412E-01  2.472E-01  2.437E-01  2.308E-01
  388.5000  2.266E-01  2.420E-01  2.481E-01  2.446E-01  2.316E-01
  389.5000  2.861E-01  3.055E-01  3.132E-01  3.087E-01  2.924E-01
  390.5000  2.813E-01  3.004E-01  3.079E-01  3.036E-01  2.875E-01
  391.5000  3.341E-01  3.568E-01  3.657E-01  3.605E-01  3.415E-01
  392.5000  2.508E-01  2.678E-01  2.745E-01  2.707E-01  2.564E-01
  393.5000  1.092E-01  1.166E-01  1.195E-01  1.178E-01  1.116E-01
  394.5000  2.572E-01  2.746E-01  2.815E-01  2.775E-01  2.629E-01
  395.5000  3.313E-01  3.537E-01  3.625E-01  3.574E-01  3.386E-01
  396.5000  1.948E-01  2.079E-01  2.131E-01  2.101E-01  1.990E-01
  397.5000  2.250E-01  2.402E-01  2.462E-01  2.427E-01  2.299E-01
  398.5000  3.871E-01  4.132E-01  4.235E-01  4.175E-01  3.956E-01
  399.5000  4.030E-01  4.302E-01  4.409E-01  4.347E-01  4.119E-01
  400.5000  4.242E-01  4.528E-01  4.640E-01  4.575E-01  4.335E-01
  401.5000  4.369E-01  4.663E-01  4.779E-01  4.712E-01  4.465E-01
  402.5000  4.541E-01  4.847E-01  4.967E-01  4.897E-01  4.641E-01
  403.5000  4.161E-01  4.441E-01  4.551E-01  4.487E-01  4.253E-01
  404.5000  4.086E-01  4.360E-01  4.468E-01  4.406E-01  4.176E-01
  405.5000  4.249E-01  4.534E-01  4.647E-01  4.582E-01  4.342E-01
  406.5000  4.007E-01  4.275E-01  4.381E-01  4.320E-01  4.095E-01
  407.5000  4.044E-01  4.315E-01  4.422E-01  4.360E-01  4.132E-01
  408.5000  4.509E-01  4.810E-01  4.929E-01  4.861E-01  4.607E-01
  409.5000  4.425E-01  4.721E-01  4.837E-01  4.770E-01  4.521E-01
  410.5000  3.841E-01  4.098E-01  4.199E-01  4.141E-01  3.925E-01
  411.5000  4.622E-01  4.931E-01  5.052E-01  4.982E-01  4.723E-01
  412.5000  4.587E-01  4.892E-01  5.013E-01  4.943E-01  4.686E-01
  413.5000  4.453E-01  4.750E-01  4.867E-01  4.799E-01  4.550E-01
  414.5000  4.582E-01  4.887E-01  5.007E-01  4.938E-01  4.682E-01
  415.5000  4.387E-01  4.679E-01  4.794E-01  4.727E-01  4.483E-01
  416.5000  4.780E-01  5.097E-01  5.222E-01  5.150E-01  4.884E-01
  417.5000  4.374E-01  4.665E-01  4.779E-01  4.713E-01  4.469E-01
  418.5000  4.413E-01  4.706E-01  4.821E-01  4.755E-01  4.509E-01
  419.5000  4.564E-01  4.866E-01  4.985E-01  4.916E-01  4.663E-01
------------------------------------------------------------
Dose rates, W m-2
   1 = UV-B, 280-315 nm                                  
   2 = UV-A, 315-400 nm                                  
   3 = Gaussian, 320 nm, 10 nm FWHM                      
   4 = RB Meter, model 501                               
   5 = DNA damage, in vitro (Setlow, 1974)               
   6 = UV index (WMO, 1994; Webb et al., 2011)           
   7 = Previtamin-D3 (CIE 2006)                          
values at z =      0.000 km
Columns: time, sza, weighting spectra
time, hrs.  sza, deg.          1          2          3          4          5          6          7
   11.0000     69.044  2.164E-01  1.741E+01  8.526E-02  6.157E-02  3.360E-04  1.207E+00  4.196E-02
   11.5000     67.922  2.451E-01  1.864E+01  9.264E-02  6.926E-02  3.893E-04  1.346E+00  4.830E-02
   12.0000     67.481  2.569E-01  1.912E+01  9.559E-02  7.243E-02  4.119E-04  1.404E+00  5.095E-02
   12.5000     67.736  2.500E-01  1.884E+01  9.388E-02  7.059E-02  3.987E-04  1.370E+00  4.941E-02
   13.0000     68.677  2.256E-01  1.781E+01  8.765E-02  6.402E-02  3.528E-04  1.252E+00  4.397E-02
------------------------------------------------------------
