Spectral Irradiance, W m-2 nm-1
values at z =      0.000 km
Columns: wavelength (nm), times (hrs.) or sza (deg.)
    wc, nm     11.000     11.500     12.000     12.500     13.000
    sza =      26.766     24.434     23.468     24.039     26.043
  280.5000  2.599E-18  5.451E-18  7.220E-18  6.126E-18  3.302E-18
  281.5000  1.898E-16  3.726E-16  4.813E-16  4.144E-16  2.360E-16
  282.5000  5.176E-15  9.604E-15  1.214E-14  1.059E-14  6.320E-15
  283.5000  4.017E-14  7.183E-14  8.956E-14  7.872E-14  4.846E-14
  284.5000  1.013E-12  1.694E-12  2.060E-12  1.838E-12  1.196E-12
  285.5000  6.905E-12  1.099E-11  1.311E-11  1.183E-11  8.023E-12
  286.5000  1.362E-10  2.086E-10  2.453E-10  2.231E-10  1.563E-10
  287.5000  1.378E-09  2.024E-09  2.342E-09  2.151E-09  1.560E-09
  288.5000  1.281E-08  1.797E-08  1.960E-08  1.895E-08  1.429E-08
  289.5000  1.094E-07  1.485E-07  1.668E-07  1.558E-07  1.207E-07
  290.5000  6.350E-07  8.384E-07  9.318E-07  8.760E-07  6.946E-07
  291.5000  3.043E-06  3.894E-06  4.276E-06  4.048E-06  3.295E-06
  292.5000  1.026E-05  1.279E-05  1.391E-05  1.325E-05  1.102E-05
  293.5000  4.061E-05  4.944E-05  5.328E-05  5.100E-05  4.327E-05
  294.5000  9.876E-05  1.180E-04  1.263E-04  1.214E-04  1.046E-04
  295.5000  3.224E-04  3.775E-04  4.009E-04  3.870E-04  3.392E-04
  296.5000  6.992E-04  8.052E-04  8.496E-04  8.234E-04  7.318E-04
  297.5000  1.621E-03  1.840E-03  1.931E-03  1.877E-03  1.689E-03
  298.5000  2.271E-03  2.545E-03  2.659E-03  2.592E-03  2.356E-03
  299.5000  5.894E-03  6.532E-03  6.792E-03  6.639E-03  6.093E-03
  300.5000  6.209E-03  6.820E-03  7.068E-03  6.922E-03  6.400E-03
  301.5000  1.399E-02  1.522E-02  1.571E-02  1.542E-02  1.437E-02
  302.5000  1.895E-02  2.049E-02  2.111E-02  2.074E-02  1.943E-02
  303.5000  3.569E-02  3.830E-02  3.934E-02  3.873E-02  3.651E-02
  304.5000  4.136E-02  4.419E-02  4.532E-02  4.465E-02  4.225E-02
  305.5000  5.953E-02  6.320E-02  6.465E-02  6.380E-02  6.069E-02
  306.5000  6.454E-02  6.832E-02  6.982E-02  6.894E-02  6.573E-02
  307.5000  9.994E-02  1.052E-01  1.073E-01  1.061E-01  1.016E-01
  308.5000  1.150E-01  1.209E-01  1.232E-01  1.218E-01  1.169E-01
  309.5000  1.050E-01  1.113E-01  1.132E-01  1.121E-01  1.078E-01
  310.5000  1.496E-01  1.563E-01  1.589E-01  1.574E-01  1.517E-01
  311.5000  1.968E-01  2.053E-01  2.086E-01  2.066E-01  1.995E-01
  312.5000  1.996E-01  2.076E-01  2.107E-01  2.089E-01  2.021E-01
  313.5000  2.286E-01  2.375E-01  2.410E-01  2.390E-01  2.314E-01
  314.5000  2.360E-01  2.446E-01  2.480E-01  2.460E-01  2.388E-01
  315.5000  2.452E-01  2.540E-01  2.575E-01  2.554E-01  2.480E-01
  316.5000  2.503E-01  2.589E-01  2.622E-01  2.603E-01  2.531E-01
  317.5000  3.542E-01  3.662E-01  3.709E-01  3.682E-01  3.580E-01
  318.5000  2.850E-01  2.941E-01  2.977E-01  2.956E-01  2.879E-01
  319.5000  3.492E-01  3.603E-01  3.647E-01  3.621E-01  3.528E-01
  320.5000  4.272E-01  4.405E-01  4.458E-01  4.427E-01  4.314E-01
  321.5000  3.701E-01  3.810E-01  3.853E-01  3.828E-01  3.736E-01
  322.5000  3.670E-01  3.783E-01  3.827E-01  3.801E-01  3.706E-01
  323.5000  3.871E-01  3.982E-01  4.026E-01  4.001E-01  3.906E-01
  324.5000  4.539E-01  4.670E-01  4.722E-01  4.692E-01  4.581E-01
  325.5000  5.073E-01  5.220E-01  5.278E-01  5.244E-01  5.119E-01
  326.5000  6.233E-01  6.400E-01  6.473E-01  6.433E-01  6.287E-01
  327.5000  5.776E-01  5.939E-01  6.002E-01  5.965E-01  5.828E-01
  328.5000  5.334E-01  5.483E-01  5.542E-01  5.508E-01  5.382E-01
  329.5000  6.987E-01  7.176E-01  7.249E-01  7.206E-01  7.047E-01
  330.5000  6.325E-01  6.498E-01  6.566E-01  6.526E-01  6.380E-01
  331.5000  6.244E-01  6.416E-01  6.482E-01  6.443E-01  6.299E-01
  332.5000  6.193E-01  6.358E-01  6.423E-01  6.385E-01  6.246E-01
  333.5000  5.801E-01  5.957E-01  6.018E-01  5.983E-01  5.851E-01
  334.5000  6.491E-01  6.664E-01  6.732E-01  6.692E-01  6.546E-01
  335.5000  6.600E-01  6.774E-01  6.842E-01  6.802E-01  6.656E-01
  336.5000  5.154E-01  5.290E-01  5.344E-01  5.312E-01  5.198E-01
  337.5000  5.644E-01  5.794E-01  5.853E-01  5.819E-01  5.692E-01
  338.5000  5.977E-01  6.133E-01  6.195E-01  6.159E-01  6.027E-01
  339.5000  6.499E-01  6.669E-01  6.735E-01  6.696E-01  6.553E-01
  340.5000  6.939E-01  7.121E-01  7.192E-01  7.150E-01  6.997E-01
  341.5000  6.172E-01  6.333E-01  6.395E-01  6.358E-01  6.223E-01
  342.5000  6.839E-01  7.016E-01  7.085E-01  7.044E-01  6.895E-01
  343.5000  7.098E-01  7.282E-01  7.354E-01  7.312E-01  7.157E-01
  344.5000  4.971E-01  5.100E-01  5.150E-01  5.121E-01  5.012E-01
  345.5000  6.820E-01  6.995E-01  7.064E-01  7.024E-01  6.876E-01
  346.5000  6.373E-01  6.537E-01  6.601E-01  6.563E-01  6.425E-01
  347.5000  6.226E-01  6.386E-01  6.449E-01  6.412E-01  6.277E-01
  348.5000  6.843E-01  7.019E-01  7.087E-01  7.047E-01  6.899E-01
  349.5000  5.734E-01  5.880E-01  5.938E-01  5.904E-01  5.780E-01
  350.5000  8.027E-01  8.232E-01  8.312E-01  8.265E-01  8.092E-01
  351.5000  6.915E-01  7.092E-01  7.161E-01  7.120E-01  6.972E-01
  352.5000  6.236E-01  6.395E-01  6.457E-01  6.420E-01  6.287E-01
  353.5000  7.506E-01  7.697E-01  7.771E-01  7.728E-01  7.567E-01
  354.5000  8.123E-01  8.329E-01  8.409E-01  8.362E-01  8.189E-01
  355.5000  7.589E-01  7.782E-01  7.856E-01  7.813E-01  7.651E-01
  356.5000  7.041E-01  7.219E-01  7.289E-01  7.248E-01  7.098E-01
  357.5000  5.986E-01  6.137E-01  6.196E-01  6.161E-01  6.034E-01
  358.5000  4.618E-01  4.735E-01  4.780E-01  4.753E-01  4.655E-01
  359.5000  7.771E-01  7.966E-01  8.042E-01  7.998E-01  7.833E-01
  360.5000  7.201E-01  7.382E-01  7.452E-01  7.411E-01  7.259E-01
  361.5000  6.491E-01  6.653E-01  6.717E-01  6.680E-01  6.543E-01
  362.5000  7.621E-01  7.811E-01  7.886E-01  7.842E-01  7.681E-01
  363.5000  6.777E-01  6.947E-01  7.013E-01  6.974E-01  6.831E-01
  364.5000  7.392E-01  7.576E-01  7.648E-01  7.606E-01  7.450E-01
  365.5000  9.004E-01  9.229E-01  9.316E-01  9.265E-01  9.076E-01
  366.5000  9.527E-01  9.764E-01  9.857E-01  9.803E-01  9.603E-01
  367.5000  9.044E-01  9.269E-01  9.356E-01  9.305E-01  9.116E-01
  368.5000  7.943E-01  8.140E-01  8.217E-01  8.172E-01  8.006E-01
  369.5000  9.525E-01  9.761E-01  9.853E-01  9.799E-01  9.601E-01
  370.5000  8.640E-01  8.854E-01  8.937E-01  8.888E-01  8.708E-01
  371.5000  9.884E-01  1.013E+00  1.022E+00  1.017E+00  9.962E-01
  372.5000  7.299E-01  7.479E-01  7.549E-01  7.508E-01  7.357E-01
  373.5000  6.596E-01  6.758E-01  6.822E-01  6.785E-01  6.648E-01
  374.5000  7.238E-01  7.416E-01  7.485E-01  7.444E-01  7.295E-01
  375.5000  8.164E-01  8.365E-01  8.443E-01  8.397E-01  8.228E-01
  376.5000  8.151E-01  8.351E-01  8.429E-01  8.383E-01  8.215E-01
  377.5000  9.704E-01  9.942E-01  1.003E+00  9.980E-01  9.780E-01
  378.5000  1.057E+00  1.083E+00  1.093E+00  1.087E+00  1.066E+00
  379.5000  7.822E-01  8.013E-01  8.087E-01  8.044E-01  7.883E-01
  380.5000  9.405E-01  9.634E-01  9.723E-01  9.671E-01  9.478E-01
  381.5000  8.836E-01  9.051E-01  9.135E-01  9.086E-01  8.904E-01
  382.5000  5.886E-01  6.029E-01  6.085E-01  6.053E-01  5.932E-01
  383.5000  5.168E-01  5.293E-01  5.342E-01  5.314E-01  5.208E-01
  384.5000  7.754E-01  7.942E-01  8.015E-01  7.972E-01  7.814E-01
  385.5000  7.670E-01  7.856E-01  7.928E-01  7.886E-01  7.729E-01
  386.5000  7.817E-01  8.006E-01  8.080E-01  8.036E-01  7.877E-01
  387.5000  7.263E-01  7.439E-01  7.507E-01  7.467E-01  7.319E-01
  388.5000  7.279E-01  7.455E-01  7.523E-01  7.483E-01  7.335E-01
  389.5000  9.178E-01  9.399E-01  9.485E-01  9.435E-01  9.248E-01
  390.5000  9.013E-01  9.230E-01  9.315E-01  9.265E-01  9.082E-01
  391.5000  1.069E+00  1.095E+00  1.105E+00  1.099E+00  1.077E+00
  392.5000  8.016E-01  8.208E-01  8.283E-01  8.239E-01  8.077E-01
  393.5000  3.484E-01  3.568E-01  3.600E-01  3.581E-01  3.511E-01
  394.5000  8.197E-01  8.394E-01  8.470E-01  8.425E-01  8.260E-01
  395.5000  1.055E+00  1.080E+00  1.090E+00  1.084E+00  1.063E+00
  396.5000  6.191E-01  6.339E-01  6.397E-01  6.363E-01  6.239E-01
  397.5000  7.143E-01  7.314E-01  7.380E-01  7.341E-01  7.198E-01
  398.5000  1.227E+00  1.257E+00  1.268E+00  1.261E+00  1.237E+00
  399.5000  1.276E+00  1.307E+00  1.319E+00  1.312E+00  1.286E+00
  400.5000  1.342E+00  1.374E+00  1.386E+00  1.379E+00  1.352E+00
  401.5000  1.380E+00  1.413E+00  1.426E+00  1.418E+00  1.391E+00
  402.5000  1.433E+00  1.467E+00  1.480E+00  1.472E+00  1.444E+00
  403.5000  1.311E+00  1.342E+00  1.354E+00  1.347E+00  1.321E+00
  404.5000  1.286E+00  1.316E+00  1.328E+00  1.321E+00  1.296E+00
  405.5000  1.336E+00  1.367E+00  1.380E+00  1.372E+00  1.346E+00
  406.5000  1.258E+00  1.288E+00  1.299E+00  1.292E+00  1.267E+00
  407.5000  1.268E+00  1.298E+00  1.310E+00  1.303E+00  1.278E+00
  408.5000  1.412E+00  1.445E+00  1.458E+00  1.451E+00  1.423E+00
  409.5000  1.384E+00  1.417E+00  1.429E+00  1.422E+00  1.394E+00
  410.5000  1.200E+00  1.228E+00  1.239E+00  1.233E+00  1.209E+00
  411.5000  1.442E+00  1.476E+00  1.489E+00  1.482E+00  1.453E+00
  412.5000  1.429E+00  1.463E+00  1.476E+00  1.468E+00  1.440E+00
  413.5000  1.386E+00  1.419E+00  1.431E+00  1.424E+00  1.397E+00
  414.5000  1.425E+00  1.458E+00  1.471E+00  1.463E+00  1.435E+00
  415.5000  1.362E+00  1.394E+00  1.407E+00  1.399E+00  1.373E+00
  416.5000  1.483E+00  1.517E+00  1.531E+00  1.523E+00  1.494E+00
  417.5000  1.355E+00  1.387E+00  1.399E+00  1.392E+00  1.365E+00
  418.5000  1.366E+00  1.398E+00  1.410E+00  1.403E+00  1.376E+00
  419.5000  1.411E+00  1.444E+00  1.456E+00  1.449E+00  1.421E+00
------------------------------------------------------------
Dose rates, W m-2
   1 = UV-B, 280-315 nm                                  
   2 = UV-A, 315-400 nm                                  
   3 = Gaussian, 320 nm, 10 nm FWHM                      
   4 = RB Meter, model 501                               
   5 = DNA damage, in vitro (Setlow, 1974)               
   6 = UV index (WMO, 1994; Webb et al., 2011)           
   7 = Previtamin-D3 (CIE 2006)                          
values at z =      0.000 km
Columns: time, sza, weighting spectra
time, hrs.  sza, deg.          1          2          3          4          5          6          7
   11.0000     26.766  1.582E+00  5.882E+01  3.601E-01  4.507E-01  4.236E-03  8.407E+00  4.044E-01
   11.5000     24.434  1.657E+00  6.032E+01  3.713E-01  4.735E-01  4.538E-03  8.844E+00  4.277E-01
   12.0000     23.468  1.687E+00  6.091E+01  3.758E-01  4.825E-01  4.659E-03  9.016E+00  4.368E-01
   12.5000     24.039  1.670E+00  6.056E+01  3.732E-01  4.772E-01  4.588E-03  8.915E+00  4.314E-01
   13.0000     26.043  1.607E+00  5.930E+01  3.637E-01  4.581E-01  4.332E-03  8.548E+00  4.120E-01
------------------------------------------------------------
