Spectral Irradiance, W m-2 nm-1
values at z =      0.000 km
Columns: wavelength (nm), times (hrs.) or sza (deg.)
    wc, nm     11.000     11.500     12.000     12.500     13.000
    sza =      69.109     68.856     68.771     68.856     69.107
  280.5000  6.978E-24  7.132E-24  7.184E-24  7.132E-24  6.979E-24
  281.5000  1.018E-21  1.041E-21  1.049E-21  1.041E-21  1.018E-21
  282.5000  5.060E-20  5.177E-20  5.217E-20  5.177E-20  5.060E-20
  283.5000  5.783E-19  5.921E-19  5.968E-19  5.920E-19  5.784E-19
  284.5000  3.028E-17  3.102E-17  3.128E-17  3.102E-17  3.028E-17
  285.5000  3.570E-16  3.662E-16  3.693E-16  3.661E-16  3.571E-16
  286.5000  1.078E-14  1.107E-14  1.117E-14  1.107E-14  1.079E-14
  287.5000  1.775E-13  1.824E-13  1.841E-13  1.824E-13  1.776E-13
  288.5000  2.860E-12  2.945E-12  2.974E-12  2.944E-12  2.860E-12
  289.5000  3.671E-11  3.787E-11  3.827E-11  3.786E-11  3.671E-11
  290.5000  3.045E-10  3.150E-10  3.186E-10  3.149E-10  3.046E-10
  291.5000  2.255E-09  2.342E-09  2.372E-09  2.342E-09  2.255E-09
  292.5000  1.120E-08  1.170E-08  1.187E-08  1.170E-08  1.121E-08
  293.5000  6.664E-08  7.000E-08  7.119E-08  6.999E-08  6.666E-08
  294.5000  2.316E-07  2.446E-07  2.492E-07  2.446E-07  2.317E-07
  295.5000  1.162E-06  1.234E-06  1.260E-06  1.234E-06  1.162E-06
  296.5000  3.769E-06  4.016E-06  4.103E-06  4.016E-06  3.771E-06
  297.5000  1.292E-05  1.378E-05  1.408E-05  1.378E-05  1.292E-05
  298.5000  2.583E-05  2.754E-05  2.813E-05  2.754E-05  2.584E-05
  299.5000  9.611E-05  1.022E-04  1.044E-04  1.022E-04  9.615E-05
  300.5000  1.351E-04  1.433E-04  1.462E-04  1.433E-04  1.352E-04
  301.5000  4.223E-04  4.462E-04  4.545E-04  4.462E-04  4.224E-04
  302.5000  7.128E-04  7.510E-04  7.640E-04  7.509E-04  7.131E-04
  303.5000  1.754E-03  1.840E-03  1.870E-03  1.840E-03  1.755E-03
  304.5000  2.376E-03  2.486E-03  2.524E-03  2.486E-03  2.377E-03
  305.5000  4.340E-03  4.522E-03  4.584E-03  4.521E-03  4.341E-03
  306.5000  5.212E-03  5.421E-03  5.492E-03  5.421E-03  5.214E-03
  307.5000  9.873E-03  1.023E-02  1.035E-02  1.023E-02  9.875E-03
  308.5000  1.227E-02  1.270E-02  1.284E-02  1.270E-02  1.228E-02
  309.5000  1.298E-02  1.339E-02  1.353E-02  1.339E-02  1.298E-02
  310.5000  2.013E-02  2.074E-02  2.094E-02  2.074E-02  2.014E-02
  311.5000  2.824E-02  2.905E-02  2.932E-02  2.905E-02  2.825E-02
  312.5000  3.216E-02  3.300E-02  3.328E-02  3.300E-02  3.216E-02
  313.5000  3.784E-02  3.881E-02  3.914E-02  3.881E-02  3.785E-02
  314.5000  4.316E-02  4.418E-02  4.452E-02  4.417E-02  4.316E-02
  315.5000  4.558E-02  4.664E-02  4.700E-02  4.664E-02  4.559E-02
  316.5000  5.028E-02  5.137E-02  5.173E-02  5.137E-02  5.029E-02
  317.5000  7.120E-02  7.275E-02  7.326E-02  7.274E-02  7.121E-02
  318.5000  6.150E-02  6.274E-02  6.315E-02  6.273E-02  6.150E-02
  319.5000  7.644E-02  7.795E-02  7.846E-02  7.795E-02  7.644E-02
  320.5000  9.509E-02  9.694E-02  9.756E-02  9.694E-02  9.510E-02
  321.5000  8.786E-02  8.945E-02  8.998E-02  8.945E-02  8.786E-02
  322.5000  8.304E-02  8.464E-02  8.517E-02  8.463E-02  8.305E-02
  323.5000  9.471E-02  9.637E-02  9.692E-02  9.636E-02  9.472E-02
  324.5000  1.108E-01  1.128E-01  1.135E-01  1.128E-01  1.109E-01
  325.5000  1.228E-01  1.250E-01  1.257E-01  1.250E-01  1.228E-01
  326.5000  1.590E-01  1.617E-01  1.626E-01  1.617E-01  1.590E-01
  327.5000  1.451E-01  1.476E-01  1.484E-01  1.476E-01  1.451E-01
  328.5000  1.342E-01  1.365E-01  1.373E-01  1.365E-01  1.342E-01
  329.5000  1.829E-01  1.858E-01  1.868E-01  1.858E-01  1.829E-01
  330.5000  1.631E-01  1.658E-01  1.667E-01  1.658E-01  1.631E-01
  331.5000  1.607E-01  1.634E-01  1.643E-01  1.634E-01  1.607E-01
  332.5000  1.640E-01  1.667E-01  1.676E-01  1.667E-01  1.641E-01
  333.5000  1.520E-01  1.545E-01  1.553E-01  1.545E-01  1.520E-01
  334.5000  1.714E-01  1.741E-01  1.751E-01  1.741E-01  1.714E-01
  335.5000  1.768E-01  1.796E-01  1.805E-01  1.796E-01  1.768E-01
  336.5000  1.377E-01  1.399E-01  1.406E-01  1.399E-01  1.377E-01
  337.5000  1.496E-01  1.520E-01  1.528E-01  1.520E-01  1.496E-01
  338.5000  1.608E-01  1.633E-01  1.642E-01  1.633E-01  1.608E-01
  339.5000  1.754E-01  1.782E-01  1.791E-01  1.781E-01  1.754E-01
  340.5000  1.865E-01  1.895E-01  1.905E-01  1.895E-01  1.866E-01
  341.5000  1.673E-01  1.699E-01  1.708E-01  1.699E-01  1.673E-01
  342.5000  1.858E-01  1.888E-01  1.897E-01  1.888E-01  1.859E-01
  343.5000  1.927E-01  1.957E-01  1.967E-01  1.957E-01  1.927E-01
  344.5000  1.348E-01  1.369E-01  1.376E-01  1.369E-01  1.348E-01
  345.5000  1.864E-01  1.893E-01  1.903E-01  1.893E-01  1.864E-01
  346.5000  1.737E-01  1.764E-01  1.773E-01  1.764E-01  1.737E-01
  347.5000  1.700E-01  1.726E-01  1.735E-01  1.726E-01  1.700E-01
  348.5000  1.873E-01  1.903E-01  1.913E-01  1.903E-01  1.873E-01
  349.5000  1.571E-01  1.596E-01  1.604E-01  1.596E-01  1.571E-01
  350.5000  2.203E-01  2.238E-01  2.249E-01  2.238E-01  2.203E-01
  351.5000  1.900E-01  1.930E-01  1.940E-01  1.929E-01  1.900E-01
  352.5000  1.716E-01  1.743E-01  1.752E-01  1.743E-01  1.716E-01
  353.5000  2.070E-01  2.102E-01  2.113E-01  2.102E-01  2.070E-01
  354.5000  2.244E-01  2.279E-01  2.291E-01  2.279E-01  2.244E-01
  355.5000  2.100E-01  2.133E-01  2.144E-01  2.133E-01  2.100E-01
  356.5000  1.950E-01  1.981E-01  1.991E-01  1.981E-01  1.951E-01
  357.5000  1.660E-01  1.686E-01  1.695E-01  1.686E-01  1.660E-01
  358.5000  1.283E-01  1.303E-01  1.310E-01  1.303E-01  1.283E-01
  359.5000  2.161E-01  2.195E-01  2.206E-01  2.195E-01  2.161E-01
  360.5000  2.006E-01  2.037E-01  2.047E-01  2.037E-01  2.006E-01
  361.5000  1.810E-01  1.839E-01  1.848E-01  1.839E-01  1.811E-01
  362.5000  2.129E-01  2.162E-01  2.173E-01  2.162E-01  2.129E-01
  363.5000  1.896E-01  1.925E-01  1.935E-01  1.925E-01  1.896E-01
  364.5000  2.070E-01  2.102E-01  2.113E-01  2.102E-01  2.070E-01
  365.5000  2.525E-01  2.564E-01  2.577E-01  2.564E-01  2.525E-01
  366.5000  2.675E-01  2.717E-01  2.731E-01  2.717E-01  2.675E-01
  367.5000  2.543E-01  2.583E-01  2.596E-01  2.583E-01  2.543E-01
  368.5000  2.236E-01  2.271E-01  2.283E-01  2.271E-01  2.236E-01
  369.5000  2.685E-01  2.727E-01  2.741E-01  2.727E-01  2.685E-01
  370.5000  2.439E-01  2.477E-01  2.490E-01  2.477E-01  2.439E-01
  371.5000  2.794E-01  2.837E-01  2.852E-01  2.837E-01  2.794E-01
  372.5000  2.066E-01  2.098E-01  2.109E-01  2.098E-01  2.066E-01
  373.5000  1.869E-01  1.898E-01  1.908E-01  1.898E-01  1.869E-01
  374.5000  2.054E-01  2.086E-01  2.096E-01  2.086E-01  2.054E-01
  375.5000  2.320E-01  2.356E-01  2.368E-01  2.356E-01  2.320E-01
  376.5000  2.319E-01  2.355E-01  2.367E-01  2.355E-01  2.319E-01
  377.5000  2.764E-01  2.807E-01  2.822E-01  2.807E-01  2.764E-01
  378.5000  3.016E-01  3.063E-01  3.078E-01  3.063E-01  3.016E-01
  379.5000  2.234E-01  2.268E-01  2.280E-01  2.268E-01  2.234E-01
  380.5000  2.689E-01  2.731E-01  2.745E-01  2.731E-01  2.689E-01
  381.5000  2.530E-01  2.569E-01  2.582E-01  2.569E-01  2.530E-01
  382.5000  1.687E-01  1.714E-01  1.722E-01  1.713E-01  1.687E-01
  383.5000  1.483E-01  1.506E-01  1.514E-01  1.506E-01  1.483E-01
  384.5000  2.228E-01  2.263E-01  2.274E-01  2.263E-01  2.228E-01
  385.5000  2.207E-01  2.241E-01  2.253E-01  2.241E-01  2.207E-01
  386.5000  2.252E-01  2.287E-01  2.299E-01  2.287E-01  2.252E-01
  387.5000  2.095E-01  2.128E-01  2.139E-01  2.128E-01  2.095E-01
  388.5000  2.102E-01  2.135E-01  2.146E-01  2.135E-01  2.103E-01
  389.5000  2.654E-01  2.695E-01  2.709E-01  2.695E-01  2.654E-01
  390.5000  2.610E-01  2.650E-01  2.664E-01  2.650E-01  2.610E-01
  391.5000  3.099E-01  3.147E-01  3.163E-01  3.147E-01  3.100E-01
  392.5000  2.327E-01  2.363E-01  2.375E-01  2.362E-01  2.327E-01
  393.5000  1.013E-01  1.028E-01  1.033E-01  1.028E-01  1.013E-01
  394.5000  2.385E-01  2.422E-01  2.434E-01  2.422E-01  2.385E-01
  395.5000  3.072E-01  3.120E-01  3.135E-01  3.119E-01  3.072E-01
  396.5000  1.806E-01  1.834E-01  1.843E-01  1.834E-01  1.806E-01
  397.5000  2.086E-01  2.118E-01  2.129E-01  2.118E-01  2.086E-01
  398.5000  3.589E-01  3.644E-01  3.662E-01  3.644E-01  3.589E-01
  399.5000  3.737E-01  3.794E-01  3.813E-01  3.794E-01  3.737E-01
  400.5000  3.933E-01  3.993E-01  4.013E-01  3.993E-01  3.933E-01
  401.5000  4.050E-01  4.113E-01  4.133E-01  4.112E-01  4.051E-01
  402.5000  4.209E-01  4.274E-01  4.296E-01  4.274E-01  4.210E-01
  403.5000  3.857E-01  3.916E-01  3.936E-01  3.916E-01  3.857E-01
  404.5000  3.787E-01  3.845E-01  3.864E-01  3.845E-01  3.787E-01
  405.5000  3.938E-01  3.998E-01  4.019E-01  3.998E-01  3.938E-01
  406.5000  3.713E-01  3.770E-01  3.789E-01  3.770E-01  3.713E-01
  407.5000  3.747E-01  3.805E-01  3.824E-01  3.805E-01  3.748E-01
  408.5000  4.178E-01  4.242E-01  4.263E-01  4.242E-01  4.178E-01
  409.5000  4.100E-01  4.163E-01  4.183E-01  4.162E-01  4.100E-01
  410.5000  3.559E-01  3.613E-01  3.632E-01  3.613E-01  3.559E-01
  411.5000  4.282E-01  4.348E-01  4.370E-01  4.348E-01  4.283E-01
  412.5000  4.249E-01  4.314E-01  4.335E-01  4.314E-01  4.249E-01
  413.5000  4.125E-01  4.188E-01  4.209E-01  4.188E-01  4.126E-01
  414.5000  4.244E-01  4.309E-01  4.331E-01  4.309E-01  4.245E-01
  415.5000  4.064E-01  4.126E-01  4.146E-01  4.125E-01  4.064E-01
  416.5000  4.427E-01  4.494E-01  4.517E-01  4.494E-01  4.427E-01
  417.5000  4.051E-01  4.113E-01  4.133E-01  4.113E-01  4.051E-01
  418.5000  4.087E-01  4.149E-01  4.170E-01  4.149E-01  4.087E-01
  419.5000  4.226E-01  4.291E-01  4.312E-01  4.290E-01  4.227E-01
------------------------------------------------------------
Dose rates, W m-2
   1 = UV-B, 280-315 nm                                  
   2 = UV-A, 315-400 nm                                  
   3 = Gaussian, 320 nm, 10 nm FWHM                      
   4 = RB Meter, model 501                               
   5 = DNA damage, in vitro (Setlow, 1974)               
   6 = UV index (WMO, 1994; Webb et al., 2011)           
   7 = Previtamin-D3 (CIE 2006)                          
values at z =      0.000 km
Columns: time, sza, weighting spectra
time, hrs.  sza, deg.          1          2          3          4          5          6          7
   11.0000     69.109  2.117E-01  1.621E+01  8.063E-02  5.993E-02  3.360E-04  1.166E+00  4.165E-02
   11.5000     68.856  2.179E-01  1.647E+01  8.218E-02  6.157E-02  3.475E-04  1.196E+00  4.301E-02
   12.0000     68.771  2.199E-01  1.656E+01  8.270E-02  6.212E-02  3.514E-04  1.206E+00  4.347E-02
   12.5000     68.856  2.178E-01  1.647E+01  8.217E-02  6.156E-02  3.475E-04  1.196E+00  4.301E-02
   13.0000     69.107  2.118E-01  1.621E+01  8.063E-02  5.994E-02  3.360E-04  1.167E+00  4.166E-02
------------------------------------------------------------
