Spectral Irradiance, W m-2 nm-1
values at z =      0.000 km
Columns: wavelength (nm), times (hrs.) or sza (deg.)
    wc, nm     11.000     11.500     12.000     12.500     13.000
    sza =      68.325     67.044     66.434     66.515     67.283
  280.5000  4.789E-31  5.341E-31  5.645E-31  5.603E-31  5.230E-31
  281.5000  3.176E-28  3.552E-28  3.760E-28  3.731E-28  3.476E-28
  282.5000  5.788E-26  6.491E-26  6.880E-26  6.826E-26  6.348E-26
  283.5000  1.537E-24  1.727E-24  1.832E-24  1.818E-24  1.688E-24
  284.5000  3.737E-22  4.219E-22  4.488E-22  4.450E-22  4.121E-22
  285.5000  1.370E-20  1.553E-20  1.655E-20  1.641E-20  1.515E-20
  286.5000  9.881E-19  1.124E-18  1.200E-18  1.190E-18  1.096E-18
  287.5000  4.265E-17  4.875E-17  5.223E-17  5.174E-17  4.750E-17
  288.5000  1.952E-15  2.248E-15  2.418E-15  2.394E-15  2.187E-15
  289.5000  5.270E-14  6.111E-14  6.606E-14  6.536E-14  5.935E-14
  290.5000  8.133E-13  9.516E-13  1.035E-12  1.023E-12  9.224E-13
  291.5000  1.207E-11  1.435E-11  1.578E-11  1.557E-11  1.386E-11
  292.5000  1.050E-10  1.274E-10  1.420E-10  1.399E-10  1.225E-10
  293.5000  1.046E-09  1.308E-09  1.484E-09  1.458E-09  1.249E-09
  294.5000  5.415E-09  6.981E-09  8.048E-09  7.890E-09  6.628E-09
  295.5000  4.145E-08  5.551E-08  6.508E-08  6.367E-08  5.233E-08
  296.5000  1.924E-07  2.655E-07  3.146E-07  3.074E-07  2.491E-07
  297.5000  9.143E-07  1.287E-06  1.532E-06  1.496E-06  1.205E-06
  298.5000  2.444E-06  3.466E-06  4.118E-06  4.024E-06  3.242E-06
  299.5000  1.213E-05  1.715E-05  2.024E-05  1.980E-05  1.607E-05
  300.5000  2.149E-05  3.004E-05  3.520E-05  3.447E-05  2.822E-05
  301.5000  8.712E-05  1.195E-04  1.384E-04  1.357E-04  1.127E-04
  302.5000  1.753E-04  2.363E-04  2.713E-04  2.664E-04  2.237E-04
  303.5000  5.331E-04  7.019E-04  7.961E-04  7.831E-04  6.674E-04
  304.5000  8.173E-04  1.060E-03  1.193E-03  1.175E-03  1.011E-03
  305.5000  1.800E-03  2.275E-03  2.531E-03  2.496E-03  2.180E-03
  306.5000  2.344E-03  2.930E-03  3.241E-03  3.199E-03  2.813E-03
  307.5000  5.190E-03  6.338E-03  6.936E-03  6.855E-03  6.112E-03
  308.5000  6.851E-03  8.290E-03  9.035E-03  8.934E-03  8.008E-03
  309.5000  8.036E-03  9.565E-03  1.035E-02  1.024E-02  9.267E-03
  310.5000  1.343E-02  1.580E-02  1.700E-02  1.683E-02  1.534E-02
  311.5000  1.979E-02  2.308E-02  2.475E-02  2.452E-02  2.245E-02
  312.5000  2.458E-02  2.826E-02  3.010E-02  2.985E-02  2.756E-02
  313.5000  2.954E-02  3.384E-02  3.599E-02  3.570E-02  3.302E-02
  314.5000  3.630E-02  4.106E-02  4.342E-02  4.310E-02  4.015E-02
  315.5000  3.882E-02  4.383E-02  4.630E-02  4.597E-02  4.287E-02
  316.5000  4.538E-02  5.072E-02  5.334E-02  5.299E-02  4.970E-02
  317.5000  6.430E-02  7.187E-02  7.559E-02  7.509E-02  7.043E-02
  318.5000  5.857E-02  6.486E-02  6.793E-02  6.752E-02  6.366E-02
  319.5000  7.355E-02  8.131E-02  8.510E-02  8.459E-02  7.984E-02
  320.5000  9.265E-02  1.022E-01  1.069E-01  1.062E-01  1.004E-01
  321.5000  8.987E-02  9.829E-02  1.024E-01  1.018E-01  9.670E-02
  322.5000  8.186E-02  9.014E-02  9.416E-02  9.362E-02  8.857E-02
  323.5000  9.903E-02  1.079E-01  1.122E-01  1.116E-01  1.062E-01
  324.5000  1.157E-01  1.261E-01  1.312E-01  1.305E-01  1.241E-01
  325.5000  1.272E-01  1.388E-01  1.445E-01  1.437E-01  1.366E-01
  326.5000  1.714E-01  1.858E-01  1.928E-01  1.918E-01  1.831E-01
  327.5000  1.545E-01  1.678E-01  1.743E-01  1.734E-01  1.653E-01
  328.5000  1.430E-01  1.553E-01  1.613E-01  1.605E-01  1.530E-01
  329.5000  2.007E-01  2.169E-01  2.247E-01  2.236E-01  2.138E-01
  330.5000  1.769E-01  1.916E-01  1.986E-01  1.977E-01  1.888E-01
  331.5000  1.739E-01  1.884E-01  1.954E-01  1.944E-01  1.856E-01
  332.5000  1.813E-01  1.957E-01  2.026E-01  2.017E-01  1.930E-01
  333.5000  1.665E-01  1.801E-01  1.866E-01  1.857E-01  1.775E-01
  334.5000  1.886E-01  2.037E-01  2.110E-01  2.101E-01  2.009E-01
  335.5000  1.966E-01  2.120E-01  2.194E-01  2.184E-01  2.091E-01
  336.5000  1.527E-01  1.647E-01  1.705E-01  1.697E-01  1.625E-01
  337.5000  1.647E-01  1.779E-01  1.843E-01  1.834E-01  1.755E-01
  338.5000  1.790E-01  1.930E-01  1.997E-01  1.988E-01  1.903E-01
  339.5000  1.956E-01  2.108E-01  2.181E-01  2.171E-01  2.079E-01
  340.5000  2.072E-01  2.235E-01  2.313E-01  2.303E-01  2.204E-01
  341.5000  1.869E-01  2.014E-01  2.083E-01  2.074E-01  1.987E-01
  342.5000  2.078E-01  2.239E-01  2.316E-01  2.306E-01  2.209E-01
  343.5000  2.151E-01  2.318E-01  2.398E-01  2.387E-01  2.287E-01
  344.5000  1.502E-01  1.619E-01  1.675E-01  1.667E-01  1.597E-01
  345.5000  2.088E-01  2.248E-01  2.325E-01  2.315E-01  2.218E-01
  346.5000  1.940E-01  2.090E-01  2.162E-01  2.152E-01  2.062E-01
  347.5000  1.900E-01  2.046E-01  2.117E-01  2.107E-01  2.019E-01
  348.5000  2.096E-01  2.258E-01  2.335E-01  2.325E-01  2.227E-01
  349.5000  1.758E-01  1.894E-01  1.959E-01  1.950E-01  1.868E-01
  350.5000  2.466E-01  2.656E-01  2.747E-01  2.735E-01  2.620E-01
  351.5000  2.126E-01  2.290E-01  2.368E-01  2.358E-01  2.259E-01
  352.5000  1.921E-01  2.069E-01  2.140E-01  2.131E-01  2.041E-01
  353.5000  2.319E-01  2.497E-01  2.582E-01  2.571E-01  2.464E-01
  354.5000  2.516E-01  2.709E-01  2.801E-01  2.789E-01  2.672E-01
  355.5000  2.354E-01  2.535E-01  2.621E-01  2.609E-01  2.501E-01
  356.5000  2.187E-01  2.355E-01  2.435E-01  2.424E-01  2.323E-01
  357.5000  1.862E-01  2.004E-01  2.072E-01  2.063E-01  1.977E-01
  358.5000  1.439E-01  1.549E-01  1.602E-01  1.595E-01  1.528E-01
  359.5000  2.425E-01  2.610E-01  2.699E-01  2.687E-01  2.575E-01
  360.5000  2.250E-01  2.422E-01  2.504E-01  2.493E-01  2.390E-01
  361.5000  2.032E-01  2.187E-01  2.261E-01  2.251E-01  2.158E-01
  362.5000  2.390E-01  2.572E-01  2.659E-01  2.647E-01  2.537E-01
  363.5000  2.128E-01  2.290E-01  2.368E-01  2.358E-01  2.260E-01
  364.5000  2.324E-01  2.501E-01  2.586E-01  2.574E-01  2.468E-01
  365.5000  2.835E-01  3.050E-01  3.154E-01  3.140E-01  3.010E-01
  366.5000  3.004E-01  3.232E-01  3.342E-01  3.327E-01  3.190E-01
  367.5000  2.856E-01  3.073E-01  3.177E-01  3.163E-01  3.032E-01
  368.5000  2.512E-01  2.703E-01  2.794E-01  2.782E-01  2.667E-01
  369.5000  3.017E-01  3.245E-01  3.355E-01  3.340E-01  3.202E-01
  370.5000  2.740E-01  2.948E-01  3.047E-01  3.034E-01  2.909E-01
  371.5000  3.139E-01  3.377E-01  3.490E-01  3.475E-01  3.332E-01
  372.5000  2.321E-01  2.497E-01  2.581E-01  2.570E-01  2.464E-01
  373.5000  2.101E-01  2.259E-01  2.335E-01  2.325E-01  2.230E-01
  374.5000  2.308E-01  2.482E-01  2.566E-01  2.555E-01  2.450E-01
  375.5000  2.607E-01  2.804E-01  2.898E-01  2.886E-01  2.767E-01
  376.5000  2.607E-01  2.803E-01  2.897E-01  2.885E-01  2.766E-01
  377.5000  3.107E-01  3.342E-01  3.454E-01  3.439E-01  3.298E-01
  378.5000  3.391E-01  3.646E-01  3.768E-01  3.752E-01  3.598E-01
  379.5000  2.511E-01  2.700E-01  2.791E-01  2.779E-01  2.665E-01
  380.5000  3.024E-01  3.251E-01  3.360E-01  3.345E-01  3.208E-01
  381.5000  2.845E-01  3.058E-01  3.160E-01  3.147E-01  3.018E-01
  382.5000  1.898E-01  2.040E-01  2.108E-01  2.099E-01  2.013E-01
  383.5000  1.668E-01  1.793E-01  1.853E-01  1.845E-01  1.770E-01
  384.5000  2.506E-01  2.694E-01  2.784E-01  2.772E-01  2.659E-01
  385.5000  2.482E-01  2.668E-01  2.757E-01  2.745E-01  2.633E-01
  386.5000  2.533E-01  2.723E-01  2.813E-01  2.801E-01  2.687E-01
  387.5000  2.357E-01  2.533E-01  2.617E-01  2.606E-01  2.500E-01
  388.5000  2.365E-01  2.542E-01  2.626E-01  2.615E-01  2.509E-01
  389.5000  2.986E-01  3.209E-01  3.315E-01  3.301E-01  3.167E-01
  390.5000  2.936E-01  3.155E-01  3.260E-01  3.246E-01  3.114E-01
  391.5000  3.487E-01  3.747E-01  3.871E-01  3.855E-01  3.698E-01
  392.5000  2.618E-01  2.813E-01  2.906E-01  2.894E-01  2.776E-01
  393.5000  1.139E-01  1.224E-01  1.265E-01  1.259E-01  1.208E-01
  394.5000  2.684E-01  2.884E-01  2.979E-01  2.966E-01  2.846E-01
  395.5000  3.457E-01  3.714E-01  3.837E-01  3.820E-01  3.666E-01
  396.5000  2.032E-01  2.183E-01  2.255E-01  2.246E-01  2.155E-01
  397.5000  2.348E-01  2.522E-01  2.605E-01  2.594E-01  2.489E-01
  398.5000  4.039E-01  4.338E-01  4.481E-01  4.462E-01  4.282E-01
  399.5000  4.206E-01  4.517E-01  4.665E-01  4.646E-01  4.459E-01
  400.5000  4.427E-01  4.754E-01  4.910E-01  4.889E-01  4.692E-01
  401.5000  4.559E-01  4.896E-01  5.056E-01  5.035E-01  4.833E-01
  402.5000  4.738E-01  5.088E-01  5.255E-01  5.232E-01  5.022E-01
  403.5000  4.342E-01  4.662E-01  4.815E-01  4.794E-01  4.602E-01
  404.5000  4.263E-01  4.577E-01  4.727E-01  4.707E-01  4.518E-01
  405.5000  4.433E-01  4.760E-01  4.915E-01  4.894E-01  4.698E-01
  406.5000  4.180E-01  4.488E-01  4.634E-01  4.615E-01  4.430E-01
  407.5000  4.219E-01  4.529E-01  4.676E-01  4.657E-01  4.471E-01
  408.5000  4.703E-01  5.049E-01  5.213E-01  5.191E-01  4.984E-01
  409.5000  4.616E-01  4.954E-01  5.115E-01  5.094E-01  4.891E-01
  410.5000  4.007E-01  4.300E-01  4.440E-01  4.422E-01  4.246E-01
  411.5000  4.821E-01  5.174E-01  5.342E-01  5.320E-01  5.108E-01
  412.5000  4.784E-01  5.134E-01  5.300E-01  5.278E-01  5.068E-01
  413.5000  4.645E-01  4.984E-01  5.146E-01  5.124E-01  4.921E-01
  414.5000  4.779E-01  5.128E-01  5.294E-01  5.272E-01  5.062E-01
  415.5000  4.575E-01  4.909E-01  5.068E-01  5.047E-01  4.847E-01
  416.5000  4.985E-01  5.348E-01  5.521E-01  5.498E-01  5.280E-01
  417.5000  4.561E-01  4.893E-01  5.052E-01  5.031E-01  4.831E-01
  418.5000  4.602E-01  4.937E-01  5.096E-01  5.075E-01  4.874E-01
  419.5000  4.759E-01  5.104E-01  5.269E-01  5.247E-01  5.040E-01
------------------------------------------------------------
Dose rates, W m-2
   1 = UV-B, 280-315 nm                                  
   2 = UV-A, 315-400 nm                                  
   3 = Gaussian, 320 nm, 10 nm FWHM                      
   4 = RB Meter, model 501                               
   5 = DNA damage, in vitro (Setlow, 1974)               
   6 = UV index (WMO, 1994; Webb et al., 2011)           
   7 = Previtamin-D3 (CIE 2006)                          
values at z =      0.000 km
Columns: time, sza, weighting spectra
time, hrs.  sza, deg.          1          2          3          4          5          6          7
   11.0000     68.325  1.495E-01  1.802E+01  7.950E-02  4.574E-02  2.055E-04  9.667E-01  2.604E-02
   11.5000     67.044  1.736E-01  1.942E+01  8.748E-02  5.220E-02  2.408E-04  1.086E+00  3.069E-02
   12.0000     66.434  1.858E-01  2.009E+01  9.136E-02  5.546E-02  2.591E-04  1.146E+00  3.308E-02
   12.5000     66.515  1.842E-01  2.000E+01  9.084E-02  5.502E-02  2.566E-04  1.138E+00  3.276E-02
   13.0000     67.283  1.690E-01  1.915E+01  8.597E-02  5.096E-02  2.339E-04  1.063E+00  2.978E-02
------------------------------------------------------------
