Spectral Irradiance, W m-2 nm-1
values at z =      0.000 km
Columns: wavelength (nm), times (hrs.) or sza (deg.)
    wc, nm     11.000     11.500     12.000     12.500     13.000
    sza =      83.346     82.897     82.759     82.936     83.426
  280.5000  1.874E-27  1.953E-27  1.978E-27  1.946E-27  1.860E-27
  281.5000  5.162E-25  5.382E-25  5.449E-25  5.363E-25  5.123E-25
  282.5000  4.414E-23  4.602E-23  4.661E-23  4.586E-23  4.380E-23
  283.5000  7.161E-22  7.469E-22  7.563E-22  7.442E-22  7.106E-22
  284.5000  7.063E-20  7.369E-20  7.463E-20  7.342E-20  7.008E-20
  285.5000  1.323E-18  1.381E-18  1.399E-18  1.376E-18  1.313E-18
  286.5000  5.678E-17  5.928E-17  6.006E-17  5.906E-17  5.633E-17
  287.5000  1.371E-15  1.432E-15  1.451E-15  1.427E-15  1.360E-15
  288.5000  3.313E-14  3.463E-14  3.510E-14  3.450E-14  3.286E-14
  289.5000  5.627E-13  5.887E-13  5.967E-13  5.864E-13  5.581E-13
  290.5000  5.843E-12  6.116E-12  6.201E-12  6.092E-12  5.794E-12
  291.5000  5.463E-11  5.724E-11  5.806E-11  5.701E-11  5.417E-11
  292.5000  3.209E-10  3.366E-10  3.415E-10  3.352E-10  3.181E-10
  293.5000  2.162E-09  2.270E-09  2.304E-09  2.261E-09  2.142E-09
  294.5000  8.043E-09  8.457E-09  8.586E-09  8.420E-09  7.969E-09
  295.5000  4.170E-08  4.392E-08  4.462E-08  4.373E-08  4.131E-08
  296.5000  1.346E-07  1.421E-07  1.444E-07  1.414E-07  1.333E-07
  297.5000  4.479E-07  4.735E-07  4.815E-07  4.712E-07  4.434E-07
  298.5000  8.617E-07  9.129E-07  9.290E-07  9.083E-07  8.527E-07
  299.5000  3.060E-06  3.249E-06  3.309E-06  3.232E-06  3.026E-06
  300.5000  4.162E-06  4.431E-06  4.515E-06  4.407E-06  4.116E-06
  301.5000  1.262E-05  1.348E-05  1.375E-05  1.340E-05  1.247E-05
  302.5000  2.108E-05  2.257E-05  2.304E-05  2.243E-05  2.082E-05
  303.5000  5.208E-05  5.601E-05  5.727E-05  5.566E-05  5.140E-05
  304.5000  7.154E-05  7.722E-05  7.905E-05  7.670E-05  7.057E-05
  305.5000  1.373E-04  1.494E-04  1.533E-04  1.483E-04  1.353E-04
  306.5000  1.705E-04  1.862E-04  1.914E-04  1.848E-04  1.678E-04
  307.5000  3.592E-04  3.965E-04  4.088E-04  3.931E-04  3.529E-04
  308.5000  4.721E-04  5.235E-04  5.406E-04  5.188E-04  4.635E-04
  309.5000  5.689E-04  6.361E-04  6.584E-04  6.300E-04  5.577E-04
  310.5000  9.979E-04  1.121E-03  1.162E-03  1.110E-03  9.772E-04
  311.5000  1.536E-03  1.731E-03  1.795E-03  1.713E-03  1.504E-03
  312.5000  2.153E-03  2.430E-03  2.521E-03  2.405E-03  2.107E-03
  313.5000  2.669E-03  3.012E-03  3.124E-03  2.981E-03  2.611E-03
  314.5000  3.806E-03  4.280E-03  4.434E-03  4.237E-03  3.725E-03
  315.5000  4.171E-03  4.687E-03  4.854E-03  4.640E-03  4.083E-03
  316.5000  5.620E-03  6.277E-03  6.488E-03  6.218E-03  5.507E-03
  317.5000  7.942E-03  8.872E-03  9.171E-03  8.789E-03  7.782E-03
  318.5000  8.383E-03  9.291E-03  9.580E-03  9.210E-03  8.226E-03
  319.5000  1.082E-02  1.197E-02  1.234E-02  1.187E-02  1.062E-02
  320.5000  1.411E-02  1.558E-02  1.605E-02  1.545E-02  1.386E-02
  321.5000  1.595E-02  1.743E-02  1.790E-02  1.730E-02  1.569E-02
  322.5000  1.285E-02  1.416E-02  1.457E-02  1.404E-02  1.262E-02
  323.5000  1.882E-02  2.047E-02  2.099E-02  2.033E-02  1.853E-02
  324.5000  2.178E-02  2.371E-02  2.432E-02  2.354E-02  2.144E-02
  325.5000  2.330E-02  2.541E-02  2.607E-02  2.522E-02  2.293E-02
  326.5000  3.597E-02  3.885E-02  3.975E-02  3.860E-02  3.546E-02
  327.5000  3.095E-02  3.354E-02  3.435E-02  3.331E-02  3.049E-02
  328.5000  2.866E-02  3.105E-02  3.180E-02  3.084E-02  2.824E-02
  329.5000  4.459E-02  4.795E-02  4.900E-02  4.765E-02  4.400E-02
  330.5000  3.758E-02  4.055E-02  4.147E-02  4.028E-02  3.706E-02
  331.5000  3.658E-02  3.949E-02  4.041E-02  3.924E-02  3.607E-02
  332.5000  4.115E-02  4.417E-02  4.511E-02  4.390E-02  4.061E-02
  333.5000  3.654E-02  3.932E-02  4.019E-02  3.907E-02  3.605E-02
  334.5000  4.206E-02  4.521E-02  4.619E-02  4.493E-02  4.151E-02
  335.5000  4.546E-02  4.872E-02  4.974E-02  4.843E-02  4.488E-02
  336.5000  3.490E-02  3.744E-02  3.823E-02  3.722E-02  3.445E-02
  337.5000  3.666E-02  3.940E-02  4.026E-02  3.916E-02  3.617E-02
  338.5000  4.139E-02  4.436E-02  4.529E-02  4.410E-02  4.087E-02
  339.5000  4.544E-02  4.867E-02  4.968E-02  4.839E-02  4.486E-02
  340.5000  4.743E-02  5.087E-02  5.194E-02  5.056E-02  4.682E-02
  341.5000  4.362E-02  4.671E-02  4.767E-02  4.644E-02  4.307E-02
  342.5000  4.865E-02  5.209E-02  5.316E-02  5.178E-02  4.805E-02
  343.5000  4.998E-02  5.353E-02  5.464E-02  5.322E-02  4.935E-02
  344.5000  3.460E-02  3.708E-02  3.786E-02  3.686E-02  3.416E-02
  345.5000  4.904E-02  5.248E-02  5.355E-02  5.217E-02  4.843E-02
  346.5000  4.498E-02  4.818E-02  4.918E-02  4.790E-02  4.441E-02
  347.5000  4.408E-02  4.722E-02  4.819E-02  4.694E-02  4.353E-02
  348.5000  4.883E-02  5.229E-02  5.336E-02  5.198E-02  4.822E-02
  349.5000  4.091E-02  4.380E-02  4.471E-02  4.355E-02  4.039E-02
  350.5000  5.740E-02  6.147E-02  6.273E-02  6.111E-02  5.669E-02
  351.5000  4.937E-02  5.287E-02  5.396E-02  5.256E-02  4.875E-02
  352.5000  4.465E-02  4.782E-02  4.881E-02  4.754E-02  4.409E-02
  353.5000  5.398E-02  5.780E-02  5.899E-02  5.746E-02  5.331E-02
  354.5000  5.864E-02  6.278E-02  6.407E-02  6.241E-02  5.791E-02
  355.5000  5.485E-02  5.872E-02  5.993E-02  5.838E-02  5.416E-02
  356.5000  5.091E-02  5.451E-02  5.563E-02  5.419E-02  5.028E-02
  357.5000  4.329E-02  4.635E-02  4.731E-02  4.608E-02  4.275E-02
  358.5000  3.348E-02  3.584E-02  3.658E-02  3.563E-02  3.306E-02
  359.5000  5.637E-02  6.035E-02  6.160E-02  6.000E-02  5.566E-02
  360.5000  5.229E-02  5.599E-02  5.714E-02  5.566E-02  5.163E-02
  361.5000  4.722E-02  5.055E-02  5.160E-02  5.026E-02  4.663E-02
  362.5000  5.551E-02  5.944E-02  6.066E-02  5.909E-02  5.482E-02
  363.5000  4.942E-02  5.291E-02  5.401E-02  5.261E-02  4.880E-02
  364.5000  5.392E-02  5.774E-02  5.893E-02  5.741E-02  5.325E-02
  365.5000  6.571E-02  7.037E-02  7.182E-02  6.996E-02  6.489E-02
  366.5000  6.962E-02  7.455E-02  7.610E-02  7.412E-02  6.875E-02
  367.5000  6.617E-02  7.087E-02  7.233E-02  7.045E-02  6.534E-02
  368.5000  5.816E-02  6.229E-02  6.358E-02  6.193E-02  5.743E-02
  369.5000  6.981E-02  7.476E-02  7.631E-02  7.433E-02  6.893E-02
  370.5000  6.337E-02  6.787E-02  6.928E-02  6.747E-02  6.257E-02
  371.5000  7.255E-02  7.771E-02  7.933E-02  7.726E-02  7.164E-02
  372.5000  5.363E-02  5.745E-02  5.864E-02  5.711E-02  5.296E-02
  373.5000  4.850E-02  5.195E-02  5.303E-02  5.165E-02  4.789E-02
  374.5000  5.325E-02  5.705E-02  5.824E-02  5.671E-02  5.258E-02
  375.5000  6.013E-02  6.442E-02  6.576E-02  6.404E-02  5.937E-02
  376.5000  6.008E-02  6.437E-02  6.571E-02  6.399E-02  5.933E-02
  377.5000  7.159E-02  7.671E-02  7.831E-02  7.626E-02  7.069E-02
  378.5000  7.807E-02  8.365E-02  8.540E-02  8.316E-02  7.709E-02
  379.5000  5.779E-02  6.193E-02  6.322E-02  6.156E-02  5.706E-02
  380.5000  6.955E-02  7.453E-02  7.609E-02  7.409E-02  6.867E-02
  381.5000  6.539E-02  7.008E-02  7.155E-02  6.967E-02  6.457E-02
  382.5000  4.360E-02  4.673E-02  4.771E-02  4.645E-02  4.305E-02
  383.5000  3.831E-02  4.106E-02  4.192E-02  4.082E-02  3.783E-02
  384.5000  5.753E-02  6.166E-02  6.296E-02  6.130E-02  5.680E-02
  385.5000  5.695E-02  6.105E-02  6.233E-02  6.069E-02  5.623E-02
  386.5000  5.809E-02  6.228E-02  6.359E-02  6.191E-02  5.736E-02
  387.5000  5.402E-02  5.792E-02  5.914E-02  5.758E-02  5.334E-02
  388.5000  5.419E-02  5.810E-02  5.932E-02  5.775E-02  5.350E-02
  389.5000  6.838E-02  7.332E-02  7.486E-02  7.288E-02  6.751E-02
  390.5000  6.721E-02  7.207E-02  7.359E-02  7.164E-02  6.635E-02
  391.5000  7.979E-02  8.556E-02  8.737E-02  8.505E-02  7.877E-02
  392.5000  5.987E-02  6.421E-02  6.557E-02  6.383E-02  5.911E-02
  393.5000  2.605E-02  2.794E-02  2.853E-02  2.777E-02  2.571E-02
  394.5000  6.133E-02  6.579E-02  6.718E-02  6.539E-02  6.055E-02
  395.5000  7.897E-02  8.471E-02  8.650E-02  8.420E-02  7.796E-02
  396.5000  4.640E-02  4.978E-02  5.084E-02  4.948E-02  4.581E-02
  397.5000  5.359E-02  5.749E-02  5.871E-02  5.715E-02  5.290E-02
  398.5000  9.216E-02  9.887E-02  1.010E-01  9.828E-02  9.097E-02
  399.5000  9.593E-02  1.029E-01  1.051E-01  1.023E-01  9.469E-02
  400.5000  1.009E-01  1.083E-01  1.106E-01  1.076E-01  9.962E-02
  401.5000  1.039E-01  1.115E-01  1.139E-01  1.108E-01  1.026E-01
  402.5000  1.080E-01  1.159E-01  1.183E-01  1.152E-01  1.066E-01
  403.5000  9.889E-02  1.061E-01  1.084E-01  1.055E-01  9.761E-02
  404.5000  9.707E-02  1.042E-01  1.064E-01  1.036E-01  9.582E-02
  405.5000  1.009E-01  1.083E-01  1.107E-01  1.077E-01  9.961E-02
  406.5000  9.513E-02  1.021E-01  1.043E-01  1.015E-01  9.389E-02
  407.5000  9.597E-02  1.030E-01  1.052E-01  1.024E-01  9.473E-02
  408.5000  1.070E-01  1.148E-01  1.173E-01  1.141E-01  1.056E-01
  409.5000  1.049E-01  1.127E-01  1.151E-01  1.120E-01  1.036E-01
  410.5000  9.107E-02  9.780E-02  9.991E-02  9.720E-02  8.988E-02
  411.5000  1.096E-01  1.177E-01  1.202E-01  1.169E-01  1.081E-01
  412.5000  1.087E-01  1.167E-01  1.193E-01  1.160E-01  1.073E-01
  413.5000  1.055E-01  1.133E-01  1.158E-01  1.126E-01  1.041E-01
  414.5000  1.085E-01  1.166E-01  1.191E-01  1.159E-01  1.071E-01
  415.5000  1.039E-01  1.116E-01  1.140E-01  1.109E-01  1.025E-01
  416.5000  1.131E-01  1.216E-01  1.242E-01  1.208E-01  1.117E-01
  417.5000  1.035E-01  1.112E-01  1.136E-01  1.105E-01  1.022E-01
  418.5000  1.044E-01  1.122E-01  1.146E-01  1.115E-01  1.031E-01
  419.5000  1.080E-01  1.160E-01  1.186E-01  1.153E-01  1.066E-01
------------------------------------------------------------
Dose rates, W m-2
   1 = UV-B, 280-315 nm                                  
   2 = UV-A, 315-400 nm                                  
   3 = Gaussian, 320 nm, 10 nm FWHM                      
   4 = RB Meter, model 501                               
   5 = DNA damage, in vitro (Setlow, 1974)               
   6 = UV index (WMO, 1994; Webb et al., 2011)           
   7 = Previtamin-D3 (CIE 2006)                          
values at z =      0.000 km
Columns: time, sza, weighting spectra
time, hrs.  sza, deg.          1          2          3          4          5          6          7
   11.0000     83.346  1.304E-02  4.071E+00  1.311E-02  5.583E-03  2.383E-05  1.491E-01  2.336E-03
   11.5000     82.897  1.465E-02  4.368E+00  1.437E-02  6.163E-03  2.614E-05  1.625E-01  2.600E-03
   12.0000     82.759  1.517E-02  4.461E+00  1.476E-02  6.350E-03  2.688E-05  1.668E-01  2.686E-03
   12.5000     82.936  1.450E-02  4.342E+00  1.425E-02  6.111E-03  2.593E-05  1.613E-01  2.576E-03
   13.0000     83.426  1.277E-02  4.018E+00  1.289E-02  5.483E-03  2.343E-05  1.468E-01  2.291E-03
------------------------------------------------------------
