Spectral Irradiance, W m-2 nm-1
values at z =      0.000 km
Columns: wavelength (nm), times (hrs.) or sza (deg.)
    wc, nm     11.000     11.500     12.000     12.500     13.000
    sza =      50.940     49.219     48.535     48.932     50.384
  280.5000  5.741E-15  1.584E-14  2.317E-14  1.861E-14  8.040E-15
  281.5000  1.976E-13  4.980E-13  7.044E-13  5.767E-13  2.685E-13
  282.5000  2.823E-12  6.584E-12  9.048E-12  7.532E-12  3.739E-12
  283.5000  1.438E-11  3.192E-11  4.304E-11  3.622E-11  1.874E-11
  284.5000  1.688E-10  3.417E-10  4.452E-10  3.822E-10  2.133E-10
  285.5000  6.522E-10  1.234E-09  1.568E-09  1.366E-09  8.059E-10
  286.5000  8.312E-09  1.494E-08  1.862E-08  1.640E-08  1.010E-08
  287.5000  5.183E-08  8.798E-08  1.073E-07  9.569E-08  6.177E-08
  288.5000  2.844E-07  4.537E-07  5.406E-07  4.886E-07  3.321E-07
  289.5000  1.665E-06  2.524E-06  2.977E-06  2.717E-06  1.915E-06
  290.5000  7.029E-06  1.034E-05  1.195E-05  1.099E-05  7.988E-06
  291.5000  2.349E-05  3.311E-05  3.767E-05  3.497E-05  2.596E-05
  292.5000  5.888E-05  8.022E-05  9.010E-05  8.426E-05  6.524E-05
  293.5000  1.763E-04  2.326E-04  2.582E-04  2.431E-04  1.933E-04
  294.5000  3.445E-04  4.431E-04  4.871E-04  4.612E-04  3.745E-04
  295.5000  8.906E-04  1.114E-03  1.214E-03  1.156E-03  9.597E-04
  296.5000  1.591E-03  1.949E-03  2.103E-03  2.013E-03  1.701E-03
  297.5000  3.110E-03  3.737E-03  4.005E-03  3.848E-03  3.305E-03
  298.5000  3.770E-03  4.458E-03  4.748E-03  4.578E-03  3.986E-03
  299.5000  8.543E-03  9.946E-03  1.053E-02  1.019E-02  8.984E-03
  300.5000  8.105E-03  9.327E-03  9.834E-03  9.538E-03  8.491E-03
  301.5000  1.631E-02  1.853E-02  1.944E-02  1.891E-02  1.701E-02
  302.5000  2.051E-02  2.311E-02  2.417E-02  2.355E-02  2.134E-02
  303.5000  3.538E-02  3.947E-02  4.114E-02  4.017E-02  3.669E-02
  304.5000  3.880E-02  4.324E-02  4.497E-02  4.396E-02  4.034E-02
  305.5000  5.204E-02  5.691E-02  5.937E-02  5.815E-02  5.373E-02
  306.5000  5.467E-02  5.991E-02  6.202E-02  6.079E-02  5.635E-02
  307.5000  7.964E-02  8.666E-02  8.949E-02  8.785E-02  8.190E-02
  308.5000  8.954E-02  9.719E-02  1.002E-01  9.847E-02  9.201E-02
  309.5000  7.948E-02  8.586E-02  8.841E-02  8.693E-02  8.154E-02
  310.5000  1.088E-01  1.171E-01  1.205E-01  1.185E-01  1.115E-01
  311.5000  1.405E-01  1.510E-01  1.551E-01  1.527E-01  1.439E-01
  312.5000  1.379E-01  1.476E-01  1.514E-01  1.492E-01  1.410E-01
  313.5000  1.567E-01  1.675E-01  1.718E-01  1.693E-01  1.602E-01
  314.5000  1.573E-01  1.676E-01  1.717E-01  1.693E-01  1.607E-01
  315.5000  1.627E-01  1.732E-01  1.774E-01  1.750E-01  1.661E-01
  316.5000  1.626E-01  1.727E-01  1.767E-01  1.744E-01  1.658E-01
  317.5000  2.301E-01  2.443E-01  2.500E-01  2.467E-01  2.347E-01
  318.5000  1.815E-01  1.922E-01  1.965E-01  1.940E-01  1.849E-01
  319.5000  2.216E-01  2.347E-01  2.398E-01  2.368E-01  2.258E-01
  320.5000  2.699E-01  2.857E-01  2.919E-01  2.883E-01  2.750E-01
  321.5000  2.296E-01  2.425E-01  2.475E-01  2.446E-01  2.338E-01
  322.5000  2.311E-01  2.444E-01  2.497E-01  2.467E-01  2.354E-01
  323.5000  2.384E-01  2.515E-01  2.567E-01  2.537E-01  2.427E-01
  324.5000  2.800E-01  2.954E-01  3.014E-01  2.979E-01  2.849E-01
  325.5000  3.140E-01  3.313E-01  3.382E-01  3.342E-01  3.196E-01
  326.5000  3.800E-01  4.003E-01  4.083E-01  4.037E-01  3.866E-01
  327.5000  3.542E-01  3.733E-01  3.808E-01  3.765E-01  3.604E-01
  328.5000  3.272E-01  3.449E-01  3.518E-01  3.478E-01  3.330E-01
  329.5000  4.240E-01  4.462E-01  4.550E-01  4.499E-01  4.312E-01
  330.5000  3.859E-01  4.063E-01  4.144E-01  4.097E-01  3.925E-01
  331.5000  3.816E-01  4.018E-01  4.098E-01  4.052E-01  3.882E-01
  332.5000  3.756E-01  3.951E-01  4.028E-01  3.983E-01  3.819E-01
  333.5000  3.533E-01  3.718E-01  3.791E-01  3.749E-01  3.593E-01
  334.5000  3.948E-01  4.154E-01  4.235E-01  4.188E-01  4.015E-01
  335.5000  4.002E-01  4.208E-01  4.289E-01  4.242E-01  4.068E-01
  336.5000  3.131E-01  3.292E-01  3.356E-01  3.319E-01  3.183E-01
  337.5000  3.440E-01  3.619E-01  3.689E-01  3.648E-01  3.498E-01
  338.5000  3.630E-01  3.817E-01  3.890E-01  3.847E-01  3.691E-01
  339.5000  3.948E-01  4.150E-01  4.230E-01  4.184E-01  4.014E-01
  340.5000  4.224E-01  4.441E-01  4.527E-01  4.477E-01  4.295E-01
  341.5000  3.752E-01  3.944E-01  4.019E-01  3.975E-01  3.814E-01
  342.5000  4.158E-01  4.370E-01  4.454E-01  4.405E-01  4.227E-01
  343.5000  4.322E-01  4.542E-01  4.629E-01  4.579E-01  4.394E-01
  344.5000  3.031E-01  3.186E-01  3.247E-01  3.212E-01  3.082E-01
  345.5000  4.153E-01  4.364E-01  4.447E-01  4.399E-01  4.222E-01
  346.5000  3.888E-01  4.086E-01  4.163E-01  4.118E-01  3.952E-01
  347.5000  3.801E-01  3.993E-01  4.069E-01  4.025E-01  3.863E-01
  348.5000  4.179E-01  4.390E-01  4.473E-01  4.425E-01  4.247E-01
  349.5000  3.503E-01  3.681E-01  3.750E-01  3.710E-01  3.561E-01
  350.5000  4.907E-01  5.155E-01  5.252E-01  5.196E-01  4.988E-01
  351.5000  4.232E-01  4.445E-01  4.529E-01  4.480E-01  4.301E-01
  352.5000  3.818E-01  4.010E-01  4.086E-01  4.042E-01  3.880E-01
  353.5000  4.597E-01  4.828E-01  4.919E-01  4.867E-01  4.672E-01
  354.5000  4.978E-01  5.227E-01  5.325E-01  5.268E-01  5.059E-01
  355.5000  4.654E-01  4.887E-01  4.978E-01  4.925E-01  4.729E-01
  356.5000  4.320E-01  4.537E-01  4.622E-01  4.572E-01  4.391E-01
  357.5000  3.675E-01  3.859E-01  3.931E-01  3.890E-01  3.735E-01
  358.5000  2.837E-01  2.979E-01  3.035E-01  3.002E-01  2.883E-01
  359.5000  4.777E-01  5.015E-01  5.109E-01  5.055E-01  4.854E-01
  360.5000  4.430E-01  4.650E-01  4.737E-01  4.687E-01  4.501E-01
  361.5000  3.995E-01  4.194E-01  4.272E-01  4.227E-01  4.060E-01
  362.5000  4.693E-01  4.926E-01  5.018E-01  4.965E-01  4.769E-01
  363.5000  4.177E-01  4.384E-01  4.465E-01  4.418E-01  4.244E-01
  364.5000  4.558E-01  4.784E-01  4.873E-01  4.821E-01  4.631E-01
  365.5000  5.556E-01  5.831E-01  5.939E-01  5.877E-01  5.646E-01
  366.5000  5.883E-01  6.173E-01  6.288E-01  6.221E-01  5.977E-01
  367.5000  5.587E-01  5.863E-01  5.972E-01  5.909E-01  5.677E-01
  368.5000  4.910E-01  5.152E-01  5.248E-01  5.192E-01  4.989E-01
  369.5000  5.892E-01  6.182E-01  6.296E-01  6.230E-01  5.986E-01
  370.5000  5.348E-01  5.611E-01  5.714E-01  5.654E-01  5.433E-01
  371.5000  6.121E-01  6.422E-01  6.540E-01  6.472E-01  6.219E-01
  372.5000  4.523E-01  4.745E-01  4.833E-01  4.782E-01  4.595E-01
  373.5000  4.090E-01  4.291E-01  4.369E-01  4.324E-01  4.155E-01
  374.5000  4.491E-01  4.711E-01  4.797E-01  4.747E-01  4.562E-01
  375.5000  5.069E-01  5.317E-01  5.414E-01  5.358E-01  5.149E-01
  376.5000  5.064E-01  5.311E-01  5.408E-01  5.352E-01  5.144E-01
  377.5000  6.032E-01  6.326E-01  6.442E-01  6.375E-01  6.128E-01
  378.5000  6.577E-01  6.897E-01  7.023E-01  6.950E-01  6.681E-01
  379.5000  4.868E-01  5.105E-01  5.198E-01  5.144E-01  4.945E-01
  380.5000  5.856E-01  6.141E-01  6.253E-01  6.188E-01  5.949E-01
  381.5000  5.505E-01  5.772E-01  5.877E-01  5.816E-01  5.592E-01
  382.5000  3.670E-01  3.848E-01  3.917E-01  3.877E-01  3.727E-01
  383.5000  3.224E-01  3.380E-01  3.441E-01  3.406E-01  3.274E-01
  384.5000  4.839E-01  5.074E-01  5.166E-01  5.112E-01  4.916E-01
  385.5000  4.790E-01  5.021E-01  5.112E-01  5.060E-01  4.865E-01
  386.5000  4.884E-01  5.120E-01  5.213E-01  5.159E-01  4.961E-01
  387.5000  4.541E-01  4.760E-01  4.846E-01  4.796E-01  4.612E-01
  388.5000  4.553E-01  4.773E-01  4.859E-01  4.809E-01  4.625E-01
  389.5000  5.744E-01  6.021E-01  6.129E-01  6.066E-01  5.834E-01
  390.5000  5.644E-01  5.916E-01  6.022E-01  5.960E-01  5.733E-01
  391.5000  6.699E-01  7.021E-01  7.147E-01  7.074E-01  6.803E-01
  392.5000  5.025E-01  5.266E-01  5.361E-01  5.306E-01  5.104E-01
  393.5000  2.186E-01  2.290E-01  2.331E-01  2.308E-01  2.220E-01
  394.5000  5.145E-01  5.391E-01  5.488E-01  5.432E-01  5.225E-01
  395.5000  6.622E-01  6.939E-01  7.063E-01  6.991E-01  6.725E-01
  396.5000  3.890E-01  4.076E-01  4.149E-01  4.106E-01  3.950E-01
  397.5000  4.491E-01  4.705E-01  4.789E-01  4.740E-01  4.560E-01
  398.5000  7.719E-01  8.087E-01  8.231E-01  8.148E-01  7.839E-01
  399.5000  8.032E-01  8.415E-01  8.565E-01  8.478E-01  8.157E-01
  400.5000  8.448E-01  8.850E-01  9.007E-01  8.916E-01  8.578E-01
  401.5000  8.695E-01  9.108E-01  9.270E-01  9.176E-01  8.829E-01
  402.5000  9.030E-01  9.459E-01  9.627E-01  9.529E-01  9.170E-01
  403.5000  8.269E-01  8.661E-01  8.814E-01  8.725E-01  8.396E-01
  404.5000  8.113E-01  8.497E-01  8.648E-01  8.560E-01  8.238E-01
  405.5000  8.431E-01  8.830E-01  8.986E-01  8.896E-01  8.561E-01
  406.5000  7.944E-01  8.320E-01  8.467E-01  8.382E-01  8.066E-01
  407.5000  8.013E-01  8.391E-01  8.539E-01  8.453E-01  8.135E-01
  408.5000  8.927E-01  9.348E-01  9.513E-01  9.417E-01  9.064E-01
  409.5000  8.755E-01  9.167E-01  9.329E-01  9.235E-01  8.889E-01
  410.5000  7.595E-01  7.952E-01  8.092E-01  8.011E-01  7.711E-01
  411.5000  9.133E-01  9.562E-01  9.730E-01  9.632E-01  9.272E-01
  412.5000  9.055E-01  9.480E-01  9.647E-01  9.550E-01  9.193E-01
  413.5000  8.785E-01  9.198E-01  9.359E-01  9.265E-01  8.919E-01
  414.5000  9.033E-01  9.456E-01  9.622E-01  9.526E-01  9.171E-01
  415.5000  8.643E-01  9.048E-01  9.206E-01  9.114E-01  8.775E-01
  416.5000  9.410E-01  9.850E-01  1.002E+00  9.923E-01  9.553E-01
  417.5000  8.606E-01  9.008E-01  9.165E-01  9.074E-01  8.737E-01
  418.5000  8.677E-01  9.082E-01  9.240E-01  9.148E-01  8.808E-01
  419.5000  8.966E-01  9.384E-01  9.548E-01  9.453E-01  9.102E-01
------------------------------------------------------------
Dose rates, W m-2
   1 = UV-B, 280-315 nm                                  
   2 = UV-A, 315-400 nm                                  
   3 = Gaussian, 320 nm, 10 nm FWHM                      
   4 = RB Meter, model 501                               
   5 = DNA damage, in vitro (Setlow, 1974)               
   6 = UV index (WMO, 1994; Webb et al., 2011)           
   7 = Previtamin-D3 (CIE 2006)                          
values at z =      0.000 km
Columns: time, sza, weighting spectra
time, hrs.  sza, deg.          1          2          3          4          5          6          7
   11.0000     50.940  1.194E+00  3.639E+01  2.278E-01  3.565E-01  4.350E-03  6.867E+00  3.426E-01
   11.5000     49.219  1.293E+00  3.821E+01  2.412E-01  3.887E-01  4.915E-03  7.529E+00  3.765E-01
   12.0000     48.535  1.333E+00  3.893E+01  2.464E-01  4.019E-01  5.152E-03  7.801E+00  3.905E-01
   12.5000     48.932  1.310E+00  3.852E+01  2.434E-01  3.943E-01  5.015E-03  7.644E+00  3.825E-01
   13.0000     50.384  1.226E+00  3.698E+01  2.321E-01  3.669E-01  4.530E-03  7.081E+00  3.536E-01
------------------------------------------------------------
