Spectral Irradiance, W m-2 nm-1
values at z =      0.000 km
Columns: wavelength (nm), times (hrs.) or sza (deg.)
    wc, nm     11.000     11.500     12.000     12.500     13.000
    sza =      16.985     11.051      7.705     10.017     15.652
  280.5000  3.673E-14  7.707E-14  1.011E-13  8.474E-14  4.471E-14
  281.5000  1.110E-12  2.183E-12  2.798E-12  2.380E-12  1.328E-12
  282.5000  1.420E-11  2.640E-11  3.315E-11  2.859E-11  1.674E-11
  283.5000  6.736E-11  1.208E-10  1.497E-10  1.302E-10  7.865E-11
  284.5000  6.932E-10  1.164E-09  1.408E-09  1.244E-09  7.954E-10
  285.5000  2.435E-09  3.893E-09  4.625E-09  4.134E-09  2.758E-09
  286.5000  2.885E-08  4.442E-08  5.205E-08  4.695E-08  3.235E-08
  287.5000  1.659E-07  2.451E-07  2.828E-07  2.576E-07  1.840E-07
  288.5000  8.345E-07  1.178E-06  1.337E-06  1.231E-06  9.145E-07
  289.5000  4.594E-06  6.277E-06  7.040E-06  6.534E-06  4.990E-06
  290.5000  1.843E-05  2.451E-05  2.721E-05  2.542E-05  1.988E-05
  291.5000  5.812E-05  7.493E-05  8.227E-05  7.742E-05  6.217E-05
  292.5000  1.391E-04  1.749E-04  1.902E-04  1.801E-04  1.478E-04
  293.5000  3.990E-04  4.897E-04  5.281E-04  5.028E-04  4.213E-04
  294.5000  7.541E-04  9.084E-04  9.728E-04  9.304E-04  7.922E-04
  295.5000  1.883E-03  2.224E-03  2.364E-03  2.272E-03  1.968E-03
  296.5000  3.269E-03  3.798E-03  4.013E-03  3.871E-03  3.401E-03
  297.5000  6.238E-03  7.142E-03  7.507E-03  7.267E-03  6.465E-03
  298.5000  7.411E-03  8.383E-03  8.772E-03  8.516E-03  7.657E-03
  299.5000  1.648E-02  1.842E-02  1.920E-02  1.869E-02  1.697E-02
  300.5000  1.541E-02  1.708E-02  1.774E-02  1.731E-02  1.584E-02
  301.5000  3.053E-02  3.352E-02  3.469E-02  3.392E-02  3.130E-02
  302.5000  3.802E-02  4.147E-02  4.283E-02  4.194E-02  3.890E-02
  303.5000  6.480E-02  7.018E-02  7.227E-02  7.090E-02  6.618E-02
  304.5000  7.090E-02  7.645E-02  7.861E-02  7.719E-02  7.233E-02
  305.5000  9.371E-02  1.004E-01  1.030E-01  1.013E-01  9.543E-02
  306.5000  9.792E-02  1.046E-01  1.072E-01  1.055E-01  9.965E-02
  307.5000  1.414E-01  1.503E-01  1.537E-01  1.514E-01  1.437E-01
  308.5000  1.584E-01  1.680E-01  1.717E-01  1.693E-01  1.609E-01
  309.5000  1.397E-01  1.476E-01  1.507E-01  1.487E-01  1.417E-01
  310.5000  1.903E-01  2.007E-01  2.046E-01  2.021E-01  1.930E-01
  311.5000  2.450E-01  2.579E-01  2.629E-01  2.596E-01  2.484E-01
  312.5000  2.391E-01  2.510E-01  2.555E-01  2.526E-01  2.422E-01
  313.5000  2.713E-01  2.845E-01  2.896E-01  2.862E-01  2.747E-01
  314.5000  2.711E-01  2.836E-01  2.884E-01  2.853E-01  2.744E-01
  315.5000  2.800E-01  2.928E-01  2.977E-01  2.945E-01  2.833E-01
  316.5000  2.788E-01  2.909E-01  2.956E-01  2.925E-01  2.819E-01
  317.5000  3.942E-01  4.114E-01  4.179E-01  4.136E-01  3.987E-01
  318.5000  3.099E-01  3.228E-01  3.277E-01  3.245E-01  3.133E-01
  319.5000  3.781E-01  3.937E-01  3.996E-01  3.957E-01  3.821E-01
  320.5000  4.599E-01  4.786E-01  4.858E-01  4.811E-01  4.648E-01
  321.5000  3.901E-01  4.053E-01  4.111E-01  4.073E-01  3.940E-01
  322.5000  3.930E-01  4.088E-01  4.148E-01  4.109E-01  3.957E-01
  323.5000  4.041E-01  4.195E-01  4.254E-01  4.216E-01  4.081E-01
  324.5000  4.736E-01  4.923E-01  4.993E-01  4.947E-01  4.789E-01
  325.5000  5.316E-01  5.520E-01  5.598E-01  5.547E-01  5.368E-01
  326.5000  6.419E-01  6.657E-01  6.747E-01  6.688E-01  6.481E-01
  327.5000  5.981E-01  6.205E-01  6.290E-01  6.235E-01  6.040E-01
  328.5000  5.521E-01  5.727E-01  5.806E-01  5.754E-01  5.575E-01
  329.5000  7.140E-01  7.399E-01  7.498E-01  7.434E-01  7.208E-01
  330.5000  6.497E-01  6.735E-01  6.825E-01  6.766E-01  6.559E-01
  331.5000  6.420E-01  6.655E-01  6.745E-01  6.686E-01  6.481E-01
  332.5000  6.308E-01  6.535E-01  6.621E-01  6.565E-01  6.367E-01
  333.5000  5.931E-01  6.146E-01  6.228E-01  6.173E-01  5.987E-01
  334.5000  6.622E-01  6.861E-01  6.951E-01  6.892E-01  6.685E-01
  335.5000  6.704E-01  6.942E-01  7.033E-01  6.974E-01  6.766E-01
  336.5000  5.241E-01  5.428E-01  5.499E-01  5.453E-01  5.290E-01
  337.5000  5.756E-01  5.962E-01  6.041E-01  5.990E-01  5.810E-01
  338.5000  6.067E-01  6.282E-01  6.363E-01  6.310E-01  6.123E-01
  339.5000  6.593E-01  6.825E-01  6.914E-01  6.856E-01  6.653E-01
  340.5000  7.050E-01  7.299E-01  7.394E-01  7.332E-01  7.115E-01
  341.5000  6.255E-01  6.475E-01  6.559E-01  6.504E-01  6.313E-01
  342.5000  6.927E-01  7.169E-01  7.262E-01  7.202E-01  6.990E-01
  343.5000  7.195E-01  7.447E-01  7.542E-01  7.480E-01  7.260E-01
  344.5000  5.043E-01  5.219E-01  5.286E-01  5.243E-01  5.089E-01
  345.5000  6.902E-01  7.142E-01  7.234E-01  7.174E-01  6.965E-01
  346.5000  6.457E-01  6.682E-01  6.768E-01  6.712E-01  6.516E-01
  347.5000  6.307E-01  6.526E-01  6.610E-01  6.555E-01  6.364E-01
  348.5000  6.928E-01  7.169E-01  7.260E-01  7.201E-01  6.991E-01
  349.5000  5.805E-01  6.006E-01  6.082E-01  6.032E-01  5.857E-01
  350.5000  8.124E-01  8.405E-01  8.512E-01  8.442E-01  8.198E-01
  351.5000  7.000E-01  7.242E-01  7.334E-01  7.274E-01  7.063E-01
  352.5000  6.311E-01  6.528E-01  6.611E-01  6.557E-01  6.368E-01
  353.5000  7.594E-01  7.855E-01  7.954E-01  7.889E-01  7.662E-01
  354.5000  8.215E-01  8.497E-01  8.605E-01  8.535E-01  8.289E-01
  355.5000  7.675E-01  7.938E-01  8.038E-01  7.973E-01  7.744E-01
  356.5000  7.120E-01  7.364E-01  7.457E-01  7.396E-01  7.184E-01
  357.5000  6.053E-01  6.260E-01  6.338E-01  6.287E-01  6.107E-01
  358.5000  4.669E-01  4.828E-01  4.889E-01  4.849E-01  4.711E-01
  359.5000  7.855E-01  8.123E-01  8.225E-01  8.158E-01  7.925E-01
  360.5000  7.278E-01  7.526E-01  7.620E-01  7.559E-01  7.343E-01
  361.5000  6.560E-01  6.783E-01  6.867E-01  6.812E-01  6.618E-01
  362.5000  7.701E-01  7.962E-01  8.061E-01  7.996E-01  7.769E-01
  363.5000  6.848E-01  7.080E-01  7.168E-01  7.111E-01  6.908E-01
  364.5000  7.468E-01  7.720E-01  7.817E-01  7.754E-01  7.534E-01
  365.5000  9.097E-01  9.404E-01  9.521E-01  9.445E-01  9.177E-01
  366.5000  9.624E-01  9.949E-01  1.007E+00  9.992E-01  9.709E-01
  367.5000  9.135E-01  9.443E-01  9.560E-01  9.483E-01  9.215E-01
  368.5000  8.022E-01  8.292E-01  8.395E-01  8.328E-01  8.093E-01
  369.5000  9.620E-01  9.943E-01  1.007E+00  9.986E-01  9.704E-01
  370.5000  8.725E-01  9.018E-01  9.129E-01  9.056E-01  8.801E-01
  371.5000  9.980E-01  1.031E+00  1.044E+00  1.036E+00  1.007E+00
  372.5000  7.370E-01  7.616E-01  7.710E-01  7.649E-01  7.434E-01
  373.5000  6.659E-01  6.882E-01  6.967E-01  6.911E-01  6.718E-01
  374.5000  7.307E-01  7.551E-01  7.643E-01  7.583E-01  7.371E-01
  375.5000  8.242E-01  8.516E-01  8.621E-01  8.553E-01  8.313E-01
  376.5000  8.228E-01  8.501E-01  8.606E-01  8.538E-01  8.299E-01
  377.5000  9.795E-01  1.012E+00  1.024E+00  1.016E+00  9.880E-01
  378.5000  1.067E+00  1.103E+00  1.116E+00  1.107E+00  1.076E+00
  379.5000  7.894E-01  8.155E-01  8.255E-01  8.190E-01  7.962E-01
  380.5000  9.490E-01  9.805E-01  9.924E-01  9.846E-01  9.573E-01
  381.5000  8.916E-01  9.210E-01  9.322E-01  9.249E-01  8.993E-01
  382.5000  5.939E-01  6.135E-01  6.210E-01  6.161E-01  5.990E-01
  383.5000  5.214E-01  5.386E-01  5.451E-01  5.409E-01  5.259E-01
  384.5000  7.823E-01  8.080E-01  8.178E-01  8.114E-01  7.890E-01
  385.5000  7.737E-01  7.992E-01  8.089E-01  8.026E-01  7.804E-01
  386.5000  7.885E-01  8.144E-01  8.243E-01  8.178E-01  7.953E-01
  387.5000  7.326E-01  7.567E-01  7.658E-01  7.599E-01  7.389E-01
  388.5000  7.342E-01  7.582E-01  7.674E-01  7.614E-01  7.405E-01
  389.5000  9.256E-01  9.559E-01  9.675E-01  9.599E-01  9.336E-01
  390.5000  9.090E-01  9.387E-01  9.500E-01  9.426E-01  9.167E-01
  391.5000  1.078E+00  1.113E+00  1.127E+00  1.118E+00  1.087E+00
  392.5000  8.083E-01  8.347E-01  8.447E-01  8.381E-01  8.152E-01
  393.5000  3.513E-01  3.628E-01  3.671E-01  3.643E-01  3.543E-01
  394.5000  8.265E-01  8.534E-01  8.637E-01  8.570E-01  8.336E-01
  395.5000  1.063E+00  1.098E+00  1.111E+00  1.102E+00  1.072E+00
  396.5000  6.242E-01  6.445E-01  6.522E-01  6.472E-01  6.295E-01
  397.5000  7.201E-01  7.435E-01  7.524E-01  7.466E-01  7.262E-01
  398.5000  1.237E+00  1.277E+00  1.293E+00  1.283E+00  1.248E+00
  399.5000  1.287E+00  1.328E+00  1.344E+00  1.334E+00  1.298E+00
  400.5000  1.352E+00  1.396E+00  1.413E+00  1.402E+00  1.364E+00
  401.5000  1.391E+00  1.436E+00  1.453E+00  1.442E+00  1.403E+00
  402.5000  1.444E+00  1.491E+00  1.508E+00  1.497E+00  1.456E+00
  403.5000  1.321E+00  1.364E+00  1.380E+00  1.370E+00  1.333E+00
  404.5000  1.296E+00  1.338E+00  1.353E+00  1.343E+00  1.307E+00
  405.5000  1.346E+00  1.389E+00  1.406E+00  1.395E+00  1.357E+00
  406.5000  1.268E+00  1.308E+00  1.324E+00  1.314E+00  1.278E+00
  407.5000  1.278E+00  1.319E+00  1.334E+00  1.324E+00  1.288E+00
  408.5000  1.423E+00  1.468E+00  1.486E+00  1.474E+00  1.435E+00
  409.5000  1.395E+00  1.439E+00  1.456E+00  1.445E+00  1.406E+00
  410.5000  1.209E+00  1.248E+00  1.263E+00  1.253E+00  1.219E+00
  411.5000  1.453E+00  1.500E+00  1.517E+00  1.506E+00  1.465E+00
  412.5000  1.440E+00  1.486E+00  1.503E+00  1.492E+00  1.452E+00
  413.5000  1.396E+00  1.441E+00  1.458E+00  1.447E+00  1.408E+00
  414.5000  1.435E+00  1.481E+00  1.498E+00  1.487E+00  1.447E+00
  415.5000  1.372E+00  1.416E+00  1.433E+00  1.422E+00  1.384E+00
  416.5000  1.493E+00  1.541E+00  1.559E+00  1.547E+00  1.506E+00
  417.5000  1.365E+00  1.408E+00  1.425E+00  1.414E+00  1.376E+00
  418.5000  1.376E+00  1.419E+00  1.436E+00  1.425E+00  1.387E+00
  419.5000  1.421E+00  1.466E+00  1.483E+00  1.472E+00  1.433E+00
------------------------------------------------------------
Dose rates, W m-2
   1 = UV-B, 280-315 nm                                  
   2 = UV-A, 315-400 nm                                  
   3 = Gaussian, 320 nm, 10 nm FWHM                      
   4 = RB Meter, model 501                               
   5 = DNA damage, in vitro (Setlow, 1974)               
   6 = UV index (WMO, 1994; Webb et al., 2011)           
   7 = Previtamin-D3 (CIE 2006)                          
values at z =      0.000 km
Columns: time, sza, weighting spectra
time, hrs.  sza, deg.          1          2          3          4          5          6          7
   11.0000     16.985  2.104E+00  5.978E+01  3.881E-01  6.335E-01  8.092E-03  1.227E+01  6.157E-01
   11.5000     11.051  2.229E+00  6.184E+01  4.040E-01  6.749E-01  8.864E-03  1.313E+01  6.597E-01
   12.0000      7.705  2.277E+00  6.263E+01  4.101E-01  6.910E-01  9.171E-03  1.346E+01  6.768E-01
   12.5000     10.017  2.246E+00  6.211E+01  4.061E-01  6.805E-01  8.970E-03  1.324E+01  6.656E-01
   13.0000     15.652  2.136E+00  6.032E+01  3.922E-01  6.442E-01  8.289E-03  1.249E+01  6.270E-01
------------------------------------------------------------
