Spectral Irradiance, W m-2 nm-1
values at z =      0.000 km
Columns: wavelength (nm), times (hrs.) or sza (deg.)
    wc, nm     11.000     11.500     12.000     12.500     13.000
    sza =      44.247     42.294     41.530     42.018     43.715
  280.5000  5.023E-19  1.720E-18  2.700E-18  2.028E-18  7.108E-19
  281.5000  4.150E-17  1.273E-16  1.919E-16  1.479E-16  5.693E-17
  282.5000  1.258E-15  3.511E-15  5.114E-15  4.029E-15  1.681E-15
  283.5000  1.046E-14  2.745E-14  3.889E-14  3.124E-14  1.373E-14
  284.5000  2.990E-13  7.015E-13  9.589E-13  7.865E-13  3.803E-13
  285.5000  2.234E-12  4.825E-12  6.399E-12  5.350E-12  2.776E-12
  286.5000  4.729E-11  9.583E-11  1.242E-10  1.054E-10  5.771E-11
  287.5000  5.175E-10  9.775E-10  1.234E-09  1.065E-09  6.192E-10
  288.5000  5.235E-09  9.158E-09  1.125E-08  9.873E-09  6.129E-09
  289.5000  4.748E-08  7.865E-08  9.466E-08  8.416E-08  5.474E-08
  290.5000  2.899E-07  4.586E-07  5.427E-07  4.878E-07  3.299E-07
  291.5000  1.471E-06  2.209E-06  2.564E-06  2.333E-06  1.649E-06
  292.5000  5.193E-06  7.474E-06  8.544E-06  7.849E-06  5.754E-06
  293.5000  2.147E-05  2.969E-05  3.344E-05  3.101E-05  2.352E-05
  294.5000  5.400E-05  7.238E-05  8.061E-05  7.529E-05  5.865E-05
  295.5000  1.827E-04  2.368E-04  2.605E-04  2.452E-04  1.965E-04
  296.5000  4.078E-04  5.144E-04  5.603E-04  5.307E-04  4.354E-04
  297.5000  9.700E-04  1.194E-03  1.290E-03  1.228E-03  1.029E-03
  298.5000  1.387E-03  1.674E-03  1.794E-03  1.717E-03  1.462E-03
  299.5000  3.673E-03  4.348E-03  4.627E-03  4.448E-03  3.851E-03
  300.5000  3.926E-03  4.581E-03  4.849E-03  4.677E-03  4.101E-03
  301.5000  8.989E-03  1.032E-02  1.086E-02  1.052E-02  9.346E-03
  302.5000  1.230E-02  1.393E-02  1.466E-02  1.423E-02  1.276E-02
  303.5000  2.345E-02  2.634E-02  2.749E-02  2.675E-02  2.423E-02
  304.5000  2.737E-02  3.052E-02  3.177E-02  3.097E-02  2.822E-02
  305.5000  3.980E-02  4.392E-02  4.555E-02  4.451E-02  4.092E-02
  306.5000  4.334E-02  4.761E-02  4.930E-02  4.822E-02  4.451E-02
  307.5000  6.770E-02  7.373E-02  7.610E-02  7.459E-02  6.934E-02
  308.5000  7.818E-02  8.487E-02  8.748E-02  8.581E-02  8.001E-02
  309.5000  7.264E-02  7.840E-02  8.065E-02  7.921E-02  7.421E-02
  310.5000  1.027E-01  1.104E-01  1.134E-01  1.115E-01  1.048E-01
  311.5000  1.356E-01  1.453E-01  1.491E-01  1.467E-01  1.382E-01
  312.5000  1.382E-01  1.474E-01  1.510E-01  1.487E-01  1.407E-01
  313.5000  1.584E-01  1.689E-01  1.729E-01  1.703E-01  1.613E-01
  314.5000  1.643E-01  1.744E-01  1.783E-01  1.758E-01  1.671E-01
  315.5000  1.709E-01  1.812E-01  1.852E-01  1.827E-01  1.737E-01
  316.5000  1.751E-01  1.851E-01  1.889E-01  1.865E-01  1.778E-01
  317.5000  2.478E-01  2.619E-01  2.674E-01  2.639E-01  2.517E-01
  318.5000  2.000E-01  2.108E-01  2.149E-01  2.123E-01  2.029E-01
  319.5000  2.453E-01  2.584E-01  2.634E-01  2.602E-01  2.489E-01
  320.5000  3.003E-01  3.161E-01  3.222E-01  3.183E-01  3.047E-01
  321.5000  2.609E-01  2.739E-01  2.789E-01  2.757E-01  2.645E-01
  322.5000  2.584E-01  2.718E-01  2.769E-01  2.736E-01  2.621E-01
  323.5000  2.734E-01  2.866E-01  2.917E-01  2.885E-01  2.771E-01
  324.5000  3.207E-01  3.363E-01  3.423E-01  3.384E-01  3.250E-01
  325.5000  3.585E-01  3.760E-01  3.827E-01  3.784E-01  3.633E-01
  326.5000  4.413E-01  4.619E-01  4.698E-01  4.648E-01  4.470E-01
  327.5000  4.090E-01  4.283E-01  4.358E-01  4.310E-01  4.144E-01
  328.5000  3.779E-01  3.957E-01  4.025E-01  3.982E-01  3.828E-01
  329.5000  4.958E-01  5.183E-01  5.270E-01  5.215E-01  5.020E-01
  330.5000  4.488E-01  4.695E-01  4.774E-01  4.724E-01  4.545E-01
  331.5000  4.433E-01  4.637E-01  4.716E-01  4.666E-01  4.489E-01
  332.5000  4.402E-01  4.600E-01  4.675E-01  4.627E-01  4.457E-01
  333.5000  4.124E-01  4.311E-01  4.382E-01  4.337E-01  4.176E-01
  334.5000  4.617E-01  4.825E-01  4.905E-01  4.854E-01  4.675E-01
  335.5000  4.699E-01  4.908E-01  4.987E-01  4.937E-01  4.757E-01
  336.5000  3.671E-01  3.834E-01  3.897E-01  3.857E-01  3.716E-01
  337.5000  4.021E-01  4.201E-01  4.270E-01  4.226E-01  4.071E-01
  338.5000  4.262E-01  4.449E-01  4.521E-01  4.476E-01  4.313E-01
  339.5000  4.636E-01  4.840E-01  4.918E-01  4.869E-01  4.693E-01
  340.5000  4.952E-01  5.170E-01  5.254E-01  5.200E-01  5.012E-01
  341.5000  4.408E-01  4.600E-01  4.674E-01  4.627E-01  4.461E-01
  342.5000  4.886E-01  5.099E-01  5.180E-01  5.128E-01  4.945E-01
  343.5000  5.073E-01  5.294E-01  5.379E-01  5.325E-01  5.134E-01
  344.5000  3.554E-01  3.709E-01  3.769E-01  3.731E-01  3.597E-01
  345.5000  4.879E-01  5.091E-01  5.172E-01  5.120E-01  4.938E-01
  346.5000  4.561E-01  4.759E-01  4.835E-01  4.786E-01  4.616E-01
  347.5000  4.458E-01  4.651E-01  4.725E-01  4.678E-01  4.511E-01
  348.5000  4.903E-01  5.114E-01  5.195E-01  5.144E-01  4.961E-01
  349.5000  4.109E-01  4.286E-01  4.354E-01  4.311E-01  4.158E-01
  350.5000  5.755E-01  6.003E-01  6.098E-01  6.037E-01  5.824E-01
  351.5000  4.961E-01  5.174E-01  5.255E-01  5.204E-01  5.020E-01
  352.5000  4.475E-01  4.667E-01  4.741E-01  4.694E-01  4.528E-01
  353.5000  5.389E-01  5.620E-01  5.708E-01  5.652E-01  5.453E-01
  354.5000  5.835E-01  6.084E-01  6.179E-01  6.118E-01  5.904E-01
  355.5000  5.454E-01  5.686E-01  5.775E-01  5.719E-01  5.518E-01
  356.5000  5.062E-01  5.278E-01  5.360E-01  5.308E-01  5.122E-01
  357.5000  4.305E-01  4.488E-01  4.558E-01  4.514E-01  4.356E-01
  358.5000  3.323E-01  3.464E-01  3.518E-01  3.484E-01  3.362E-01
  359.5000  5.594E-01  5.830E-01  5.921E-01  5.863E-01  5.659E-01
  360.5000  5.186E-01  5.405E-01  5.489E-01  5.435E-01  5.246E-01
  361.5000  4.676E-01  4.874E-01  4.949E-01  4.901E-01  4.731E-01
  362.5000  5.493E-01  5.724E-01  5.812E-01  5.756E-01  5.556E-01
  363.5000  4.887E-01  5.092E-01  5.171E-01  5.121E-01  4.944E-01
  364.5000  5.332E-01  5.556E-01  5.641E-01  5.587E-01  5.394E-01
  365.5000  6.498E-01  6.770E-01  6.874E-01  6.808E-01  6.573E-01
  366.5000  6.878E-01  7.166E-01  7.276E-01  7.206E-01  6.958E-01
  367.5000  6.532E-01  6.804E-01  6.909E-01  6.843E-01  6.607E-01
  368.5000  5.739E-01  5.978E-01  6.070E-01  6.011E-01  5.805E-01
  369.5000  6.885E-01  7.171E-01  7.281E-01  7.211E-01  6.964E-01
  370.5000  6.247E-01  6.507E-01  6.606E-01  6.543E-01  6.319E-01
  371.5000  7.149E-01  7.446E-01  7.560E-01  7.487E-01  7.231E-01
  372.5000  5.282E-01  5.501E-01  5.585E-01  5.531E-01  5.342E-01
  373.5000  4.775E-01  4.972E-01  5.048E-01  5.000E-01  4.829E-01
  374.5000  5.241E-01  5.458E-01  5.541E-01  5.488E-01  5.301E-01
  375.5000  5.914E-01  6.159E-01  6.252E-01  6.193E-01  5.982E-01
  376.5000  5.907E-01  6.150E-01  6.244E-01  6.184E-01  5.974E-01
  377.5000  7.035E-01  7.325E-01  7.435E-01  7.365E-01  7.115E-01
  378.5000  7.669E-01  7.984E-01  8.105E-01  8.028E-01  7.756E-01
  379.5000  5.674E-01  5.907E-01  5.997E-01  5.940E-01  5.739E-01
  380.5000  6.825E-01  7.105E-01  7.212E-01  7.144E-01  6.903E-01
  381.5000  6.415E-01  6.677E-01  6.778E-01  6.714E-01  6.487E-01
  382.5000  4.275E-01  4.450E-01  4.517E-01  4.474E-01  4.323E-01
  383.5000  3.754E-01  3.908E-01  3.966E-01  3.929E-01  3.797E-01
  384.5000  5.635E-01  5.865E-01  5.953E-01  5.897E-01  5.699E-01
  385.5000  5.576E-01  5.803E-01  5.890E-01  5.835E-01  5.639E-01
  386.5000  5.685E-01  5.916E-01  6.004E-01  5.948E-01  5.749E-01
  387.5000  5.284E-01  5.499E-01  5.581E-01  5.528E-01  5.343E-01
  388.5000  5.297E-01  5.512E-01  5.594E-01  5.542E-01  5.357E-01
  389.5000  6.681E-01  6.952E-01  7.055E-01  6.989E-01  6.756E-01
  390.5000  6.564E-01  6.829E-01  6.930E-01  6.866E-01  6.637E-01
  391.5000  7.788E-01  8.102E-01  8.223E-01  8.146E-01  7.875E-01
  392.5000  5.841E-01  6.077E-01  6.167E-01  6.109E-01  5.906E-01
  393.5000  2.540E-01  2.642E-01  2.681E-01  2.656E-01  2.568E-01
  394.5000  5.977E-01  6.218E-01  6.310E-01  6.251E-01  6.044E-01
  395.5000  7.692E-01  8.001E-01  8.119E-01  8.044E-01  7.777E-01
  396.5000  4.517E-01  4.699E-01  4.768E-01  4.724E-01  4.568E-01
  397.5000  5.214E-01  5.423E-01  5.503E-01  5.452E-01  5.272E-01
  398.5000  8.960E-01  9.319E-01  9.456E-01  9.369E-01  9.060E-01
  399.5000  9.322E-01  9.694E-01  9.837E-01  9.746E-01  9.425E-01
  400.5000  9.802E-01  1.019E+00  1.034E+00  1.025E+00  9.910E-01
  401.5000  1.009E+00  1.049E+00  1.064E+00  1.054E+00  1.020E+00
  402.5000  1.047E+00  1.089E+00  1.105E+00  1.095E+00  1.059E+00
  403.5000  9.588E-01  9.969E-01  1.011E+00  1.002E+00  9.693E-01
  404.5000  9.405E-01  9.779E-01  9.921E-01  9.831E-01  9.508E-01
  405.5000  9.772E-01  1.016E+00  1.031E+00  1.021E+00  9.879E-01
  406.5000  9.205E-01  9.570E-01  9.710E-01  9.621E-01  9.306E-01
  407.5000  9.282E-01  9.650E-01  9.790E-01  9.701E-01  9.384E-01
  408.5000  1.034E+00  1.075E+00  1.090E+00  1.081E+00  1.045E+00
  409.5000  1.014E+00  1.054E+00  1.069E+00  1.059E+00  1.025E+00
  410.5000  8.793E-01  9.140E-01  9.272E-01  9.188E-01  8.889E-01
  411.5000  1.057E+00  1.099E+00  1.115E+00  1.104E+00  1.069E+00
  412.5000  1.048E+00  1.089E+00  1.105E+00  1.095E+00  1.059E+00
  413.5000  1.016E+00  1.056E+00  1.072E+00  1.062E+00  1.028E+00
  414.5000  1.045E+00  1.086E+00  1.102E+00  1.092E+00  1.056E+00
  415.5000  9.996E-01  1.039E+00  1.054E+00  1.044E+00  1.010E+00
  416.5000  1.088E+00  1.131E+00  1.147E+00  1.137E+00  1.100E+00
  417.5000  9.948E-01  1.034E+00  1.049E+00  1.039E+00  1.006E+00
  418.5000  1.003E+00  1.042E+00  1.057E+00  1.047E+00  1.014E+00
  419.5000  1.036E+00  1.077E+00  1.092E+00  1.082E+00  1.047E+00
------------------------------------------------------------
Dose rates, W m-2
   1 = UV-B, 280-315 nm                                  
   2 = UV-A, 315-400 nm                                  
   3 = Gaussian, 320 nm, 10 nm FWHM                      
   4 = RB Meter, model 501                               
   5 = DNA damage, in vitro (Setlow, 1974)               
   6 = UV index (WMO, 1994; Webb et al., 2011)           
   7 = Previtamin-D3 (CIE 2006)                          
values at z =      0.000 km
Columns: time, sza, weighting spectra
time, hrs.  sza, deg.          1          2          3          4          5          6          7
   11.0000     44.247  1.084E+00  4.235E+01  2.532E-01  3.075E-01  2.798E-03  5.734E+00  2.730E-01
   11.5000     42.294  1.169E+00  4.416E+01  2.665E-01  3.331E-01  3.127E-03  6.221E+00  2.987E-01
   12.0000     41.530  1.202E+00  4.486E+01  2.717E-01  3.432E-01  3.260E-03  6.414E+00  3.089E-01
   12.5000     42.018  1.181E+00  4.442E+01  2.684E-01  3.367E-01  3.175E-03  6.291E+00  3.024E-01
   13.0000     43.715  1.107E+00  4.285E+01  2.569E-01  3.145E-01  2.887E-03  5.866E+00  2.800E-01
------------------------------------------------------------
