Spectral Irradiance, W m-2 nm-1
values at z =      0.000 km
Columns: wavelength (nm), times (hrs.) or sza (deg.)
    wc, nm     11.000     11.500     12.000     12.500     13.000
    sza =      66.412     66.294     66.240     66.252     66.332
  280.5000  2.233E-28  2.259E-28  2.271E-28  2.268E-28  2.251E-28
  281.5000  8.638E-26  8.740E-26  8.787E-26  8.776E-26  8.707E-26
  282.5000  9.913E-24  1.003E-23  1.009E-23  1.007E-23  9.994E-24
  283.5000  1.951E-22  1.974E-22  1.986E-22  1.983E-22  1.967E-22
  284.5000  2.752E-20  2.787E-20  2.803E-20  2.799E-20  2.775E-20
  285.5000  6.752E-19  6.841E-19  6.883E-19  6.873E-19  6.812E-19
  286.5000  3.582E-17  3.631E-17  3.654E-17  3.649E-17  3.615E-17
  287.5000  1.102E-15  1.118E-15  1.126E-15  1.124E-15  1.113E-15
  288.5000  3.512E-14  3.568E-14  3.593E-14  3.587E-14  3.550E-14
  289.5000  7.362E-13  7.489E-13  7.548E-13  7.534E-13  7.447E-13
  290.5000  9.262E-12  9.439E-12  9.522E-12  9.503E-12  9.381E-12
  291.5000  1.107E-10  1.132E-10  1.144E-10  1.141E-10  1.124E-10
  292.5000  8.218E-10  8.429E-10  8.528E-10  8.505E-10  8.360E-10
  293.5000  7.189E-09  7.401E-09  7.501E-09  7.477E-09  7.331E-09
  294.5000  3.394E-08  3.504E-08  3.555E-08  3.543E-08  3.468E-08
  295.5000  2.361E-07  2.442E-07  2.481E-07  2.472E-07  2.416E-07
  296.5000  1.001E-06  1.036E-06  1.053E-06  1.049E-06  1.024E-06
  297.5000  4.312E-06  4.462E-06  4.533E-06  4.516E-06  4.413E-06
  298.5000  1.040E-05  1.075E-05  1.091E-05  1.087E-05  1.063E-05
  299.5000  4.590E-05  4.735E-05  4.802E-05  4.787E-05  4.687E-05
  300.5000  7.324E-05  7.541E-05  7.642E-05  7.619E-05  7.470E-05
  301.5000  2.616E-04  2.687E-04  2.720E-04  2.712E-04  2.664E-04
  302.5000  4.809E-04  4.932E-04  4.988E-04  4.975E-04  4.892E-04
  303.5000  1.306E-03  1.336E-03  1.350E-03  1.347E-03  1.326E-03
  304.5000  1.871E-03  1.912E-03  1.930E-03  1.926E-03  1.899E-03
  305.5000  3.708E-03  3.780E-03  3.813E-03  3.805E-03  3.757E-03
  306.5000  4.612E-03  4.697E-03  4.736E-03  4.727E-03  4.669E-03
  307.5000  9.325E-03  9.479E-03  9.549E-03  9.533E-03  9.429E-03
  308.5000  1.189E-02  1.207E-02  1.216E-02  1.214E-02  1.201E-02
  309.5000  1.311E-02  1.330E-02  1.338E-02  1.336E-02  1.324E-02
  310.5000  2.096E-02  2.124E-02  2.137E-02  2.134E-02  2.115E-02
  311.5000  2.999E-02  3.037E-02  3.055E-02  3.050E-02  3.025E-02
  312.5000  3.533E-02  3.574E-02  3.593E-02  3.589E-02  3.561E-02
  313.5000  4.194E-02  4.241E-02  4.263E-02  4.258E-02  4.226E-02
  314.5000  4.924E-02  4.975E-02  4.998E-02  4.992E-02  4.958E-02
  315.5000  5.228E-02  5.281E-02  5.305E-02  5.299E-02  5.264E-02
  316.5000  5.897E-02  5.952E-02  5.977E-02  5.972E-02  5.934E-02
  317.5000  8.357E-02  8.435E-02  8.471E-02  8.462E-02  8.409E-02
  318.5000  7.366E-02  7.430E-02  7.459E-02  7.452E-02  7.409E-02
  319.5000  9.194E-02  9.273E-02  9.308E-02  9.300E-02  9.247E-02
  320.5000  1.150E-01  1.159E-01  1.164E-01  1.162E-01  1.156E-01
  321.5000  1.082E-01  1.090E-01  1.094E-01  1.093E-01  1.088E-01
  322.5000  1.009E-01  1.017E-01  1.021E-01  1.020E-01  1.015E-01
  323.5000  1.177E-01  1.185E-01  1.189E-01  1.188E-01  1.183E-01
  324.5000  1.377E-01  1.387E-01  1.392E-01  1.390E-01  1.384E-01
  325.5000  1.521E-01  1.532E-01  1.538E-01  1.536E-01  1.529E-01
  326.5000  2.000E-01  2.014E-01  2.020E-01  2.019E-01  2.009E-01
  327.5000  1.817E-01  1.830E-01  1.836E-01  1.834E-01  1.826E-01
  328.5000  1.681E-01  1.693E-01  1.699E-01  1.698E-01  1.690E-01
  329.5000  2.317E-01  2.332E-01  2.339E-01  2.338E-01  2.327E-01
  330.5000  2.058E-01  2.072E-01  2.079E-01  2.077E-01  2.068E-01
  331.5000  2.026E-01  2.040E-01  2.047E-01  2.045E-01  2.036E-01
  332.5000  2.085E-01  2.099E-01  2.105E-01  2.104E-01  2.094E-01
  333.5000  1.927E-01  1.940E-01  1.946E-01  1.944E-01  1.935E-01
  334.5000  2.176E-01  2.190E-01  2.197E-01  2.195E-01  2.186E-01
  335.5000  2.253E-01  2.268E-01  2.275E-01  2.273E-01  2.263E-01
  336.5000  1.754E-01  1.765E-01  1.770E-01  1.769E-01  1.761E-01
  337.5000  1.901E-01  1.913E-01  1.919E-01  1.918E-01  1.909E-01
  338.5000  2.052E-01  2.065E-01  2.071E-01  2.070E-01  2.061E-01
  339.5000  2.239E-01  2.254E-01  2.261E-01  2.259E-01  2.249E-01
  340.5000  2.379E-01  2.395E-01  2.402E-01  2.400E-01  2.390E-01
  341.5000  2.139E-01  2.153E-01  2.159E-01  2.157E-01  2.148E-01
  342.5000  2.377E-01  2.392E-01  2.399E-01  2.398E-01  2.387E-01
  343.5000  2.463E-01  2.479E-01  2.486E-01  2.485E-01  2.474E-01
  344.5000  1.722E-01  1.733E-01  1.738E-01  1.737E-01  1.729E-01
  345.5000  2.386E-01  2.402E-01  2.409E-01  2.407E-01  2.397E-01
  346.5000  2.222E-01  2.236E-01  2.242E-01  2.241E-01  2.231E-01
  347.5000  2.175E-01  2.189E-01  2.195E-01  2.194E-01  2.185E-01
  348.5000  2.399E-01  2.414E-01  2.421E-01  2.420E-01  2.409E-01
  349.5000  2.012E-01  2.025E-01  2.031E-01  2.030E-01  2.021E-01
  350.5000  2.822E-01  2.841E-01  2.849E-01  2.847E-01  2.835E-01
  351.5000  2.434E-01  2.449E-01  2.456E-01  2.455E-01  2.444E-01
  352.5000  2.199E-01  2.213E-01  2.220E-01  2.218E-01  2.209E-01
  353.5000  2.653E-01  2.670E-01  2.678E-01  2.676E-01  2.665E-01
  354.5000  2.878E-01  2.896E-01  2.905E-01  2.903E-01  2.890E-01
  355.5000  2.693E-01  2.710E-01  2.718E-01  2.716E-01  2.705E-01
  356.5000  2.502E-01  2.518E-01  2.525E-01  2.524E-01  2.513E-01
  357.5000  2.130E-01  2.143E-01  2.150E-01  2.148E-01  2.139E-01
  358.5000  1.646E-01  1.657E-01  1.662E-01  1.660E-01  1.653E-01
  359.5000  2.774E-01  2.792E-01  2.800E-01  2.798E-01  2.786E-01
  360.5000  2.575E-01  2.591E-01  2.598E-01  2.597E-01  2.586E-01
  361.5000  2.325E-01  2.339E-01  2.346E-01  2.345E-01  2.335E-01
  362.5000  2.734E-01  2.751E-01  2.759E-01  2.757E-01  2.745E-01
  363.5000  2.435E-01  2.450E-01  2.457E-01  2.456E-01  2.445E-01
  364.5000  2.659E-01  2.676E-01  2.683E-01  2.682E-01  2.670E-01
  365.5000  3.243E-01  3.264E-01  3.273E-01  3.271E-01  3.257E-01
  366.5000  3.437E-01  3.459E-01  3.469E-01  3.466E-01  3.452E-01
  367.5000  3.268E-01  3.289E-01  3.298E-01  3.296E-01  3.282E-01
  368.5000  2.874E-01  2.892E-01  2.900E-01  2.899E-01  2.886E-01
  369.5000  3.452E-01  3.473E-01  3.483E-01  3.481E-01  3.466E-01
  370.5000  3.135E-01  3.155E-01  3.164E-01  3.162E-01  3.149E-01
  371.5000  3.592E-01  3.614E-01  3.624E-01  3.622E-01  3.607E-01
  372.5000  2.656E-01  2.673E-01  2.680E-01  2.679E-01  2.667E-01
  373.5000  2.404E-01  2.419E-01  2.425E-01  2.424E-01  2.414E-01
  374.5000  2.641E-01  2.658E-01  2.665E-01  2.663E-01  2.652E-01
  375.5000  2.983E-01  3.002E-01  3.010E-01  3.008E-01  2.996E-01
  376.5000  2.983E-01  3.001E-01  3.010E-01  3.008E-01  2.995E-01
  377.5000  3.556E-01  3.578E-01  3.588E-01  3.586E-01  3.571E-01
  378.5000  3.880E-01  3.904E-01  3.915E-01  3.912E-01  3.896E-01
  379.5000  2.874E-01  2.892E-01  2.900E-01  2.898E-01  2.886E-01
  380.5000  3.460E-01  3.481E-01  3.491E-01  3.489E-01  3.475E-01
  381.5000  3.255E-01  3.275E-01  3.284E-01  3.282E-01  3.269E-01
  382.5000  2.171E-01  2.185E-01  2.191E-01  2.190E-01  2.180E-01
  383.5000  1.909E-01  1.921E-01  1.926E-01  1.925E-01  1.917E-01
  384.5000  2.868E-01  2.886E-01  2.894E-01  2.892E-01  2.880E-01
  385.5000  2.841E-01  2.858E-01  2.866E-01  2.864E-01  2.852E-01
  386.5000  2.899E-01  2.917E-01  2.925E-01  2.923E-01  2.911E-01
  387.5000  2.697E-01  2.714E-01  2.721E-01  2.719E-01  2.708E-01
  388.5000  2.706E-01  2.723E-01  2.731E-01  2.729E-01  2.718E-01
  389.5000  3.417E-01  3.438E-01  3.447E-01  3.445E-01  3.431E-01
  390.5000  3.360E-01  3.380E-01  3.390E-01  3.387E-01  3.374E-01
  391.5000  3.990E-01  4.015E-01  4.026E-01  4.023E-01  4.007E-01
  392.5000  2.995E-01  3.014E-01  3.022E-01  3.020E-01  3.008E-01
  393.5000  1.304E-01  1.312E-01  1.315E-01  1.314E-01  1.309E-01
  394.5000  3.071E-01  3.090E-01  3.098E-01  3.096E-01  3.084E-01
  395.5000  3.956E-01  3.980E-01  3.991E-01  3.988E-01  3.972E-01
  396.5000  2.325E-01  2.339E-01  2.346E-01  2.344E-01  2.335E-01
  397.5000  2.686E-01  2.702E-01  2.710E-01  2.708E-01  2.697E-01
  398.5000  4.621E-01  4.649E-01  4.662E-01  4.659E-01  4.640E-01
  399.5000  4.811E-01  4.841E-01  4.854E-01  4.851E-01  4.831E-01
  400.5000  5.064E-01  5.094E-01  5.108E-01  5.105E-01  5.084E-01
  401.5000  5.215E-01  5.247E-01  5.261E-01  5.258E-01  5.237E-01
  402.5000  5.420E-01  5.453E-01  5.468E-01  5.464E-01  5.442E-01
  403.5000  4.966E-01  4.996E-01  5.010E-01  5.007E-01  4.986E-01
  404.5000  4.876E-01  4.905E-01  4.919E-01  4.916E-01  4.896E-01
  405.5000  5.070E-01  5.101E-01  5.115E-01  5.112E-01  5.091E-01
  406.5000  4.781E-01  4.810E-01  4.823E-01  4.820E-01  4.800E-01
  407.5000  4.825E-01  4.854E-01  4.867E-01  4.864E-01  4.844E-01
  408.5000  5.379E-01  5.411E-01  5.426E-01  5.422E-01  5.401E-01
  409.5000  5.278E-01  5.310E-01  5.324E-01  5.321E-01  5.300E-01
  410.5000  4.582E-01  4.609E-01  4.622E-01  4.619E-01  4.601E-01
  411.5000  5.513E-01  5.546E-01  5.561E-01  5.558E-01  5.535E-01
  412.5000  5.470E-01  5.503E-01  5.518E-01  5.514E-01  5.492E-01
  413.5000  5.310E-01  5.342E-01  5.357E-01  5.353E-01  5.332E-01
  414.5000  5.463E-01  5.496E-01  5.511E-01  5.508E-01  5.486E-01
  415.5000  5.231E-01  5.262E-01  5.276E-01  5.273E-01  5.252E-01
  416.5000  5.698E-01  5.732E-01  5.748E-01  5.744E-01  5.721E-01
  417.5000  5.214E-01  5.245E-01  5.259E-01  5.256E-01  5.235E-01
  418.5000  5.260E-01  5.292E-01  5.306E-01  5.303E-01  5.281E-01
  419.5000  5.439E-01  5.472E-01  5.486E-01  5.483E-01  5.461E-01
------------------------------------------------------------
Dose rates, W m-2
   1 = UV-B, 280-315 nm                                  
   2 = UV-A, 315-400 nm                                  
   3 = Gaussian, 320 nm, 10 nm FWHM                      
   4 = RB Meter, model 501                               
   5 = DNA damage, in vitro (Setlow, 1974)               
   6 = UV index (WMO, 1994; Webb et al., 2011)           
   7 = Previtamin-D3 (CIE 2006)                          
values at z =      0.000 km
Columns: time, sza, weighting spectra
time, hrs.  sza, deg.          1          2          3          4          5          6          7
   11.0000     66.412  2.242E-01  2.073E+01  9.785E-02  6.494E-02  3.270E-04  1.303E+00  4.161E-02
   11.5000     66.294  2.270E-01  2.086E+01  9.865E-02  6.569E-02  3.317E-04  1.316E+00  4.221E-02
   12.0000     66.240  2.283E-01  2.092E+01  9.902E-02  6.604E-02  3.339E-04  1.323E+00  4.248E-02
   12.5000     66.252  2.280E-01  2.091E+01  9.893E-02  6.596E-02  3.333E-04  1.321E+00  4.241E-02
   13.0000     66.332  2.261E-01  2.082E+01  9.839E-02  6.545E-02  3.301E-04  1.312E+00  4.201E-02
------------------------------------------------------------
