Spectral Irradiance, W m-2 nm-1
values at z =      0.000 km
Columns: wavelength (nm), times (hrs.) or sza (deg.)
    wc, nm     11.000     11.500     12.000     12.500     13.000
    sza =      98.067     97.982     97.959     98.000     98.107
  280.5000  0.000E+00  0.000E+00  0.000E+00  0.000E+00  0.000E+00
  281.5000  0.000E+00  0.000E+00  0.000E+00  0.000E+00  0.000E+00
  282.5000  0.000E+00  0.000E+00  0.000E+00  0.000E+00  0.000E+00
  283.5000  0.000E+00  0.000E+00  0.000E+00  0.000E+00  0.000E+00
  284.5000  0.000E+00  0.000E+00  0.000E+00  0.000E+00  0.000E+00
  285.5000  0.000E+00  0.000E+00  0.000E+00  0.000E+00  0.000E+00
  286.5000  0.000E+00  0.000E+00  0.000E+00  0.000E+00  0.000E+00
  287.5000  0.000E+00  0.000E+00  0.000E+00  0.000E+00  0.000E+00
  288.5000  0.000E+00  0.000E+00  0.000E+00  0.000E+00  0.000E+00
  289.5000  0.000E+00  0.000E+00  0.000E+00  0.000E+00  0.000E+00
  290.5000  0.000E+00  0.000E+00  0.000E+00  0.000E+00  0.000E+00
  291.5000  0.000E+00  0.000E+00  0.000E+00  0.000E+00  0.000E+00
  292.5000  0.000E+00  0.000E+00  0.000E+00  0.000E+00  0.000E+00
  293.5000  0.000E+00  0.000E+00  0.000E+00  0.000E+00  0.000E+00
  294.5000  0.000E+00  0.000E+00  0.000E+00  0.000E+00  0.000E+00
  295.5000  0.000E+00  0.000E+00  0.000E+00  0.000E+00  0.000E+00
  296.5000  0.000E+00  0.000E+00  0.000E+00  0.000E+00  0.000E+00
  297.5000  0.000E+00  0.000E+00  0.000E+00  0.000E+00  0.000E+00
  298.5000  0.000E+00  0.000E+00  0.000E+00  0.000E+00  0.000E+00
  299.5000  0.000E+00  0.000E+00  0.000E+00  0.000E+00  0.000E+00
  300.5000  0.000E+00  0.000E+00  0.000E+00  0.000E+00  0.000E+00
  301.5000  1.401E-45  1.401E-45  1.401E-45  1.401E-45  1.401E-45
  302.5000  4.526E-43  1.434E-42  2.136E-42  9.150E-43  3.223E-43
  303.5000  3.086E-38  1.102E-37  1.674E-37  7.103E-38  1.939E-38
  304.5000  1.494E-35  5.658E-35  8.659E-35  3.678E-35  8.801E-36
  305.5000  1.786E-31  7.462E-31  1.157E-30  4.912E-31  9.466E-32
  306.5000  9.468E-30  4.067E-29  6.318E-29  2.699E-29  4.840E-30
  307.5000  2.565E-26  1.187E-25  1.860E-25  7.981E-26  1.203E-26
  308.5000  5.175E-25  2.429E-24  3.803E-24  1.644E-24  2.372E-25
  309.5000  6.635E-23  3.244E-22  5.095E-22  2.219E-22  2.887E-23
  310.5000  3.131E-21  1.566E-20  2.461E-20  1.080E-20  1.318E-21
  311.5000  4.293E-20  2.162E-19  3.393E-19  1.501E-19  1.777E-20
  312.5000  2.625E-18  1.364E-17  2.143E-17  9.556E-18  1.043E-18
  313.5000  8.256E-18  4.248E-17  6.653E-17  2.991E-17  3.282E-18
  314.5000  2.819E-16  1.484E-15  2.325E-15  1.054E-15  1.084E-16
  315.5000  5.442E-16  2.826E-15  4.410E-15  2.016E-15  2.104E-16
  316.5000  8.225E-15  4.327E-14  6.748E-14  3.109E-14  3.107E-15
  317.5000  1.271E-14  6.554E-14  1.017E-13  4.724E-14  4.863E-15
  318.5000  1.193E-13  6.218E-13  9.639E-13  4.513E-13  4.474E-14
  319.5000  2.459E-13  1.264E-12  1.952E-12  9.212E-13  9.282E-14
  320.5000  5.645E-13  2.867E-12  4.409E-12  2.097E-12  2.141E-13
  321.5000  4.399E-12  2.253E-11  3.461E-11  1.659E-11  1.640E-12
  322.5000  9.339E-13  4.597E-12  7.009E-12  3.387E-12  3.604E-13
  323.5000  1.397E-11  6.977E-11  1.064E-10  5.177E-11  5.263E-12
  324.5000  1.601E-11  7.846E-11  1.190E-10  5.838E-11  6.112E-12
  325.5000  1.407E-11  6.744E-11  1.018E-10  5.031E-11  5.457E-12
  326.5000  1.034E-10  4.980E-10  7.506E-10  3.735E-10  3.961E-11
  327.5000  5.965E-11  2.803E-10  4.203E-10  2.107E-10  2.328E-11
  328.5000  6.182E-11  2.856E-10  4.264E-10  2.153E-10  2.438E-11
  329.5000  3.050E-10  1.409E-09  2.099E-09  1.067E-09  1.195E-10
  330.5000  1.776E-10  8.015E-10  1.188E-09  6.084E-10  7.082E-11
  331.5000  1.718E-10  7.617E-10  1.124E-09  5.797E-10  6.931E-11
  332.5000  4.513E-10  1.992E-09  2.933E-09  1.522E-09  1.816E-10
  333.5000  3.110E-10  1.345E-09  1.971E-09  1.030E-09  1.271E-10
  334.5000  4.598E-10  1.963E-09  2.866E-09  1.507E-09  1.892E-10
  335.5000  7.693E-10  3.252E-09  4.735E-09  2.506E-09  3.178E-10
  336.5000  5.724E-10  2.379E-09  3.450E-09  1.838E-09  2.391E-10
  337.5000  5.006E-10  2.042E-09  2.949E-09  1.581E-09  2.120E-10
  338.5000  8.915E-10  3.605E-09  5.191E-09  2.800E-09  3.787E-10
  339.5000  1.108E-09  4.418E-09  6.338E-09  3.440E-09  4.743E-10
  340.5000  1.077E-09  4.229E-09  6.043E-09  3.300E-09  4.667E-10
  341.5000  1.288E-09  5.001E-09  7.124E-09  3.913E-09  5.611E-10
  342.5000  1.594E-09  6.106E-09  8.669E-09  4.790E-09  7.000E-10
  343.5000  1.639E-09  6.188E-09  8.754E-09  4.865E-09  7.268E-10
  344.5000  1.125E-09  4.185E-09  5.899E-09  3.297E-09  5.035E-10
  345.5000  2.050E-09  7.552E-09  1.062E-08  5.966E-09  9.228E-10
  346.5000  1.789E-09  6.493E-09  9.094E-09  5.140E-09  8.133E-10
  347.5000  1.892E-09  6.783E-09  9.469E-09  5.381E-09  8.671E-10
  348.5000  2.322E-09  8.225E-09  1.145E-08  6.541E-09  1.072E-09
  349.5000  2.057E-09  7.193E-09  9.980E-09  5.732E-09  9.567E-10
  350.5000  3.093E-09  1.069E-08  1.478E-08  8.536E-09  1.450E-09
  351.5000  2.779E-09  9.487E-09  1.308E-08  7.593E-09  1.313E-09
  352.5000  2.699E-09  9.108E-09  1.252E-08  7.304E-09  1.285E-09
  353.5000  3.526E-09  1.176E-08  1.612E-08  9.453E-09  1.690E-09
  354.5000  4.120E-09  1.359E-08  1.858E-08  1.094E-08  1.989E-09
  355.5000  4.079E-09  1.330E-08  1.813E-08  1.073E-08  1.983E-09
  356.5000  3.993E-09  1.288E-08  1.750E-08  1.041E-08  1.955E-09
  357.5000  3.568E-09  1.138E-08  1.542E-08  9.218E-09  1.759E-09
  358.5000  2.933E-09  9.253E-09  1.250E-08  7.510E-09  1.456E-09
  359.5000  5.200E-09  1.623E-08  2.187E-08  1.320E-08  2.598E-09
  360.5000  5.080E-09  1.569E-08  2.109E-08  1.278E-08  2.556E-09
  361.5000  4.851E-09  1.483E-08  1.988E-08  1.210E-08  2.456E-09
  362.5000  6.010E-09  1.819E-08  2.431E-08  1.487E-08  3.063E-09
  363.5000  5.623E-09  1.684E-08  2.246E-08  1.379E-08  2.884E-09
  364.5000  6.426E-09  1.906E-08  2.535E-08  1.563E-08  3.316E-09
  365.5000  8.184E-09  2.403E-08  3.189E-08  1.975E-08  4.251E-09
  366.5000  9.106E-09  2.648E-08  3.505E-08  2.180E-08  4.758E-09
  367.5000  9.085E-09  2.617E-08  3.455E-08  2.158E-08  4.776E-09
  368.5000  8.349E-09  2.382E-08  3.138E-08  1.968E-08  4.415E-09
  369.5000  1.047E-08  2.961E-08  3.890E-08  2.450E-08  5.571E-09
  370.5000  9.927E-09  2.780E-08  3.645E-08  2.304E-08  5.311E-09
  371.5000  1.187E-08  3.294E-08  4.308E-08  2.734E-08  6.386E-09
  372.5000  9.155E-09  2.518E-08  3.287E-08  2.094E-08  4.954E-09
  373.5000  8.621E-09  2.350E-08  3.061E-08  1.957E-08  4.691E-09
  374.5000  9.853E-09  2.663E-08  3.460E-08  2.221E-08  5.392E-09
  375.5000  1.159E-08  3.105E-08  4.026E-08  2.594E-08  6.375E-09
  376.5000  1.205E-08  3.202E-08  4.142E-08  2.678E-08  6.665E-09
  377.5000  1.493E-08  3.934E-08  5.078E-08  3.295E-08  8.302E-09
  378.5000  1.691E-08  4.419E-08  5.693E-08  3.707E-08  9.452E-09
  379.5000  1.299E-08  3.368E-08  4.329E-08  2.829E-08  7.299E-09
  380.5000  1.623E-08  4.172E-08  5.352E-08  3.510E-08  9.163E-09
  381.5000  1.583E-08  4.037E-08  5.168E-08  3.401E-08  8.981E-09
  382.5000  1.094E-08  2.768E-08  3.537E-08  2.335E-08  6.237E-09
  383.5000  9.953E-09  2.500E-08  3.188E-08  2.112E-08  5.704E-09
  384.5000  1.547E-08  3.857E-08  4.909E-08  3.263E-08  8.912E-09
  385.5000  1.586E-08  3.922E-08  4.982E-08  3.322E-08  9.174E-09
  386.5000  1.673E-08  4.107E-08  5.207E-08  3.483E-08  9.723E-09
  387.5000  1.608E-08  3.919E-08  4.959E-08  3.328E-08  9.390E-09
  388.5000  1.666E-08  4.031E-08  5.092E-08  3.427E-08  9.773E-09
  389.5000  2.171E-08  5.215E-08  6.576E-08  4.440E-08  1.279E-08
  390.5000  2.202E-08  5.254E-08  6.613E-08  4.479E-08  1.304E-08
  391.5000  2.697E-08  6.390E-08  8.029E-08  5.454E-08  1.604E-08
  392.5000  2.087E-08  4.911E-08  6.159E-08  4.196E-08  1.246E-08
  393.5000  9.356E-09  2.187E-08  2.738E-08  1.871E-08  5.611E-09
  394.5000  2.269E-08  5.267E-08  6.583E-08  4.511E-08  1.367E-08
  395.5000  3.008E-08  6.936E-08  8.655E-08  5.948E-08  1.819E-08
  396.5000  1.819E-08  4.168E-08  5.192E-08  3.579E-08  1.105E-08
  397.5000  2.162E-08  4.922E-08  6.121E-08  4.230E-08  1.318E-08
  398.5000  3.824E-08  8.649E-08  1.074E-07  7.442E-08  2.341E-08
  399.5000  4.091E-08  9.196E-08  1.140E-07  7.922E-08  2.515E-08
  400.5000  4.422E-08  9.878E-08  1.223E-07  8.518E-08  2.729E-08
  401.5000  4.675E-08  1.038E-07  1.282E-07  8.959E-08  2.896E-08
  402.5000  4.985E-08  1.100E-07  1.357E-07  9.507E-08  3.100E-08
  403.5000  4.687E-08  1.028E-07  1.266E-07  8.893E-08  2.925E-08
  404.5000  4.720E-08  1.029E-07  1.266E-07  8.913E-08  2.957E-08
  405.5000  5.032E-08  1.091E-07  1.340E-07  9.457E-08  3.164E-08
  406.5000  4.861E-08  1.048E-07  1.285E-07  9.092E-08  3.068E-08
  407.5000  5.022E-08  1.076E-07  1.318E-07  9.349E-08  3.181E-08
  408.5000  5.728E-08  1.221E-07  1.493E-07  1.061E-07  3.641E-08
  409.5000  5.752E-08  1.219E-07  1.489E-07  1.061E-07  3.669E-08
  410.5000  5.109E-08  1.077E-07  1.313E-07  9.381E-08  3.270E-08
  411.5000  6.290E-08  1.319E-07  1.606E-07  1.150E-07  4.040E-08
  412.5000  6.386E-08  1.331E-07  1.619E-07  1.162E-07  4.115E-08
  413.5000  6.340E-08  1.315E-07  1.597E-07  1.149E-07  4.100E-08
  414.5000  6.665E-08  1.375E-07  1.668E-07  1.203E-07  4.324E-08
  415.5000  6.515E-08  1.337E-07  1.620E-07  1.170E-07  4.240E-08
  416.5000  7.242E-08  1.479E-07  1.789E-07  1.296E-07  4.729E-08
  417.5000  6.763E-08  1.374E-07  1.660E-07  1.205E-07  4.430E-08
  418.5000  6.964E-08  1.408E-07  1.699E-07  1.236E-07  4.576E-08
  419.5000  7.351E-08  1.479E-07  1.782E-07  1.299E-07  4.845E-08
------------------------------------------------------------
Dose rates, W m-2
   1 = UV-B, 280-315 nm                                  
   2 = UV-A, 315-400 nm                                  
   3 = Gaussian, 320 nm, 10 nm FWHM                      
   4 = RB Meter, model 501                               
   5 = DNA damage, in vitro (Setlow, 1974)               
   6 = UV index (WMO, 1994; Webb et al., 2011)           
   7 = Previtamin-D3 (CIE 2006)                          
values at z =      0.000 km
Columns: time, sza, weighting spectra
time, hrs.  sza, deg.          1          2          3          4          5          6          7
   11.0000     98.067  2.929E-16  6.563E-07  1.244E-11  3.321E-11  2.106E-13  7.089E-09  1.361E-13
   11.5000     97.982  1.540E-15  1.700E-06  5.867E-11  1.101E-10  7.443E-13  2.006E-08  6.549E-13
   12.0000     97.959  2.413E-15  2.192E-06  8.804E-11  1.515E-10  1.038E-12  2.650E-08  9.882E-13
   12.5000     98.000  1.094E-15  1.426E-06  4.412E-11  8.830E-11  5.912E-13  1.656E-08  4.900E-13
   13.0000     98.107  1.127E-16  3.721E-07  4.839E-12  1.625E-11  9.812E-14  3.825E-09  5.239E-14
------------------------------------------------------------
