Spectral Irradiance, W m-2 nm-1
values at z =      0.000 km
Columns: wavelength (nm), times (hrs.) or sza (deg.)
    wc, nm     11.000     11.500     12.000     12.500     13.000
    sza =      31.628     29.873     29.165     29.583     31.079
  280.5000  3.185E-19  6.587E-19  8.682E-19  7.385E-19  4.024E-19
  281.5000  2.803E-17  5.432E-17  6.986E-17  6.029E-17  3.468E-17
  282.5000  8.975E-16  1.645E-15  2.072E-15  1.810E-15  1.091E-15
  283.5000  7.729E-15  1.367E-14  1.697E-14  1.495E-14  9.285E-15
  284.5000  2.357E-13  3.902E-13  4.726E-13  4.224E-13  2.772E-13
  285.5000  1.849E-12  2.915E-12  3.466E-12  3.132E-12  2.140E-12
  286.5000  4.062E-11  6.171E-11  7.230E-11  6.588E-11  4.646E-11
  287.5000  4.635E-10  6.752E-10  7.790E-10  7.164E-10  5.231E-10
  288.5000  4.906E-09  6.832E-09  7.749E-09  7.198E-09  5.458E-09
  289.5000  4.600E-08  6.202E-08  6.948E-08  6.298E-08  5.064E-08
  290.5000  2.888E-07  3.789E-07  4.202E-07  3.955E-07  3.152E-07
  291.5000  1.513E-06  1.924E-06  2.109E-06  1.999E-06  1.634E-06
  292.5000  5.484E-06  6.804E-06  7.387E-06  7.039E-06  5.878E-06
  293.5000  2.325E-05  2.817E-05  3.031E-05  2.904E-05  2.473E-05
  294.5000  5.968E-05  7.098E-05  7.582E-05  7.294E-05  6.310E-05
  295.5000  2.062E-04  2.405E-04  2.550E-04  2.464E-04  2.167E-04
  296.5000  4.690E-04  5.381E-04  5.670E-04  5.499E-04  4.902E-04
  297.5000  1.134E-03  1.282E-03  1.344E-03  1.308E-03  1.180E-03
  298.5000  1.645E-03  1.838E-03  1.917E-03  1.870E-03  1.704E-03
  299.5000  4.413E-03  4.875E-03  5.064E-03  4.953E-03  4.557E-03
  300.5000  4.768E-03  5.222E-03  5.406E-03  5.297E-03  4.910E-03
  301.5000  1.104E-02  1.198E-02  1.236E-02  1.214E-02  1.134E-02
  302.5000  1.523E-02  1.643E-02  1.690E-02  1.662E-02  1.561E-02
  303.5000  2.931E-02  3.137E-02  3.219E-02  3.171E-02  2.995E-02
  304.5000  3.438E-02  3.665E-02  3.755E-02  3.702E-02  3.509E-02
  305.5000  5.040E-02  5.339E-02  5.457E-02  5.387E-02  5.134E-02
  306.5000  5.508E-02  5.818E-02  5.941E-02  5.869E-02  5.606E-02
  307.5000  8.658E-02  9.099E-02  9.273E-02  9.171E-02  8.798E-02
  308.5000  1.002E-01  1.051E-01  1.071E-01  1.059E-01  1.018E-01
  309.5000  9.351E-02  9.774E-02  9.941E-02  9.843E-02  9.485E-02
  310.5000  1.326E-01  1.383E-01  1.405E-01  1.387E-01  1.344E-01
  311.5000  1.753E-01  1.825E-01  1.853E-01  1.837E-01  1.776E-01
  312.5000  1.793E-01  1.861E-01  1.888E-01  1.872E-01  1.815E-01
  313.5000  2.058E-01  2.134E-01  2.164E-01  2.147E-01  2.082E-01
  314.5000  2.140E-01  2.214E-01  2.244E-01  2.226E-01  2.164E-01
  315.5000  2.226E-01  2.302E-01  2.332E-01  2.314E-01  2.250E-01
  316.5000  2.285E-01  2.359E-01  2.388E-01  2.371E-01  2.309E-01
  317.5000  3.234E-01  3.338E-01  3.379E-01  3.355E-01  3.267E-01
  318.5000  2.615E-01  2.695E-01  2.726E-01  2.708E-01  2.641E-01
  319.5000  3.209E-01  3.305E-01  3.343E-01  3.321E-01  3.239E-01
  320.5000  3.920E-01  4.046E-01  4.092E-01  4.065E-01  3.967E-01
  321.5000  3.420E-01  3.516E-01  3.554E-01  3.532E-01  3.451E-01
  322.5000  3.380E-01  3.479E-01  3.518E-01  3.495E-01  3.412E-01
  323.5000  3.586E-01  3.684E-01  3.722E-01  3.699E-01  3.617E-01
  324.5000  4.205E-01  4.318E-01  4.364E-01  4.338E-01  4.241E-01
  325.5000  4.696E-01  4.825E-01  4.876E-01  4.846E-01  4.737E-01
  326.5000  5.791E-01  5.943E-01  6.002E-01  5.968E-01  5.840E-01
  327.5000  5.362E-01  5.505E-01  5.561E-01  5.528E-01  5.408E-01
  328.5000  4.952E-01  5.084E-01  5.135E-01  5.105E-01  4.994E-01
  329.5000  6.505E-01  6.672E-01  6.737E-01  6.698E-01  6.558E-01
  330.5000  5.883E-01  6.036E-01  6.095E-01  6.060E-01  5.932E-01
  331.5000  5.807E-01  5.958E-01  6.017E-01  5.983E-01  5.855E-01
  332.5000  5.772E-01  5.918E-01  5.974E-01  5.941E-01  5.818E-01
  333.5000  5.403E-01  5.540E-01  5.594E-01  5.563E-01  5.447E-01
  334.5000  6.049E-01  6.201E-01  6.261E-01  6.226E-01  6.097E-01
  335.5000  6.157E-01  6.310E-01  6.370E-01  6.335E-01  6.206E-01
  336.5000  4.808E-01  4.927E-01  4.974E-01  4.947E-01  4.846E-01
  337.5000  5.262E-01  5.394E-01  5.446E-01  5.415E-01  5.304E-01
  338.5000  5.578E-01  5.716E-01  5.770E-01  5.738E-01  5.622E-01
  339.5000  6.067E-01  6.216E-01  6.275E-01  6.241E-01  6.114E-01
  340.5000  6.476E-01  6.636E-01  6.699E-01  6.662E-01  6.527E-01
  341.5000  5.764E-01  5.905E-01  5.960E-01  5.928E-01  5.809E-01
  342.5000  6.387E-01  6.543E-01  6.604E-01  6.569E-01  6.437E-01
  343.5000  6.629E-01  6.792E-01  6.855E-01  6.818E-01  6.681E-01
  344.5000  4.642E-01  4.756E-01  4.801E-01  4.775E-01  4.679E-01
  345.5000  6.373E-01  6.528E-01  6.588E-01  6.553E-01  6.422E-01
  346.5000  5.954E-01  6.099E-01  6.156E-01  6.122E-01  6.000E-01
  347.5000  5.818E-01  5.959E-01  6.014E-01  5.982E-01  5.863E-01
  348.5000  6.396E-01  6.551E-01  6.611E-01  6.576E-01  6.445E-01
  349.5000  5.359E-01  5.489E-01  5.540E-01  5.510E-01  5.400E-01
  350.5000  7.503E-01  7.685E-01  7.755E-01  7.714E-01  7.561E-01
  351.5000  6.465E-01  6.621E-01  6.682E-01  6.646E-01  6.515E-01
  352.5000  5.831E-01  5.971E-01  6.026E-01  5.994E-01  5.875E-01
  353.5000  7.020E-01  7.188E-01  7.254E-01  7.215E-01  7.073E-01
  354.5000  7.598E-01  7.780E-01  7.851E-01  7.809E-01  7.655E-01
  355.5000  7.099E-01  7.269E-01  7.336E-01  7.297E-01  7.153E-01
  356.5000  6.587E-01  6.745E-01  6.806E-01  6.770E-01  6.637E-01
  357.5000  5.601E-01  5.734E-01  5.786E-01  5.756E-01  5.643E-01
  358.5000  4.322E-01  4.424E-01  4.465E-01  4.441E-01  4.354E-01
  359.5000  7.272E-01  7.445E-01  7.512E-01  7.473E-01  7.327E-01
  360.5000  6.740E-01  6.900E-01  6.962E-01  6.925E-01  6.790E-01
  361.5000  6.076E-01  6.220E-01  6.276E-01  6.243E-01  6.121E-01
  362.5000  7.134E-01  7.303E-01  7.369E-01  7.330E-01  7.188E-01
  363.5000  6.345E-01  6.495E-01  6.554E-01  6.519E-01  6.393E-01
  364.5000  6.921E-01  7.084E-01  7.148E-01  7.110E-01  6.973E-01
  365.5000  8.432E-01  8.630E-01  8.708E-01  8.662E-01  8.495E-01
  366.5000  8.922E-01  9.132E-01  9.214E-01  9.166E-01  8.989E-01
  367.5000  8.471E-01  8.670E-01  8.747E-01  8.702E-01  8.534E-01
  368.5000  7.440E-01  7.615E-01  7.683E-01  7.643E-01  7.496E-01
  369.5000  8.923E-01  9.132E-01  9.214E-01  9.166E-01  8.990E-01
  370.5000  8.095E-01  8.284E-01  8.358E-01  8.315E-01  8.155E-01
  371.5000  9.261E-01  9.477E-01  9.561E-01  9.512E-01  9.330E-01
  372.5000  6.840E-01  6.999E-01  7.061E-01  7.025E-01  6.890E-01
  373.5000  6.181E-01  6.325E-01  6.382E-01  6.349E-01  6.227E-01
  374.5000  6.783E-01  6.941E-01  7.003E-01  6.967E-01  6.834E-01
  375.5000  7.653E-01  7.830E-01  7.900E-01  7.859E-01  7.709E-01
  376.5000  7.641E-01  7.818E-01  7.887E-01  7.847E-01  7.697E-01
  377.5000  9.098E-01  9.308E-01  9.390E-01  9.342E-01  9.165E-01
  378.5000  9.914E-01  1.014E+00  1.023E+00  1.018E+00  9.987E-01
  379.5000  7.334E-01  7.504E-01  7.570E-01  7.531E-01  7.388E-01
  380.5000  8.819E-01  9.023E-01  9.102E-01  9.055E-01  8.884E-01
  381.5000  8.286E-01  8.477E-01  8.552E-01  8.508E-01  8.347E-01
  382.5000  5.521E-01  5.648E-01  5.697E-01  5.668E-01  5.561E-01
  383.5000  4.847E-01  4.959E-01  5.002E-01  4.977E-01  4.883E-01
  384.5000  7.274E-01  7.441E-01  7.506E-01  7.467E-01  7.327E-01
  385.5000  7.196E-01  7.360E-01  7.425E-01  7.387E-01  7.248E-01
  386.5000  7.334E-01  7.502E-01  7.567E-01  7.529E-01  7.387E-01
  387.5000  6.815E-01  6.971E-01  7.032E-01  6.996E-01  6.865E-01
  388.5000  6.830E-01  6.986E-01  7.047E-01  7.011E-01  6.880E-01
  389.5000  8.613E-01  8.809E-01  8.886E-01  8.841E-01  8.675E-01
  390.5000  8.459E-01  8.652E-01  8.727E-01  8.683E-01  8.520E-01
  391.5000  1.003E+00  1.026E+00  1.035E+00  1.030E+00  1.011E+00
  392.5000  7.524E-01  7.695E-01  7.762E-01  7.723E-01  7.578E-01
  393.5000  3.271E-01  3.345E-01  3.374E-01  3.357E-01  3.294E-01
  394.5000  7.696E-01  7.870E-01  7.938E-01  7.898E-01  7.751E-01
  395.5000  9.901E-01  1.013E+00  1.021E+00  1.016E+00  9.972E-01
  396.5000  5.814E-01  5.945E-01  5.996E-01  5.966E-01  5.855E-01
  397.5000  6.708E-01  6.860E-01  6.919E-01  6.884E-01  6.756E-01
  398.5000  1.153E+00  1.179E+00  1.189E+00  1.183E+00  1.161E+00
  399.5000  1.199E+00  1.226E+00  1.236E+00  1.230E+00  1.207E+00
  400.5000  1.260E+00  1.289E+00  1.300E+00  1.293E+00  1.269E+00
  401.5000  1.297E+00  1.326E+00  1.337E+00  1.330E+00  1.306E+00
  402.5000  1.346E+00  1.376E+00  1.388E+00  1.381E+00  1.356E+00
  403.5000  1.232E+00  1.259E+00  1.270E+00  1.264E+00  1.241E+00
  404.5000  1.208E+00  1.235E+00  1.246E+00  1.240E+00  1.217E+00
  405.5000  1.255E+00  1.283E+00  1.294E+00  1.288E+00  1.264E+00
  406.5000  1.182E+00  1.208E+00  1.219E+00  1.213E+00  1.190E+00
  407.5000  1.192E+00  1.218E+00  1.229E+00  1.222E+00  1.200E+00
  408.5000  1.327E+00  1.357E+00  1.368E+00  1.361E+00  1.336E+00
  409.5000  1.301E+00  1.330E+00  1.341E+00  1.335E+00  1.310E+00
  410.5000  1.128E+00  1.153E+00  1.163E+00  1.157E+00  1.136E+00
  411.5000  1.356E+00  1.386E+00  1.398E+00  1.391E+00  1.365E+00
  412.5000  1.344E+00  1.374E+00  1.385E+00  1.378E+00  1.353E+00
  413.5000  1.303E+00  1.332E+00  1.343E+00  1.337E+00  1.312E+00
  414.5000  1.339E+00  1.369E+00  1.381E+00  1.374E+00  1.349E+00
  415.5000  1.281E+00  1.309E+00  1.320E+00  1.314E+00  1.290E+00
  416.5000  1.394E+00  1.425E+00  1.437E+00  1.430E+00  1.404E+00
  417.5000  1.274E+00  1.303E+00  1.314E+00  1.307E+00  1.283E+00
  418.5000  1.284E+00  1.313E+00  1.324E+00  1.317E+00  1.293E+00
  419.5000  1.327E+00  1.356E+00  1.367E+00  1.361E+00  1.336E+00
------------------------------------------------------------
Dose rates, W m-2
   1 = UV-B, 280-315 nm                                  
   2 = UV-A, 315-400 nm                                  
   3 = Gaussian, 320 nm, 10 nm FWHM                      
   4 = RB Meter, model 501                               
   5 = DNA damage, in vitro (Setlow, 1974)               
   6 = UV index (WMO, 1994; Webb et al., 2011)           
   7 = Previtamin-D3 (CIE 2006)                          
values at z =      0.000 km
Columns: time, sza, weighting spectra
time, hrs.  sza, deg.          1          2          3          4          5          6          7
   11.0000     31.628  1.396E+00  5.499E+01  3.311E-01  3.947E-01  3.514E-03  7.341E+00  3.479E-01
   11.5000     29.873  1.458E+00  5.632E+01  3.411E-01  4.133E-01  3.746E-03  7.692E+00  3.665E-01
   12.0000     29.165  1.482E+00  5.684E+01  3.449E-01  4.206E-01  3.839E-03  7.832E+00  3.739E-01
   12.5000     29.583  1.467E+00  5.653E+01  3.427E-01  4.162E-01  3.784E-03  7.749E+00  3.695E-01
   13.0000     31.079  1.415E+00  5.542E+01  3.344E-01  4.005E-01  3.586E-03  7.452E+00  3.537E-01
------------------------------------------------------------
