Spectral Irradiance, W m-2 nm-1
values at z =      0.000 km
Columns: wavelength (nm), times (hrs.) or sza (deg.)
    wc, nm     11.000     11.500     12.000     12.500     13.000
    sza =      90.997     90.430     90.208     90.335     90.808
  280.5000  1.421E-26  1.728E-26  1.885E-26  1.792E-26  1.511E-26
  281.5000  2.876E-24  3.494E-24  3.809E-24  3.623E-24  3.057E-24
  282.5000  1.886E-22  2.289E-22  2.494E-22  2.373E-22  2.004E-22
  283.5000  2.575E-21  3.124E-21  3.403E-21  3.238E-21  2.736E-21
  284.5000  1.855E-19  2.247E-19  2.447E-19  2.329E-19  1.970E-19
  285.5000  2.752E-18  3.332E-18  3.624E-18  3.450E-18  2.921E-18
  286.5000  9.864E-17  1.193E-16  1.298E-16  1.236E-16  1.047E-16
  287.5000  1.949E-15  2.354E-15  2.561E-15  2.439E-15  2.068E-15
  288.5000  3.782E-14  4.561E-14  4.959E-14  4.724E-14  4.010E-14
  289.5000  5.479E-13  6.602E-13  7.176E-13  6.837E-13  5.808E-13
  290.5000  4.969E-12  5.983E-12  6.502E-12  6.195E-12  5.266E-12
  291.5000  3.976E-11  4.783E-11  5.197E-11  4.952E-11  4.213E-11
  292.5000  2.050E-10  2.464E-10  2.677E-10  2.551E-10  2.171E-10
  293.5000  1.217E-09  1.462E-09  1.588E-09  1.513E-09  1.288E-09
  294.5000  4.085E-09  4.907E-09  5.331E-09  5.081E-09  4.325E-09
  295.5000  1.890E-08  2.271E-08  2.467E-08  2.351E-08  2.001E-08
  296.5000  5.519E-08  6.634E-08  7.209E-08  6.869E-08  5.844E-08
  297.5000  1.671E-07  2.010E-07  2.185E-07  2.082E-07  1.770E-07
  298.5000  2.951E-07  3.554E-07  3.865E-07  3.681E-07  3.126E-07
  299.5000  9.591E-07  1.156E-06  1.259E-06  1.198E-06  1.016E-06
  300.5000  1.210E-06  1.461E-06  1.592E-06  1.515E-06  1.283E-06
  301.5000  3.347E-06  4.052E-06  4.418E-06  4.202E-06  3.552E-06
  302.5000  5.220E-06  6.333E-06  6.911E-06  6.569E-06  5.543E-06
  303.5000  1.175E-05  1.431E-05  1.563E-05  1.485E-05  1.249E-05
  304.5000  1.518E-05  1.852E-05  2.026E-05  1.923E-05  1.615E-05
  305.5000  2.606E-05  3.194E-05  3.500E-05  3.319E-05  2.776E-05
  306.5000  3.059E-05  3.758E-05  4.123E-05  3.907E-05  3.261E-05
  307.5000  5.613E-05  6.940E-05  7.633E-05  7.223E-05  5.996E-05
  308.5000  6.938E-05  8.603E-05  9.473E-05  8.959E-05  7.418E-05
  309.5000  7.336E-05  9.156E-05  1.011E-04  9.545E-05  7.860E-05
  310.5000  1.155E-04  1.450E-04  1.604E-04  1.513E-04  1.240E-04
  311.5000  1.642E-04  2.071E-04  2.295E-04  2.162E-04  1.765E-04
  312.5000  1.971E-04  2.511E-04  2.793E-04  2.627E-04  2.126E-04
  313.5000  2.361E-04  3.016E-04  3.358E-04  3.156E-04  2.549E-04
  314.5000  2.939E-04  3.801E-04  4.254E-04  3.986E-04  3.186E-04
  315.5000  3.173E-04  4.110E-04  4.603E-04  4.311E-04  3.442E-04
  316.5000  3.935E-04  5.164E-04  5.812E-04  5.429E-04  4.287E-04
  317.5000  5.574E-04  7.309E-04  8.224E-04  7.682E-04  6.070E-04
  318.5000  5.659E-04  7.529E-04  8.518E-04  7.933E-04  6.193E-04
  319.5000  7.323E-04  9.764E-04  1.106E-03  1.029E-03  8.020E-04
  320.5000  9.546E-04  1.278E-03  1.448E-03  1.347E-03  1.047E-03
  321.5000  1.156E-03  1.564E-03  1.779E-03  1.652E-03  1.273E-03
  322.5000  8.728E-04  1.171E-03  1.329E-03  1.235E-03  9.578E-04
  323.5000  1.449E-03  1.965E-03  2.236E-03  2.076E-03  1.597E-03
  324.5000  1.665E-03  2.256E-03  2.568E-03  2.383E-03  1.834E-03
  325.5000  1.728E-03  2.342E-03  2.666E-03  2.474E-03  1.904E-03
  326.5000  3.181E-03  4.289E-03  4.870E-03  4.526E-03  3.499E-03
  327.5000  2.555E-03  3.456E-03  3.930E-03  3.650E-03  2.813E-03
  328.5000  2.356E-03  3.191E-03  3.630E-03  3.370E-03  2.596E-03
  329.5000  4.393E-03  5.872E-03  6.647E-03  6.188E-03  4.818E-03
  330.5000  3.403E-03  4.581E-03  5.200E-03  4.834E-03  3.742E-03
  331.5000  3.251E-03  4.384E-03  4.979E-03  4.627E-03  3.576E-03
  332.5000  4.248E-03  5.652E-03  6.389E-03  5.953E-03  4.652E-03
  333.5000  3.516E-03  4.711E-03  5.338E-03  4.967E-03  3.859E-03
  334.5000  4.186E-03  5.591E-03  6.329E-03  5.893E-03  4.590E-03
  335.5000  4.910E-03  6.503E-03  7.339E-03  6.844E-03  5.368E-03
  336.5000  3.674E-03  4.880E-03  5.512E-03  5.138E-03  4.020E-03
  337.5000  3.638E-03  4.862E-03  5.505E-03  5.125E-03  3.990E-03
  338.5000  4.485E-03  5.939E-03  6.702E-03  6.250E-03  4.903E-03
  339.5000  4.982E-03  6.588E-03  7.432E-03  6.933E-03  5.443E-03
  340.5000  5.023E-03  6.669E-03  7.534E-03  7.022E-03  5.496E-03
  341.5000  4.847E-03  6.401E-03  7.217E-03  6.734E-03  5.294E-03
  342.5000  5.454E-03  7.195E-03  8.110E-03  7.569E-03  5.954E-03
  343.5000  5.504E-03  7.277E-03  8.208E-03  7.657E-03  6.014E-03
  344.5000  3.736E-03  4.952E-03  5.590E-03  5.212E-03  4.086E-03
  345.5000  5.564E-03  7.331E-03  8.259E-03  7.709E-03  6.072E-03
  346.5000  4.947E-03  6.544E-03  7.382E-03  6.886E-03  5.406E-03
  347.5000  4.863E-03  6.431E-03  7.254E-03  6.767E-03  5.314E-03
  348.5000  5.445E-03  7.191E-03  8.108E-03  7.565E-03  5.947E-03
  349.5000  4.553E-03  6.014E-03  6.782E-03  6.328E-03  4.973E-03
  350.5000  6.402E-03  8.457E-03  9.536E-03  8.897E-03  6.993E-03
  351.5000  5.480E-03  7.243E-03  8.169E-03  7.621E-03  5.987E-03
  352.5000  4.973E-03  6.571E-03  7.411E-03  6.914E-03  5.433E-03
  353.5000  6.045E-03  7.983E-03  9.000E-03  8.398E-03  6.602E-03
  354.5000  6.596E-03  8.706E-03  9.814E-03  9.159E-03  7.203E-03
  355.5000  6.170E-03  8.145E-03  9.181E-03  8.568E-03  6.738E-03
  356.5000  5.723E-03  7.556E-03  8.518E-03  7.949E-03  6.250E-03
  357.5000  4.859E-03  6.417E-03  7.235E-03  6.751E-03  5.307E-03
  358.5000  3.766E-03  4.972E-03  5.605E-03  5.230E-03  4.112E-03
  359.5000  6.338E-03  8.370E-03  9.436E-03  8.805E-03  6.922E-03
  360.5000  5.879E-03  7.764E-03  8.753E-03  8.167E-03  6.421E-03
  361.5000  5.316E-03  7.020E-03  7.914E-03  7.384E-03  5.806E-03
  362.5000  6.254E-03  8.258E-03  9.309E-03  8.688E-03  6.830E-03
  363.5000  5.568E-03  7.352E-03  8.288E-03  7.735E-03  6.080E-03
  364.5000  6.070E-03  8.017E-03  9.039E-03  8.435E-03  6.629E-03
  365.5000  7.388E-03  9.759E-03  1.100E-02  1.027E-02  8.069E-03
  366.5000  7.831E-03  1.035E-02  1.166E-02  1.088E-02  8.553E-03
  367.5000  7.447E-03  9.838E-03  1.109E-02  1.035E-02  8.134E-03
  368.5000  6.543E-03  8.645E-03  9.747E-03  9.096E-03  7.147E-03
  369.5000  7.850E-03  1.037E-02  1.170E-02  1.091E-02  8.575E-03
  370.5000  7.123E-03  9.413E-03  1.061E-02  9.904E-03  7.781E-03
  371.5000  8.153E-03  1.078E-02  1.215E-02  1.134E-02  8.907E-03
  372.5000  6.026E-03  7.965E-03  8.982E-03  8.381E-03  6.583E-03
  373.5000  5.445E-03  7.199E-03  8.118E-03  7.575E-03  5.949E-03
  374.5000  5.975E-03  7.901E-03  8.911E-03  8.314E-03  6.529E-03
  375.5000  6.746E-03  8.920E-03  1.006E-02  9.387E-03  7.371E-03
  376.5000  6.739E-03  8.912E-03  1.005E-02  9.378E-03  7.363E-03
  377.5000  8.027E-03  1.062E-02  1.197E-02  1.117E-02  8.771E-03
  378.5000  8.749E-03  1.157E-02  1.305E-02  1.218E-02  9.561E-03
  379.5000  6.472E-03  8.563E-03  9.658E-03  9.011E-03  7.073E-03
  380.5000  7.786E-03  1.030E-02  1.162E-02  1.084E-02  8.509E-03
  381.5000  7.318E-03  9.684E-03  1.092E-02  1.019E-02  7.998E-03
  382.5000  4.877E-03  6.455E-03  7.281E-03  6.793E-03  5.330E-03
  383.5000  4.283E-03  5.669E-03  6.395E-03  5.966E-03  4.681E-03
  384.5000  6.428E-03  8.511E-03  9.600E-03  8.956E-03  7.027E-03
  385.5000  6.361E-03  8.423E-03  9.501E-03  8.864E-03  6.954E-03
  386.5000  6.485E-03  8.588E-03  9.688E-03  9.038E-03  7.090E-03
  387.5000  6.028E-03  7.984E-03  9.006E-03  8.402E-03  6.590E-03
  388.5000  6.043E-03  8.004E-03  9.030E-03  8.424E-03  6.606E-03
  389.5000  7.621E-03  1.010E-02  1.139E-02  1.063E-02  8.333E-03
  390.5000  7.487E-03  9.920E-03  1.119E-02  1.044E-02  8.187E-03
  391.5000  8.885E-03  1.177E-02  1.328E-02  1.239E-02  9.715E-03
  392.5000  6.663E-03  8.831E-03  9.963E-03  9.294E-03  7.287E-03
  393.5000  2.897E-03  3.840E-03  4.333E-03  4.042E-03  3.168E-03
  394.5000  6.818E-03  9.038E-03  1.020E-02  9.512E-03  7.456E-03
  395.5000  8.773E-03  1.163E-02  1.312E-02  1.224E-02  9.595E-03
  396.5000  5.153E-03  6.832E-03  7.709E-03  7.191E-03  5.636E-03
  397.5000  5.948E-03  7.888E-03  8.900E-03  8.302E-03  6.506E-03
  398.5000  1.022E-02  1.356E-02  1.530E-02  1.427E-02  1.118E-02
  399.5000  1.064E-02  1.411E-02  1.592E-02  1.485E-02  1.163E-02
  400.5000  1.118E-02  1.483E-02  1.674E-02  1.561E-02  1.223E-02
  401.5000  1.151E-02  1.527E-02  1.723E-02  1.607E-02  1.259E-02
  402.5000  1.195E-02  1.585E-02  1.789E-02  1.669E-02  1.307E-02
  403.5000  1.094E-02  1.451E-02  1.638E-02  1.528E-02  1.197E-02
  404.5000  1.073E-02  1.424E-02  1.607E-02  1.499E-02  1.174E-02
  405.5000  1.115E-02  1.480E-02  1.670E-02  1.558E-02  1.220E-02
  406.5000  1.050E-02  1.394E-02  1.574E-02  1.468E-02  1.149E-02
  407.5000  1.059E-02  1.406E-02  1.587E-02  1.480E-02  1.159E-02
  408.5000  1.179E-02  1.566E-02  1.767E-02  1.648E-02  1.290E-02
  409.5000  1.156E-02  1.535E-02  1.733E-02  1.616E-02  1.265E-02
  410.5000  1.002E-02  1.332E-02  1.503E-02  1.402E-02  1.097E-02
  411.5000  1.205E-02  1.601E-02  1.807E-02  1.686E-02  1.319E-02
  412.5000  1.195E-02  1.588E-02  1.792E-02  1.672E-02  1.309E-02
  413.5000  1.160E-02  1.541E-02  1.739E-02  1.622E-02  1.270E-02
  414.5000  1.192E-02  1.584E-02  1.788E-02  1.668E-02  1.305E-02
  415.5000  1.140E-02  1.516E-02  1.711E-02  1.595E-02  1.248E-02
  416.5000  1.241E-02  1.649E-02  1.862E-02  1.736E-02  1.359E-02
  417.5000  1.134E-02  1.508E-02  1.702E-02  1.588E-02  1.242E-02
  418.5000  1.144E-02  1.520E-02  1.716E-02  1.601E-02  1.252E-02
  419.5000  1.182E-02  1.571E-02  1.774E-02  1.654E-02  1.294E-02
------------------------------------------------------------
Dose rates, W m-2
   1 = UV-B, 280-315 nm                                  
   2 = UV-A, 315-400 nm                                  
   3 = Gaussian, 320 nm, 10 nm FWHM                      
   4 = RB Meter, model 501                               
   5 = DNA damage, in vitro (Setlow, 1974)               
   6 = UV index (WMO, 1994; Webb et al., 2011)           
   7 = Previtamin-D3 (CIE 2006)                          
values at z =      0.000 km
Columns: time, sza, weighting spectra
time, hrs.  sza, deg.          1          2          3          4          5          6          7
   11.0000     90.997  1.301E-03  4.418E-01  9.873E-04  5.148E-04  2.800E-06  1.492E-02  2.650E-04
   11.5000     90.430  1.648E-03  5.852E-01  1.325E-03  6.687E-04  3.570E-06  1.955E-02  3.340E-04
   12.0000     90.208  1.830E-03  6.604E-01  1.503E-03  7.495E-04  3.973E-06  2.199E-02  3.701E-04
   12.5000     90.335  1.722E-03  6.160E-01  1.397E-03  7.017E-04  3.734E-06  2.055E-02  3.488E-04
   13.0000     90.808  1.400E-03  4.830E-01  1.084E-03  5.589E-04  3.021E-06  1.625E-02  2.849E-04
------------------------------------------------------------
