Spectral Irradiance, W m-2 nm-1
values at z =      0.000 km
Columns: wavelength (nm), times (hrs.) or sza (deg.)
    wc, nm     11.000     11.500     12.000     12.500     13.000
    sza =      78.177     77.295     76.950     77.149     77.886
  280.5000  6.067E-29  6.456E-29  6.613E-29  6.522E-29  6.193E-29
  281.5000  2.394E-26  2.549E-26  2.612E-26  2.576E-26  2.444E-26
  282.5000  2.788E-24  2.971E-24  3.046E-24  3.003E-24  2.848E-24
  283.5000  5.531E-23  5.897E-23  6.046E-23  5.960E-23  5.649E-23
  284.5000  7.876E-21  8.408E-21  8.624E-21  8.499E-21  8.048E-21
  285.5000  1.938E-19  2.071E-19  2.125E-19  2.094E-19  1.981E-19
  286.5000  1.026E-17  1.098E-17  1.127E-17  1.110E-17  1.049E-17
  287.5000  3.133E-16  3.357E-16  3.448E-16  3.395E-16  3.205E-16
  288.5000  9.785E-15  1.050E-14  1.080E-14  1.063E-14  1.002E-14
  289.5000  2.000E-13  2.151E-13  2.213E-13  2.177E-13  2.049E-13
  290.5000  2.430E-12  2.618E-12  2.695E-12  2.650E-12  2.490E-12
  291.5000  2.722E-11  2.940E-11  3.030E-11  2.978E-11  2.792E-11
  292.5000  1.858E-10  2.012E-10  2.076E-10  2.039E-10  1.907E-10
  293.5000  1.446E-09  1.571E-09  1.623E-09  1.593E-09  1.486E-09
  294.5000  6.038E-09  6.579E-09  6.805E-09  6.674E-09  6.211E-09
  295.5000  3.553E-08  3.887E-08  4.027E-08  3.945E-08  3.660E-08
  296.5000  1.279E-07  1.405E-07  1.458E-07  1.427E-07  1.319E-07
  297.5000  4.704E-07  5.192E-07  5.400E-07  5.279E-07  4.858E-07
  298.5000  9.895E-07  1.099E-06  1.146E-06  1.119E-06  1.024E-06
  299.5000  3.852E-06  4.316E-06  4.519E-06  4.401E-06  3.997E-06
  300.5000  5.668E-06  6.414E-06  6.747E-06  6.552E-06  5.899E-06
  301.5000  1.900E-05  2.185E-05  2.315E-05  2.239E-05  1.988E-05
  302.5000  3.432E-05  4.003E-05  4.265E-05  4.111E-05  3.606E-05
  303.5000  9.509E-05  1.131E-04  1.214E-04  1.165E-04  1.005E-04
  304.5000  1.413E-04  1.699E-04  1.831E-04  1.754E-04  1.500E-04
  305.5000  3.105E-04  3.790E-04  4.103E-04  3.920E-04  3.314E-04
  306.5000  4.105E-04  5.033E-04  5.453E-04  5.207E-04  4.388E-04
  307.5000  9.751E-04  1.198E-03  1.298E-03  1.240E-03  1.044E-03
  308.5000  1.336E-03  1.639E-03  1.774E-03  1.695E-03  1.430E-03
  309.5000  1.705E-03  2.080E-03  2.244E-03  2.149E-03  1.822E-03
  310.5000  3.065E-03  3.712E-03  3.991E-03  3.828E-03  3.267E-03
  311.5000  4.756E-03  5.726E-03  6.142E-03  5.900E-03  5.061E-03
  312.5000  6.576E-03  7.812E-03  8.334E-03  8.030E-03  6.968E-03
  313.5000  8.100E-03  9.589E-03  1.022E-02  9.852E-03  8.572E-03
  314.5000  1.104E-02  1.288E-02  1.365E-02  1.320E-02  1.163E-02
  315.5000  1.199E-02  1.396E-02  1.478E-02  1.431E-02  1.262E-02
  316.5000  1.527E-02  1.756E-02  1.850E-02  1.795E-02  1.601E-02
  317.5000  2.162E-02  2.485E-02  2.618E-02  2.541E-02  2.266E-02
  318.5000  2.138E-02  2.427E-02  2.545E-02  2.477E-02  2.231E-02
  319.5000  2.725E-02  3.086E-02  3.234E-02  3.148E-02  2.842E-02
  320.5000  3.497E-02  3.949E-02  4.133E-02  4.027E-02  3.643E-02
  321.5000  3.669E-02  4.093E-02  4.263E-02  4.165E-02  3.806E-02
  322.5000  3.139E-02  3.536E-02  3.697E-02  3.604E-02  3.268E-02
  323.5000  4.185E-02  4.642E-02  4.826E-02  4.720E-02  4.333E-02
  324.5000  4.866E-02  5.401E-02  5.617E-02  5.493E-02  5.040E-02
  325.5000  5.277E-02  5.871E-02  6.110E-02  5.972E-02  5.470E-02
  326.5000  7.604E-02  8.369E-02  8.676E-02  8.499E-02  7.853E-02
  327.5000  6.699E-02  7.400E-02  7.682E-02  7.519E-02  6.927E-02
  328.5000  6.202E-02  6.851E-02  7.112E-02  6.962E-02  6.413E-02
  329.5000  9.149E-02  1.003E-01  1.038E-01  1.017E-01  9.434E-02
  330.5000  7.892E-02  8.678E-02  8.993E-02  8.811E-02  8.148E-02
  331.5000  7.721E-02  8.497E-02  8.808E-02  8.628E-02  7.974E-02
  332.5000  8.349E-02  9.134E-02  9.448E-02  9.266E-02  8.604E-02
  333.5000  7.546E-02  8.277E-02  8.570E-02  8.401E-02  7.784E-02
  334.5000  8.614E-02  9.436E-02  9.766E-02  9.576E-02  8.881E-02
  335.5000  9.133E-02  9.978E-02  1.032E-01  1.012E-01  9.408E-02
  336.5000  7.055E-02  7.715E-02  7.979E-02  7.826E-02  7.270E-02
  337.5000  7.516E-02  8.235E-02  8.524E-02  8.357E-02  7.750E-02
  338.5000  8.317E-02  9.086E-02  9.394E-02  9.216E-02  8.568E-02
  339.5000  9.107E-02  9.945E-02  1.028E-01  1.009E-01  9.380E-02
  340.5000  9.583E-02  1.048E-01  1.084E-01  1.063E-01  9.874E-02
  341.5000  8.723E-02  9.523E-02  9.844E-02  9.659E-02  8.984E-02
  342.5000  9.714E-02  1.060E-01  1.096E-01  1.075E-01  1.000E-01
  343.5000  1.002E-01  1.094E-01  1.131E-01  1.110E-01  1.032E-01
  344.5000  6.967E-02  7.614E-02  7.873E-02  7.724E-02  7.178E-02
  345.5000  9.775E-02  1.067E-01  1.103E-01  1.082E-01  1.007E-01
  346.5000  9.029E-02  9.863E-02  1.020E-01  1.000E-01  9.300E-02
  347.5000  8.845E-02  9.662E-02  9.989E-02  9.800E-02  9.111E-02
  348.5000  9.780E-02  1.068E-01  1.104E-01  1.083E-01  1.007E-01
  349.5000  8.199E-02  8.954E-02  9.257E-02  9.082E-02  8.445E-02
  350.5000  1.150E-01  1.256E-01  1.299E-01  1.274E-01  1.185E-01
  351.5000  9.907E-02  1.082E-01  1.119E-01  1.098E-01  1.020E-01
  352.5000  8.958E-02  9.785E-02  1.012E-01  9.925E-02  9.227E-02
  353.5000  1.082E-01  1.182E-01  1.222E-01  1.199E-01  1.115E-01
  354.5000  1.175E-01  1.283E-01  1.326E-01  1.301E-01  1.210E-01
  355.5000  1.099E-01  1.201E-01  1.241E-01  1.218E-01  1.132E-01
  356.5000  1.021E-01  1.115E-01  1.153E-01  1.131E-01  1.052E-01
  357.5000  8.688E-02  9.491E-02  9.812E-02  9.626E-02  8.950E-02
  358.5000  6.718E-02  7.339E-02  7.587E-02  7.444E-02  6.921E-02
  359.5000  1.132E-01  1.237E-01  1.278E-01  1.254E-01  1.166E-01
  360.5000  1.050E-01  1.148E-01  1.186E-01  1.164E-01  1.082E-01
  361.5000  9.487E-02  1.036E-01  1.072E-01  1.051E-01  9.773E-02
  362.5000  1.116E-01  1.219E-01  1.260E-01  1.236E-01  1.149E-01
  363.5000  9.937E-02  1.086E-01  1.123E-01  1.101E-01  1.024E-01
  364.5000  1.085E-01  1.186E-01  1.226E-01  1.203E-01  1.118E-01
  365.5000  1.323E-01  1.446E-01  1.495E-01  1.467E-01  1.363E-01
  366.5000  1.402E-01  1.533E-01  1.585E-01  1.555E-01  1.445E-01
  367.5000  1.333E-01  1.457E-01  1.507E-01  1.478E-01  1.374E-01
  368.5000  1.173E-01  1.282E-01  1.325E-01  1.300E-01  1.208E-01
  369.5000  1.408E-01  1.539E-01  1.592E-01  1.561E-01  1.451E-01
  370.5000  1.279E-01  1.398E-01  1.446E-01  1.418E-01  1.318E-01
  371.5000  1.465E-01  1.602E-01  1.656E-01  1.625E-01  1.510E-01
  372.5000  1.084E-01  1.185E-01  1.225E-01  1.202E-01  1.117E-01
  373.5000  9.807E-02  1.072E-01  1.109E-01  1.088E-01  1.010E-01
  374.5000  1.078E-01  1.178E-01  1.218E-01  1.195E-01  1.110E-01
  375.5000  1.217E-01  1.331E-01  1.376E-01  1.350E-01  1.254E-01
  376.5000  1.217E-01  1.331E-01  1.376E-01  1.350E-01  1.254E-01
  377.5000  1.451E-01  1.587E-01  1.641E-01  1.610E-01  1.495E-01
  378.5000  1.583E-01  1.731E-01  1.791E-01  1.756E-01  1.632E-01
  379.5000  1.173E-01  1.283E-01  1.326E-01  1.301E-01  1.209E-01
  380.5000  1.412E-01  1.544E-01  1.597E-01  1.567E-01  1.455E-01
  381.5000  1.329E-01  1.453E-01  1.503E-01  1.474E-01  1.369E-01
  382.5000  8.865E-02  9.695E-02  1.003E-01  9.836E-02  9.135E-02
  383.5000  7.794E-02  8.524E-02  8.816E-02  8.648E-02  8.032E-02
  384.5000  1.171E-01  1.281E-01  1.325E-01  1.299E-01  1.207E-01
  385.5000  1.160E-01  1.269E-01  1.312E-01  1.287E-01  1.196E-01
  386.5000  1.184E-01  1.295E-01  1.340E-01  1.314E-01  1.220E-01
  387.5000  1.102E-01  1.205E-01  1.247E-01  1.223E-01  1.136E-01
  388.5000  1.106E-01  1.210E-01  1.251E-01  1.227E-01  1.140E-01
  389.5000  1.396E-01  1.528E-01  1.580E-01  1.550E-01  1.439E-01
  390.5000  1.373E-01  1.502E-01  1.554E-01  1.524E-01  1.415E-01
  391.5000  1.631E-01  1.785E-01  1.846E-01  1.811E-01  1.681E-01
  392.5000  1.225E-01  1.340E-01  1.386E-01  1.360E-01  1.262E-01
  393.5000  5.332E-02  5.834E-02  6.034E-02  5.919E-02  5.496E-02
  394.5000  1.256E-01  1.375E-01  1.422E-01  1.395E-01  1.295E-01
  395.5000  1.618E-01  1.771E-01  1.832E-01  1.797E-01  1.668E-01
  396.5000  9.516E-02  1.041E-01  1.077E-01  1.057E-01  9.809E-02
  397.5000  1.100E-01  1.203E-01  1.245E-01  1.221E-01  1.133E-01
  398.5000  1.892E-01  2.071E-01  2.142E-01  2.101E-01  1.950E-01
  399.5000  1.971E-01  2.157E-01  2.231E-01  2.188E-01  2.031E-01
  400.5000  2.075E-01  2.270E-01  2.349E-01  2.304E-01  2.139E-01
  401.5000  2.137E-01  2.339E-01  2.420E-01  2.373E-01  2.203E-01
  402.5000  2.222E-01  2.432E-01  2.515E-01  2.467E-01  2.290E-01
  403.5000  2.036E-01  2.229E-01  2.306E-01  2.261E-01  2.099E-01
  404.5000  2.000E-01  2.189E-01  2.265E-01  2.221E-01  2.062E-01
  405.5000  2.081E-01  2.277E-01  2.356E-01  2.310E-01  2.145E-01
  406.5000  1.962E-01  2.148E-01  2.222E-01  2.179E-01  2.023E-01
  407.5000  1.981E-01  2.168E-01  2.243E-01  2.200E-01  2.042E-01
  408.5000  2.209E-01  2.418E-01  2.501E-01  2.453E-01  2.277E-01
  409.5000  2.169E-01  2.374E-01  2.456E-01  2.408E-01  2.236E-01
  410.5000  1.883E-01  2.061E-01  2.132E-01  2.091E-01  1.941E-01
  411.5000  2.267E-01  2.481E-01  2.567E-01  2.517E-01  2.337E-01
  412.5000  2.250E-01  2.463E-01  2.548E-01  2.499E-01  2.319E-01
  413.5000  2.185E-01  2.392E-01  2.474E-01  2.427E-01  2.253E-01
  414.5000  2.249E-01  2.462E-01  2.547E-01  2.498E-01  2.319E-01
  415.5000  2.154E-01  2.358E-01  2.439E-01  2.392E-01  2.221E-01
  416.5000  2.347E-01  2.570E-01  2.658E-01  2.607E-01  2.420E-01
  417.5000  2.149E-01  2.352E-01  2.433E-01  2.387E-01  2.215E-01
  418.5000  2.169E-01  2.374E-01  2.456E-01  2.409E-01  2.236E-01
  419.5000  2.243E-01  2.456E-01  2.541E-01  2.492E-01  2.313E-01
------------------------------------------------------------
Dose rates, W m-2
   1 = UV-B, 280-315 nm                                  
   2 = UV-A, 315-400 nm                                  
   3 = Gaussian, 320 nm, 10 nm FWHM                      
   4 = RB Meter, model 501                               
   5 = DNA damage, in vitro (Setlow, 1974)               
   6 = UV index (WMO, 1994; Webb et al., 2011)           
   7 = Previtamin-D3 (CIE 2006)                          
values at z =      0.000 km
Columns: time, sza, weighting spectra
time, hrs.  sza, deg.          1          2          3          4          5          6          7
   11.0000     78.177  3.857E-02  8.312E+00  3.099E-02  1.424E-02  5.796E-05  3.445E-01  6.453E-03
   11.5000     77.295  4.588E-02  9.101E+00  3.479E-02  1.642E-02  6.722E-05  3.891E-01  7.667E-03
   12.0000     76.950  4.898E-02  9.416E+00  3.633E-02  1.733E-02  7.117E-05  4.075E-01  8.189E-03
   12.5000     77.149  4.718E-02  9.234E+00  3.544E-02  1.680E-02  6.887E-05  3.969E-01  7.885E-03
   13.0000     77.886  4.088E-02  8.569E+00  3.222E-02  1.493E-02  6.088E-05  3.588E-01  6.835E-03
------------------------------------------------------------
