Spectral Irradiance, W m-2 nm-1
values at z =      0.000 km
Columns: wavelength (nm), times (hrs.) or sza (deg.)
    wc, nm     11.000     11.500     12.000     12.500     13.000
    sza =      76.612     75.900     75.625     75.793     76.399
  280.5000  2.766E-29  2.905E-29  2.960E-29  2.926E-29  2.807E-29
  281.5000  1.180E-26  1.240E-26  1.264E-26  1.250E-26  1.198E-26
  282.5000  1.470E-24  1.546E-24  1.576E-24  1.558E-24  1.493E-24
  283.5000  3.047E-23  3.206E-23  3.269E-23  3.230E-23  3.094E-23
  284.5000  4.701E-21  4.952E-21  5.052E-21  4.991E-21  4.775E-21
  285.5000  1.228E-19  1.295E-19  1.321E-19  1.305E-19  1.247E-19
  286.5000  6.809E-18  7.186E-18  7.338E-18  7.245E-18  6.920E-18
  287.5000  2.189E-16  2.313E-16  2.363E-16  2.332E-16  2.225E-16
  288.5000  7.235E-15  7.660E-15  7.831E-15  7.726E-15  7.360E-15
  289.5000  1.541E-13  1.634E-13  1.671E-13  1.648E-13  1.568E-13
  290.5000  1.939E-12  2.060E-12  2.108E-12  2.078E-12  1.975E-12
  291.5000  2.263E-11  2.408E-11  2.467E-11  2.431E-11  2.305E-11
  292.5000  1.598E-10  1.705E-10  1.748E-10  1.722E-10  1.629E-10
  293.5000  1.285E-09  1.375E-09  1.412E-09  1.389E-09  1.312E-09
  294.5000  5.514E-09  5.914E-09  6.077E-09  5.977E-09  5.631E-09
  295.5000  3.343E-08  3.598E-08  3.703E-08  3.639E-08  3.417E-08
  296.5000  1.236E-07  1.335E-07  1.377E-07  1.351E-07  1.265E-07
  297.5000  4.661E-07  5.064E-07  5.232E-07  5.128E-07  4.777E-07
  298.5000  1.005E-06  1.100E-06  1.140E-06  1.115E-06  1.032E-06
  299.5000  4.029E-06  4.452E-06  4.634E-06  4.521E-06  4.149E-06
  300.5000  6.095E-06  6.811E-06  7.124E-06  6.930E-06  6.297E-06
  301.5000  2.125E-05  2.413E-05  2.540E-05  2.462E-05  2.206E-05
  302.5000  3.960E-05  4.552E-05  4.813E-05  4.651E-05  4.126E-05
  303.5000  1.143E-04  1.332E-04  1.415E-04  1.364E-04  1.196E-04
  304.5000  1.738E-04  2.039E-04  2.171E-04  2.089E-04  1.823E-04
  305.5000  3.937E-04  4.644E-04  4.950E-04  4.761E-04  4.137E-04
  306.5000  5.255E-04  6.201E-04  6.608E-04  6.356E-04  5.523E-04
  307.5000  1.259E-03  1.480E-03  1.573E-03  1.515E-03  1.322E-03
  308.5000  1.724E-03  2.020E-03  2.145E-03  2.068E-03  1.809E-03
  309.5000  2.187E-03  2.543E-03  2.691E-03  2.600E-03  2.290E-03
  310.5000  3.896E-03  4.497E-03  4.745E-03  4.592E-03  4.070E-03
  311.5000  6.000E-03  6.888E-03  7.253E-03  7.028E-03  6.258E-03
  312.5000  8.147E-03  9.247E-03  9.694E-03  9.419E-03  8.468E-03
  313.5000  9.989E-03  1.131E-02  1.184E-02  1.151E-02  1.037E-02
  314.5000  1.334E-02  1.493E-02  1.557E-02  1.518E-02  1.381E-02
  315.5000  1.445E-02  1.615E-02  1.683E-02  1.641E-02  1.495E-02
  316.5000  1.808E-02  2.001E-02  2.078E-02  2.031E-02  1.865E-02
  317.5000  2.560E-02  2.833E-02  2.943E-02  2.876E-02  2.640E-02
  318.5000  2.487E-02  2.728E-02  2.823E-02  2.765E-02  2.558E-02
  319.5000  3.160E-02  3.460E-02  3.579E-02  3.506E-02  3.249E-02
  320.5000  4.038E-02  4.413E-02  4.561E-02  4.470E-02  4.149E-02
  321.5000  4.163E-02  4.509E-02  4.646E-02  4.562E-02  4.266E-02
  322.5000  3.613E-02  3.941E-02  4.070E-02  3.991E-02  3.710E-02
  323.5000  4.712E-02  5.084E-02  5.230E-02  5.140E-02  4.822E-02
  324.5000  5.485E-02  5.921E-02  6.092E-02  5.987E-02  5.614E-02
  325.5000  5.967E-02  6.451E-02  6.642E-02  6.525E-02  6.111E-02
  326.5000  8.468E-02  9.086E-02  9.329E-02  9.180E-02  8.652E-02
  327.5000  7.500E-02  8.068E-02  8.291E-02  8.154E-02  7.669E-02
  328.5000  6.944E-02  7.469E-02  7.676E-02  7.549E-02  7.100E-02
  329.5000  1.013E-01  1.083E-01  1.111E-01  1.094E-01  1.034E-01
  330.5000  8.778E-02  9.413E-02  9.662E-02  9.509E-02  8.967E-02
  331.5000  8.598E-02  9.225E-02  9.471E-02  9.320E-02  8.785E-02
  332.5000  9.220E-02  9.851E-02  1.010E-01  9.947E-02  9.408E-02
  333.5000  8.365E-02  8.954E-02  9.185E-02  9.044E-02  8.540E-02
  334.5000  9.531E-02  1.019E-01  1.045E-01  1.029E-01  9.729E-02
  335.5000  1.007E-01  1.075E-01  1.101E-01  1.085E-01  1.027E-01
  336.5000  7.787E-02  8.317E-02  8.525E-02  8.397E-02  7.945E-02
  337.5000  8.320E-02  8.899E-02  9.127E-02  8.987E-02  8.492E-02
  338.5000  9.168E-02  9.787E-02  1.003E-01  9.880E-02  9.352E-02
  339.5000  1.003E-01  1.071E-01  1.097E-01  1.081E-01  1.023E-01
  340.5000  1.058E-01  1.130E-01  1.158E-01  1.141E-01  1.079E-01
  341.5000  9.607E-02  1.025E-01  1.050E-01  1.035E-01  9.799E-02
  342.5000  1.070E-01  1.141E-01  1.169E-01  1.152E-01  1.091E-01
  343.5000  1.104E-01  1.178E-01  1.207E-01  1.190E-01  1.126E-01
  344.5000  7.685E-02  8.206E-02  8.410E-02  8.285E-02  7.841E-02
  345.5000  1.076E-01  1.148E-01  1.176E-01  1.159E-01  1.097E-01
  346.5000  9.954E-02  1.062E-01  1.089E-01  1.073E-01  1.015E-01
  347.5000  9.751E-02  1.041E-01  1.066E-01  1.051E-01  9.947E-02
  348.5000  1.078E-01  1.150E-01  1.178E-01  1.161E-01  1.099E-01
  349.5000  9.037E-02  9.644E-02  9.882E-02  9.736E-02  9.218E-02
  350.5000  1.268E-01  1.353E-01  1.387E-01  1.366E-01  1.293E-01
  351.5000  1.092E-01  1.166E-01  1.195E-01  1.177E-01  1.114E-01
  352.5000  9.876E-02  1.054E-01  1.080E-01  1.064E-01  1.007E-01
  353.5000  1.193E-01  1.273E-01  1.304E-01  1.285E-01  1.217E-01
  354.5000  1.295E-01  1.382E-01  1.416E-01  1.395E-01  1.321E-01
  355.5000  1.212E-01  1.293E-01  1.325E-01  1.306E-01  1.236E-01
  356.5000  1.126E-01  1.201E-01  1.231E-01  1.213E-01  1.148E-01
  357.5000  9.580E-02  1.022E-01  1.048E-01  1.032E-01  9.772E-02
  358.5000  7.408E-02  7.907E-02  8.102E-02  7.982E-02  7.557E-02
  359.5000  1.248E-01  1.332E-01  1.365E-01  1.345E-01  1.273E-01
  360.5000  1.159E-01  1.237E-01  1.267E-01  1.248E-01  1.182E-01
  361.5000  1.046E-01  1.117E-01  1.144E-01  1.128E-01  1.067E-01
  362.5000  1.231E-01  1.314E-01  1.346E-01  1.326E-01  1.255E-01
  363.5000  1.096E-01  1.170E-01  1.199E-01  1.181E-01  1.118E-01
  364.5000  1.197E-01  1.278E-01  1.309E-01  1.290E-01  1.221E-01
  365.5000  1.460E-01  1.559E-01  1.597E-01  1.573E-01  1.489E-01
  366.5000  1.548E-01  1.652E-01  1.693E-01  1.668E-01  1.579E-01
  367.5000  1.472E-01  1.571E-01  1.610E-01  1.586E-01  1.501E-01
  368.5000  1.294E-01  1.382E-01  1.416E-01  1.395E-01  1.320E-01
  369.5000  1.555E-01  1.660E-01  1.701E-01  1.675E-01  1.586E-01
  370.5000  1.412E-01  1.508E-01  1.545E-01  1.522E-01  1.441E-01
  371.5000  1.618E-01  1.727E-01  1.770E-01  1.744E-01  1.651E-01
  372.5000  1.197E-01  1.278E-01  1.309E-01  1.290E-01  1.221E-01
  373.5000  1.083E-01  1.156E-01  1.185E-01  1.167E-01  1.105E-01
  374.5000  1.190E-01  1.271E-01  1.302E-01  1.283E-01  1.214E-01
  375.5000  1.344E-01  1.435E-01  1.471E-01  1.449E-01  1.372E-01
  376.5000  1.344E-01  1.435E-01  1.471E-01  1.449E-01  1.371E-01
  377.5000  1.603E-01  1.712E-01  1.754E-01  1.728E-01  1.635E-01
  378.5000  1.749E-01  1.868E-01  1.914E-01  1.886E-01  1.785E-01
  379.5000  1.296E-01  1.384E-01  1.418E-01  1.397E-01  1.322E-01
  380.5000  1.560E-01  1.666E-01  1.708E-01  1.682E-01  1.592E-01
  381.5000  1.468E-01  1.568E-01  1.607E-01  1.583E-01  1.498E-01
  382.5000  9.797E-02  1.046E-01  1.072E-01  1.056E-01  9.995E-02
  383.5000  8.614E-02  9.198E-02  9.426E-02  9.287E-02  8.788E-02
  384.5000  1.294E-01  1.382E-01  1.417E-01  1.396E-01  1.321E-01
  385.5000  1.282E-01  1.369E-01  1.403E-01  1.383E-01  1.308E-01
  386.5000  1.309E-01  1.398E-01  1.432E-01  1.411E-01  1.335E-01
  387.5000  1.218E-01  1.301E-01  1.333E-01  1.313E-01  1.243E-01
  388.5000  1.223E-01  1.306E-01  1.338E-01  1.318E-01  1.247E-01
  389.5000  1.544E-01  1.649E-01  1.690E-01  1.665E-01  1.575E-01
  390.5000  1.518E-01  1.622E-01  1.662E-01  1.637E-01  1.549E-01
  391.5000  1.804E-01  1.926E-01  1.974E-01  1.945E-01  1.840E-01
  392.5000  1.355E-01  1.447E-01  1.482E-01  1.461E-01  1.382E-01
  393.5000  5.897E-02  6.297E-02  6.454E-02  6.358E-02  6.016E-02
  394.5000  1.389E-01  1.484E-01  1.521E-01  1.498E-01  1.418E-01
  395.5000  1.790E-01  1.912E-01  1.959E-01  1.930E-01  1.826E-01
  396.5000  1.053E-01  1.124E-01  1.152E-01  1.135E-01  1.074E-01
  397.5000  1.216E-01  1.299E-01  1.331E-01  1.312E-01  1.241E-01
  398.5000  2.093E-01  2.235E-01  2.291E-01  2.257E-01  2.136E-01
  399.5000  2.180E-01  2.328E-01  2.386E-01  2.351E-01  2.224E-01
  400.5000  2.295E-01  2.451E-01  2.512E-01  2.475E-01  2.342E-01
  401.5000  2.365E-01  2.525E-01  2.588E-01  2.550E-01  2.413E-01
  402.5000  2.458E-01  2.625E-01  2.691E-01  2.651E-01  2.508E-01
  403.5000  2.253E-01  2.406E-01  2.466E-01  2.430E-01  2.299E-01
  404.5000  2.213E-01  2.364E-01  2.422E-01  2.386E-01  2.258E-01
  405.5000  2.302E-01  2.459E-01  2.520E-01  2.482E-01  2.349E-01
  406.5000  2.171E-01  2.319E-01  2.377E-01  2.341E-01  2.216E-01
  407.5000  2.192E-01  2.341E-01  2.399E-01  2.364E-01  2.237E-01
  408.5000  2.445E-01  2.611E-01  2.676E-01  2.636E-01  2.494E-01
  409.5000  2.400E-01  2.563E-01  2.627E-01  2.588E-01  2.449E-01
  410.5000  2.084E-01  2.226E-01  2.281E-01  2.247E-01  2.126E-01
  411.5000  2.509E-01  2.679E-01  2.745E-01  2.705E-01  2.560E-01
  412.5000  2.490E-01  2.659E-01  2.725E-01  2.685E-01  2.541E-01
  413.5000  2.418E-01  2.583E-01  2.647E-01  2.608E-01  2.468E-01
  414.5000  2.489E-01  2.658E-01  2.724E-01  2.684E-01  2.540E-01
  415.5000  2.384E-01  2.546E-01  2.609E-01  2.570E-01  2.432E-01
  416.5000  2.598E-01  2.774E-01  2.843E-01  2.801E-01  2.651E-01
  417.5000  2.378E-01  2.540E-01  2.603E-01  2.564E-01  2.426E-01
  418.5000  2.400E-01  2.563E-01  2.627E-01  2.588E-01  2.449E-01
  419.5000  2.483E-01  2.652E-01  2.717E-01  2.677E-01  2.533E-01
------------------------------------------------------------
Dose rates, W m-2
   1 = UV-B, 280-315 nm                                  
   2 = UV-A, 315-400 nm                                  
   3 = Gaussian, 320 nm, 10 nm FWHM                      
   4 = RB Meter, model 501                               
   5 = DNA damage, in vitro (Setlow, 1974)               
   6 = UV index (WMO, 1994; Webb et al., 2011)           
   7 = Previtamin-D3 (CIE 2006)                          
values at z =      0.000 km
Columns: time, sza, weighting spectra
time, hrs.  sza, deg.          1          2          3          4          5          6          7
   11.0000     76.612  4.783E-02  9.197E+00  3.548E-02  1.691E-02  6.920E-05  3.977E-01  7.975E-03
   11.5000     75.900  5.442E-02  9.830E+00  3.862E-02  1.881E-02  7.760E-05  4.359E-01  9.093E-03
   12.0000     75.625  5.712E-02  1.008E+01  3.986E-02  1.959E-02  8.106E-05  4.513E-01  9.554E-03
   12.5000     75.793  5.546E-02  9.926E+00  3.910E-02  1.911E-02  7.893E-05  4.418E-01  9.270E-03
   13.0000     76.399  4.974E-02  9.385E+00  3.641E-02  1.747E-02  7.164E-05  4.089E-01  8.299E-03
------------------------------------------------------------
