Spectral Irradiance, W m-2 nm-1
values at z =      0.000 km
Columns: wavelength (nm), times (hrs.) or sza (deg.)
    wc, nm     11.000     11.500     12.000     12.500     13.000
    sza =      65.039     64.660     64.519     64.621     64.966
  280.5000  6.861E-26  7.163E-26  7.281E-26  7.195E-26  6.917E-26
  281.5000  1.596E-23  1.669E-23  1.697E-23  1.676E-23  1.610E-23
  282.5000  1.185E-21  1.240E-21  1.262E-21  1.246E-21  1.195E-21
  283.5000  1.759E-20  1.843E-20  1.877E-20  1.852E-20  1.774E-20
  284.5000  1.487E-18  1.564E-18  1.594E-18  1.572E-18  1.502E-18
  285.5000  2.509E-17  2.646E-17  2.701E-17  2.661E-17  2.534E-17
  286.5000  1.001E-15  1.060E-15  1.084E-15  1.066E-15  1.012E-15
  287.5000  2.263E-14  2.410E-14  2.471E-14  2.427E-14  2.290E-14
  288.5000  5.225E-13  5.623E-13  5.788E-13  5.667E-13  5.298E-13
  289.5000  8.821E-12  9.591E-12  9.912E-12  9.677E-12  8.960E-12
  290.5000  9.366E-11  1.029E-10  1.068E-10  1.039E-10  9.532E-11
  291.5000  9.365E-10  1.041E-09  1.085E-09  1.053E-09  9.555E-10
  292.5000  6.037E-09  6.770E-09  7.075E-09  6.852E-09  6.169E-09
  293.5000  4.603E-08  5.188E-08  5.429E-08  5.252E-08  4.710E-08
  294.5000  1.928E-07  2.175E-07  2.275E-07  2.202E-07  1.973E-07
  295.5000  1.158E-06  1.302E-06  1.361E-06  1.318E-06  1.185E-06
  296.5000  4.258E-06  4.762E-06  4.965E-06  4.817E-06  4.351E-06
  297.5000  1.593E-05  1.769E-05  1.840E-05  1.788E-05  1.626E-05
  298.5000  3.368E-05  3.715E-05  3.851E-05  3.752E-05  3.433E-05
  299.5000  1.301E-04  1.424E-04  1.471E-04  1.437E-04  1.324E-04
  300.5000  1.864E-04  2.026E-04  2.089E-04  2.043E-04  1.895E-04
  301.5000  5.892E-04  6.354E-04  6.532E-04  6.402E-04  5.980E-04
  302.5000  9.978E-04  1.070E-03  1.098E-03  1.078E-03  1.012E-03
  303.5000  2.453E-03  2.613E-03  2.674E-03  2.629E-03  2.483E-03
  304.5000  3.315E-03  3.517E-03  3.595E-03  3.538E-03  3.353E-03
  305.5000  6.013E-03  6.342E-03  6.466E-03  6.376E-03  6.076E-03
  306.5000  7.200E-03  7.573E-03  7.715E-03  7.612E-03  7.271E-03
  307.5000  1.352E-02  1.414E-02  1.438E-02  1.421E-02  1.364E-02
  308.5000  1.675E-02  1.749E-02  1.777E-02  1.757E-02  1.689E-02
  309.5000  1.758E-02  1.830E-02  1.856E-02  1.837E-02  1.772E-02
  310.5000  2.713E-02  2.817E-02  2.855E-02  2.827E-02  2.733E-02
  311.5000  3.793E-02  3.930E-02  3.982E-02  3.945E-02  3.819E-02
  312.5000  4.286E-02  4.428E-02  4.482E-02  4.443E-02  4.314E-02
  313.5000  5.037E-02  5.201E-02  5.262E-02  5.217E-02  5.069E-02
  314.5000  5.707E-02  5.876E-02  5.940E-02  5.894E-02  5.739E-02
  315.5000  6.023E-02  6.199E-02  6.265E-02  6.217E-02  6.057E-02
  316.5000  6.608E-02  6.788E-02  6.855E-02  6.806E-02  6.643E-02
  317.5000  9.362E-02  9.617E-02  9.712E-02  9.643E-02  9.411E-02
  318.5000  8.045E-02  8.248E-02  8.324E-02  8.269E-02  8.084E-02
  319.5000  9.993E-02  1.024E-01  1.033E-01  1.027E-01  1.004E-01
  320.5000  1.242E-01  1.272E-01  1.284E-01  1.275E-01  1.248E-01
  321.5000  1.142E-01  1.168E-01  1.178E-01  1.171E-01  1.147E-01
  322.5000  1.084E-01  1.110E-01  1.120E-01  1.113E-01  1.089E-01
  323.5000  1.229E-01  1.256E-01  1.266E-01  1.259E-01  1.234E-01
  324.5000  1.439E-01  1.471E-01  1.483E-01  1.474E-01  1.445E-01
  325.5000  1.596E-01  1.631E-01  1.645E-01  1.635E-01  1.603E-01
  326.5000  2.059E-01  2.102E-01  2.118E-01  2.106E-01  2.067E-01
  327.5000  1.882E-01  1.922E-01  1.937E-01  1.926E-01  1.889E-01
  328.5000  1.741E-01  1.778E-01  1.792E-01  1.782E-01  1.748E-01
  329.5000  2.365E-01  2.413E-01  2.430E-01  2.417E-01  2.374E-01
  330.5000  2.113E-01  2.156E-01  2.173E-01  2.161E-01  2.121E-01
  331.5000  2.082E-01  2.126E-01  2.142E-01  2.130E-01  2.091E-01
  332.5000  2.121E-01  2.163E-01  2.179E-01  2.168E-01  2.129E-01
  333.5000  1.968E-01  2.008E-01  2.023E-01  2.012E-01  1.976E-01
  334.5000  2.218E-01  2.262E-01  2.279E-01  2.267E-01  2.226E-01
  335.5000  2.285E-01  2.330E-01  2.347E-01  2.335E-01  2.294E-01
  336.5000  1.781E-01  1.816E-01  1.829E-01  1.820E-01  1.788E-01
  337.5000  1.937E-01  1.975E-01  1.990E-01  1.979E-01  1.944E-01
  338.5000  2.079E-01  2.120E-01  2.136E-01  2.125E-01  2.087E-01
  339.5000  2.268E-01  2.313E-01  2.329E-01  2.317E-01  2.277E-01
  340.5000  2.414E-01  2.462E-01  2.479E-01  2.466E-01  2.423E-01
  341.5000  2.164E-01  2.206E-01  2.222E-01  2.211E-01  2.172E-01
  342.5000  2.404E-01  2.451E-01  2.468E-01  2.455E-01  2.413E-01
  343.5000  2.493E-01  2.542E-01  2.560E-01  2.547E-01  2.502E-01
  344.5000  1.744E-01  1.778E-01  1.791E-01  1.782E-01  1.751E-01
  345.5000  2.411E-01  2.458E-01  2.475E-01  2.463E-01  2.420E-01
  346.5000  2.248E-01  2.291E-01  2.308E-01  2.296E-01  2.256E-01
  347.5000  2.200E-01  2.243E-01  2.259E-01  2.247E-01  2.208E-01
  348.5000  2.425E-01  2.472E-01  2.489E-01  2.477E-01  2.434E-01
  349.5000  2.034E-01  2.073E-01  2.088E-01  2.077E-01  2.042E-01
  350.5000  2.852E-01  2.907E-01  2.928E-01  2.913E-01  2.863E-01
  351.5000  2.460E-01  2.507E-01  2.525E-01  2.512E-01  2.469E-01
  352.5000  2.222E-01  2.265E-01  2.281E-01  2.269E-01  2.230E-01
  353.5000  2.680E-01  2.732E-01  2.751E-01  2.737E-01  2.690E-01
  354.5000  2.906E-01  2.962E-01  2.983E-01  2.968E-01  2.917E-01
  355.5000  2.719E-01  2.771E-01  2.791E-01  2.777E-01  2.729E-01
  356.5000  2.526E-01  2.574E-01  2.592E-01  2.579E-01  2.535E-01
  357.5000  2.150E-01  2.191E-01  2.207E-01  2.195E-01  2.158E-01
  358.5000  1.662E-01  1.693E-01  1.705E-01  1.697E-01  1.668E-01
  359.5000  2.799E-01  2.853E-01  2.873E-01  2.858E-01  2.810E-01
  360.5000  2.598E-01  2.647E-01  2.666E-01  2.652E-01  2.607E-01
  361.5000  2.345E-01  2.390E-01  2.407E-01  2.395E-01  2.354E-01
  362.5000  2.757E-01  2.810E-01  2.829E-01  2.815E-01  2.768E-01
  363.5000  2.456E-01  2.502E-01  2.520E-01  2.507E-01  2.465E-01
  364.5000  2.682E-01  2.733E-01  2.752E-01  2.738E-01  2.692E-01
  365.5000  3.271E-01  3.333E-01  3.356E-01  3.339E-01  3.283E-01
  366.5000  3.466E-01  3.531E-01  3.556E-01  3.538E-01  3.479E-01
  367.5000  3.295E-01  3.357E-01  3.380E-01  3.363E-01  3.307E-01
  368.5000  2.897E-01  2.952E-01  2.973E-01  2.958E-01  2.908E-01
  369.5000  3.479E-01  3.545E-01  3.569E-01  3.552E-01  3.492E-01
  370.5000  3.160E-01  3.219E-01  3.242E-01  3.226E-01  3.171E-01
  371.5000  3.619E-01  3.688E-01  3.713E-01  3.695E-01  3.633E-01
  372.5000  2.676E-01  2.727E-01  2.746E-01  2.732E-01  2.686E-01
  373.5000  2.422E-01  2.467E-01  2.484E-01  2.472E-01  2.431E-01
  374.5000  2.661E-01  2.711E-01  2.729E-01  2.716E-01  2.670E-01
  375.5000  3.005E-01  3.062E-01  3.083E-01  3.067E-01  3.016E-01
  376.5000  3.004E-01  3.060E-01  3.081E-01  3.066E-01  3.015E-01
  377.5000  3.581E-01  3.648E-01  3.673E-01  3.655E-01  3.594E-01
  378.5000  3.907E-01  3.980E-01  4.007E-01  3.988E-01  3.921E-01
  379.5000  2.894E-01  2.948E-01  2.968E-01  2.953E-01  2.904E-01
  380.5000  3.484E-01  3.549E-01  3.573E-01  3.555E-01  3.496E-01
  381.5000  3.277E-01  3.338E-01  3.361E-01  3.344E-01  3.289E-01
  382.5000  2.186E-01  2.226E-01  2.242E-01  2.231E-01  2.194E-01
  383.5000  1.921E-01  1.957E-01  1.970E-01  1.961E-01  1.928E-01
  384.5000  2.886E-01  2.940E-01  2.960E-01  2.945E-01  2.897E-01
  385.5000  2.859E-01  2.912E-01  2.931E-01  2.917E-01  2.869E-01
  386.5000  2.917E-01  2.971E-01  2.991E-01  2.976E-01  2.927E-01
  387.5000  2.713E-01  2.764E-01  2.783E-01  2.769E-01  2.723E-01
  388.5000  2.723E-01  2.773E-01  2.792E-01  2.778E-01  2.732E-01
  389.5000  3.437E-01  3.500E-01  3.524E-01  3.507E-01  3.449E-01
  390.5000  3.379E-01  3.442E-01  3.465E-01  3.448E-01  3.391E-01
  391.5000  4.013E-01  4.087E-01  4.115E-01  4.095E-01  4.027E-01
  392.5000  3.012E-01  3.068E-01  3.088E-01  3.074E-01  3.023E-01
  393.5000  1.311E-01  1.335E-01  1.344E-01  1.338E-01  1.316E-01
  394.5000  3.088E-01  3.145E-01  3.166E-01  3.150E-01  3.099E-01
  395.5000  3.977E-01  4.050E-01  4.077E-01  4.057E-01  3.991E-01
  396.5000  2.337E-01  2.380E-01  2.396E-01  2.385E-01  2.346E-01
  397.5000  2.700E-01  2.750E-01  2.768E-01  2.755E-01  2.710E-01
  398.5000  4.644E-01  4.729E-01  4.761E-01  4.738E-01  4.661E-01
  399.5000  4.835E-01  4.924E-01  4.957E-01  4.933E-01  4.853E-01
  400.5000  5.088E-01  5.181E-01  5.216E-01  5.191E-01  5.106E-01
  401.5000  5.240E-01  5.336E-01  5.371E-01  5.346E-01  5.259E-01
  402.5000  5.445E-01  5.545E-01  5.582E-01  5.555E-01  5.465E-01
  403.5000  4.989E-01  5.080E-01  5.114E-01  5.089E-01  5.007E-01
  404.5000  4.898E-01  4.987E-01  5.020E-01  4.996E-01  4.915E-01
  405.5000  5.093E-01  5.186E-01  5.220E-01  5.195E-01  5.111E-01
  406.5000  4.802E-01  4.889E-01  4.921E-01  4.898E-01  4.819E-01
  407.5000  4.845E-01  4.933E-01  4.966E-01  4.942E-01  4.863E-01
  408.5000  5.401E-01  5.499E-01  5.536E-01  5.509E-01  5.420E-01
  409.5000  5.300E-01  5.396E-01  5.431E-01  5.406E-01  5.319E-01
  410.5000  4.600E-01  4.684E-01  4.714E-01  4.692E-01  4.617E-01
  411.5000  5.535E-01  5.635E-01  5.672E-01  5.645E-01  5.554E-01
  412.5000  5.491E-01  5.590E-01  5.627E-01  5.600E-01  5.510E-01
  413.5000  5.330E-01  5.426E-01  5.462E-01  5.436E-01  5.349E-01
  414.5000  5.484E-01  5.582E-01  5.619E-01  5.592E-01  5.503E-01
  415.5000  5.250E-01  5.344E-01  5.379E-01  5.354E-01  5.268E-01
  416.5000  5.718E-01  5.821E-01  5.859E-01  5.832E-01  5.738E-01
  417.5000  5.232E-01  5.326E-01  5.361E-01  5.336E-01  5.251E-01
  418.5000  5.278E-01  5.373E-01  5.408E-01  5.382E-01  5.296E-01
  419.5000  5.457E-01  5.555E-01  5.591E-01  5.565E-01  5.476E-01
------------------------------------------------------------
Dose rates, W m-2
   1 = UV-B, 280-315 nm                                  
   2 = UV-A, 315-400 nm                                  
   3 = Gaussian, 320 nm, 10 nm FWHM                      
   4 = RB Meter, model 501                               
   5 = DNA damage, in vitro (Setlow, 1974)               
   6 = UV index (WMO, 1994; Webb et al., 2011)           
   7 = Previtamin-D3 (CIE 2006)                          
values at z =      0.000 km
Columns: time, sza, weighting spectra
time, hrs.  sza, deg.          1          2          3          4          5          6          7
   11.0000     65.039  2.841E-01  2.100E+01  1.052E-01  8.000E-02  4.547E-04  1.548E+00  5.637E-02
   11.5000     64.660  2.946E-01  2.141E+01  1.078E-01  8.281E-02  4.752E-04  1.599E+00  5.875E-02
   12.0000     64.519  2.985E-01  2.156E+01  1.087E-01  8.387E-02  4.830E-04  1.618E+00  5.965E-02
   12.5000     64.621  2.957E-01  2.145E+01  1.080E-01  8.310E-02  4.774E-04  1.604E+00  5.900E-02
   13.0000     64.966  2.862E-01  2.108E+01  1.057E-01  8.054E-02  4.586E-04  1.558E+00  5.683E-02
------------------------------------------------------------
