Spectral Irradiance, W m-2 nm-1
values at z =      0.000 km
Columns: wavelength (nm), times (hrs.) or sza (deg.)
    wc, nm     11.000     11.500     12.000     12.500     13.000
    sza =      72.695     71.672     71.271     71.502     72.360
  280.5000  2.391E-26  2.576E-26  2.654E-26  2.608E-26  2.449E-26
  281.5000  5.692E-24  6.142E-24  6.332E-24  6.221E-24  5.834E-24
  282.5000  4.300E-22  4.648E-22  4.795E-22  4.709E-22  4.410E-22
  283.5000  6.446E-21  6.975E-21  7.199E-21  7.069E-21  6.613E-21
  284.5000  5.519E-19  5.987E-19  6.187E-19  6.070E-19  5.667E-19
  285.5000  9.340E-18  1.016E-17  1.051E-17  1.030E-17  9.597E-18
  286.5000  3.717E-16  4.051E-16  4.193E-16  4.110E-16  3.822E-16
  287.5000  8.284E-15  9.052E-15  9.381E-15  9.189E-15  8.525E-15
  288.5000  1.845E-13  2.024E-13  2.100E-13  2.056E-13  1.901E-13
  289.5000  2.969E-12  3.267E-12  3.396E-12  3.321E-12  3.062E-12
  290.5000  2.959E-11  3.267E-11  3.402E-11  3.323E-11  3.055E-11
  291.5000  2.661E-10  2.954E-10  3.083E-10  3.007E-10  2.752E-10
  292.5000  1.525E-09  1.703E-09  1.782E-09  1.736E-09  1.580E-09
  293.5000  1.014E-08  1.142E-08  1.200E-08  1.166E-08  1.053E-08
  294.5000  3.770E-08  4.292E-08  4.534E-08  4.392E-08  3.928E-08
  295.5000  1.990E-07  2.306E-07  2.456E-07  2.368E-07  2.085E-07
  296.5000  6.675E-07  7.898E-07  8.490E-07  8.139E-07  7.036E-07
  297.5000  2.364E-06  2.864E-06  3.107E-06  2.963E-06  2.511E-06
  298.5000  4.940E-06  6.113E-06  6.684E-06  6.346E-06  5.284E-06
  299.5000  1.963E-05  2.474E-05  2.721E-05  2.575E-05  2.114E-05
  300.5000  2.975E-05  3.784E-05  4.169E-05  3.942E-05  3.215E-05
  301.5000  1.038E-04  1.324E-04  1.458E-04  1.379E-04  1.123E-04
  302.5000  1.913E-04  2.435E-04  2.674E-04  2.533E-04  2.071E-04
  303.5000  5.323E-04  6.713E-04  7.339E-04  6.972E-04  5.747E-04
  304.5000  7.798E-04  9.756E-04  1.063E-03  1.012E-03  8.399E-04
  305.5000  1.620E-03  1.995E-03  2.159E-03  2.063E-03  1.736E-03
  306.5000  2.061E-03  2.519E-03  2.718E-03  2.602E-03  2.204E-03
  307.5000  4.397E-03  5.279E-03  5.656E-03  5.437E-03  4.674E-03
  308.5000  5.725E-03  6.825E-03  7.292E-03  7.020E-03  6.071E-03
  309.5000  6.579E-03  7.738E-03  8.226E-03  7.942E-03  6.946E-03
  310.5000  1.085E-02  1.263E-02  1.338E-02  1.294E-02  1.142E-02
  311.5000  1.584E-02  1.833E-02  1.935E-02  1.876E-02  1.664E-02
  312.5000  1.943E-02  2.218E-02  2.331E-02  2.266E-02  2.031E-02
  313.5000  2.326E-02  2.648E-02  2.780E-02  2.703E-02  2.429E-02
  314.5000  2.830E-02  3.185E-02  3.329E-02  3.246E-02  2.944E-02
  315.5000  3.020E-02  3.393E-02  3.544E-02  3.457E-02  3.140E-02
  316.5000  3.504E-02  3.901E-02  4.062E-02  3.969E-02  3.633E-02
  317.5000  4.963E-02  5.526E-02  5.753E-02  5.622E-02  5.145E-02
  318.5000  4.492E-02  4.959E-02  5.147E-02  5.038E-02  4.643E-02
  319.5000  5.633E-02  6.209E-02  6.441E-02  6.306E-02  5.819E-02
  320.5000  7.083E-02  7.793E-02  8.078E-02  7.913E-02  7.313E-02
  321.5000  6.833E-02  7.458E-02  7.708E-02  7.564E-02  7.036E-02
  322.5000  6.247E-02  6.861E-02  7.108E-02  6.965E-02  6.446E-02
  323.5000  7.509E-02  8.168E-02  8.431E-02  8.279E-02  7.723E-02
  324.5000  8.771E-02  9.545E-02  9.854E-02  9.675E-02  9.023E-02
  325.5000  9.649E-02  1.051E-01  1.086E-01  1.066E-01  9.930E-02
  326.5000  1.295E-01  1.402E-01  1.445E-01  1.420E-01  1.330E-01
  327.5000  1.168E-01  1.267E-01  1.307E-01  1.284E-01  1.201E-01
  328.5000  1.081E-01  1.173E-01  1.210E-01  1.188E-01  1.111E-01
  329.5000  1.513E-01  1.633E-01  1.681E-01  1.653E-01  1.552E-01
  330.5000  1.335E-01  1.444E-01  1.487E-01  1.462E-01  1.370E-01
  331.5000  1.312E-01  1.420E-01  1.463E-01  1.438E-01  1.347E-01
  332.5000  1.365E-01  1.472E-01  1.515E-01  1.490E-01  1.400E-01
  333.5000  1.255E-01  1.356E-01  1.396E-01  1.373E-01  1.288E-01
  334.5000  1.421E-01  1.534E-01  1.578E-01  1.552E-01  1.458E-01
  335.5000  1.479E-01  1.594E-01  1.640E-01  1.613E-01  1.517E-01
  336.5000  1.149E-01  1.239E-01  1.275E-01  1.254E-01  1.178E-01
  337.5000  1.241E-01  1.339E-01  1.378E-01  1.356E-01  1.273E-01
  338.5000  1.347E-01  1.451E-01  1.493E-01  1.469E-01  1.381E-01
  339.5000  1.471E-01  1.585E-01  1.630E-01  1.604E-01  1.508E-01
  340.5000  1.559E-01  1.681E-01  1.729E-01  1.701E-01  1.599E-01
  341.5000  1.406E-01  1.514E-01  1.557E-01  1.532E-01  1.441E-01
  342.5000  1.563E-01  1.683E-01  1.731E-01  1.703E-01  1.602E-01
  343.5000  1.618E-01  1.743E-01  1.793E-01  1.764E-01  1.659E-01
  344.5000  1.130E-01  1.217E-01  1.252E-01  1.232E-01  1.158E-01
  345.5000  1.570E-01  1.690E-01  1.738E-01  1.711E-01  1.609E-01
  346.5000  1.459E-01  1.572E-01  1.617E-01  1.591E-01  1.496E-01
  347.5000  1.429E-01  1.539E-01  1.583E-01  1.557E-01  1.465E-01
  348.5000  1.577E-01  1.698E-01  1.746E-01  1.718E-01  1.616E-01
  349.5000  1.322E-01  1.424E-01  1.465E-01  1.441E-01  1.356E-01
  350.5000  1.855E-01  1.998E-01  2.055E-01  2.022E-01  1.902E-01
  351.5000  1.599E-01  1.722E-01  1.771E-01  1.743E-01  1.639E-01
  352.5000  1.445E-01  1.557E-01  1.601E-01  1.575E-01  1.482E-01
  353.5000  1.745E-01  1.879E-01  1.932E-01  1.901E-01  1.788E-01
  354.5000  1.893E-01  2.038E-01  2.096E-01  2.062E-01  1.940E-01
  355.5000  1.771E-01  1.907E-01  1.961E-01  1.930E-01  1.815E-01
  356.5000  1.646E-01  1.772E-01  1.822E-01  1.793E-01  1.687E-01
  357.5000  1.401E-01  1.508E-01  1.551E-01  1.526E-01  1.436E-01
  358.5000  1.083E-01  1.166E-01  1.199E-01  1.180E-01  1.110E-01
  359.5000  1.825E-01  1.965E-01  2.020E-01  1.988E-01  1.870E-01
  360.5000  1.694E-01  1.823E-01  1.875E-01  1.845E-01  1.736E-01
  361.5000  1.529E-01  1.647E-01  1.693E-01  1.666E-01  1.568E-01
  362.5000  1.799E-01  1.936E-01  1.991E-01  1.960E-01  1.844E-01
  363.5000  1.602E-01  1.725E-01  1.774E-01  1.746E-01  1.642E-01
  364.5000  1.750E-01  1.884E-01  1.937E-01  1.906E-01  1.793E-01
  365.5000  2.134E-01  2.298E-01  2.363E-01  2.325E-01  2.188E-01
  366.5000  2.262E-01  2.436E-01  2.504E-01  2.465E-01  2.319E-01
  367.5000  2.151E-01  2.316E-01  2.381E-01  2.343E-01  2.205E-01
  368.5000  1.892E-01  2.037E-01  2.094E-01  2.061E-01  1.939E-01
  369.5000  2.272E-01  2.446E-01  2.515E-01  2.476E-01  2.329E-01
  370.5000  2.064E-01  2.222E-01  2.285E-01  2.249E-01  2.116E-01
  371.5000  2.365E-01  2.546E-01  2.618E-01  2.576E-01  2.424E-01
  372.5000  1.749E-01  1.883E-01  1.936E-01  1.906E-01  1.793E-01
  373.5000  1.583E-01  1.704E-01  1.752E-01  1.724E-01  1.623E-01
  374.5000  1.740E-01  1.873E-01  1.925E-01  1.895E-01  1.783E-01
  375.5000  1.965E-01  2.116E-01  2.175E-01  2.141E-01  2.014E-01
  376.5000  1.965E-01  2.115E-01  2.175E-01  2.141E-01  2.014E-01
  377.5000  2.343E-01  2.522E-01  2.593E-01  2.552E-01  2.402E-01
  378.5000  2.557E-01  2.753E-01  2.830E-01  2.785E-01  2.621E-01
  379.5000  1.894E-01  2.039E-01  2.096E-01  2.063E-01  1.941E-01
  380.5000  2.281E-01  2.455E-01  2.524E-01  2.484E-01  2.338E-01
  381.5000  2.146E-01  2.310E-01  2.375E-01  2.338E-01  2.200E-01
  382.5000  1.432E-01  1.541E-01  1.585E-01  1.560E-01  1.468E-01
  383.5000  1.259E-01  1.355E-01  1.393E-01  1.371E-01  1.290E-01
  384.5000  1.892E-01  2.036E-01  2.093E-01  2.060E-01  1.939E-01
  385.5000  1.874E-01  2.017E-01  2.074E-01  2.041E-01  1.921E-01
  386.5000  1.913E-01  2.059E-01  2.116E-01  2.083E-01  1.961E-01
  387.5000  1.780E-01  1.916E-01  1.969E-01  1.938E-01  1.824E-01
  388.5000  1.787E-01  1.923E-01  1.977E-01  1.945E-01  1.831E-01
  389.5000  2.256E-01  2.428E-01  2.496E-01  2.456E-01  2.312E-01
  390.5000  2.219E-01  2.388E-01  2.454E-01  2.416E-01  2.274E-01
  391.5000  2.636E-01  2.836E-01  2.915E-01  2.870E-01  2.701E-01
  392.5000  1.979E-01  2.130E-01  2.189E-01  2.155E-01  2.028E-01
  393.5000  8.616E-02  9.270E-02  9.529E-02  9.379E-02  8.829E-02
  394.5000  2.030E-01  2.184E-01  2.245E-01  2.210E-01  2.080E-01
  395.5000  2.615E-01  2.814E-01  2.892E-01  2.847E-01  2.680E-01
  396.5000  1.538E-01  1.654E-01  1.700E-01  1.674E-01  1.576E-01
  397.5000  1.777E-01  1.911E-01  1.965E-01  1.934E-01  1.821E-01
  398.5000  3.057E-01  3.289E-01  3.380E-01  3.327E-01  3.133E-01
  399.5000  3.184E-01  3.425E-01  3.520E-01  3.465E-01  3.263E-01
  400.5000  3.352E-01  3.605E-01  3.705E-01  3.648E-01  3.434E-01
  401.5000  3.453E-01  3.714E-01  3.817E-01  3.757E-01  3.538E-01
  402.5000  3.589E-01  3.860E-01  3.968E-01  3.906E-01  3.678E-01
  403.5000  3.290E-01  3.538E-01  3.636E-01  3.579E-01  3.371E-01
  404.5000  3.231E-01  3.474E-01  3.571E-01  3.515E-01  3.310E-01
  405.5000  3.360E-01  3.614E-01  3.714E-01  3.656E-01  3.443E-01
  406.5000  3.169E-01  3.408E-01  3.502E-01  3.448E-01  3.247E-01
  407.5000  3.199E-01  3.440E-01  3.535E-01  3.480E-01  3.278E-01
  408.5000  3.567E-01  3.836E-01  3.942E-01  3.881E-01  3.655E-01
  409.5000  3.501E-01  3.765E-01  3.869E-01  3.809E-01  3.588E-01
  410.5000  3.040E-01  3.269E-01  3.359E-01  3.307E-01  3.115E-01
  411.5000  3.659E-01  3.934E-01  4.043E-01  3.980E-01  3.749E-01
  412.5000  3.631E-01  3.904E-01  4.012E-01  3.950E-01  3.721E-01
  413.5000  3.527E-01  3.791E-01  3.896E-01  3.836E-01  3.613E-01
  414.5000  3.629E-01  3.902E-01  4.009E-01  3.947E-01  3.718E-01
  415.5000  3.476E-01  3.736E-01  3.839E-01  3.780E-01  3.561E-01
  416.5000  3.787E-01  4.071E-01  4.183E-01  4.118E-01  3.880E-01
  417.5000  3.466E-01  3.726E-01  3.828E-01  3.769E-01  3.551E-01
  418.5000  3.498E-01  3.760E-01  3.863E-01  3.803E-01  3.584E-01
  419.5000  3.618E-01  3.889E-01  3.995E-01  3.934E-01  3.706E-01
------------------------------------------------------------
Dose rates, W m-2
   1 = UV-B, 280-315 nm                                  
   2 = UV-A, 315-400 nm                                  
   3 = Gaussian, 320 nm, 10 nm FWHM                      
   4 = RB Meter, model 501                               
   5 = DNA damage, in vitro (Setlow, 1974)               
   6 = UV index (WMO, 1994; Webb et al., 2011)           
   7 = Previtamin-D3 (CIE 2006)                          
values at z =      0.000 km
Columns: time, sza, weighting spectra
time, hrs.  sza, deg.          1          2          3          4          5          6          7
   11.0000     72.695  1.197E-01  1.359E+01  6.069E-02  3.621E-02  1.696E-04  7.562E-01  2.134E-02
   11.5000     71.672  1.379E-01  1.465E+01  6.662E-02  4.109E-02  1.970E-04  8.468E-01  2.490E-02
   12.0000     71.271  1.455E-01  1.507E+01  6.900E-02  4.312E-02  2.086E-04  8.841E-01  2.640E-02
   12.5000     71.502  1.411E-01  1.483E+01  6.762E-02  4.194E-02  2.018E-04  8.624E-01  2.552E-02
   13.0000     72.360  1.255E-01  1.394E+01  6.261E-02  3.777E-02  1.782E-04  7.852E-01  2.246E-02
------------------------------------------------------------
