Spectral Irradiance, W m-2 nm-1
values at z =      0.000 km
Columns: wavelength (nm), times (hrs.) or sza (deg.)
    wc, nm     11.000     11.500     12.000     12.500     13.000
    sza =      28.611     25.569     24.398     25.359     28.235
  280.5000  1.542E-14  3.414E-14  4.490E-14  3.590E-14  1.713E-14
  281.5000  5.025E-13  1.037E-12  1.332E-12  1.086E-12  5.531E-13
  282.5000  6.853E-12  1.332E-11  1.675E-11  1.389E-11  7.482E-12
  283.5000  3.390E-11  6.336E-11  7.862E-11  6.592E-11  3.682E-11
  284.5000  3.763E-10  6.551E-10  7.933E-10  6.786E-10  4.048E-10
  285.5000  1.397E-09  2.308E-09  2.745E-09  2.383E-09  1.493E-09
  286.5000  1.728E-08  2.741E-08  3.214E-08  2.822E-08  1.816E-08
  287.5000  1.042E-07  1.580E-07  1.825E-07  1.622E-07  1.101E-07
  288.5000  5.513E-07  7.965E-07  9.045E-07  8.154E-07  5.788E-07
  289.5000  3.146E-06  4.389E-06  4.925E-06  4.484E-06  3.288E-06
  290.5000  1.301E-05  1.763E-05  1.958E-05  1.797E-05  1.354E-05
  291.5000  4.246E-05  5.565E-05  6.110E-05  5.661E-05  4.400E-05
  292.5000  1.045E-04  1.333E-04  1.450E-04  1.353E-04  1.079E-04
  293.5000  3.075E-04  3.823E-04  4.122E-04  3.876E-04  3.165E-04
  294.5000  5.929E-04  7.225E-04  7.736E-04  7.316E-04  6.085E-04
  295.5000  1.512E-03  1.804E-03  1.917E-03  1.824E-03  1.547E-03
  296.5000  2.671E-03  3.130E-03  3.307E-03  3.162E-03  2.727E-03
  297.5000  5.173E-03  5.969E-03  6.273E-03  6.024E-03  5.271E-03
  298.5000  6.222E-03  7.087E-03  7.414E-03  7.146E-03  6.330E-03
  299.5000  1.399E-02  1.574E-02  1.640E-02  1.586E-02  1.421E-02
  300.5000  1.321E-02  1.472E-02  1.528E-02  1.482E-02  1.340E-02
  301.5000  2.641E-02  2.913E-02  3.014E-02  2.931E-02  2.675E-02
  302.5000  3.308E-02  3.625E-02  3.742E-02  3.646E-02  3.348E-02
  303.5000  5.678E-02  6.173E-02  6.355E-02  6.206E-02  5.741E-02
  304.5000  6.238E-02  6.750E-02  6.938E-02  6.784E-02  6.303E-02
  305.5000  8.293E-02  8.914E-02  9.141E-02  8.955E-02  8.372E-02
  306.5000  8.688E-02  9.311E-02  9.538E-02  9.352E-02  8.768E-02
  307.5000  1.260E-01  1.343E-01  1.373E-01  1.349E-01  1.271E-01
  308.5000  1.415E-01  1.504E-01  1.537E-01  1.510E-01  1.426E-01
  309.5000  1.252E-01  1.326E-01  1.353E-01  1.331E-01  1.261E-01
  310.5000  1.709E-01  1.806E-01  1.841E-01  1.812E-01  1.722E-01
  311.5000  2.204E-01  2.324E-01  2.368E-01  2.332E-01  2.219E-01
  312.5000  2.156E-01  2.267E-01  2.307E-01  2.275E-01  2.171E-01
  313.5000  2.448E-01  2.572E-01  2.616E-01  2.580E-01  2.464E-01
  314.5000  2.452E-01  2.569E-01  2.611E-01  2.576E-01  2.467E-01
  315.5000  2.533E-01  2.653E-01  2.696E-01  2.661E-01  2.549E-01
  316.5000  2.526E-01  2.640E-01  2.681E-01  2.648E-01  2.541E-01
  317.5000  3.573E-01  3.733E-01  3.791E-01  3.744E-01  3.593E-01
  318.5000  2.813E-01  2.934E-01  2.977E-01  2.942E-01  2.828E-01
  319.5000  3.433E-01  3.579E-01  3.631E-01  3.588E-01  3.451E-01
  320.5000  4.177E-01  4.353E-01  4.416E-01  4.364E-01  4.200E-01
  321.5000  3.548E-01  3.690E-01  3.742E-01  3.700E-01  3.566E-01
  322.5000  3.571E-01  3.719E-01  3.773E-01  3.729E-01  3.590E-01
  323.5000  3.678E-01  3.822E-01  3.874E-01  3.832E-01  3.696E-01
  324.5000  4.316E-01  4.486E-01  4.547E-01  4.497E-01  4.338E-01
  325.5000  4.838E-01  5.029E-01  5.098E-01  5.042E-01  4.863E-01
  326.5000  5.846E-01  6.071E-01  6.151E-01  6.085E-01  5.877E-01
  327.5000  5.448E-01  5.658E-01  5.733E-01  5.671E-01  5.475E-01
  328.5000  5.030E-01  5.223E-01  5.292E-01  5.236E-01  5.055E-01
  329.5000  6.510E-01  6.752E-01  6.839E-01  6.768E-01  6.541E-01
  330.5000  5.922E-01  6.145E-01  6.225E-01  6.160E-01  5.951E-01
  331.5000  5.853E-01  6.073E-01  6.148E-01  6.087E-01  5.881E-01
  332.5000  5.754E-01  5.966E-01  6.042E-01  5.980E-01  5.782E-01
  333.5000  5.410E-01  5.611E-01  5.683E-01  5.624E-01  5.436E-01
  334.5000  6.042E-01  6.264E-01  6.344E-01  6.279E-01  6.070E-01
  335.5000  6.118E-01  6.341E-01  6.421E-01  6.356E-01  6.147E-01
  336.5000  4.784E-01  4.958E-01  5.021E-01  4.969E-01  4.806E-01
  337.5000  5.253E-01  5.446E-01  5.515E-01  5.459E-01  5.278E-01
  338.5000  5.539E-01  5.740E-01  5.811E-01  5.753E-01  5.565E-01
  339.5000  6.020E-01  6.237E-01  6.315E-01  6.251E-01  6.048E-01
  340.5000  6.437E-01  6.670E-01  6.753E-01  6.685E-01  6.467E-01
  341.5000  5.713E-01  5.918E-01  5.992E-01  5.932E-01  5.739E-01
  342.5000  6.327E-01  6.554E-01  6.635E-01  6.569E-01  6.356E-01
  343.5000  6.572E-01  6.808E-01  6.892E-01  6.823E-01  6.602E-01
  344.5000  4.607E-01  4.772E-01  4.831E-01  4.782E-01  4.628E-01
  345.5000  6.307E-01  6.531E-01  6.612E-01  6.546E-01  6.336E-01
  346.5000  5.900E-01  6.111E-01  6.186E-01  6.124E-01  5.928E-01
  347.5000  5.764E-01  5.969E-01  6.042E-01  5.982E-01  5.790E-01
  348.5000  6.332E-01  6.557E-01  6.638E-01  6.572E-01  6.361E-01
  349.5000  5.306E-01  5.494E-01  5.561E-01  5.506E-01  5.330E-01
  350.5000  7.427E-01  7.690E-01  7.784E-01  7.707E-01  7.461E-01
  351.5000  6.400E-01  6.626E-01  6.707E-01  6.641E-01  6.429E-01
  352.5000  5.770E-01  5.974E-01  6.047E-01  5.987E-01  5.797E-01
  353.5000  6.944E-01  7.188E-01  7.276E-01  7.204E-01  6.976E-01
  354.5000  7.513E-01  7.777E-01  7.871E-01  7.794E-01  7.547E-01
  355.5000  7.020E-01  7.266E-01  7.354E-01  7.282E-01  7.052E-01
  356.5000  6.513E-01  6.741E-01  6.822E-01  6.756E-01  6.542E-01
  357.5000  5.537E-01  5.730E-01  5.800E-01  5.743E-01  5.562E-01
  358.5000  4.272E-01  4.421E-01  4.474E-01  4.430E-01  4.291E-01
  359.5000  7.187E-01  7.437E-01  7.527E-01  7.454E-01  7.220E-01
  360.5000  6.661E-01  6.892E-01  6.975E-01  6.907E-01  6.690E-01
  361.5000  6.003E-01  6.211E-01  6.286E-01  6.225E-01  6.030E-01
  362.5000  7.048E-01  7.292E-01  7.379E-01  7.308E-01  7.079E-01
  363.5000  6.268E-01  6.485E-01  6.562E-01  6.499E-01  6.296E-01
  364.5000  6.836E-01  7.072E-01  7.157E-01  7.088E-01  6.867E-01
  365.5000  8.328E-01  8.615E-01  8.718E-01  8.634E-01  8.365E-01
  366.5000  8.812E-01  9.115E-01  9.223E-01  9.135E-01  8.851E-01
  367.5000  8.365E-01  8.652E-01  8.755E-01  8.671E-01  8.402E-01
  368.5000  7.346E-01  7.598E-01  7.688E-01  7.615E-01  7.379E-01
  369.5000  8.810E-01  9.112E-01  9.220E-01  9.131E-01  8.849E-01
  370.5000  7.991E-01  8.264E-01  8.362E-01  8.282E-01  8.026E-01
  371.5000  9.142E-01  9.454E-01  9.565E-01  9.474E-01  9.182E-01
  372.5000  6.751E-01  6.981E-01  7.063E-01  6.996E-01  6.781E-01
  373.5000  6.101E-01  6.308E-01  6.383E-01  6.322E-01  6.128E-01
  374.5000  6.695E-01  6.922E-01  7.003E-01  6.937E-01  6.724E-01
  375.5000  7.552E-01  7.808E-01  7.899E-01  7.824E-01  7.585E-01
  376.5000  7.539E-01  7.795E-01  7.886E-01  7.811E-01  7.572E-01
  377.5000  8.976E-01  9.279E-01  9.388E-01  9.299E-01  9.015E-01
  378.5000  9.781E-01  1.011E+00  1.023E+00  1.013E+00  9.823E-01
  379.5000  7.235E-01  7.479E-01  7.566E-01  7.495E-01  7.266E-01
  380.5000  8.699E-01  8.992E-01  9.097E-01  9.011E-01  8.737E-01
  381.5000  8.173E-01  8.448E-01  8.546E-01  8.466E-01  8.208E-01
  382.5000  5.445E-01  5.628E-01  5.693E-01  5.640E-01  5.468E-01
  383.5000  4.780E-01  4.941E-01  4.998E-01  4.951E-01  4.801E-01
  384.5000  7.172E-01  7.413E-01  7.499E-01  7.428E-01  7.203E-01
  385.5000  7.095E-01  7.332E-01  7.417E-01  7.348E-01  7.125E-01
  386.5000  7.231E-01  7.472E-01  7.559E-01  7.488E-01  7.262E-01
  387.5000  6.719E-01  6.943E-01  7.023E-01  6.958E-01  6.748E-01
  388.5000  6.733E-01  6.958E-01  7.038E-01  6.972E-01  6.762E-01
  389.5000  8.490E-01  8.772E-01  8.873E-01  8.791E-01  8.526E-01
  390.5000  8.337E-01  8.615E-01  8.714E-01  8.633E-01  8.373E-01
  391.5000  9.890E-01  1.022E+00  1.034E+00  1.024E+00  9.932E-01
  392.5000  7.415E-01  7.661E-01  7.749E-01  7.677E-01  7.447E-01
  393.5000  3.223E-01  3.330E-01  3.368E-01  3.337E-01  3.237E-01
  394.5000  7.583E-01  7.834E-01  7.924E-01  7.850E-01  7.616E-01
  395.5000  9.755E-01  1.008E+00  1.019E+00  1.010E+00  9.797E-01
  396.5000  5.728E-01  5.917E-01  5.984E-01  5.929E-01  5.752E-01
  397.5000  6.608E-01  6.826E-01  6.904E-01  6.840E-01  6.636E-01
  398.5000  1.135E+00  1.173E+00  1.186E+00  1.175E+00  1.140E+00
  399.5000  1.181E+00  1.220E+00  1.234E+00  1.222E+00  1.186E+00
  400.5000  1.241E+00  1.282E+00  1.297E+00  1.285E+00  1.246E+00
  401.5000  1.277E+00  1.319E+00  1.334E+00  1.322E+00  1.282E+00
  402.5000  1.325E+00  1.369E+00  1.384E+00  1.372E+00  1.331E+00
  403.5000  1.213E+00  1.253E+00  1.267E+00  1.255E+00  1.218E+00
  404.5000  1.190E+00  1.229E+00  1.242E+00  1.231E+00  1.195E+00
  405.5000  1.236E+00  1.276E+00  1.290E+00  1.279E+00  1.241E+00
  406.5000  1.164E+00  1.202E+00  1.215E+00  1.204E+00  1.169E+00
  407.5000  1.173E+00  1.211E+00  1.225E+00  1.214E+00  1.178E+00
  408.5000  1.306E+00  1.349E+00  1.364E+00  1.352E+00  1.312E+00
  409.5000  1.281E+00  1.322E+00  1.337E+00  1.325E+00  1.286E+00
  410.5000  1.110E+00  1.146E+00  1.159E+00  1.149E+00  1.115E+00
  411.5000  1.334E+00  1.378E+00  1.393E+00  1.381E+00  1.340E+00
  412.5000  1.323E+00  1.365E+00  1.381E+00  1.368E+00  1.328E+00
  413.5000  1.283E+00  1.324E+00  1.339E+00  1.327E+00  1.288E+00
  414.5000  1.318E+00  1.361E+00  1.376E+00  1.363E+00  1.324E+00
  415.5000  1.261E+00  1.301E+00  1.316E+00  1.304E+00  1.266E+00
  416.5000  1.372E+00  1.416E+00  1.432E+00  1.419E+00  1.378E+00
  417.5000  1.254E+00  1.294E+00  1.309E+00  1.297E+00  1.259E+00
  418.5000  1.264E+00  1.304E+00  1.319E+00  1.307E+00  1.269E+00
  419.5000  1.305E+00  1.347E+00  1.362E+00  1.350E+00  1.311E+00
------------------------------------------------------------
Dose rates, W m-2
   1 = UV-B, 280-315 nm                                  
   2 = UV-A, 315-400 nm                                  
   3 = Gaussian, 320 nm, 10 nm FWHM                      
   4 = RB Meter, model 501                               
   5 = DNA damage, in vitro (Setlow, 1974)               
   6 = UV index (WMO, 1994; Webb et al., 2011)           
   7 = Previtamin-D3 (CIE 2006)                          
values at z =      0.000 km
Columns: time, sza, weighting spectra
time, hrs.  sza, deg.          1          2          3          4          5          6          7
   11.0000     28.611  1.882E+00  5.469E+01  3.525E-01  5.636E-01  7.016E-03  1.087E+01  5.449E-01
   11.5000     25.569  1.998E+00  5.661E+01  3.674E-01  6.019E-01  7.712E-03  1.166E+01  5.855E-01
   12.0000     24.398  2.040E+00  5.730E+01  3.727E-01  6.159E-01  7.972E-03  1.195E+01  6.003E-01
   12.5000     25.359  2.005E+00  5.674E+01  3.684E-01  6.044E-01  7.759E-03  1.171E+01  5.882E-01
   13.0000     28.235  1.897E+00  5.493E+01  3.544E-01  5.685E-01  7.103E-03  1.097E+01  5.500E-01
------------------------------------------------------------
