Spectral Irradiance, W m-2 nm-1
values at z =      0.000 km
Columns: wavelength (nm), times (hrs.) or sza (deg.)
    wc, nm     11.000     11.500     12.000     12.500     13.000
    sza =      65.400     64.174     63.692     63.971     65.000
  280.5000  3.281E-27  3.768E-27  4.001E-27  3.863E-27  3.426E-27
  281.5000  1.005E-24  1.160E-24  1.234E-24  1.190E-24  1.051E-24
  282.5000  9.452E-23  1.096E-22  1.168E-22  1.125E-22  9.897E-23
  283.5000  1.635E-21  1.902E-21  2.032E-21  1.955E-21  1.714E-21
  284.5000  1.826E-19  2.143E-19  2.301E-19  2.207E-19  1.919E-19
  285.5000  3.779E-18  4.477E-18  4.833E-18  4.620E-18  3.981E-18
  286.5000  1.762E-16  2.110E-16  2.292E-16  2.183E-16  1.861E-16
  287.5000  4.716E-15  5.748E-15  6.310E-15  5.971E-15  5.006E-15
  288.5000  1.301E-13  1.634E-13  1.823E-13  1.708E-13  1.392E-13
  289.5000  2.481E-12  3.213E-12  3.637E-12  3.379E-12  2.678E-12
  290.5000  2.905E-11  3.886E-11  4.459E-11  4.111E-11  3.167E-11
  291.5000  3.235E-10  4.505E-10  5.242E-10  4.795E-10  3.574E-10
  292.5000  2.278E-09  3.271E-09  3.837E-09  3.495E-09  2.545E-09
  293.5000  1.896E-08  2.778E-08  3.268E-08  2.973E-08  2.136E-08
  294.5000  8.553E-08  1.261E-07  1.481E-07  1.349E-07  9.672E-08
  295.5000  5.599E-07  8.212E-07  9.579E-07  8.761E-07  6.332E-07
  296.5000  2.226E-06  3.216E-06  3.719E-06  3.419E-06  2.508E-06
  297.5000  8.962E-06  1.268E-05  1.452E-05  1.343E-05  1.004E-05
  298.5000  2.023E-05  2.799E-05  3.172E-05  2.951E-05  2.251E-05
  299.5000  8.336E-05  1.124E-04  1.260E-04  1.180E-04  9.202E-05
  300.5000  1.257E-04  1.658E-04  1.842E-04  1.734E-04  1.378E-04
  301.5000  4.204E-04  5.404E-04  5.943E-04  5.627E-04  4.570E-04
  302.5000  7.394E-04  9.335E-04  1.019E-03  9.691E-04  7.990E-04
  303.5000  1.902E-03  2.348E-03  2.542E-03  2.428E-03  2.040E-03
  304.5000  2.639E-03  3.215E-03  3.463E-03  3.318E-03  2.818E-03
  305.5000  4.982E-03  5.946E-03  6.355E-03  6.116E-03  5.284E-03
  306.5000  6.067E-03  7.178E-03  7.646E-03  7.373E-03  6.417E-03
  307.5000  1.178E-02  1.369E-02  1.448E-02  1.402E-02  1.238E-02
  308.5000  1.477E-02  1.706E-02  1.800E-02  1.745E-02  1.550E-02
  309.5000  1.585E-02  1.809E-02  1.901E-02  1.847E-02  1.657E-02
  310.5000  2.486E-02  2.812E-02  2.945E-02  2.868E-02  2.590E-02
  311.5000  3.511E-02  3.949E-02  4.127E-02  4.024E-02  3.651E-02
  312.5000  4.042E-02  4.500E-02  4.685E-02  4.578E-02  4.189E-02
  313.5000  4.770E-02  5.298E-02  5.512E-02  5.388E-02  4.940E-02
  314.5000  5.491E-02  6.045E-02  6.268E-02  6.139E-02  5.669E-02
  315.5000  5.810E-02  6.387E-02  6.619E-02  6.485E-02  5.996E-02
  316.5000  6.454E-02  7.046E-02  7.284E-02  7.146E-02  6.645E-02
  317.5000  9.144E-02  9.983E-02  1.032E-01  1.012E-01  9.415E-02
  318.5000  7.947E-02  8.621E-02  8.891E-02  8.735E-02  8.165E-02
  319.5000  9.891E-02  1.072E-01  1.105E-01  1.086E-01  1.016E-01
  320.5000  1.233E-01  1.334E-01  1.374E-01  1.351E-01  1.265E-01
  321.5000  1.145E-01  1.232E-01  1.267E-01  1.247E-01  1.173E-01
  322.5000  1.078E-01  1.165E-01  1.200E-01  1.180E-01  1.106E-01
  323.5000  1.238E-01  1.328E-01  1.364E-01  1.344E-01  1.267E-01
  324.5000  1.449E-01  1.555E-01  1.597E-01  1.573E-01  1.484E-01
  325.5000  1.604E-01  1.723E-01  1.770E-01  1.743E-01  1.643E-01
  326.5000  2.087E-01  2.231E-01  2.288E-01  2.255E-01  2.134E-01
  327.5000  1.902E-01  2.037E-01  2.090E-01  2.059E-01  1.946E-01
  328.5000  1.760E-01  1.884E-01  1.933E-01  1.905E-01  1.800E-01
  329.5000  2.405E-01  2.566E-01  2.630E-01  2.593E-01  2.458E-01
  330.5000  2.143E-01  2.290E-01  2.348E-01  2.314E-01  2.191E-01
  331.5000  2.111E-01  2.256E-01  2.314E-01  2.281E-01  2.158E-01
  332.5000  2.160E-01  2.303E-01  2.359E-01  2.327E-01  2.207E-01
  333.5000  2.000E-01  2.135E-01  2.188E-01  2.157E-01  2.044E-01
  334.5000  2.256E-01  2.406E-01  2.465E-01  2.431E-01  2.305E-01
  335.5000  2.330E-01  2.482E-01  2.542E-01  2.507E-01  2.379E-01
  336.5000  1.814E-01  1.933E-01  1.980E-01  1.953E-01  1.853E-01
  337.5000  1.970E-01  2.101E-01  2.152E-01  2.122E-01  2.012E-01
  338.5000  2.120E-01  2.258E-01  2.312E-01  2.281E-01  2.165E-01
  339.5000  2.313E-01  2.463E-01  2.522E-01  2.488E-01  2.362E-01
  340.5000  2.459E-01  2.620E-01  2.683E-01  2.646E-01  2.511E-01
  341.5000  2.207E-01  2.349E-01  2.406E-01  2.373E-01  2.253E-01
  342.5000  2.452E-01  2.610E-01  2.672E-01  2.636E-01  2.503E-01
  343.5000  2.542E-01  2.706E-01  2.771E-01  2.733E-01  2.595E-01
  344.5000  1.777E-01  1.892E-01  1.938E-01  1.912E-01  1.815E-01
  345.5000  2.460E-01  2.617E-01  2.679E-01  2.643E-01  2.511E-01
  346.5000  2.291E-01  2.439E-01  2.497E-01  2.463E-01  2.339E-01
  347.5000  2.243E-01  2.387E-01  2.444E-01  2.411E-01  2.290E-01
  348.5000  2.472E-01  2.631E-01  2.693E-01  2.657E-01  2.524E-01
  349.5000  2.074E-01  2.207E-01  2.259E-01  2.229E-01  2.117E-01
  350.5000  2.908E-01  3.094E-01  3.167E-01  3.125E-01  2.968E-01
  351.5000  2.507E-01  2.668E-01  2.731E-01  2.694E-01  2.559E-01
  352.5000  2.265E-01  2.410E-01  2.467E-01  2.434E-01  2.312E-01
  353.5000  2.732E-01  2.906E-01  2.975E-01  2.935E-01  2.789E-01
  354.5000  2.962E-01  3.151E-01  3.226E-01  3.182E-01  3.024E-01
  355.5000  2.772E-01  2.948E-01  3.018E-01  2.977E-01  2.829E-01
  356.5000  2.575E-01  2.738E-01  2.803E-01  2.766E-01  2.628E-01
  357.5000  2.191E-01  2.331E-01  2.386E-01  2.354E-01  2.237E-01
  358.5000  1.694E-01  1.801E-01  1.843E-01  1.819E-01  1.729E-01
  359.5000  2.853E-01  3.034E-01  3.105E-01  3.064E-01  2.912E-01
  360.5000  2.648E-01  2.815E-01  2.881E-01  2.843E-01  2.702E-01
  361.5000  2.390E-01  2.541E-01  2.601E-01  2.566E-01  2.439E-01
  362.5000  2.810E-01  2.988E-01  3.058E-01  3.017E-01  2.868E-01
  363.5000  2.503E-01  2.660E-01  2.723E-01  2.687E-01  2.554E-01
  364.5000  2.733E-01  2.905E-01  2.973E-01  2.934E-01  2.789E-01
  365.5000  3.333E-01  3.543E-01  3.626E-01  3.578E-01  3.401E-01
  366.5000  3.531E-01  3.754E-01  3.841E-01  3.790E-01  3.604E-01
  367.5000  3.357E-01  3.568E-01  3.651E-01  3.603E-01  3.425E-01
  368.5000  2.952E-01  3.137E-01  3.210E-01  3.168E-01  3.012E-01
  369.5000  3.544E-01  3.767E-01  3.855E-01  3.804E-01  3.617E-01
  370.5000  3.219E-01  3.421E-01  3.500E-01  3.454E-01  3.285E-01
  371.5000  3.687E-01  3.918E-01  4.009E-01  3.956E-01  3.762E-01
  372.5000  2.726E-01  2.897E-01  2.964E-01  2.925E-01  2.782E-01
  373.5000  2.467E-01  2.621E-01  2.682E-01  2.647E-01  2.517E-01
  374.5000  2.710E-01  2.879E-01  2.946E-01  2.908E-01  2.765E-01
  375.5000  3.061E-01  3.252E-01  3.327E-01  3.284E-01  3.123E-01
  376.5000  3.060E-01  3.250E-01  3.326E-01  3.282E-01  3.122E-01
  377.5000  3.647E-01  3.874E-01  3.964E-01  3.912E-01  3.721E-01
  378.5000  3.979E-01  4.227E-01  4.324E-01  4.268E-01  4.060E-01
  379.5000  2.947E-01  3.130E-01  3.202E-01  3.160E-01  3.007E-01
  380.5000  3.548E-01  3.768E-01  3.855E-01  3.804E-01  3.619E-01
  381.5000  3.337E-01  3.544E-01  3.626E-01  3.578E-01  3.404E-01
  382.5000  2.226E-01  2.364E-01  2.418E-01  2.387E-01  2.271E-01
  383.5000  1.956E-01  2.078E-01  2.125E-01  2.098E-01  1.996E-01
  384.5000  2.939E-01  3.121E-01  3.192E-01  3.151E-01  2.998E-01
  385.5000  2.911E-01  3.090E-01  3.161E-01  3.120E-01  2.969E-01
  386.5000  2.970E-01  3.153E-01  3.225E-01  3.184E-01  3.030E-01
  387.5000  2.763E-01  2.933E-01  3.000E-01  2.961E-01  2.818E-01
  388.5000  2.772E-01  2.943E-01  3.010E-01  2.971E-01  2.828E-01
  389.5000  3.499E-01  3.714E-01  3.799E-01  3.750E-01  3.569E-01
  390.5000  3.440E-01  3.652E-01  3.735E-01  3.687E-01  3.509E-01
  391.5000  4.085E-01  4.336E-01  4.435E-01  4.378E-01  4.167E-01
  392.5000  3.067E-01  3.255E-01  3.329E-01  3.286E-01  3.128E-01
  393.5000  1.334E-01  1.416E-01  1.448E-01  1.430E-01  1.361E-01
  394.5000  3.143E-01  3.336E-01  3.411E-01  3.368E-01  3.206E-01
  395.5000  4.048E-01  4.296E-01  4.393E-01  4.337E-01  4.129E-01
  396.5000  2.379E-01  2.525E-01  2.582E-01  2.549E-01  2.427E-01
  397.5000  2.748E-01  2.916E-01  2.982E-01  2.944E-01  2.803E-01
  398.5000  4.727E-01  5.016E-01  5.129E-01  5.063E-01  4.821E-01
  399.5000  4.922E-01  5.222E-01  5.339E-01  5.271E-01  5.019E-01
  400.5000  5.179E-01  5.494E-01  5.618E-01  5.547E-01  5.282E-01
  401.5000  5.334E-01  5.658E-01  5.786E-01  5.712E-01  5.439E-01
  402.5000  5.542E-01  5.879E-01  6.012E-01  5.935E-01  5.652E-01
  403.5000  5.078E-01  5.386E-01  5.507E-01  5.437E-01  5.178E-01
  404.5000  4.985E-01  5.287E-01  5.406E-01  5.337E-01  5.084E-01
  405.5000  5.183E-01  5.497E-01  5.621E-01  5.549E-01  5.286E-01
  406.5000  4.887E-01  5.183E-01  5.299E-01  5.232E-01  4.983E-01
  407.5000  4.931E-01  5.229E-01  5.347E-01  5.279E-01  5.029E-01
  408.5000  5.497E-01  5.829E-01  5.959E-01  5.884E-01  5.605E-01
  409.5000  5.394E-01  5.719E-01  5.847E-01  5.773E-01  5.500E-01
  410.5000  4.682E-01  4.964E-01  5.075E-01  5.011E-01  4.774E-01
  411.5000  5.633E-01  5.972E-01  6.105E-01  6.028E-01  5.743E-01
  412.5000  5.588E-01  5.924E-01  6.056E-01  5.980E-01  5.698E-01
  413.5000  5.425E-01  5.751E-01  5.879E-01  5.805E-01  5.531E-01
  414.5000  5.580E-01  5.915E-01  6.047E-01  5.971E-01  5.690E-01
  415.5000  5.342E-01  5.663E-01  5.788E-01  5.716E-01  5.447E-01
  416.5000  5.819E-01  6.168E-01  6.305E-01  6.226E-01  5.933E-01
  417.5000  5.324E-01  5.643E-01  5.768E-01  5.696E-01  5.428E-01
  418.5000  5.371E-01  5.692E-01  5.818E-01  5.745E-01  5.476E-01
  419.5000  5.553E-01  5.885E-01  6.015E-01  5.940E-01  5.661E-01
------------------------------------------------------------
Dose rates, W m-2
   1 = UV-B, 280-315 nm                                  
   2 = UV-A, 315-400 nm                                  
   3 = Gaussian, 320 nm, 10 nm FWHM                      
   4 = RB Meter, model 501                               
   5 = DNA damage, in vitro (Setlow, 1974)               
   6 = UV index (WMO, 1994; Webb et al., 2011)           
   7 = Previtamin-D3 (CIE 2006)                          
values at z =      0.000 km
Columns: time, sza, weighting spectra
time, hrs.  sza, deg.          1          2          3          4          5          6          7
   11.0000     65.400  2.624E-01  2.136E+01  1.046E-01  7.467E-02  4.005E-04  1.466E+00  5.045E-02
   11.5000     64.174  2.953E-01  2.273E+01  1.131E-01  8.349E-02  4.614E-04  1.625E+00  5.772E-02
   12.0000     63.692  3.089E-01  2.327E+01  1.164E-01  8.711E-02  4.870E-04  1.690E+00  6.074E-02
   12.5000     63.971  3.010E-01  2.296E+01  1.145E-01  8.501E-02  4.721E-04  1.652E+00  5.898E-02
   13.0000     65.000  2.729E-01  2.181E+01  1.074E-01  7.748E-02  4.197E-04  1.517E+00  5.275E-02
------------------------------------------------------------
