Spectral Irradiance, W m-2 nm-1
values at z =      0.000 km
Columns: wavelength (nm), times (hrs.) or sza (deg.)
    wc, nm     11.000     11.500     12.000     12.500     13.000
    sza =      53.074     51.712     51.333     51.958     53.553
  280.5000  1.152E-20  3.975E-20  5.538E-20  3.198E-20  7.315E-21
  281.5000  1.328E-18  4.098E-18  5.540E-18  3.362E-18  8.790E-19
  282.5000  5.359E-17  1.502E-16  1.979E-16  1.253E-16  3.673E-17
  283.5000  5.356E-16  1.411E-15  1.828E-15  1.190E-15  3.756E-16
  284.5000  2.147E-14  5.046E-14  6.343E-14  4.343E-14  1.570E-14
  285.5000  2.057E-13  4.447E-13  5.466E-13  3.883E-13  1.551E-13
  286.5000  5.266E-12  1.068E-11  1.290E-11  9.429E-12  4.064E-12
  287.5000  7.118E-11  1.344E-10  1.593E-10  1.202E-10  5.638E-11
  288.5000  9.050E-10  1.582E-09  1.837E-09  1.434E-09  7.373E-10
  289.5000  9.657E-09  1.598E-08  1.829E-08  1.463E-08  8.028E-09
  290.5000  6.757E-08  1.068E-07  1.207E-07  9.853E-08  5.712E-08
  291.5000  3.999E-07  5.999E-07  6.687E-07  5.587E-07  3.446E-07
  292.5000  1.601E-06  2.302E-06  2.536E-06  2.159E-06  1.400E-06
  293.5000  7.446E-06  1.028E-05  1.121E-05  9.717E-06  6.613E-06
  294.5000  2.052E-05  2.748E-05  2.971E-05  2.610E-05  1.843E-05
  295.5000  7.648E-05  9.907E-05  1.062E-04  9.466E-05  6.955E-05
  296.5000  1.850E-04  2.331E-04  2.480E-04  2.216E-04  1.694E-04
  297.5000  4.719E-04  5.806E-04  6.137E-04  5.598E-04  4.373E-04
  298.5000  7.156E-04  8.629E-04  9.071E-04  8.349E-04  6.681E-04
  299.5000  2.003E-03  2.369E-03  2.478E-03  2.300E-03  1.883E-03
  300.5000  2.233E-03  2.603E-03  2.712E-03  2.534E-03  2.111E-03
  301.5000  5.351E-03  6.141E-03  6.371E-03  5.994E-03  5.087E-03
  302.5000  7.547E-03  8.572E-03  8.805E-03  8.382E-03  7.202E-03
  303.5000  1.490E-02  1.672E-02  1.724E-02  1.638E-02  1.429E-02
  304.5000  1.775E-02  1.977E-02  2.035E-02  1.940E-02  1.706E-02
  305.5000  2.661E-02  2.933E-02  3.011E-02  2.883E-02  2.567E-02
  306.5000  2.936E-02  3.222E-02  3.303E-02  3.170E-02  2.836E-02
  307.5000  4.696E-02  5.104E-02  5.233E-02  5.040E-02  4.559E-02
  308.5000  5.484E-02  5.946E-02  6.077E-02  5.862E-02  5.323E-02
  309.5000  5.181E-02  5.586E-02  5.700E-02  5.511E-02  5.040E-02
  310.5000  7.416E-02  7.962E-02  8.115E-02  7.863E-02  7.225E-02
  311.5000  9.864E-02  1.056E-01  1.076E-01  1.044E-01  9.620E-02
  312.5000  1.020E-01  1.087E-01  1.105E-01  1.074E-01  9.963E-02
  313.5000  1.173E-01  1.249E-01  1.270E-01  1.235E-01  1.147E-01
  314.5000  1.232E-01  1.306E-01  1.326E-01  1.292E-01  1.206E-01
  315.5000  1.284E-01  1.360E-01  1.381E-01  1.346E-01  1.257E-01
  316.5000  1.328E-01  1.402E-01  1.423E-01  1.389E-01  1.302E-01
  317.5000  1.880E-01  1.985E-01  2.014E-01  1.966E-01  1.843E-01
  318.5000  1.530E-01  1.611E-01  1.633E-01  1.596E-01  1.502E-01
  319.5000  1.881E-01  1.979E-01  2.006E-01  1.961E-01  1.846E-01
  320.5000  2.308E-01  2.426E-01  2.459E-01  2.405E-01  2.266E-01
  321.5000  2.020E-01  2.118E-01  2.145E-01  2.100E-01  1.985E-01
  322.5000  1.990E-01  2.091E-01  2.119E-01  2.072E-01  1.954E-01
  323.5000  2.125E-01  2.226E-01  2.253E-01  2.208E-01  2.090E-01
  324.5000  2.493E-01  2.611E-01  2.644E-01  2.590E-01  2.451E-01
  325.5000  2.784E-01  2.917E-01  2.954E-01  2.893E-01  2.737E-01
  326.5000  3.450E-01  3.606E-01  3.650E-01  3.578E-01  3.394E-01
  327.5000  3.192E-01  3.339E-01  3.380E-01  3.313E-01  3.140E-01
  328.5000  2.951E-01  3.086E-01  3.124E-01  3.062E-01  2.903E-01
  329.5000  3.889E-01  4.062E-01  4.109E-01  4.031E-01  3.828E-01
  330.5000  3.516E-01  3.674E-01  3.717E-01  3.645E-01  3.460E-01
  331.5000  3.472E-01  3.628E-01  3.672E-01  3.600E-01  3.417E-01
  332.5000  3.460E-01  3.612E-01  3.654E-01  3.584E-01  3.407E-01
  333.5000  3.239E-01  3.382E-01  3.421E-01  3.356E-01  3.188E-01
  334.5000  3.630E-01  3.789E-01  3.833E-01  3.760E-01  3.574E-01
  335.5000  3.701E-01  3.861E-01  3.905E-01  3.832E-01  3.645E-01
  336.5000  2.891E-01  3.016E-01  3.051E-01  2.994E-01  2.847E-01
  337.5000  3.165E-01  3.303E-01  3.341E-01  3.278E-01  3.116E-01
  338.5000  3.360E-01  3.505E-01  3.545E-01  3.479E-01  3.309E-01
  339.5000  3.658E-01  3.815E-01  3.858E-01  3.787E-01  3.603E-01
  340.5000  3.906E-01  4.074E-01  4.120E-01  4.044E-01  3.847E-01
  341.5000  3.481E-01  3.629E-01  3.670E-01  3.602E-01  3.428E-01
  342.5000  3.860E-01  4.025E-01  4.070E-01  3.995E-01  3.802E-01
  343.5000  4.009E-01  4.179E-01  4.227E-01  4.149E-01  3.948E-01
  344.5000  2.809E-01  2.928E-01  2.962E-01  2.907E-01  2.766E-01
  345.5000  3.860E-01  4.023E-01  4.069E-01  3.994E-01  3.803E-01
  346.5000  3.608E-01  3.761E-01  3.803E-01  3.733E-01  3.554E-01
  347.5000  3.528E-01  3.677E-01  3.718E-01  3.650E-01  3.475E-01
  348.5000  3.882E-01  4.045E-01  4.091E-01  4.016E-01  3.824E-01
  349.5000  3.255E-01  3.392E-01  3.430E-01  3.367E-01  3.206E-01
  350.5000  4.560E-01  4.752E-01  4.805E-01  4.718E-01  4.492E-01
  351.5000  3.932E-01  4.097E-01  4.143E-01  4.067E-01  3.873E-01
  352.5000  3.549E-01  3.697E-01  3.738E-01  3.671E-01  3.496E-01
  353.5000  4.275E-01  4.454E-01  4.503E-01  4.422E-01  4.212E-01
  354.5000  4.631E-01  4.824E-01  4.877E-01  4.789E-01  4.562E-01
  355.5000  4.330E-01  4.510E-01  4.560E-01  4.478E-01  4.266E-01
  356.5000  4.020E-01  4.187E-01  4.234E-01  4.157E-01  3.961E-01
  357.5000  3.420E-01  3.562E-01  3.602E-01  3.537E-01  3.370E-01
  358.5000  2.641E-01  2.750E-01  2.781E-01  2.731E-01  2.602E-01
  359.5000  4.447E-01  4.631E-01  4.682E-01  4.598E-01  4.382E-01
  360.5000  4.124E-01  4.295E-01  4.342E-01  4.264E-01  4.064E-01
  361.5000  3.720E-01  3.874E-01  3.916E-01  3.846E-01  3.666E-01
  362.5000  4.371E-01  4.551E-01  4.601E-01  4.519E-01  4.307E-01
  363.5000  3.891E-01  4.051E-01  4.095E-01  4.022E-01  3.834E-01
  364.5000  4.246E-01  4.421E-01  4.469E-01  4.389E-01  4.184E-01
  365.5000  5.176E-01  5.389E-01  5.447E-01  5.350E-01  5.101E-01
  366.5000  5.481E-01  5.706E-01  5.768E-01  5.665E-01  5.401E-01
  367.5000  5.207E-01  5.420E-01  5.479E-01  5.382E-01  5.131E-01
  368.5000  4.576E-01  4.763E-01  4.815E-01  4.730E-01  4.510E-01
  369.5000  5.492E-01  5.716E-01  5.778E-01  5.676E-01  5.412E-01
  370.5000  4.985E-01  5.188E-01  5.244E-01  5.152E-01  4.913E-01
  371.5000  5.707E-01  5.939E-01  6.003E-01  5.897E-01  5.624E-01
  372.5000  4.217E-01  4.389E-01  4.436E-01  4.358E-01  4.157E-01
  373.5000  3.814E-01  3.968E-01  4.011E-01  3.941E-01  3.759E-01
  374.5000  4.188E-01  4.357E-01  4.404E-01  4.327E-01  4.127E-01
  375.5000  4.727E-01  4.918E-01  4.971E-01  4.884E-01  4.659E-01
  376.5000  4.723E-01  4.913E-01  4.966E-01  4.879E-01  4.655E-01
  377.5000  5.626E-01  5.853E-01  5.916E-01  5.812E-01  5.546E-01
  378.5000  6.135E-01  6.382E-01  6.450E-01  6.338E-01  6.047E-01
  379.5000  4.541E-01  4.724E-01  4.774E-01  4.691E-01  4.476E-01
  380.5000  5.464E-01  5.683E-01  5.743E-01  5.644E-01  5.386E-01
  381.5000  5.136E-01  5.342E-01  5.399E-01  5.305E-01  5.063E-01
  382.5000  3.424E-01  3.561E-01  3.599E-01  3.537E-01  3.375E-01
  383.5000  3.008E-01  3.128E-01  3.162E-01  3.107E-01  2.965E-01
  384.5000  4.516E-01  4.697E-01  4.746E-01  4.664E-01  4.452E-01
  385.5000  4.470E-01  4.649E-01  4.698E-01  4.617E-01  4.407E-01
  386.5000  4.559E-01  4.740E-01  4.790E-01  4.708E-01  4.494E-01
  387.5000  4.239E-01  4.407E-01  4.454E-01  4.377E-01  4.179E-01
  388.5000  4.251E-01  4.419E-01  4.466E-01  4.389E-01  4.191E-01
  389.5000  5.363E-01  5.575E-01  5.634E-01  5.537E-01  5.287E-01
  390.5000  5.270E-01  5.478E-01  5.536E-01  5.441E-01  5.196E-01
  391.5000  6.255E-01  6.502E-01  6.570E-01  6.457E-01  6.167E-01
  392.5000  4.692E-01  4.878E-01  4.929E-01  4.844E-01  4.626E-01
  393.5000  2.041E-01  2.121E-01  2.144E-01  2.107E-01  2.012E-01
  394.5000  4.805E-01  4.994E-01  5.046E-01  4.960E-01  4.737E-01
  395.5000  6.184E-01  6.428E-01  6.495E-01  6.384E-01  6.098E-01
  396.5000  3.633E-01  3.776E-01  3.815E-01  3.750E-01  3.582E-01
  397.5000  4.194E-01  4.359E-01  4.404E-01  4.329E-01  4.136E-01
  398.5000  7.210E-01  7.493E-01  7.571E-01  7.442E-01  7.110E-01
  399.5000  7.503E-01  7.797E-01  7.878E-01  7.744E-01  7.398E-01
  400.5000  7.892E-01  8.200E-01  8.285E-01  8.144E-01  7.782E-01
  401.5000  8.123E-01  8.440E-01  8.527E-01  8.383E-01  8.010E-01
  402.5000  8.436E-01  8.765E-01  8.856E-01  8.706E-01  8.319E-01
  403.5000  7.725E-01  8.026E-01  8.109E-01  7.972E-01  7.618E-01
  404.5000  7.580E-01  7.875E-01  7.956E-01  7.822E-01  7.475E-01
  405.5000  7.878E-01  8.184E-01  8.268E-01  8.129E-01  7.769E-01
  406.5000  7.423E-01  7.711E-01  7.790E-01  7.659E-01  7.321E-01
  407.5000  7.487E-01  7.777E-01  7.857E-01  7.725E-01  7.384E-01
  408.5000  8.342E-01  8.665E-01  8.754E-01  8.607E-01  8.227E-01
  409.5000  8.181E-01  8.497E-01  8.584E-01  8.440E-01  8.069E-01
  410.5000  7.098E-01  7.372E-01  7.447E-01  7.322E-01  7.000E-01
  411.5000  8.535E-01  8.864E-01  8.955E-01  8.805E-01  8.418E-01
  412.5000  8.463E-01  8.788E-01  8.878E-01  8.730E-01  8.347E-01
  413.5000  8.211E-01  8.527E-01  8.614E-01  8.470E-01  8.099E-01
  414.5000  8.443E-01  8.767E-01  8.856E-01  8.709E-01  8.327E-01
  415.5000  8.079E-01  8.388E-01  8.474E-01  8.333E-01  7.968E-01
  416.5000  8.796E-01  9.133E-01  9.226E-01  9.072E-01  8.676E-01
  417.5000  8.044E-01  8.352E-01  8.437E-01  8.297E-01  7.934E-01
  418.5000  8.110E-01  8.420E-01  8.506E-01  8.365E-01  8.000E-01
  419.5000  8.381E-01  8.701E-01  8.790E-01  8.644E-01  8.267E-01
------------------------------------------------------------
Dose rates, W m-2
   1 = UV-B, 280-315 nm                                  
   2 = UV-A, 315-400 nm                                  
   3 = Gaussian, 320 nm, 10 nm FWHM                      
   4 = RB Meter, model 501                               
   5 = DNA damage, in vitro (Setlow, 1974)               
   6 = UV index (WMO, 1994; Webb et al., 2011)           
   7 = Previtamin-D3 (CIE 2006)                          
values at z =      0.000 km
Columns: time, sza, weighting spectra
time, hrs.  sza, deg.          1          2          3          4          5          6          7
   11.0000     53.074  7.761E-01  3.364E+01  1.946E-01  2.181E-01  1.823E-03  4.060E+00  1.877E-01
   11.5000     51.712  8.353E-01  3.504E+01  2.046E-01  2.355E-01  2.024E-03  4.385E+00  2.048E-01
   12.0000     51.333  8.520E-01  3.543E+01  2.073E-01  2.404E-01  2.082E-03  4.477E+00  2.096E-01
   12.5000     51.958  8.246E-01  3.479E+01  2.028E-01  2.323E-01  1.987E-03  4.326E+00  2.017E-01
   13.0000     53.553  7.556E-01  3.314E+01  1.911E-01  2.121E-01  1.755E-03  3.948E+00  1.818E-01
------------------------------------------------------------
