Spectral Irradiance, W m-2 nm-1
values at z =      0.000 km
Columns: wavelength (nm), times (hrs.) or sza (deg.)
    wc, nm     11.000     11.500     12.000     12.500     13.000
    sza =      91.646     91.238     91.128     91.317     91.804
  280.5000  1.021E-27  1.248E-27  1.309E-27  1.211E-27  9.285E-28
  281.5000  2.543E-25  3.106E-25  3.257E-25  3.013E-25  2.312E-25
  282.5000  1.992E-23  2.432E-23  2.550E-23  2.360E-23  1.812E-23
  283.5000  3.054E-22  3.727E-22  3.906E-22  3.616E-22  2.779E-22
  284.5000  2.719E-20  3.314E-20  3.472E-20  3.216E-20  2.474E-20
  285.5000  4.715E-19  5.743E-19  6.016E-19  5.574E-19  4.293E-19
  286.5000  1.907E-17  2.320E-17  2.430E-17  2.252E-17  1.737E-17
  287.5000  4.307E-16  5.236E-16  5.483E-16  5.084E-16  3.925E-16
  288.5000  9.666E-15  1.174E-14  1.228E-14  1.140E-14  8.812E-15
  289.5000  1.554E-13  1.885E-13  1.973E-13  1.831E-13  1.418E-13
  290.5000  1.539E-12  1.865E-12  1.951E-12  1.811E-12  1.404E-12
  291.5000  1.360E-11  1.646E-11  1.722E-11  1.600E-11  1.242E-11
  292.5000  7.607E-11  9.199E-11  9.621E-11  8.939E-11  6.947E-11
  293.5000  4.874E-10  5.889E-10  6.158E-10  5.723E-10  4.454E-10
  294.5000  1.737E-09  2.098E-09  2.193E-09  2.039E-09  1.588E-09
  295.5000  8.564E-09  1.033E-08  1.080E-08  1.004E-08  7.832E-09
  296.5000  2.636E-08  3.179E-08  3.323E-08  3.090E-08  2.411E-08
  297.5000  8.354E-08  1.007E-07  1.053E-07  9.790E-08  7.645E-08
  298.5000  1.533E-07  1.848E-07  1.932E-07  1.796E-07  1.403E-07
  299.5000  5.161E-07  6.223E-07  6.506E-07  6.048E-07  4.725E-07
  300.5000  6.688E-07  8.066E-07  8.435E-07  7.839E-07  6.123E-07
  301.5000  1.903E-06  2.297E-06  2.403E-06  2.232E-06  1.742E-06
  302.5000  3.021E-06  3.649E-06  3.818E-06  3.545E-06  2.766E-06
  303.5000  6.942E-06  8.395E-06  8.789E-06  8.153E-06  6.353E-06
  304.5000  9.065E-06  1.098E-05  1.149E-05  1.066E-05  8.294E-06
  305.5000  1.580E-05  1.917E-05  2.009E-05  1.860E-05  1.445E-05
  306.5000  1.866E-05  2.267E-05  2.377E-05  2.199E-05  1.706E-05
  307.5000  3.458E-05  4.214E-05  4.423E-05  4.086E-05  3.158E-05
  308.5000  4.288E-05  5.233E-05  5.495E-05  5.072E-05  3.914E-05
  309.5000  4.551E-05  5.574E-05  5.859E-05  5.398E-05  4.150E-05
  310.5000  7.173E-05  8.814E-05  9.274E-05  8.529E-05  6.534E-05
  311.5000  1.020E-04  1.256E-04  1.323E-04  1.215E-04  9.283E-05
  312.5000  1.220E-04  1.513E-04  1.596E-04  1.461E-04  1.109E-04
  313.5000  1.461E-04  1.814E-04  1.915E-04  1.751E-04  1.326E-04
  314.5000  1.805E-04  2.260E-04  2.391E-04  2.178E-04  1.634E-04
  315.5000  1.948E-04  2.441E-04  2.583E-04  2.352E-04  1.762E-04
  316.5000  2.392E-04  3.024E-04  3.208E-04  2.909E-04  2.158E-04
  317.5000  3.391E-04  4.285E-04  4.546E-04  4.123E-04  3.059E-04
  318.5000  3.402E-04  4.345E-04  4.622E-04  4.171E-04  3.058E-04
  319.5000  4.397E-04  5.624E-04  5.986E-04  5.398E-04  3.949E-04
  320.5000  5.714E-04  7.330E-04  7.808E-04  7.032E-04  5.126E-04
  321.5000  6.867E-04  8.907E-04  9.515E-04  8.527E-04  6.132E-04
  322.5000  5.215E-04  6.704E-04  7.145E-04  6.429E-04  4.674E-04
  323.5000  8.610E-04  1.122E-03  1.199E-03  1.073E-03  7.674E-04
  324.5000  9.901E-04  1.289E-03  1.377E-03  1.233E-03  8.828E-04
  325.5000  1.026E-03  1.334E-03  1.426E-03  1.277E-03  9.155E-04
  326.5000  1.914E-03  2.497E-03  2.669E-03  2.389E-03  1.704E-03
  327.5000  1.527E-03  1.991E-03  2.129E-03  1.905E-03  1.360E-03
  328.5000  1.406E-03  1.836E-03  1.963E-03  1.756E-03  1.252E-03
  329.5000  2.686E-03  3.493E-03  3.729E-03  3.345E-03  2.392E-03
  330.5000  2.055E-03  2.679E-03  2.863E-03  2.564E-03  1.829E-03
  331.5000  1.957E-03  2.554E-03  2.731E-03  2.444E-03  1.742E-03
  332.5000  2.619E-03  3.398E-03  3.626E-03  3.257E-03  2.333E-03
  333.5000  2.142E-03  2.788E-03  2.978E-03  2.670E-03  1.906E-03
  334.5000  2.563E-03  3.333E-03  3.559E-03  3.193E-03  2.282E-03
  335.5000  3.054E-03  3.953E-03  4.214E-03  3.790E-03  2.722E-03
  336.5000  2.273E-03  2.947E-03  3.144E-03  2.825E-03  2.025E-03
  337.5000  2.227E-03  2.897E-03  3.093E-03  2.774E-03  1.982E-03
  338.5000  2.791E-03  3.612E-03  3.851E-03  3.464E-03  2.487E-03
  339.5000  3.107E-03  4.019E-03  4.284E-03  3.855E-03  2.769E-03
  340.5000  3.111E-03  4.034E-03  4.303E-03  3.867E-03  2.772E-03
  341.5000  3.031E-03  3.918E-03  4.175E-03  3.759E-03  2.703E-03
  342.5000  3.417E-03  4.414E-03  4.703E-03  4.235E-03  3.047E-03
  343.5000  3.436E-03  4.444E-03  4.737E-03  4.263E-03  3.062E-03
  344.5000  2.323E-03  3.009E-03  3.209E-03  2.886E-03  2.070E-03
  345.5000  3.495E-03  4.512E-03  4.806E-03  4.330E-03  3.117E-03
  346.5000  3.087E-03  3.995E-03  4.258E-03  3.832E-03  2.751E-03
  347.5000  3.037E-03  3.929E-03  4.188E-03  3.769E-03  2.707E-03
  348.5000  3.408E-03  4.406E-03  4.695E-03  4.227E-03  3.038E-03
  349.5000  2.848E-03  3.683E-03  3.925E-03  3.533E-03  2.538E-03
  350.5000  4.007E-03  5.181E-03  5.521E-03  4.970E-03  3.571E-03
  351.5000  3.426E-03  4.432E-03  4.724E-03  4.251E-03  3.053E-03
  352.5000  3.111E-03  4.024E-03  4.289E-03  3.860E-03  2.773E-03
  353.5000  3.786E-03  4.896E-03  5.217E-03  4.697E-03  3.375E-03
  354.5000  4.135E-03  5.346E-03  5.696E-03  5.129E-03  3.686E-03
  355.5000  3.868E-03  5.001E-03  5.328E-03  4.798E-03  3.448E-03
  356.5000  3.588E-03  4.639E-03  4.942E-03  4.450E-03  3.198E-03
  357.5000  3.045E-03  3.938E-03  4.196E-03  3.778E-03  2.714E-03
  358.5000  2.361E-03  3.053E-03  3.253E-03  2.928E-03  2.104E-03
  359.5000  3.973E-03  5.138E-03  5.475E-03  4.929E-03  3.541E-03
  360.5000  3.685E-03  4.766E-03  5.078E-03  4.572E-03  3.284E-03
  361.5000  3.333E-03  4.310E-03  4.593E-03  4.135E-03  2.970E-03
  362.5000  3.921E-03  5.071E-03  5.404E-03  4.865E-03  3.494E-03
  363.5000  3.491E-03  4.515E-03  4.811E-03  4.331E-03  3.111E-03
  364.5000  3.805E-03  4.922E-03  5.245E-03  4.722E-03  3.390E-03
  365.5000  4.630E-03  5.990E-03  6.383E-03  5.746E-03  4.125E-03
  366.5000  4.908E-03  6.350E-03  6.767E-03  6.091E-03  4.373E-03
  367.5000  4.668E-03  6.040E-03  6.436E-03  5.794E-03  4.159E-03
  368.5000  4.100E-03  5.306E-03  5.655E-03  5.090E-03  3.653E-03
  369.5000  4.919E-03  6.366E-03  6.785E-03  6.107E-03  4.382E-03
  370.5000  4.463E-03  5.776E-03  6.156E-03  5.541E-03  3.975E-03
  371.5000  5.108E-03  6.612E-03  7.047E-03  6.343E-03  4.550E-03
  372.5000  3.775E-03  4.887E-03  5.209E-03  4.688E-03  3.363E-03
  373.5000  3.411E-03  4.416E-03  4.707E-03  4.235E-03  3.038E-03
  374.5000  3.742E-03  4.846E-03  5.165E-03  4.648E-03  3.333E-03
  375.5000  4.224E-03  5.470E-03  5.831E-03  5.247E-03  3.762E-03
  376.5000  4.220E-03  5.465E-03  5.825E-03  5.241E-03  3.758E-03
  377.5000  5.026E-03  6.509E-03  6.938E-03  6.243E-03  4.475E-03
  378.5000  5.477E-03  7.094E-03  7.562E-03  6.804E-03  4.877E-03
  379.5000  4.051E-03  5.248E-03  5.595E-03  5.033E-03  3.607E-03
  380.5000  4.872E-03  6.313E-03  6.730E-03  6.055E-03  4.338E-03
  381.5000  4.579E-03  5.933E-03  6.325E-03  5.690E-03  4.077E-03
  382.5000  3.051E-03  3.954E-03  4.216E-03  3.792E-03  2.717E-03
  383.5000  2.679E-03  3.472E-03  3.702E-03  3.330E-03  2.385E-03
  384.5000  4.021E-03  5.212E-03  5.556E-03  4.998E-03  3.580E-03
  385.5000  3.978E-03  5.157E-03  5.499E-03  4.946E-03  3.542E-03
  386.5000  4.055E-03  5.258E-03  5.606E-03  5.042E-03  3.610E-03
  387.5000  3.769E-03  4.887E-03  5.210E-03  4.686E-03  3.355E-03
  388.5000  3.777E-03  4.898E-03  5.223E-03  4.697E-03  3.362E-03
  389.5000  4.764E-03  6.178E-03  6.587E-03  5.924E-03  4.240E-03
  390.5000  4.679E-03  6.069E-03  6.472E-03  5.819E-03  4.165E-03
  391.5000  5.552E-03  7.201E-03  7.679E-03  6.905E-03  4.941E-03
  392.5000  4.163E-03  5.401E-03  5.759E-03  5.178E-03  3.705E-03
  393.5000  1.810E-03  2.348E-03  2.504E-03  2.251E-03  1.610E-03
  394.5000  4.258E-03  5.525E-03  5.892E-03  5.297E-03  3.789E-03
  395.5000  5.478E-03  7.109E-03  7.582E-03  6.816E-03  4.874E-03
  396.5000  3.217E-03  4.176E-03  4.453E-03  4.003E-03  2.862E-03
  397.5000  3.713E-03  4.820E-03  5.140E-03  4.621E-03  3.304E-03
  398.5000  6.381E-03  8.284E-03  8.835E-03  7.942E-03  5.677E-03
  399.5000  6.638E-03  8.617E-03  9.191E-03  8.261E-03  5.905E-03
  400.5000  6.978E-03  9.060E-03  9.664E-03  8.686E-03  6.207E-03
  401.5000  7.178E-03  9.321E-03  9.943E-03  8.936E-03  6.385E-03
  402.5000  7.452E-03  9.678E-03  1.032E-02  9.277E-03  6.628E-03
  403.5000  6.821E-03  8.860E-03  9.451E-03  8.493E-03  6.067E-03
  404.5000  6.691E-03  8.692E-03  9.272E-03  8.332E-03  5.952E-03
  405.5000  6.952E-03  9.031E-03  9.634E-03  8.657E-03  6.183E-03
  406.5000  6.547E-03  8.507E-03  9.075E-03  8.154E-03  5.823E-03
  407.5000  6.598E-03  8.574E-03  9.147E-03  8.219E-03  5.868E-03
  408.5000  7.346E-03  9.547E-03  1.019E-02  9.151E-03  6.532E-03
  409.5000  7.200E-03  9.358E-03  9.984E-03  8.970E-03  6.402E-03
  410.5000  6.244E-03  8.117E-03  8.660E-03  7.779E-03  5.552E-03
  411.5000  7.507E-03  9.759E-03  1.041E-02  9.354E-03  6.675E-03
  412.5000  7.444E-03  9.678E-03  1.033E-02  9.275E-03  6.618E-03
  413.5000  7.221E-03  9.390E-03  1.002E-02  8.999E-03  6.420E-03
  414.5000  7.422E-03  9.652E-03  1.030E-02  9.250E-03  6.598E-03
  415.5000  7.097E-03  9.229E-03  9.848E-03  8.845E-03  6.309E-03
  416.5000  7.720E-03  1.004E-02  1.072E-02  9.623E-03  6.863E-03
  417.5000  7.056E-03  9.180E-03  9.796E-03  8.797E-03  6.272E-03
  418.5000  7.113E-03  9.254E-03  9.875E-03  8.868E-03  6.322E-03
  419.5000  7.350E-03  9.563E-03  1.021E-02  9.164E-03  6.533E-03
------------------------------------------------------------
Dose rates, W m-2
   1 = UV-B, 280-315 nm                                  
   2 = UV-A, 315-400 nm                                  
   3 = Gaussian, 320 nm, 10 nm FWHM                      
   4 = RB Meter, model 501                               
   5 = DNA damage, in vitro (Setlow, 1974)               
   6 = UV index (WMO, 1994; Webb et al., 2011)           
   7 = Previtamin-D3 (CIE 2006)                          
values at z =      0.000 km
Columns: time, sza, weighting spectra
time, hrs.  sza, deg.          1          2          3          4          5          6          7
   11.0000     91.646  8.022E-04  2.754E-01  5.918E-04  3.137E-04  1.698E-06  9.178E-03  1.620E-04
   11.5000     91.238  9.916E-04  3.568E-01  7.640E-04  3.959E-04  2.121E-06  1.173E-02  1.998E-04
   12.0000     91.128  1.045E-03  3.804E-01  8.149E-04  4.196E-04  2.241E-06  1.246E-02  2.105E-04
   12.5000     91.317  9.583E-04  3.421E-01  7.321E-04  3.811E-04  2.047E-06  1.127E-02  1.932E-04
   13.0000     91.804  7.293E-04  2.453E-01  5.294E-04  2.829E-04  1.537E-06  8.229E-03  1.474E-04
------------------------------------------------------------
