Spectral Irradiance, W m-2 nm-1
values at z =      0.000 km
Columns: wavelength (nm), times (hrs.) or sza (deg.)
    wc, nm     11.000     11.500     12.000     12.500     13.000
    sza =      33.327     30.408     29.109     29.645     31.923
  280.5000  1.810E-12  3.914E-12  5.334E-12  4.705E-12  2.658E-12
  281.5000  3.762E-11  7.607E-11  1.009E-10  9.001E-11  5.345E-11
  282.5000  3.487E-10  6.657E-10  8.631E-10  7.769E-10  4.814E-10
  283.5000  1.343E-09  2.469E-09  3.153E-09  2.856E-09  1.819E-09
  284.5000  9.440E-09  1.621E-08  2.015E-08  1.845E-08  1.236E-08
  285.5000  2.500E-08  4.084E-08  4.913E-08  4.591E-08  3.193E-08
  286.5000  2.385E-07  3.747E-07  4.492E-07  4.174E-07  2.987E-07
  287.5000  1.078E-06  1.622E-06  1.912E-06  1.789E-06  1.322E-06
  288.5000  4.175E-06  5.994E-06  6.933E-06  6.536E-06  5.000E-06
  289.5000  1.905E-05  2.645E-05  3.018E-05  2.861E-05  2.243E-05
  290.5000  6.526E-05  8.811E-05  9.942E-05  9.467E-05  7.579E-05
  291.5000  1.721E-04  2.251E-04  2.507E-04  2.400E-04  1.967E-04
  292.5000  3.557E-04  4.532E-04  4.996E-04  4.803E-04  4.013E-04
  293.5000  8.885E-04  1.105E-03  1.206E-03  1.164E-03  9.902E-04
  294.5000  1.506E-03  1.837E-03  1.990E-03  1.927E-03  1.663E-03
  295.5000  3.351E-03  4.004E-03  4.302E-03  4.179E-03  3.662E-03
  296.5000  5.285E-03  6.209E-03  6.626E-03  6.454E-03  5.727E-03
  297.5000  9.267E-03  1.073E-02  1.138E-02  1.111E-02  9.967E-03
  298.5000  1.025E-02  1.172E-02  1.237E-02  1.210E-02  1.096E-02
  299.5000  2.130E-02  2.407E-02  2.528E-02  2.478E-02  2.264E-02
  300.5000  1.892E-02  2.119E-02  2.217E-02  2.177E-02  2.002E-02
  301.5000  3.544E-02  3.929E-02  4.096E-02  4.027E-02  3.730E-02
  302.5000  4.252E-02  4.684E-02  4.871E-02  4.794E-02  4.462E-02
  303.5000  6.939E-02  7.586E-02  7.865E-02  7.751E-02  7.254E-02
  304.5000  7.404E-02  8.058E-02  8.340E-02  8.224E-02  7.722E-02
  305.5000  9.427E-02  1.019E-01  1.052E-01  1.039E-01  9.800E-02
  306.5000  9.694E-02  1.045E-01  1.078E-01  1.064E-01  1.006E-01
  307.5000  1.357E-01  1.456E-01  1.498E-01  1.481E-01  1.405E-01
  308.5000  1.503E-01  1.608E-01  1.653E-01  1.635E-01  1.554E-01
  309.5000  1.299E-01  1.385E-01  1.422E-01  1.407E-01  1.341E-01
  310.5000  1.745E-01  1.856E-01  1.903E-01  1.884E-01  1.799E-01
  311.5000  2.225E-01  2.363E-01  2.421E-01  2.398E-01  2.293E-01
  312.5000  2.136E-01  2.261E-01  2.314E-01  2.293E-01  2.197E-01
  313.5000  2.413E-01  2.553E-01  2.612E-01  2.588E-01  2.482E-01
  314.5000  2.378E-01  2.509E-01  2.564E-01  2.541E-01  2.442E-01
  315.5000  2.450E-01  2.584E-01  2.640E-01  2.617E-01  2.515E-01
  316.5000  2.412E-01  2.539E-01  2.592E-01  2.571E-01  2.474E-01
  317.5000  3.411E-01  3.590E-01  3.665E-01  3.635E-01  3.499E-01
  318.5000  2.655E-01  2.789E-01  2.845E-01  2.822E-01  2.720E-01
  319.5000  3.232E-01  3.394E-01  3.462E-01  3.434E-01  3.312E-01
  320.5000  3.923E-01  4.118E-01  4.199E-01  4.166E-01  4.018E-01
  321.5000  3.296E-01  3.454E-01  3.520E-01  3.493E-01  3.374E-01
  322.5000  3.346E-01  3.511E-01  3.579E-01  3.551E-01  3.427E-01
  323.5000  3.402E-01  3.561E-01  3.629E-01  3.599E-01  3.480E-01
  324.5000  3.995E-01  4.182E-01  4.261E-01  4.225E-01  4.087E-01
  325.5000  4.486E-01  4.697E-01  4.786E-01  4.750E-01  4.590E-01
  326.5000  5.375E-01  5.621E-01  5.724E-01  5.682E-01  5.496E-01
  327.5000  5.023E-01  5.254E-01  5.351E-01  5.311E-01  5.136E-01
  328.5000  4.638E-01  4.851E-01  4.940E-01  4.903E-01  4.741E-01
  329.5000  5.963E-01  6.231E-01  6.343E-01  6.297E-01  6.095E-01
  330.5000  5.441E-01  5.686E-01  5.790E-01  5.748E-01  5.561E-01
  331.5000  5.381E-01  5.624E-01  5.726E-01  5.684E-01  5.500E-01
  332.5000  5.266E-01  5.500E-01  5.598E-01  5.558E-01  5.381E-01
  333.5000  4.962E-01  5.183E-01  5.276E-01  5.238E-01  5.070E-01
  334.5000  5.536E-01  5.782E-01  5.885E-01  5.843E-01  5.657E-01
  335.5000  5.594E-01  5.840E-01  5.944E-01  5.902E-01  5.715E-01
  336.5000  4.377E-01  4.570E-01  4.651E-01  4.618E-01  4.472E-01
  337.5000  4.816E-01  5.028E-01  5.118E-01  5.081E-01  4.920E-01
  338.5000  5.066E-01  5.288E-01  5.381E-01  5.343E-01  5.175E-01
  339.5000  5.505E-01  5.745E-01  5.846E-01  5.805E-01  5.623E-01
  340.5000  5.893E-01  6.150E-01  6.258E-01  6.214E-01  6.019E-01
  341.5000  5.224E-01  5.451E-01  5.547E-01  5.508E-01  5.336E-01
  342.5000  5.786E-01  6.036E-01  6.142E-01  6.099E-01  5.909E-01
  343.5000  6.013E-01  6.274E-01  6.383E-01  6.338E-01  6.141E-01
  344.5000  4.217E-01  4.400E-01  4.477E-01  4.445E-01  4.307E-01
  345.5000  5.768E-01  6.016E-01  6.121E-01  6.078E-01  5.890E-01
  346.5000  5.401E-01  5.634E-01  5.732E-01  5.692E-01  5.515E-01
  347.5000  5.276E-01  5.503E-01  5.599E-01  5.560E-01  5.387E-01
  348.5000  5.796E-01  6.045E-01  6.149E-01  6.107E-01  5.918E-01
  349.5000  4.857E-01  5.065E-01  5.153E-01  5.117E-01  4.959E-01
  350.5000  6.799E-01  7.091E-01  7.213E-01  7.163E-01  6.942E-01
  351.5000  5.861E-01  6.111E-01  6.217E-01  6.174E-01  5.984E-01
  352.5000  5.284E-01  5.510E-01  5.605E-01  5.566E-01  5.395E-01
  353.5000  6.359E-01  6.630E-01  6.744E-01  6.698E-01  6.492E-01
  354.5000  6.881E-01  7.174E-01  7.296E-01  7.246E-01  7.025E-01
  355.5000  6.430E-01  6.703E-01  6.817E-01  6.771E-01  6.564E-01
  356.5000  5.966E-01  6.219E-01  6.326E-01  6.282E-01  6.091E-01
  357.5000  5.073E-01  5.288E-01  5.378E-01  5.341E-01  5.179E-01
  358.5000  3.914E-01  4.080E-01  4.149E-01  4.121E-01  3.995E-01
  359.5000  6.587E-01  6.865E-01  6.982E-01  6.934E-01  6.723E-01
  360.5000  6.105E-01  6.362E-01  6.470E-01  6.426E-01  6.231E-01
  361.5000  5.503E-01  5.734E-01  5.832E-01  5.792E-01  5.617E-01
  362.5000  6.461E-01  6.733E-01  6.847E-01  6.800E-01  6.595E-01
  363.5000  5.747E-01  5.988E-01  6.089E-01  6.048E-01  5.866E-01
  364.5000  6.269E-01  6.532E-01  6.642E-01  6.597E-01  6.398E-01
  365.5000  7.638E-01  7.958E-01  8.092E-01  8.037E-01  7.795E-01
  366.5000  8.083E-01  8.420E-01  8.562E-01  8.504E-01  8.249E-01
  367.5000  7.673E-01  7.993E-01  8.128E-01  8.073E-01  7.831E-01
  368.5000  6.740E-01  7.021E-01  7.139E-01  7.091E-01  6.878E-01
  369.5000  8.084E-01  8.420E-01  8.562E-01  8.504E-01  8.249E-01
  370.5000  7.334E-01  7.638E-01  7.766E-01  7.714E-01  7.483E-01
  371.5000  8.391E-01  8.739E-01  8.885E-01  8.825E-01  8.562E-01
  372.5000  6.197E-01  6.454E-01  6.562E-01  6.518E-01  6.323E-01
  373.5000  5.601E-01  5.833E-01  5.930E-01  5.890E-01  5.715E-01
  374.5000  6.147E-01  6.401E-01  6.508E-01  6.464E-01  6.272E-01
  375.5000  6.935E-01  7.221E-01  7.341E-01  7.292E-01  7.075E-01
  376.5000  6.924E-01  7.210E-01  7.329E-01  7.280E-01  7.064E-01
  377.5000  8.245E-01  8.584E-01  8.726E-01  8.668E-01  8.411E-01
  378.5000  8.985E-01  9.355E-01  9.510E-01  9.446E-01  9.167E-01
  379.5000  6.647E-01  6.920E-01  7.035E-01  6.988E-01  6.781E-01
  380.5000  7.994E-01  8.321E-01  8.459E-01  8.403E-01  8.155E-01
  381.5000  7.511E-01  7.818E-01  7.947E-01  7.895E-01  7.662E-01
  382.5000  5.004E-01  5.209E-01  5.295E-01  5.260E-01  5.105E-01
  383.5000  4.394E-01  4.574E-01  4.649E-01  4.618E-01  4.482E-01
  384.5000  6.594E-01  6.863E-01  6.976E-01  6.930E-01  6.726E-01
  385.5000  6.523E-01  6.789E-01  6.901E-01  6.855E-01  6.654E-01
  386.5000  6.649E-01  6.920E-01  7.033E-01  6.987E-01  6.782E-01
  387.5000  6.179E-01  6.430E-01  6.535E-01  6.493E-01  6.303E-01
  388.5000  6.193E-01  6.445E-01  6.550E-01  6.507E-01  6.317E-01
  389.5000  7.810E-01  8.126E-01  8.259E-01  8.205E-01  7.965E-01
  390.5000  7.671E-01  7.981E-01  8.111E-01  8.058E-01  7.823E-01
  391.5000  9.100E-01  9.468E-01  9.622E-01  9.559E-01  9.281E-01
  392.5000  6.823E-01  7.099E-01  7.214E-01  7.167E-01  6.959E-01
  393.5000  2.966E-01  3.086E-01  3.136E-01  3.116E-01  3.025E-01
  394.5000  6.980E-01  7.261E-01  7.379E-01  7.331E-01  7.118E-01
  395.5000  8.981E-01  9.342E-01  9.493E-01  9.432E-01  9.158E-01
  396.5000  5.273E-01  5.485E-01  5.574E-01  5.538E-01  5.377E-01
  397.5000  6.085E-01  6.329E-01  6.431E-01  6.390E-01  6.205E-01
  398.5000  1.046E+00  1.087E+00  1.105E+00  1.098E+00  1.066E+00
  399.5000  1.088E+00  1.131E+00  1.149E+00  1.142E+00  1.109E+00
  400.5000  1.143E+00  1.189E+00  1.208E+00  1.200E+00  1.166E+00
  401.5000  1.176E+00  1.223E+00  1.243E+00  1.235E+00  1.199E+00
  402.5000  1.221E+00  1.270E+00  1.290E+00  1.282E+00  1.245E+00
  403.5000  1.118E+00  1.162E+00  1.181E+00  1.173E+00  1.140E+00
  404.5000  1.096E+00  1.140E+00  1.158E+00  1.151E+00  1.118E+00
  405.5000  1.139E+00  1.184E+00  1.203E+00  1.195E+00  1.161E+00
  406.5000  1.073E+00  1.115E+00  1.133E+00  1.126E+00  1.094E+00
  407.5000  1.081E+00  1.124E+00  1.142E+00  1.135E+00  1.102E+00
  408.5000  1.204E+00  1.252E+00  1.272E+00  1.264E+00  1.228E+00
  409.5000  1.181E+00  1.227E+00  1.247E+00  1.239E+00  1.204E+00
  410.5000  1.024E+00  1.064E+00  1.081E+00  1.074E+00  1.044E+00
  411.5000  1.231E+00  1.279E+00  1.300E+00  1.291E+00  1.255E+00
  412.5000  1.220E+00  1.268E+00  1.288E+00  1.280E+00  1.243E+00
  413.5000  1.183E+00  1.230E+00  1.249E+00  1.241E+00  1.206E+00
  414.5000  1.216E+00  1.264E+00  1.284E+00  1.276E+00  1.239E+00
  415.5000  1.163E+00  1.209E+00  1.228E+00  1.220E+00  1.185E+00
  416.5000  1.266E+00  1.316E+00  1.336E+00  1.328E+00  1.290E+00
  417.5000  1.157E+00  1.203E+00  1.222E+00  1.214E+00  1.179E+00
  418.5000  1.166E+00  1.212E+00  1.231E+00  1.223E+00  1.189E+00
  419.5000  1.205E+00  1.252E+00  1.272E+00  1.264E+00  1.228E+00
------------------------------------------------------------
Dose rates, W m-2
   1 = UV-B, 280-315 nm                                  
   2 = UV-A, 315-400 nm                                  
   3 = Gaussian, 320 nm, 10 nm FWHM                      
   4 = RB Meter, model 501                               
   5 = DNA damage, in vitro (Setlow, 1974)               
   6 = UV index (WMO, 1994; Webb et al., 2011)           
   7 = Previtamin-D3 (CIE 2006)                          
values at z =      0.000 km
Columns: time, sza, weighting spectra
time, hrs.  sza, deg.          1          2          3          4          5          6          7
   11.0000     33.327  1.990E+00  5.027E+01  3.315E-01  6.224E-01  9.465E-03  1.245E+01  6.244E-01
   11.5000     30.408  2.130E+00  5.241E+01  3.480E-01  6.715E-01  1.057E-02  1.352E+01  6.773E-01
   12.0000     29.109  2.190E+00  5.331E+01  3.549E-01  6.926E-01  1.105E-02  1.398E+01  7.001E-01
   12.5000     29.645  2.165E+00  5.294E+01  3.521E-01  6.840E-01  1.085E-02  1.379E+01  6.908E-01
   13.0000     31.923  2.058E+00  5.132E+01  3.396E-01  6.463E-01  9.995E-03  1.297E+01  6.501E-01
------------------------------------------------------------
