Spectral Irradiance, W m-2 nm-1
values at z =      0.000 km
Columns: wavelength (nm), times (hrs.) or sza (deg.)
    wc, nm     11.000     11.500     12.000     12.500     13.000
    sza =      80.003     79.167     78.840     79.028     79.727
  280.5000  2.216E-31  2.357E-31  2.414E-31  2.381E-31  2.262E-31
  281.5000  1.443E-28  1.536E-28  1.573E-28  1.552E-28  1.474E-28
  282.5000  2.584E-26  2.751E-26  2.818E-26  2.779E-26  2.638E-26
  283.5000  6.773E-25  7.214E-25  7.391E-25  7.289E-25  6.916E-25
  284.5000  1.603E-22  1.709E-22  1.751E-22  1.727E-22  1.637E-22
  285.5000  5.736E-21  6.120E-21  6.275E-21  6.186E-21  5.861E-21
  286.5000  4.050E-19  4.324E-19  4.435E-19  4.371E-19  4.139E-19
  287.5000  1.699E-17  1.817E-17  1.864E-17  1.837E-17  1.738E-17
  288.5000  7.492E-16  8.020E-16  8.234E-16  8.111E-16  7.663E-16
  289.5000  1.957E-14  2.098E-14  2.156E-14  2.123E-14  2.003E-14
  290.5000  2.921E-13  3.135E-13  3.223E-13  3.172E-13  2.990E-13
  291.5000  4.123E-12  4.435E-12  4.562E-12  4.489E-12  4.224E-12
  292.5000  3.396E-11  3.661E-11  3.769E-11  3.707E-11  3.482E-11
  293.5000  3.149E-10  3.403E-10  3.507E-10  3.447E-10  3.231E-10
  294.5000  1.506E-09  1.631E-09  1.683E-09  1.653E-09  1.547E-09
  295.5000  1.022E-08  1.110E-08  1.147E-08  1.126E-08  1.050E-08
  296.5000  4.129E-08  4.502E-08  4.656E-08  4.567E-08  4.249E-08
  297.5000  1.676E-07  1.834E-07  1.900E-07  1.862E-07  1.727E-07
  298.5000  3.820E-07  4.197E-07  4.354E-07  4.263E-07  3.941E-07
  299.5000  1.596E-06  1.762E-06  1.832E-06  1.791E-06  1.649E-06
  300.5000  2.465E-06  2.735E-06  2.850E-06  2.783E-06  2.550E-06
  301.5000  8.616E-06  9.641E-06  1.008E-05  9.825E-06  8.939E-06
  302.5000  1.586E-05  1.789E-05  1.877E-05  1.826E-05  1.649E-05
  303.5000  4.436E-05  5.074E-05  5.358E-05  5.192E-05  4.634E-05
  304.5000  6.589E-05  7.618E-05  8.082E-05  7.810E-05  6.905E-05
  305.5000  1.442E-04  1.701E-04  1.819E-04  1.750E-04  1.521E-04
  306.5000  1.904E-04  2.268E-04  2.434E-04  2.337E-04  2.016E-04
  307.5000  4.569E-04  5.535E-04  5.973E-04  5.717E-04  4.865E-04
  308.5000  6.323E-04  7.697E-04  8.317E-04  7.955E-04  6.745E-04
  309.5000  8.318E-04  1.018E-03  1.100E-03  1.052E-03  8.892E-04
  310.5000  1.545E-03  1.889E-03  2.041E-03  1.952E-03  1.652E-03
  311.5000  2.461E-03  3.004E-03  3.241E-03  3.103E-03  2.630E-03
  312.5000  3.616E-03  4.374E-03  4.700E-03  4.510E-03  3.854E-03
  313.5000  4.524E-03  5.457E-03  5.857E-03  5.624E-03  4.818E-03
  314.5000  6.585E-03  7.838E-03  8.366E-03  8.059E-03  6.983E-03
  315.5000  7.235E-03  8.591E-03  9.162E-03  8.831E-03  7.666E-03
  316.5000  9.774E-03  1.145E-02  1.214E-02  1.174E-02  1.031E-02
  317.5000  1.383E-02  1.620E-02  1.719E-02  1.661E-02  1.459E-02
  318.5000  1.450E-02  1.674E-02  1.767E-02  1.713E-02  1.522E-02
  319.5000  1.869E-02  2.152E-02  2.268E-02  2.201E-02  1.960E-02
  320.5000  2.432E-02  2.791E-02  2.937E-02  2.852E-02  2.548E-02
  321.5000  2.705E-02  3.056E-02  3.199E-02  3.117E-02  2.819E-02
  322.5000  2.210E-02  2.528E-02  2.658E-02  2.583E-02  2.313E-02
  323.5000  3.167E-02  3.554E-02  3.710E-02  3.620E-02  3.292E-02
  324.5000  3.671E-02  4.123E-02  4.306E-02  4.201E-02  3.818E-02
  325.5000  3.942E-02  4.440E-02  4.642E-02  4.525E-02  4.104E-02
  326.5000  5.974E-02  6.637E-02  6.904E-02  6.750E-02  6.190E-02
  327.5000  5.175E-02  5.777E-02  6.019E-02  5.879E-02  5.371E-02
  328.5000  4.794E-02  5.350E-02  5.575E-02  5.445E-02  4.974E-02
  329.5000  7.345E-02  8.113E-02  8.421E-02  8.244E-02  7.596E-02
  330.5000  6.234E-02  6.917E-02  7.192E-02  7.033E-02  6.457E-02
  331.5000  6.079E-02  6.751E-02  7.022E-02  6.866E-02  6.298E-02
  332.5000  6.758E-02  7.448E-02  7.725E-02  7.565E-02  6.983E-02
  333.5000  6.034E-02  6.673E-02  6.930E-02  6.782E-02  6.242E-02
  334.5000  6.929E-02  7.651E-02  7.941E-02  7.773E-02  7.164E-02
  335.5000  7.446E-02  8.191E-02  8.490E-02  8.318E-02  7.689E-02
  336.5000  5.729E-02  6.309E-02  6.542E-02  6.408E-02  5.918E-02
  337.5000  6.044E-02  6.675E-02  6.928E-02  6.782E-02  6.250E-02
  338.5000  6.783E-02  7.462E-02  7.734E-02  7.577E-02  7.004E-02
  339.5000  7.440E-02  8.181E-02  8.478E-02  8.307E-02  7.682E-02
  340.5000  7.787E-02  8.576E-02  8.892E-02  8.710E-02  8.044E-02
  341.5000  7.140E-02  7.847E-02  8.131E-02  7.967E-02  7.370E-02
  342.5000  7.961E-02  8.747E-02  9.062E-02  8.880E-02  8.217E-02
  343.5000  8.189E-02  9.005E-02  9.332E-02  9.143E-02  8.455E-02
  344.5000  5.678E-02  6.249E-02  6.477E-02  6.345E-02  5.864E-02
  345.5000  8.022E-02  8.812E-02  9.128E-02  8.945E-02  8.279E-02
  346.5000  7.377E-02  8.113E-02  8.408E-02  8.238E-02  7.617E-02
  347.5000  7.229E-02  7.951E-02  8.240E-02  8.073E-02  7.464E-02
  348.5000  8.004E-02  8.800E-02  9.119E-02  8.935E-02  8.264E-02
  349.5000  6.708E-02  7.376E-02  7.643E-02  7.489E-02  6.926E-02
  350.5000  9.415E-02  1.035E-01  1.073E-01  1.051E-01  9.720E-02
  351.5000  8.101E-02  8.909E-02  9.233E-02  9.046E-02  8.365E-02
  352.5000  7.328E-02  8.059E-02  8.352E-02  8.183E-02  7.566E-02
  353.5000  8.859E-02  9.740E-02  1.009E-01  9.890E-02  9.146E-02
  354.5000  9.623E-02  1.058E-01  1.096E-01  1.074E-01  9.934E-02
  355.5000  9.003E-02  9.898E-02  1.026E-01  1.005E-01  9.295E-02
  356.5000  8.361E-02  9.193E-02  9.527E-02  9.334E-02  8.632E-02
  357.5000  7.112E-02  7.821E-02  8.105E-02  7.941E-02  7.343E-02
  358.5000  5.500E-02  6.049E-02  6.268E-02  6.142E-02  5.679E-02
  359.5000  9.265E-02  1.019E-01  1.056E-01  1.035E-01  9.566E-02
  360.5000  8.597E-02  9.455E-02  9.800E-02  9.601E-02  8.877E-02
  361.5000  7.765E-02  8.541E-02  8.852E-02  8.672E-02  8.018E-02
  362.5000  9.132E-02  1.004E-01  1.041E-01  1.020E-01  9.429E-02
  363.5000  8.133E-02  8.946E-02  9.272E-02  9.084E-02  8.398E-02
  364.5000  8.878E-02  9.767E-02  1.012E-01  9.918E-02  9.168E-02
  365.5000  1.082E-01  1.191E-01  1.234E-01  1.209E-01  1.118E-01
  366.5000  1.147E-01  1.262E-01  1.308E-01  1.282E-01  1.185E-01
  367.5000  1.091E-01  1.200E-01  1.244E-01  1.219E-01  1.126E-01
  368.5000  9.591E-02  1.055E-01  1.094E-01  1.072E-01  9.905E-02
  369.5000  1.152E-01  1.267E-01  1.314E-01  1.287E-01  1.189E-01
  370.5000  1.046E-01  1.151E-01  1.193E-01  1.169E-01  1.080E-01
  371.5000  1.198E-01  1.319E-01  1.367E-01  1.339E-01  1.237E-01
  372.5000  8.859E-02  9.751E-02  1.011E-01  9.903E-02  9.150E-02
  373.5000  8.014E-02  8.823E-02  9.147E-02  8.960E-02  8.278E-02
  374.5000  8.804E-02  9.693E-02  1.005E-01  9.844E-02  9.094E-02
  375.5000  9.945E-02  1.095E-01  1.135E-01  1.112E-01  1.027E-01
  376.5000  9.942E-02  1.095E-01  1.135E-01  1.112E-01  1.027E-01
  377.5000  1.185E-01  1.305E-01  1.353E-01  1.326E-01  1.224E-01
  378.5000  1.293E-01  1.424E-01  1.477E-01  1.446E-01  1.336E-01
  379.5000  9.576E-02  1.055E-01  1.094E-01  1.071E-01  9.893E-02
  380.5000  1.153E-01  1.270E-01  1.317E-01  1.290E-01  1.191E-01
  381.5000  1.085E-01  1.195E-01  1.239E-01  1.213E-01  1.120E-01
  382.5000  7.235E-02  7.970E-02  8.265E-02  8.095E-02  7.475E-02
  383.5000  6.360E-02  7.007E-02  7.267E-02  7.117E-02  6.571E-02
  384.5000  9.555E-02  1.053E-01  1.092E-01  1.069E-01  9.872E-02
  385.5000  9.464E-02  1.043E-01  1.082E-01  1.059E-01  9.779E-02
  386.5000  9.658E-02  1.064E-01  1.104E-01  1.081E-01  9.979E-02
  387.5000  8.986E-02  9.903E-02  1.027E-01  1.006E-01  9.285E-02
  388.5000  9.017E-02  9.938E-02  1.031E-01  1.009E-01  9.317E-02
  389.5000  1.138E-01  1.255E-01  1.302E-01  1.275E-01  1.176E-01
  390.5000  1.120E-01  1.234E-01  1.280E-01  1.254E-01  1.157E-01
  391.5000  1.330E-01  1.466E-01  1.520E-01  1.489E-01  1.374E-01
  392.5000  9.983E-02  1.101E-01  1.142E-01  1.118E-01  1.032E-01
  393.5000  4.345E-02  4.791E-02  4.970E-02  4.867E-02  4.490E-02
  394.5000  1.024E-01  1.129E-01  1.171E-01  1.147E-01  1.058E-01
  395.5000  1.319E-01  1.454E-01  1.508E-01  1.477E-01  1.363E-01
  396.5000  7.753E-02  8.550E-02  8.869E-02  8.685E-02  8.012E-02
  397.5000  8.958E-02  9.879E-02  1.025E-01  1.004E-01  9.258E-02
  398.5000  1.541E-01  1.700E-01  1.763E-01  1.727E-01  1.593E-01
  399.5000  1.605E-01  1.770E-01  1.837E-01  1.798E-01  1.659E-01
  400.5000  1.689E-01  1.864E-01  1.933E-01  1.893E-01  1.746E-01
  401.5000  1.740E-01  1.920E-01  1.992E-01  1.950E-01  1.799E-01
  402.5000  1.809E-01  1.996E-01  2.070E-01  2.027E-01  1.870E-01
  403.5000  1.658E-01  1.829E-01  1.898E-01  1.858E-01  1.714E-01
  404.5000  1.628E-01  1.796E-01  1.864E-01  1.825E-01  1.683E-01
  405.5000  1.693E-01  1.869E-01  1.939E-01  1.898E-01  1.751E-01
  406.5000  1.597E-01  1.762E-01  1.828E-01  1.790E-01  1.651E-01
  407.5000  1.612E-01  1.779E-01  1.846E-01  1.807E-01  1.666E-01
  408.5000  1.797E-01  1.984E-01  2.058E-01  2.015E-01  1.858E-01
  409.5000  1.764E-01  1.947E-01  2.020E-01  1.978E-01  1.824E-01
  410.5000  1.532E-01  1.691E-01  1.754E-01  1.718E-01  1.584E-01
  411.5000  1.844E-01  2.035E-01  2.112E-01  2.068E-01  1.906E-01
  412.5000  1.830E-01  2.020E-01  2.096E-01  2.052E-01  1.892E-01
  413.5000  1.777E-01  1.962E-01  2.036E-01  1.993E-01  1.838E-01
  414.5000  1.829E-01  2.019E-01  2.095E-01  2.051E-01  1.891E-01
  415.5000  1.752E-01  1.934E-01  2.007E-01  1.965E-01  1.811E-01
  416.5000  1.909E-01  2.107E-01  2.187E-01  2.141E-01  1.973E-01
  417.5000  1.747E-01  1.929E-01  2.002E-01  1.960E-01  1.806E-01
  418.5000  1.763E-01  1.947E-01  2.020E-01  1.978E-01  1.823E-01
  419.5000  1.824E-01  2.014E-01  2.090E-01  2.046E-01  1.886E-01
------------------------------------------------------------
Dose rates, W m-2
   1 = UV-B, 280-315 nm                                  
   2 = UV-A, 315-400 nm                                  
   3 = Gaussian, 320 nm, 10 nm FWHM                      
   4 = RB Meter, model 501                               
   5 = DNA damage, in vitro (Setlow, 1974)               
   6 = UV index (WMO, 1994; Webb et al., 2011)           
   7 = Previtamin-D3 (CIE 2006)                          
values at z =      0.000 km
Columns: time, sza, weighting spectra
time, hrs.  sza, deg.          1          2          3          4          5          6          7
   11.0000     80.003  2.113E-02  6.736E+00  2.227E-02  9.148E-03  3.608E-05  2.442E-01  3.559E-03
   11.5000     79.167  2.546E-02  7.429E+00  2.531E-02  1.061E-02  4.173E-05  2.768E-01  4.247E-03
   12.0000     78.840  2.733E-02  7.708E+00  2.656E-02  1.123E-02  4.413E-05  2.903E-01  4.544E-03
   12.5000     79.028  2.624E-02  7.547E+00  2.584E-02  1.087E-02  4.274E-05  2.825E-01  4.371E-03
   13.0000     79.727  2.249E-02  6.962E+00  2.325E-02  9.614E-03  3.787E-05  2.547E-01  3.775E-03
------------------------------------------------------------
