Spectral Irradiance, W m-2 nm-1
values at z =      0.000 km
Columns: wavelength (nm), times (hrs.) or sza (deg.)
    wc, nm     11.000     11.500     12.000     12.500     13.000
    sza =      16.630     11.926      9.720     11.554     16.097
  280.5000  9.995E-15  1.871E-14  2.327E-14  1.948E-14  1.085E-14
  281.5000  3.416E-13  6.053E-13  7.385E-13  6.278E-13  3.684E-13
  282.5000  4.855E-12  8.204E-12  9.846E-12  8.484E-12  5.202E-12
  283.5000  2.467E-11  4.042E-11  4.799E-11  4.171E-11  2.632E-11
  284.5000  2.876E-10  4.456E-10  5.189E-10  4.582E-10  3.047E-10
  285.5000  1.108E-09  1.646E-09  1.890E-09  1.689E-09  1.167E-09
  286.5000  1.409E-08  2.028E-08  2.302E-08  2.075E-08  1.478E-08
  287.5000  8.762E-08  1.217E-07  1.365E-07  1.243E-07  9.140E-08
  288.5000  4.798E-07  6.416E-07  7.099E-07  6.516E-07  4.985E-07
  289.5000  2.806E-06  3.650E-06  4.000E-06  3.712E-06  2.905E-06
  290.5000  1.185E-05  1.506E-05  1.637E-05  1.529E-05  1.223E-05
  291.5000  3.959E-05  4.901E-05  5.279E-05  4.968E-05  4.071E-05
  292.5000  9.931E-05  1.203E-04  1.287E-04  1.218E-04  1.019E-04
  293.5000  2.977E-04  3.535E-04  3.754E-04  3.575E-04  3.045E-04
  294.5000  5.824E-04  6.808E-04  7.188E-04  6.876E-04  5.945E-04
  295.5000  1.509E-03  1.734E-03  1.820E-03  1.749E-03  1.536E-03
  296.5000  2.700E-03  3.060E-03  3.196E-03  3.084E-03  2.744E-03
  297.5000  5.290E-03  5.922E-03  6.159E-03  5.965E-03  5.369E-03
  298.5000  6.426E-03  7.120E-03  7.379E-03  7.167E-03  6.513E-03
  299.5000  1.459E-02  1.601E-02  1.653E-02  1.610E-02  1.477E-02
  300.5000  1.387E-02  1.510E-02  1.556E-02  1.518E-02  1.402E-02
  301.5000  2.795E-02  3.019E-02  3.102E-02  3.034E-02  2.823E-02
  302.5000  3.519E-02  3.782E-02  3.878E-02  3.799E-02  3.553E-02
  303.5000  6.080E-02  6.492E-02  6.642E-02  6.519E-02  6.132E-02
  304.5000  6.703E-02  7.131E-02  7.287E-02  7.159E-02  6.757E-02
  305.5000  8.883E-02  9.481E-02  9.670E-02  9.515E-02  9.026E-02
  306.5000  9.408E-02  9.932E-02  1.012E-01  9.966E-02  9.475E-02
  307.5000  1.371E-01  1.441E-01  1.466E-01  1.445E-01  1.380E-01
  308.5000  1.541E-01  1.617E-01  1.644E-01  1.622E-01  1.551E-01
  309.5000  1.367E-01  1.430E-01  1.453E-01  1.435E-01  1.375E-01
  310.5000  1.871E-01  1.953E-01  1.983E-01  1.959E-01  1.882E-01
  311.5000  2.415E-01  2.518E-01  2.555E-01  2.525E-01  2.429E-01
  312.5000  2.369E-01  2.464E-01  2.497E-01  2.470E-01  2.381E-01
  313.5000  2.691E-01  2.796E-01  2.834E-01  2.803E-01  2.704E-01
  314.5000  2.700E-01  2.800E-01  2.836E-01  2.807E-01  2.713E-01
  315.5000  2.791E-01  2.893E-01  2.929E-01  2.899E-01  2.804E-01
  316.5000  2.788E-01  2.885E-01  2.920E-01  2.891E-01  2.800E-01
  317.5000  3.942E-01  4.079E-01  4.128E-01  4.088E-01  3.959E-01
  318.5000  3.108E-01  3.211E-01  3.248E-01  3.218E-01  3.121E-01
  319.5000  3.793E-01  3.918E-01  3.963E-01  3.926E-01  3.810E-01
  320.5000  4.617E-01  4.767E-01  4.821E-01  4.777E-01  4.637E-01
  321.5000  3.927E-01  4.049E-01  4.093E-01  4.057E-01  3.943E-01
  322.5000  3.948E-01  4.074E-01  4.120E-01  4.083E-01  3.964E-01
  323.5000  4.073E-01  4.196E-01  4.241E-01  4.204E-01  4.089E-01
  324.5000  4.779E-01  4.924E-01  4.976E-01  4.933E-01  4.797E-01
  325.5000  5.354E-01  5.517E-01  5.576E-01  5.528E-01  5.375E-01
  326.5000  6.479E-01  6.670E-01  6.738E-01  6.682E-01  6.504E-01
  327.5000  6.033E-01  6.212E-01  6.276E-01  6.224E-01  6.056E-01
  328.5000  5.569E-01  5.734E-01  5.793E-01  5.744E-01  5.584E-01
  329.5000  7.213E-01  7.421E-01  7.494E-01  7.434E-01  7.240E-01
  330.5000  6.558E-01  6.745E-01  6.817E-01  6.761E-01  6.583E-01
  331.5000  6.480E-01  6.668E-01  6.735E-01  6.680E-01  6.504E-01
  332.5000  6.375E-01  6.555E-01  6.620E-01  6.567E-01  6.398E-01
  333.5000  5.989E-01  6.162E-01  6.223E-01  6.173E-01  6.012E-01
  334.5000  6.690E-01  6.880E-01  6.948E-01  6.892E-01  6.714E-01
  335.5000  6.775E-01  6.966E-01  7.034E-01  6.978E-01  6.800E-01
  336.5000  5.296E-01  5.445E-01  5.498E-01  5.455E-01  5.315E-01
  337.5000  5.814E-01  5.978E-01  6.037E-01  5.989E-01  5.835E-01
  338.5000  6.131E-01  6.302E-01  6.364E-01  6.314E-01  6.153E-01
  339.5000  6.663E-01  6.848E-01  6.914E-01  6.860E-01  6.686E-01
  340.5000  7.122E-01  7.321E-01  7.392E-01  7.334E-01  7.148E-01
  341.5000  6.322E-01  6.497E-01  6.559E-01  6.508E-01  6.344E-01
  342.5000  7.000E-01  7.194E-01  7.263E-01  7.206E-01  7.025E-01
  343.5000  7.270E-01  7.471E-01  7.542E-01  7.484E-01  7.296E-01
  344.5000  5.094E-01  5.235E-01  5.286E-01  5.244E-01  5.113E-01
  345.5000  6.975E-01  7.166E-01  7.235E-01  7.179E-01  6.999E-01
  346.5000  6.524E-01  6.703E-01  6.767E-01  6.715E-01  6.547E-01
  347.5000  6.372E-01  6.547E-01  6.609E-01  6.558E-01  6.394E-01
  348.5000  7.000E-01  7.191E-01  7.260E-01  7.204E-01  7.024E-01
  349.5000  5.864E-01  6.024E-01  6.081E-01  6.035E-01  5.885E-01
  350.5000  8.207E-01  8.431E-01  8.511E-01  8.445E-01  8.236E-01
  351.5000  7.071E-01  7.264E-01  7.332E-01  7.276E-01  7.096E-01
  352.5000  6.375E-01  6.548E-01  6.610E-01  6.559E-01  6.397E-01
  353.5000  7.670E-01  7.878E-01  7.953E-01  7.892E-01  7.697E-01
  354.5000  8.298E-01  8.522E-01  8.603E-01  8.537E-01  8.327E-01
  355.5000  7.752E-01  7.961E-01  8.036E-01  7.975E-01  7.779E-01
  356.5000  7.191E-01  7.385E-01  7.454E-01  7.398E-01  7.216E-01
  357.5000  6.113E-01  6.277E-01  6.336E-01  6.288E-01  6.134E-01
  358.5000  4.715E-01  4.842E-01  4.887E-01  4.850E-01  4.731E-01
  359.5000  7.932E-01  8.145E-01  8.221E-01  8.159E-01  7.960E-01
  360.5000  7.350E-01  7.547E-01  7.617E-01  7.560E-01  7.375E-01
  361.5000  6.624E-01  6.801E-01  6.864E-01  6.812E-01  6.646E-01
  362.5000  7.775E-01  7.983E-01  8.057E-01  7.997E-01  7.802E-01
  363.5000  6.914E-01  7.098E-01  7.164E-01  7.110E-01  6.938E-01
  364.5000  7.540E-01  7.740E-01  7.812E-01  7.754E-01  7.566E-01
  365.5000  9.184E-01  9.428E-01  9.516E-01  9.444E-01  9.215E-01
  366.5000  9.716E-01  9.974E-01  1.007E+00  9.991E-01  9.749E-01
  367.5000  9.222E-01  9.466E-01  9.554E-01  9.482E-01  9.253E-01
  368.5000  8.098E-01  8.312E-01  8.389E-01  8.326E-01  8.126E-01
  369.5000  9.710E-01  9.967E-01  1.006E+00  9.984E-01  9.743E-01
  370.5000  8.807E-01  9.039E-01  9.122E-01  9.054E-01  8.837E-01
  371.5000  1.007E+00  1.034E+00  1.043E+00  1.036E+00  1.011E+00
  372.5000  7.438E-01  7.634E-01  7.704E-01  7.647E-01  7.463E-01
  373.5000  6.721E-01  6.898E-01  6.961E-01  6.909E-01  6.744E-01
  374.5000  7.374E-01  7.568E-01  7.637E-01  7.580E-01  7.399E-01
  375.5000  8.317E-01  8.535E-01  8.613E-01  8.549E-01  8.345E-01
  376.5000  8.302E-01  8.520E-01  8.597E-01  8.534E-01  8.330E-01
  377.5000  9.883E-01  1.014E+00  1.023E+00  1.016E+00  9.917E-01
  378.5000  1.077E+00  1.105E+00  1.115E+00  1.107E+00  1.080E+00
  379.5000  7.964E-01  8.172E-01  8.246E-01  8.186E-01  7.991E-01
  380.5000  9.575E-01  9.825E-01  9.914E-01  9.841E-01  9.607E-01
  381.5000  8.995E-01  9.229E-01  9.312E-01  9.244E-01  9.025E-01
  382.5000  5.992E-01  6.147E-01  6.203E-01  6.157E-01  6.012E-01
  383.5000  5.260E-01  5.396E-01  5.445E-01  5.405E-01  5.277E-01
  384.5000  7.891E-01  8.096E-01  8.169E-01  8.109E-01  7.917E-01
  385.5000  7.805E-01  8.007E-01  8.079E-01  8.020E-01  7.831E-01
  386.5000  7.953E-01  8.159E-01  8.233E-01  8.172E-01  7.980E-01
  387.5000  7.390E-01  7.580E-01  7.648E-01  7.593E-01  7.414E-01
  388.5000  7.405E-01  7.596E-01  7.664E-01  7.608E-01  7.429E-01
  389.5000  9.335E-01  9.576E-01  9.662E-01  9.591E-01  9.366E-01
  390.5000  9.167E-01  9.403E-01  9.487E-01  9.418E-01  9.197E-01
  391.5000  1.087E+00  1.115E+00  1.125E+00  1.117E+00  1.091E+00
  392.5000  8.151E-01  8.360E-01  8.435E-01  8.374E-01  8.178E-01
  393.5000  3.543E-01  3.633E-01  3.666E-01  3.639E-01  3.554E-01
  394.5000  8.334E-01  8.548E-01  8.624E-01  8.561E-01  8.362E-01
  395.5000  1.072E+00  1.099E+00  1.109E+00  1.101E+00  1.076E+00
  396.5000  6.294E-01  6.454E-01  6.512E-01  6.465E-01  6.314E-01
  397.5000  7.261E-01  7.446E-01  7.512E-01  7.458E-01  7.285E-01
  398.5000  1.247E+00  1.279E+00  1.290E+00  1.281E+00  1.251E+00
  399.5000  1.297E+00  1.330E+00  1.342E+00  1.332E+00  1.301E+00
  400.5000  1.363E+00  1.398E+00  1.410E+00  1.400E+00  1.368E+00
  401.5000  1.402E+00  1.438E+00  1.451E+00  1.440E+00  1.407E+00
  402.5000  1.456E+00  1.493E+00  1.506E+00  1.495E+00  1.460E+00
  403.5000  1.332E+00  1.366E+00  1.378E+00  1.368E+00  1.336E+00
  404.5000  1.306E+00  1.339E+00  1.351E+00  1.341E+00  1.310E+00
  405.5000  1.357E+00  1.391E+00  1.403E+00  1.393E+00  1.361E+00
  406.5000  1.278E+00  1.310E+00  1.321E+00  1.312E+00  1.282E+00
  407.5000  1.288E+00  1.320E+00  1.332E+00  1.322E+00  1.292E+00
  408.5000  1.434E+00  1.470E+00  1.483E+00  1.472E+00  1.439E+00
  409.5000  1.405E+00  1.441E+00  1.453E+00  1.443E+00  1.410E+00
  410.5000  1.218E+00  1.249E+00  1.260E+00  1.251E+00  1.222E+00
  411.5000  1.464E+00  1.501E+00  1.514E+00  1.503E+00  1.469E+00
  412.5000  1.451E+00  1.487E+00  1.500E+00  1.490E+00  1.456E+00
  413.5000  1.407E+00  1.442E+00  1.455E+00  1.445E+00  1.412E+00
  414.5000  1.446E+00  1.482E+00  1.495E+00  1.484E+00  1.451E+00
  415.5000  1.383E+00  1.417E+00  1.430E+00  1.420E+00  1.387E+00
  416.5000  1.505E+00  1.542E+00  1.556E+00  1.545E+00  1.509E+00
  417.5000  1.375E+00  1.410E+00  1.422E+00  1.412E+00  1.380E+00
  418.5000  1.386E+00  1.420E+00  1.433E+00  1.423E+00  1.390E+00
  419.5000  1.431E+00  1.467E+00  1.480E+00  1.469E+00  1.436E+00
------------------------------------------------------------
Dose rates, W m-2
   1 = UV-B, 280-315 nm                                  
   2 = UV-A, 315-400 nm                                  
   3 = Gaussian, 320 nm, 10 nm FWHM                      
   4 = RB Meter, model 501                               
   5 = DNA damage, in vitro (Setlow, 1974)               
   6 = UV index (WMO, 1994; Webb et al., 2011)           
   7 = Previtamin-D3 (CIE 2006)                          
values at z =      0.000 km
Columns: time, sza, weighting spectra
time, hrs.  sza, deg.          1          2          3          4          5          6          7
   11.0000     16.630  2.052E+00  6.032E+01  3.896E-01  6.117E-01  7.452E-03  1.175E+01  5.885E-01
   11.5000     11.926  2.150E+00  6.196E+01  4.023E-01  6.440E-01  8.023E-03  1.241E+01  6.228E-01
   12.0000      9.720  2.186E+00  6.255E+01  4.068E-01  6.557E-01  8.233E-03  1.265E+01  6.351E-01
   12.5000     11.554  2.157E+00  6.207E+01  4.031E-01  6.461E-01  8.061E-03  1.246E+01  6.250E-01
   13.0000     16.097  2.065E+00  6.053E+01  3.912E-01  6.161E-01  7.528E-03  1.184E+01  5.933E-01
------------------------------------------------------------
