Spectral Irradiance, W m-2 nm-1
values at z =      0.000 km
Columns: wavelength (nm), times (hrs.) or sza (deg.)
    wc, nm     11.000     11.500     12.000     12.500     13.000
    sza =      41.634     40.317     39.687     39.781     40.595
  280.5000  8.192E-21  1.924E-20  2.842E-20  2.683E-20  1.614E-20
  281.5000  9.934E-19  2.160E-18  3.082E-18  2.925E-18  1.842E-18
  282.5000  4.190E-17  8.532E-17  1.181E-16  1.126E-16  7.372E-17
  283.5000  4.315E-16  8.420E-16  1.143E-15  1.093E-15  7.339E-16
  284.5000  1.823E-14  3.290E-14  4.310E-14  4.142E-14  2.914E-14
  285.5000  1.819E-13  3.100E-13  3.956E-13  3.816E-13  2.778E-13
  286.5000  4.809E-12  7.842E-12  9.807E-12  9.489E-12  7.092E-12
  287.5000  6.739E-11  1.046E-10  1.280E-10  1.242E-10  9.558E-11
  288.5000  8.917E-10  1.313E-09  1.567E-09  1.526E-09  1.212E-09
  289.5000  9.808E-09  1.390E-08  1.630E-08  1.592E-08  1.294E-08
  290.5000  7.043E-08  9.666E-08  1.117E-07  1.094E-07  9.056E-08
  291.5000  4.294E-07  5.684E-07  6.462E-07  6.341E-07  5.365E-07
  292.5000  1.763E-06  2.266E-06  2.542E-06  2.499E-06  2.152E-06
  293.5000  8.405E-06  1.050E-05  1.163E-05  1.146E-05  1.003E-05
  294.5000  2.364E-05  2.891E-05  3.170E-05  3.127E-05  2.774E-05
  295.5000  9.005E-05  1.076E-04  1.167E-04  1.153E-04  1.037E-04
  296.5000  2.220E-04  2.602E-04  2.798E-04  2.769E-04  2.518E-04
  297.5000  5.760E-04  6.639E-04  7.086E-04  7.018E-04  6.448E-04
  298.5000  8.866E-04  1.008E-03  1.068E-03  1.059E-03  9.813E-04
  299.5000  2.516E-03  2.822E-03  2.974E-03  2.951E-03  2.756E-03
  300.5000  2.838E-03  3.150E-03  3.305E-03  3.282E-03  3.083E-03
  301.5000  6.884E-03  7.559E-03  7.890E-03  7.840E-03  7.414E-03
  302.5000  9.790E-03  1.067E-02  1.110E-02  1.104E-02  1.048E-02
  303.5000  1.952E-02  2.110E-02  2.187E-02  2.175E-02  2.076E-02
  304.5000  2.338E-02  2.515E-02  2.600E-02  2.588E-02  2.477E-02
  305.5000  3.534E-02  3.774E-02  3.889E-02  3.872E-02  3.723E-02
  306.5000  3.914E-02  4.166E-02  4.288E-02  4.269E-02  4.113E-02
  307.5000  6.311E-02  6.677E-02  6.853E-02  6.827E-02  6.600E-02
  308.5000  7.378E-02  7.789E-02  7.985E-02  7.956E-02  7.702E-02
  309.5000  7.000E-02  7.360E-02  7.532E-02  7.507E-02  7.284E-02
  310.5000  1.005E-01  1.054E-01  1.077E-01  1.073E-01  1.043E-01
  311.5000  1.339E-01  1.401E-01  1.431E-01  1.427E-01  1.388E-01
  312.5000  1.389E-01  1.449E-01  1.477E-01  1.473E-01  1.436E-01
  313.5000  1.600E-01  1.667E-01  1.699E-01  1.695E-01  1.653E-01
  314.5000  1.684E-01  1.750E-01  1.782E-01  1.777E-01  1.736E-01
  315.5000  1.755E-01  1.824E-01  1.856E-01  1.851E-01  1.809E-01
  316.5000  1.820E-01  1.886E-01  1.918E-01  1.913E-01  1.872E-01
  317.5000  2.573E-01  2.670E-01  2.714E-01  2.707E-01  2.650E-01
  318.5000  2.101E-01  2.172E-01  2.207E-01  2.202E-01  2.158E-01
  319.5000  2.583E-01  2.670E-01  2.712E-01  2.706E-01  2.652E-01
  320.5000  3.170E-01  3.276E-01  3.326E-01  3.319E-01  3.254E-01
  321.5000  2.781E-01  2.868E-01  2.910E-01  2.900E-01  2.850E-01
  322.5000  2.733E-01  2.823E-01  2.866E-01  2.859E-01  2.804E-01
  323.5000  2.927E-01  3.017E-01  3.056E-01  3.052E-01  2.998E-01
  324.5000  3.432E-01  3.537E-01  3.586E-01  3.579E-01  3.515E-01
  325.5000  3.829E-01  3.948E-01  4.004E-01  3.996E-01  3.919E-01
  326.5000  4.753E-01  4.893E-01  4.959E-01  4.949E-01  4.864E-01
  327.5000  4.394E-01  4.525E-01  4.586E-01  4.577E-01  4.496E-01
  328.5000  4.059E-01  4.180E-01  4.236E-01  4.229E-01  4.155E-01
  329.5000  5.358E-01  5.511E-01  5.584E-01  5.573E-01  5.479E-01
  330.5000  4.838E-01  4.978E-01  5.045E-01  5.035E-01  4.949E-01
  331.5000  4.775E-01  4.914E-01  4.980E-01  4.970E-01  4.885E-01
  332.5000  4.763E-01  4.897E-01  4.961E-01  4.951E-01  4.869E-01
  333.5000  4.453E-01  4.580E-01  4.640E-01  4.632E-01  4.554E-01
  334.5000  4.990E-01  5.132E-01  5.199E-01  5.189E-01  5.102E-01
  335.5000  5.089E-01  5.231E-01  5.298E-01  5.288E-01  5.202E-01
  336.5000  3.973E-01  4.084E-01  4.137E-01  4.129E-01  4.061E-01
  337.5000  4.345E-01  4.468E-01  4.526E-01  4.517E-01  4.442E-01
  338.5000  4.615E-01  4.743E-01  4.804E-01  4.795E-01  4.716E-01
  339.5000  5.022E-01  5.161E-01  5.227E-01  5.217E-01  5.132E-01
  340.5000  5.359E-01  5.508E-01  5.578E-01  5.568E-01  5.477E-01
  341.5000  4.775E-01  4.906E-01  4.968E-01  4.959E-01  4.879E-01
  342.5000  5.294E-01  5.439E-01  5.508E-01  5.497E-01  5.409E-01
  343.5000  5.494E-01  5.645E-01  5.717E-01  5.706E-01  5.614E-01
  344.5000  3.847E-01  3.953E-01  4.003E-01  3.996E-01  3.931E-01
  345.5000  5.287E-01  5.432E-01  5.500E-01  5.489E-01  5.401E-01
  346.5000  4.939E-01  5.074E-01  5.138E-01  5.128E-01  5.046E-01
  347.5000  4.827E-01  4.959E-01  5.021E-01  5.012E-01  4.932E-01
  348.5000  5.310E-01  5.454E-01  5.522E-01  5.512E-01  5.424E-01
  349.5000  4.450E-01  4.571E-01  4.628E-01  4.620E-01  4.546E-01
  350.5000  6.232E-01  6.402E-01  6.481E-01  6.470E-01  6.366E-01
  351.5000  5.371E-01  5.517E-01  5.586E-01  5.575E-01  5.486E-01
  352.5000  4.846E-01  4.977E-01  5.039E-01  5.030E-01  4.949E-01
  353.5000  5.836E-01  5.993E-01  6.068E-01  6.057E-01  5.960E-01
  354.5000  6.318E-01  6.489E-01  6.569E-01  6.557E-01  6.453E-01
  355.5000  5.906E-01  6.065E-01  6.139E-01  6.128E-01  6.031E-01
  356.5000  5.481E-01  5.628E-01  5.698E-01  5.688E-01  5.598E-01
  357.5000  4.661E-01  4.786E-01  4.845E-01  4.837E-01  4.760E-01
  358.5000  3.598E-01  3.694E-01  3.740E-01  3.733E-01  3.674E-01
  359.5000  6.056E-01  6.218E-01  6.294E-01  6.283E-01  6.184E-01
  360.5000  5.614E-01  5.764E-01  5.834E-01  5.824E-01  5.732E-01
  361.5000  5.062E-01  5.197E-01  5.261E-01  5.251E-01  5.169E-01
  362.5000  5.945E-01  6.104E-01  6.178E-01  6.167E-01  6.071E-01
  363.5000  5.289E-01  5.430E-01  5.497E-01  5.487E-01  5.401E-01
  364.5000  5.771E-01  5.924E-01  5.996E-01  5.986E-01  5.892E-01
  365.5000  7.032E-01  7.219E-01  7.307E-01  7.294E-01  7.180E-01
  366.5000  7.443E-01  7.641E-01  7.734E-01  7.720E-01  7.599E-01
  367.5000  7.068E-01  7.255E-01  7.344E-01  7.330E-01  7.216E-01
  368.5000  6.210E-01  6.374E-01  6.451E-01  6.440E-01  6.340E-01
  369.5000  7.450E-01  7.646E-01  7.739E-01  7.725E-01  7.605E-01
  370.5000  6.760E-01  6.938E-01  7.022E-01  7.009E-01  6.900E-01
  371.5000  7.735E-01  7.939E-01  8.035E-01  8.020E-01  7.896E-01
  372.5000  5.714E-01  5.865E-01  5.935E-01  5.925E-01  5.833E-01
  373.5000  5.166E-01  5.301E-01  5.365E-01  5.356E-01  5.273E-01
  374.5000  5.670E-01  5.819E-01  5.889E-01  5.878E-01  5.788E-01
  375.5000  6.398E-01  6.566E-01  6.644E-01  6.633E-01  6.531E-01
  376.5000  6.390E-01  6.557E-01  6.635E-01  6.624E-01  6.522E-01
  377.5000  7.610E-01  7.808E-01  7.902E-01  7.888E-01  7.767E-01
  378.5000  8.295E-01  8.511E-01  8.613E-01  8.598E-01  8.466E-01
  379.5000  6.137E-01  6.297E-01  6.373E-01  6.361E-01  6.264E-01
  380.5000  7.382E-01  7.574E-01  7.664E-01  7.651E-01  7.534E-01
  381.5000  6.937E-01  7.118E-01  7.203E-01  7.190E-01  7.080E-01
  382.5000  4.623E-01  4.743E-01  4.800E-01  4.791E-01  4.718E-01
  383.5000  4.060E-01  4.165E-01  4.215E-01  4.207E-01  4.143E-01
  384.5000  6.094E-01  6.251E-01  6.326E-01  6.315E-01  6.218E-01
  385.5000  6.030E-01  6.185E-01  6.259E-01  6.248E-01  6.153E-01
  386.5000  6.147E-01  6.306E-01  6.380E-01  6.369E-01  6.272E-01
  387.5000  5.713E-01  5.861E-01  5.930E-01  5.920E-01  5.830E-01
  388.5000  5.727E-01  5.875E-01  5.944E-01  5.934E-01  5.844E-01
  389.5000  7.224E-01  7.409E-01  7.497E-01  7.484E-01  7.371E-01
  390.5000  7.096E-01  7.278E-01  7.364E-01  7.351E-01  7.240E-01
  391.5000  8.419E-01  8.636E-01  8.737E-01  8.722E-01  8.590E-01
  392.5000  6.314E-01  6.476E-01  6.552E-01  6.541E-01  6.442E-01
  393.5000  2.746E-01  2.816E-01  2.849E-01  2.844E-01  2.801E-01
  394.5000  6.461E-01  6.627E-01  6.704E-01  6.693E-01  6.592E-01
  395.5000  8.315E-01  8.527E-01  8.627E-01  8.612E-01  8.482E-01
  396.5000  4.883E-01  5.008E-01  5.066E-01  5.057E-01  4.981E-01
  397.5000  5.635E-01  5.779E-01  5.847E-01  5.837E-01  5.749E-01
  398.5000  9.685E-01  9.931E-01  1.005E+00  1.003E+00  9.880E-01
  399.5000  1.007E+00  1.033E+00  1.045E+00  1.043E+00  1.028E+00
  400.5000  1.059E+00  1.086E+00  1.099E+00  1.097E+00  1.081E+00
  401.5000  1.090E+00  1.118E+00  1.131E+00  1.129E+00  1.112E+00
  402.5000  1.132E+00  1.161E+00  1.174E+00  1.172E+00  1.154E+00
  403.5000  1.036E+00  1.062E+00  1.075E+00  1.073E+00  1.057E+00
  404.5000  1.016E+00  1.042E+00  1.054E+00  1.052E+00  1.037E+00
  405.5000  1.056E+00  1.083E+00  1.095E+00  1.093E+00  1.077E+00
  406.5000  9.947E-01  1.020E+00  1.032E+00  1.030E+00  1.015E+00
  407.5000  1.003E+00  1.028E+00  1.040E+00  1.038E+00  1.023E+00
  408.5000  1.117E+00  1.145E+00  1.159E+00  1.157E+00  1.139E+00
  409.5000  1.095E+00  1.123E+00  1.136E+00  1.134E+00  1.117E+00
  410.5000  9.501E-01  9.739E-01  9.852E-01  9.835E-01  9.689E-01
  411.5000  1.142E+00  1.171E+00  1.184E+00  1.182E+00  1.165E+00
  412.5000  1.132E+00  1.161E+00  1.174E+00  1.172E+00  1.155E+00
  413.5000  1.098E+00  1.126E+00  1.139E+00  1.137E+00  1.120E+00
  414.5000  1.129E+00  1.157E+00  1.170E+00  1.168E+00  1.151E+00
  415.5000  1.080E+00  1.107E+00  1.120E+00  1.118E+00  1.101E+00
  416.5000  1.175E+00  1.205E+00  1.219E+00  1.217E+00  1.199E+00
  417.5000  1.075E+00  1.102E+00  1.114E+00  1.112E+00  1.096E+00
  418.5000  1.083E+00  1.110E+00  1.123E+00  1.121E+00  1.105E+00
  419.5000  1.119E+00  1.147E+00  1.160E+00  1.158E+00  1.141E+00
------------------------------------------------------------
Dose rates, W m-2
   1 = UV-B, 280-315 nm                                  
   2 = UV-A, 315-400 nm                                  
   3 = Gaussian, 320 nm, 10 nm FWHM                      
   4 = RB Meter, model 501                               
   5 = DNA damage, in vitro (Setlow, 1974)               
   6 = UV index (WMO, 1994; Webb et al., 2011)           
   7 = Previtamin-D3 (CIE 2006)                          
values at z =      0.000 km
Columns: time, sza, weighting spectra
time, hrs.  sza, deg.          1          2          3          4          5          6          7
   11.0000     41.634  1.050E+00  4.573E+01  2.672E-01  2.942E-01  2.409E-03  5.465E+00  2.514E-01
   11.5000     40.317  1.102E+00  4.698E+01  2.762E-01  3.096E-01  2.583E-03  5.750E+00  2.664E-01
   12.0000     39.687  1.127E+00  4.756E+01  2.804E-01  3.169E-01  2.667E-03  5.888E+00  2.736E-01
   12.5000     39.781  1.124E+00  4.747E+01  2.797E-01  3.158E-01  2.655E-03  5.867E+00  2.725E-01
   13.0000     40.595  1.091E+00  4.672E+01  2.743E-01  3.063E-01  2.545E-03  5.690E+00  2.632E-01
------------------------------------------------------------
