Spectral Irradiance, W m-2 nm-1
values at z =      0.000 km
Columns: wavelength (nm), times (hrs.) or sza (deg.)
    wc, nm     11.000     11.500     12.000     12.500     13.000
    sza =      66.389     65.605     65.263     65.369     65.921
  280.5000  1.269E-36  1.363E-36  1.408E-36  1.394E-36  1.324E-36
  281.5000  2.773E-33  2.984E-33  3.086E-33  3.053E-33  2.895E-33
  282.5000  1.407E-30  1.516E-30  1.570E-30  1.553E-30  1.470E-30
  283.5000  7.257E-29  7.834E-29  8.114E-29  8.024E-29  7.591E-29
  284.5000  5.931E-26  6.421E-26  6.660E-26  6.583E-26  6.215E-26
  285.5000  5.325E-24  5.780E-24  6.002E-24  5.932E-24  5.589E-24
  286.5000  7.644E-22  8.317E-22  8.646E-22  8.541E-22  8.033E-22
  287.5000  7.082E-20  7.730E-20  8.050E-20  7.947E-20  7.456E-20
  288.5000  7.433E-18  8.153E-18  8.511E-18  8.396E-18  7.847E-18
  289.5000  3.633E-16  4.005E-16  4.192E-16  4.132E-16  3.846E-16
  290.5000  9.242E-15  1.025E-14  1.077E-14  1.060E-14  9.819E-15
  291.5000  2.419E-13  2.715E-13  2.870E-13  2.820E-13  2.587E-13
  292.5000  3.357E-12  3.825E-12  4.078E-12  3.995E-12  3.620E-12
  293.5000  5.215E-11  6.072E-11  6.545E-11  6.389E-11  5.693E-11
  294.5000  3.836E-10  4.566E-10  4.972E-10  4.839E-10  4.242E-10
  295.5000  4.288E-09  5.241E-09  5.771E-09  5.597E-09  4.818E-09
  296.5000  2.734E-08  3.409E-08  3.780E-08  3.658E-08  3.111E-08
  297.5000  1.719E-07  2.168E-07  2.411E-07  2.332E-07  1.971E-07
  298.5000  5.805E-07  7.343E-07  8.158E-07  7.893E-07  6.673E-07
  299.5000  3.585E-06  4.513E-06  4.994E-06  4.839E-06  4.112E-06
  300.5000  7.483E-06  9.336E-06  1.028E-05  9.977E-06  8.541E-06
  301.5000  3.616E-05  4.445E-05  4.859E-05  4.727E-05  4.092E-05
  302.5000  8.146E-05  9.893E-05  1.075E-04  1.048E-04  9.154E-05
  303.5000  2.827E-04  3.376E-04  3.642E-04  3.557E-04  3.145E-04
  304.5000  4.674E-04  5.522E-04  5.928E-04  5.799E-04  5.166E-04
  305.5000  1.149E-03  1.335E-03  1.422E-03  1.394E-03  1.258E-03
  306.5000  1.569E-03  1.808E-03  1.920E-03  1.884E-03  1.709E-03
  307.5000  3.801E-03  4.309E-03  4.545E-03  4.471E-03  4.099E-03
  308.5000  5.191E-03  5.850E-03  6.154E-03  6.058E-03  5.579E-03
  309.5000  6.453E-03  7.192E-03  7.531E-03  7.424E-03  6.889E-03
  310.5000  1.124E-02  1.243E-02  1.297E-02  1.280E-02  1.194E-02
  311.5000  1.701E-02  1.871E-02  1.948E-02  1.923E-02  1.801E-02
  312.5000  2.216E-02  2.414E-02  2.503E-02  2.475E-02  2.333E-02
  313.5000  2.694E-02  2.927E-02  3.032E-02  2.999E-02  2.832E-02
  314.5000  3.446E-02  3.712E-02  3.832E-02  3.794E-02  3.604E-02
  315.5000  3.711E-02  3.993E-02  4.119E-02  4.079E-02  3.878E-02
  316.5000  4.473E-02  4.781E-02  4.918E-02  4.875E-02  4.656E-02
  317.5000  6.342E-02  6.779E-02  6.973E-02  6.913E-02  6.602E-02
  318.5000  5.941E-02  6.312E-02  6.476E-02  6.424E-02  6.161E-02
  319.5000  7.503E-02  7.962E-02  8.165E-02  8.102E-02  7.776E-02
  320.5000  9.514E-02  1.008E-01  1.033E-01  1.025E-01  9.852E-02
  321.5000  9.469E-02  9.977E-02  1.020E-01  1.013E-01  9.771E-02
  322.5000  8.460E-02  8.953E-02  9.171E-02  9.103E-02  8.753E-02
  323.5000  1.056E-01  1.110E-01  1.133E-01  1.126E-01  1.088E-01
  324.5000  1.232E-01  1.295E-01  1.323E-01  1.315E-01  1.270E-01
  325.5000  1.349E-01  1.420E-01  1.451E-01  1.441E-01  1.391E-01
  326.5000  1.858E-01  1.946E-01  1.984E-01  1.972E-01  1.910E-01
  327.5000  1.663E-01  1.744E-01  1.780E-01  1.769E-01  1.711E-01
  328.5000  1.540E-01  1.615E-01  1.648E-01  1.638E-01  1.585E-01
  329.5000  2.195E-01  2.294E-01  2.338E-01  2.324E-01  2.254E-01
  330.5000  1.923E-01  2.012E-01  2.052E-01  2.039E-01  1.976E-01
  331.5000  1.887E-01  1.976E-01  2.015E-01  2.003E-01  1.940E-01
  332.5000  1.991E-01  2.079E-01  2.118E-01  2.106E-01  2.043E-01
  333.5000  1.820E-01  1.903E-01  1.939E-01  1.928E-01  1.869E-01
  334.5000  2.067E-01  2.159E-01  2.200E-01  2.187E-01  2.122E-01
  335.5000  2.166E-01  2.260E-01  2.302E-01  2.289E-01  2.222E-01
  336.5000  1.680E-01  1.753E-01  1.786E-01  1.776E-01  1.724E-01
  337.5000  1.806E-01  1.886E-01  1.922E-01  1.911E-01  1.854E-01
  338.5000  1.973E-01  2.059E-01  2.096E-01  2.085E-01  2.024E-01
  339.5000  2.157E-01  2.250E-01  2.291E-01  2.279E-01  2.213E-01
  340.5000  2.282E-01  2.381E-01  2.425E-01  2.411E-01  2.341E-01
  341.5000  2.064E-01  2.152E-01  2.191E-01  2.179E-01  2.117E-01
  342.5000  2.296E-01  2.395E-01  2.438E-01  2.424E-01  2.355E-01
  343.5000  2.374E-01  2.477E-01  2.521E-01  2.507E-01  2.435E-01
  344.5000  1.656E-01  1.727E-01  1.759E-01  1.749E-01  1.699E-01
  345.5000  2.309E-01  2.407E-01  2.450E-01  2.437E-01  2.367E-01
  346.5000  2.141E-01  2.233E-01  2.274E-01  2.261E-01  2.196E-01
  347.5000  2.097E-01  2.187E-01  2.227E-01  2.215E-01  2.151E-01
  348.5000  2.316E-01  2.415E-01  2.459E-01  2.445E-01  2.375E-01
  349.5000  1.943E-01  2.026E-01  2.062E-01  2.051E-01  1.992E-01
  350.5000  2.725E-01  2.842E-01  2.893E-01  2.877E-01  2.795E-01
  351.5000  2.349E-01  2.449E-01  2.493E-01  2.479E-01  2.408E-01
  352.5000  2.123E-01  2.214E-01  2.253E-01  2.241E-01  2.177E-01
  353.5000  2.564E-01  2.672E-01  2.720E-01  2.705E-01  2.628E-01
  354.5000  2.782E-01  2.900E-01  2.951E-01  2.935E-01  2.852E-01
  355.5000  2.603E-01  2.713E-01  2.762E-01  2.747E-01  2.669E-01
  356.5000  2.418E-01  2.521E-01  2.566E-01  2.552E-01  2.479E-01
  357.5000  2.058E-01  2.145E-01  2.184E-01  2.172E-01  2.110E-01
  358.5000  1.591E-01  1.659E-01  1.688E-01  1.679E-01  1.631E-01
  359.5000  2.681E-01  2.795E-01  2.844E-01  2.829E-01  2.749E-01
  360.5000  2.489E-01  2.593E-01  2.639E-01  2.625E-01  2.551E-01
  361.5000  2.247E-01  2.342E-01  2.383E-01  2.370E-01  2.304E-01
  362.5000  2.643E-01  2.754E-01  2.803E-01  2.787E-01  2.709E-01
  363.5000  2.354E-01  2.453E-01  2.496E-01  2.483E-01  2.413E-01
  364.5000  2.571E-01  2.678E-01  2.726E-01  2.711E-01  2.635E-01
  365.5000  3.135E-01  3.267E-01  3.324E-01  3.306E-01  3.214E-01
  366.5000  3.323E-01  3.462E-01  3.523E-01  3.504E-01  3.406E-01
  367.5000  3.159E-01  3.291E-01  3.349E-01  3.331E-01  3.238E-01
  368.5000  2.778E-01  2.895E-01  2.945E-01  2.929E-01  2.848E-01
  369.5000  3.337E-01  3.476E-01  3.537E-01  3.518E-01  3.420E-01
  370.5000  3.031E-01  3.157E-01  3.212E-01  3.195E-01  3.106E-01
  371.5000  3.472E-01  3.616E-01  3.680E-01  3.660E-01  3.558E-01
  372.5000  2.567E-01  2.674E-01  2.721E-01  2.706E-01  2.631E-01
  373.5000  2.323E-01  2.420E-01  2.462E-01  2.449E-01  2.381E-01
  374.5000  2.553E-01  2.659E-01  2.705E-01  2.690E-01  2.616E-01
  375.5000  2.883E-01  3.003E-01  3.055E-01  3.039E-01  2.955E-01
  376.5000  2.883E-01  3.002E-01  3.054E-01  3.038E-01  2.954E-01
  377.5000  3.436E-01  3.579E-01  3.641E-01  3.622E-01  3.521E-01
  378.5000  3.750E-01  3.905E-01  3.972E-01  3.951E-01  3.842E-01
  379.5000  2.777E-01  2.892E-01  2.942E-01  2.926E-01  2.845E-01
  380.5000  3.343E-01  3.481E-01  3.542E-01  3.523E-01  3.426E-01
  381.5000  3.145E-01  3.275E-01  3.332E-01  3.314E-01  3.223E-01
  382.5000  2.098E-01  2.185E-01  2.222E-01  2.211E-01  2.150E-01
  383.5000  1.844E-01  1.920E-01  1.953E-01  1.943E-01  1.890E-01
  384.5000  2.771E-01  2.885E-01  2.935E-01  2.919E-01  2.839E-01
  385.5000  2.744E-01  2.857E-01  2.906E-01  2.891E-01  2.812E-01
  386.5000  2.801E-01  2.915E-01  2.966E-01  2.950E-01  2.869E-01
  387.5000  2.606E-01  2.712E-01  2.759E-01  2.744E-01  2.669E-01
  388.5000  2.614E-01  2.721E-01  2.768E-01  2.754E-01  2.678E-01
  389.5000  3.301E-01  3.436E-01  3.495E-01  3.476E-01  3.381E-01
  390.5000  3.245E-01  3.378E-01  3.436E-01  3.418E-01  3.324E-01
  391.5000  3.854E-01  4.012E-01  4.080E-01  4.059E-01  3.948E-01
  392.5000  2.893E-01  3.011E-01  3.063E-01  3.047E-01  2.964E-01
  393.5000  1.259E-01  1.311E-01  1.333E-01  1.326E-01  1.290E-01
  394.5000  2.966E-01  3.087E-01  3.140E-01  3.123E-01  3.038E-01
  395.5000  3.820E-01  3.976E-01  4.043E-01  4.022E-01  3.913E-01
  396.5000  2.246E-01  2.337E-01  2.377E-01  2.364E-01  2.300E-01
  397.5000  2.594E-01  2.699E-01  2.745E-01  2.731E-01  2.657E-01
  398.5000  4.462E-01  4.643E-01  4.722E-01  4.698E-01  4.570E-01
  399.5000  4.646E-01  4.834E-01  4.917E-01  4.891E-01  4.759E-01
  400.5000  4.890E-01  5.088E-01  5.174E-01  5.147E-01  5.008E-01
  401.5000  5.036E-01  5.239E-01  5.328E-01  5.301E-01  5.157E-01
  402.5000  5.234E-01  5.445E-01  5.537E-01  5.508E-01  5.360E-01
  403.5000  4.795E-01  4.989E-01  5.073E-01  5.047E-01  4.911E-01
  404.5000  4.708E-01  4.898E-01  4.980E-01  4.955E-01  4.821E-01
  405.5000  4.896E-01  5.093E-01  5.179E-01  5.152E-01  5.013E-01
  406.5000  4.616E-01  4.801E-01  4.882E-01  4.857E-01  4.727E-01
  407.5000  4.658E-01  4.845E-01  4.927E-01  4.901E-01  4.770E-01
  408.5000  5.193E-01  5.401E-01  5.492E-01  5.464E-01  5.317E-01
  409.5000  5.096E-01  5.300E-01  5.389E-01  5.361E-01  5.217E-01
  410.5000  4.423E-01  4.600E-01  4.677E-01  4.653E-01  4.529E-01
  411.5000  5.322E-01  5.535E-01  5.628E-01  5.599E-01  5.449E-01
  412.5000  5.280E-01  5.491E-01  5.583E-01  5.554E-01  5.406E-01
  413.5000  5.126E-01  5.331E-01  5.420E-01  5.392E-01  5.248E-01
  414.5000  5.274E-01  5.484E-01  5.576E-01  5.547E-01  5.399E-01
  415.5000  5.049E-01  5.250E-01  5.338E-01  5.310E-01  5.169E-01
  416.5000  5.500E-01  5.719E-01  5.814E-01  5.784E-01  5.630E-01
  417.5000  5.033E-01  5.232E-01  5.320E-01  5.292E-01  5.152E-01
  418.5000  5.077E-01  5.278E-01  5.366E-01  5.339E-01  5.197E-01
  419.5000  5.250E-01  5.458E-01  5.548E-01  5.520E-01  5.374E-01
------------------------------------------------------------
Dose rates, W m-2
   1 = UV-B, 280-315 nm                                  
   2 = UV-A, 315-400 nm                                  
   3 = Gaussian, 320 nm, 10 nm FWHM                      
   4 = RB Meter, model 501                               
   5 = DNA damage, in vitro (Setlow, 1974)               
   6 = UV index (WMO, 1994; Webb et al., 2011)           
   7 = Previtamin-D3 (CIE 2006)                          
values at z =      0.000 km
Columns: time, sza, weighting spectra
time, hrs.  sza, deg.          1          2          3          4          5          6          7
   11.0000     66.389  1.308E-01  1.982E+01  8.235E-02  4.257E-02  1.765E-04  9.460E-01  2.178E-02
   11.5000     65.605  1.432E-01  2.067E+01  8.709E-02  4.594E-02  1.929E-04  1.010E+00  2.401E-02
   12.0000     65.263  1.488E-01  2.105E+01  8.918E-02  4.746E-02  2.004E-04  1.038E+00  2.502E-02
   12.5000     65.369  1.470E-01  2.093E+01  8.852E-02  4.698E-02  1.981E-04  1.029E+00  2.470E-02
   13.0000     65.921  1.381E-01  2.033E+01  8.517E-02  4.456E-02  1.861E-04  9.838E-01  2.309E-02
------------------------------------------------------------
