Spectral Irradiance, W m-2 nm-1
values at z =      0.000 km
Columns: wavelength (nm), times (hrs.) or sza (deg.)
    wc, nm     11.000     11.500     12.000     12.500     13.000
    sza =      66.922     66.037     65.759     66.100     67.050
  280.5000  4.275E-27  4.661E-27  4.795E-27  4.631E-27  4.224E-27
  281.5000  1.250E-24  1.366E-24  1.406E-24  1.357E-24  1.234E-24
  282.5000  1.128E-22  1.236E-22  1.274E-22  1.227E-22  1.113E-22
  283.5000  1.899E-21  2.085E-21  2.150E-21  2.070E-21  1.874E-21
  284.5000  2.017E-19  2.224E-19  2.297E-19  2.208E-19  1.990E-19
  285.5000  4.014E-18  4.444E-18  4.596E-18  4.410E-18  3.958E-18
  286.5000  1.814E-16  2.016E-16  2.089E-16  2.000E-16  1.788E-16
  287.5000  4.675E-15  5.229E-15  5.430E-15  5.185E-15  4.604E-15
  288.5000  1.229E-13  1.389E-13  1.448E-13  1.376E-13  1.208E-13
  289.5000  2.245E-12  2.569E-12  2.692E-12  2.542E-12  2.205E-12
  290.5000  2.516E-11  2.922E-11  3.079E-11  2.888E-11  2.467E-11
  291.5000  2.637E-10  3.135E-10  3.331E-10  3.093E-10  2.578E-10
  292.5000  1.754E-09  2.136E-09  2.288E-09  2.104E-09  1.709E-09
  293.5000  1.382E-08  1.724E-08  1.859E-08  1.695E-08  1.341E-08
  294.5000  5.999E-08  7.613E-08  8.243E-08  7.477E-08  5.808E-08
  295.5000  3.810E-07  4.892E-07  5.308E-07  4.802E-07  3.680E-07
  296.5000  1.496E-06  1.924E-06  2.086E-06  1.889E-06  1.443E-06
  297.5000  6.023E-06  7.709E-06  8.333E-06  7.573E-06  5.813E-06
  298.5000  1.372E-05  1.738E-05  1.872E-05  1.709E-05  1.325E-05
  299.5000  5.738E-05  7.171E-05  7.682E-05  7.057E-05  5.554E-05
  300.5000  8.790E-05  1.084E-04  1.156E-04  1.068E-04  8.523E-05
  301.5000  3.004E-04  3.640E-04  3.861E-04  3.591E-04  2.920E-04
  302.5000  5.368E-04  6.423E-04  6.785E-04  6.342E-04  5.228E-04
  303.5000  1.410E-03  1.660E-03  1.744E-03  1.641E-03  1.376E-03
  304.5000  1.981E-03  2.310E-03  2.420E-03  2.285E-03  1.937E-03
  305.5000  3.817E-03  4.382E-03  4.569E-03  4.339E-03  3.740E-03
  306.5000  4.690E-03  5.348E-03  5.566E-03  5.299E-03  4.600E-03
  307.5000  9.269E-03  1.043E-02  1.081E-02  1.034E-02  9.108E-03
  308.5000  1.171E-02  1.311E-02  1.356E-02  1.300E-02  1.152E-02
  309.5000  1.272E-02  1.411E-02  1.456E-02  1.401E-02  1.253E-02
  310.5000  2.013E-02  2.217E-02  2.283E-02  2.202E-02  1.984E-02
  311.5000  2.860E-02  3.136E-02  3.225E-02  3.116E-02  2.821E-02
  312.5000  3.329E-02  3.621E-02  3.715E-02  3.599E-02  3.287E-02
  313.5000  3.939E-02  4.276E-02  4.384E-02  4.252E-02  3.891E-02
  314.5000  4.577E-02  4.935E-02  5.049E-02  4.909E-02  4.526E-02
  315.5000  4.850E-02  5.223E-02  5.342E-02  5.196E-02  4.797E-02
  316.5000  5.428E-02  5.814E-02  5.937E-02  5.786E-02  5.373E-02
  317.5000  7.690E-02  8.236E-02  8.410E-02  8.196E-02  7.611E-02
  318.5000  6.730E-02  7.172E-02  7.312E-02  7.140E-02  6.666E-02
  319.5000  8.387E-02  8.929E-02  9.101E-02  8.890E-02  8.309E-02
  320.5000  1.047E-01  1.113E-01  1.134E-01  1.108E-01  1.037E-01
  321.5000  9.787E-02  1.036E-01  1.054E-01  1.032E-01  9.705E-02
  322.5000  9.168E-02  9.740E-02  9.921E-02  9.698E-02  9.085E-02
  323.5000  1.061E-01  1.121E-01  1.140E-01  1.116E-01  1.052E-01
  324.5000  1.241E-01  1.312E-01  1.334E-01  1.306E-01  1.231E-01
  325.5000  1.372E-01  1.451E-01  1.476E-01  1.445E-01  1.361E-01
  326.5000  1.795E-01  1.891E-01  1.921E-01  1.884E-01  1.781E-01
  327.5000  1.633E-01  1.722E-01  1.751E-01  1.716E-01  1.620E-01
  328.5000  1.511E-01  1.593E-01  1.619E-01  1.587E-01  1.499E-01
  329.5000  2.073E-01  2.180E-01  2.214E-01  2.173E-01  2.058E-01
  330.5000  1.844E-01  1.942E-01  1.972E-01  1.935E-01  1.830E-01
  331.5000  1.816E-01  1.912E-01  1.943E-01  1.905E-01  1.802E-01
  332.5000  1.863E-01  1.958E-01  1.988E-01  1.951E-01  1.849E-01
  333.5000  1.723E-01  1.812E-01  1.841E-01  1.806E-01  1.710E-01
  334.5000  1.944E-01  2.044E-01  2.076E-01  2.037E-01  1.930E-01
  335.5000  2.010E-01  2.112E-01  2.144E-01  2.105E-01  1.996E-01
  336.5000  1.565E-01  1.644E-01  1.669E-01  1.638E-01  1.553E-01
  337.5000  1.697E-01  1.784E-01  1.812E-01  1.778E-01  1.684E-01
  338.5000  1.829E-01  1.921E-01  1.950E-01  1.914E-01  1.816E-01
  339.5000  1.996E-01  2.096E-01  2.128E-01  2.089E-01  1.981E-01
  340.5000  2.121E-01  2.228E-01  2.262E-01  2.220E-01  2.105E-01
  341.5000  1.905E-01  2.000E-01  2.030E-01  1.993E-01  1.891E-01
  342.5000  2.116E-01  2.222E-01  2.255E-01  2.214E-01  2.101E-01
  343.5000  2.193E-01  2.303E-01  2.337E-01  2.295E-01  2.177E-01
  344.5000  1.533E-01  1.610E-01  1.634E-01  1.604E-01  1.522E-01
  345.5000  2.123E-01  2.228E-01  2.262E-01  2.221E-01  2.107E-01
  346.5000  1.977E-01  2.075E-01  2.107E-01  2.068E-01  1.962E-01
  347.5000  1.935E-01  2.031E-01  2.062E-01  2.024E-01  1.921E-01
  348.5000  2.133E-01  2.239E-01  2.273E-01  2.231E-01  2.118E-01
  349.5000  1.789E-01  1.878E-01  1.906E-01  1.872E-01  1.776E-01
  350.5000  2.508E-01  2.633E-01  2.673E-01  2.624E-01  2.490E-01
  351.5000  2.163E-01  2.270E-01  2.304E-01  2.262E-01  2.147E-01
  352.5000  1.954E-01  2.051E-01  2.081E-01  2.044E-01  1.940E-01
  353.5000  2.357E-01  2.474E-01  2.511E-01  2.465E-01  2.340E-01
  354.5000  2.556E-01  2.682E-01  2.722E-01  2.673E-01  2.537E-01
  355.5000  2.391E-01  2.509E-01  2.547E-01  2.501E-01  2.374E-01
  356.5000  2.221E-01  2.331E-01  2.366E-01  2.323E-01  2.205E-01
  357.5000  1.890E-01  1.984E-01  2.013E-01  1.977E-01  1.877E-01
  358.5000  1.461E-01  1.533E-01  1.556E-01  1.528E-01  1.450E-01
  359.5000  2.461E-01  2.582E-01  2.621E-01  2.574E-01  2.443E-01
  360.5000  2.283E-01  2.396E-01  2.432E-01  2.388E-01  2.267E-01
  361.5000  2.061E-01  2.163E-01  2.195E-01  2.156E-01  2.047E-01
  362.5000  2.424E-01  2.543E-01  2.581E-01  2.534E-01  2.406E-01
  363.5000  2.158E-01  2.265E-01  2.298E-01  2.257E-01  2.143E-01
  364.5000  2.357E-01  2.473E-01  2.509E-01  2.464E-01  2.340E-01
  365.5000  2.874E-01  3.016E-01  3.060E-01  3.005E-01  2.853E-01
  366.5000  3.045E-01  3.195E-01  3.242E-01  3.184E-01  3.023E-01
  367.5000  2.895E-01  3.037E-01  3.082E-01  3.027E-01  2.874E-01
  368.5000  2.545E-01  2.671E-01  2.710E-01  2.661E-01  2.527E-01
  369.5000  3.056E-01  3.207E-01  3.254E-01  3.196E-01  3.035E-01
  370.5000  2.776E-01  2.912E-01  2.955E-01  2.902E-01  2.756E-01
  371.5000  3.179E-01  3.335E-01  3.384E-01  3.324E-01  3.157E-01
  372.5000  2.351E-01  2.466E-01  2.502E-01  2.458E-01  2.334E-01
  373.5000  2.127E-01  2.231E-01  2.264E-01  2.224E-01  2.112E-01
  374.5000  2.337E-01  2.451E-01  2.487E-01  2.443E-01  2.320E-01
  375.5000  2.639E-01  2.768E-01  2.809E-01  2.759E-01  2.621E-01
  376.5000  2.638E-01  2.767E-01  2.808E-01  2.758E-01  2.620E-01
  377.5000  3.145E-01  3.298E-01  3.347E-01  3.287E-01  3.122E-01
  378.5000  3.431E-01  3.598E-01  3.651E-01  3.586E-01  3.407E-01
  379.5000  2.541E-01  2.665E-01  2.704E-01  2.656E-01  2.523E-01
  380.5000  3.059E-01  3.208E-01  3.255E-01  3.197E-01  3.037E-01
  381.5000  2.877E-01  3.017E-01  3.061E-01  3.007E-01  2.857E-01
  382.5000  1.919E-01  2.013E-01  2.042E-01  2.006E-01  1.906E-01
  383.5000  1.687E-01  1.769E-01  1.795E-01  1.763E-01  1.675E-01
  384.5000  2.534E-01  2.657E-01  2.696E-01  2.648E-01  2.516E-01
  385.5000  2.510E-01  2.632E-01  2.670E-01  2.623E-01  2.492E-01
  386.5000  2.561E-01  2.685E-01  2.724E-01  2.676E-01  2.543E-01
  387.5000  2.382E-01  2.498E-01  2.534E-01  2.489E-01  2.365E-01
  388.5000  2.390E-01  2.506E-01  2.542E-01  2.498E-01  2.373E-01
  389.5000  3.017E-01  3.163E-01  3.209E-01  3.153E-01  2.996E-01
  390.5000  2.966E-01  3.110E-01  3.155E-01  3.100E-01  2.946E-01
  391.5000  3.523E-01  3.693E-01  3.747E-01  3.681E-01  3.498E-01
  392.5000  2.644E-01  2.772E-01  2.812E-01  2.763E-01  2.626E-01
  393.5000  1.151E-01  1.206E-01  1.224E-01  1.202E-01  1.143E-01
  394.5000  2.710E-01  2.841E-01  2.882E-01  2.832E-01  2.691E-01
  395.5000  3.491E-01  3.659E-01  3.712E-01  3.647E-01  3.466E-01
  396.5000  2.052E-01  2.151E-01  2.182E-01  2.144E-01  2.037E-01
  397.5000  2.370E-01  2.484E-01  2.520E-01  2.476E-01  2.354E-01
  398.5000  4.077E-01  4.273E-01  4.334E-01  4.259E-01  4.048E-01
  399.5000  4.245E-01  4.449E-01  4.513E-01  4.434E-01  4.215E-01
  400.5000  4.467E-01  4.681E-01  4.749E-01  4.666E-01  4.436E-01
  401.5000  4.600E-01  4.821E-01  4.890E-01  4.805E-01  4.568E-01
  402.5000  4.780E-01  5.009E-01  5.081E-01  4.993E-01  4.747E-01
  403.5000  4.380E-01  4.590E-01  4.655E-01  4.574E-01  4.349E-01
  404.5000  4.300E-01  4.506E-01  4.570E-01  4.491E-01  4.270E-01
  405.5000  4.471E-01  4.685E-01  4.752E-01  4.669E-01  4.440E-01
  406.5000  4.215E-01  4.417E-01  4.480E-01  4.402E-01  4.186E-01
  407.5000  4.254E-01  4.457E-01  4.521E-01  4.442E-01  4.224E-01
  408.5000  4.742E-01  4.968E-01  5.039E-01  4.952E-01  4.709E-01
  409.5000  4.653E-01  4.875E-01  4.944E-01  4.859E-01  4.621E-01
  410.5000  4.039E-01  4.231E-01  4.292E-01  4.217E-01  4.011E-01
  411.5000  4.859E-01  5.091E-01  5.163E-01  5.074E-01  4.826E-01
  412.5000  4.821E-01  5.050E-01  5.122E-01  5.034E-01  4.788E-01
  413.5000  4.680E-01  4.903E-01  4.972E-01  4.887E-01  4.648E-01
  414.5000  4.815E-01  5.044E-01  5.115E-01  5.027E-01  4.782E-01
  415.5000  4.609E-01  4.828E-01  4.897E-01  4.812E-01  4.578E-01
  416.5000  5.021E-01  5.259E-01  5.334E-01  5.242E-01  4.987E-01
  417.5000  4.594E-01  4.812E-01  4.880E-01  4.796E-01  4.563E-01
  418.5000  4.635E-01  4.854E-01  4.923E-01  4.838E-01  4.603E-01
  419.5000  4.792E-01  5.019E-01  5.090E-01  5.003E-01  4.759E-01
------------------------------------------------------------
Dose rates, W m-2
   1 = UV-B, 280-315 nm                                  
   2 = UV-A, 315-400 nm                                  
   3 = Gaussian, 320 nm, 10 nm FWHM                      
   4 = RB Meter, model 501                               
   5 = DNA damage, in vitro (Setlow, 1974)               
   6 = UV index (WMO, 1994; Webb et al., 2011)           
   7 = Previtamin-D3 (CIE 2006)                          
values at z =      0.000 km
Columns: time, sza, weighting spectra
time, hrs.  sza, deg.          1          2          3          4          5          6          7
   11.0000     66.922  2.138E-01  1.840E+01  8.895E-02  6.133E-02  3.197E-04  1.215E+00  4.045E-02
   11.5000     66.037  2.344E-01  1.933E+01  9.451E-02  6.684E-02  3.559E-04  1.315E+00  4.488E-02
   12.0000     65.759  2.411E-01  1.962E+01  9.627E-02  6.862E-02  3.679E-04  1.347E+00  4.633E-02
   12.5000     66.100  2.329E-01  1.926E+01  9.410E-02  6.643E-02  3.532E-04  1.308E+00  4.455E-02
   13.0000     67.050  2.109E-01  1.827E+01  8.815E-02  6.055E-02  3.146E-04  1.201E+00  3.983E-02
------------------------------------------------------------
