Spectral Irradiance, W m-2 nm-1
values at z =      0.000 km
Columns: wavelength (nm), times (hrs.) or sza (deg.)
    wc, nm     11.000     11.500     12.000     12.500     13.000
    sza =      14.787      8.146      2.709      6.463     13.021
  280.5000  7.033E-14  1.364E-13  1.752E-13  1.514E-13  8.730E-14
  281.5000  2.026E-12  3.708E-12  4.660E-12  4.080E-12  2.468E-12
  282.5000  2.486E-11  4.329E-11  5.338E-11  4.725E-11  2.980E-11
  283.5000  1.148E-10  1.935E-10  2.357E-10  2.102E-10  1.361E-10
  284.5000  1.125E-09  1.788E-09  2.130E-09  1.924E-09  1.309E-09
  285.5000  3.810E-09  5.795E-09  6.790E-09  6.192E-09  4.369E-09
  286.5000  4.388E-08  6.453E-08  7.466E-08  6.859E-08  4.976E-08
  287.5000  2.446E-07  3.465E-07  3.953E-07  3.661E-07  2.740E-07
  288.5000  1.189E-06  1.617E-06  1.817E-06  1.698E-06  1.314E-06
  289.5000  6.381E-06  8.433E-06  9.372E-06  8.814E-06  6.988E-06
  290.5000  2.506E-05  3.211E-05  3.560E-05  3.366E-05  2.723E-05
  291.5000  7.717E-05  9.683E-05  1.055E-04  1.004E-04  8.310E-05
  292.5000  1.811E-04  2.221E-04  2.399E-04  2.294E-04  1.935E-04
  293.5000  5.096E-04  6.119E-04  6.558E-04  6.299E-04  5.410E-04
  294.5000  9.488E-04  1.120E-03  1.193E-03  1.150E-03  1.002E-03
  295.5000  2.331E-03  2.705E-03  2.861E-03  2.769E-03  2.447E-03
  296.5000  3.994E-03  4.565E-03  4.802E-03  4.663E-03  4.171E-03
  297.5000  7.529E-03  8.496E-03  8.894E-03  8.660E-03  7.831E-03
  298.5000  8.854E-03  9.882E-03  1.030E-02  1.006E-02  9.177E-03
  299.5000  1.949E-02  2.153E-02  2.236E-02  2.188E-02  2.014E-02
  300.5000  1.810E-02  1.983E-02  2.054E-02  2.013E-02  1.865E-02
  301.5000  3.555E-02  3.864E-02  3.988E-02  3.915E-02  3.653E-02
  302.5000  4.402E-02  4.757E-02  4.900E-02  4.816E-02  4.515E-02
  303.5000  7.455E-02  8.004E-02  8.222E-02  8.094E-02  7.629E-02
  304.5000  8.125E-02  8.689E-02  8.913E-02  8.782E-02  8.304E-02
  305.5000  1.068E-01  1.135E-01  1.162E-01  1.146E-01  1.089E-01
  306.5000  1.113E-01  1.175E-01  1.207E-01  1.191E-01  1.134E-01
  307.5000  1.599E-01  1.688E-01  1.723E-01  1.703E-01  1.627E-01
  308.5000  1.787E-01  1.884E-01  1.922E-01  1.899E-01  1.800E-01
  309.5000  1.571E-01  1.651E-01  1.682E-01  1.664E-01  1.597E-01
  310.5000  2.136E-01  2.239E-01  2.279E-01  2.251E-01  2.169E-01
  311.5000  2.745E-01  2.873E-01  2.923E-01  2.894E-01  2.786E-01
  312.5000  2.672E-01  2.789E-01  2.835E-01  2.808E-01  2.709E-01
  313.5000  3.028E-01  3.159E-01  3.210E-01  3.180E-01  3.070E-01
  314.5000  3.019E-01  3.142E-01  3.191E-01  3.162E-01  3.059E-01
  315.5000  3.116E-01  3.242E-01  3.292E-01  3.263E-01  3.157E-01
  316.5000  3.097E-01  3.216E-01  3.263E-01  3.236E-01  3.135E-01
  317.5000  4.378E-01  4.547E-01  4.613E-01  4.574E-01  4.433E-01
  318.5000  3.436E-01  3.562E-01  3.612E-01  3.583E-01  3.476E-01
  319.5000  4.190E-01  4.342E-01  4.402E-01  4.367E-01  4.239E-01
  320.5000  5.094E-01  5.277E-01  5.349E-01  5.307E-01  5.153E-01
  321.5000  4.313E-01  4.462E-01  4.520E-01  4.486E-01  4.361E-01
  322.5000  4.350E-01  4.505E-01  4.565E-01  4.530E-01  4.400E-01
  323.5000  4.464E-01  4.615E-01  4.674E-01  4.639E-01  4.512E-01
  324.5000  5.238E-01  5.415E-01  5.484E-01  5.444E-01  5.295E-01
  325.5000  5.873E-01  6.072E-01  6.150E-01  6.104E-01  5.937E-01
  326.5000  7.082E-01  7.313E-01  7.404E-01  7.351E-01  7.157E-01
  327.5000  6.601E-01  6.819E-01  6.904E-01  6.854E-01  6.671E-01
  328.5000  6.093E-01  6.293E-01  6.372E-01  6.326E-01  6.157E-01
  329.5000  7.871E-01  8.123E-01  8.222E-01  8.164E-01  7.952E-01
  330.5000  7.163E-01  7.395E-01  7.485E-01  7.433E-01  7.238E-01
  331.5000  7.078E-01  7.308E-01  7.398E-01  7.345E-01  7.151E-01
  332.5000  6.950E-01  7.170E-01  7.256E-01  7.206E-01  7.021E-01
  333.5000  6.537E-01  6.745E-01  6.826E-01  6.779E-01  6.603E-01
  334.5000  7.296E-01  7.527E-01  7.617E-01  7.565E-01  7.370E-01
  335.5000  7.383E-01  7.614E-01  7.704E-01  7.652E-01  7.457E-01
  336.5000  5.772E-01  5.953E-01  6.024E-01  5.982E-01  5.830E-01
  337.5000  6.340E-01  6.540E-01  6.618E-01  6.572E-01  6.404E-01
  338.5000  6.679E-01  6.887E-01  6.969E-01  6.921E-01  6.746E-01
  339.5000  7.257E-01  7.482E-01  7.570E-01  7.519E-01  7.329E-01
  340.5000  7.760E-01  8.001E-01  8.096E-01  8.041E-01  7.838E-01
  341.5000  6.884E-01  7.097E-01  7.180E-01  7.131E-01  6.952E-01
  342.5000  7.622E-01  7.857E-01  7.949E-01  7.895E-01  7.698E-01
  343.5000  7.916E-01  8.160E-01  8.255E-01  8.200E-01  7.995E-01
  344.5000  5.548E-01  5.719E-01  5.786E-01  5.747E-01  5.603E-01
  345.5000  7.592E-01  7.825E-01  7.915E-01  7.863E-01  7.667E-01
  346.5000  7.103E-01  7.321E-01  7.406E-01  7.356E-01  7.173E-01
  347.5000  6.937E-01  7.149E-01  7.232E-01  7.184E-01  7.005E-01
  348.5000  7.620E-01  7.852E-01  7.943E-01  7.890E-01  7.694E-01
  349.5000  6.383E-01  6.578E-01  6.653E-01  6.609E-01  6.446E-01
  350.5000  8.933E-01  9.205E-01  9.311E-01  9.249E-01  9.020E-01
  351.5000  7.697E-01  7.930E-01  8.021E-01  7.968E-01  7.772E-01
  352.5000  6.938E-01  7.148E-01  7.230E-01  7.182E-01  7.005E-01
  353.5000  8.347E-01  8.600E-01  8.698E-01  8.641E-01  8.428E-01
  354.5000  9.030E-01  9.302E-01  9.408E-01  9.346E-01  9.117E-01
  355.5000  8.435E-01  8.689E-01  8.788E-01  8.730E-01  8.517E-01
  356.5000  7.825E-01  8.060E-01  8.152E-01  8.098E-01  7.900E-01
  357.5000  6.651E-01  6.851E-01  6.929E-01  6.883E-01  6.715E-01
  358.5000  5.130E-01  5.284E-01  5.344E-01  5.309E-01  5.179E-01
  359.5000  8.630E-01  8.888E-01  8.989E-01  8.930E-01  8.713E-01
  360.5000  7.996E-01  8.235E-01  8.328E-01  8.274E-01  8.073E-01
  361.5000  7.206E-01  7.421E-01  7.504E-01  7.455E-01  7.275E-01
  362.5000  8.458E-01  8.710E-01  8.808E-01  8.751E-01  8.539E-01
  363.5000  7.521E-01  7.745E-01  7.832E-01  7.781E-01  7.593E-01
  364.5000  8.201E-01  8.445E-01  8.540E-01  8.484E-01  8.279E-01
  365.5000  9.990E-01  1.029E+00  1.040E+00  1.033E+00  1.008E+00
  366.5000  1.057E+00  1.088E+00  1.100E+00  1.093E+00  1.067E+00
  367.5000  1.003E+00  1.033E+00  1.044E+00  1.037E+00  1.012E+00
  368.5000  8.807E-01  9.067E-01  9.168E-01  9.109E-01  8.891E-01
  369.5000  1.056E+00  1.087E+00  1.099E+00  1.092E+00  1.066E+00
  370.5000  9.577E-01  9.859E-01  9.969E-01  9.905E-01  9.668E-01
  371.5000  1.095E+00  1.128E+00  1.140E+00  1.133E+00  1.106E+00
  372.5000  8.088E-01  8.326E-01  8.418E-01  8.364E-01  8.165E-01
  373.5000  7.308E-01  7.522E-01  7.606E-01  7.557E-01  7.377E-01
  374.5000  8.018E-01  8.253E-01  8.344E-01  8.291E-01  8.093E-01
  375.5000  9.043E-01  9.307E-01  9.410E-01  9.350E-01  9.128E-01
  376.5000  9.027E-01  9.290E-01  9.393E-01  9.333E-01  9.112E-01
  377.5000  1.075E+00  1.106E+00  1.118E+00  1.111E+00  1.085E+00
  378.5000  1.171E+00  1.205E+00  1.218E+00  1.210E+00  1.182E+00
  379.5000  8.659E-01  8.910E-01  9.008E-01  8.951E-01  8.739E-01
  380.5000  1.041E+00  1.071E+00  1.083E+00  1.076E+00  1.051E+00
  381.5000  9.778E-01  1.006E+00  1.017E+00  1.011E+00  9.869E-01
  382.5000  6.513E-01  6.702E-01  6.775E-01  6.732E-01  6.574E-01
  383.5000  5.718E-01  5.883E-01  5.947E-01  5.910E-01  5.771E-01
  384.5000  8.578E-01  8.825E-01  8.922E-01  8.865E-01  8.657E-01
  385.5000  8.484E-01  8.728E-01  8.823E-01  8.768E-01  8.562E-01
  386.5000  8.645E-01  8.894E-01  8.991E-01  8.934E-01  8.725E-01
  387.5000  8.032E-01  8.263E-01  8.353E-01  8.300E-01  8.106E-01
  388.5000  8.048E-01  8.279E-01  8.369E-01  8.317E-01  8.122E-01
  389.5000  1.015E+00  1.044E+00  1.055E+00  1.048E+00  1.024E+00
  390.5000  9.963E-01  1.025E+00  1.036E+00  1.029E+00  1.005E+00
  391.5000  1.182E+00  1.215E+00  1.229E+00  1.221E+00  1.192E+00
  392.5000  8.858E-01  9.111E-01  9.210E-01  9.152E-01  8.939E-01
  393.5000  3.850E-01  3.960E-01  4.003E-01  3.978E-01  3.885E-01
  394.5000  9.057E-01  9.315E-01  9.415E-01  9.357E-01  9.140E-01
  395.5000  1.165E+00  1.198E+00  1.211E+00  1.203E+00  1.176E+00
  396.5000  6.839E-01  7.033E-01  7.109E-01  7.065E-01  6.901E-01
  397.5000  7.889E-01  8.113E-01  8.201E-01  8.150E-01  7.961E-01
  398.5000  1.355E+00  1.394E+00  1.409E+00  1.400E+00  1.368E+00
  399.5000  1.409E+00  1.449E+00  1.465E+00  1.456E+00  1.422E+00
  400.5000  1.481E+00  1.523E+00  1.540E+00  1.530E+00  1.495E+00
  401.5000  1.524E+00  1.567E+00  1.584E+00  1.574E+00  1.538E+00
  402.5000  1.581E+00  1.626E+00  1.643E+00  1.633E+00  1.596E+00
  403.5000  1.447E+00  1.488E+00  1.504E+00  1.495E+00  1.460E+00
  404.5000  1.419E+00  1.459E+00  1.475E+00  1.465E+00  1.432E+00
  405.5000  1.474E+00  1.515E+00  1.531E+00  1.522E+00  1.487E+00
  406.5000  1.388E+00  1.427E+00  1.442E+00  1.433E+00  1.400E+00
  407.5000  1.399E+00  1.438E+00  1.453E+00  1.444E+00  1.411E+00
  408.5000  1.558E+00  1.601E+00  1.618E+00  1.608E+00  1.572E+00
  409.5000  1.527E+00  1.569E+00  1.586E+00  1.576E+00  1.540E+00
  410.5000  1.324E+00  1.361E+00  1.375E+00  1.367E+00  1.335E+00
  411.5000  1.591E+00  1.635E+00  1.652E+00  1.642E+00  1.605E+00
  412.5000  1.576E+00  1.620E+00  1.637E+00  1.627E+00  1.590E+00
  413.5000  1.528E+00  1.571E+00  1.588E+00  1.578E+00  1.542E+00
  414.5000  1.570E+00  1.614E+00  1.631E+00  1.621E+00  1.585E+00
  415.5000  1.502E+00  1.544E+00  1.560E+00  1.550E+00  1.515E+00
  416.5000  1.634E+00  1.680E+00  1.697E+00  1.687E+00  1.649E+00
  417.5000  1.494E+00  1.535E+00  1.551E+00  1.542E+00  1.507E+00
  418.5000  1.505E+00  1.547E+00  1.563E+00  1.554E+00  1.518E+00
  419.5000  1.554E+00  1.598E+00  1.614E+00  1.605E+00  1.568E+00
------------------------------------------------------------
Dose rates, W m-2
   1 = UV-B, 280-315 nm                                  
   2 = UV-A, 315-400 nm                                  
   3 = Gaussian, 320 nm, 10 nm FWHM                      
   4 = RB Meter, model 501                               
   5 = DNA damage, in vitro (Setlow, 1974)               
   6 = UV index (WMO, 1994; Webb et al., 2011)           
   7 = Previtamin-D3 (CIE 2006)                          
values at z =      0.000 km
Columns: time, sza, weighting spectra
time, hrs.  sza, deg.          1          2          3          4          5          6          7
   11.0000     14.787  2.371E+00  6.570E+01  4.299E-01  7.176E-01  9.396E-03  1.395E+01  7.012E-01
   11.5000      8.146  2.496E+00  6.769E+01  4.455E-01  7.593E-01  1.020E-02  1.482E+01  7.456E-01
   12.0000      2.709  2.546E+00  6.847E+01  4.516E-01  7.761E-01  1.053E-02  1.517E+01  7.637E-01
   12.5000      6.463  2.516E+00  6.801E+01  4.480E-01  7.663E-01  1.034E-02  1.497E+01  7.532E-01
   13.0000     13.021  2.409E+00  6.634E+01  4.349E-01  7.304E-01  9.647E-03  1.422E+01  7.148E-01
------------------------------------------------------------
