Spectral Irradiance, W m-2 nm-1
values at z =      0.000 km
Columns: wavelength (nm), times (hrs.) or sza (deg.)
    wc, nm     11.000     11.500     12.000     12.500     13.000
    sza =      97.078     96.945     96.877     96.873     96.931
  280.5000  0.000E+00  0.000E+00  0.000E+00  0.000E+00  0.000E+00
  281.5000  0.000E+00  0.000E+00  0.000E+00  0.000E+00  0.000E+00
  282.5000  0.000E+00  0.000E+00  0.000E+00  0.000E+00  0.000E+00
  283.5000  0.000E+00  0.000E+00  0.000E+00  0.000E+00  0.000E+00
  284.5000  0.000E+00  0.000E+00  0.000E+00  0.000E+00  0.000E+00
  285.5000  0.000E+00  0.000E+00  0.000E+00  0.000E+00  0.000E+00
  286.5000  0.000E+00  0.000E+00  0.000E+00  0.000E+00  0.000E+00
  287.5000  0.000E+00  0.000E+00  0.000E+00  0.000E+00  0.000E+00
  288.5000  0.000E+00  0.000E+00  0.000E+00  0.000E+00  0.000E+00
  289.5000  0.000E+00  0.000E+00  0.000E+00  0.000E+00  0.000E+00
  290.5000  0.000E+00  0.000E+00  1.401E-45  1.401E-45  1.401E-45
  291.5000  0.000E+00  0.000E+00  5.605E-44  9.949E-44  0.000E+00
  292.5000  0.000E+00  1.135E-43  9.969E-40  1.670E-39  9.739E-43
  293.5000  0.000E+00  4.310E-39  1.221E-35  1.920E-35  2.807E-38
  294.5000  2.419E-42  1.541E-35  1.813E-32  2.711E-32  8.160E-35
  295.5000  1.226E-37  1.009E-31  4.714E-29  6.691E-29  4.295E-31
  296.5000  8.883E-34  1.340E-28  2.910E-26  3.955E-26  4.763E-28
  297.5000  2.472E-30  8.425E-26  9.348E-24  1.223E-23  2.556E-25
  298.5000  1.443E-27  1.403E-23  8.827E-22  1.118E-21  3.724E-23
  299.5000  1.035E-24  3.078E-21  1.134E-19  1.394E-19  7.203E-21
  300.5000  9.130E-23  1.092E-19  2.661E-18  3.193E-18  2.317E-19
  301.5000  2.317E-20  1.039E-17  1.626E-16  1.902E-16  1.987E-17
  302.5000  7.221E-19  1.712E-16  2.008E-15  2.311E-15  3.060E-16
  303.5000  5.395E-17  5.986E-15  4.980E-14  5.621E-14  9.869E-15
  304.5000  5.463E-16  3.893E-14  2.649E-13  2.956E-13  6.123E-14
  305.5000  1.848E-14  6.780E-13  3.416E-12  3.746E-12  9.932E-13
  306.5000  7.901E-14  2.192E-12  9.732E-12  1.060E-11  3.117E-12
  307.5000  1.605E-12  2.582E-11  8.963E-11  9.623E-11  3.465E-11
  308.5000  5.108E-12  6.696E-11  2.119E-10  2.263E-10  8.791E-11
  309.5000  2.583E-11  2.367E-10  6.375E-10  6.746E-10  2.992E-10
  310.5000  1.247E-10  8.879E-10  2.133E-09  2.243E-09  1.092E-09
  311.5000  3.657E-10  2.208E-09  4.926E-09  5.158E-09  2.669E-09
  312.5000  1.557E-09  6.993E-09  1.367E-08  1.420E-08  8.195E-09
  313.5000  2.554E-09  1.073E-08  2.034E-08  2.110E-08  1.248E-08
  314.5000  8.848E-09  2.900E-08  4.924E-08  5.076E-08  3.288E-08
  315.5000  1.155E-08  3.643E-08  6.083E-08  6.263E-08  4.115E-08
  316.5000  3.041E-08  7.934E-08  1.217E-07  1.248E-07  8.783E-08
  317.5000  4.419E-08  1.152E-07  1.768E-07  1.811E-07  1.276E-07
  318.5000  8.500E-08  1.870E-07  2.662E-07  2.717E-07  2.035E-07
  319.5000  1.255E-07  2.677E-07  3.758E-07  3.832E-07  2.902E-07
  320.5000  1.890E-07  3.871E-07  5.340E-07  5.439E-07  4.180E-07
  321.5000  3.737E-07  6.634E-07  8.599E-07  8.730E-07  7.061E-07
  322.5000  1.991E-07  3.935E-07  5.344E-07  5.439E-07  4.234E-07
  323.5000  5.723E-07  9.533E-07  1.203E-06  1.219E-06  1.008E-06
  324.5000  6.543E-07  1.096E-06  1.386E-06  1.405E-06  1.160E-06
  325.5000  6.424E-07  1.096E-06  1.397E-06  1.417E-06  1.162E-06
  326.5000  1.607E-06  2.467E-06  3.007E-06  3.042E-06  2.589E-06
  327.5000  1.193E-06  1.889E-06  2.333E-06  2.362E-06  1.988E-06
  328.5000  1.103E-06  1.742E-06  2.149E-06  2.175E-06  1.833E-06
  329.5000  2.513E-06  3.691E-06  4.418E-06  4.465E-06  3.859E-06
  330.5000  1.817E-06  2.741E-06  3.318E-06  3.355E-06  2.873E-06
  331.5000  1.712E-06  2.594E-06  3.145E-06  3.181E-06  2.719E-06
  332.5000  2.554E-06  3.683E-06  4.376E-06  4.421E-06  3.844E-06
  333.5000  2.014E-06  2.958E-06  3.541E-06  3.579E-06  3.093E-06
  334.5000  2.468E-06  3.581E-06  4.265E-06  4.310E-06  3.740E-06
  335.5000  3.074E-06  4.362E-06  5.149E-06  5.201E-06  4.548E-06
  336.5000  2.268E-06  3.234E-06  3.824E-06  3.863E-06  3.372E-06
  337.5000  2.166E-06  3.130E-06  3.722E-06  3.761E-06  3.268E-06
  338.5000  2.832E-06  3.997E-06  4.709E-06  4.755E-06  4.165E-06
  339.5000  3.172E-06  4.458E-06  5.244E-06  5.295E-06  4.644E-06
  340.5000  3.143E-06  4.446E-06  5.243E-06  5.295E-06  4.634E-06
  341.5000  3.123E-06  4.366E-06  5.124E-06  5.174E-06  4.547E-06
  342.5000  3.535E-06  4.926E-06  5.775E-06  5.830E-06  5.129E-06
  343.5000  3.538E-06  4.942E-06  5.798E-06  5.854E-06  5.146E-06
  344.5000  2.381E-06  3.335E-06  3.918E-06  3.956E-06  3.474E-06
  345.5000  3.644E-06  5.048E-06  5.904E-06  5.960E-06  5.253E-06
  346.5000  3.192E-06  4.443E-06  5.207E-06  5.257E-06  4.626E-06
  347.5000  3.145E-06  4.371E-06  5.118E-06  5.167E-06  4.549E-06
  348.5000  3.544E-06  4.908E-06  5.740E-06  5.794E-06  5.107E-06
  349.5000  2.962E-06  4.098E-06  4.792E-06  4.837E-06  4.265E-06
  350.5000  4.172E-06  5.764E-06  6.735E-06  6.799E-06  5.997E-06
  351.5000  3.564E-06  4.923E-06  5.751E-06  5.806E-06  5.122E-06
  352.5000  3.241E-06  4.469E-06  5.217E-06  5.267E-06  4.649E-06
  353.5000  3.951E-06  5.436E-06  6.342E-06  6.402E-06  5.655E-06
  354.5000  4.321E-06  5.934E-06  6.918E-06  6.983E-06  6.172E-06
  355.5000  4.043E-06  5.546E-06  6.463E-06  6.523E-06  5.768E-06
  356.5000  3.749E-06  5.138E-06  5.985E-06  6.041E-06  5.343E-06
  357.5000  3.180E-06  4.356E-06  5.073E-06  5.120E-06  4.529E-06
  358.5000  2.467E-06  3.374E-06  3.927E-06  3.964E-06  3.508E-06
  359.5000  4.150E-06  5.671E-06  6.599E-06  6.660E-06  5.897E-06
  360.5000  3.849E-06  5.254E-06  6.111E-06  6.168E-06  5.462E-06
  361.5000  3.481E-06  4.747E-06  5.519E-06  5.570E-06  4.935E-06
  362.5000  4.095E-06  5.578E-06  6.482E-06  6.542E-06  5.798E-06
  363.5000  3.644E-06  4.959E-06  5.761E-06  5.814E-06  5.154E-06
  364.5000  3.969E-06  5.398E-06  6.269E-06  6.327E-06  5.610E-06
  365.5000  4.826E-06  6.558E-06  7.615E-06  7.685E-06  6.816E-06
  366.5000  5.113E-06  6.942E-06  8.058E-06  8.132E-06  7.214E-06
  367.5000  4.861E-06  6.593E-06  7.650E-06  7.720E-06  6.851E-06
  368.5000  4.266E-06  5.782E-06  6.708E-06  6.769E-06  6.009E-06
  369.5000  5.114E-06  6.926E-06  8.032E-06  8.106E-06  7.197E-06
  370.5000  4.636E-06  6.273E-06  7.273E-06  7.340E-06  6.519E-06
  371.5000  5.301E-06  7.169E-06  8.309E-06  8.385E-06  7.449E-06
  372.5000  3.914E-06  5.289E-06  6.128E-06  6.184E-06  5.495E-06
  373.5000  3.533E-06  4.770E-06  5.526E-06  5.576E-06  4.956E-06
  374.5000  3.872E-06  5.225E-06  6.051E-06  6.106E-06  5.428E-06
  375.5000  4.366E-06  5.887E-06  6.816E-06  6.878E-06  6.116E-06
  376.5000  4.356E-06  5.870E-06  6.794E-06  6.856E-06  6.098E-06
  377.5000  5.182E-06  6.978E-06  8.075E-06  8.148E-06  7.249E-06
  378.5000  5.640E-06  7.590E-06  8.781E-06  8.861E-06  7.884E-06
  379.5000  4.167E-06  5.603E-06  6.482E-06  6.540E-06  5.821E-06
  380.5000  5.005E-06  6.726E-06  7.779E-06  7.849E-06  6.987E-06
  381.5000  4.697E-06  6.309E-06  7.294E-06  7.360E-06  6.553E-06
  382.5000  3.126E-06  4.196E-06  4.850E-06  4.893E-06  4.358E-06
  383.5000  2.740E-06  3.676E-06  4.249E-06  4.287E-06  3.818E-06
  384.5000  4.107E-06  5.506E-06  6.362E-06  6.419E-06  5.719E-06
  385.5000  4.057E-06  5.437E-06  6.280E-06  6.336E-06  5.646E-06
  386.5000  4.129E-06  5.530E-06  6.387E-06  6.444E-06  5.743E-06
  387.5000  3.832E-06  5.128E-06  5.921E-06  5.974E-06  5.326E-06
  388.5000  3.834E-06  5.129E-06  5.921E-06  5.974E-06  5.326E-06
  389.5000  4.827E-06  6.454E-06  7.449E-06  7.515E-06  6.702E-06
  390.5000  4.734E-06  6.325E-06  7.299E-06  7.364E-06  6.568E-06
  391.5000  5.606E-06  7.488E-06  8.639E-06  8.716E-06  7.775E-06
  392.5000  4.197E-06  5.602E-06  6.462E-06  6.520E-06  5.817E-06
  393.5000  1.821E-06  2.430E-06  2.802E-06  2.827E-06  2.523E-06
  394.5000  4.277E-06  5.703E-06  6.577E-06  6.635E-06  5.922E-06
  395.5000  5.492E-06  7.321E-06  8.440E-06  8.515E-06  7.601E-06
  396.5000  3.219E-06  4.289E-06  4.944E-06  4.988E-06  4.453E-06
  397.5000  3.709E-06  4.938E-06  5.691E-06  5.742E-06  5.127E-06
  398.5000  6.361E-06  8.467E-06  9.756E-06  9.842E-06  8.791E-06
  399.5000  6.604E-06  8.785E-06  1.012E-05  1.021E-05  9.121E-06
  400.5000  6.928E-06  9.213E-06  1.061E-05  1.071E-05  9.565E-06
  401.5000  7.113E-06  9.454E-06  1.089E-05  1.098E-05  9.815E-06
  402.5000  7.369E-06  9.790E-06  1.127E-05  1.137E-05  1.016E-05
  403.5000  6.731E-06  8.939E-06  1.029E-05  1.038E-05  9.280E-06
  404.5000  6.589E-06  8.747E-06  1.007E-05  1.016E-05  9.080E-06
  405.5000  6.831E-06  9.064E-06  1.043E-05  1.052E-05  9.409E-06
  406.5000  6.419E-06  8.514E-06  9.798E-06  9.884E-06  8.839E-06
  407.5000  6.455E-06  8.559E-06  9.847E-06  9.934E-06  8.885E-06
  408.5000  7.170E-06  9.503E-06  1.093E-05  1.103E-05  9.865E-06
  409.5000  7.012E-06  9.290E-06  1.069E-05  1.078E-05  9.643E-06
  410.5000  6.067E-06  8.035E-06  9.241E-06  9.322E-06  8.341E-06
  411.5000  7.278E-06  9.634E-06  1.108E-05  1.118E-05  1.000E-05
  412.5000  7.200E-06  9.527E-06  1.095E-05  1.105E-05  9.889E-06
  413.5000  6.969E-06  9.218E-06  1.060E-05  1.069E-05  9.568E-06
  414.5000  7.145E-06  9.448E-06  1.086E-05  1.095E-05  9.807E-06
  415.5000  6.815E-06  9.008E-06  1.035E-05  1.044E-05  9.351E-06
  416.5000  7.396E-06  9.773E-06  1.123E-05  1.133E-05  1.014E-05
  417.5000  6.744E-06  8.908E-06  1.023E-05  1.032E-05  9.246E-06
  418.5000  6.781E-06  8.954E-06  1.029E-05  1.038E-05  9.294E-06
  419.5000  6.990E-06  9.226E-06  1.060E-05  1.069E-05  9.576E-06
------------------------------------------------------------
Dose rates, W m-2
   1 = UV-B, 280-315 nm                                  
   2 = UV-A, 315-400 nm                                  
   3 = Gaussian, 320 nm, 10 nm FWHM                      
   4 = RB Meter, model 501                               
   5 = DNA damage, in vitro (Setlow, 1974)               
   6 = UV index (WMO, 1994; Webb et al., 2011)           
   7 = Previtamin-D3 (CIE 2006)                          
values at z =      0.000 km
Columns: time, sza, weighting spectra
time, hrs.  sza, deg.          1          2          3          4          5          6          7
   11.0000     97.078  1.348E-08  2.770E-04  3.130E-07  1.022E-07  5.230E-10  6.012E-06  8.034E-09
   11.5000     96.945  5.015E-08  3.801E-04  5.383E-07  1.691E-07  7.969E-10  8.750E-06  1.774E-08
   12.0000     96.877  9.126E-08  4.434E-04  6.929E-07  2.168E-07  9.821E-10  1.053E-05  2.632E-08
   12.5000     96.873  9.447E-08  4.476E-04  7.033E-07  2.200E-07  9.946E-10  1.064E-05  2.694E-08
   13.0000     96.931  5.774E-08  3.955E-04  5.719E-07  1.794E-07  8.382E-10  9.159E-06  1.944E-08
------------------------------------------------------------
