Spectral Irradiance, W m-2 nm-1
values at z =      0.000 km
Columns: wavelength (nm), times (hrs.) or sza (deg.)
    wc, nm     11.000     11.500     12.000     12.500     13.000
    sza =      19.603     15.755     13.981     15.043     18.455
  280.5000  7.801E-15  1.492E-14  1.906E-14  1.652E-14  9.629E-15
  281.5000  2.743E-13  4.954E-13  6.197E-13  5.439E-13  3.324E-13
  282.5000  3.995E-12  6.869E-12  8.434E-12  7.482E-12  4.763E-12
  283.5000  2.062E-11  3.434E-11  4.166E-11  3.722E-11  2.433E-11
  284.5000  2.474E-10  3.889E-10  4.615E-10  4.177E-10  2.866E-10
  285.5000  9.732E-10  1.465E-09  1.711E-09  1.563E-09  1.112E-09
  286.5000  1.258E-08  1.832E-08  2.113E-08  1.945E-08  1.421E-08
  287.5000  7.966E-08  1.119E-07  1.272E-07  1.180E-07  8.895E-08
  288.5000  4.448E-07  6.004E-07  6.728E-07  6.295E-07  4.903E-07
  289.5000  2.638E-06  3.461E-06  3.835E-06  3.612E-06  2.881E-06
  290.5000  1.095E-05  1.443E-05  1.585E-05  1.501E-05  1.221E-05
  291.5000  3.814E-05  4.754E-05  5.168E-05  4.923E-05  4.097E-05
  292.5000  9.672E-05  1.179E-04  1.271E-04  1.217E-04  1.031E-04
  293.5000  2.929E-04  3.496E-04  3.739E-04  3.596E-04  3.102E-04
  294.5000  5.774E-04  6.781E-04  7.208E-04  6.956E-04  6.083E-04
  295.5000  1.508E-03  1.740E-03  1.838E-03  1.780E-03  1.580E-03
  296.5000  2.717E-03  3.091E-03  3.245E-03  3.154E-03  2.833E-03
  297.5000  5.355E-03  6.014E-03  6.286E-03  6.126E-03  5.560E-03
  298.5000  6.537E-03  7.265E-03  7.562E-03  7.387E-03  6.765E-03
  299.5000  1.491E-02  1.640E-02  1.701E-02  1.665E-02  1.538E-02
  300.5000  1.422E-02  1.552E-02  1.605E-02  1.574E-02  1.463E-02
  301.5000  2.877E-02  3.115E-02  3.210E-02  3.154E-02  2.952E-02
  302.5000  3.632E-02  3.910E-02  4.022E-02  3.956E-02  3.720E-02
  303.5000  6.293E-02  6.731E-02  6.905E-02  6.803E-02  6.431E-02
  304.5000  6.949E-02  7.405E-02  7.586E-02  7.480E-02  7.093E-02
  305.5000  9.311E-02  9.867E-02  1.009E-01  9.958E-02  9.488E-02
  306.5000  9.787E-02  1.035E-01  1.057E-01  1.044E-01  9.965E-02
  307.5000  1.429E-01  1.504E-01  1.533E-01  1.516E-01  1.453E-01
  308.5000  1.608E-01  1.689E-01  1.720E-01  1.702E-01  1.633E-01
  309.5000  1.428E-01  1.496E-01  1.522E-01  1.507E-01  1.450E-01
  310.5000  1.956E-01  2.044E-01  2.079E-01  2.058E-01  1.984E-01
  311.5000  2.527E-01  2.636E-01  2.680E-01  2.654E-01  2.562E-01
  312.5000  2.481E-01  2.582E-01  2.622E-01  2.599E-01  2.513E-01
  313.5000  2.819E-01  2.931E-01  2.976E-01  2.950E-01  2.855E-01
  314.5000  2.831E-01  2.938E-01  2.980E-01  2.956E-01  2.865E-01
  315.5000  2.927E-01  3.036E-01  3.079E-01  3.054E-01  2.961E-01
  316.5000  2.925E-01  3.029E-01  3.070E-01  3.046E-01  2.959E-01
  317.5000  4.136E-01  4.283E-01  4.341E-01  4.307E-01  4.183E-01
  318.5000  3.264E-01  3.374E-01  3.417E-01  3.392E-01  3.299E-01
  319.5000  3.984E-01  4.117E-01  4.170E-01  4.139E-01  4.027E-01
  320.5000  4.850E-01  5.010E-01  5.073E-01  5.037E-01  4.901E-01
  321.5000  4.115E-01  4.257E-01  4.309E-01  4.279E-01  4.169E-01
  322.5000  4.147E-01  4.283E-01  4.336E-01  4.305E-01  4.190E-01
  323.5000  4.281E-01  4.414E-01  4.465E-01  4.435E-01  4.323E-01
  324.5000  5.023E-01  5.179E-01  5.239E-01  5.204E-01  5.060E-01
  325.5000  5.628E-01  5.803E-01  5.871E-01  5.831E-01  5.683E-01
  326.5000  6.814E-01  7.018E-01  7.097E-01  7.051E-01  6.879E-01
  327.5000  6.344E-01  6.535E-01  6.610E-01  6.566E-01  6.405E-01
  328.5000  5.856E-01  6.032E-01  6.101E-01  6.061E-01  5.912E-01
  329.5000  7.587E-01  7.809E-01  7.896E-01  7.845E-01  7.658E-01
  330.5000  6.897E-01  7.101E-01  7.181E-01  7.135E-01  6.963E-01
  331.5000  6.815E-01  7.016E-01  7.095E-01  7.049E-01  6.879E-01
  332.5000  6.706E-01  6.900E-01  6.975E-01  6.931E-01  6.768E-01
  333.5000  6.301E-01  6.485E-01  6.556E-01  6.515E-01  6.360E-01
  334.5000  7.037E-01  7.241E-01  7.320E-01  7.274E-01  7.102E-01
  335.5000  7.128E-01  7.332E-01  7.412E-01  7.365E-01  7.194E-01
  336.5000  5.572E-01  5.731E-01  5.794E-01  5.757E-01  5.623E-01
  337.5000  6.116E-01  6.292E-01  6.361E-01  6.321E-01  6.173E-01
  338.5000  6.451E-01  6.634E-01  6.706E-01  6.664E-01  6.510E-01
  339.5000  7.010E-01  7.209E-01  7.286E-01  7.241E-01  7.074E-01
  340.5000  7.494E-01  7.707E-01  7.790E-01  7.741E-01  7.562E-01
  341.5000  6.652E-01  6.839E-01  6.912E-01  6.870E-01  6.712E-01
  342.5000  7.366E-01  7.573E-01  7.654E-01  7.607E-01  7.432E-01
  343.5000  7.650E-01  7.865E-01  7.949E-01  7.900E-01  7.718E-01
  344.5000  5.361E-01  5.511E-01  5.570E-01  5.536E-01  5.409E-01
  345.5000  7.340E-01  7.545E-01  7.625E-01  7.578E-01  7.405E-01
  346.5000  6.865E-01  7.057E-01  7.132E-01  7.088E-01  6.926E-01
  347.5000  6.705E-01  6.892E-01  6.965E-01  6.923E-01  6.765E-01
  348.5000  7.366E-01  7.571E-01  7.651E-01  7.604E-01  7.432E-01
  349.5000  6.171E-01  6.343E-01  6.410E-01  6.370E-01  6.226E-01
  350.5000  8.637E-01  8.877E-01  8.970E-01  8.915E-01  8.714E-01
  351.5000  7.442E-01  7.648E-01  7.728E-01  7.681E-01  7.508E-01
  352.5000  6.709E-01  6.894E-01  6.967E-01  6.924E-01  6.768E-01
  353.5000  8.073E-01  8.295E-01  8.382E-01  8.331E-01  8.144E-01
  354.5000  8.733E-01  8.974E-01  9.067E-01  9.013E-01  8.810E-01
  355.5000  8.159E-01  8.383E-01  8.470E-01  8.419E-01  8.230E-01
  356.5000  7.569E-01  7.776E-01  7.857E-01  7.810E-01  7.635E-01
  357.5000  6.434E-01  6.610E-01  6.679E-01  6.638E-01  6.490E-01
  358.5000  4.963E-01  5.098E-01  5.151E-01  5.120E-01  5.006E-01
  359.5000  8.349E-01  8.577E-01  8.666E-01  8.614E-01  8.422E-01
  360.5000  7.736E-01  7.947E-01  8.029E-01  7.981E-01  7.804E-01
  361.5000  6.972E-01  7.162E-01  7.236E-01  7.192E-01  7.033E-01
  362.5000  8.184E-01  8.407E-01  8.493E-01  8.443E-01  8.255E-01
  363.5000  7.278E-01  7.475E-01  7.552E-01  7.507E-01  7.341E-01
  364.5000  7.936E-01  8.151E-01  8.235E-01  8.186E-01  8.005E-01
  365.5000  9.667E-01  9.929E-01  1.003E+00  9.971E-01  9.751E-01
  366.5000  1.023E+00  1.050E+00  1.061E+00  1.055E+00  1.032E+00
  367.5000  9.707E-01  9.969E-01  1.007E+00  1.001E+00  9.791E-01
  368.5000  8.525E-01  8.754E-01  8.844E-01  8.791E-01  8.598E-01
  369.5000  1.022E+00  1.050E+00  1.060E+00  1.054E+00  1.031E+00
  370.5000  9.271E-01  9.520E-01  9.617E-01  9.560E-01  9.351E-01
  371.5000  1.060E+00  1.089E+00  1.100E+00  1.093E+00  1.070E+00
  372.5000  7.830E-01  8.040E-01  8.122E-01  8.074E-01  7.897E-01
  373.5000  7.075E-01  7.264E-01  7.338E-01  7.295E-01  7.136E-01
  374.5000  7.763E-01  7.970E-01  8.051E-01  8.004E-01  7.829E-01
  375.5000  8.756E-01  8.989E-01  9.080E-01  9.027E-01  8.831E-01
  376.5000  8.741E-01  8.973E-01  9.064E-01  9.011E-01  8.815E-01
  377.5000  1.041E+00  1.068E+00  1.079E+00  1.073E+00  1.049E+00
  378.5000  1.134E+00  1.164E+00  1.176E+00  1.169E+00  1.143E+00
  379.5000  8.385E-01  8.607E-01  8.694E-01  8.643E-01  8.456E-01
  380.5000  1.008E+00  1.035E+00  1.045E+00  1.039E+00  1.017E+00
  381.5000  9.470E-01  9.720E-01  9.818E-01  9.761E-01  9.550E-01
  382.5000  6.308E-01  6.475E-01  6.540E-01  6.502E-01  6.362E-01
  383.5000  5.538E-01  5.684E-01  5.741E-01  5.707E-01  5.585E-01
  384.5000  8.308E-01  8.527E-01  8.612E-01  8.563E-01  8.378E-01
  385.5000  8.218E-01  8.434E-01  8.518E-01  8.469E-01  8.287E-01
  386.5000  8.374E-01  8.594E-01  8.680E-01  8.630E-01  8.445E-01
  387.5000  7.781E-01  7.985E-01  8.064E-01  8.018E-01  7.846E-01
  388.5000  7.797E-01  8.001E-01  8.081E-01  8.034E-01  7.862E-01
  389.5000  9.830E-01  1.009E+00  1.019E+00  1.013E+00  9.912E-01
  390.5000  9.652E-01  9.905E-01  1.000E+00  9.945E-01  9.733E-01
  391.5000  1.145E+00  1.175E+00  1.186E+00  1.180E+00  1.154E+00
  392.5000  8.583E-01  8.806E-01  8.894E-01  8.843E-01  8.654E-01
  393.5000  3.730E-01  3.828E-01  3.865E-01  3.843E-01  3.761E-01
  394.5000  8.776E-01  9.004E-01  9.093E-01  9.041E-01  8.849E-01
  395.5000  1.129E+00  1.158E+00  1.170E+00  1.163E+00  1.138E+00
  396.5000  6.627E-01  6.799E-01  6.866E-01  6.827E-01  6.682E-01
  397.5000  7.646E-01  7.844E-01  7.921E-01  7.876E-01  7.709E-01
  398.5000  1.313E+00  1.347E+00  1.361E+00  1.353E+00  1.324E+00
  399.5000  1.366E+00  1.401E+00  1.415E+00  1.407E+00  1.377E+00
  400.5000  1.436E+00  1.473E+00  1.487E+00  1.479E+00  1.448E+00
  401.5000  1.477E+00  1.515E+00  1.530E+00  1.521E+00  1.489E+00
  402.5000  1.533E+00  1.572E+00  1.588E+00  1.579E+00  1.545E+00
  403.5000  1.403E+00  1.439E+00  1.453E+00  1.445E+00  1.414E+00
  404.5000  1.376E+00  1.411E+00  1.425E+00  1.417E+00  1.387E+00
  405.5000  1.429E+00  1.465E+00  1.480E+00  1.471E+00  1.440E+00
  406.5000  1.345E+00  1.380E+00  1.393E+00  1.385E+00  1.356E+00
  407.5000  1.356E+00  1.391E+00  1.404E+00  1.396E+00  1.367E+00
  408.5000  1.510E+00  1.549E+00  1.564E+00  1.555E+00  1.522E+00
  409.5000  1.480E+00  1.518E+00  1.533E+00  1.524E+00  1.492E+00
  410.5000  1.283E+00  1.316E+00  1.329E+00  1.321E+00  1.294E+00
  411.5000  1.542E+00  1.581E+00  1.597E+00  1.588E+00  1.555E+00
  412.5000  1.528E+00  1.567E+00  1.582E+00  1.573E+00  1.541E+00
  413.5000  1.482E+00  1.520E+00  1.534E+00  1.526E+00  1.494E+00
  414.5000  1.523E+00  1.562E+00  1.577E+00  1.568E+00  1.535E+00
  415.5000  1.456E+00  1.493E+00  1.508E+00  1.499E+00  1.468E+00
  416.5000  1.585E+00  1.625E+00  1.641E+00  1.631E+00  1.598E+00
  417.5000  1.448E+00  1.485E+00  1.499E+00  1.491E+00  1.460E+00
  418.5000  1.460E+00  1.497E+00  1.511E+00  1.502E+00  1.471E+00
  419.5000  1.507E+00  1.546E+00  1.560E+00  1.552E+00  1.520E+00
------------------------------------------------------------
Dose rates, W m-2
   1 = UV-B, 280-315 nm                                  
   2 = UV-A, 315-400 nm                                  
   3 = Gaussian, 320 nm, 10 nm FWHM                      
   4 = RB Meter, model 501                               
   5 = DNA damage, in vitro (Setlow, 1974)               
   6 = UV index (WMO, 1994; Webb et al., 2011)           
   7 = Previtamin-D3 (CIE 2006)                          
values at z =      0.000 km
Columns: time, sza, weighting spectra
time, hrs.  sza, deg.          1          2          3          4          5          6          7
   11.0000     19.603  2.143E+00  6.348E+01  4.091E-01  6.375E-01  7.690E-03  1.223E+01  6.122E-01
   11.5000     15.755  2.247E+00  6.524E+01  4.228E-01  6.717E-01  8.288E-03  1.293E+01  6.482E-01
   12.0000     13.981  2.288E+00  6.592E+01  4.281E-01  6.852E-01  8.530E-03  1.321E+01  6.626E-01
   12.5000     15.043  2.264E+00  6.552E+01  4.250E-01  6.773E-01  8.388E-03  1.304E+01  6.542E-01
   13.0000     18.455  2.176E+00  6.404E+01  4.135E-01  6.484E-01  7.878E-03  1.245E+01  6.236E-01
------------------------------------------------------------
