Spectral Irradiance, W m-2 nm-1
values at z =      0.000 km
Columns: wavelength (nm), times (hrs.) or sza (deg.)
    wc, nm     11.000     11.500     12.000     12.500     13.000
    sza =      97.312     96.911     96.720     96.742     96.975
  280.5000  0.000E+00  0.000E+00  0.000E+00  0.000E+00  0.000E+00
  281.5000  0.000E+00  0.000E+00  0.000E+00  0.000E+00  0.000E+00
  282.5000  0.000E+00  0.000E+00  0.000E+00  0.000E+00  0.000E+00
  283.5000  0.000E+00  0.000E+00  0.000E+00  0.000E+00  0.000E+00
  284.5000  0.000E+00  0.000E+00  0.000E+00  0.000E+00  0.000E+00
  285.5000  0.000E+00  0.000E+00  0.000E+00  0.000E+00  0.000E+00
  286.5000  0.000E+00  0.000E+00  0.000E+00  0.000E+00  0.000E+00
  287.5000  0.000E+00  0.000E+00  0.000E+00  0.000E+00  0.000E+00
  288.5000  0.000E+00  0.000E+00  0.000E+00  0.000E+00  0.000E+00
  289.5000  0.000E+00  0.000E+00  0.000E+00  0.000E+00  0.000E+00
  290.5000  0.000E+00  0.000E+00  0.000E+00  0.000E+00  0.000E+00
  291.5000  0.000E+00  0.000E+00  1.401E-45  1.401E-45  0.000E+00
  292.5000  0.000E+00  0.000E+00  3.223E-44  2.803E-45  0.000E+00
  293.5000  0.000E+00  1.401E-45  1.371E-39  1.044E-40  0.000E+00
  294.5000  0.000E+00  1.401E-45  5.603E-36  5.679E-37  1.401E-45
  295.5000  0.000E+00  3.315E-41  4.129E-32  5.642E-33  4.204E-45
  296.5000  0.000E+00  6.985E-37  6.268E-29  1.100E-29  2.501E-40
  297.5000  0.000E+00  4.871E-33  4.379E-26  9.561E-27  4.748E-36
  298.5000  0.000E+00  6.300E-30  8.087E-24  2.125E-24  1.429E-32
  299.5000  1.401E-45  9.200E-27  1.903E-21  5.944E-22  4.630E-29
  300.5000  4.217E-41  1.469E-24  7.341E-20  2.627E-20  1.365E-26
  301.5000  4.161E-36  6.928E-22  7.575E-18  3.133E-18  1.243E-23
  302.5000  6.431E-33  3.343E-20  1.350E-16  6.147E-17  9.183E-22
  303.5000  4.856E-29  4.080E-18  5.072E-15  2.584E-15  1.863E-19
  304.5000  7.145E-27  5.553E-17  3.460E-14  1.883E-14  3.413E-18
  305.5000  1.292E-23  2.787E-15  6.243E-13  3.742E-13  2.676E-16
  306.5000  3.028E-22  1.441E-14  2.091E-12  1.306E-12  1.668E-15
  307.5000  1.624E-19  4.012E-13  2.520E-11  1.703E-11  6.693E-14
  308.5000  1.808E-18  1.476E-12  6.734E-11  4.694E-11  2.823E-13
  309.5000  7.923E-17  9.208E-12  2.423E-10  1.778E-10  2.240E-12
  310.5000  1.786E-15  5.236E-11  9.309E-10  7.090E-10  1.509E-11
  311.5000  1.436E-14  1.706E-10  2.353E-09  1.835E-09  5.488E-11
  312.5000  3.718E-13  8.710E-10  7.600E-09  6.189E-09  3.419E-10
  313.5000  9.333E-13  1.517E-09  1.191E-08  9.798E-09  6.221E-10
  314.5000  1.489E-11  6.100E-09  3.269E-08  2.788E-08  2.956E-09
  315.5000  2.507E-11  8.337E-09  4.198E-08  3.603E-08  4.141E-09
  316.5000  2.138E-10  2.464E-08  9.266E-08  8.170E-08  1.392E-08
  317.5000  3.148E-10  3.635E-08  1.363E-07  1.203E-07  2.052E-08
  318.5000  1.757E-09  7.781E-08  2.251E-07  2.034E-07  4.928E-08
  319.5000  3.190E-09  1.188E-07  3.271E-07  2.970E-07  7.678E-08
  320.5000  6.166E-09  1.833E-07  4.750E-07  4.337E-07  1.217E-07
  321.5000  3.152E-08  4.081E-07  8.503E-07  7.920E-07  2.989E-07
  322.5000  8.183E-09  1.996E-07  4.903E-07  4.500E-07  1.357E-07
  323.5000  7.401E-08  6.625E-07  1.257E-06  1.180E-06  5.063E-07
  324.5000  8.155E-08  7.581E-07  1.450E-06  1.361E-06  5.768E-07
  325.5000  6.969E-08  7.269E-07  1.431E-06  1.340E-06  5.458E-07
  326.5000  3.733E-07  2.073E-06  3.493E-06  3.316E-06  1.672E-06
  327.5000  2.188E-07  1.472E-06  2.596E-06  2.455E-06  1.162E-06
  328.5000  2.050E-07  1.355E-06  2.383E-06  2.254E-06  1.071E-06
  329.5000  8.175E-07  3.505E-06  5.561E-06  5.308E-06  2.908E-06
  330.5000  4.723E-07  2.393E-06  3.945E-06  3.753E-06  1.949E-06
  331.5000  4.272E-07  2.224E-06  3.691E-06  3.509E-06  1.805E-06
  332.5000  9.529E-07  3.685E-06  5.715E-06  5.465E-06  3.090E-06
  333.5000  6.372E-07  2.764E-06  4.399E-06  4.198E-06  2.289E-06
  334.5000  8.572E-07  3.461E-06  5.421E-06  5.179E-06  2.888E-06
  335.5000  1.295E-06  4.579E-06  6.966E-06  6.672E-06  3.875E-06
  336.5000  9.087E-07  3.311E-06  5.072E-06  4.855E-06  2.793E-06
  337.5000  7.645E-07  3.030E-06  4.729E-06  4.520E-06  2.533E-06
  338.5000  1.223E-06  4.215E-06  6.382E-06  6.116E-06  3.575E-06
  339.5000  1.412E-06  4.757E-06  7.170E-06  6.873E-06  4.044E-06
  340.5000  1.309E-06  4.593E-06  6.983E-06  6.689E-06  3.887E-06
  341.5000  1.443E-06  4.726E-06  7.083E-06  6.793E-06  4.029E-06
  342.5000  1.671E-06  5.379E-06  8.034E-06  7.707E-06  4.592E-06
  343.5000  1.623E-06  5.307E-06  7.954E-06  7.628E-06  4.523E-06
  344.5000  1.056E-06  3.519E-06  5.296E-06  5.077E-06  2.993E-06
  345.5000  1.787E-06  5.584E-06  8.292E-06  7.958E-06  4.780E-06
  346.5000  1.482E-06  4.774E-06  7.138E-06  6.847E-06  4.074E-06
  347.5000  1.476E-06  4.711E-06  7.031E-06  6.745E-06  4.024E-06
  348.5000  1.705E-06  5.345E-06  7.949E-06  7.628E-06  4.574E-06
  349.5000  1.426E-06  4.456E-06  6.624E-06  6.357E-06  3.814E-06
  350.5000  2.026E-06  6.281E-06  9.324E-06  8.949E-06  5.380E-06
  351.5000  1.724E-06  5.342E-06  7.931E-06  7.612E-06  4.576E-06
  352.5000  1.584E-06  4.865E-06  7.212E-06  6.922E-06  4.171E-06
  353.5000  1.958E-06  5.951E-06  8.802E-06  8.450E-06  5.107E-06
  354.5000  2.168E-06  6.525E-06  9.634E-06  9.250E-06  5.604E-06
  355.5000  2.037E-06  6.099E-06  8.998E-06  8.640E-06  5.241E-06
  356.5000  1.893E-06  5.648E-06  8.327E-06  7.996E-06  4.855E-06
  357.5000  1.609E-06  4.783E-06  7.048E-06  6.768E-06  4.112E-06
  358.5000  1.257E-06  3.712E-06  5.464E-06  5.247E-06  3.194E-06
  359.5000  2.121E-06  6.239E-06  9.178E-06  8.814E-06  5.370E-06
  360.5000  1.974E-06  5.781E-06  8.497E-06  8.161E-06  4.978E-06
  361.5000  1.796E-06  5.231E-06  7.681E-06  7.377E-06  4.506E-06
  362.5000  2.123E-06  6.151E-06  9.024E-06  8.668E-06  5.301E-06
  363.5000  1.895E-06  5.470E-06  8.020E-06  7.703E-06  4.716E-06
  364.5000  2.069E-06  5.950E-06  8.720E-06  8.376E-06  5.132E-06
  365.5000  2.518E-06  7.222E-06  1.058E-05  1.016E-05  6.230E-06
  366.5000  2.680E-06  7.651E-06  1.120E-05  1.076E-05  6.602E-06
  367.5000  2.558E-06  7.271E-06  1.063E-05  1.022E-05  6.277E-06
  368.5000  2.251E-06  6.376E-06  9.321E-06  8.955E-06  5.506E-06
  369.5000  2.705E-06  7.636E-06  1.116E-05  1.072E-05  6.597E-06
  370.5000  2.458E-06  6.915E-06  1.010E-05  9.703E-06  5.976E-06
  371.5000  2.819E-06  7.903E-06  1.153E-05  1.108E-05  6.831E-06
  372.5000  2.087E-06  5.831E-06  8.505E-06  8.173E-06  5.042E-06
  373.5000  1.887E-06  5.257E-06  7.664E-06  7.365E-06  4.546E-06
  374.5000  2.072E-06  5.756E-06  8.388E-06  8.061E-06  4.979E-06
  375.5000  2.343E-06  6.487E-06  9.447E-06  9.079E-06  5.613E-06
  376.5000  2.343E-06  6.468E-06  9.415E-06  9.048E-06  5.598E-06
  377.5000  2.794E-06  7.688E-06  1.119E-05  1.075E-05  6.656E-06
  378.5000  3.047E-06  8.361E-06  1.216E-05  1.169E-05  7.240E-06
  379.5000  2.255E-06  6.171E-06  8.970E-06  8.621E-06  5.345E-06
  380.5000  2.715E-06  7.407E-06  1.076E-05  1.034E-05  6.417E-06
  381.5000  2.553E-06  6.946E-06  1.009E-05  9.697E-06  6.020E-06
  382.5000  1.702E-06  4.619E-06  6.705E-06  6.445E-06  4.004E-06
  383.5000  1.495E-06  4.046E-06  5.872E-06  5.644E-06  3.508E-06
  384.5000  2.245E-06  6.059E-06  8.789E-06  8.449E-06  5.255E-06
  385.5000  2.222E-06  5.982E-06  8.674E-06  8.338E-06  5.189E-06
  386.5000  2.266E-06  6.084E-06  8.818E-06  8.477E-06  5.279E-06
  387.5000  2.106E-06  5.641E-06  8.173E-06  7.857E-06  4.895E-06
  388.5000  2.111E-06  5.640E-06  8.169E-06  7.853E-06  4.896E-06
  389.5000  2.662E-06  7.096E-06  1.027E-05  9.876E-06  6.161E-06
  390.5000  2.615E-06  6.954E-06  1.006E-05  9.675E-06  6.039E-06
  391.5000  3.103E-06  8.231E-06  1.191E-05  1.145E-05  7.149E-06
  392.5000  2.326E-06  6.157E-06  8.904E-06  8.560E-06  5.349E-06
  393.5000  1.011E-06  2.670E-06  3.860E-06  3.711E-06  2.320E-06
  394.5000  2.378E-06  6.266E-06  9.054E-06  8.705E-06  5.445E-06
  395.5000  3.058E-06  8.041E-06  1.162E-05  1.117E-05  6.989E-06
  396.5000  1.795E-06  4.710E-06  6.802E-06  6.540E-06  4.095E-06
  397.5000  2.072E-06  5.423E-06  7.829E-06  7.527E-06  4.716E-06
  398.5000  3.559E-06  9.296E-06  1.342E-05  1.290E-05  8.085E-06
  399.5000  3.700E-06  9.645E-06  1.391E-05  1.338E-05  8.390E-06
  400.5000  3.887E-06  1.011E-05  1.458E-05  1.402E-05  8.798E-06
  401.5000  3.995E-06  1.037E-05  1.496E-05  1.438E-05  9.027E-06
  402.5000  4.144E-06  1.074E-05  1.548E-05  1.489E-05  9.347E-06
  403.5000  3.791E-06  9.805E-06  1.413E-05  1.359E-05  8.535E-06
  404.5000  3.716E-06  9.593E-06  1.382E-05  1.329E-05  8.352E-06
  405.5000  3.857E-06  9.939E-06  1.431E-05  1.376E-05  8.655E-06
  406.5000  3.629E-06  9.334E-06  1.344E-05  1.292E-05  8.129E-06
  407.5000  3.653E-06  9.379E-06  1.350E-05  1.298E-05  8.170E-06
  408.5000  4.061E-06  1.041E-05  1.498E-05  1.440E-05  9.069E-06
  409.5000  3.975E-06  1.017E-05  1.463E-05  1.407E-05  8.864E-06
  410.5000  3.443E-06  8.797E-06  1.265E-05  1.217E-05  7.666E-06
  411.5000  4.136E-06  1.055E-05  1.516E-05  1.458E-05  9.193E-06
  412.5000  4.097E-06  1.043E-05  1.499E-05  1.442E-05  9.092E-06
  413.5000  3.971E-06  1.009E-05  1.450E-05  1.394E-05  8.798E-06
  414.5000  4.076E-06  1.034E-05  1.485E-05  1.429E-05  9.017E-06
  415.5000  3.891E-06  9.856E-06  1.415E-05  1.361E-05  8.595E-06
  416.5000  4.225E-06  1.069E-05  1.535E-05  1.476E-05  9.322E-06
  417.5000  3.855E-06  9.739E-06  1.398E-05  1.345E-05  8.495E-06
  418.5000  3.881E-06  9.788E-06  1.405E-05  1.351E-05  8.539E-06
  419.5000  4.005E-06  1.008E-05  1.447E-05  1.392E-05  8.799E-06
------------------------------------------------------------
Dose rates, W m-2
   1 = UV-B, 280-315 nm                                  
   2 = UV-A, 315-400 nm                                  
   3 = Gaussian, 320 nm, 10 nm FWHM                      
   4 = RB Meter, model 501                               
   5 = DNA damage, in vitro (Setlow, 1974)               
   6 = UV index (WMO, 1994; Webb et al., 2011)           
   7 = Previtamin-D3 (CIE 2006)                          
values at z =      0.000 km
Columns: time, sza, weighting spectra
time, hrs.  sza, deg.          1          2          3          4          5          6          7
   11.0000     97.312  1.621E-11  1.386E-04  4.586E-08  2.659E-08  1.838E-10  2.517E-06  6.060E-10
   11.5000     96.911  8.722E-09  4.084E-04  3.640E-07  1.297E-07  7.203E-10  8.551E-06  7.987E-09
   12.0000     96.720  5.582E-08  6.045E-04  7.141E-07  2.366E-07  1.187E-09  1.342E-05  2.178E-08
   12.5000     96.742  4.665E-08  5.801E-04  6.677E-07  2.221E-07  1.126E-09  1.280E-05  1.959E-08
   13.0000     96.975  3.993E-09  3.508E-04  2.770E-07  1.033E-07  5.951E-10  7.194E-06  5.491E-09
------------------------------------------------------------
