Spectral Irradiance, W m-2 nm-1
values at z =      0.000 km
Columns: wavelength (nm), times (hrs.) or sza (deg.)
    wc, nm     11.000     11.500     12.000     12.500     13.000
    sza =      40.087     38.993     38.561     38.816     39.744
  280.5000  6.418E-23  1.363E-22  1.816E-22  1.534E-22  8.161E-23
  281.5000  1.227E-20  2.436E-20  3.163E-20  2.712E-20  1.527E-20
  282.5000  7.653E-19  1.325E-18  1.820E-18  1.581E-18  9.347E-19
  283.5000  1.016E-17  1.832E-17  2.293E-17  2.009E-17  1.226E-17
  284.5000  6.816E-16  1.147E-15  1.399E-15  1.245E-15  8.046E-16
  285.5000  9.577E-15  1.531E-14  1.832E-14  1.649E-14  1.112E-14
  286.5000  3.293E-13  5.064E-13  5.966E-13  5.417E-13  3.777E-13
  287.5000  6.175E-12  9.093E-12  1.054E-11  9.662E-12  6.986E-12
  288.5000  1.121E-10  1.575E-10  1.793E-10  1.661E-10  1.250E-10
  289.5000  1.546E-09  2.100E-09  2.360E-09  2.203E-09  1.705E-09
  290.5000  1.343E-08  1.773E-08  1.971E-08  1.852E-08  1.467E-08
  291.5000  1.016E-07  1.298E-07  1.426E-07  1.349E-07  1.098E-07
  292.5000  4.974E-07  6.194E-07  6.735E-07  6.342E-07  5.334E-07
  293.5000  2.798E-06  3.399E-06  3.661E-06  3.505E-06  2.977E-06
  294.5000  8.960E-06  1.068E-05  1.142E-05  1.097E-05  9.475E-06
  295.5000  3.917E-05  4.572E-05  4.851E-05  4.685E-05  4.115E-05
  296.5000  1.082E-04  1.242E-04  1.309E-04  1.269E-04  1.131E-04
  297.5000  3.104E-04  3.510E-04  3.679E-04  3.579E-04  3.228E-04
  298.5000  5.198E-04  5.805E-04  6.055E-04  5.906E-04  5.384E-04
  299.5000  1.598E-03  1.763E-03  1.831E-03  1.791E-03  1.649E-03
  300.5000  1.915E-03  2.094E-03  2.167E-03  2.124E-03  1.970E-03
  301.5000  4.962E-03  5.374E-03  5.540E-03  5.441E-03  5.089E-03
  302.5000  7.368E-03  7.928E-03  8.154E-03  8.020E-03  7.542E-03
  303.5000  1.546E-02  1.651E-02  1.693E-02  1.668E-02  1.579E-02
  304.5000  1.907E-02  2.028E-02  2.076E-02  2.047E-02  1.944E-02
  305.5000  3.011E-02  3.181E-02  3.249E-02  3.209E-02  3.064E-02
  306.5000  3.397E-02  3.579E-02  3.651E-02  3.609E-02  3.454E-02
  307.5000  5.653E-02  5.949E-02  6.057E-02  5.993E-02  5.762E-02
  308.5000  6.728E-02  7.037E-02  7.158E-02  7.086E-02  6.824E-02
  309.5000  6.534E-02  6.809E-02  6.918E-02  6.854E-02  6.620E-02
  310.5000  9.537E-02  9.915E-02  9.982E-02  9.976E-02  9.656E-02
  311.5000  1.285E-01  1.333E-01  1.353E-01  1.341E-01  1.300E-01
  312.5000  1.359E-01  1.406E-01  1.425E-01  1.414E-01  1.374E-01
  313.5000  1.572E-01  1.626E-01  1.647E-01  1.634E-01  1.589E-01
  314.5000  1.682E-01  1.735E-01  1.743E-01  1.744E-01  1.699E-01
  315.5000  1.758E-01  1.813E-01  1.834E-01  1.822E-01  1.775E-01
  316.5000  1.846E-01  1.899E-01  1.920E-01  1.908E-01  1.862E-01
  317.5000  2.613E-01  2.689E-01  2.718E-01  2.701E-01  2.637E-01
  318.5000  2.156E-01  2.215E-01  2.237E-01  2.224E-01  2.174E-01
  319.5000  2.656E-01  2.727E-01  2.755E-01  2.739E-01  2.679E-01
  320.5000  3.269E-01  3.355E-01  3.388E-01  3.368E-01  3.296E-01
  321.5000  2.898E-01  2.969E-01  2.997E-01  2.981E-01  2.920E-01
  322.5000  2.825E-01  2.898E-01  2.927E-01  2.910E-01  2.848E-01
  323.5000  3.064E-01  3.137E-01  3.166E-01  3.149E-01  3.087E-01
  324.5000  3.591E-01  3.677E-01  3.711E-01  3.691E-01  3.618E-01
  325.5000  4.000E-01  4.097E-01  4.135E-01  4.112E-01  4.031E-01
  326.5000  5.008E-01  5.122E-01  5.166E-01  5.141E-01  5.044E-01
  327.5000  4.616E-01  4.723E-01  4.765E-01  4.740E-01  4.650E-01
  328.5000  4.265E-01  4.364E-01  4.402E-01  4.379E-01  4.294E-01
  329.5000  5.666E-01  5.791E-01  5.840E-01  5.811E-01  5.705E-01
  330.5000  5.102E-01  5.217E-01  5.261E-01  5.235E-01  5.138E-01
  331.5000  5.033E-01  5.146E-01  5.191E-01  5.165E-01  5.069E-01
  332.5000  5.043E-01  5.153E-01  5.196E-01  5.170E-01  5.078E-01
  333.5000  4.706E-01  4.809E-01  4.850E-01  4.826E-01  4.738E-01
  334.5000  5.278E-01  5.394E-01  5.439E-01  5.412E-01  5.315E-01
  335.5000  5.394E-01  5.510E-01  5.556E-01  5.529E-01  5.431E-01
  336.5000  4.208E-01  4.299E-01  4.335E-01  4.314E-01  4.237E-01
  337.5000  4.595E-01  4.695E-01  4.734E-01  4.711E-01  4.627E-01
  338.5000  4.891E-01  4.996E-01  5.037E-01  5.013E-01  4.924E-01
  339.5000  5.324E-01  5.438E-01  5.482E-01  5.456E-01  5.360E-01
  340.5000  5.676E-01  5.798E-01  5.845E-01  5.817E-01  5.715E-01
  341.5000  5.063E-01  5.171E-01  5.212E-01  5.188E-01  5.097E-01
  342.5000  5.614E-01  5.733E-01  5.779E-01  5.752E-01  5.652E-01
  343.5000  5.824E-01  5.947E-01  5.995E-01  5.967E-01  5.863E-01
  344.5000  4.077E-01  4.163E-01  4.197E-01  4.177E-01  4.104E-01
  345.5000  5.608E-01  5.726E-01  5.771E-01  5.744E-01  5.645E-01
  346.5000  5.235E-01  5.345E-01  5.388E-01  5.362E-01  5.269E-01
  347.5000  5.117E-01  5.224E-01  5.266E-01  5.241E-01  5.151E-01
  348.5000  5.629E-01  5.746E-01  5.792E-01  5.765E-01  5.666E-01
  349.5000  4.717E-01  4.816E-01  4.854E-01  4.831E-01  4.748E-01
  350.5000  6.606E-01  6.744E-01  6.798E-01  6.766E-01  6.650E-01
  351.5000  5.693E-01  5.811E-01  5.857E-01  5.830E-01  5.730E-01
  352.5000  5.136E-01  5.243E-01  5.284E-01  5.260E-01  5.169E-01
  353.5000  6.185E-01  6.314E-01  6.364E-01  6.334E-01  6.226E-01
  354.5000  6.697E-01  6.836E-01  6.890E-01  6.858E-01  6.741E-01
  355.5000  6.259E-01  6.389E-01  6.439E-01  6.409E-01  6.300E-01
  356.5000  5.809E-01  5.929E-01  5.975E-01  5.948E-01  5.847E-01
  357.5000  4.940E-01  5.041E-01  5.081E-01  5.058E-01  4.972E-01
  358.5000  3.813E-01  3.891E-01  3.921E-01  3.903E-01  3.837E-01
  359.5000  6.417E-01  6.548E-01  6.600E-01  6.569E-01  6.458E-01
  360.5000  5.948E-01  6.070E-01  6.117E-01  6.089E-01  5.987E-01
  361.5000  5.364E-01  5.473E-01  5.516E-01  5.491E-01  5.398E-01
  362.5000  6.299E-01  6.428E-01  6.478E-01  6.448E-01  6.340E-01
  363.5000  5.604E-01  5.718E-01  5.763E-01  5.736E-01  5.640E-01
  364.5000  6.113E-01  6.238E-01  6.286E-01  6.258E-01  6.153E-01
  365.5000  7.449E-01  7.600E-01  7.659E-01  7.625E-01  7.497E-01
  366.5000  7.884E-01  8.044E-01  8.106E-01  8.070E-01  7.935E-01
  367.5000  7.487E-01  7.638E-01  7.697E-01  7.662E-01  7.534E-01
  368.5000  6.577E-01  6.710E-01  6.762E-01  6.731E-01  6.619E-01
  369.5000  7.889E-01  8.049E-01  8.111E-01  8.074E-01  7.940E-01
  370.5000  7.158E-01  7.302E-01  7.359E-01  7.325E-01  7.204E-01
  371.5000  8.191E-01  8.356E-01  8.420E-01  8.382E-01  8.243E-01
  372.5000  6.051E-01  6.172E-01  6.220E-01  6.192E-01  6.089E-01
  373.5000  5.469E-01  5.579E-01  5.622E-01  5.596E-01  5.504E-01
  374.5000  6.003E-01  6.123E-01  6.170E-01  6.142E-01  6.041E-01
  375.5000  6.773E-01  6.909E-01  6.961E-01  6.930E-01  6.816E-01
  376.5000  6.764E-01  6.899E-01  6.952E-01  6.921E-01  6.806E-01
  377.5000  8.055E-01  8.215E-01  8.278E-01  8.241E-01  8.105E-01
  378.5000  8.779E-01  8.954E-01  9.022E-01  8.982E-01  8.834E-01
  379.5000  6.495E-01  6.625E-01  6.675E-01  6.645E-01  6.536E-01
  380.5000  7.812E-01  7.967E-01  8.028E-01  7.992E-01  7.861E-01
  381.5000  7.341E-01  7.487E-01  7.543E-01  7.510E-01  7.387E-01
  382.5000  4.892E-01  4.989E-01  5.027E-01  5.004E-01  4.922E-01
  383.5000  4.296E-01  4.381E-01  4.414E-01  4.394E-01  4.323E-01
  384.5000  6.447E-01  6.574E-01  6.624E-01  6.595E-01  6.487E-01
  385.5000  6.379E-01  6.505E-01  6.554E-01  6.525E-01  6.418E-01
  386.5000  6.502E-01  6.631E-01  6.681E-01  6.651E-01  6.543E-01
  387.5000  6.043E-01  6.162E-01  6.209E-01  6.181E-01  6.081E-01
  388.5000  6.058E-01  6.177E-01  6.223E-01  6.196E-01  6.095E-01
  389.5000  7.640E-01  7.790E-01  7.848E-01  7.814E-01  7.687E-01
  390.5000  7.504E-01  7.652E-01  7.709E-01  7.675E-01  7.551E-01
  391.5000  8.903E-01  9.078E-01  9.146E-01  9.106E-01  8.958E-01
  392.5000  6.677E-01  6.807E-01  6.858E-01  6.828E-01  6.718E-01
  393.5000  2.903E-01  2.960E-01  2.982E-01  2.969E-01  2.921E-01
  394.5000  6.831E-01  6.965E-01  7.017E-01  6.986E-01  6.873E-01
  395.5000  8.790E-01  8.961E-01  9.028E-01  8.989E-01  8.844E-01
  396.5000  5.162E-01  5.262E-01  5.301E-01  5.278E-01  5.194E-01
  397.5000  5.957E-01  6.073E-01  6.118E-01  6.091E-01  5.993E-01
  398.5000  1.024E+00  1.044E+00  1.051E+00  1.047E+00  1.030E+00
  399.5000  1.065E+00  1.085E+00  1.094E+00  1.089E+00  1.071E+00
  400.5000  1.120E+00  1.141E+00  1.150E+00  1.145E+00  1.126E+00
  401.5000  1.152E+00  1.174E+00  1.183E+00  1.178E+00  1.159E+00
  402.5000  1.196E+00  1.219E+00  1.228E+00  1.223E+00  1.203E+00
  403.5000  1.095E+00  1.116E+00  1.124E+00  1.119E+00  1.101E+00
  404.5000  1.074E+00  1.095E+00  1.103E+00  1.098E+00  1.080E+00
  405.5000  1.116E+00  1.137E+00  1.145E+00  1.141E+00  1.122E+00
  406.5000  1.051E+00  1.071E+00  1.079E+00  1.074E+00  1.057E+00
  407.5000  1.060E+00  1.080E+00  1.088E+00  1.083E+00  1.066E+00
  408.5000  1.180E+00  1.203E+00  1.212E+00  1.206E+00  1.187E+00
  409.5000  1.157E+00  1.179E+00  1.188E+00  1.183E+00  1.164E+00
  410.5000  1.003E+00  1.023E+00  1.030E+00  1.026E+00  1.009E+00
  411.5000  1.206E+00  1.229E+00  1.238E+00  1.233E+00  1.213E+00
  412.5000  1.196E+00  1.218E+00  1.227E+00  1.222E+00  1.203E+00
  413.5000  1.160E+00  1.182E+00  1.190E+00  1.185E+00  1.167E+00
  414.5000  1.192E+00  1.215E+00  1.224E+00  1.218E+00  1.199E+00
  415.5000  1.140E+00  1.162E+00  1.170E+00  1.165E+00  1.147E+00
  416.5000  1.241E+00  1.265E+00  1.274E+00  1.268E+00  1.248E+00
  417.5000  1.135E+00  1.156E+00  1.165E+00  1.160E+00  1.141E+00
  418.5000  1.144E+00  1.165E+00  1.174E+00  1.169E+00  1.150E+00
  419.5000  1.181E+00  1.204E+00  1.212E+00  1.207E+00  1.188E+00
------------------------------------------------------------
Dose rates, W m-2
   1 = UV-B, 280-315 nm                                  
   2 = UV-A, 315-400 nm                                  
   3 = Gaussian, 320 nm, 10 nm FWHM                      
   4 = RB Meter, model 501                               
   5 = DNA damage, in vitro (Setlow, 1974)               
   6 = UV index (WMO, 1994; Webb et al., 2011)           
   7 = Previtamin-D3 (CIE 2006)                          
values at z =      0.000 km
Columns: time, sza, weighting spectra
time, hrs.  sza, deg.          1          2          3          4          5          6          7
   11.0000     40.087  9.897E-01  4.833E+01  2.757E-01  2.751E-01  2.029E-03  5.114E+00  2.250E-01
   11.5000     38.993  1.030E+00  4.934E+01  2.829E-01  2.865E-01  2.144E-03  5.321E+00  2.359E-01
   12.0000     38.561  1.043E+00  4.973E+01  2.857E-01  2.907E-01  2.189E-03  5.399E+00  2.400E-01
   12.5000     38.816  1.036E+00  4.950E+01  2.841E-01  2.883E-01  2.163E-03  5.355E+00  2.377E-01
   13.0000     39.744  1.002E+00  4.865E+01  2.779E-01  2.787E-01  2.065E-03  5.180E+00  2.285E-01
------------------------------------------------------------
