Spectral Irradiance, W m-2 nm-1
values at z =      0.000 km
Columns: wavelength (nm), times (hrs.) or sza (deg.)
    wc, nm     11.000     11.500     12.000     12.500     13.000
    sza =      56.138     55.791     55.657     55.738     56.033
  280.5000  1.916E-22  2.734E-22  3.141E-22  2.888E-22  2.132E-22
  281.5000  3.206E-20  4.443E-20  5.044E-20  4.672E-20  3.537E-20
  282.5000  1.781E-18  2.406E-18  2.704E-18  2.520E-18  1.950E-18
  283.5000  2.189E-17  2.909E-17  3.248E-17  3.038E-17  2.385E-17
  284.5000  1.284E-15  1.654E-15  1.824E-15  1.720E-15  1.386E-15
  285.5000  1.630E-14  2.052E-14  2.242E-14  2.125E-14  1.748E-14
  286.5000  5.180E-13  6.401E-13  6.946E-13  6.612E-13  5.522E-13
  287.5000  8.905E-12  1.078E-11  1.161E-11  1.110E-11  9.436E-12
  288.5000  1.471E-10  1.742E-10  1.859E-10  1.787E-10  1.548E-10
  289.5000  1.892E-09  2.205E-09  2.339E-09  2.257E-09  1.982E-09
  290.5000  1.549E-08  1.781E-08  1.879E-08  1.820E-08  1.616E-08
  291.5000  1.096E-07  1.241E-07  1.302E-07  1.265E-07  1.138E-07
  292.5000  5.079E-07  5.677E-07  5.925E-07  5.774E-07  5.253E-07
  293.5000  2.711E-06  2.993E-06  3.110E-06  3.039E-06  2.793E-06
  294.5000  8.319E-06  9.100E-06  9.419E-06  9.226E-06  8.549E-06
  295.5000  3.477E-05  3.765E-05  3.882E-05  3.811E-05  3.562E-05
  296.5000  9.248E-05  9.931E-05  1.021E-04  1.004E-04  9.450E-05
  297.5000  2.564E-04  2.733E-04  2.801E-04  2.760E-04  2.614E-04
  298.5000  4.171E-04  4.418E-04  4.517E-04  4.457E-04  4.244E-04
  299.5000  1.247E-03  1.313E-03  1.340E-03  1.324E-03  1.267E-03
  300.5000  1.463E-03  1.534E-03  1.562E-03  1.545E-03  1.484E-03
  301.5000  3.705E-03  3.865E-03  3.928E-03  3.889E-03  3.753E-03
  302.5000  5.417E-03  5.632E-03  5.717E-03  5.666E-03  5.481E-03
  303.5000  1.116E-02  1.156E-02  1.172E-02  1.162E-02  1.128E-02
  304.5000  1.362E-02  1.408E-02  1.426E-02  1.415E-02  1.376E-02
  305.5000  2.119E-02  2.182E-02  2.207E-02  2.192E-02  2.138E-02
  306.5000  2.375E-02  2.443E-02  2.469E-02  2.453E-02  2.395E-02
  307.5000  3.921E-02  4.022E-02  4.062E-02  4.038E-02  3.951E-02
  308.5000  4.625E-02  4.740E-02  4.785E-02  4.758E-02  4.660E-02
  309.5000  4.458E-02  4.560E-02  4.600E-02  4.576E-02  4.489E-02
  310.5000  6.473E-02  6.613E-02  6.667E-02  6.634E-02  6.515E-02
  311.5000  8.691E-02  8.871E-02  8.941E-02  8.899E-02  8.746E-02
  312.5000  9.138E-02  9.313E-02  9.381E-02  9.340E-02  9.190E-02
  313.5000  1.056E-01  1.076E-01  1.083E-01  1.079E-01  1.062E-01
  314.5000  1.124E-01  1.144E-01  1.151E-01  1.147E-01  1.130E-01
  315.5000  1.174E-01  1.195E-01  1.203E-01  1.198E-01  1.181E-01
  316.5000  1.228E-01  1.248E-01  1.256E-01  1.251E-01  1.234E-01
  317.5000  1.739E-01  1.767E-01  1.778E-01  1.772E-01  1.748E-01
  318.5000  1.430E-01  1.452E-01  1.460E-01  1.455E-01  1.437E-01
  319.5000  1.761E-01  1.788E-01  1.798E-01  1.792E-01  1.769E-01
  320.5000  2.167E-01  2.199E-01  2.211E-01  2.204E-01  2.176E-01
  321.5000  1.914E-01  1.941E-01  1.951E-01  1.945E-01  1.922E-01
  322.5000  1.873E-01  1.900E-01  1.911E-01  1.904E-01  1.881E-01
  323.5000  2.023E-01  2.050E-01  2.061E-01  2.054E-01  2.031E-01
  324.5000  2.372E-01  2.404E-01  2.417E-01  2.409E-01  2.382E-01
  325.5000  2.646E-01  2.682E-01  2.696E-01  2.688E-01  2.657E-01
  326.5000  3.303E-01  3.346E-01  3.362E-01  3.352E-01  3.316E-01
  327.5000  3.050E-01  3.090E-01  3.105E-01  3.096E-01  3.062E-01
  328.5000  2.819E-01  2.857E-01  2.871E-01  2.862E-01  2.831E-01
  329.5000  3.737E-01  3.785E-01  3.803E-01  3.792E-01  3.752E-01
  330.5000  3.371E-01  3.415E-01  3.431E-01  3.421E-01  3.384E-01
  331.5000  3.329E-01  3.372E-01  3.388E-01  3.378E-01  3.342E-01
  332.5000  3.331E-01  3.372E-01  3.389E-01  3.379E-01  3.343E-01
  333.5000  3.113E-01  3.152E-01  3.167E-01  3.158E-01  3.124E-01
  334.5000  3.492E-01  3.536E-01  3.553E-01  3.543E-01  3.505E-01
  335.5000  3.568E-01  3.612E-01  3.629E-01  3.619E-01  3.581E-01
  336.5000  2.786E-01  2.821E-01  2.834E-01  2.826E-01  2.796E-01
  337.5000  3.046E-01  3.084E-01  3.099E-01  3.090E-01  3.058E-01
  338.5000  3.241E-01  3.281E-01  3.297E-01  3.287E-01  3.253E-01
  339.5000  3.530E-01  3.573E-01  3.590E-01  3.580E-01  3.543E-01
  340.5000  3.767E-01  3.814E-01  3.832E-01  3.821E-01  3.781E-01
  341.5000  3.361E-01  3.402E-01  3.418E-01  3.408E-01  3.373E-01
  342.5000  3.729E-01  3.774E-01  3.792E-01  3.781E-01  3.742E-01
  343.5000  3.871E-01  3.919E-01  3.937E-01  3.926E-01  3.886E-01
  344.5000  2.712E-01  2.745E-01  2.758E-01  2.750E-01  2.722E-01
  345.5000  3.731E-01  3.777E-01  3.794E-01  3.783E-01  3.745E-01
  346.5000  3.486E-01  3.528E-01  3.545E-01  3.535E-01  3.499E-01
  347.5000  3.410E-01  3.451E-01  3.467E-01  3.457E-01  3.422E-01
  348.5000  3.753E-01  3.798E-01  3.816E-01  3.805E-01  3.767E-01
  349.5000  3.147E-01  3.185E-01  3.200E-01  3.191E-01  3.159E-01
  350.5000  4.410E-01  4.463E-01  4.484E-01  4.472E-01  4.426E-01
  351.5000  3.803E-01  3.849E-01  3.866E-01  3.856E-01  3.817E-01
  352.5000  3.433E-01  3.474E-01  3.490E-01  3.481E-01  3.445E-01
  353.5000  4.137E-01  4.187E-01  4.206E-01  4.194E-01  4.152E-01
  354.5000  4.482E-01  4.535E-01  4.556E-01  4.544E-01  4.498E-01
  355.5000  4.192E-01  4.242E-01  4.261E-01  4.249E-01  4.207E-01
  356.5000  3.892E-01  3.939E-01  3.957E-01  3.946E-01  3.906E-01
  357.5000  3.312E-01  3.351E-01  3.367E-01  3.357E-01  3.324E-01
  358.5000  2.558E-01  2.588E-01  2.600E-01  2.593E-01  2.567E-01
  359.5000  4.308E-01  4.359E-01  4.379E-01  4.367E-01  4.323E-01
  360.5000  3.996E-01  4.043E-01  4.061E-01  4.050E-01  4.010E-01
  361.5000  3.605E-01  3.648E-01  3.664E-01  3.654E-01  3.618E-01
  362.5000  4.236E-01  4.286E-01  4.306E-01  4.294E-01  4.252E-01
  363.5000  3.771E-01  3.816E-01  3.833E-01  3.822E-01  3.785E-01
  364.5000  4.116E-01  4.165E-01  4.184E-01  4.172E-01  4.131E-01
  365.5000  5.019E-01  5.078E-01  5.101E-01  5.087E-01  5.037E-01
  366.5000  5.315E-01  5.378E-01  5.402E-01  5.387E-01  5.334E-01
  367.5000  5.050E-01  5.109E-01  5.132E-01  5.118E-01  5.068E-01
  368.5000  4.439E-01  4.491E-01  4.511E-01  4.499E-01  4.455E-01
  369.5000  5.328E-01  5.390E-01  5.415E-01  5.400E-01  5.347E-01
  370.5000  4.837E-01  4.894E-01  4.915E-01  4.902E-01  4.854E-01
  371.5000  5.538E-01  5.603E-01  5.628E-01  5.613E-01  5.558E-01
  372.5000  4.093E-01  4.141E-01  4.159E-01  4.148E-01  4.108E-01
  373.5000  3.702E-01  3.745E-01  3.762E-01  3.752E-01  3.715E-01
  374.5000  4.066E-01  4.113E-01  4.131E-01  4.120E-01  4.080E-01
  375.5000  4.590E-01  4.643E-01  4.664E-01  4.651E-01  4.606E-01
  376.5000  4.586E-01  4.639E-01  4.660E-01  4.648E-01  4.602E-01
  377.5000  5.465E-01  5.528E-01  5.552E-01  5.538E-01  5.484E-01
  378.5000  5.960E-01  6.028E-01  6.055E-01  6.039E-01  5.980E-01
  379.5000  4.412E-01  4.463E-01  4.482E-01  4.470E-01  4.427E-01
  380.5000  5.309E-01  5.370E-01  5.394E-01  5.379E-01  5.327E-01
  381.5000  4.992E-01  5.049E-01  5.071E-01  5.058E-01  5.009E-01
  382.5000  3.328E-01  3.366E-01  3.381E-01  3.372E-01  3.340E-01
  383.5000  2.924E-01  2.958E-01  2.971E-01  2.963E-01  2.934E-01
  384.5000  4.391E-01  4.441E-01  4.461E-01  4.449E-01  4.406E-01
  385.5000  4.347E-01  4.396E-01  4.416E-01  4.404E-01  4.362E-01
  386.5000  4.433E-01  4.484E-01  4.504E-01  4.492E-01  4.449E-01
  387.5000  4.123E-01  4.170E-01  4.188E-01  4.177E-01  4.137E-01
  388.5000  4.135E-01  4.182E-01  4.200E-01  4.189E-01  4.149E-01
  389.5000  5.217E-01  5.276E-01  5.299E-01  5.285E-01  5.235E-01
  390.5000  5.127E-01  5.185E-01  5.208E-01  5.194E-01  5.145E-01
  391.5000  6.086E-01  6.155E-01  6.182E-01  6.166E-01  6.107E-01
  392.5000  4.567E-01  4.618E-01  4.638E-01  4.626E-01  4.582E-01
  393.5000  1.986E-01  2.009E-01  2.018E-01  2.012E-01  1.993E-01
  394.5000  4.677E-01  4.730E-01  4.750E-01  4.738E-01  4.693E-01
  395.5000  6.021E-01  6.089E-01  6.115E-01  6.099E-01  6.041E-01
  396.5000  3.538E-01  3.577E-01  3.593E-01  3.583E-01  3.550E-01
  397.5000  4.084E-01  4.130E-01  4.148E-01  4.137E-01  4.098E-01
  398.5000  7.022E-01  7.101E-01  7.132E-01  7.113E-01  7.046E-01
  399.5000  7.308E-01  7.390E-01  7.422E-01  7.403E-01  7.333E-01
  400.5000  7.688E-01  7.774E-01  7.807E-01  7.787E-01  7.714E-01
  401.5000  7.914E-01  8.002E-01  8.036E-01  8.016E-01  7.940E-01
  402.5000  8.220E-01  8.312E-01  8.348E-01  8.326E-01  8.248E-01
  403.5000  7.528E-01  7.612E-01  7.645E-01  7.625E-01  7.554E-01
  404.5000  7.388E-01  7.470E-01  7.502E-01  7.483E-01  7.412E-01
  405.5000  7.679E-01  7.764E-01  7.797E-01  7.777E-01  7.704E-01
  406.5000  7.236E-01  7.317E-01  7.348E-01  7.329E-01  7.261E-01
  407.5000  7.299E-01  7.380E-01  7.412E-01  7.393E-01  7.324E-01
  408.5000  8.134E-01  8.224E-01  8.259E-01  8.238E-01  8.161E-01
  409.5000  7.978E-01  8.066E-01  8.100E-01  8.080E-01  8.004E-01
  410.5000  6.922E-01  6.998E-01  7.028E-01  7.010E-01  6.945E-01
  411.5000  8.324E-01  8.416E-01  8.452E-01  8.430E-01  8.352E-01
  412.5000  8.255E-01  8.346E-01  8.381E-01  8.360E-01  8.282E-01
  413.5000  8.011E-01  8.099E-01  8.133E-01  8.112E-01  8.037E-01
  414.5000  8.237E-01  8.328E-01  8.363E-01  8.342E-01  8.265E-01
  415.5000  7.883E-01  7.969E-01  8.003E-01  7.983E-01  7.909E-01
  416.5000  8.584E-01  8.678E-01  8.714E-01  8.692E-01  8.612E-01
  417.5000  7.851E-01  7.937E-01  7.970E-01  7.950E-01  7.877E-01
  418.5000  7.916E-01  8.003E-01  8.037E-01  8.016E-01  7.942E-01
  419.5000  8.182E-01  8.271E-01  8.306E-01  8.285E-01  8.209E-01
------------------------------------------------------------
Dose rates, W m-2
   1 = UV-B, 280-315 nm                                  
   2 = UV-A, 315-400 nm                                  
   3 = Gaussian, 320 nm, 10 nm FWHM                      
   4 = RB Meter, model 501                               
   5 = DNA damage, in vitro (Setlow, 1974)               
   6 = UV index (WMO, 1994; Webb et al., 2011)           
   7 = Previtamin-D3 (CIE 2006)                          
values at z =      0.000 km
Columns: time, sza, weighting spectra
time, hrs.  sza, deg.          1          2          3          4          5          6          7
   11.0000     56.138  6.734E-01  3.253E+01  1.827E-01  1.878E-01  1.432E-03  3.499E+00  1.557E-01
   11.5000     55.791  6.882E-01  3.292E+01  1.854E-01  1.920E-01  1.476E-03  3.577E+00  1.598E-01
   12.0000     55.657  6.940E-01  3.307E+01  1.865E-01  1.937E-01  1.493E-03  3.607E+00  1.614E-01
   12.5000     55.738  6.905E-01  3.298E+01  1.859E-01  1.927E-01  1.483E-03  3.589E+00  1.604E-01
   13.0000     56.033  6.779E-01  3.265E+01  1.836E-01  1.891E-01  1.445E-03  3.522E+00  1.569E-01
------------------------------------------------------------
