Spectral Irradiance, W m-2 nm-1
values at z =      0.000 km
Columns: wavelength (nm), times (hrs.) or sza (deg.)
    wc, nm     11.000     11.500     12.000     12.500     13.000
    sza =      61.766     60.429     59.903     60.207     61.331
  280.5000  2.155E-18  3.395E-18  4.311E-18  3.737E-18  2.446E-18
  281.5000  1.196E-16  1.964E-16  2.523E-16  2.174E-16  1.376E-16
  282.5000  2.641E-15  4.481E-15  5.794E-15  4.977E-15  3.076E-15
  283.5000  1.805E-14  3.124E-14  4.046E-14  3.474E-14  2.120E-14
  284.5000  3.800E-13  6.726E-13  8.687E-13  7.477E-13  4.513E-13
  285.5000  2.335E-12  4.151E-12  5.321E-12  4.603E-12  2.787E-12
  286.5000  4.332E-11  7.658E-11  9.733E-11  8.465E-11  5.175E-11
  287.5000  4.194E-10  7.293E-10  9.150E-10  8.021E-10  4.998E-10
  288.5000  3.810E-09  6.425E-09  7.920E-09  7.016E-09  4.507E-09
  289.5000  3.240E-08  5.306E-08  6.447E-08  5.760E-08  3.801E-08
  290.5000  1.889E-07  3.006E-07  3.603E-07  3.245E-07  2.198E-07
  291.5000  9.197E-07  1.409E-06  1.661E-06  1.510E-06  1.058E-06
  292.5000  3.156E-06  4.671E-06  5.429E-06  4.978E-06  3.591E-06
  293.5000  1.277E-05  1.825E-05  2.091E-05  1.933E-05  1.437E-05
  294.5000  3.164E-05  4.392E-05  4.976E-05  4.631E-05  3.526E-05
  295.5000  1.057E-04  1.421E-04  1.589E-04  1.490E-04  1.166E-04
  296.5000  2.338E-04  3.058E-04  3.385E-04  3.193E-04  2.556E-04
  297.5000  5.525E-04  7.049E-04  7.728E-04  7.330E-04  5.990E-04
  298.5000  7.862E-04  9.820E-04  1.068E-03  1.018E-03  8.465E-04
  299.5000  2.075E-03  2.539E-03  2.739E-03  2.622E-03  2.219E-03
  300.5000  2.212E-03  2.665E-03  2.858E-03  2.745E-03  2.354E-03
  301.5000  5.057E-03  5.985E-03  6.376E-03  6.148E-03  5.348E-03
  302.5000  6.916E-03  8.090E-03  8.582E-03  8.295E-03  7.286E-03
  303.5000  1.318E-02  1.520E-02  1.605E-02  1.556E-02  1.382E-02
  304.5000  1.538E-02  1.760E-02  1.852E-02  1.798E-02  1.608E-02
  305.5000  2.238E-02  2.531E-02  2.651E-02  2.581E-02  2.332E-02
  306.5000  2.438E-02  2.743E-02  2.867E-02  2.795E-02  2.535E-02
  307.5000  3.815E-02  4.249E-02  4.425E-02  4.322E-02  3.954E-02
  308.5000  4.408E-02  4.890E-02  5.086E-02  4.972E-02  4.563E-02
  309.5000  4.102E-02  4.520E-02  4.689E-02  4.591E-02  4.236E-02
  310.5000  5.808E-02  6.370E-02  6.597E-02  6.465E-02  5.989E-02
  311.5000  7.671E-02  8.387E-02  8.675E-02  8.508E-02  7.902E-02
  312.5000  7.834E-02  8.517E-02  8.790E-02  8.632E-02  8.055E-02
  313.5000  8.987E-02  9.757E-02  1.007E-01  9.887E-02  9.236E-02
  314.5000  9.337E-02  1.009E-01  1.039E-01  1.021E-01  9.580E-02
  315.5000  9.711E-02  1.048E-01  1.079E-01  1.061E-01  9.961E-02
  316.5000  9.964E-02  1.072E-01  1.102E-01  1.084E-01  1.021E-01
  317.5000  1.410E-01  1.517E-01  1.559E-01  1.535E-01  1.445E-01
  318.5000  1.140E-01  1.222E-01  1.254E-01  1.235E-01  1.166E-01
  319.5000  1.399E-01  1.498E-01  1.538E-01  1.515E-01  1.431E-01
  320.5000  1.713E-01  1.834E-01  1.882E-01  1.854E-01  1.752E-01
  321.5000  1.490E-01  1.589E-01  1.629E-01  1.606E-01  1.522E-01
  322.5000  1.475E-01  1.578E-01  1.618E-01  1.595E-01  1.508E-01
  323.5000  1.563E-01  1.665E-01  1.705E-01  1.682E-01  1.596E-01
  324.5000  1.834E-01  1.954E-01  2.002E-01  1.974E-01  1.873E-01
  325.5000  2.051E-01  2.186E-01  2.240E-01  2.208E-01  2.095E-01
  326.5000  2.527E-01  2.687E-01  2.750E-01  2.713E-01  2.579E-01
  327.5000  2.343E-01  2.493E-01  2.552E-01  2.518E-01  2.391E-01
  328.5000  2.166E-01  2.304E-01  2.359E-01  2.327E-01  2.211E-01
  329.5000  2.843E-01  3.020E-01  3.089E-01  3.049E-01  2.901E-01
  330.5000  2.575E-01  2.737E-01  2.801E-01  2.764E-01  2.627E-01
  331.5000  2.544E-01  2.705E-01  2.768E-01  2.731E-01  2.596E-01
  332.5000  2.529E-01  2.684E-01  2.745E-01  2.710E-01  2.579E-01
  333.5000  2.370E-01  2.517E-01  2.575E-01  2.542E-01  2.418E-01
  334.5000  2.655E-01  2.819E-01  2.884E-01  2.846E-01  2.708E-01
  335.5000  2.704E-01  2.869E-01  2.934E-01  2.896E-01  2.757E-01
  336.5000  2.114E-01  2.243E-01  2.294E-01  2.264E-01  2.155E-01
  337.5000  2.316E-01  2.459E-01  2.515E-01  2.482E-01  2.362E-01
  338.5000  2.456E-01  2.606E-01  2.665E-01  2.630E-01  2.505E-01
  339.5000  2.674E-01  2.836E-01  2.900E-01  2.863E-01  2.727E-01
  340.5000  2.857E-01  3.031E-01  3.100E-01  3.060E-01  2.914E-01
  341.5000  2.545E-01  2.699E-01  2.760E-01  2.724E-01  2.595E-01
  342.5000  2.823E-01  2.993E-01  3.061E-01  3.022E-01  2.878E-01
  343.5000  2.933E-01  3.110E-01  3.180E-01  3.140E-01  2.990E-01
  344.5000  2.056E-01  2.180E-01  2.230E-01  2.201E-01  2.096E-01
  345.5000  2.824E-01  2.994E-01  3.061E-01  3.022E-01  2.880E-01
  346.5000  2.641E-01  2.801E-01  2.864E-01  2.827E-01  2.693E-01
  347.5000  2.583E-01  2.739E-01  2.800E-01  2.765E-01  2.634E-01
  348.5000  2.843E-01  3.014E-01  3.081E-01  3.042E-01  2.898E-01
  349.5000  2.384E-01  2.528E-01  2.584E-01  2.551E-01  2.431E-01
  350.5000  3.341E-01  3.542E-01  3.621E-01  3.575E-01  3.407E-01
  351.5000  2.882E-01  3.055E-01  3.123E-01  3.083E-01  2.938E-01
  352.5000  2.601E-01  2.757E-01  2.819E-01  2.783E-01  2.652E-01
  353.5000  3.135E-01  3.322E-01  3.396E-01  3.353E-01  3.196E-01
  354.5000  3.396E-01  3.599E-01  3.679E-01  3.633E-01  3.462E-01
  355.5000  3.176E-01  3.366E-01  3.441E-01  3.397E-01  3.238E-01
  356.5000  2.950E-01  3.126E-01  3.195E-01  3.155E-01  3.007E-01
  357.5000  2.510E-01  2.660E-01  2.719E-01  2.685E-01  2.559E-01
  358.5000  1.939E-01  2.054E-01  2.100E-01  2.074E-01  1.976E-01
  359.5000  3.266E-01  3.460E-01  3.537E-01  3.492E-01  3.329E-01
  360.5000  3.030E-01  3.210E-01  3.281E-01  3.240E-01  3.088E-01
  361.5000  2.734E-01  2.896E-01  2.960E-01  2.923E-01  2.786E-01
  362.5000  3.213E-01  3.403E-01  3.479E-01  3.435E-01  3.275E-01
  363.5000  2.860E-01  3.030E-01  3.097E-01  3.058E-01  2.915E-01
  364.5000  3.123E-01  3.308E-01  3.381E-01  3.338E-01  3.183E-01
  365.5000  3.808E-01  4.033E-01  4.122E-01  4.071E-01  3.881E-01
  366.5000  4.033E-01  4.272E-01  4.366E-01  4.311E-01  4.111E-01
  367.5000  3.833E-01  4.059E-01  4.148E-01  4.097E-01  3.906E-01
  368.5000  3.369E-01  3.568E-01  3.647E-01  3.601E-01  3.434E-01
  369.5000  4.045E-01  4.283E-01  4.377E-01  4.323E-01  4.122E-01
  370.5000  3.673E-01  3.889E-01  3.974E-01  3.925E-01  3.743E-01
  371.5000  4.206E-01  4.453E-01  4.551E-01  4.494E-01  4.286E-01
  372.5000  3.109E-01  3.292E-01  3.364E-01  3.322E-01  3.168E-01
  373.5000  2.812E-01  2.978E-01  3.043E-01  3.005E-01  2.866E-01
  374.5000  3.089E-01  3.270E-01  3.342E-01  3.300E-01  3.148E-01
  375.5000  3.488E-01  3.692E-01  3.773E-01  3.726E-01  3.554E-01
  376.5000  3.486E-01  3.690E-01  3.770E-01  3.724E-01  3.552E-01
  377.5000  4.154E-01  4.397E-01  4.493E-01  4.437E-01  4.233E-01
  378.5000  4.531E-01  4.796E-01  4.900E-01  4.840E-01  4.617E-01
  379.5000  3.355E-01  3.551E-01  3.628E-01  3.583E-01  3.419E-01
  380.5000  4.038E-01  4.273E-01  4.366E-01  4.312E-01  4.114E-01
  381.5000  3.797E-01  4.019E-01  4.106E-01  4.055E-01  3.869E-01
  382.5000  2.532E-01  2.680E-01  2.738E-01  2.704E-01  2.580E-01
  383.5000  2.225E-01  2.355E-01  2.406E-01  2.376E-01  2.267E-01
  384.5000  3.342E-01  3.536E-01  3.613E-01  3.568E-01  3.405E-01
  385.5000  3.309E-01  3.501E-01  3.577E-01  3.533E-01  3.371E-01
  386.5000  3.375E-01  3.571E-01  3.649E-01  3.604E-01  3.439E-01
  387.5000  3.139E-01  3.322E-01  3.393E-01  3.352E-01  3.199E-01
  388.5000  3.149E-01  3.332E-01  3.403E-01  3.362E-01  3.209E-01
  389.5000  3.974E-01  4.204E-01  4.295E-01  4.243E-01  4.049E-01
  390.5000  3.907E-01  4.133E-01  4.222E-01  4.170E-01  3.980E-01
  391.5000  4.638E-01  4.906E-01  5.012E-01  4.951E-01  4.725E-01
  392.5000  3.481E-01  3.682E-01  3.761E-01  3.715E-01  3.546E-01
  393.5000  1.514E-01  1.602E-01  1.636E-01  1.616E-01  1.543E-01
  394.5000  3.566E-01  3.772E-01  3.853E-01  3.806E-01  3.633E-01
  395.5000  4.592E-01  4.856E-01  4.961E-01  4.900E-01  4.678E-01
  396.5000  2.698E-01  2.854E-01  2.915E-01  2.879E-01  2.749E-01
  397.5000  3.116E-01  3.295E-01  3.366E-01  3.325E-01  3.175E-01
  398.5000  5.359E-01  5.667E-01  5.788E-01  5.718E-01  5.459E-01
  399.5000  5.578E-01  5.898E-01  6.024E-01  5.951E-01  5.682E-01
  400.5000  5.869E-01  6.205E-01  6.338E-01  6.261E-01  5.978E-01
  401.5000  6.043E-01  6.389E-01  6.525E-01  6.446E-01  6.156E-01
  402.5000  6.278E-01  6.637E-01  6.779E-01  6.697E-01  6.395E-01
  403.5000  5.751E-01  6.080E-01  6.209E-01  6.134E-01  5.858E-01
  404.5000  5.645E-01  5.967E-01  6.094E-01  6.020E-01  5.750E-01
  405.5000  5.868E-01  6.203E-01  6.334E-01  6.258E-01  5.977E-01
  406.5000  5.531E-01  5.847E-01  5.970E-01  5.899E-01  5.634E-01
  407.5000  5.581E-01  5.898E-01  6.023E-01  5.951E-01  5.684E-01
  408.5000  6.220E-01  6.574E-01  6.713E-01  6.632E-01  6.335E-01
  409.5000  6.102E-01  6.449E-01  6.585E-01  6.506E-01  6.215E-01
  410.5000  5.295E-01  5.596E-01  5.714E-01  5.646E-01  5.393E-01
  411.5000  6.370E-01  6.731E-01  6.873E-01  6.791E-01  6.487E-01
  412.5000  6.318E-01  6.676E-01  6.817E-01  6.735E-01  6.434E-01
  413.5000  6.132E-01  6.479E-01  6.616E-01  6.537E-01  6.245E-01
  414.5000  6.307E-01  6.664E-01  6.804E-01  6.723E-01  6.423E-01
  415.5000  6.037E-01  6.378E-01  6.512E-01  6.435E-01  6.148E-01
  416.5000  6.575E-01  6.946E-01  7.092E-01  7.008E-01  6.696E-01
  417.5000  6.015E-01  6.354E-01  6.488E-01  6.410E-01  6.125E-01
  418.5000  6.066E-01  6.408E-01  6.543E-01  6.465E-01  6.178E-01
  419.5000  6.271E-01  6.624E-01  6.763E-01  6.683E-01  6.386E-01
------------------------------------------------------------
Dose rates, W m-2
   1 = UV-B, 280-315 nm                                  
   2 = UV-A, 315-400 nm                                  
   3 = Gaussian, 320 nm, 10 nm FWHM                      
   4 = RB Meter, model 501                               
   5 = DNA damage, in vitro (Setlow, 1974)               
   6 = UV index (WMO, 1994; Webb et al., 2011)           
   7 = Previtamin-D3 (CIE 2006)                          
values at z =      0.000 km
Columns: time, sza, weighting spectra
time, hrs.  sza, deg.          1          2          3          4          5          6          7
   11.0000     61.766  6.129E-01  2.478E+01  1.445E-01  1.741E-01  1.580E-03  3.255E+00  1.540E-01
   11.5000     60.429  6.748E-01  2.627E+01  1.546E-01  1.926E-01  1.812E-03  3.608E+00  1.725E-01
   12.0000     59.903  6.999E-01  2.686E+01  1.587E-01  2.001E-01  1.909E-03  3.752E+00  1.800E-01
   12.5000     60.207  6.853E-01  2.652E+01  1.563E-01  1.957E-01  1.852E-03  3.668E+00  1.757E-01
   13.0000     61.331  6.328E-01  2.527E+01  1.478E-01  1.800E-01  1.653E-03  3.368E+00  1.599E-01
------------------------------------------------------------
