Spectral Irradiance, W m-2 nm-1
values at z =      0.000 km
Columns: wavelength (nm), times (hrs.) or sza (deg.)
    wc, nm     11.000     11.500     12.000     12.500     13.000
    sza =      99.042     98.793     98.727     98.845     99.146
  280.5000  0.000E+00  0.000E+00  0.000E+00  0.000E+00  0.000E+00
  281.5000  0.000E+00  0.000E+00  0.000E+00  0.000E+00  0.000E+00
  282.5000  0.000E+00  0.000E+00  0.000E+00  0.000E+00  0.000E+00
  283.5000  0.000E+00  0.000E+00  0.000E+00  0.000E+00  0.000E+00
  284.5000  0.000E+00  0.000E+00  0.000E+00  0.000E+00  0.000E+00
  285.5000  0.000E+00  0.000E+00  0.000E+00  0.000E+00  0.000E+00
  286.5000  0.000E+00  0.000E+00  0.000E+00  0.000E+00  0.000E+00
  287.5000  0.000E+00  0.000E+00  0.000E+00  0.000E+00  0.000E+00
  288.5000  0.000E+00  0.000E+00  0.000E+00  0.000E+00  0.000E+00
  289.5000  0.000E+00  0.000E+00  0.000E+00  0.000E+00  0.000E+00
  290.5000  0.000E+00  0.000E+00  0.000E+00  0.000E+00  0.000E+00
  291.5000  0.000E+00  0.000E+00  0.000E+00  0.000E+00  0.000E+00
  292.5000  0.000E+00  0.000E+00  0.000E+00  0.000E+00  0.000E+00
  293.5000  0.000E+00  0.000E+00  0.000E+00  0.000E+00  0.000E+00
  294.5000  0.000E+00  0.000E+00  0.000E+00  0.000E+00  0.000E+00
  295.5000  0.000E+00  0.000E+00  0.000E+00  0.000E+00  0.000E+00
  296.5000  0.000E+00  0.000E+00  0.000E+00  0.000E+00  0.000E+00
  297.5000  0.000E+00  0.000E+00  0.000E+00  0.000E+00  0.000E+00
  298.5000  0.000E+00  0.000E+00  0.000E+00  0.000E+00  0.000E+00
  299.5000  0.000E+00  0.000E+00  0.000E+00  0.000E+00  0.000E+00
  300.5000  0.000E+00  0.000E+00  0.000E+00  0.000E+00  0.000E+00
  301.5000  0.000E+00  0.000E+00  0.000E+00  0.000E+00  0.000E+00
  302.5000  0.000E+00  0.000E+00  0.000E+00  0.000E+00  0.000E+00
  303.5000  0.000E+00  0.000E+00  0.000E+00  0.000E+00  0.000E+00
  304.5000  0.000E+00  0.000E+00  1.401E-45  0.000E+00  0.000E+00
  305.5000  0.000E+00  1.401E-45  1.976E-43  0.000E+00  0.000E+00
  306.5000  0.000E+00  9.809E-45  7.100E-42  0.000E+00  0.000E+00
  307.5000  0.000E+00  7.602E-42  5.292E-39  8.408E-45  0.000E+00
  308.5000  0.000E+00  1.374E-40  9.141E-38  1.261E-43  0.000E+00
  309.5000  0.000E+00  8.823E-39  5.854E-36  8.318E-42  0.000E+00
  310.5000  0.000E+00  3.040E-37  1.960E-34  3.005E-40  0.000E+00
  311.5000  0.000E+00  4.036E-36  2.486E-33  4.221E-39  0.000E+00
  312.5000  0.000E+00  1.493E-34  9.089E-32  1.618E-37  0.000E+00
  313.5000  0.000E+00  6.417E-34  3.645E-31  7.456E-37  0.000E+00
  314.5000  0.000E+00  1.500E-32  8.373E-30  1.808E-35  0.000E+00
  315.5000  0.000E+00  4.314E-32  2.238E-29  5.589E-35  0.000E+00
  316.5000  0.000E+00  5.423E-31  2.732E-28  7.334E-34  0.000E+00
  317.5000  0.000E+00  1.399E-30  6.511E-28  2.037E-33  0.000E+00
  318.5000  0.000E+00  1.138E-29  5.140E-27  1.730E-32  0.000E+00
  319.5000  0.000E+00  3.424E-29  1.445E-26  5.558E-32  0.000E+00
  320.5000  0.000E+00  1.087E-28  4.314E-26  1.876E-31  0.000E+00
  321.5000  0.000E+00  7.739E-28  2.972E-25  1.395E-30  0.000E+00
  322.5000  0.000E+00  3.990E-28  1.386E-25  7.827E-31  0.000E+00
  323.5000  0.000E+00  4.693E-27  1.599E-24  9.520E-30  0.000E+00
  324.5000  0.000E+00  8.670E-27  2.751E-24  1.880E-29  0.000E+00
  325.5000  0.000E+00  1.271E-26  3.758E-24  2.938E-29  0.000E+00
  326.5000  0.000E+00  9.076E-26  2.596E-23  2.187E-28  0.000E+00
  327.5000  0.000E+00  9.257E-26  2.456E-23  2.386E-28  0.000E+00
  328.5000  0.000E+00  1.414E-25  3.535E-23  3.856E-28  0.000E+00
  329.5000  0.000E+00  7.539E-25  1.812E-22  2.149E-27  0.000E+00
  330.5000  0.000E+00  7.489E-25  1.678E-22  2.274E-27  0.000E+00
  331.5000  0.000E+00  1.090E-24  2.300E-22  3.501E-27  0.000E+00
  332.5000  0.000E+00  3.320E-24  6.713E-22  1.115E-26  0.000E+00
  333.5000  0.000E+00  3.680E-24  6.981E-22  1.310E-26  0.000E+00
  334.5000  0.000E+00  7.429E-24  1.338E-21  2.780E-26  0.000E+00
  335.5000  0.000E+00  1.603E-23  2.751E-21  6.296E-26  0.000E+00
  336.5000  0.000E+00  1.757E-23  2.850E-21  7.268E-26  0.000E+00
  337.5000  0.000E+00  2.358E-23  3.608E-21  1.030E-25  0.000E+00
  338.5000  0.000E+00  5.268E-23  7.708E-21  2.405E-25  0.000E+00
  339.5000  0.000E+00  9.025E-23  1.256E-20  4.321E-25  0.000E+00
  340.5000  0.000E+00  1.281E-22  1.689E-20  6.450E-25  0.000E+00
  341.5000  0.000E+00  2.006E-22  2.525E-20  1.057E-24  0.000E+00
  342.5000  0.000E+00  3.390E-22  4.065E-20  1.869E-24  0.000E+00
  343.5000  0.000E+00  4.889E-22  5.578E-20  2.824E-24  0.000E+00
  344.5000  0.000E+00  4.701E-22  5.103E-20  2.844E-24  0.000E+00
  345.5000  0.000E+00  1.101E-21  1.146E-19  6.946E-24  0.000E+00
  346.5000  0.000E+00  1.351E-21  1.337E-19  8.925E-24  0.000E+00
  347.5000  0.000E+00  1.919E-21  1.816E-19  1.324E-23  0.000E+00
  348.5000  0.000E+00  3.124E-21  2.828E-19  2.247E-23  0.000E+00
  349.5000  0.000E+00  3.704E-21  3.207E-19  2.778E-23  0.000E+00
  350.5000  0.000E+00  7.393E-21  6.130E-19  5.778E-23  0.000E+00
  351.5000  0.000E+00  8.844E-21  7.023E-19  7.200E-23  0.000E+00
  352.5000  0.000E+00  1.129E-20  8.598E-19  9.569E-23  0.000E+00
  353.5000  0.000E+00  1.927E-20  1.408E-18  1.699E-22  0.000E+00
  354.5000  0.000E+00  2.934E-20  2.058E-18  2.688E-22  0.000E+00
  355.5000  0.000E+00  3.786E-20  2.550E-18  3.605E-22  0.000E+00
  356.5000  0.000E+00  4.817E-20  3.117E-18  4.763E-22  0.000E+00
  357.5000  0.000E+00  5.578E-20  3.470E-18  5.726E-22  0.000E+00
  358.5000  0.000E+00  5.897E-20  3.529E-18  6.280E-22  0.000E+00
  359.5000  0.000E+00  1.343E-19  7.739E-18  1.484E-21  0.000E+00
  360.5000  0.000E+00  1.680E-19  9.319E-18  1.923E-21  0.000E+00
  361.5000  0.000E+00  2.043E-19  1.092E-17  2.423E-21  0.000E+00
  362.5000  0.000E+00  3.215E-19  1.657E-17  3.948E-21  0.000E+00
  363.5000  0.000E+00  3.810E-19  1.894E-17  4.843E-21  0.000E+00
  364.5000  0.000E+00  5.502E-19  2.638E-17  7.235E-21  0.000E+00
  365.5000  0.000E+00  8.828E-19  4.087E-17  1.201E-20  0.000E+00
  366.5000  0.000E+00  1.231E-18  5.506E-17  1.731E-20  0.000E+00
  367.5000  0.000E+00  1.535E-18  6.634E-17  2.229E-20  0.000E+00
  368.5000  0.000E+00  1.759E-18  7.350E-17  2.639E-20  0.000E+00
  369.5000  0.000E+00  2.744E-18  1.109E-16  4.248E-20  0.000E+00
  370.5000  0.000E+00  3.223E-18  1.260E-16  5.149E-20  0.000E+00
  371.5000  0.000E+00  4.761E-18  1.802E-16  7.845E-20  0.000E+00
  372.5000  0.000E+00  4.525E-18  1.659E-16  7.687E-20  0.000E+00
  373.5000  0.000E+00  5.236E-18  1.860E-16  9.168E-20  0.000E+00
  374.5000  0.000E+00  7.334E-18  2.525E-16  1.323E-19  0.000E+00
  375.5000  0.000E+00  1.054E-17  3.518E-16  1.957E-19  0.000E+00
  376.5000  0.000E+00  1.335E-17  4.325E-16  2.553E-19  0.000E+00
  377.5000  0.000E+00  2.010E-17  6.320E-16  3.956E-19  0.000E+00
  378.5000  0.000E+00  2.760E-17  8.425E-16  5.588E-19  0.000E+00
  379.5000  0.000E+00  2.564E-17  7.602E-16  5.338E-19  0.000E+00
  380.5000  0.000E+00  3.862E-17  1.112E-15  8.265E-19  0.000E+00
  381.5000  0.000E+00  4.531E-17  1.269E-15  9.964E-19  0.000E+00
  382.5000  0.000E+00  3.758E-17  1.023E-15  8.489E-19  0.000E+00
  383.5000  0.000E+00  4.094E-17  1.084E-15  9.499E-19  0.000E+00
  384.5000  0.000E+00  7.603E-17  1.959E-15  1.811E-18  0.000E+00
  385.5000  0.000E+00  9.281E-17  2.328E-15  2.269E-18  0.000E+00
  386.5000  0.000E+00  1.164E-16  2.843E-15  2.919E-18  0.000E+00
  387.5000  0.000E+00  1.327E-16  3.157E-15  3.414E-18  0.000E+00
  388.5000  0.000E+00  1.627E-16  3.772E-15  4.292E-18  0.000E+00
  389.5000  0.000E+00  2.504E-16  5.658E-15  6.770E-18  0.000E+00
  390.5000  0.000E+00  2.994E-16  6.595E-15  8.294E-18  0.000E+00
  391.5000  0.000E+00  4.312E-16  9.264E-15  1.224E-17  0.000E+00
  392.5000  0.000E+00  3.916E-16  8.206E-15  1.138E-17  0.000E+00
  393.5000  0.000E+00  2.056E-16  4.205E-15  6.116E-18  0.000E+00
  394.5000  0.000E+00  5.827E-16  1.163E-14  1.774E-17  0.000E+00
  395.5000  0.000E+00  9.010E-16  1.757E-14  2.808E-17  0.000E+00
  396.5000  0.000E+00  6.344E-16  1.208E-14  2.022E-17  0.000E+00
  397.5000  0.000E+00  8.759E-16  1.630E-14  2.856E-17  0.000E+00
  398.5000  0.000E+00  1.796E-15  3.267E-14  5.989E-17  0.000E+00
  399.5000  0.000E+00  2.225E-15  3.955E-14  7.582E-17  0.000E+00
  400.5000  0.000E+00  2.779E-15  4.830E-14  9.676E-17  0.000E+00
  401.5000  0.000E+00  3.388E-15  5.761E-14  1.205E-16  0.000E+00
  402.5000  0.000E+00  4.160E-15  6.920E-14  1.512E-16  0.000E+00
  403.5000  0.000E+00  4.494E-15  7.317E-14  1.668E-16  0.000E+00
  404.5000  0.000E+00  5.193E-15  8.276E-14  1.967E-16  0.000E+00
  405.5000  0.000E+00  6.340E-15  9.894E-14  2.452E-16  0.000E+00
  406.5000  0.000E+00  7.003E-15  1.070E-13  2.764E-16  0.000E+00
  407.5000  0.000E+00  8.261E-15  1.237E-13  3.326E-16  0.000E+00
  408.5000  0.000E+00  1.074E-14  1.576E-13  4.412E-16  0.000E+00
  409.5000  0.000E+00  1.227E-14  1.765E-13  5.142E-16  0.000E+00
  410.5000  0.000E+00  1.239E-14  1.746E-13  5.290E-16  0.000E+00
  411.5000  0.000E+00  1.730E-14  2.391E-13  7.531E-16  0.000E+00
  412.5000  0.000E+00  1.989E-14  2.696E-13  8.823E-16  0.000E+00
  413.5000  0.000E+00  2.233E-14  2.969E-13  1.009E-15  0.000E+00
  414.5000  0.000E+00  2.650E-14  3.458E-13  1.221E-15  0.000E+00
  415.5000  0.000E+00  2.922E-14  3.741E-13  1.371E-15  0.000E+00
  416.5000  0.000E+00  3.658E-14  4.598E-13  1.747E-15  0.000E+00
  417.5000  0.000E+00  3.841E-14  4.740E-13  1.868E-15  0.000E+00
  418.5000  0.000E+00  4.441E-14  5.382E-13  2.199E-15  0.000E+00
  419.5000  0.000E+00  5.255E-14  6.256E-13  2.648E-15  0.000E+00
------------------------------------------------------------
Dose rates, W m-2
   1 = UV-B, 280-315 nm                                  
   2 = UV-A, 315-400 nm                                  
   3 = Gaussian, 320 nm, 10 nm FWHM                      
   4 = RB Meter, model 501                               
   5 = DNA damage, in vitro (Setlow, 1974)               
   6 = UV index (WMO, 1994; Webb et al., 2011)           
   7 = Previtamin-D3 (CIE 2006)                          
values at z =      0.000 km
Columns: time, sza, weighting spectra
time, hrs.  sza, deg.          1          2          3          4          5          6          7
   11.0000     99.042  0.000E+00  0.000E+00  0.000E+00  0.000E+00  0.000E+00  0.000E+00  0.000E+00
   11.5000     98.793  1.579E-32  9.469E-15  3.181E-26  8.691E-21  2.718E-24  5.652E-17  1.648E-28
   12.0000     98.727  8.831E-30  1.867E-13  7.096E-24  2.952E-19  1.530E-22  1.144E-15  4.347E-26
   12.5000     98.845  1.899E-35  2.959E-16  1.003E-28  1.625E-22  3.120E-26  1.733E-18  4.336E-31
   13.0000     99.146  0.000E+00  0.000E+00  0.000E+00  0.000E+00  0.000E+00  0.000E+00  0.000E+00
------------------------------------------------------------
