Spectral Irradiance, W m-2 nm-1
values at z =      0.000 km
Columns: wavelength (nm), times (hrs.) or sza (deg.)
    wc, nm     11.000     11.500     12.000     12.500     13.000
    sza =      26.810     23.860     22.983     24.402     27.768
  280.5000  3.975E-14  7.946E-14  9.570E-14  7.053E-14  3.100E-14
  281.5000  1.190E-12  2.239E-12  2.653E-12  2.008E-12  9.487E-13
  282.5000  1.510E-11  2.695E-11  3.149E-11  2.439E-11  1.226E-11
  283.5000  7.124E-11  1.229E-10  1.423E-10  1.119E-10  5.856E-11
  284.5000  7.258E-10  1.177E-09  1.341E-09  1.083E-09  6.101E-10
  285.5000  2.529E-09  3.919E-09  4.409E-09  3.635E-09  2.161E-09
  286.5000  2.978E-08  4.456E-08  4.955E-08  4.157E-08  2.506E-08
  287.5000  1.701E-07  2.447E-07  2.699E-07  2.226E-07  1.493E-07
  288.5000  8.489E-07  1.171E-06  1.276E-06  1.108E-06  7.565E-07
  289.5000  4.645E-06  6.214E-06  6.719E-06  5.910E-06  4.184E-06
  290.5000  1.854E-05  2.418E-05  2.596E-05  2.309E-05  1.686E-05
  291.5000  5.812E-05  7.362E-05  7.846E-05  7.068E-05  5.339E-05
  292.5000  1.384E-04  1.712E-04  1.813E-04  1.650E-04  1.282E-04
  293.5000  3.949E-04  4.778E-04  5.029E-04  4.623E-04  3.688E-04
  294.5000  7.431E-04  8.835E-04  9.257E-04  8.575E-04  6.984E-04
  295.5000  1.847E-03  2.155E-03  2.247E-03  2.099E-03  1.747E-03
  296.5000  3.193E-03  3.670E-03  3.810E-03  3.583E-03  3.038E-03
  297.5000  6.069E-03  6.882E-03  7.119E-03  6.734E-03  5.802E-03
  298.5000  7.186E-03  8.056E-03  8.308E-03  7.899E-03  6.898E-03
  299.5000  1.592E-02  1.766E-02  1.816E-02  1.735E-02  1.534E-02
  300.5000  1.485E-02  1.634E-02  1.677E-02  1.607E-02  1.436E-02
  301.5000  2.934E-02  3.199E-02  3.274E-02  3.151E-02  2.844E-02
  302.5000  3.645E-02  3.951E-02  4.038E-02  3.896E-02  3.541E-02
  303.5000  6.197E-02  6.672E-02  6.806E-02  6.587E-02  6.036E-02
  304.5000  6.770E-02  7.259E-02  7.397E-02  7.172E-02  6.603E-02
  305.5000  8.927E-02  9.515E-02  9.681E-02  9.411E-02  8.726E-02
  306.5000  9.319E-02  9.908E-02  1.007E-01  9.803E-02  9.117E-02
  307.5000  1.343E-01  1.421E-01  1.442E-01  1.407E-01  1.316E-01
  308.5000  1.503E-01  1.587E-01  1.611E-01  1.572E-01  1.474E-01
  309.5000  1.324E-01  1.393E-01  1.413E-01  1.381E-01  1.300E-01
  310.5000  1.802E-01  1.892E-01  1.918E-01  1.876E-01  1.771E-01
  311.5000  2.319E-01  2.431E-01  2.462E-01  2.411E-01  2.280E-01
  312.5000  2.260E-01  2.363E-01  2.392E-01  2.345E-01  2.225E-01
  313.5000  2.563E-01  2.678E-01  2.710E-01  2.658E-01  2.524E-01
  314.5000  2.559E-01  2.668E-01  2.698E-01  2.648E-01  2.521E-01
  315.5000  2.643E-01  2.754E-01  2.784E-01  2.734E-01  2.604E-01
  316.5000  2.629E-01  2.734E-01  2.764E-01  2.716E-01  2.592E-01
  317.5000  3.718E-01  3.866E-01  3.908E-01  3.840E-01  3.666E-01
  318.5000  2.920E-01  3.032E-01  3.063E-01  3.012E-01  2.881E-01
  319.5000  3.562E-01  3.697E-01  3.734E-01  3.673E-01  3.515E-01
  320.5000  4.332E-01  4.494E-01  4.539E-01  4.466E-01  4.276E-01
  321.5000  3.672E-01  3.803E-01  3.840E-01  3.780E-01  3.626E-01
  322.5000  3.702E-01  3.838E-01  3.876E-01  3.814E-01  3.654E-01
  323.5000  3.802E-01  3.936E-01  3.973E-01  3.912E-01  3.756E-01
  324.5000  4.462E-01  4.619E-01  4.663E-01  4.592E-01  4.408E-01
  325.5000  5.004E-01  5.180E-01  5.229E-01  5.149E-01  4.942E-01
  326.5000  6.038E-01  6.243E-01  6.300E-01  6.205E-01  5.966E-01
  327.5000  5.628E-01  5.821E-01  5.875E-01  5.787E-01  5.561E-01
  328.5000  5.196E-01  5.373E-01  5.423E-01  5.342E-01  5.134E-01
  329.5000  6.715E-01  6.939E-01  7.001E-01  6.899E-01  6.637E-01
  330.5000  6.112E-01  6.318E-01  6.374E-01  6.281E-01  6.041E-01
  331.5000  6.041E-01  6.243E-01  6.300E-01  6.208E-01  5.970E-01
  332.5000  5.934E-01  6.129E-01  6.183E-01  6.094E-01  5.866E-01
  333.5000  5.581E-01  5.765E-01  5.817E-01  5.733E-01  5.516E-01
  334.5000  6.231E-01  6.436E-01  6.493E-01  6.400E-01  6.159E-01
  335.5000  6.306E-01  6.512E-01  6.569E-01  6.476E-01  6.235E-01
  336.5000  4.931E-01  5.092E-01  5.136E-01  5.064E-01  4.875E-01
  337.5000  5.417E-01  5.594E-01  5.643E-01  5.563E-01  5.355E-01
  338.5000  5.709E-01  5.893E-01  5.945E-01  5.861E-01  5.644E-01
  339.5000  6.203E-01  6.403E-01  6.459E-01  6.368E-01  6.134E-01
  340.5000  6.634E-01  6.849E-01  6.908E-01  6.811E-01  6.560E-01
  341.5000  5.887E-01  6.076E-01  6.128E-01  6.042E-01  5.821E-01
  342.5000  6.519E-01  6.728E-01  6.785E-01  6.691E-01  6.446E-01
  343.5000  6.772E-01  6.988E-01  7.048E-01  6.950E-01  6.696E-01
  344.5000  4.747E-01  4.899E-01  4.941E-01  4.872E-01  4.694E-01
  345.5000  6.497E-01  6.703E-01  6.761E-01  6.667E-01  6.425E-01
  346.5000  6.079E-01  6.272E-01  6.326E-01  6.238E-01  6.011E-01
  347.5000  5.938E-01  6.126E-01  6.179E-01  6.093E-01  5.872E-01
  348.5000  6.523E-01  6.730E-01  6.787E-01  6.693E-01  6.451E-01
  349.5000  5.465E-01  5.638E-01  5.686E-01  5.608E-01  5.405E-01
  350.5000  7.650E-01  7.891E-01  7.958E-01  7.849E-01  7.566E-01
  351.5000  6.592E-01  6.800E-01  6.857E-01  6.763E-01  6.520E-01
  352.5000  5.943E-01  6.130E-01  6.182E-01  6.097E-01  5.878E-01
  353.5000  7.152E-01  7.376E-01  7.438E-01  7.337E-01  7.073E-01
  354.5000  7.737E-01  7.980E-01  8.047E-01  7.937E-01  7.653E-01
  355.5000  7.229E-01  7.455E-01  7.518E-01  7.415E-01  7.150E-01
  356.5000  6.707E-01  6.916E-01  6.974E-01  6.879E-01  6.634E-01
  357.5000  5.702E-01  5.879E-01  5.929E-01  5.848E-01  5.640E-01
  358.5000  4.398E-01  4.535E-01  4.573E-01  4.511E-01  4.351E-01
  359.5000  7.400E-01  7.630E-01  7.694E-01  7.590E-01  7.320E-01
  360.5000  6.858E-01  7.070E-01  7.129E-01  7.033E-01  6.784E-01
  361.5000  6.181E-01  6.372E-01  6.425E-01  6.338E-01  6.114E-01
  362.5000  7.256E-01  7.480E-01  7.542E-01  7.441E-01  7.178E-01
  363.5000  6.453E-01  6.652E-01  6.707E-01  6.617E-01  6.384E-01
  364.5000  7.038E-01  7.254E-01  7.315E-01  7.216E-01  6.962E-01
  365.5000  8.573E-01  8.837E-01  8.910E-01  8.791E-01  8.481E-01
  366.5000  9.071E-01  9.349E-01  9.427E-01  9.300E-01  8.974E-01
  367.5000  8.610E-01  8.874E-01  8.947E-01  8.828E-01  8.518E-01
  368.5000  7.562E-01  7.793E-01  7.857E-01  7.753E-01  7.481E-01
  369.5000  9.068E-01  9.345E-01  9.422E-01  9.296E-01  8.971E-01
  370.5000  8.225E-01  8.476E-01  8.546E-01  8.432E-01  8.137E-01
  371.5000  9.409E-01  9.696E-01  9.775E-01  9.645E-01  9.309E-01
  372.5000  6.948E-01  7.160E-01  7.218E-01  7.122E-01  6.874E-01
  373.5000  6.279E-01  6.470E-01  6.522E-01  6.436E-01  6.212E-01
  374.5000  6.889E-01  7.099E-01  7.157E-01  7.062E-01  6.817E-01
  375.5000  7.771E-01  8.007E-01  8.072E-01  7.965E-01  7.689E-01
  376.5000  7.758E-01  7.993E-01  8.058E-01  7.952E-01  7.676E-01
  377.5000  9.236E-01  9.516E-01  9.593E-01  9.466E-01  9.139E-01
  378.5000  1.006E+00  1.037E+00  1.045E+00  1.031E+00  9.959E-01
  379.5000  7.444E-01  7.669E-01  7.731E-01  7.629E-01  7.366E-01
  380.5000  8.951E-01  9.220E-01  9.295E-01  9.173E-01  8.857E-01
  381.5000  8.409E-01  8.662E-01  8.732E-01  8.617E-01  8.321E-01
  382.5000  5.602E-01  5.770E-01  5.817E-01  5.741E-01  5.543E-01
  383.5000  4.918E-01  5.066E-01  5.106E-01  5.040E-01  4.867E-01
  384.5000  7.379E-01  7.600E-01  7.661E-01  7.561E-01  7.302E-01
  385.5000  7.299E-01  7.517E-01  7.578E-01  7.479E-01  7.223E-01
  386.5000  7.439E-01  7.661E-01  7.722E-01  7.622E-01  7.361E-01
  387.5000  6.912E-01  7.118E-01  7.175E-01  7.082E-01  6.840E-01
  388.5000  6.927E-01  7.133E-01  7.190E-01  7.097E-01  6.855E-01
  389.5000  8.733E-01  8.993E-01  9.065E-01  8.947E-01  8.643E-01
  390.5000  8.577E-01  8.831E-01  8.902E-01  8.786E-01  8.488E-01
  391.5000  1.017E+00  1.047E+00  1.056E+00  1.042E+00  1.007E+00
  392.5000  7.627E-01  7.853E-01  7.915E-01  7.813E-01  7.548E-01
  393.5000  3.315E-01  3.413E-01  3.441E-01  3.396E-01  3.281E-01
  394.5000  7.800E-01  8.030E-01  8.094E-01  7.990E-01  7.719E-01
  395.5000  1.003E+00  1.033E+00  1.041E+00  1.028E+00  9.931E-01
  396.5000  5.891E-01  6.064E-01  6.113E-01  6.034E-01  5.830E-01
  397.5000  6.797E-01  6.997E-01  7.052E-01  6.961E-01  6.727E-01
  398.5000  1.168E+00  1.202E+00  1.212E+00  1.196E+00  1.156E+00
  399.5000  1.214E+00  1.250E+00  1.260E+00  1.244E+00  1.202E+00
  400.5000  1.277E+00  1.314E+00  1.324E+00  1.307E+00  1.263E+00
  401.5000  1.313E+00  1.352E+00  1.362E+00  1.345E+00  1.300E+00
  402.5000  1.363E+00  1.403E+00  1.414E+00  1.396E+00  1.349E+00
  403.5000  1.247E+00  1.284E+00  1.294E+00  1.277E+00  1.235E+00
  404.5000  1.223E+00  1.259E+00  1.269E+00  1.253E+00  1.211E+00
  405.5000  1.271E+00  1.308E+00  1.318E+00  1.301E+00  1.258E+00
  406.5000  1.197E+00  1.231E+00  1.241E+00  1.225E+00  1.184E+00
  407.5000  1.206E+00  1.241E+00  1.251E+00  1.235E+00  1.194E+00
  408.5000  1.343E+00  1.382E+00  1.393E+00  1.375E+00  1.330E+00
  409.5000  1.317E+00  1.355E+00  1.365E+00  1.348E+00  1.303E+00
  410.5000  1.142E+00  1.175E+00  1.184E+00  1.169E+00  1.130E+00
  411.5000  1.372E+00  1.412E+00  1.423E+00  1.405E+00  1.358E+00
  412.5000  1.360E+00  1.399E+00  1.410E+00  1.392E+00  1.346E+00
  413.5000  1.319E+00  1.357E+00  1.367E+00  1.350E+00  1.305E+00
  414.5000  1.355E+00  1.394E+00  1.405E+00  1.387E+00  1.341E+00
  415.5000  1.296E+00  1.333E+00  1.344E+00  1.327E+00  1.283E+00
  416.5000  1.410E+00  1.451E+00  1.462E+00  1.444E+00  1.396E+00
  417.5000  1.289E+00  1.326E+00  1.336E+00  1.320E+00  1.276E+00
  418.5000  1.299E+00  1.336E+00  1.347E+00  1.330E+00  1.286E+00
  419.5000  1.342E+00  1.380E+00  1.391E+00  1.374E+00  1.328E+00
------------------------------------------------------------
Dose rates, W m-2
   1 = UV-B, 280-315 nm                                  
   2 = UV-A, 315-400 nm                                  
   3 = Gaussian, 320 nm, 10 nm FWHM                      
   4 = RB Meter, model 501                               
   5 = DNA damage, in vitro (Setlow, 1974)               
   6 = UV index (WMO, 1994; Webb et al., 2011)           
   7 = Previtamin-D3 (CIE 2006)                          
values at z =      0.000 km
Columns: time, sza, weighting spectra
time, hrs.  sza, deg.          1          2          3          4          5          6          7
   11.0000     26.810  1.996E+00  5.634E+01  3.656E-01  6.020E-01  7.762E-03  1.167E+01  5.863E-01
   11.5000     23.860  2.105E+00  5.811E+01  3.794E-01  6.384E-01  8.448E-03  1.243E+01  6.251E-01
   12.0000     22.983  2.135E+00  5.860E+01  3.832E-01  6.487E-01  8.645E-03  1.265E+01  6.361E-01
   12.5000     24.402  2.085E+00  5.779E+01  3.770E-01  6.320E-01  8.325E-03  1.230E+01  6.182E-01
   13.0000     27.768  1.958E+00  5.572E+01  3.609E-01  5.896E-01  7.532E-03  1.142E+01  5.731E-01
------------------------------------------------------------
