Spectral Irradiance, W m-2 nm-1
values at z =      0.000 km
Columns: wavelength (nm), times (hrs.) or sza (deg.)
    wc, nm     11.000     11.500     12.000     12.500     13.000
    sza =      35.152     32.554     31.490     32.112     34.328
  280.5000  8.990E-12  1.797E-11  2.331E-11  2.005E-11  1.130E-11
  281.5000  1.616E-10  3.041E-10  3.708E-10  3.362E-10  1.991E-10
  282.5000  1.322E-09  2.363E-09  2.939E-09  2.591E-09  1.601E-09
  283.5000  4.692E-09  8.112E-09  9.964E-09  8.846E-09  5.622E-09
  284.5000  2.845E-08  4.628E-08  5.556E-08  4.998E-08  3.341E-08
  285.5000  6.755E-08  1.050E-07  1.240E-07  1.126E-07  7.814E-08
  286.5000  5.923E-07  8.895E-07  1.036E-06  9.487E-07  6.774E-07
  287.5000  2.439E-06  3.525E-06  4.048E-06  3.737E-06  2.754E-06
  288.5000  8.532E-06  1.183E-05  1.337E-05  1.245E-05  9.503E-06
  289.5000  3.620E-05  4.870E-05  5.445E-05  5.104E-05  3.993E-05
  290.5000  1.167E-04  1.531E-04  1.695E-04  1.598E-04  1.276E-04
  291.5000  2.872E-04  3.661E-04  4.012E-04  3.805E-04  3.111E-04
  292.5000  5.609E-04  6.986E-04  7.588E-04  7.233E-04  6.030E-04
  293.5000  1.328E-03  1.618E-03  1.743E-03  1.670E-03  1.418E-03
  294.5000  2.160E-03  2.587E-03  2.769E-03  2.662E-03  2.292E-03
  295.5000  4.596E-03  5.405E-03  5.746E-03  5.546E-03  4.848E-03
  296.5000  6.985E-03  8.092E-03  8.554E-03  8.284E-03  7.332E-03
  297.5000  1.186E-02  1.356E-02  1.426E-02  1.385E-02  1.239E-02
  298.5000  1.276E-02  1.443E-02  1.512E-02  1.471E-02  1.329E-02
  299.5000  2.585E-02  2.892E-02  3.017E-02  2.944E-02  2.682E-02
  300.5000  2.251E-02  2.498E-02  2.599E-02  2.540E-02  2.330E-02
  301.5000  4.126E-02  4.540E-02  4.707E-02  4.609E-02  4.258E-02
  302.5000  4.883E-02  5.341E-02  5.526E-02  5.418E-02  5.029E-02
  303.5000  7.838E-02  8.516E-02  8.787E-02  8.629E-02  8.055E-02
  304.5000  8.283E-02  8.964E-02  9.237E-02  9.078E-02  8.501E-02
  305.5000  1.040E-01  1.119E-01  1.150E-01  1.132E-01  1.065E-01
  306.5000  1.063E-01  1.141E-01  1.172E-01  1.154E-01  1.088E-01
  307.5000  1.471E-01  1.571E-01  1.611E-01  1.588E-01  1.503E-01
  308.5000  1.622E-01  1.729E-01  1.771E-01  1.738E-01  1.656E-01
  309.5000  1.391E-01  1.479E-01  1.513E-01  1.493E-01  1.419E-01
  310.5000  1.859E-01  1.971E-01  2.015E-01  1.989E-01  1.895E-01
  311.5000  2.362E-01  2.500E-01  2.555E-01  2.523E-01  2.407E-01
  312.5000  2.252E-01  2.378E-01  2.428E-01  2.399E-01  2.293E-01
  313.5000  2.542E-01  2.681E-01  2.736E-01  2.704E-01  2.587E-01
  314.5000  2.490E-01  2.621E-01  2.673E-01  2.643E-01  2.532E-01
  315.5000  2.557E-01  2.697E-01  2.750E-01  2.719E-01  2.607E-01
  316.5000  2.514E-01  2.640E-01  2.690E-01  2.661E-01  2.554E-01
  317.5000  3.555E-01  3.733E-01  3.803E-01  3.762E-01  3.612E-01
  318.5000  2.751E-01  2.889E-01  2.941E-01  2.911E-01  2.799E-01
  319.5000  3.353E-01  3.514E-01  3.577E-01  3.540E-01  3.405E-01
  320.5000  4.066E-01  4.260E-01  4.336E-01  4.291E-01  4.129E-01
  321.5000  3.405E-01  3.561E-01  3.623E-01  3.587E-01  3.455E-01
  322.5000  3.466E-01  3.629E-01  3.693E-01  3.656E-01  3.518E-01
  323.5000  3.508E-01  3.667E-01  3.729E-01  3.693E-01  3.559E-01
  324.5000  4.120E-01  4.306E-01  4.380E-01  4.337E-01  4.181E-01
  325.5000  4.630E-01  4.840E-01  4.923E-01  4.873E-01  4.698E-01
  326.5000  5.532E-01  5.776E-01  5.872E-01  5.816E-01  5.611E-01
  327.5000  5.174E-01  5.404E-01  5.494E-01  5.442E-01  5.249E-01
  328.5000  4.778E-01  4.989E-01  5.072E-01  5.024E-01  4.846E-01
  329.5000  6.130E-01  6.396E-01  6.501E-01  6.440E-01  6.216E-01
  330.5000  5.598E-01  5.843E-01  5.939E-01  5.883E-01  5.677E-01
  331.5000  5.538E-01  5.779E-01  5.874E-01  5.819E-01  5.616E-01
  332.5000  5.412E-01  5.644E-01  5.735E-01  5.682E-01  5.487E-01
  333.5000  5.103E-01  5.323E-01  5.409E-01  5.359E-01  5.174E-01
  334.5000  5.692E-01  5.936E-01  6.032E-01  5.976E-01  5.771E-01
  335.5000  5.747E-01  5.992E-01  6.088E-01  6.033E-01  5.827E-01
  336.5000  4.499E-01  4.690E-01  4.766E-01  4.722E-01  4.561E-01
  337.5000  4.952E-01  5.164E-01  5.247E-01  5.198E-01  5.020E-01
  338.5000  5.206E-01  5.426E-01  5.513E-01  5.463E-01  5.277E-01
  339.5000  5.656E-01  5.895E-01  5.989E-01  5.935E-01  5.734E-01
  340.5000  6.056E-01  6.313E-01  6.413E-01  6.355E-01  6.139E-01
  341.5000  5.368E-01  5.594E-01  5.683E-01  5.631E-01  5.441E-01
  342.5000  5.945E-01  6.194E-01  6.292E-01  6.235E-01  6.025E-01
  343.5000  6.179E-01  6.439E-01  6.540E-01  6.481E-01  6.263E-01
  344.5000  4.335E-01  4.517E-01  4.588E-01  4.546E-01  4.393E-01
  345.5000  5.927E-01  6.174E-01  6.271E-01  6.215E-01  6.007E-01
  346.5000  5.551E-01  5.783E-01  5.874E-01  5.821E-01  5.626E-01
  347.5000  5.423E-01  5.649E-01  5.738E-01  5.686E-01  5.496E-01
  348.5000  5.957E-01  6.205E-01  6.302E-01  6.246E-01  6.037E-01
  349.5000  4.993E-01  5.200E-01  5.282E-01  5.234E-01  5.060E-01
  350.5000  6.989E-01  7.279E-01  7.393E-01  7.327E-01  7.083E-01
  351.5000  6.025E-01  6.275E-01  6.372E-01  6.316E-01  6.106E-01
  352.5000  5.433E-01  5.657E-01  5.746E-01  5.694E-01  5.505E-01
  353.5000  6.538E-01  6.808E-01  6.914E-01  6.852E-01  6.625E-01
  354.5000  7.074E-01  7.366E-01  7.480E-01  7.414E-01  7.168E-01
  355.5000  6.611E-01  6.883E-01  6.989E-01  6.927E-01  6.699E-01
  356.5000  6.135E-01  6.387E-01  6.486E-01  6.428E-01  6.216E-01
  357.5000  5.217E-01  5.431E-01  5.515E-01  5.466E-01  5.286E-01
  358.5000  4.025E-01  4.190E-01  4.255E-01  4.217E-01  4.078E-01
  359.5000  6.773E-01  7.051E-01  7.159E-01  7.096E-01  6.863E-01
  360.5000  6.278E-01  6.535E-01  6.635E-01  6.577E-01  6.361E-01
  361.5000  5.659E-01  5.890E-01  5.981E-01  5.928E-01  5.734E-01
  362.5000  6.645E-01  6.916E-01  7.022E-01  6.961E-01  6.733E-01
  363.5000  5.911E-01  6.152E-01  6.246E-01  6.191E-01  5.989E-01
  364.5000  6.448E-01  6.710E-01  6.813E-01  6.753E-01  6.533E-01
  365.5000  7.857E-01  8.176E-01  8.301E-01  8.228E-01  7.960E-01
  366.5000  8.315E-01  8.652E-01  8.784E-01  8.707E-01  8.424E-01
  367.5000  7.894E-01  8.213E-01  8.338E-01  8.266E-01  7.997E-01
  368.5000  6.934E-01  7.215E-01  7.324E-01  7.260E-01  7.025E-01
  369.5000  8.317E-01  8.653E-01  8.784E-01  8.708E-01  8.426E-01
  370.5000  7.546E-01  7.850E-01  7.969E-01  7.900E-01  7.644E-01
  371.5000  8.633E-01  8.981E-01  9.117E-01  9.038E-01  8.746E-01
  372.5000  6.377E-01  6.633E-01  6.734E-01  6.675E-01  6.460E-01
  373.5000  5.764E-01  5.995E-01  6.086E-01  6.033E-01  5.839E-01
  374.5000  6.326E-01  6.580E-01  6.679E-01  6.621E-01  6.408E-01
  375.5000  7.137E-01  7.423E-01  7.535E-01  7.470E-01  7.229E-01
  376.5000  7.126E-01  7.412E-01  7.523E-01  7.458E-01  7.219E-01
  377.5000  8.486E-01  8.825E-01  8.958E-01  8.880E-01  8.596E-01
  378.5000  9.249E-01  9.618E-01  9.762E-01  9.678E-01  9.368E-01
  379.5000  6.842E-01  7.115E-01  7.222E-01  7.160E-01  6.931E-01
  380.5000  8.229E-01  8.556E-01  8.684E-01  8.610E-01  8.335E-01
  381.5000  7.732E-01  8.039E-01  8.160E-01  8.090E-01  7.832E-01
  382.5000  5.152E-01  5.357E-01  5.437E-01  5.390E-01  5.218E-01
  383.5000  4.524E-01  4.703E-01  4.774E-01  4.733E-01  4.582E-01
  384.5000  6.789E-01  7.058E-01  7.163E-01  7.102E-01  6.876E-01
  385.5000  6.717E-01  6.982E-01  7.086E-01  7.026E-01  6.803E-01
  386.5000  6.847E-01  7.117E-01  7.223E-01  7.161E-01  6.934E-01
  387.5000  6.363E-01  6.614E-01  6.712E-01  6.655E-01  6.444E-01
  388.5000  6.378E-01  6.629E-01  6.727E-01  6.670E-01  6.459E-01
  389.5000  8.043E-01  8.359E-01  8.483E-01  8.411E-01  8.145E-01
  390.5000  7.900E-01  8.211E-01  8.332E-01  8.261E-01  8.001E-01
  391.5000  9.372E-01  9.740E-01  9.884E-01  9.800E-01  9.491E-01
  392.5000  7.028E-01  7.304E-01  7.411E-01  7.349E-01  7.117E-01
  393.5000  3.055E-01  3.175E-01  3.222E-01  3.195E-01  3.094E-01
  394.5000  7.190E-01  7.471E-01  7.581E-01  7.517E-01  7.281E-01
  395.5000  9.251E-01  9.613E-01  9.754E-01  9.672E-01  9.368E-01
  396.5000  5.432E-01  5.644E-01  5.727E-01  5.679E-01  5.501E-01
  397.5000  6.269E-01  6.513E-01  6.609E-01  6.553E-01  6.348E-01
  398.5000  1.077E+00  1.119E+00  1.136E+00  1.126E+00  1.091E+00
  399.5000  1.120E+00  1.164E+00  1.181E+00  1.171E+00  1.135E+00
  400.5000  1.178E+00  1.224E+00  1.242E+00  1.231E+00  1.193E+00
  401.5000  1.212E+00  1.259E+00  1.277E+00  1.267E+00  1.227E+00
  402.5000  1.258E+00  1.307E+00  1.326E+00  1.315E+00  1.274E+00
  403.5000  1.152E+00  1.196E+00  1.214E+00  1.204E+00  1.166E+00
  404.5000  1.130E+00  1.173E+00  1.191E+00  1.181E+00  1.144E+00
  405.5000  1.174E+00  1.219E+00  1.237E+00  1.226E+00  1.188E+00
  406.5000  1.105E+00  1.148E+00  1.165E+00  1.155E+00  1.119E+00
  407.5000  1.115E+00  1.158E+00  1.174E+00  1.165E+00  1.128E+00
  408.5000  1.241E+00  1.289E+00  1.308E+00  1.297E+00  1.257E+00
  409.5000  1.217E+00  1.264E+00  1.282E+00  1.271E+00  1.232E+00
  410.5000  1.055E+00  1.096E+00  1.112E+00  1.103E+00  1.069E+00
  411.5000  1.269E+00  1.317E+00  1.336E+00  1.325E+00  1.284E+00
  412.5000  1.257E+00  1.306E+00  1.325E+00  1.314E+00  1.273E+00
  413.5000  1.220E+00  1.266E+00  1.285E+00  1.274E+00  1.235E+00
  414.5000  1.254E+00  1.302E+00  1.320E+00  1.309E+00  1.269E+00
  415.5000  1.199E+00  1.245E+00  1.263E+00  1.252E+00  1.214E+00
  416.5000  1.305E+00  1.355E+00  1.374E+00  1.363E+00  1.321E+00
  417.5000  1.193E+00  1.239E+00  1.256E+00  1.246E+00  1.208E+00
  418.5000  1.203E+00  1.248E+00  1.266E+00  1.256E+00  1.217E+00
  419.5000  1.242E+00  1.290E+00  1.308E+00  1.297E+00  1.258E+00
------------------------------------------------------------
Dose rates, W m-2
   1 = UV-B, 280-315 nm                                  
   2 = UV-A, 315-400 nm                                  
   3 = Gaussian, 320 nm, 10 nm FWHM                      
   4 = RB Meter, model 501                               
   5 = DNA damage, in vitro (Setlow, 1974)               
   6 = UV index (WMO, 1994; Webb et al., 2011)           
   7 = Previtamin-D3 (CIE 2006)                          
values at z =      0.000 km
Columns: time, sza, weighting spectra
time, hrs.  sza, deg.          1          2          3          4          5          6          7
   11.0000     35.152  2.150E+00  5.175E+01  3.437E-01  6.842E-01  1.122E-02  1.390E+01  6.943E-01
   11.5000     32.554  2.293E+00  5.388E+01  3.602E-01  7.357E-01  1.247E-02  1.504E+01  7.500E-01
   12.0000     31.490  2.351E+00  5.472E+01  3.666E-01  7.563E-01  1.298E-02  1.550E+01  7.723E-01
   12.5000     32.112  2.317E+00  5.424E+01  3.629E-01  7.441E-01  1.268E-02  1.523E+01  7.590E-01
   13.0000     34.328  2.196E+00  5.244E+01  3.491E-01  7.008E-01  1.161E-02  1.426E+01  7.121E-01
------------------------------------------------------------
