Spectral Irradiance, W m-2 nm-1
values at z =      0.000 km
Columns: wavelength (nm), times (hrs.) or sza (deg.)
    wc, nm     11.000     11.500     12.000     12.500     13.000
    sza =      17.345     12.605     10.192     11.663     15.975
  280.5000  2.076E-14  3.973E-14  5.079E-14  4.402E-14  2.564E-14
  281.5000  6.682E-13  1.208E-12  1.511E-12  1.326E-12  8.102E-13
  282.5000  9.018E-12  1.552E-11  1.907E-11  1.691E-11  1.076E-11
  283.5000  4.430E-11  7.387E-11  8.963E-11  8.008E-11  5.232E-11
  284.5000  4.859E-10  7.646E-10  9.077E-10  8.214E-10  5.631E-10
  285.5000  1.788E-09  2.696E-09  3.149E-09  2.876E-09  2.044E-09
  286.5000  2.196E-08  3.203E-08  3.694E-08  3.399E-08  2.483E-08
  287.5000  1.314E-07  1.847E-07  2.102E-07  1.950E-07  1.468E-07
  288.5000  6.899E-07  9.070E-07  1.045E-06  9.776E-07  7.608E-07
  289.5000  3.914E-06  5.043E-06  5.699E-06  5.367E-06  4.277E-06
  290.5000  1.611E-05  2.065E-05  2.269E-05  2.148E-05  1.746E-05
  291.5000  5.228E-05  6.524E-05  7.063E-05  6.757E-05  5.619E-05
  292.5000  1.281E-04  1.556E-04  1.686E-04  1.613E-04  1.367E-04
  293.5000  3.755E-04  4.487E-04  4.801E-04  4.616E-04  3.979E-04
  294.5000  7.217E-04  8.484E-04  9.021E-04  8.704E-04  7.606E-04
  295.5000  1.834E-03  2.119E-03  2.239E-03  2.168E-03  1.922E-03
  296.5000  3.232E-03  3.680E-03  3.866E-03  3.756E-03  3.371E-03
  297.5000  6.245E-03  7.022E-03  7.341E-03  7.153E-03  6.487E-03
  298.5000  7.498E-03  8.341E-03  8.686E-03  8.483E-03  7.762E-03
  299.5000  1.684E-02  1.854E-02  1.923E-02  1.883E-02  1.737E-02
  300.5000  1.587E-02  1.734E-02  1.793E-02  1.758E-02  1.633E-02
  301.5000  3.169E-02  3.434E-02  3.540E-02  3.478E-02  3.252E-02
  302.5000  3.966E-02  4.274E-02  4.397E-02  4.325E-02  4.063E-02
  303.5000  6.801E-02  7.282E-02  7.474E-02  7.362E-02  6.954E-02
  304.5000  7.467E-02  7.964E-02  8.162E-02  8.046E-02  7.625E-02
  305.5000  9.919E-02  1.052E-01  1.076E-01  1.062E-01  1.011E-01
  306.5000  1.039E-01  1.099E-01  1.123E-01  1.099E-01  1.058E-01
  307.5000  1.506E-01  1.586E-01  1.618E-01  1.599E-01  1.531E-01
  308.5000  1.689E-01  1.776E-01  1.810E-01  1.790E-01  1.717E-01
  309.5000  1.494E-01  1.566E-01  1.594E-01  1.578E-01  1.517E-01
  310.5000  2.039E-01  2.133E-01  2.158E-01  2.148E-01  2.069E-01
  311.5000  2.628E-01  2.745E-01  2.790E-01  2.764E-01  2.665E-01
  312.5000  2.570E-01  2.677E-01  2.720E-01  2.695E-01  2.605E-01
  313.5000  2.917E-01  3.037E-01  3.084E-01  3.056E-01  2.955E-01
  314.5000  2.920E-01  3.033E-01  3.078E-01  3.052E-01  2.956E-01
  315.5000  3.017E-01  3.132E-01  3.178E-01  3.151E-01  3.054E-01
  316.5000  3.008E-01  3.117E-01  3.160E-01  3.135E-01  3.043E-01
  317.5000  4.252E-01  4.407E-01  4.468E-01  4.433E-01  4.302E-01
  318.5000  3.347E-01  3.464E-01  3.509E-01  3.483E-01  3.384E-01
  319.5000  4.084E-01  4.225E-01  4.280E-01  4.247E-01  4.129E-01
  320.5000  4.968E-01  5.138E-01  5.204E-01  5.165E-01  5.023E-01
  321.5000  4.219E-01  4.356E-01  4.410E-01  4.379E-01  4.263E-01
  322.5000  4.246E-01  4.389E-01  4.445E-01  4.412E-01  4.292E-01
  323.5000  4.372E-01  4.511E-01  4.566E-01  4.534E-01  4.416E-01
  324.5000  5.130E-01  5.293E-01  5.357E-01  5.320E-01  5.182E-01
  325.5000  5.749E-01  5.933E-01  6.005E-01  5.963E-01  5.808E-01
  326.5000  6.948E-01  7.162E-01  7.246E-01  7.197E-01  7.017E-01
  327.5000  6.472E-01  6.673E-01  6.752E-01  6.706E-01  6.536E-01
  328.5000  5.963E-01  6.160E-01  6.232E-01  6.190E-01  6.033E-01
  329.5000  7.730E-01  7.963E-01  8.055E-01  8.001E-01  7.805E-01
  330.5000  7.031E-01  7.245E-01  7.329E-01  7.280E-01  7.100E-01
  331.5000  6.947E-01  7.159E-01  7.242E-01  7.193E-01  7.015E-01
  332.5000  6.829E-01  7.033E-01  7.113E-01  7.066E-01  6.895E-01
  333.5000  6.420E-01  6.612E-01  6.688E-01  6.642E-01  6.481E-01
  334.5000  7.168E-01  7.382E-01  7.465E-01  7.416E-01  7.236E-01
  335.5000  7.257E-01  7.471E-01  7.555E-01  7.506E-01  7.326E-01
  336.5000  5.673E-01  5.841E-01  5.906E-01  5.868E-01  5.727E-01
  337.5000  6.229E-01  6.414E-01  6.486E-01  6.444E-01  6.288E-01
  338.5000  6.567E-01  6.759E-01  6.834E-01  6.790E-01  6.628E-01
  339.5000  7.135E-01  7.344E-01  7.425E-01  7.378E-01  7.202E-01
  340.5000  7.629E-01  7.852E-01  7.939E-01  7.888E-01  7.700E-01
  341.5000  6.770E-01  6.966E-01  7.043E-01  6.998E-01  6.833E-01
  342.5000  7.496E-01  7.713E-01  7.798E-01  7.749E-01  7.566E-01
  343.5000  7.785E-01  8.011E-01  8.099E-01  8.047E-01  7.857E-01
  344.5000  5.456E-01  5.614E-01  5.676E-01  5.640E-01  5.506E-01
  345.5000  7.468E-01  7.683E-01  7.767E-01  7.718E-01  7.537E-01
  346.5000  6.986E-01  7.187E-01  7.266E-01  7.220E-01  7.050E-01
  347.5000  6.823E-01  7.019E-01  7.096E-01  7.051E-01  6.886E-01
  348.5000  7.495E-01  7.710E-01  7.794E-01  7.745E-01  7.564E-01
  349.5000  6.279E-01  6.459E-01  6.529E-01  6.488E-01  6.336E-01
  350.5000  8.787E-01  9.039E-01  9.137E-01  9.079E-01  8.868E-01
  351.5000  7.571E-01  7.787E-01  7.872E-01  7.822E-01  7.640E-01
  352.5000  6.825E-01  7.020E-01  7.096E-01  7.051E-01  6.887E-01
  353.5000  8.212E-01  8.446E-01  8.537E-01  8.484E-01  8.287E-01
  354.5000  8.884E-01  9.136E-01  9.234E-01  9.177E-01  8.965E-01
  355.5000  8.299E-01  8.534E-01  8.626E-01  8.572E-01  8.374E-01
  356.5000  7.699E-01  7.916E-01  8.001E-01  7.952E-01  7.768E-01
  357.5000  6.544E-01  6.729E-01  6.801E-01  6.759E-01  6.603E-01
  358.5000  5.048E-01  5.190E-01  5.246E-01  5.213E-01  5.093E-01
  359.5000  8.492E-01  8.731E-01  8.824E-01  8.770E-01  8.568E-01
  360.5000  7.868E-01  8.089E-01  8.176E-01  8.125E-01  7.939E-01
  361.5000  7.091E-01  7.290E-01  7.367E-01  7.322E-01  7.154E-01
  362.5000  8.323E-01  8.557E-01  8.648E-01  8.594E-01  8.398E-01
  363.5000  7.401E-01  7.608E-01  7.689E-01  7.642E-01  7.468E-01
  364.5000  8.071E-01  8.296E-01  8.384E-01  8.333E-01  8.143E-01
  365.5000  9.831E-01  1.011E+00  1.021E+00  1.015E+00  9.919E-01
  366.5000  1.040E+00  1.069E+00  1.080E+00  1.074E+00  1.049E+00
  367.5000  9.871E-01  1.015E+00  1.025E+00  1.019E+00  9.959E-01
  368.5000  8.668E-01  8.909E-01  9.003E-01  8.948E-01  8.745E-01
  369.5000  1.039E+00  1.068E+00  1.079E+00  1.073E+00  1.049E+00
  370.5000  9.426E-01  9.687E-01  9.789E-01  9.730E-01  9.510E-01
  371.5000  1.078E+00  1.108E+00  1.120E+00  1.113E+00  1.088E+00
  372.5000  7.961E-01  8.181E-01  8.267E-01  8.217E-01  8.032E-01
  373.5000  7.194E-01  7.392E-01  7.469E-01  7.424E-01  7.257E-01
  374.5000  7.893E-01  8.110E-01  8.195E-01  8.145E-01  7.962E-01
  375.5000  8.902E-01  9.146E-01  9.242E-01  9.186E-01  8.980E-01
  376.5000  8.886E-01  9.130E-01  9.225E-01  9.170E-01  8.964E-01
  377.5000  1.058E+00  1.087E+00  1.098E+00  1.091E+00  1.067E+00
  378.5000  1.153E+00  1.184E+00  1.196E+00  1.189E+00  1.163E+00
  379.5000  8.524E-01  8.757E-01  8.848E-01  8.795E-01  8.599E-01
  380.5000  1.025E+00  1.053E+00  1.064E+00  1.057E+00  1.034E+00
  381.5000  9.627E-01  9.889E-01  9.992E-01  9.932E-01  9.711E-01
  382.5000  6.413E-01  6.587E-01  6.655E-01  6.615E-01  6.468E-01
  383.5000  5.629E-01  5.782E-01  5.842E-01  5.807E-01  5.678E-01
  384.5000  8.445E-01  8.674E-01  8.764E-01  8.712E-01  8.519E-01
  385.5000  8.353E-01  8.579E-01  8.668E-01  8.616E-01  8.425E-01
  386.5000  8.512E-01  8.742E-01  8.832E-01  8.780E-01  8.586E-01
  387.5000  7.908E-01  8.122E-01  8.206E-01  8.157E-01  7.977E-01
  388.5000  7.924E-01  8.138E-01  8.222E-01  8.173E-01  7.993E-01
  389.5000  9.990E-01  1.026E+00  1.037E+00  1.030E+00  1.008E+00
  390.5000  9.810E-01  1.007E+00  1.018E+00  1.012E+00  9.895E-01
  391.5000  1.163E+00  1.195E+00  1.207E+00  1.200E+00  1.174E+00
  392.5000  8.722E-01  8.957E-01  9.048E-01  8.995E-01  8.798E-01
  393.5000  3.791E-01  3.893E-01  3.933E-01  3.909E-01  3.824E-01
  394.5000  8.918E-01  9.158E-01  9.251E-01  9.196E-01  8.995E-01
  395.5000  1.147E+00  1.178E+00  1.190E+00  1.183E+00  1.157E+00
  396.5000  6.735E-01  6.915E-01  6.985E-01  6.944E-01  6.792E-01
  397.5000  7.769E-01  7.977E-01  8.058E-01  8.011E-01  7.836E-01
  398.5000  1.335E+00  1.370E+00  1.384E+00  1.376E+00  1.346E+00
  399.5000  1.388E+00  1.425E+00  1.439E+00  1.431E+00  1.400E+00
  400.5000  1.459E+00  1.498E+00  1.513E+00  1.504E+00  1.471E+00
  401.5000  1.501E+00  1.541E+00  1.556E+00  1.547E+00  1.513E+00
  402.5000  1.557E+00  1.599E+00  1.615E+00  1.606E+00  1.571E+00
  403.5000  1.425E+00  1.463E+00  1.478E+00  1.469E+00  1.437E+00
  404.5000  1.398E+00  1.435E+00  1.449E+00  1.441E+00  1.409E+00
  405.5000  1.452E+00  1.490E+00  1.505E+00  1.496E+00  1.464E+00
  406.5000  1.367E+00  1.403E+00  1.417E+00  1.409E+00  1.378E+00
  407.5000  1.378E+00  1.414E+00  1.428E+00  1.420E+00  1.389E+00
  408.5000  1.534E+00  1.575E+00  1.590E+00  1.581E+00  1.547E+00
  409.5000  1.504E+00  1.543E+00  1.559E+00  1.550E+00  1.516E+00
  410.5000  1.304E+00  1.338E+00  1.351E+00  1.344E+00  1.315E+00
  411.5000  1.567E+00  1.608E+00  1.624E+00  1.615E+00  1.580E+00
  412.5000  1.552E+00  1.593E+00  1.609E+00  1.600E+00  1.566E+00
  413.5000  1.505E+00  1.545E+00  1.560E+00  1.551E+00  1.518E+00
  414.5000  1.547E+00  1.588E+00  1.603E+00  1.594E+00  1.560E+00
  415.5000  1.479E+00  1.518E+00  1.533E+00  1.524E+00  1.492E+00
  416.5000  1.610E+00  1.652E+00  1.668E+00  1.659E+00  1.623E+00
  417.5000  1.471E+00  1.510E+00  1.525E+00  1.516E+00  1.484E+00
  418.5000  1.483E+00  1.521E+00  1.536E+00  1.528E+00  1.495E+00
  419.5000  1.531E+00  1.571E+00  1.587E+00  1.578E+00  1.544E+00
------------------------------------------------------------
Dose rates, W m-2
   1 = UV-B, 280-315 nm                                  
   2 = UV-A, 315-400 nm                                  
   3 = Gaussian, 320 nm, 10 nm FWHM                      
   4 = RB Meter, model 501                               
   5 = DNA damage, in vitro (Setlow, 1974)               
   6 = UV index (WMO, 1994; Webb et al., 2011)           
   7 = Previtamin-D3 (CIE 2006)                          
values at z =      0.000 km
Columns: time, sza, weighting spectra
time, hrs.  sza, deg.          1          2          3          4          5          6          7
   11.0000     17.345  2.246E+00  6.460E+01  4.193E-01  6.732E-01  8.414E-03  1.298E+01  6.515E-01
   11.5000     12.605  2.358E+00  6.644E+01  4.336E-01  7.103E-01  9.091E-03  1.375E+01  6.909E-01
   12.0000     10.192  2.402E+00  6.716E+01  4.392E-01  7.248E-01  9.363E-03  1.405E+01  7.063E-01
   12.5000     11.663  2.376E+00  6.674E+01  4.359E-01  7.160E-01  9.200E-03  1.387E+01  6.969E-01
   13.0000     15.975  2.282E+00  6.519E+01  4.239E-01  6.850E-01  8.627E-03  1.323E+01  6.640E-01
------------------------------------------------------------
