Spectral Irradiance, W m-2 nm-1
values at z =      0.000 km
Columns: wavelength (nm), times (hrs.) or sza (deg.)
    wc, nm     11.000     11.500     12.000     12.500     13.000
    sza =      28.355     26.236     25.367     25.880     27.696
  280.5000  8.272E-19  1.743E-18  2.314E-18  1.961E-18  1.052E-18
  281.5000  6.697E-17  1.321E-16  1.709E-16  1.470E-16  8.338E-17
  282.5000  1.997E-15  3.719E-15  4.710E-15  4.102E-15  2.440E-15
  283.5000  1.641E-14  2.946E-14  3.679E-14  3.231E-14  1.982E-14
  284.5000  4.600E-13  7.717E-13  9.392E-13  8.372E-13  5.435E-13
  285.5000  3.388E-12  5.408E-12  6.458E-12  5.821E-12  3.556E-12
  286.5000  7.094E-11  1.090E-10  1.282E-10  1.166E-10  8.147E-11
  287.5000  7.673E-10  1.102E-09  1.308E-09  1.200E-09  8.693E-10
  288.5000  7.665E-09  1.077E-08  1.226E-08  1.136E-08  8.554E-09
  289.5000  6.893E-08  9.371E-08  1.053E-07  9.836E-08  7.611E-08
  290.5000  4.179E-07  5.525E-07  6.143E-07  5.774E-07  4.573E-07
  291.5000  2.103E-06  2.695E-06  2.961E-06  2.802E-06  2.278E-06
  292.5000  7.383E-06  9.217E-06  1.003E-05  9.545E-06  7.931E-06
  293.5000  3.036E-05  3.699E-05  3.987E-05  3.816E-05  3.236E-05
  294.5000  7.607E-05  9.093E-05  9.732E-05  9.353E-05  8.058E-05
  295.5000  2.563E-04  3.002E-04  3.189E-04  3.078E-04  2.697E-04
  296.5000  5.706E-04  6.573E-04  6.937E-04  6.722E-04  5.972E-04
  297.5000  1.354E-03  1.537E-03  1.613E-03  1.568E-03  1.411E-03
  298.5000  1.933E-03  2.168E-03  2.264E-03  2.207E-03  2.006E-03
  299.5000  5.112E-03  5.665E-03  5.891E-03  5.758E-03  5.284E-03
  300.5000  5.461E-03  5.998E-03  6.216E-03  6.088E-03  5.629E-03
  301.5000  1.249E-02  1.359E-02  1.403E-02  1.377E-02  1.284E-02
  302.5000  1.710E-02  1.848E-02  1.903E-02  1.871E-02  1.753E-02
  303.5000  3.258E-02  3.495E-02  3.590E-02  3.534E-02  3.333E-02
  304.5000  3.801E-02  4.060E-02  4.163E-02  4.103E-02  3.883E-02
  305.5000  5.527E-02  5.866E-02  6.000E-02  5.909E-02  5.634E-02
  306.5000  6.018E-02  6.369E-02  6.508E-02  6.427E-02  6.129E-02
  307.5000  9.398E-02  9.893E-02  1.009E-01  9.974E-02  9.554E-02
  308.5000  1.085E-01  1.140E-01  1.162E-01  1.149E-01  1.102E-01
  309.5000  1.008E-01  1.055E-01  1.074E-01  1.063E-01  1.023E-01
  310.5000  1.425E-01  1.488E-01  1.513E-01  1.498E-01  1.445E-01
  311.5000  1.879E-01  1.959E-01  1.991E-01  1.972E-01  1.889E-01
  312.5000  1.915E-01  1.990E-01  2.020E-01  2.003E-01  1.939E-01
  313.5000  2.195E-01  2.280E-01  2.313E-01  2.294E-01  2.222E-01
  314.5000  2.276E-01  2.358E-01  2.390E-01  2.371E-01  2.302E-01
  315.5000  2.360E-01  2.450E-01  2.483E-01  2.463E-01  2.392E-01
  316.5000  2.423E-01  2.504E-01  2.536E-01  2.517E-01  2.449E-01
  317.5000  3.428E-01  3.543E-01  3.588E-01  3.561E-01  3.464E-01
  318.5000  2.766E-01  2.853E-01  2.888E-01  2.867E-01  2.793E-01
  319.5000  3.391E-01  3.498E-01  3.539E-01  3.515E-01  3.425E-01
  320.5000  4.151E-01  4.279E-01  4.329E-01  4.300E-01  4.192E-01
  321.5000  3.605E-01  3.703E-01  3.752E-01  3.728E-01  3.639E-01
  322.5000  3.568E-01  3.677E-01  3.719E-01  3.694E-01  3.603E-01
  323.5000  3.776E-01  3.883E-01  3.925E-01  3.900E-01  3.810E-01
  324.5000  4.427E-01  4.553E-01  4.602E-01  4.574E-01  4.467E-01
  325.5000  4.946E-01  5.087E-01  5.143E-01  5.110E-01  4.991E-01
  326.5000  6.089E-01  6.255E-01  6.320E-01  6.282E-01  6.142E-01
  327.5000  5.640E-01  5.796E-01  5.857E-01  5.822E-01  5.690E-01
  328.5000  5.209E-01  5.352E-01  5.408E-01  5.375E-01  5.254E-01
  329.5000  6.834E-01  7.015E-01  7.086E-01  7.044E-01  6.891E-01
  330.5000  6.180E-01  6.349E-01  6.414E-01  6.376E-01  6.235E-01
  331.5000  6.103E-01  6.268E-01  6.332E-01  6.294E-01  6.155E-01
  332.5000  6.060E-01  6.219E-01  6.281E-01  6.245E-01  6.111E-01
  333.5000  5.674E-01  5.824E-01  5.883E-01  5.848E-01  5.722E-01
  334.5000  6.350E-01  6.517E-01  6.582E-01  6.544E-01  6.403E-01
  335.5000  6.461E-01  6.628E-01  6.694E-01  6.655E-01  6.514E-01
  336.5000  5.045E-01  5.176E-01  5.227E-01  5.197E-01  5.087E-01
  337.5000  5.523E-01  5.667E-01  5.724E-01  5.691E-01  5.569E-01
  338.5000  5.852E-01  6.002E-01  6.061E-01  6.027E-01  5.900E-01
  339.5000  6.364E-01  6.527E-01  6.591E-01  6.553E-01  6.416E-01
  340.5000  6.793E-01  6.968E-01  7.036E-01  6.996E-01  6.849E-01
  341.5000  6.045E-01  6.199E-01  6.259E-01  6.224E-01  6.094E-01
  342.5000  6.698E-01  6.868E-01  6.934E-01  6.895E-01  6.752E-01
  343.5000  6.951E-01  7.128E-01  7.197E-01  7.157E-01  7.008E-01
  344.5000  4.868E-01  4.992E-01  5.040E-01  5.012E-01  4.908E-01
  345.5000  6.681E-01  6.849E-01  6.915E-01  6.877E-01  6.734E-01
  346.5000  6.242E-01  6.400E-01  6.461E-01  6.425E-01  6.292E-01
  347.5000  6.098E-01  6.252E-01  6.313E-01  6.277E-01  6.147E-01
  348.5000  6.704E-01  6.873E-01  6.938E-01  6.900E-01  6.758E-01
  349.5000  5.617E-01  5.758E-01  5.813E-01  5.781E-01  5.662E-01
  350.5000  7.863E-01  8.061E-01  8.138E-01  8.092E-01  7.926E-01
  351.5000  6.775E-01  6.945E-01  7.011E-01  6.972E-01  6.829E-01
  352.5000  6.110E-01  6.262E-01  6.322E-01  6.287E-01  6.158E-01
  353.5000  7.354E-01  7.538E-01  7.610E-01  7.568E-01  7.413E-01
  354.5000  7.959E-01  8.157E-01  8.235E-01  8.189E-01  8.022E-01
  355.5000  7.437E-01  7.622E-01  7.694E-01  7.652E-01  7.496E-01
  356.5000  6.900E-01  7.071E-01  7.138E-01  7.099E-01  6.954E-01
  357.5000  5.866E-01  6.011E-01  6.068E-01  6.035E-01  5.912E-01
  358.5000  4.526E-01  4.638E-01  4.682E-01  4.656E-01  4.562E-01
  359.5000  7.615E-01  7.804E-01  7.877E-01  7.834E-01  7.675E-01
  360.5000  7.057E-01  7.231E-01  7.299E-01  7.259E-01  7.113E-01
  361.5000  6.362E-01  6.518E-01  6.579E-01  6.543E-01  6.411E-01
  362.5000  7.469E-01  7.653E-01  7.724E-01  7.682E-01  7.528E-01
  363.5000  6.643E-01  6.806E-01  6.870E-01  6.832E-01  6.695E-01
  364.5000  7.245E-01  7.423E-01  7.492E-01  7.451E-01  7.302E-01
  365.5000  8.826E-01  9.042E-01  9.126E-01  9.077E-01  8.895E-01
  366.5000  9.339E-01  9.567E-01  9.656E-01  9.604E-01  9.412E-01
  367.5000  8.866E-01  9.082E-01  9.166E-01  9.117E-01  8.934E-01
  368.5000  7.787E-01  7.976E-01  8.050E-01  8.007E-01  7.847E-01
  369.5000  9.338E-01  9.565E-01  9.654E-01  9.602E-01  9.410E-01
  370.5000  8.470E-01  8.676E-01  8.757E-01  8.709E-01  8.536E-01
  371.5000  9.690E-01  9.925E-01  1.002E+00  9.963E-01  9.765E-01
  372.5000  7.156E-01  7.330E-01  7.397E-01  7.358E-01  7.212E-01
  373.5000  6.467E-01  6.624E-01  6.685E-01  6.649E-01  6.517E-01
  374.5000  7.097E-01  7.268E-01  7.335E-01  7.296E-01  7.151E-01
  375.5000  8.005E-01  8.198E-01  8.274E-01  8.230E-01  8.067E-01
  376.5000  7.992E-01  8.185E-01  8.260E-01  8.216E-01  8.054E-01
  377.5000  9.516E-01  9.745E-01  9.834E-01  9.781E-01  9.589E-01
  378.5000  1.037E+00  1.062E+00  1.072E+00  1.066E+00  1.045E+00
  379.5000  7.670E-01  7.854E-01  7.926E-01  7.884E-01  7.729E-01
  380.5000  9.223E-01  9.444E-01  9.530E-01  9.479E-01  9.293E-01
  381.5000  8.665E-01  8.872E-01  8.953E-01  8.906E-01  8.731E-01
  382.5000  5.773E-01  5.911E-01  5.964E-01  5.933E-01  5.817E-01
  383.5000  5.068E-01  5.189E-01  5.236E-01  5.209E-01  5.107E-01
  384.5000  7.605E-01  7.786E-01  7.857E-01  7.815E-01  7.662E-01
  385.5000  7.523E-01  7.702E-01  7.771E-01  7.730E-01  7.580E-01
  386.5000  7.667E-01  7.849E-01  7.920E-01  7.878E-01  7.725E-01
  387.5000  7.124E-01  7.293E-01  7.359E-01  7.320E-01  7.178E-01
  388.5000  7.140E-01  7.309E-01  7.375E-01  7.336E-01  7.194E-01
  389.5000  9.002E-01  9.215E-01  9.299E-01  9.250E-01  9.070E-01
  390.5000  8.841E-01  9.050E-01  9.132E-01  9.084E-01  8.908E-01
  391.5000  1.049E+00  1.073E+00  1.083E+00  1.077E+00  1.057E+00
  392.5000  7.863E-01  8.048E-01  8.121E-01  8.078E-01  7.922E-01
  393.5000  3.418E-01  3.498E-01  3.530E-01  3.511E-01  3.444E-01
  394.5000  8.042E-01  8.231E-01  8.305E-01  8.261E-01  8.102E-01
  395.5000  1.035E+00  1.059E+00  1.068E+00  1.063E+00  1.042E+00
  396.5000  6.074E-01  6.217E-01  6.272E-01  6.240E-01  6.119E-01
  397.5000  7.008E-01  7.173E-01  7.237E-01  7.199E-01  7.061E-01
  398.5000  1.204E+00  1.232E+00  1.243E+00  1.237E+00  1.213E+00
  399.5000  1.252E+00  1.282E+00  1.293E+00  1.286E+00  1.262E+00
  400.5000  1.316E+00  1.347E+00  1.359E+00  1.352E+00  1.326E+00
  401.5000  1.354E+00  1.386E+00  1.398E+00  1.391E+00  1.364E+00
  402.5000  1.406E+00  1.439E+00  1.451E+00  1.444E+00  1.416E+00
  403.5000  1.287E+00  1.317E+00  1.328E+00  1.321E+00  1.296E+00
  404.5000  1.262E+00  1.291E+00  1.303E+00  1.296E+00  1.271E+00
  405.5000  1.311E+00  1.341E+00  1.353E+00  1.346E+00  1.320E+00
  406.5000  1.234E+00  1.263E+00  1.274E+00  1.268E+00  1.243E+00
  407.5000  1.244E+00  1.273E+00  1.284E+00  1.278E+00  1.253E+00
  408.5000  1.386E+00  1.418E+00  1.430E+00  1.423E+00  1.396E+00
  409.5000  1.358E+00  1.390E+00  1.402E+00  1.395E+00  1.368E+00
  410.5000  1.178E+00  1.205E+00  1.216E+00  1.209E+00  1.186E+00
  411.5000  1.415E+00  1.448E+00  1.461E+00  1.453E+00  1.426E+00
  412.5000  1.403E+00  1.435E+00  1.448E+00  1.440E+00  1.413E+00
  413.5000  1.360E+00  1.392E+00  1.404E+00  1.397E+00  1.370E+00
  414.5000  1.398E+00  1.430E+00  1.443E+00  1.435E+00  1.408E+00
  415.5000  1.337E+00  1.368E+00  1.380E+00  1.373E+00  1.347E+00
  416.5000  1.455E+00  1.489E+00  1.502E+00  1.494E+00  1.466E+00
  417.5000  1.330E+00  1.361E+00  1.373E+00  1.366E+00  1.340E+00
  418.5000  1.341E+00  1.371E+00  1.383E+00  1.376E+00  1.350E+00
  419.5000  1.385E+00  1.416E+00  1.429E+00  1.421E+00  1.395E+00
------------------------------------------------------------
Dose rates, W m-2
   1 = UV-B, 280-315 nm                                  
   2 = UV-A, 315-400 nm                                  
   3 = Gaussian, 320 nm, 10 nm FWHM                      
   4 = RB Meter, model 501                               
   5 = DNA damage, in vitro (Setlow, 1974)               
   6 = UV index (WMO, 1994; Webb et al., 2011)           
   7 = Previtamin-D3 (CIE 2006)                          
values at z =      0.000 km
Columns: time, sza, weighting spectra
time, hrs.  sza, deg.          1          2          3          4          5          6          7
   11.0000     28.355  1.503E+00  5.761E+01  3.499E-01  4.262E-01  3.886E-03  7.935E+00  3.788E-01
   11.5000     26.236  1.572E+00  5.906E+01  3.606E-01  4.472E-01  4.156E-03  8.334E+00  3.999E-01
   12.0000     25.367  1.600E+00  5.962E+01  3.649E-01  4.555E-01  4.264E-03  8.493E+00  4.083E-01
   12.5000     25.880  1.584E+00  5.929E+01  3.624E-01  4.506E-01  4.200E-03  8.399E+00  4.033E-01
   13.0000     27.696  1.523E+00  5.807E+01  3.533E-01  4.326E-01  3.969E-03  8.058E+00  3.853E-01
------------------------------------------------------------
