Spectral Irradiance, W m-2 nm-1
values at z =      0.000 km
Columns: wavelength (nm), times (hrs.) or sza (deg.)
    wc, nm     11.000     11.500     12.000     12.500     13.000
    sza =      54.896     53.595     53.233     53.830     55.355
  280.5000  2.402E-22  9.134E-22  1.310E-21  7.207E-22  1.485E-22
  281.5000  3.947E-20  1.331E-19  1.848E-19  1.073E-19  2.544E-20
  282.5000  2.157E-18  6.560E-18  8.857E-18  5.387E-18  1.442E-18
  283.5000  2.623E-17  7.467E-17  9.900E-17  6.204E-17  1.796E-17
  284.5000  1.506E-15  3.795E-15  4.867E-15  3.222E-15  1.077E-15
  285.5000  1.881E-14  4.332E-14  5.422E-14  3.738E-14  1.389E-14
  286.5000  5.902E-13  1.269E-12  1.559E-12  1.108E-12  4.466E-13
  287.5000  9.999E-12  1.991E-11  2.396E-11  1.763E-11  7.777E-12
  288.5000  1.625E-10  2.977E-10  3.502E-10  2.663E-10  1.302E-10
  289.5000  2.065E-09  3.567E-09  4.130E-09  3.239E-09  1.691E-09
  290.5000  1.674E-08  2.751E-08  3.143E-08  2.520E-08  1.396E-08
  291.5000  1.171E-07  1.818E-07  2.046E-07  1.682E-07  9.962E-08
  292.5000  5.371E-07  7.965E-07  8.852E-07  7.431E-07  4.648E-07
  293.5000  2.840E-06  4.033E-06  4.429E-06  3.791E-06  2.497E-06
  294.5000  8.653E-06  1.188E-05  1.293E-05  1.123E-05  7.702E-06
  295.5000  3.588E-05  4.750E-05  5.121E-05  4.521E-05  3.236E-05
  296.5000  9.481E-05  1.218E-04  1.303E-04  1.166E-04  8.645E-05
  297.5000  2.614E-04  3.271E-04  3.474E-04  3.144E-04  2.406E-04
  298.5000  4.230E-04  5.179E-04  5.467E-04  4.998E-04  3.927E-04
  299.5000  1.259E-03  1.510E-03  1.585E-03  1.462E-03  1.178E-03
  300.5000  1.472E-03  1.737E-03  1.815E-03  1.687E-03  1.385E-03
  301.5000  3.712E-03  4.305E-03  4.463E-03  4.194E-03  3.515E-03
  302.5000  5.413E-03  6.207E-03  6.439E-03  6.059E-03  5.147E-03
  303.5000  1.112E-02  1.258E-02  1.300E-02  1.230E-02  1.063E-02
  304.5000  1.355E-02  1.520E-02  1.569E-02  1.490E-02  1.298E-02
  305.5000  2.101E-02  2.331E-02  2.398E-02  2.289E-02  2.022E-02
  306.5000  2.353E-02  2.597E-02  2.668E-02  2.553E-02  2.268E-02
  307.5000  3.875E-02  4.238E-02  4.337E-02  4.172E-02  3.750E-02
  308.5000  4.568E-02  4.977E-02  5.093E-02  4.903E-02  4.426E-02
  309.5000  4.396E-02  4.760E-02  4.862E-02  4.693E-02  4.269E-02
  310.5000  6.375E-02  6.872E-02  7.012E-02  6.782E-02  6.202E-02
  311.5000  8.554E-02  9.193E-02  9.372E-02  9.077E-02  8.331E-02
  312.5000  8.981E-02  9.601E-02  9.775E-02  9.489E-02  8.764E-02
  313.5000  1.037E-01  1.108E-01  1.127E-01  1.095E-01  1.013E-01
  314.5000  1.103E-01  1.173E-01  1.192E-01  1.160E-01  1.079E-01
  315.5000  1.152E-01  1.224E-01  1.244E-01  1.211E-01  1.127E-01
  316.5000  1.204E-01  1.274E-01  1.294E-01  1.262E-01  1.179E-01
  317.5000  1.705E-01  1.804E-01  1.832E-01  1.786E-01  1.670E-01
  318.5000  1.401E-01  1.478E-01  1.499E-01  1.464E-01  1.374E-01
  319.5000  1.725E-01  1.818E-01  1.844E-01  1.801E-01  1.692E-01
  320.5000  2.122E-01  2.234E-01  2.266E-01  2.214E-01  2.082E-01
  321.5000  1.873E-01  1.967E-01  1.993E-01  1.950E-01  1.840E-01
  322.5000  1.833E-01  1.929E-01  1.956E-01  1.912E-01  1.799E-01
  323.5000  1.978E-01  2.075E-01  2.101E-01  2.057E-01  1.944E-01
  324.5000  2.320E-01  2.433E-01  2.465E-01  2.413E-01  2.280E-01
  325.5000  2.588E-01  2.715E-01  2.750E-01  2.692E-01  2.543E-01
  326.5000  3.229E-01  3.379E-01  3.421E-01  3.352E-01  3.175E-01
  327.5000  2.981E-01  3.123E-01  3.162E-01  3.097E-01  2.931E-01
  328.5000  2.756E-01  2.886E-01  2.923E-01  2.863E-01  2.710E-01
  329.5000  3.652E-01  3.818E-01  3.864E-01  3.788E-01  3.593E-01
  330.5000  3.294E-01  3.446E-01  3.489E-01  3.419E-01  3.241E-01
  331.5000  3.253E-01  3.403E-01  3.445E-01  3.376E-01  3.199E-01
  332.5000  3.254E-01  3.400E-01  3.440E-01  3.373E-01  3.202E-01
  333.5000  3.041E-01  3.179E-01  3.217E-01  3.154E-01  2.992E-01
  334.5000  3.411E-01  3.565E-01  3.607E-01  3.537E-01  3.357E-01
  335.5000  3.484E-01  3.639E-01  3.681E-01  3.611E-01  3.429E-01
  336.5000  2.721E-01  2.842E-01  2.875E-01  2.820E-01  2.678E-01
  337.5000  2.975E-01  3.108E-01  3.145E-01  3.084E-01  2.927E-01
  338.5000  3.165E-01  3.304E-01  3.343E-01  3.279E-01  3.115E-01
  339.5000  3.446E-01  3.598E-01  3.640E-01  3.570E-01  3.392E-01
  340.5000  3.678E-01  3.840E-01  3.885E-01  3.811E-01  3.620E-01
  341.5000  3.281E-01  3.424E-01  3.464E-01  3.398E-01  3.230E-01
  342.5000  3.639E-01  3.798E-01  3.842E-01  3.769E-01  3.583E-01
  343.5000  3.778E-01  3.943E-01  3.989E-01  3.914E-01  3.720E-01
  344.5000  2.647E-01  2.762E-01  2.794E-01  2.741E-01  2.605E-01
  345.5000  3.641E-01  3.799E-01  3.842E-01  3.770E-01  3.585E-01
  346.5000  3.401E-01  3.549E-01  3.590E-01  3.523E-01  3.349E-01
  347.5000  3.327E-01  3.471E-01  3.511E-01  3.445E-01  3.275E-01
  348.5000  3.661E-01  3.820E-01  3.863E-01  3.791E-01  3.605E-01
  349.5000  3.070E-01  3.203E-01  3.239E-01  3.179E-01  3.023E-01
  350.5000  4.302E-01  4.487E-01  4.539E-01  4.454E-01  4.236E-01
  351.5000  3.709E-01  3.869E-01  3.913E-01  3.840E-01  3.652E-01
  352.5000  3.348E-01  3.492E-01  3.532E-01  3.466E-01  3.297E-01
  353.5000  4.034E-01  4.207E-01  4.255E-01  4.176E-01  3.973E-01
  354.5000  4.370E-01  4.557E-01  4.609E-01  4.524E-01  4.304E-01
  355.5000  4.087E-01  4.262E-01  4.310E-01  4.230E-01  4.025E-01
  356.5000  3.795E-01  3.957E-01  4.002E-01  3.928E-01  3.737E-01
  357.5000  3.229E-01  3.367E-01  3.405E-01  3.342E-01  3.180E-01
  358.5000  2.493E-01  2.600E-01  2.629E-01  2.580E-01  2.456E-01
  359.5000  4.199E-01  4.377E-01  4.427E-01  4.345E-01  4.135E-01
  360.5000  3.894E-01  4.060E-01  4.105E-01  4.030E-01  3.836E-01
  361.5000  3.514E-01  3.662E-01  3.704E-01  3.636E-01  3.461E-01
  362.5000  4.129E-01  4.303E-01  4.352E-01  4.272E-01  4.066E-01
  363.5000  3.675E-01  3.830E-01  3.873E-01  3.802E-01  3.620E-01
  364.5000  4.011E-01  4.180E-01  4.227E-01  4.150E-01  3.951E-01
  365.5000  4.890E-01  5.096E-01  5.153E-01  5.059E-01  4.817E-01
  366.5000  5.179E-01  5.396E-01  5.457E-01  5.357E-01  5.101E-01
  367.5000  4.920E-01  5.127E-01  5.184E-01  5.089E-01  4.846E-01
  368.5000  4.324E-01  4.506E-01  4.556E-01  4.473E-01  4.260E-01
  369.5000  5.190E-01  5.407E-01  5.468E-01  5.368E-01  5.113E-01
  370.5000  4.711E-01  4.909E-01  4.963E-01  4.873E-01  4.641E-01
  371.5000  5.394E-01  5.619E-01  5.681E-01  5.579E-01  5.314E-01
  372.5000  3.987E-01  4.153E-01  4.199E-01  4.123E-01  3.927E-01
  373.5000  3.605E-01  3.755E-01  3.797E-01  3.728E-01  3.552E-01
  374.5000  3.959E-01  4.124E-01  4.169E-01  4.094E-01  3.901E-01
  375.5000  4.469E-01  4.655E-01  4.706E-01  4.622E-01  4.403E-01
  376.5000  4.466E-01  4.651E-01  4.702E-01  4.617E-01  4.400E-01
  377.5000  5.320E-01  5.541E-01  5.602E-01  5.501E-01  5.242E-01
  378.5000  5.802E-01  6.042E-01  6.108E-01  5.999E-01  5.716E-01
  379.5000  4.295E-01  4.472E-01  4.521E-01  4.440E-01  4.232E-01
  380.5000  5.168E-01  5.381E-01  5.440E-01  5.343E-01  5.092E-01
  381.5000  4.859E-01  5.059E-01  5.114E-01  5.023E-01  4.787E-01
  382.5000  3.239E-01  3.372E-01  3.409E-01  3.348E-01  3.192E-01
  383.5000  2.846E-01  2.963E-01  2.995E-01  2.942E-01  2.804E-01
  384.5000  4.273E-01  4.448E-01  4.497E-01  4.417E-01  4.211E-01
  385.5000  4.230E-01  4.403E-01  4.451E-01  4.372E-01  4.168E-01
  386.5000  4.314E-01  4.490E-01  4.539E-01  4.459E-01  4.251E-01
  387.5000  4.011E-01  4.175E-01  4.220E-01  4.146E-01  3.953E-01
  388.5000  4.023E-01  4.187E-01  4.232E-01  4.157E-01  3.964E-01
  389.5000  5.076E-01  5.282E-01  5.340E-01  5.245E-01  5.002E-01
  390.5000  4.988E-01  5.191E-01  5.247E-01  5.154E-01  4.916E-01
  391.5000  5.921E-01  6.161E-01  6.228E-01  6.118E-01  5.835E-01
  392.5000  4.442E-01  4.622E-01  4.672E-01  4.590E-01  4.378E-01
  393.5000  1.932E-01  2.011E-01  2.032E-01  1.996E-01  1.904E-01
  394.5000  4.549E-01  4.733E-01  4.784E-01  4.700E-01  4.483E-01
  395.5000  5.856E-01  6.093E-01  6.158E-01  6.050E-01  5.771E-01
  396.5000  3.440E-01  3.579E-01  3.618E-01  3.554E-01  3.391E-01
  397.5000  3.972E-01  4.132E-01  4.176E-01  4.103E-01  3.915E-01
  398.5000  6.829E-01  7.104E-01  7.180E-01  7.054E-01  6.731E-01
  399.5000  7.106E-01  7.392E-01  7.471E-01  7.341E-01  7.004E-01
  400.5000  7.475E-01  7.775E-01  7.858E-01  7.721E-01  7.368E-01
  401.5000  7.694E-01  8.003E-01  8.088E-01  7.947E-01  7.584E-01
  402.5000  7.992E-01  8.312E-01  8.400E-01  8.254E-01  7.878E-01
  403.5000  7.319E-01  7.612E-01  7.692E-01  7.559E-01  7.214E-01
  404.5000  7.182E-01  7.469E-01  7.548E-01  7.417E-01  7.079E-01
  405.5000  7.464E-01  7.762E-01  7.844E-01  7.709E-01  7.358E-01
  406.5000  7.034E-01  7.314E-01  7.392E-01  7.264E-01  6.934E-01
  407.5000  7.095E-01  7.377E-01  7.455E-01  7.327E-01  6.994E-01
  408.5000  7.906E-01  8.220E-01  8.307E-01  8.163E-01  7.793E-01
  409.5000  7.754E-01  8.062E-01  8.147E-01  8.006E-01  7.644E-01
  410.5000  6.727E-01  6.994E-01  7.068E-01  6.946E-01  6.632E-01
  411.5000  8.090E-01  8.410E-01  8.499E-01  8.353E-01  7.975E-01
  412.5000  8.022E-01  8.339E-01  8.427E-01  8.282E-01  7.909E-01
  413.5000  7.784E-01  8.092E-01  8.177E-01  8.036E-01  7.674E-01
  414.5000  8.004E-01  8.320E-01  8.407E-01  8.263E-01  7.891E-01
  415.5000  7.659E-01  7.961E-01  8.045E-01  7.907E-01  7.551E-01
  416.5000  8.340E-01  8.668E-01  8.759E-01  8.609E-01  8.222E-01
  417.5000  7.627E-01  7.928E-01  8.010E-01  7.874E-01  7.520E-01
  418.5000  7.691E-01  7.993E-01  8.077E-01  7.939E-01  7.583E-01
  419.5000  7.948E-01  8.260E-01  8.346E-01  8.204E-01  7.837E-01
------------------------------------------------------------
Dose rates, W m-2
   1 = UV-B, 280-315 nm                                  
   2 = UV-A, 315-400 nm                                  
   3 = Gaussian, 320 nm, 10 nm FWHM                      
   4 = RB Meter, model 501                               
   5 = DNA damage, in vitro (Setlow, 1974)               
   6 = UV index (WMO, 1994; Webb et al., 2011)           
   7 = Previtamin-D3 (CIE 2006)                          
values at z =      0.000 km
Columns: time, sza, weighting spectra
time, hrs.  sza, deg.          1          2          3          4          5          6          7
   11.0000     54.896  6.635E-01  3.171E+01  1.789E-01  1.851E-01  1.421E-03  3.447E+00  1.539E-01
   11.5000     53.595  7.163E-01  3.307E+01  1.884E-01  2.002E-01  1.581E-03  3.726E+00  1.685E-01
   12.0000     53.233  7.312E-01  3.345E+01  1.911E-01  2.045E-01  1.627E-03  3.805E+00  1.726E-01
   12.5000     53.830  7.067E-01  3.282E+01  1.867E-01  1.975E-01  1.551E-03  3.675E+00  1.658E-01
   13.0000     55.355  6.451E-01  3.122E+01  1.756E-01  1.799E-01  1.367E-03  3.350E+00  1.489E-01
------------------------------------------------------------
