Spectral Irradiance, W m-2 nm-1
values at z =      0.000 km
Columns: wavelength (nm), times (hrs.) or sza (deg.)
    wc, nm     11.000     11.500     12.000     12.500     13.000
    sza =      14.830      7.946      1.544      6.149     13.012
  280.5000  1.113E-13  2.176E-13  2.803E-13  2.420E-13  1.386E-13
  281.5000  3.075E-12  5.670E-12  7.144E-12  6.246E-12  3.756E-12
  282.5000  3.639E-11  6.381E-11  7.888E-11  6.973E-11  4.372E-11
  283.5000  1.642E-10  2.785E-10  3.401E-10  3.028E-10  1.951E-10
  284.5000  1.542E-09  2.464E-09  2.942E-09  2.654E-09  1.797E-09
  285.5000  5.058E-09  7.735E-09  9.081E-09  8.272E-09  5.811E-09
  286.5000  5.686E-08  8.404E-08  9.740E-08  8.939E-08  6.460E-08
  287.5000  3.084E-07  4.390E-07  5.017E-07  4.642E-07  3.462E-07
  288.5000  1.456E-06  1.989E-06  2.238E-06  2.090E-06  1.612E-06
  289.5000  7.653E-06  1.015E-05  1.130E-05  1.062E-05  8.393E-06
  290.5000  2.954E-05  3.823E-05  4.215E-05  3.857E-05  3.213E-05
  291.5000  8.914E-05  1.122E-04  1.224E-04  1.164E-04  9.609E-05
  292.5000  2.057E-04  2.531E-04  2.737E-04  2.615E-04  2.201E-04
  293.5000  5.702E-04  6.864E-04  7.363E-04  7.069E-04  6.058E-04
  294.5000  1.049E-03  1.241E-03  1.323E-03  1.275E-03  1.108E-03
  295.5000  2.544E-03  2.957E-03  3.131E-03  3.029E-03  2.672E-03
  296.5000  4.310E-03  4.938E-03  5.198E-03  5.045E-03  4.506E-03
  297.5000  8.050E-03  9.102E-03  9.535E-03  9.280E-03  8.379E-03
  298.5000  9.392E-03  1.050E-02  1.096E-02  1.069E-02  9.741E-03
  299.5000  2.052E-02  2.271E-02  2.360E-02  2.308E-02  2.121E-02
  300.5000  1.894E-02  2.079E-02  2.154E-02  2.110E-02  1.953E-02
  301.5000  3.698E-02  4.025E-02  4.156E-02  4.079E-02  3.802E-02
  302.5000  4.560E-02  4.935E-02  5.085E-02  4.997E-02  4.679E-02
  303.5000  7.685E-02  8.261E-02  8.491E-02  8.357E-02  7.868E-02
  304.5000  8.352E-02  8.943E-02  9.178E-02  9.041E-02  8.540E-02
  305.5000  1.093E-01  1.164E-01  1.192E-01  1.175E-01  1.115E-01
  306.5000  1.137E-01  1.207E-01  1.235E-01  1.219E-01  1.160E-01
  307.5000  1.628E-01  1.721E-01  1.757E-01  1.736E-01  1.658E-01
  308.5000  1.818E-01  1.918E-01  1.957E-01  1.934E-01  1.850E-01
  309.5000  1.594E-01  1.677E-01  1.709E-01  1.690E-01  1.621E-01
  310.5000  2.164E-01  2.270E-01  2.312E-01  2.287E-01  2.198E-01
  311.5000  2.778E-01  2.910E-01  2.962E-01  2.932E-01  2.820E-01
  312.5000  2.698E-01  2.819E-01  2.867E-01  2.839E-01  2.737E-01
  313.5000  3.057E-01  3.192E-01  3.245E-01  3.214E-01  3.100E-01
  314.5000  3.043E-01  3.170E-01  3.220E-01  3.191E-01  3.083E-01
  315.5000  3.140E-01  3.270E-01  3.321E-01  3.291E-01  3.182E-01
  316.5000  3.116E-01  3.239E-01  3.288E-01  3.259E-01  3.156E-01
  317.5000  4.406E-01  4.579E-01  4.647E-01  4.608E-01  4.461E-01
  318.5000  3.453E-01  3.584E-01  3.635E-01  3.605E-01  3.495E-01
  319.5000  4.210E-01  4.367E-01  4.429E-01  4.393E-01  4.260E-01
  320.5000  5.117E-01  5.306E-01  5.380E-01  5.337E-01  5.177E-01
  321.5000  4.328E-01  4.481E-01  4.541E-01  4.506E-01  4.377E-01
  322.5000  4.369E-01  4.528E-01  4.590E-01  4.554E-01  4.420E-01
  323.5000  4.477E-01  4.632E-01  4.693E-01  4.658E-01  4.527E-01
  324.5000  5.254E-01  5.436E-01  5.507E-01  5.466E-01  5.312E-01
  325.5000  5.891E-01  6.096E-01  6.177E-01  6.130E-01  5.957E-01
  326.5000  7.098E-01  7.336E-01  7.430E-01  7.375E-01  7.175E-01
  327.5000  6.618E-01  6.842E-01  6.930E-01  6.879E-01  6.690E-01
  328.5000  6.108E-01  6.315E-01  6.396E-01  6.348E-01  6.175E-01
  329.5000  7.885E-01  8.145E-01  8.246E-01  8.186E-01  7.969E-01
  330.5000  7.178E-01  7.417E-01  7.511E-01  7.456E-01  7.255E-01
  331.5000  7.094E-01  7.330E-01  7.422E-01  7.368E-01  7.170E-01
  332.5000  6.962E-01  7.189E-01  7.277E-01  7.225E-01  7.035E-01
  333.5000  6.549E-01  6.762E-01  6.847E-01  6.798E-01  6.616E-01
  334.5000  7.309E-01  7.547E-01  7.640E-01  7.586E-01  7.386E-01
  335.5000  7.394E-01  7.632E-01  7.725E-01  7.671E-01  7.471E-01
  336.5000  5.781E-01  5.968E-01  6.040E-01  5.998E-01  5.841E-01
  337.5000  6.351E-01  6.557E-01  6.637E-01  6.590E-01  6.417E-01
  338.5000  6.690E-01  6.904E-01  6.987E-01  6.938E-01  6.758E-01
  339.5000  7.268E-01  7.499E-01  7.590E-01  7.537E-01  7.342E-01
  340.5000  7.772E-01  8.021E-01  8.118E-01  8.061E-01  7.852E-01
  341.5000  6.894E-01  7.113E-01  7.198E-01  7.148E-01  6.964E-01
  342.5000  7.633E-01  7.874E-01  7.969E-01  7.914E-01  7.711E-01
  343.5000  7.928E-01  8.179E-01  8.277E-01  8.220E-01  8.009E-01
  344.5000  5.557E-01  5.732E-01  5.801E-01  5.761E-01  5.613E-01
  345.5000  7.603E-01  7.842E-01  7.935E-01  7.881E-01  7.680E-01
  346.5000  7.113E-01  7.337E-01  7.425E-01  7.374E-01  7.185E-01
  347.5000  6.947E-01  7.165E-01  7.250E-01  7.201E-01  7.017E-01
  348.5000  7.630E-01  7.869E-01  7.962E-01  7.908E-01  7.707E-01
  349.5000  6.392E-01  6.592E-01  6.670E-01  6.624E-01  6.456E-01
  350.5000  8.945E-01  9.225E-01  9.334E-01  9.270E-01  9.035E-01
  351.5000  7.707E-01  7.948E-01  8.041E-01  7.987E-01  7.785E-01
  352.5000  6.948E-01  7.164E-01  7.248E-01  7.199E-01  7.017E-01
  353.5000  8.359E-01  8.618E-01  8.719E-01  8.660E-01  8.442E-01
  354.5000  9.042E-01  9.322E-01  9.431E-01  9.367E-01  9.132E-01
  355.5000  8.446E-01  8.707E-01  8.809E-01  8.750E-01  8.530E-01
  356.5000  7.835E-01  8.077E-01  8.171E-01  8.116E-01  7.913E-01
  357.5000  6.660E-01  6.865E-01  6.945E-01  6.899E-01  6.726E-01
  358.5000  5.137E-01  5.295E-01  5.357E-01  5.321E-01  5.188E-01
  359.5000  8.642E-01  8.907E-01  9.011E-01  8.950E-01  8.727E-01
  360.5000  8.006E-01  8.252E-01  8.348E-01  8.292E-01  8.085E-01
  361.5000  7.215E-01  7.436E-01  7.522E-01  7.472E-01  7.286E-01
  362.5000  8.469E-01  8.728E-01  8.829E-01  8.770E-01  8.552E-01
  363.5000  7.531E-01  7.761E-01  7.850E-01  7.798E-01  7.605E-01
  364.5000  8.212E-01  8.462E-01  8.560E-01  8.503E-01  8.292E-01
  365.5000  1.000E+00  1.031E+00  1.043E+00  1.036E+00  1.010E+00
  366.5000  1.058E+00  1.090E+00  1.103E+00  1.095E+00  1.068E+00
  367.5000  1.004E+00  1.035E+00  1.047E+00  1.040E+00  1.014E+00
  368.5000  8.818E-01  9.086E-01  9.190E-01  9.129E-01  8.904E-01
  369.5000  1.057E+00  1.089E+00  1.102E+00  1.095E+00  1.068E+00
  370.5000  9.589E-01  9.879E-01  9.992E-01  9.926E-01  9.682E-01
  371.5000  1.097E+00  1.130E+00  1.143E+00  1.135E+00  1.107E+00
  372.5000  8.098E-01  8.342E-01  8.437E-01  8.382E-01  8.177E-01
  373.5000  7.317E-01  7.537E-01  7.623E-01  7.573E-01  7.388E-01
  374.5000  8.028E-01  8.269E-01  8.363E-01  8.308E-01  8.106E-01
  375.5000  9.054E-01  9.326E-01  9.432E-01  9.370E-01  9.142E-01
  376.5000  9.038E-01  9.309E-01  9.414E-01  9.353E-01  9.125E-01
  377.5000  1.076E+00  1.108E+00  1.121E+00  1.113E+00  1.086E+00
  378.5000  1.172E+00  1.207E+00  1.221E+00  1.213E+00  1.183E+00
  379.5000  8.669E-01  8.928E-01  9.029E-01  8.970E-01  8.752E-01
  380.5000  1.042E+00  1.073E+00  1.085E+00  1.078E+00  1.052E+00
  381.5000  9.790E-01  1.008E+00  1.019E+00  1.013E+00  9.884E-01
  382.5000  6.521E-01  6.715E-01  6.791E-01  6.746E-01  6.584E-01
  383.5000  5.724E-01  5.894E-01  5.961E-01  5.922E-01  5.779E-01
  384.5000  8.588E-01  8.842E-01  8.942E-01  8.884E-01  8.670E-01
  385.5000  8.494E-01  8.745E-01  8.843E-01  8.786E-01  8.575E-01
  386.5000  8.655E-01  8.911E-01  9.011E-01  8.953E-01  8.738E-01
  387.5000  8.041E-01  8.279E-01  8.371E-01  8.317E-01  8.118E-01
  388.5000  8.058E-01  8.295E-01  8.388E-01  8.334E-01  8.134E-01
  389.5000  1.016E+00  1.046E+00  1.057E+00  1.051E+00  1.025E+00
  390.5000  9.974E-01  1.027E+00  1.038E+00  1.032E+00  1.007E+00
  391.5000  1.183E+00  1.218E+00  1.231E+00  1.223E+00  1.194E+00
  392.5000  8.868E-01  9.128E-01  9.230E-01  9.171E-01  8.952E-01
  393.5000  3.854E-01  3.967E-01  4.011E-01  3.986E-01  3.891E-01
  394.5000  9.067E-01  9.333E-01  9.436E-01  9.376E-01  9.153E-01
  395.5000  1.166E+00  1.200E+00  1.214E+00  1.206E+00  1.177E+00
  396.5000  6.847E-01  7.046E-01  7.124E-01  7.079E-01  6.911E-01
  397.5000  7.898E-01  8.129E-01  8.219E-01  8.166E-01  7.973E-01
  398.5000  1.357E+00  1.396E+00  1.412E+00  1.403E+00  1.370E+00
  399.5000  1.411E+00  1.452E+00  1.468E+00  1.459E+00  1.424E+00
  400.5000  1.483E+00  1.526E+00  1.543E+00  1.533E+00  1.497E+00
  401.5000  1.525E+00  1.570E+00  1.587E+00  1.577E+00  1.540E+00
  402.5000  1.583E+00  1.629E+00  1.647E+00  1.637E+00  1.598E+00
  403.5000  1.449E+00  1.491E+00  1.507E+00  1.498E+00  1.462E+00
  404.5000  1.421E+00  1.462E+00  1.478E+00  1.468E+00  1.434E+00
  405.5000  1.475E+00  1.518E+00  1.535E+00  1.525E+00  1.489E+00
  406.5000  1.389E+00  1.429E+00  1.445E+00  1.436E+00  1.402E+00
  407.5000  1.400E+00  1.441E+00  1.457E+00  1.447E+00  1.413E+00
  408.5000  1.559E+00  1.604E+00  1.622E+00  1.612E+00  1.574E+00
  409.5000  1.528E+00  1.572E+00  1.589E+00  1.579E+00  1.542E+00
  410.5000  1.325E+00  1.363E+00  1.378E+00  1.369E+00  1.337E+00
  411.5000  1.592E+00  1.638E+00  1.656E+00  1.645E+00  1.607E+00
  412.5000  1.578E+00  1.623E+00  1.641E+00  1.630E+00  1.592E+00
  413.5000  1.530E+00  1.574E+00  1.591E+00  1.581E+00  1.544E+00
  414.5000  1.572E+00  1.617E+00  1.635E+00  1.624E+00  1.587E+00
  415.5000  1.503E+00  1.546E+00  1.563E+00  1.553E+00  1.517E+00
  416.5000  1.636E+00  1.683E+00  1.701E+00  1.690E+00  1.651E+00
  417.5000  1.495E+00  1.538E+00  1.555E+00  1.545E+00  1.509E+00
  418.5000  1.507E+00  1.550E+00  1.566E+00  1.557E+00  1.520E+00
  419.5000  1.556E+00  1.600E+00  1.618E+00  1.608E+00  1.570E+00
------------------------------------------------------------
Dose rates, W m-2
   1 = UV-B, 280-315 nm                                  
   2 = UV-A, 315-400 nm                                  
   3 = Gaussian, 320 nm, 10 nm FWHM                      
   4 = RB Meter, model 501                               
   5 = DNA damage, in vitro (Setlow, 1974)               
   6 = UV index (WMO, 1994; Webb et al., 2011)           
   7 = Previtamin-D3 (CIE 2006)                          
values at z =      0.000 km
Columns: time, sza, weighting spectra
time, hrs.  sza, deg.          1          2          3          4          5          6          7
   11.0000     14.830  2.410E+00  6.581E+01  4.319E-01  7.321E-01  9.765E-03  1.427E+01  7.180E-01
   11.5000      7.946  2.540E+00  6.785E+01  4.480E-01  7.759E-01  1.063E-02  1.520E+01  7.649E-01
   12.0000      1.544  2.591E+00  6.865E+01  4.542E-01  7.934E-01  1.097E-02  1.557E+01  7.836E-01
   12.5000      6.149  2.561E+00  6.818E+01  4.506E-01  7.832E-01  1.077E-02  1.535E+01  7.727E-01
   13.0000     13.012  2.451E+00  6.646E+01  4.371E-01  7.460E-01  1.004E-02  1.457E+01  7.329E-01
------------------------------------------------------------
