Spectral Irradiance, W m-2 nm-1
values at z =      0.000 km
Columns: wavelength (nm), times (hrs.) or sza (deg.)
    wc, nm     11.000     11.500     12.000     12.500     13.000
    sza =      36.658     34.196     33.085     33.458     35.266
  280.5000  9.149E-18  2.762E-17  4.366E-17  3.754E-17  1.736E-17
  281.5000  5.862E-16  1.604E-15  2.434E-15  2.121E-15  1.051E-15
  282.5000  1.429E-14  3.594E-14  5.266E-14  4.643E-14  2.439E-14
  283.5000  1.031E-13  2.454E-13  3.516E-13  3.123E-13  1.705E-13
  284.5000  2.277E-12  4.904E-12  6.741E-12  6.069E-12  3.552E-12
  285.5000  1.406E-11  2.813E-11  3.750E-11  3.410E-11  2.102E-11
  286.5000  2.571E-10  4.858E-10  6.326E-10  5.799E-10  3.718E-10
  287.5000  2.392E-09  4.245E-09  5.385E-09  4.979E-09  3.335E-09
  288.5000  2.029E-08  3.362E-08  4.146E-08  3.869E-08  2.718E-08
  289.5000  1.623E-07  2.560E-07  3.094E-07  2.907E-07  2.113E-07
  290.5000  8.913E-07  1.350E-06  1.604E-06  1.515E-06  1.134E-06
  291.5000  4.012E-06  5.799E-06  6.758E-06  6.425E-06  4.967E-06
  292.5000  1.285E-05  1.788E-05  2.051E-05  1.960E-05  1.556E-05
  293.5000  4.846E-05  6.505E-05  7.352E-05  7.061E-05  5.747E-05
  294.5000  1.135E-04  1.481E-04  1.654E-04  1.595E-04  1.324E-04
  295.5000  3.557E-04  4.506E-04  4.972E-04  4.813E-04  4.079E-04
  296.5000  7.459E-04  9.218E-04  1.007E-03  9.779E-04  8.432E-04
  297.5000  1.679E-03  2.031E-03  2.198E-03  2.141E-03  1.875E-03
  298.5000  2.293E-03  2.723E-03  2.925E-03  2.857E-03  2.533E-03
  299.5000  5.813E-03  6.785E-03  7.237E-03  7.085E-03  6.357E-03
  300.5000  6.012E-03  6.926E-03  7.347E-03  7.205E-03  6.525E-03
  301.5000  1.328E-02  1.508E-02  1.590E-02  1.563E-02  1.429E-02
  302.5000  1.776E-02  1.998E-02  2.099E-02  2.065E-02  1.901E-02
  303.5000  3.292E-02  3.664E-02  3.831E-02  3.775E-02  3.502E-02
  304.5000  3.781E-02  4.181E-02  4.360E-02  4.300E-02  4.007E-02
  305.5000  5.370E-02  5.882E-02  6.111E-02  6.034E-02  5.661E-02
  306.5000  5.789E-02  6.315E-02  6.549E-02  6.471E-02  6.088E-02
  307.5000  8.868E-02  9.598E-02  9.922E-02  9.814E-02  9.283E-02
  308.5000  1.016E-01  1.097E-01  1.132E-01  1.120E-01  1.062E-01
  309.5000  9.321E-02  1.001E-01  1.031E-01  1.021E-01  9.712E-02
  310.5000  1.306E-01  1.397E-01  1.437E-01  1.424E-01  1.358E-01
  311.5000  1.713E-01  1.828E-01  1.878E-01  1.861E-01  1.778E-01
  312.5000  1.727E-01  1.835E-01  1.882E-01  1.867E-01  1.789E-01
  313.5000  1.975E-01  2.096E-01  2.149E-01  2.131E-01  2.044E-01
  314.5000  2.030E-01  2.146E-01  2.197E-01  2.180E-01  2.096E-01
  315.5000  2.107E-01  2.226E-01  2.278E-01  2.261E-01  2.175E-01
  316.5000  2.143E-01  2.259E-01  2.308E-01  2.292E-01  2.209E-01
  317.5000  3.032E-01  3.195E-01  3.266E-01  3.242E-01  3.125E-01
  318.5000  2.431E-01  2.555E-01  2.609E-01  2.591E-01  2.502E-01
  319.5000  2.978E-01  3.128E-01  3.193E-01  3.171E-01  3.064E-01
  320.5000  3.640E-01  3.820E-01  3.899E-01  3.873E-01  3.743E-01
  321.5000  3.144E-01  3.291E-01  3.356E-01  3.334E-01  3.228E-01
  322.5000  3.126E-01  3.279E-01  3.345E-01  3.323E-01  3.213E-01
  323.5000  3.284E-01  3.435E-01  3.500E-01  3.478E-01  3.370E-01
  324.5000  3.853E-01  4.029E-01  4.106E-01  4.081E-01  3.954E-01
  325.5000  4.309E-01  4.508E-01  4.594E-01  4.565E-01  4.422E-01
  326.5000  5.280E-01  5.513E-01  5.612E-01  5.580E-01  5.412E-01
  327.5000  4.899E-01  5.118E-01  5.213E-01  5.181E-01  5.024E-01
  328.5000  4.525E-01  4.727E-01  4.814E-01  4.785E-01  4.637E-01
  329.5000  5.915E-01  6.170E-01  6.280E-01  6.244E-01  6.061E-01
  330.5000  5.361E-01  5.595E-01  5.696E-01  5.662E-01  5.494E-01
  331.5000  5.295E-01  5.526E-01  5.626E-01  5.593E-01  5.427E-01
  332.5000  5.245E-01  5.467E-01  5.564E-01  5.532E-01  5.372E-01
  333.5000  4.917E-01  5.128E-01  5.219E-01  5.189E-01  5.037E-01
  334.5000  5.501E-01  5.735E-01  5.837E-01  5.803E-01  5.635E-01
  335.5000  5.591E-01  5.825E-01  5.927E-01  5.893E-01  5.725E-01
  336.5000  4.368E-01  4.552E-01  4.631E-01  4.605E-01  4.473E-01
  337.5000  4.787E-01  4.990E-01  5.077E-01  5.048E-01  4.903E-01
  338.5000  5.066E-01  5.277E-01  5.369E-01  5.339E-01  5.187E-01
  339.5000  5.509E-01  5.739E-01  5.838E-01  5.805E-01  5.640E-01
  340.5000  5.885E-01  6.131E-01  6.237E-01  6.202E-01  6.026E-01
  341.5000  5.234E-01  5.451E-01  5.545E-01  5.513E-01  5.358E-01
  342.5000  5.800E-01  6.039E-01  6.143E-01  6.108E-01  5.936E-01
  343.5000  6.022E-01  6.271E-01  6.378E-01  6.343E-01  6.164E-01
  344.5000  4.219E-01  4.393E-01  4.469E-01  4.444E-01  4.319E-01
  345.5000  5.787E-01  6.025E-01  6.128E-01  6.093E-01  5.923E-01
  346.5000  5.410E-01  5.633E-01  5.729E-01  5.697E-01  5.537E-01
  347.5000  5.287E-01  5.504E-01  5.597E-01  5.566E-01  5.411E-01
  348.5000  5.812E-01  6.049E-01  6.152E-01  6.118E-01  5.947E-01
  349.5000  4.870E-01  5.069E-01  5.155E-01  5.127E-01  4.984E-01
  350.5000  6.819E-01  7.097E-01  7.218E-01  7.177E-01  6.978E-01
  351.5000  5.877E-01  6.116E-01  6.220E-01  6.185E-01  6.013E-01
  352.5000  5.300E-01  5.516E-01  5.609E-01  5.578E-01  5.423E-01
  353.5000  6.381E-01  6.640E-01  6.752E-01  6.714E-01  6.529E-01
  354.5000  6.907E-01  7.186E-01  7.307E-01  7.266E-01  7.066E-01
  355.5000  6.454E-01  6.715E-01  6.828E-01  6.790E-01  6.603E-01
  356.5000  5.990E-01  6.231E-01  6.335E-01  6.301E-01  6.127E-01
  357.5000  5.093E-01  5.298E-01  5.387E-01  5.357E-01  5.210E-01
  358.5000  3.930E-01  4.088E-01  4.156E-01  4.134E-01  4.020E-01
  359.5000  6.614E-01  6.879E-01  6.994E-01  6.956E-01  6.765E-01
  360.5000  6.130E-01  6.376E-01  6.482E-01  6.447E-01  6.270E-01
  361.5000  5.527E-01  5.748E-01  5.843E-01  5.811E-01  5.653E-01
  362.5000  6.490E-01  6.749E-01  6.861E-01  6.824E-01  6.638E-01
  363.5000  5.773E-01  6.003E-01  6.103E-01  6.069E-01  5.904E-01
  364.5000  6.297E-01  6.548E-01  6.656E-01  6.620E-01  6.440E-01
  365.5000  7.673E-01  7.978E-01  8.110E-01  8.066E-01  7.847E-01
  366.5000  8.120E-01  8.442E-01  8.582E-01  8.535E-01  8.304E-01
  367.5000  7.710E-01  8.015E-01  8.147E-01  8.103E-01  7.884E-01
  368.5000  6.772E-01  7.040E-01  7.156E-01  7.118E-01  6.925E-01
  369.5000  8.123E-01  8.444E-01  8.583E-01  8.536E-01  8.306E-01
  370.5000  7.370E-01  7.660E-01  7.786E-01  7.744E-01  7.536E-01
  371.5000  8.432E-01  8.764E-01  8.908E-01  8.860E-01  8.622E-01
  372.5000  6.228E-01  6.473E-01  6.579E-01  6.544E-01  6.368E-01
  373.5000  5.629E-01  5.850E-01  5.946E-01  5.914E-01  5.756E-01
  374.5000  6.178E-01  6.420E-01  6.525E-01  6.490E-01  6.316E-01
  375.5000  6.970E-01  7.243E-01  7.361E-01  7.322E-01  7.126E-01
  376.5000  6.960E-01  7.232E-01  7.350E-01  7.311E-01  7.116E-01
  377.5000  8.288E-01  8.611E-01  8.751E-01  8.705E-01  8.473E-01
  378.5000  9.033E-01  9.385E-01  9.537E-01  9.486E-01  9.234E-01
  379.5000  6.683E-01  6.943E-01  7.055E-01  7.018E-01  6.831E-01
  380.5000  8.036E-01  8.349E-01  8.484E-01  8.439E-01  8.215E-01
  381.5000  7.551E-01  7.844E-01  7.971E-01  7.929E-01  7.719E-01
  382.5000  5.032E-01  5.227E-01  5.311E-01  5.283E-01  5.143E-01
  383.5000  4.418E-01  4.589E-01  4.663E-01  4.639E-01  4.516E-01
  384.5000  6.630E-01  6.886E-01  6.997E-01  6.960E-01  6.777E-01
  385.5000  6.560E-01  6.813E-01  6.922E-01  6.886E-01  6.704E-01
  386.5000  6.686E-01  6.944E-01  7.056E-01  7.018E-01  6.834E-01
  387.5000  6.214E-01  6.453E-01  6.557E-01  6.522E-01  6.351E-01
  388.5000  6.228E-01  6.468E-01  6.571E-01  6.537E-01  6.365E-01
  389.5000  7.854E-01  8.156E-01  8.286E-01  8.243E-01  8.027E-01
  390.5000  7.715E-01  8.010E-01  8.138E-01  8.096E-01  7.884E-01
  391.5000  9.152E-01  9.503E-01  9.654E-01  9.604E-01  9.352E-01
  392.5000  6.863E-01  7.125E-01  7.239E-01  7.201E-01  7.013E-01
  393.5000  2.984E-01  3.098E-01  3.147E-01  3.131E-01  3.049E-01
  394.5000  7.021E-01  7.289E-01  7.405E-01  7.366E-01  7.174E-01
  395.5000  9.033E-01  9.378E-01  9.526E-01  9.477E-01  9.230E-01
  396.5000  5.304E-01  5.506E-01  5.594E-01  5.564E-01  5.420E-01
  397.5000  6.121E-01  6.354E-01  6.454E-01  6.421E-01  6.254E-01
  398.5000  1.052E+00  1.092E+00  1.109E+00  1.103E+00  1.075E+00
  399.5000  1.094E+00  1.136E+00  1.153E+00  1.147E+00  1.118E+00
  400.5000  1.150E+00  1.194E+00  1.213E+00  1.206E+00  1.175E+00
  401.5000  1.183E+00  1.228E+00  1.248E+00  1.241E+00  1.209E+00
  402.5000  1.229E+00  1.275E+00  1.295E+00  1.288E+00  1.255E+00
  403.5000  1.125E+00  1.167E+00  1.185E+00  1.179E+00  1.149E+00
  404.5000  1.103E+00  1.145E+00  1.163E+00  1.157E+00  1.127E+00
  405.5000  1.146E+00  1.189E+00  1.208E+00  1.201E+00  1.170E+00
  406.5000  1.079E+00  1.120E+00  1.137E+00  1.132E+00  1.102E+00
  407.5000  1.088E+00  1.129E+00  1.147E+00  1.141E+00  1.111E+00
  408.5000  1.212E+00  1.257E+00  1.277E+00  1.270E+00  1.238E+00
  409.5000  1.188E+00  1.233E+00  1.252E+00  1.245E+00  1.213E+00
  410.5000  1.030E+00  1.069E+00  1.086E+00  1.080E+00  1.052E+00
  411.5000  1.238E+00  1.285E+00  1.305E+00  1.298E+00  1.265E+00
  412.5000  1.227E+00  1.273E+00  1.293E+00  1.287E+00  1.254E+00
  413.5000  1.190E+00  1.235E+00  1.254E+00  1.248E+00  1.216E+00
  414.5000  1.224E+00  1.269E+00  1.289E+00  1.282E+00  1.250E+00
  415.5000  1.170E+00  1.214E+00  1.233E+00  1.227E+00  1.195E+00
  416.5000  1.274E+00  1.321E+00  1.342E+00  1.335E+00  1.301E+00
  417.5000  1.165E+00  1.208E+00  1.227E+00  1.220E+00  1.189E+00
  418.5000  1.174E+00  1.217E+00  1.236E+00  1.230E+00  1.199E+00
  419.5000  1.212E+00  1.257E+00  1.277E+00  1.270E+00  1.238E+00
------------------------------------------------------------
Dose rates, W m-2
   1 = UV-B, 280-315 nm                                  
   2 = UV-A, 315-400 nm                                  
   3 = Gaussian, 320 nm, 10 nm FWHM                      
   4 = RB Meter, model 501                               
   5 = DNA damage, in vitro (Setlow, 1974)               
   6 = UV index (WMO, 1994; Webb et al., 2011)           
   7 = Previtamin-D3 (CIE 2006)                          
values at z =      0.000 km
Columns: time, sza, weighting spectra
time, hrs.  sza, deg.          1          2          3          4          5          6          7
   11.0000     36.658  1.389E+00  5.012E+01  3.069E-01  3.983E-01  3.898E-03  7.459E+00  3.619E-01
   11.5000     34.196  1.492E+00  5.216E+01  3.221E-01  4.297E-01  4.337E-03  8.069E+00  3.941E-01
   12.0000     33.085  1.537E+00  5.304E+01  3.287E-01  4.437E-01  4.537E-03  8.341E+00  4.084E-01
   12.5000     33.458  1.522E+00  5.275E+01  3.265E-01  4.390E-01  4.470E-03  8.250E+00  4.036E-01
   13.0000     35.266  1.447E+00  5.129E+01  3.156E-01  4.161E-01  4.145E-03  7.804E+00  3.801E-01
------------------------------------------------------------
