Spectral Irradiance, W m-2 nm-1
values at z =      0.000 km
Columns: wavelength (nm), times (hrs.) or sza (deg.)
    wc, nm     11.000     11.500     12.000     12.500     13.000
    sza =      53.831     53.436     53.295     53.410     53.780
  280.5000  6.395E-26  1.033E-25  1.224E-25  1.066E-25  6.809E-26
  281.5000  2.257E-23  3.489E-23  4.071E-23  3.589E-23  2.389E-23
  282.5000  2.379E-21  3.542E-21  4.079E-21  3.635E-21  2.506E-21
  283.5000  4.435E-20  6.445E-20  7.358E-20  6.604E-20  4.657E-20
  284.5000  5.540E-18  7.701E-18  8.655E-18  7.868E-18  5.783E-18
  285.5000  1.230E-16  1.654E-16  1.838E-16  1.687E-16  1.278E-16
  286.5000  6.001E-15  7.875E-15  8.672E-15  8.016E-15  6.218E-15
  287.5000  1.660E-13  2.119E-13  2.310E-13  2.153E-13  1.714E-13
  288.5000  4.592E-12  5.689E-12  6.137E-12  5.769E-12  4.723E-12
  289.5000  8.546E-11  1.036E-10  1.109E-10  1.049E-10  8.764E-11
  290.5000  9.542E-10  1.136E-09  1.209E-09  1.149E-09  9.762E-10
  291.5000  9.589E-09  1.119E-08  1.182E-08  1.130E-08  9.785E-09
  292.5000  5.920E-08  6.795E-08  7.135E-08  6.857E-08  6.028E-08
  293.5000  4.139E-07  4.677E-07  4.884E-07  4.715E-07  4.206E-07
  294.5000  1.569E-06  1.752E-06  1.821E-06  1.764E-06  1.592E-06
  295.5000  8.206E-06  9.044E-06  9.361E-06  9.102E-06  8.311E-06
  296.5000  2.629E-05  2.867E-05  2.956E-05  2.883E-05  2.659E-05
  297.5000  8.581E-05  9.268E-05  9.525E-05  9.299E-05  8.668E-05
  298.5000  1.601E-04  1.716E-04  1.758E-04  1.724E-04  1.616E-04
  299.5000  5.448E-04  5.797E-04  5.924E-04  5.820E-04  5.493E-04
  300.5000  7.057E-04  7.464E-04  7.614E-04  7.492E-04  7.109E-04
  301.5000  1.989E-03  2.091E-03  2.117E-03  2.098E-03  2.002E-03
  302.5000  3.120E-03  3.266E-03  3.320E-03  3.276E-03  3.139E-03
  303.5000  6.984E-03  7.277E-03  7.384E-03  7.296E-03  7.021E-03
  304.5000  8.937E-03  9.276E-03  9.417E-03  9.313E-03  8.977E-03
  305.5000  1.492E-02  1.544E-02  1.563E-02  1.548E-02  1.499E-02
  306.5000  1.724E-02  1.781E-02  1.802E-02  1.785E-02  1.731E-02
  307.5000  3.016E-02  3.105E-02  3.131E-02  3.111E-02  3.027E-02
  308.5000  3.638E-02  3.740E-02  3.771E-02  3.746E-02  3.651E-02
  309.5000  3.642E-02  3.736E-02  3.770E-02  3.741E-02  3.654E-02
  310.5000  5.432E-02  5.564E-02  5.611E-02  5.573E-02  5.449E-02
  311.5000  7.424E-02  7.596E-02  7.658E-02  7.608E-02  7.447E-02
  312.5000  8.055E-02  8.226E-02  8.288E-02  8.238E-02  8.077E-02
  313.5000  9.377E-02  9.572E-02  9.642E-02  9.585E-02  9.402E-02
  314.5000  1.026E-01  1.045E-01  1.052E-01  1.047E-01  1.028E-01
  315.5000  1.076E-01  1.097E-01  1.104E-01  1.098E-01  1.079E-01
  316.5000  1.149E-01  1.169E-01  1.177E-01  1.171E-01  1.152E-01
  317.5000  1.628E-01  1.656E-01  1.666E-01  1.658E-01  1.631E-01
  318.5000  1.364E-01  1.386E-01  1.394E-01  1.388E-01  1.367E-01
  319.5000  1.686E-01  1.713E-01  1.723E-01  1.715E-01  1.689E-01
  320.5000  2.083E-01  2.116E-01  2.128E-01  2.118E-01  2.087E-01
  321.5000  1.872E-01  1.900E-01  1.910E-01  1.902E-01  1.876E-01
  322.5000  1.808E-01  1.836E-01  1.846E-01  1.838E-01  1.811E-01
  323.5000  1.994E-01  2.022E-01  2.033E-01  2.024E-01  1.997E-01
  324.5000  2.336E-01  2.370E-01  2.382E-01  2.372E-01  2.341E-01
  325.5000  2.599E-01  2.636E-01  2.650E-01  2.639E-01  2.604E-01
  326.5000  3.290E-01  3.336E-01  3.352E-01  3.338E-01  3.296E-01
  327.5000  3.024E-01  3.066E-01  3.081E-01  3.069E-01  3.030E-01
  328.5000  2.796E-01  2.835E-01  2.849E-01  2.837E-01  2.801E-01
  329.5000  3.746E-01  3.795E-01  3.813E-01  3.799E-01  3.752E-01
  330.5000  3.364E-01  3.409E-01  3.426E-01  3.412E-01  3.370E-01
  331.5000  3.318E-01  3.363E-01  3.379E-01  3.366E-01  3.324E-01
  332.5000  3.345E-01  3.389E-01  3.405E-01  3.392E-01  3.351E-01
  333.5000  3.116E-01  3.157E-01  3.172E-01  3.160E-01  3.121E-01
  334.5000  3.501E-01  3.547E-01  3.564E-01  3.550E-01  3.507E-01
  335.5000  3.590E-01  3.636E-01  3.653E-01  3.639E-01  3.596E-01
  336.5000  2.800E-01  2.836E-01  2.849E-01  2.839E-01  2.805E-01
  337.5000  3.053E-01  3.093E-01  3.107E-01  3.096E-01  3.058E-01
  338.5000  3.261E-01  3.303E-01  3.318E-01  3.306E-01  3.266E-01
  339.5000  3.553E-01  3.598E-01  3.614E-01  3.601E-01  3.559E-01
  340.5000  3.786E-01  3.835E-01  3.852E-01  3.838E-01  3.792E-01
  341.5000  3.384E-01  3.427E-01  3.442E-01  3.430E-01  3.389E-01
  342.5000  3.755E-01  3.803E-01  3.820E-01  3.806E-01  3.761E-01
  343.5000  3.896E-01  3.945E-01  3.963E-01  3.948E-01  3.902E-01
  344.5000  2.727E-01  2.761E-01  2.774E-01  2.764E-01  2.731E-01
  345.5000  3.758E-01  3.806E-01  3.823E-01  3.809E-01  3.764E-01
  346.5000  3.507E-01  3.551E-01  3.567E-01  3.554E-01  3.513E-01
  347.5000  3.430E-01  3.473E-01  3.489E-01  3.476E-01  3.436E-01
  348.5000  3.777E-01  3.824E-01  3.841E-01  3.827E-01  3.783E-01
  349.5000  3.167E-01  3.206E-01  3.221E-01  3.209E-01  3.172E-01
  350.5000  4.437E-01  4.493E-01  4.513E-01  4.497E-01  4.445E-01
  351.5000  3.825E-01  3.873E-01  3.890E-01  3.876E-01  3.831E-01
  352.5000  3.453E-01  3.496E-01  3.512E-01  3.499E-01  3.459E-01
  353.5000  4.162E-01  4.214E-01  4.232E-01  4.217E-01  4.168E-01
  354.5000  4.509E-01  4.565E-01  4.585E-01  4.569E-01  4.516E-01
  355.5000  4.216E-01  4.269E-01  4.288E-01  4.272E-01  4.223E-01
  356.5000  3.915E-01  3.964E-01  3.981E-01  3.967E-01  3.921E-01
  357.5000  3.331E-01  3.372E-01  3.387E-01  3.375E-01  3.336E-01
  358.5000  2.572E-01  2.604E-01  2.616E-01  2.606E-01  2.576E-01
  359.5000  4.332E-01  4.385E-01  4.404E-01  4.389E-01  4.338E-01
  360.5000  4.017E-01  4.067E-01  4.085E-01  4.070E-01  4.024E-01
  361.5000  3.624E-01  3.669E-01  3.685E-01  3.672E-01  3.630E-01
  362.5000  4.259E-01  4.311E-01  4.330E-01  4.315E-01  4.266E-01
  363.5000  3.791E-01  3.837E-01  3.854E-01  3.840E-01  3.797E-01
  364.5000  4.137E-01  4.188E-01  4.206E-01  4.191E-01  4.144E-01
  365.5000  5.044E-01  5.105E-01  5.127E-01  5.109E-01  5.052E-01
  366.5000  5.341E-01  5.406E-01  5.430E-01  5.411E-01  5.350E-01
  367.5000  5.074E-01  5.136E-01  5.158E-01  5.140E-01  5.082E-01
  368.5000  4.460E-01  4.514E-01  4.534E-01  4.518E-01  4.467E-01
  369.5000  5.353E-01  5.418E-01  5.441E-01  5.422E-01  5.361E-01
  370.5000  4.859E-01  4.918E-01  4.939E-01  4.922E-01  4.866E-01
  371.5000  5.562E-01  5.630E-01  5.654E-01  5.634E-01  5.571E-01
  372.5000  4.111E-01  4.161E-01  4.178E-01  4.164E-01  4.117E-01
  373.5000  3.718E-01  3.763E-01  3.779E-01  3.765E-01  3.723E-01
  374.5000  4.082E-01  4.131E-01  4.149E-01  4.135E-01  4.089E-01
  375.5000  4.608E-01  4.664E-01  4.684E-01  4.667E-01  4.615E-01
  376.5000  4.604E-01  4.659E-01  4.679E-01  4.663E-01  4.611E-01
  377.5000  5.485E-01  5.551E-01  5.575E-01  5.555E-01  5.494E-01
  378.5000  5.981E-01  6.053E-01  6.079E-01  6.058E-01  5.991E-01
  379.5000  4.427E-01  4.480E-01  4.499E-01  4.484E-01  4.434E-01
  380.5000  5.327E-01  5.391E-01  5.414E-01  5.395E-01  5.335E-01
  381.5000  5.008E-01  5.068E-01  5.090E-01  5.072E-01  5.016E-01
  382.5000  3.339E-01  3.379E-01  3.393E-01  3.381E-01  3.344E-01
  383.5000  2.933E-01  2.968E-01  2.981E-01  2.971E-01  2.938E-01
  384.5000  4.404E-01  4.457E-01  4.475E-01  4.460E-01  4.411E-01
  385.5000  4.359E-01  4.411E-01  4.430E-01  4.415E-01  4.366E-01
  386.5000  4.446E-01  4.499E-01  4.517E-01  4.502E-01  4.453E-01
  387.5000  4.134E-01  4.183E-01  4.200E-01  4.186E-01  4.140E-01
  388.5000  4.145E-01  4.194E-01  4.212E-01  4.198E-01  4.152E-01
  389.5000  5.230E-01  5.292E-01  5.314E-01  5.296E-01  5.238E-01
  390.5000  5.140E-01  5.200E-01  5.222E-01  5.204E-01  5.147E-01
  391.5000  6.100E-01  6.172E-01  6.198E-01  6.177E-01  6.110E-01
  392.5000  4.577E-01  4.631E-01  4.650E-01  4.634E-01  4.584E-01
  393.5000  1.991E-01  2.014E-01  2.022E-01  2.016E-01  1.994E-01
  394.5000  4.686E-01  4.741E-01  4.761E-01  4.745E-01  4.693E-01
  395.5000  6.032E-01  6.103E-01  6.129E-01  6.108E-01  6.042E-01
  396.5000  3.544E-01  3.585E-01  3.600E-01  3.588E-01  3.549E-01
  397.5000  4.091E-01  4.139E-01  4.156E-01  4.142E-01  4.098E-01
  398.5000  7.034E-01  7.116E-01  7.145E-01  7.121E-01  7.044E-01
  399.5000  7.319E-01  7.405E-01  7.435E-01  7.411E-01  7.331E-01
  400.5000  7.699E-01  7.788E-01  7.821E-01  7.794E-01  7.710E-01
  401.5000  7.924E-01  8.017E-01  8.050E-01  8.023E-01  7.936E-01
  402.5000  8.231E-01  8.326E-01  8.360E-01  8.332E-01  8.243E-01
  403.5000  7.537E-01  7.625E-01  7.656E-01  7.630E-01  7.548E-01
  404.5000  7.396E-01  7.481E-01  7.512E-01  7.487E-01  7.407E-01
  405.5000  7.686E-01  7.775E-01  7.807E-01  7.781E-01  7.698E-01
  406.5000  7.243E-01  7.327E-01  7.356E-01  7.332E-01  7.254E-01
  407.5000  7.305E-01  7.390E-01  7.420E-01  7.395E-01  7.316E-01
  408.5000  8.139E-01  8.233E-01  8.267E-01  8.239E-01  8.152E-01
  409.5000  7.983E-01  8.075E-01  8.108E-01  8.081E-01  7.995E-01
  410.5000  6.926E-01  7.005E-01  7.034E-01  7.011E-01  6.936E-01
  411.5000  8.328E-01  8.424E-01  8.458E-01  8.430E-01  8.340E-01
  412.5000  8.258E-01  8.353E-01  8.387E-01  8.359E-01  8.270E-01
  413.5000  8.013E-01  8.105E-01  8.137E-01  8.111E-01  8.025E-01
  414.5000  8.239E-01  8.333E-01  8.367E-01  8.339E-01  8.251E-01
  415.5000  7.884E-01  7.974E-01  8.006E-01  7.980E-01  7.895E-01
  416.5000  8.584E-01  8.682E-01  8.717E-01  8.688E-01  8.596E-01
  417.5000  7.850E-01  7.940E-01  7.972E-01  7.946E-01  7.862E-01
  418.5000  7.915E-01  8.005E-01  8.038E-01  8.011E-01  7.927E-01
  419.5000  8.180E-01  8.273E-01  8.306E-01  8.279E-01  8.192E-01
------------------------------------------------------------
Dose rates, W m-2
   1 = UV-B, 280-315 nm                                  
   2 = UV-A, 315-400 nm                                  
   3 = Gaussian, 320 nm, 10 nm FWHM                      
   4 = RB Meter, model 501                               
   5 = DNA damage, in vitro (Setlow, 1974)               
   6 = UV index (WMO, 1994; Webb et al., 2011)           
   7 = Previtamin-D3 (CIE 2006)                          
values at z =      0.000 km
Columns: time, sza, weighting spectra
time, hrs.  sza, deg.          1          2          3          4          5          6          7
   11.0000     53.831  5.631E-01  3.257E+01  1.759E-01  1.563E-01  1.027E-03  2.940E+00  1.207E-01
   11.5000     53.436  5.767E-01  3.297E+01  1.787E-01  1.601E-01  1.060E-03  3.007E+00  1.241E-01
   12.0000     53.295  5.815E-01  3.312E+01  1.797E-01  1.614E-01  1.072E-03  3.031E+00  1.253E-01
   12.5000     53.410  5.776E-01  3.300E+01  1.789E-01  1.603E-01  1.062E-03  3.012E+00  1.244E-01
   13.0000     53.780  5.649E-01  3.262E+01  1.763E-01  1.568E-01  1.031E-03  2.948E+00  1.212E-01
------------------------------------------------------------
