Spectral Irradiance, W m-2 nm-1
values at z =      0.000 km
Columns: wavelength (nm), times (hrs.) or sza (deg.)
    wc, nm     11.000     11.500     12.000     12.500     13.000
    sza =      18.369     13.748     11.925     14.036     18.796
  280.5000  3.892E-14  7.566E-14  9.285E-14  7.305E-14  3.619E-14
  281.5000  1.174E-12  2.154E-12  2.596E-12  2.086E-12  1.099E-12
  282.5000  1.499E-11  2.615E-11  3.104E-11  2.539E-11  1.411E-11
  283.5000  7.105E-11  1.200E-10  1.410E-10  1.167E-10  6.710E-11
  284.5000  7.294E-10  1.161E-09  1.340E-09  1.133E-09  6.937E-10
  285.5000  2.559E-09  3.897E-09  4.436E-09  3.811E-09  2.444E-09
  286.5000  3.027E-08  4.457E-08  5.022E-08  4.367E-08  2.902E-08
  287.5000  1.738E-07  2.465E-07  2.746E-07  2.420E-07  1.673E-07
  288.5000  8.727E-07  1.188E-06  1.307E-06  1.169E-06  8.437E-07
  289.5000  4.796E-06  6.344E-06  6.916E-06  6.251E-06  4.652E-06
  290.5000  1.922E-05  2.480E-05  2.683E-05  2.447E-05  1.869E-05
  291.5000  6.050E-05  7.596E-05  8.148E-05  7.505E-05  5.902E-05
  292.5000  1.446E-04  1.775E-04  1.890E-04  1.755E-04  1.414E-04
  293.5000  4.141E-04  4.975E-04  5.265E-04  4.927E-04  4.059E-04
  294.5000  7.817E-04  9.234E-04  9.721E-04  9.152E-04  7.676E-04
  295.5000  1.949E-03  2.262E-03  2.368E-03  2.244E-03  1.918E-03
  296.5000  3.380E-03  3.864E-03  4.027E-03  3.837E-03  3.330E-03
  297.5000  6.441E-03  7.269E-03  7.546E-03  7.222E-03  6.356E-03
  298.5000  7.643E-03  8.533E-03  8.828E-03  8.483E-03  7.552E-03
  299.5000  1.697E-02  1.875E-02  1.934E-02  1.865E-02  1.679E-02
  300.5000  1.586E-02  1.739E-02  1.789E-02  1.730E-02  1.570E-02
  301.5000  3.139E-02  3.412E-02  3.501E-02  3.397E-02  3.111E-02
  302.5000  3.906E-02  4.221E-02  4.324E-02  4.204E-02  3.873E-02
  303.5000  6.652E-02  7.142E-02  7.300E-02  7.114E-02  6.601E-02
  304.5000  7.274E-02  7.779E-02  7.942E-02  7.751E-02  7.221E-02
  305.5000  9.606E-02  1.021E-01  1.035E-01  1.018E-01  9.541E-02
  306.5000  1.003E-01  1.064E-01  1.084E-01  1.061E-01  9.969E-02
  307.5000  1.447E-01  1.528E-01  1.554E-01  1.524E-01  1.439E-01
  308.5000  1.621E-01  1.708E-01  1.736E-01  1.703E-01  1.612E-01
  309.5000  1.429E-01  1.501E-01  1.524E-01  1.488E-01  1.421E-01
  310.5000  1.946E-01  2.040E-01  2.070E-01  2.035E-01  1.936E-01
  311.5000  2.505E-01  2.621E-01  2.659E-01  2.615E-01  2.492E-01
  312.5000  2.422E-01  2.550E-01  2.585E-01  2.545E-01  2.432E-01
  313.5000  2.771E-01  2.891E-01  2.929E-01  2.884E-01  2.758E-01
  314.5000  2.768E-01  2.881E-01  2.917E-01  2.875E-01  2.756E-01
  315.5000  2.859E-01  2.974E-01  3.011E-01  2.968E-01  2.846E-01
  316.5000  2.845E-01  2.955E-01  2.990E-01  2.949E-01  2.833E-01
  317.5000  4.023E-01  4.178E-01  4.227E-01  4.169E-01  4.006E-01
  318.5000  3.162E-01  3.278E-01  3.315E-01  3.272E-01  3.149E-01
  319.5000  3.857E-01  3.997E-01  4.042E-01  3.989E-01  3.842E-01
  320.5000  4.691E-01  4.860E-01  4.913E-01  4.850E-01  4.673E-01
  321.5000  3.977E-01  4.115E-01  4.158E-01  4.107E-01  3.962E-01
  322.5000  4.008E-01  4.150E-01  4.196E-01  4.142E-01  3.992E-01
  323.5000  4.119E-01  4.258E-01  4.303E-01  4.251E-01  4.104E-01
  324.5000  4.834E-01  4.997E-01  5.049E-01  4.988E-01  4.816E-01
  325.5000  5.419E-01  5.603E-01  5.661E-01  5.593E-01  5.399E-01
  326.5000  6.541E-01  6.756E-01  6.824E-01  6.743E-01  6.518E-01
  327.5000  6.096E-01  6.297E-01  6.361E-01  6.286E-01  6.074E-01
  328.5000  5.627E-01  5.812E-01  5.871E-01  5.802E-01  5.607E-01
  329.5000  7.275E-01  7.508E-01  7.582E-01  7.495E-01  7.250E-01
  330.5000  6.620E-01  6.834E-01  6.902E-01  6.822E-01  6.597E-01
  331.5000  6.542E-01  6.748E-01  6.820E-01  6.741E-01  6.519E-01
  332.5000  6.427E-01  6.631E-01  6.695E-01  6.619E-01  6.405E-01
  333.5000  6.043E-01  6.236E-01  6.297E-01  6.225E-01  6.023E-01
  334.5000  6.747E-01  6.961E-01  7.029E-01  6.949E-01  6.724E-01
  335.5000  6.829E-01  7.043E-01  7.111E-01  7.032E-01  6.806E-01
  336.5000  5.339E-01  5.507E-01  5.560E-01  5.498E-01  5.321E-01
  337.5000  5.864E-01  6.049E-01  6.108E-01  6.039E-01  5.844E-01
  338.5000  6.180E-01  6.373E-01  6.434E-01  6.362E-01  6.159E-01
  339.5000  6.715E-01  6.924E-01  6.990E-01  6.912E-01  6.693E-01
  340.5000  7.181E-01  7.404E-01  7.475E-01  7.392E-01  7.157E-01
  341.5000  6.371E-01  6.568E-01  6.631E-01  6.557E-01  6.350E-01
  342.5000  7.055E-01  7.273E-01  7.342E-01  7.261E-01  7.032E-01
  343.5000  7.328E-01  7.554E-01  7.625E-01  7.541E-01  7.303E-01
  344.5000  5.136E-01  5.294E-01  5.344E-01  5.285E-01  5.119E-01
  345.5000  7.029E-01  7.245E-01  7.313E-01  7.233E-01  7.006E-01
  346.5000  6.576E-01  6.778E-01  6.842E-01  6.767E-01  6.554E-01
  347.5000  6.423E-01  6.620E-01  6.682E-01  6.609E-01  6.402E-01
  348.5000  7.056E-01  7.271E-01  7.339E-01  7.259E-01  7.032E-01
  349.5000  5.911E-01  6.091E-01  6.148E-01  6.081E-01  5.892E-01
  350.5000  8.273E-01  8.525E-01  8.605E-01  8.511E-01  8.246E-01
  351.5000  7.128E-01  7.345E-01  7.414E-01  7.333E-01  7.105E-01
  352.5000  6.426E-01  6.621E-01  6.683E-01  6.610E-01  6.405E-01
  353.5000  7.732E-01  7.966E-01  8.040E-01  7.953E-01  7.707E-01
  354.5000  8.365E-01  8.617E-01  8.698E-01  8.603E-01  8.337E-01
  355.5000  7.814E-01  8.050E-01  8.125E-01  8.037E-01  7.789E-01
  356.5000  7.249E-01  7.468E-01  7.537E-01  7.456E-01  7.226E-01
  357.5000  6.162E-01  6.348E-01  6.407E-01  6.338E-01  6.142E-01
  358.5000  4.753E-01  4.896E-01  4.941E-01  4.888E-01  4.738E-01
  359.5000  7.997E-01  8.237E-01  8.313E-01  8.224E-01  7.971E-01
  360.5000  7.410E-01  7.632E-01  7.702E-01  7.619E-01  7.386E-01
  361.5000  6.678E-01  6.877E-01  6.941E-01  6.866E-01  6.656E-01
  362.5000  7.839E-01  8.073E-01  8.147E-01  8.060E-01  7.814E-01
  363.5000  6.971E-01  7.179E-01  7.245E-01  7.167E-01  6.949E-01
  364.5000  7.602E-01  7.828E-01  7.900E-01  7.816E-01  7.578E-01
  365.5000  9.260E-01  9.535E-01  9.622E-01  9.520E-01  9.230E-01
  366.5000  9.797E-01  1.009E+00  1.018E+00  1.007E+00  9.765E-01
  367.5000  9.298E-01  9.574E-01  9.661E-01  9.559E-01  9.269E-01
  368.5000  8.166E-01  8.407E-01  8.484E-01  8.394E-01  8.140E-01
  369.5000  9.791E-01  1.008E+00  1.017E+00  1.006E+00  9.760E-01
  370.5000  8.880E-01  9.142E-01  9.225E-01  9.128E-01  8.852E-01
  371.5000  1.016E+00  1.046E+00  1.055E+00  1.044E+00  1.013E+00
  372.5000  7.501E-01  7.721E-01  7.791E-01  7.709E-01  7.477E-01
  373.5000  6.778E-01  6.977E-01  7.040E-01  6.966E-01  6.756E-01
  374.5000  7.436E-01  7.654E-01  7.724E-01  7.642E-01  7.413E-01
  375.5000  8.388E-01  8.633E-01  8.711E-01  8.620E-01  8.361E-01
  376.5000  8.373E-01  8.618E-01  8.695E-01  8.604E-01  8.347E-01
  377.5000  9.967E-01  1.026E+00  1.035E+00  1.024E+00  9.936E-01
  378.5000  1.086E+00  1.118E+00  1.128E+00  1.116E+00  1.083E+00
  379.5000  8.033E-01  8.267E-01  8.341E-01  8.254E-01  8.007E-01
  380.5000  9.657E-01  9.938E-01  1.003E+00  9.923E-01  9.627E-01
  381.5000  9.072E-01  9.336E-01  9.419E-01  9.321E-01  9.044E-01
  382.5000  6.043E-01  6.219E-01  6.274E-01  6.209E-01  6.024E-01
  383.5000  5.305E-01  5.459E-01  5.508E-01  5.451E-01  5.289E-01
  384.5000  7.959E-01  8.190E-01  8.263E-01  8.177E-01  7.935E-01
  385.5000  7.873E-01  8.100E-01  8.172E-01  8.088E-01  7.848E-01
  386.5000  8.023E-01  8.254E-01  8.328E-01  8.242E-01  7.998E-01
  387.5000  7.454E-01  7.669E-01  7.737E-01  7.657E-01  7.431E-01
  388.5000  7.470E-01  7.685E-01  7.753E-01  7.673E-01  7.446E-01
  389.5000  9.417E-01  9.688E-01  9.774E-01  9.673E-01  9.388E-01
  390.5000  9.248E-01  9.513E-01  9.597E-01  9.498E-01  9.219E-01
  391.5000  1.097E+00  1.128E+00  1.138E+00  1.127E+00  1.093E+00
  392.5000  8.223E-01  8.458E-01  8.533E-01  8.445E-01  8.197E-01
  393.5000  3.574E-01  3.676E-01  3.709E-01  3.671E-01  3.563E-01
  394.5000  8.408E-01  8.648E-01  8.725E-01  8.635E-01  8.382E-01
  395.5000  1.082E+00  1.112E+00  1.122E+00  1.111E+00  1.078E+00
  396.5000  6.350E-01  6.531E-01  6.588E-01  6.521E-01  6.330E-01
  397.5000  7.325E-01  7.534E-01  7.600E-01  7.523E-01  7.303E-01
  398.5000  1.258E+00  1.294E+00  1.306E+00  1.292E+00  1.255E+00
  399.5000  1.309E+00  1.346E+00  1.358E+00  1.344E+00  1.305E+00
  400.5000  1.376E+00  1.415E+00  1.427E+00  1.412E+00  1.371E+00
  401.5000  1.415E+00  1.455E+00  1.468E+00  1.453E+00  1.411E+00
  402.5000  1.469E+00  1.510E+00  1.523E+00  1.508E+00  1.464E+00
  403.5000  1.344E+00  1.382E+00  1.394E+00  1.380E+00  1.340E+00
  404.5000  1.318E+00  1.355E+00  1.367E+00  1.353E+00  1.314E+00
  405.5000  1.369E+00  1.407E+00  1.420E+00  1.405E+00  1.365E+00
  406.5000  1.289E+00  1.325E+00  1.337E+00  1.323E+00  1.285E+00
  407.5000  1.299E+00  1.336E+00  1.348E+00  1.334E+00  1.295E+00
  408.5000  1.447E+00  1.488E+00  1.501E+00  1.485E+00  1.443E+00
  409.5000  1.418E+00  1.458E+00  1.471E+00  1.456E+00  1.414E+00
  410.5000  1.230E+00  1.264E+00  1.275E+00  1.262E+00  1.226E+00
  411.5000  1.478E+00  1.519E+00  1.532E+00  1.517E+00  1.473E+00
  412.5000  1.464E+00  1.505E+00  1.518E+00  1.503E+00  1.460E+00
  413.5000  1.420E+00  1.460E+00  1.472E+00  1.458E+00  1.416E+00
  414.5000  1.459E+00  1.500E+00  1.513E+00  1.498E+00  1.455E+00
  415.5000  1.395E+00  1.434E+00  1.447E+00  1.432E+00  1.391E+00
  416.5000  1.519E+00  1.561E+00  1.574E+00  1.559E+00  1.514E+00
  417.5000  1.388E+00  1.427E+00  1.439E+00  1.425E+00  1.384E+00
  418.5000  1.399E+00  1.438E+00  1.450E+00  1.435E+00  1.394E+00
  419.5000  1.445E+00  1.485E+00  1.498E+00  1.483E+00  1.440E+00
------------------------------------------------------------
Dose rates, W m-2
   1 = UV-B, 280-315 nm                                  
   2 = UV-A, 315-400 nm                                  
   3 = Gaussian, 320 nm, 10 nm FWHM                      
   4 = RB Meter, model 501                               
   5 = DNA damage, in vitro (Setlow, 1974)               
   6 = UV index (WMO, 1994; Webb et al., 2011)           
   7 = Previtamin-D3 (CIE 2006)                          
values at z =      0.000 km
Columns: time, sza, weighting spectra
time, hrs.  sza, deg.          1          2          3          4          5          6          7
   11.0000     18.369  2.151E+00  6.086E+01  3.959E-01  6.483E-01  8.313E-03  1.256E+01  6.307E-01
   11.5000     13.748  2.266E+00  6.271E+01  4.102E-01  6.862E-01  9.018E-03  1.335E+01  6.710E-01
   12.0000     11.925  2.302E+00  6.330E+01  4.148E-01  6.982E-01  9.247E-03  1.360E+01  6.836E-01
   12.5000     14.036  2.259E+00  6.261E+01  4.094E-01  6.840E-01  8.978E-03  1.330E+01  6.685E-01
   13.0000     18.796  2.141E+00  6.067E+01  3.944E-01  6.446E-01  8.241E-03  1.248E+01  6.267E-01
------------------------------------------------------------
