Spectral Irradiance, W m-2 nm-1
values at z =      0.000 km
Columns: wavelength (nm), times (hrs.) or sza (deg.)
    wc, nm     11.000     11.500     12.000     12.500     13.000
    sza =      70.139     69.503     69.232     69.335     69.811
  280.5000  1.185E-26  1.246E-26  1.274E-26  1.263E-26  1.216E-26
  281.5000  3.068E-24  3.229E-24  3.302E-24  3.274E-24  3.149E-24
  282.5000  2.491E-22  2.626E-22  2.687E-22  2.663E-22  2.559E-22
  283.5000  3.915E-21  4.130E-21  4.227E-21  4.190E-21  4.023E-21
  284.5000  3.657E-19  3.866E-19  3.961E-19  3.924E-19  3.762E-19
  285.5000  6.608E-18  6.997E-18  7.174E-18  7.106E-18  6.804E-18
  286.5000  2.767E-16  2.935E-16  3.011E-16  2.982E-16  2.852E-16
  287.5000  6.533E-15  6.944E-15  7.131E-15  7.059E-15  6.740E-15
  288.5000  1.552E-13  1.654E-13  1.701E-13  1.683E-13  1.603E-13
  289.5000  2.619E-12  2.800E-12  2.884E-12  2.851E-12  2.710E-12
  290.5000  2.723E-11  2.921E-11  3.012E-11  2.977E-11  2.822E-11
  291.5000  2.579E-10  2.782E-10  2.878E-10  2.841E-10  2.680E-10
  292.5000  1.551E-09  1.686E-09  1.750E-09  1.725E-09  1.618E-09
  293.5000  1.089E-08  1.197E-08  1.250E-08  1.229E-08  1.142E-08
  294.5000  4.274E-08  4.757E-08  4.994E-08  4.901E-08  4.511E-08
  295.5000  2.428E-07  2.748E-07  2.908E-07  2.845E-07  2.585E-07
  296.5000  8.771E-07  1.008E-06  1.073E-06  1.048E-06  9.413E-07
  297.5000  3.342E-06  3.890E-06  4.159E-06  4.054E-06  3.610E-06
  298.5000  7.417E-06  8.691E-06  9.313E-06  9.071E-06  8.044E-06
  299.5000  3.093E-05  3.631E-05  3.891E-05  3.790E-05  3.359E-05
  300.5000  4.800E-05  5.624E-05  6.015E-05  5.863E-05  5.209E-05
  301.5000  1.690E-04  1.967E-04  2.097E-04  2.047E-04  1.828E-04
  302.5000  3.104E-04  3.588E-04  3.814E-04  3.727E-04  3.346E-04
  303.5000  8.487E-04  9.715E-04  1.028E-03  1.006E-03  9.104E-04
  304.5000  1.225E-03  1.392E-03  1.469E-03  1.440E-03  1.309E-03
  305.5000  2.466E-03  2.772E-03  2.911E-03  2.858E-03  2.621E-03
  306.5000  3.091E-03  3.457E-03  3.622E-03  3.558E-03  3.277E-03
  307.5000  6.370E-03  7.046E-03  7.347E-03  7.232E-03  6.713E-03
  308.5000  8.179E-03  9.009E-03  9.377E-03  9.236E-03  8.601E-03
  309.5000  9.154E-03  1.000E-02  1.038E-02  1.024E-02  9.587E-03
  310.5000  1.480E-02  1.608E-02  1.664E-02  1.643E-02  1.545E-02
  311.5000  2.133E-02  2.309E-02  2.386E-02  2.357E-02  2.223E-02
  312.5000  2.550E-02  2.741E-02  2.824E-02  2.792E-02  2.647E-02
  313.5000  3.035E-02  3.257E-02  3.354E-02  3.317E-02  3.149E-02
  314.5000  3.610E-02  3.850E-02  3.955E-02  3.915E-02  3.733E-02
  315.5000  3.839E-02  4.091E-02  4.200E-02  4.159E-02  3.968E-02
  316.5000  4.376E-02  4.640E-02  4.755E-02  4.711E-02  4.512E-02
  317.5000  6.199E-02  6.574E-02  6.736E-02  6.674E-02  6.391E-02
  318.5000  5.517E-02  5.824E-02  5.957E-02  5.906E-02  5.675E-02
  319.5000  6.898E-02  7.276E-02  7.439E-02  7.376E-02  7.092E-02
  320.5000  8.642E-02  9.106E-02  9.306E-02  9.230E-02  8.880E-02
  321.5000  8.208E-02  8.612E-02  8.786E-02  8.720E-02  8.415E-02
  322.5000  7.597E-02  7.998E-02  8.171E-02  8.105E-02  7.803E-02
  323.5000  8.959E-02  9.384E-02  9.566E-02  9.497E-02  9.177E-02
  324.5000  1.047E-01  1.097E-01  1.119E-01  1.111E-01  1.073E-01
  325.5000  1.155E-01  1.211E-01  1.235E-01  1.226E-01  1.184E-01
  326.5000  1.531E-01  1.599E-01  1.629E-01  1.617E-01  1.566E-01
  327.5000  1.387E-01  1.451E-01  1.478E-01  1.468E-01  1.420E-01
  328.5000  1.284E-01  1.342E-01  1.368E-01  1.358E-01  1.314E-01
  329.5000  1.778E-01  1.855E-01  1.888E-01  1.876E-01  1.818E-01
  330.5000  1.576E-01  1.646E-01  1.676E-01  1.664E-01  1.612E-01
  331.5000  1.551E-01  1.620E-01  1.649E-01  1.638E-01  1.586E-01
  332.5000  1.602E-01  1.670E-01  1.700E-01  1.689E-01  1.637E-01
  333.5000  1.478E-01  1.542E-01  1.569E-01  1.559E-01  1.511E-01
  334.5000  1.670E-01  1.742E-01  1.773E-01  1.761E-01  1.707E-01
  335.5000  1.733E-01  1.806E-01  1.837E-01  1.825E-01  1.771E-01
  336.5000  1.348E-01  1.405E-01  1.429E-01  1.420E-01  1.377E-01
  337.5000  1.459E-01  1.522E-01  1.548E-01  1.538E-01  1.491E-01
  338.5000  1.578E-01  1.644E-01  1.673E-01  1.662E-01  1.612E-01
  339.5000  1.723E-01  1.795E-01  1.826E-01  1.814E-01  1.760E-01
  340.5000  1.829E-01  1.906E-01  1.939E-01  1.927E-01  1.869E-01
  341.5000  1.646E-01  1.714E-01  1.744E-01  1.733E-01  1.681E-01
  342.5000  1.829E-01  1.905E-01  1.938E-01  1.926E-01  1.868E-01
  343.5000  1.895E-01  1.974E-01  2.008E-01  1.995E-01  1.936E-01
  344.5000  1.324E-01  1.380E-01  1.404E-01  1.394E-01  1.353E-01
  345.5000  1.837E-01  1.913E-01  1.946E-01  1.933E-01  1.876E-01
  346.5000  1.709E-01  1.780E-01  1.811E-01  1.799E-01  1.746E-01
  347.5000  1.673E-01  1.743E-01  1.773E-01  1.762E-01  1.709E-01
  348.5000  1.846E-01  1.923E-01  1.956E-01  1.943E-01  1.886E-01
  349.5000  1.548E-01  1.613E-01  1.641E-01  1.630E-01  1.582E-01
  350.5000  2.172E-01  2.262E-01  2.301E-01  2.286E-01  2.219E-01
  351.5000  1.873E-01  1.951E-01  1.984E-01  1.971E-01  1.913E-01
  352.5000  1.692E-01  1.763E-01  1.793E-01  1.781E-01  1.729E-01
  353.5000  2.042E-01  2.127E-01  2.163E-01  2.150E-01  2.086E-01
  354.5000  2.216E-01  2.307E-01  2.347E-01  2.332E-01  2.263E-01
  355.5000  2.073E-01  2.159E-01  2.196E-01  2.182E-01  2.117E-01
  356.5000  1.926E-01  2.006E-01  2.040E-01  2.027E-01  1.967E-01
  357.5000  1.640E-01  1.708E-01  1.737E-01  1.726E-01  1.675E-01
  358.5000  1.268E-01  1.320E-01  1.343E-01  1.334E-01  1.295E-01
  359.5000  2.136E-01  2.224E-01  2.262E-01  2.248E-01  2.181E-01
  360.5000  1.982E-01  2.064E-01  2.100E-01  2.086E-01  2.025E-01
  361.5000  1.790E-01  1.864E-01  1.896E-01  1.884E-01  1.828E-01
  362.5000  2.105E-01  2.192E-01  2.229E-01  2.215E-01  2.150E-01
  363.5000  1.875E-01  1.953E-01  1.986E-01  1.973E-01  1.915E-01
  364.5000  2.048E-01  2.133E-01  2.169E-01  2.155E-01  2.092E-01
  365.5000  2.498E-01  2.601E-01  2.646E-01  2.629E-01  2.551E-01
  366.5000  2.648E-01  2.757E-01  2.804E-01  2.786E-01  2.704E-01
  367.5000  2.518E-01  2.621E-01  2.666E-01  2.649E-01  2.571E-01
  368.5000  2.214E-01  2.306E-01  2.345E-01  2.330E-01  2.261E-01
  369.5000  2.660E-01  2.769E-01  2.816E-01  2.798E-01  2.716E-01
  370.5000  2.416E-01  2.515E-01  2.558E-01  2.542E-01  2.467E-01
  371.5000  2.768E-01  2.882E-01  2.930E-01  2.912E-01  2.827E-01
  372.5000  2.047E-01  2.131E-01  2.167E-01  2.154E-01  2.091E-01
  373.5000  1.853E-01  1.929E-01  1.961E-01  1.949E-01  1.892E-01
  374.5000  2.036E-01  2.119E-01  2.155E-01  2.142E-01  2.079E-01
  375.5000  2.300E-01  2.394E-01  2.435E-01  2.419E-01  2.349E-01
  376.5000  2.300E-01  2.394E-01  2.434E-01  2.419E-01  2.348E-01
  377.5000  2.742E-01  2.854E-01  2.902E-01  2.884E-01  2.800E-01
  378.5000  2.992E-01  3.115E-01  3.167E-01  3.147E-01  3.055E-01
  379.5000  2.216E-01  2.307E-01  2.346E-01  2.331E-01  2.263E-01
  380.5000  2.669E-01  2.778E-01  2.825E-01  2.807E-01  2.725E-01
  381.5000  2.511E-01  2.614E-01  2.658E-01  2.641E-01  2.564E-01
  382.5000  1.675E-01  1.744E-01  1.773E-01  1.762E-01  1.711E-01
  383.5000  1.473E-01  1.533E-01  1.559E-01  1.549E-01  1.504E-01
  384.5000  2.213E-01  2.303E-01  2.342E-01  2.327E-01  2.260E-01
  385.5000  2.192E-01  2.282E-01  2.320E-01  2.305E-01  2.238E-01
  386.5000  2.238E-01  2.329E-01  2.368E-01  2.353E-01  2.285E-01
  387.5000  2.082E-01  2.167E-01  2.203E-01  2.189E-01  2.126E-01
  388.5000  2.090E-01  2.175E-01  2.211E-01  2.197E-01  2.133E-01
  389.5000  2.638E-01  2.746E-01  2.791E-01  2.774E-01  2.694E-01
  390.5000  2.595E-01  2.700E-01  2.745E-01  2.728E-01  2.649E-01
  391.5000  3.082E-01  3.207E-01  3.261E-01  3.240E-01  3.147E-01
  392.5000  2.314E-01  2.408E-01  2.448E-01  2.433E-01  2.362E-01
  393.5000  1.007E-01  1.048E-01  1.066E-01  1.059E-01  1.028E-01
  394.5000  2.373E-01  2.469E-01  2.510E-01  2.495E-01  2.423E-01
  395.5000  3.057E-01  3.181E-01  3.234E-01  3.213E-01  3.121E-01
  396.5000  1.797E-01  1.870E-01  1.901E-01  1.889E-01  1.835E-01
  397.5000  2.077E-01  2.161E-01  2.196E-01  2.183E-01  2.120E-01
  398.5000  3.573E-01  3.717E-01  3.778E-01  3.755E-01  3.647E-01
  399.5000  3.721E-01  3.871E-01  3.935E-01  3.910E-01  3.798E-01
  400.5000  3.917E-01  4.074E-01  4.142E-01  4.116E-01  3.998E-01
  401.5000  4.034E-01  4.197E-01  4.266E-01  4.240E-01  4.118E-01
  402.5000  4.193E-01  4.362E-01  4.434E-01  4.407E-01  4.280E-01
  403.5000  3.843E-01  3.997E-01  4.063E-01  4.038E-01  3.922E-01
  404.5000  3.774E-01  3.925E-01  3.990E-01  3.965E-01  3.852E-01
  405.5000  3.925E-01  4.082E-01  4.149E-01  4.124E-01  4.006E-01
  406.5000  3.701E-01  3.850E-01  3.913E-01  3.889E-01  3.778E-01
  407.5000  3.736E-01  3.885E-01  3.949E-01  3.925E-01  3.813E-01
  408.5000  4.166E-01  4.332E-01  4.403E-01  4.376E-01  4.251E-01
  409.5000  4.088E-01  4.252E-01  4.321E-01  4.295E-01  4.172E-01
  410.5000  3.550E-01  3.691E-01  3.752E-01  3.729E-01  3.623E-01
  411.5000  4.272E-01  4.442E-01  4.515E-01  4.487E-01  4.359E-01
  412.5000  4.239E-01  4.408E-01  4.480E-01  4.452E-01  4.326E-01
  413.5000  4.116E-01  4.280E-01  4.350E-01  4.323E-01  4.200E-01
  414.5000  4.235E-01  4.404E-01  4.476E-01  4.448E-01  4.322E-01
  415.5000  4.056E-01  4.217E-01  4.286E-01  4.259E-01  4.139E-01
  416.5000  4.419E-01  4.594E-01  4.669E-01  4.641E-01  4.509E-01
  417.5000  4.044E-01  4.205E-01  4.273E-01  4.247E-01  4.127E-01
  418.5000  4.081E-01  4.242E-01  4.311E-01  4.285E-01  4.164E-01
  419.5000  4.220E-01  4.387E-01  4.459E-01  4.432E-01  4.306E-01
------------------------------------------------------------
Dose rates, W m-2
   1 = UV-B, 280-315 nm                                  
   2 = UV-A, 315-400 nm                                  
   3 = Gaussian, 320 nm, 10 nm FWHM                      
   4 = RB Meter, model 501                               
   5 = DNA damage, in vitro (Setlow, 1974)               
   6 = UV index (WMO, 1994; Webb et al., 2011)           
   7 = Previtamin-D3 (CIE 2006)                          
values at z =      0.000 km
Columns: time, sza, weighting spectra
time, hrs.  sza, deg.          1          2          3          4          5          6          7
   11.0000     70.139  1.600E-01  1.595E+01  7.373E-02  4.703E-02  2.306E-04  9.570E-01  2.925E-02
   11.5000     69.503  1.730E-01  1.662E+01  7.760E-02  5.050E-02  2.515E-04  1.020E+00  3.190E-02
   12.0000     69.232  1.787E-01  1.690E+01  7.927E-02  5.202E-02  2.608E-04  1.048E+00  3.307E-02
   12.5000     69.335  1.765E-01  1.680E+01  7.864E-02  5.144E-02  2.572E-04  1.038E+00  3.262E-02
   13.0000     69.811  1.666E-01  1.629E+01  7.571E-02  4.880E-02  2.412E-04  9.894E-01  3.060E-02
------------------------------------------------------------
