Spectral Irradiance, W m-2 nm-1
values at z =      0.000 km
Columns: wavelength (nm), times (hrs.) or sza (deg.)
    wc, nm     11.000     11.500     12.000     12.500     13.000
    sza =      41.828     39.554     38.569     38.972     40.720
  280.5000  2.022E-15  5.725E-15  8.684E-15  7.340E-15  3.404E-15
  281.5000  7.784E-14  2.010E-13  2.939E-13  2.521E-13  1.252E-13
  282.5000  1.225E-12  2.923E-12  4.141E-12  3.598E-12  1.893E-12
  283.5000  6.651E-12  1.508E-11  2.092E-11  1.833E-11  1.002E-11
  284.5000  8.748E-11  1.806E-10  2.414E-10  2.147E-10  1.257E-10
  285.5000  3.682E-10  7.093E-10  9.224E-10  8.296E-10  5.112E-10
  286.5000  5.013E-09  9.156E-09  1.166E-08  1.057E-08  6.777E-09
  287.5000  3.364E-08  5.791E-08  7.202E-08  6.595E-08  4.415E-08
  288.5000  1.999E-07  3.229E-07  3.913E-07  3.621E-07  2.541E-07
  289.5000  1.240E-06  1.912E-06  2.276E-06  2.122E-06  1.540E-06
  290.5000  5.496E-06  8.160E-06  9.562E-06  8.969E-06  6.698E-06
  291.5000  1.941E-05  2.759E-05  3.177E-05  3.001E-05  2.314E-05
  292.5000  5.094E-05  6.987E-05  7.932E-05  7.536E-05  5.966E-05
  293.5000  1.593E-04  2.113E-04  2.367E-04  2.261E-04  1.835E-04
  294.5000  3.221E-04  4.161E-04  4.613E-04  4.425E-04  3.661E-04
  295.5000  8.636E-04  1.085E-03  1.190E-03  1.146E-03  9.681E-04
  296.5000  1.590E-03  1.953E-03  2.121E-03  2.052E-03  1.762E-03
  297.5000  3.194E-03  3.844E-03  4.142E-03  4.019E-03  3.504E-03
  298.5000  3.961E-03  4.687E-03  5.016E-03  4.881E-03  4.309E-03
  299.5000  9.170E-03  1.068E-02  1.135E-02  1.108E-02  9.895E-03
  300.5000  8.845E-03  1.018E-02  1.077E-02  1.052E-02  9.486E-03
  301.5000  1.811E-02  2.056E-02  2.164E-02  2.120E-02  1.930E-02
  302.5000  2.305E-02  2.594E-02  2.720E-02  2.669E-02  2.445E-02
  303.5000  4.030E-02  4.489E-02  4.689E-02  4.607E-02  4.253E-02
  304.5000  4.475E-02  4.955E-02  5.163E-02  5.067E-02  4.709E-02
  305.5000  6.045E-02  6.635E-02  6.890E-02  6.786E-02  6.333E-02
  306.5000  6.378E-02  6.973E-02  7.230E-02  7.125E-02  6.668E-02
  307.5000  9.376E-02  1.018E-01  1.052E-01  1.038E-01  9.768E-02
  308.5000  1.058E-01  1.145E-01  1.182E-01  1.167E-01  1.101E-01
  309.5000  9.444E-02  1.017E-01  1.048E-01  1.036E-01  9.801E-02
  310.5000  1.298E-01  1.393E-01  1.434E-01  1.417E-01  1.345E-01
  311.5000  1.681E-01  1.800E-01  1.851E-01  1.830E-01  1.739E-01
  312.5000  1.657E-01  1.768E-01  1.815E-01  1.796E-01  1.711E-01
  313.5000  1.885E-01  2.009E-01  2.061E-01  2.040E-01  1.946E-01
  314.5000  1.900E-01  2.018E-01  2.068E-01  2.048E-01  1.958E-01
  315.5000  1.966E-01  2.087E-01  2.138E-01  2.117E-01  2.025E-01
  316.5000  1.971E-01  2.086E-01  2.135E-01  2.115E-01  2.027E-01
  317.5000  2.788E-01  2.951E-01  3.019E-01  2.991E-01  2.868E-01
  318.5000  2.205E-01  2.328E-01  2.380E-01  2.359E-01  2.266E-01
  319.5000  2.694E-01  2.843E-01  2.906E-01  2.880E-01  2.767E-01
  320.5000  3.283E-01  3.462E-01  3.538E-01  3.507E-01  3.371E-01
  321.5000  2.800E-01  2.946E-01  3.008E-01  2.983E-01  2.872E-01
  322.5000  2.812E-01  2.963E-01  3.027E-01  3.001E-01  2.886E-01
  323.5000  2.910E-01  3.058E-01  3.121E-01  3.095E-01  2.983E-01
  324.5000  3.416E-01  3.590E-01  3.663E-01  3.633E-01  3.501E-01
  325.5000  3.826E-01  4.024E-01  4.107E-01  4.073E-01  3.924E-01
  326.5000  4.643E-01  4.872E-01  4.968E-01  4.929E-01  4.755E-01
  327.5000  4.323E-01  4.538E-01  4.629E-01  4.592E-01  4.429E-01
  328.5000  3.993E-01  4.191E-01  4.275E-01  4.241E-01  4.091E-01
  329.5000  5.181E-01  5.431E-01  5.536E-01  5.493E-01  5.304E-01
  330.5000  4.711E-01  4.941E-01  5.037E-01  4.998E-01  4.824E-01
  331.5000  4.656E-01  4.884E-01  4.979E-01  4.940E-01  4.768E-01
  332.5000  4.587E-01  4.806E-01  4.898E-01  4.861E-01  4.695E-01
  333.5000  4.311E-01  4.519E-01  4.606E-01  4.571E-01  4.414E-01
  334.5000  4.818E-01  5.049E-01  5.146E-01  5.106E-01  4.932E-01
  335.5000  4.885E-01  5.116E-01  5.213E-01  5.173E-01  4.998E-01
  336.5000  3.820E-01  4.001E-01  4.077E-01  4.046E-01  3.909E-01
  337.5000  4.195E-01  4.394E-01  4.478E-01  4.444E-01  4.293E-01
  338.5000  4.428E-01  4.636E-01  4.723E-01  4.688E-01  4.530E-01
  339.5000  4.814E-01  5.040E-01  5.135E-01  5.096E-01  4.925E-01
  340.5000  5.148E-01  5.390E-01  5.492E-01  5.450E-01  5.267E-01
  341.5000  4.573E-01  4.786E-01  4.876E-01  4.839E-01  4.678E-01
  342.5000  5.067E-01  5.302E-01  5.402E-01  5.361E-01  5.183E-01
  343.5000  5.264E-01  5.509E-01  5.612E-01  5.570E-01  5.385E-01
  344.5000  3.691E-01  3.862E-01  3.935E-01  3.905E-01  3.775E-01
  345.5000  5.056E-01  5.290E-01  5.388E-01  5.349E-01  5.171E-01
  346.5000  4.731E-01  4.950E-01  5.042E-01  5.005E-01  4.839E-01
  347.5000  4.624E-01  4.837E-01  4.927E-01  4.890E-01  4.729E-01
  348.5000  5.082E-01  5.316E-01  5.415E-01  5.375E-01  5.197E-01
  349.5000  4.260E-01  4.456E-01  4.538E-01  4.504E-01  4.356E-01
  350.5000  5.965E-01  6.239E-01  6.354E-01  6.307E-01  6.100E-01
  351.5000  5.142E-01  5.377E-01  5.477E-01  5.436E-01  5.258E-01
  352.5000  4.638E-01  4.850E-01  4.939E-01  4.903E-01  4.742E-01
  353.5000  5.583E-01  5.838E-01  5.945E-01  5.902E-01  5.709E-01
  354.5000  6.043E-01  6.318E-01  6.434E-01  6.387E-01  6.179E-01
  355.5000  5.648E-01  5.905E-01  6.013E-01  5.969E-01  5.775E-01
  356.5000  5.242E-01  5.480E-01  5.580E-01  5.540E-01  5.359E-01
  357.5000  4.458E-01  4.660E-01  4.745E-01  4.711E-01  4.558E-01
  358.5000  3.440E-01  3.596E-01  3.662E-01  3.635E-01  3.517E-01
  359.5000  5.791E-01  6.053E-01  6.163E-01  6.118E-01  5.920E-01
  360.5000  5.368E-01  5.610E-01  5.712E-01  5.671E-01  5.487E-01
  361.5000  4.840E-01  5.058E-01  5.150E-01  5.113E-01  4.947E-01
  362.5000  5.684E-01  5.940E-01  6.047E-01  6.004E-01  5.810E-01
  363.5000  5.057E-01  5.284E-01  5.380E-01  5.341E-01  5.169E-01
  364.5000  5.517E-01  5.764E-01  5.868E-01  5.826E-01  5.639E-01
  365.5000  6.723E-01  7.024E-01  7.151E-01  7.099E-01  6.871E-01
  366.5000  7.116E-01  7.434E-01  7.568E-01  7.513E-01  7.273E-01
  367.5000  6.757E-01  7.059E-01  7.185E-01  7.134E-01  6.905E-01
  368.5000  5.936E-01  6.201E-01  6.312E-01  6.267E-01  6.067E-01
  369.5000  7.121E-01  7.438E-01  7.571E-01  7.517E-01  7.277E-01
  370.5000  6.461E-01  6.749E-01  6.869E-01  6.820E-01  6.603E-01
  371.5000  7.394E-01  7.722E-01  7.860E-01  7.804E-01  7.555E-01
  372.5000  5.462E-01  5.704E-01  5.806E-01  5.764E-01  5.581E-01
  373.5000  4.937E-01  5.156E-01  5.248E-01  5.210E-01  5.045E-01
  374.5000  5.419E-01  5.659E-01  5.760E-01  5.719E-01  5.537E-01
  375.5000  6.115E-01  6.385E-01  6.498E-01  6.452E-01  6.248E-01
  376.5000  6.107E-01  6.376E-01  6.489E-01  6.443E-01  6.240E-01
  377.5000  7.273E-01  7.593E-01  7.727E-01  7.673E-01  7.430E-01
  378.5000  7.927E-01  8.276E-01  8.422E-01  8.363E-01  8.099E-01
  379.5000  5.865E-01  6.123E-01  6.231E-01  6.187E-01  5.992E-01
  380.5000  7.055E-01  7.364E-01  7.494E-01  7.441E-01  7.207E-01
  381.5000  6.630E-01  6.920E-01  7.042E-01  6.992E-01  6.773E-01
  382.5000  4.418E-01  4.611E-01  4.692E-01  4.659E-01  4.513E-01
  383.5000  3.880E-01  4.049E-01  4.120E-01  4.091E-01  3.963E-01
  384.5000  5.823E-01  6.077E-01  6.184E-01  6.140E-01  5.948E-01
  385.5000  5.762E-01  6.013E-01  6.118E-01  6.075E-01  5.885E-01
  386.5000  5.874E-01  6.129E-01  6.236E-01  6.193E-01  6.000E-01
  387.5000  5.459E-01  5.696E-01  5.796E-01  5.756E-01  5.576E-01
  388.5000  5.473E-01  5.710E-01  5.810E-01  5.769E-01  5.590E-01
  389.5000  6.902E-01  7.201E-01  7.327E-01  7.276E-01  7.050E-01
  390.5000  6.780E-01  7.074E-01  7.197E-01  7.147E-01  6.925E-01
  391.5000  8.045E-01  8.392E-01  8.538E-01  8.479E-01  8.216E-01
  392.5000  6.033E-01  6.293E-01  6.403E-01  6.358E-01  6.161E-01
  393.5000  2.623E-01  2.736E-01  2.784E-01  2.764E-01  2.679E-01
  394.5000  6.173E-01  6.439E-01  6.550E-01  6.505E-01  6.304E-01
  395.5000  7.944E-01  8.285E-01  8.428E-01  8.370E-01  8.112E-01
  396.5000  4.665E-01  4.865E-01  4.949E-01  4.915E-01  4.764E-01
  397.5000  5.384E-01  5.615E-01  5.712E-01  5.672E-01  5.498E-01
  398.5000  9.252E-01  9.649E-01  9.815E-01  9.747E-01  9.448E-01
  399.5000  9.625E-01  1.004E+00  1.021E+00  1.014E+00  9.828E-01
  400.5000  1.012E+00  1.055E+00  1.073E+00  1.066E+00  1.033E+00
  401.5000  1.041E+00  1.086E+00  1.104E+00  1.097E+00  1.063E+00
  402.5000  1.081E+00  1.127E+00  1.147E+00  1.139E+00  1.104E+00
  403.5000  9.898E-01  1.032E+00  1.050E+00  1.042E+00  1.011E+00
  404.5000  9.709E-01  1.012E+00  1.029E+00  1.022E+00  9.912E-01
  405.5000  1.009E+00  1.051E+00  1.069E+00  1.062E+00  1.030E+00
  406.5000  9.502E-01  9.905E-01  1.007E+00  1.001E+00  9.700E-01
  407.5000  9.581E-01  9.987E-01  1.016E+00  1.009E+00  9.781E-01
  408.5000  1.067E+00  1.112E+00  1.131E+00  1.124E+00  1.089E+00
  409.5000  1.046E+00  1.090E+00  1.109E+00  1.102E+00  1.068E+00
  410.5000  9.074E-01  9.458E-01  9.618E-01  9.553E-01  9.263E-01
  411.5000  1.091E+00  1.137E+00  1.156E+00  1.148E+00  1.114E+00
  412.5000  1.081E+00  1.127E+00  1.146E+00  1.138E+00  1.104E+00
  413.5000  1.049E+00  1.093E+00  1.112E+00  1.104E+00  1.071E+00
  414.5000  1.078E+00  1.123E+00  1.142E+00  1.135E+00  1.100E+00
  415.5000  1.031E+00  1.075E+00  1.093E+00  1.085E+00  1.053E+00
  416.5000  1.123E+00  1.170E+00  1.189E+00  1.181E+00  1.146E+00
  417.5000  1.026E+00  1.069E+00  1.087E+00  1.080E+00  1.048E+00
  418.5000  1.035E+00  1.078E+00  1.096E+00  1.089E+00  1.056E+00
  419.5000  1.069E+00  1.114E+00  1.132E+00  1.125E+00  1.091E+00
------------------------------------------------------------
Dose rates, W m-2
   1 = UV-B, 280-315 nm                                  
   2 = UV-A, 315-400 nm                                  
   3 = Gaussian, 320 nm, 10 nm FWHM                      
   4 = RB Meter, model 501                               
   5 = DNA damage, in vitro (Setlow, 1974)               
   6 = UV index (WMO, 1994; Webb et al., 2011)           
   7 = Previtamin-D3 (CIE 2006)                          
values at z =      0.000 km
Columns: time, sza, weighting spectra
time, hrs.  sza, deg.          1          2          3          4          5          6          7
   11.0000     41.828  1.415E+00  4.404E+01  2.770E-01  4.185E-01  4.882E-03  8.001E+00  3.984E-01
   11.5000     39.554  1.527E+00  4.605E+01  2.922E-01  4.548E-01  5.494E-03  8.737E+00  4.365E-01
   12.0000     38.569  1.575E+00  4.689E+01  2.986E-01  4.704E-01  5.767E-03  9.057E+00  4.531E-01
   12.5000     38.972  1.555E+00  4.655E+01  2.959E-01  4.640E-01  5.654E-03  8.925E+00  4.462E-01
   13.0000     40.720  1.470E+00  4.503E+01  2.845E-01  4.362E-01  5.177E-03  8.358E+00  4.170E-01
------------------------------------------------------------
