Spectral Irradiance, W m-2 nm-1
values at z =      0.000 km
Columns: wavelength (nm), times (hrs.) or sza (deg.)
    wc, nm     11.000     11.500     12.000     12.500     13.000
    sza =      73.758     73.247     73.030     73.114     73.500
  280.5000  2.747E-27  2.847E-27  2.891E-27  2.874E-27  2.797E-27
  281.5000  7.889E-25  8.183E-25  8.311E-25  8.261E-25  8.035E-25
  282.5000  7.000E-23  7.266E-23  7.382E-23  7.336E-23  7.133E-23
  283.5000  1.164E-21  1.209E-21  1.229E-21  1.221E-21  1.187E-21
  284.5000  1.205E-19  1.252E-19  1.273E-19  1.265E-19  1.228E-19
  285.5000  2.344E-18  2.439E-18  2.481E-18  2.464E-18  2.391E-18
  286.5000  1.038E-16  1.081E-16  1.100E-16  1.092E-16  1.059E-16
  287.5000  2.601E-15  2.712E-15  2.761E-15  2.742E-15  2.656E-15
  288.5000  6.574E-14  6.866E-14  6.995E-14  6.944E-14  6.719E-14
  289.5000  1.157E-12  1.210E-12  1.234E-12  1.225E-12  1.184E-12
  290.5000  1.243E-11  1.302E-11  1.328E-11  1.317E-11  1.272E-11
  291.5000  1.214E-10  1.275E-10  1.301E-10  1.291E-10  1.244E-10
  292.5000  7.434E-10  7.820E-10  7.991E-10  7.924E-10  7.625E-10
  293.5000  5.245E-09  5.532E-09  5.661E-09  5.610E-09  5.387E-09
  294.5000  2.037E-08  2.155E-08  2.209E-08  2.188E-08  2.095E-08
  295.5000  1.119E-07  1.190E-07  1.223E-07  1.210E-07  1.154E-07
  296.5000  3.845E-07  4.120E-07  4.247E-07  4.197E-07  3.980E-07
  297.5000  1.380E-06  1.493E-06  1.546E-06  1.525E-06  1.435E-06
  298.5000  2.901E-06  3.171E-06  3.299E-06  3.248E-06  3.032E-06
  299.5000  1.157E-05  1.280E-05  1.338E-05  1.315E-05  1.217E-05
  300.5000  1.763E-05  1.968E-05  2.065E-05  2.026E-05  1.863E-05
  301.5000  6.239E-05  7.016E-05  7.380E-05  7.236E-05  6.618E-05
  302.5000  1.170E-04  1.319E-04  1.388E-04  1.361E-04  1.242E-04
  303.5000  3.351E-04  3.777E-04  3.974E-04  3.896E-04  3.560E-04
  304.5000  5.015E-04  5.643E-04  5.930E-04  5.817E-04  5.324E-04
  305.5000  1.084E-03  1.212E-03  1.271E-03  1.248E-03  1.147E-03
  306.5000  1.406E-03  1.567E-03  1.640E-03  1.611E-03  1.486E-03
  307.5000  3.125E-03  3.455E-03  3.602E-03  3.544E-03  3.288E-03
  308.5000  4.137E-03  4.558E-03  4.745E-03  4.671E-03  4.346E-03
  309.5000  4.903E-03  5.364E-03  5.567E-03  5.487E-03  5.132E-03
  310.5000  8.273E-03  9.001E-03  9.322E-03  9.196E-03  8.636E-03
  311.5000  1.227E-02  1.330E-02  1.375E-02  1.358E-02  1.279E-02
  312.5000  1.548E-02  1.667E-02  1.718E-02  1.698E-02  1.608E-02
  313.5000  1.866E-02  2.006E-02  2.066E-02  2.042E-02  1.936E-02
  314.5000  2.330E-02  2.487E-02  2.555E-02  2.528E-02  2.408E-02
  315.5000  2.496E-02  2.662E-02  2.734E-02  2.706E-02  2.579E-02
  316.5000  2.956E-02  3.136E-02  3.214E-02  3.183E-02  3.046E-02
  317.5000  4.186E-02  4.442E-02  4.552E-02  4.509E-02  4.314E-02
  318.5000  3.861E-02  4.076E-02  4.169E-02  4.133E-02  3.969E-02
  319.5000  4.859E-02  5.125E-02  5.240E-02  5.195E-02  4.993E-02
  320.5000  6.137E-02  6.466E-02  6.607E-02  6.552E-02  6.302E-02
  321.5000  6.024E-02  6.318E-02  6.444E-02  6.394E-02  6.171E-02
  322.5000  5.434E-02  5.719E-02  5.842E-02  5.794E-02  5.577E-02
  323.5000  6.672E-02  6.983E-02  7.116E-02  7.064E-02  6.828E-02
  324.5000  7.787E-02  8.153E-02  8.309E-02  8.248E-02  7.971E-02
  325.5000  8.543E-02  8.951E-02  9.126E-02  9.057E-02  8.748E-02
  326.5000  1.163E-01  1.214E-01  1.236E-01  1.227E-01  1.189E-01
  327.5000  1.045E-01  1.092E-01  1.112E-01  1.104E-01  1.068E-01
  328.5000  9.670E-02  1.011E-01  1.029E-01  1.022E-01  9.889E-02
  329.5000  1.367E-01  1.425E-01  1.449E-01  1.440E-01  1.396E-01
  330.5000  1.201E-01  1.253E-01  1.276E-01  1.267E-01  1.227E-01
  331.5000  1.180E-01  1.231E-01  1.253E-01  1.245E-01  1.206E-01
  332.5000  1.237E-01  1.289E-01  1.311E-01  1.302E-01  1.263E-01
  333.5000  1.134E-01  1.182E-01  1.203E-01  1.195E-01  1.158E-01
  334.5000  1.286E-01  1.340E-01  1.363E-01  1.354E-01  1.313E-01
  335.5000  1.344E-01  1.399E-01  1.422E-01  1.413E-01  1.371E-01
  336.5000  1.043E-01  1.086E-01  1.104E-01  1.097E-01  1.065E-01
  337.5000  1.123E-01  1.170E-01  1.190E-01  1.183E-01  1.147E-01
  338.5000  1.224E-01  1.274E-01  1.295E-01  1.287E-01  1.249E-01
  339.5000  1.338E-01  1.392E-01  1.416E-01  1.406E-01  1.365E-01
  340.5000  1.416E-01  1.475E-01  1.500E-01  1.490E-01  1.446E-01
  341.5000  1.279E-01  1.331E-01  1.353E-01  1.345E-01  1.305E-01
  342.5000  1.423E-01  1.481E-01  1.505E-01  1.496E-01  1.452E-01
  343.5000  1.472E-01  1.532E-01  1.558E-01  1.548E-01  1.502E-01
  344.5000  1.027E-01  1.069E-01  1.087E-01  1.080E-01  1.048E-01
  345.5000  1.431E-01  1.488E-01  1.513E-01  1.503E-01  1.460E-01
  346.5000  1.328E-01  1.382E-01  1.405E-01  1.396E-01  1.355E-01
  347.5000  1.301E-01  1.354E-01  1.376E-01  1.368E-01  1.327E-01
  348.5000  1.436E-01  1.495E-01  1.519E-01  1.510E-01  1.466E-01
  349.5000  1.205E-01  1.254E-01  1.275E-01  1.266E-01  1.229E-01
  350.5000  1.690E-01  1.759E-01  1.788E-01  1.777E-01  1.725E-01
  351.5000  1.457E-01  1.516E-01  1.541E-01  1.532E-01  1.487E-01
  352.5000  1.317E-01  1.371E-01  1.393E-01  1.385E-01  1.344E-01
  353.5000  1.590E-01  1.655E-01  1.682E-01  1.672E-01  1.623E-01
  354.5000  1.726E-01  1.796E-01  1.826E-01  1.814E-01  1.761E-01
  355.5000  1.615E-01  1.681E-01  1.709E-01  1.698E-01  1.648E-01
  356.5000  1.501E-01  1.562E-01  1.588E-01  1.577E-01  1.531E-01
  357.5000  1.278E-01  1.329E-01  1.351E-01  1.343E-01  1.304E-01
  358.5000  9.878E-02  1.028E-01  1.045E-01  1.038E-01  1.008E-01
  359.5000  1.665E-01  1.732E-01  1.761E-01  1.750E-01  1.699E-01
  360.5000  1.545E-01  1.608E-01  1.635E-01  1.624E-01  1.577E-01
  361.5000  1.396E-01  1.452E-01  1.476E-01  1.467E-01  1.424E-01
  362.5000  1.642E-01  1.708E-01  1.737E-01  1.725E-01  1.675E-01
  363.5000  1.463E-01  1.522E-01  1.547E-01  1.537E-01  1.492E-01
  364.5000  1.597E-01  1.662E-01  1.690E-01  1.679E-01  1.630E-01
  365.5000  1.949E-01  2.028E-01  2.061E-01  2.048E-01  1.988E-01
  366.5000  2.066E-01  2.149E-01  2.185E-01  2.171E-01  2.108E-01
  367.5000  1.965E-01  2.044E-01  2.078E-01  2.065E-01  2.005E-01
  368.5000  1.728E-01  1.798E-01  1.828E-01  1.816E-01  1.763E-01
  369.5000  2.076E-01  2.160E-01  2.196E-01  2.182E-01  2.118E-01
  370.5000  1.886E-01  1.962E-01  1.995E-01  1.982E-01  1.924E-01
  371.5000  2.161E-01  2.248E-01  2.286E-01  2.271E-01  2.205E-01
  372.5000  1.599E-01  1.663E-01  1.691E-01  1.680E-01  1.631E-01
  373.5000  1.447E-01  1.505E-01  1.530E-01  1.521E-01  1.476E-01
  374.5000  1.590E-01  1.654E-01  1.682E-01  1.671E-01  1.623E-01
  375.5000  1.797E-01  1.869E-01  1.900E-01  1.888E-01  1.833E-01
  376.5000  1.797E-01  1.869E-01  1.900E-01  1.888E-01  1.833E-01
  377.5000  2.143E-01  2.229E-01  2.266E-01  2.252E-01  2.186E-01
  378.5000  2.339E-01  2.433E-01  2.473E-01  2.458E-01  2.386E-01
  379.5000  1.733E-01  1.803E-01  1.832E-01  1.821E-01  1.768E-01
  380.5000  2.087E-01  2.171E-01  2.207E-01  2.193E-01  2.129E-01
  381.5000  1.964E-01  2.043E-01  2.077E-01  2.063E-01  2.003E-01
  382.5000  1.310E-01  1.363E-01  1.386E-01  1.377E-01  1.337E-01
  383.5000  1.152E-01  1.199E-01  1.218E-01  1.211E-01  1.176E-01
  384.5000  1.732E-01  1.801E-01  1.831E-01  1.820E-01  1.767E-01
  385.5000  1.716E-01  1.785E-01  1.814E-01  1.803E-01  1.750E-01
  386.5000  1.751E-01  1.822E-01  1.852E-01  1.840E-01  1.787E-01
  387.5000  1.630E-01  1.696E-01  1.724E-01  1.713E-01  1.663E-01
  388.5000  1.636E-01  1.702E-01  1.730E-01  1.719E-01  1.669E-01
  389.5000  2.066E-01  2.149E-01  2.185E-01  2.171E-01  2.108E-01
  390.5000  2.032E-01  2.114E-01  2.149E-01  2.135E-01  2.073E-01
  391.5000  2.414E-01  2.512E-01  2.553E-01  2.537E-01  2.463E-01
  392.5000  1.813E-01  1.886E-01  1.917E-01  1.905E-01  1.850E-01
  393.5000  7.894E-02  8.211E-02  8.346E-02  8.293E-02  8.053E-02
  394.5000  1.860E-01  1.935E-01  1.967E-01  1.954E-01  1.898E-01
  395.5000  2.397E-01  2.493E-01  2.534E-01  2.518E-01  2.445E-01
  396.5000  1.409E-01  1.466E-01  1.490E-01  1.481E-01  1.438E-01
  397.5000  1.629E-01  1.694E-01  1.722E-01  1.711E-01  1.662E-01
  398.5000  2.803E-01  2.915E-01  2.963E-01  2.944E-01  2.859E-01
  399.5000  2.919E-01  3.036E-01  3.086E-01  3.067E-01  2.978E-01
  400.5000  3.073E-01  3.197E-01  3.249E-01  3.229E-01  3.135E-01
  401.5000  3.167E-01  3.293E-01  3.347E-01  3.326E-01  3.230E-01
  402.5000  3.292E-01  3.424E-01  3.480E-01  3.458E-01  3.358E-01
  403.5000  3.018E-01  3.138E-01  3.190E-01  3.170E-01  3.078E-01
  404.5000  2.964E-01  3.082E-01  3.133E-01  3.113E-01  3.023E-01
  405.5000  3.083E-01  3.206E-01  3.259E-01  3.238E-01  3.145E-01
  406.5000  2.908E-01  3.024E-01  3.074E-01  3.054E-01  2.967E-01
  407.5000  2.936E-01  3.053E-01  3.103E-01  3.084E-01  2.995E-01
  408.5000  3.274E-01  3.405E-01  3.460E-01  3.439E-01  3.340E-01
  409.5000  3.214E-01  3.342E-01  3.397E-01  3.376E-01  3.279E-01
  410.5000  2.791E-01  2.902E-01  2.950E-01  2.931E-01  2.847E-01
  411.5000  3.360E-01  3.494E-01  3.551E-01  3.528E-01  3.427E-01
  412.5000  3.335E-01  3.467E-01  3.524E-01  3.502E-01  3.402E-01
  413.5000  3.239E-01  3.368E-01  3.423E-01  3.401E-01  3.304E-01
  414.5000  3.334E-01  3.466E-01  3.522E-01  3.500E-01  3.400E-01
  415.5000  3.193E-01  3.320E-01  3.373E-01  3.352E-01  3.257E-01
  416.5000  3.479E-01  3.617E-01  3.676E-01  3.653E-01  3.549E-01
  417.5000  3.185E-01  3.311E-01  3.365E-01  3.344E-01  3.249E-01
  418.5000  3.214E-01  3.342E-01  3.396E-01  3.375E-01  3.279E-01
  419.5000  3.325E-01  3.457E-01  3.513E-01  3.491E-01  3.391E-01
------------------------------------------------------------
Dose rates, W m-2
   1 = UV-B, 280-315 nm                                  
   2 = UV-A, 315-400 nm                                  
   3 = Gaussian, 320 nm, 10 nm FWHM                      
   4 = RB Meter, model 501                               
   5 = DNA damage, in vitro (Setlow, 1974)               
   6 = UV index (WMO, 1994; Webb et al., 2011)           
   7 = Previtamin-D3 (CIE 2006)                          
values at z =      0.000 km
Columns: time, sza, weighting spectra
time, hrs.  sza, deg.          1          2          3          4          5          6          7
   11.0000     73.758  9.369E-02  1.237E+01  5.288E-02  2.939E-02  1.310E-04  6.338E-01  1.626E-02
   11.5000     73.247  1.012E-01  1.288E+01  5.562E-02  3.144E-02  1.415E-04  6.726E-01  1.766E-02
   12.0000     73.030  1.045E-01  1.310E+01  5.681E-02  3.234E-02  1.462E-04  6.894E-01  1.828E-02
   12.5000     73.114  1.032E-01  1.301E+01  5.634E-02  3.199E-02  1.444E-04  6.828E-01  1.803E-02
   13.0000     73.500  9.745E-02  1.263E+01  5.426E-02  3.041E-02  1.362E-04  6.532E-01  1.695E-02
------------------------------------------------------------
