Spectral Irradiance, W m-2 nm-1
values at z =      0.000 km
Columns: wavelength (nm), times (hrs.) or sza (deg.)
    wc, nm     11.000     11.500     12.000     12.500     13.000
    sza =      36.658     34.196     33.085     33.458     35.266
  280.5000  2.611E-17  7.640E-17  1.192E-16  1.030E-16  4.867E-17
  281.5000  1.519E-15  4.039E-15  6.058E-15  4.850E-15  2.677E-15
  282.5000  3.407E-14  8.346E-14  1.210E-13  1.071E-13  5.727E-14
  283.5000  2.329E-13  5.410E-13  7.673E-13  6.838E-13  3.796E-13
  284.5000  4.660E-12  9.824E-12  1.339E-11  1.209E-11  7.180E-12
  285.5000  2.675E-11  5.251E-11  6.945E-11  6.333E-11  3.880E-11
  286.5000  4.625E-10  8.590E-10  1.110E-09  1.020E-09  6.621E-10
  287.5000  4.044E-09  7.066E-09  8.907E-09  8.252E-09  5.588E-09
  288.5000  3.206E-08  5.242E-08  6.428E-08  6.010E-08  4.263E-08
  289.5000  2.444E-07  3.810E-07  4.581E-07  4.311E-07  3.161E-07
  290.5000  1.289E-06  1.931E-06  2.283E-06  2.161E-06  1.629E-06
  291.5000  5.541E-06  7.933E-06  9.208E-06  8.766E-06  6.821E-06
  292.5000  1.709E-05  2.358E-05  2.694E-05  2.579E-05  2.059E-05
  293.5000  6.221E-05  8.289E-05  9.339E-05  8.979E-05  7.346E-05
  294.5000  1.417E-04  1.837E-04  2.046E-04  1.975E-04  1.647E-04
  295.5000  4.312E-04  5.431E-04  5.979E-04  5.792E-04  4.928E-04
  296.5000  8.822E-04  1.085E-03  1.182E-03  1.149E-03  9.944E-04
  297.5000  1.944E-03  2.341E-03  2.529E-03  2.465E-03  2.165E-03
  298.5000  2.607E-03  3.084E-03  3.308E-03  3.232E-03  2.873E-03
  299.5000  6.497E-03  7.558E-03  8.051E-03  7.885E-03  7.091E-03
  300.5000  6.632E-03  7.618E-03  8.071E-03  7.918E-03  7.185E-03
  301.5000  1.444E-02  1.636E-02  1.723E-02  1.694E-02  1.552E-02
  302.5000  1.913E-02  2.148E-02  2.254E-02  2.218E-02  2.045E-02
  303.5000  3.508E-02  3.897E-02  4.071E-02  4.013E-02  3.728E-02
  304.5000  4.004E-02  4.420E-02  4.606E-02  4.544E-02  4.239E-02
  305.5000  5.633E-02  6.162E-02  6.397E-02  6.318E-02  5.932E-02
  306.5000  6.048E-02  6.589E-02  6.829E-02  6.749E-02  6.355E-02
  307.5000  9.192E-02  9.939E-02  1.027E-01  1.016E-01  9.616E-02
  308.5000  1.050E-01  1.133E-01  1.169E-01  1.157E-01  1.097E-01
  309.5000  9.585E-02  1.028E-01  1.059E-01  1.049E-01  9.982E-02
  310.5000  1.338E-01  1.430E-01  1.471E-01  1.457E-01  1.391E-01
  311.5000  1.751E-01  1.867E-01  1.918E-01  1.901E-01  1.817E-01
  312.5000  1.758E-01  1.867E-01  1.914E-01  1.898E-01  1.820E-01
  313.5000  2.008E-01  2.130E-01  2.184E-01  2.166E-01  2.078E-01
  314.5000  2.056E-01  2.173E-01  2.225E-01  2.207E-01  2.123E-01
  315.5000  2.133E-01  2.253E-01  2.305E-01  2.288E-01  2.201E-01
  316.5000  2.164E-01  2.279E-01  2.330E-01  2.313E-01  2.230E-01
  317.5000  3.062E-01  3.225E-01  3.296E-01  3.272E-01  3.154E-01
  318.5000  2.448E-01  2.572E-01  2.626E-01  2.608E-01  2.519E-01
  319.5000  2.998E-01  3.147E-01  3.213E-01  3.191E-01  3.083E-01
  320.5000  3.662E-01  3.842E-01  3.921E-01  3.895E-01  3.765E-01
  321.5000  3.155E-01  3.303E-01  3.367E-01  3.345E-01  3.239E-01
  322.5000  3.143E-01  3.296E-01  3.362E-01  3.340E-01  3.230E-01
  323.5000  3.293E-01  3.443E-01  3.508E-01  3.487E-01  3.378E-01
  324.5000  3.863E-01  4.040E-01  4.116E-01  4.091E-01  3.963E-01
  325.5000  4.322E-01  4.521E-01  4.607E-01  4.578E-01  4.435E-01
  326.5000  5.285E-01  5.518E-01  5.619E-01  5.585E-01  5.418E-01
  327.5000  4.907E-01  5.126E-01  5.221E-01  5.189E-01  5.032E-01
  328.5000  4.532E-01  4.734E-01  4.821E-01  4.792E-01  4.647E-01
  329.5000  5.916E-01  6.171E-01  6.282E-01  6.245E-01  6.062E-01
  330.5000  5.365E-01  5.599E-01  5.700E-01  5.666E-01  5.498E-01
  331.5000  5.300E-01  5.531E-01  5.631E-01  5.597E-01  5.431E-01
  332.5000  5.244E-01  5.467E-01  5.563E-01  5.531E-01  5.371E-01
  333.5000  4.918E-01  5.129E-01  5.221E-01  5.190E-01  5.039E-01
  334.5000  5.501E-01  5.735E-01  5.837E-01  5.803E-01  5.635E-01
  335.5000  5.588E-01  5.823E-01  5.925E-01  5.891E-01  5.722E-01
  336.5000  4.367E-01  4.550E-01  4.630E-01  4.604E-01  4.472E-01
  337.5000  4.787E-01  4.990E-01  5.078E-01  5.048E-01  4.903E-01
  338.5000  5.064E-01  5.275E-01  5.367E-01  5.336E-01  5.184E-01
  339.5000  5.506E-01  5.736E-01  5.835E-01  5.802E-01  5.637E-01
  340.5000  5.883E-01  6.129E-01  6.235E-01  6.200E-01  6.023E-01
  341.5000  5.231E-01  5.447E-01  5.541E-01  5.510E-01  5.354E-01
  342.5000  5.796E-01  6.035E-01  6.139E-01  6.105E-01  5.933E-01
  343.5000  6.019E-01  6.267E-01  6.375E-01  6.339E-01  6.161E-01
  344.5000  4.217E-01  4.391E-01  4.467E-01  4.442E-01  4.317E-01
  345.5000  5.783E-01  6.020E-01  6.123E-01  6.089E-01  5.919E-01
  346.5000  5.407E-01  5.629E-01  5.726E-01  5.694E-01  5.534E-01
  347.5000  5.284E-01  5.500E-01  5.594E-01  5.563E-01  5.407E-01
  348.5000  5.808E-01  6.046E-01  6.148E-01  6.114E-01  5.944E-01
  349.5000  4.867E-01  5.066E-01  5.152E-01  5.123E-01  4.981E-01
  350.5000  6.815E-01  7.093E-01  7.213E-01  7.173E-01  6.974E-01
  351.5000  5.873E-01  6.112E-01  6.216E-01  6.181E-01  6.010E-01
  352.5000  5.297E-01  5.512E-01  5.606E-01  5.574E-01  5.420E-01
  353.5000  6.377E-01  6.635E-01  6.747E-01  6.710E-01  6.524E-01
  354.5000  6.902E-01  7.181E-01  7.302E-01  7.262E-01  7.061E-01
  355.5000  6.450E-01  6.710E-01  6.823E-01  6.786E-01  6.599E-01
  356.5000  5.985E-01  6.227E-01  6.331E-01  6.296E-01  6.123E-01
  357.5000  5.089E-01  5.294E-01  5.383E-01  5.354E-01  5.206E-01
  358.5000  3.927E-01  4.085E-01  4.154E-01  4.131E-01  4.017E-01
  359.5000  6.609E-01  6.875E-01  6.989E-01  6.951E-01  6.761E-01
  360.5000  6.126E-01  6.371E-01  6.478E-01  6.442E-01  6.266E-01
  361.5000  5.523E-01  5.744E-01  5.839E-01  5.808E-01  5.649E-01
  362.5000  6.485E-01  6.744E-01  6.856E-01  6.819E-01  6.633E-01
  363.5000  5.769E-01  5.999E-01  6.099E-01  6.065E-01  5.900E-01
  364.5000  6.293E-01  6.543E-01  6.652E-01  6.616E-01  6.436E-01
  365.5000  7.668E-01  7.972E-01  8.104E-01  8.060E-01  7.842E-01
  366.5000  8.114E-01  8.437E-01  8.576E-01  8.530E-01  8.298E-01
  367.5000  7.704E-01  8.010E-01  8.142E-01  8.098E-01  7.879E-01
  368.5000  6.768E-01  7.035E-01  7.151E-01  7.113E-01  6.921E-01
  369.5000  8.117E-01  8.438E-01  8.577E-01  8.531E-01  8.301E-01
  370.5000  7.364E-01  7.655E-01  7.781E-01  7.739E-01  7.530E-01
  371.5000  8.426E-01  8.758E-01  8.902E-01  8.854E-01  8.616E-01
  372.5000  6.224E-01  6.469E-01  6.575E-01  6.539E-01  6.364E-01
  373.5000  5.625E-01  5.846E-01  5.942E-01  5.910E-01  5.752E-01
  374.5000  6.174E-01  6.416E-01  6.521E-01  6.486E-01  6.312E-01
  375.5000  6.965E-01  7.238E-01  7.356E-01  7.317E-01  7.121E-01
  376.5000  6.955E-01  7.227E-01  7.345E-01  7.306E-01  7.111E-01
  377.5000  8.282E-01  8.605E-01  8.745E-01  8.699E-01  8.467E-01
  378.5000  9.026E-01  9.378E-01  9.531E-01  9.480E-01  9.227E-01
  379.5000  6.678E-01  6.938E-01  7.050E-01  7.013E-01  6.826E-01
  380.5000  8.031E-01  8.343E-01  8.478E-01  8.433E-01  8.209E-01
  381.5000  7.546E-01  7.839E-01  7.966E-01  7.924E-01  7.713E-01
  382.5000  5.028E-01  5.223E-01  5.307E-01  5.279E-01  5.139E-01
  383.5000  4.415E-01  4.586E-01  4.660E-01  4.635E-01  4.513E-01
  384.5000  6.626E-01  6.882E-01  6.993E-01  6.956E-01  6.772E-01
  385.5000  6.555E-01  6.808E-01  6.918E-01  6.881E-01  6.700E-01
  386.5000  6.682E-01  6.939E-01  7.051E-01  7.014E-01  6.829E-01
  387.5000  6.210E-01  6.449E-01  6.552E-01  6.518E-01  6.346E-01
  388.5000  6.224E-01  6.463E-01  6.567E-01  6.533E-01  6.361E-01
  389.5000  7.849E-01  8.150E-01  8.281E-01  8.237E-01  8.021E-01
  390.5000  7.709E-01  8.005E-01  8.133E-01  8.090E-01  7.878E-01
  391.5000  9.146E-01  9.496E-01  9.648E-01  9.598E-01  9.346E-01
  392.5000  6.858E-01  7.121E-01  7.234E-01  7.196E-01  7.008E-01
  393.5000  2.982E-01  3.096E-01  3.145E-01  3.128E-01  3.047E-01
  394.5000  7.016E-01  7.284E-01  7.400E-01  7.361E-01  7.169E-01
  395.5000  9.027E-01  9.371E-01  9.520E-01  9.471E-01  9.224E-01
  396.5000  5.301E-01  5.503E-01  5.590E-01  5.561E-01  5.416E-01
  397.5000  6.117E-01  6.350E-01  6.450E-01  6.417E-01  6.250E-01
  398.5000  1.051E+00  1.091E+00  1.108E+00  1.103E+00  1.074E+00
  399.5000  1.093E+00  1.135E+00  1.153E+00  1.147E+00  1.117E+00
  400.5000  1.149E+00  1.193E+00  1.212E+00  1.206E+00  1.174E+00
  401.5000  1.183E+00  1.227E+00  1.247E+00  1.240E+00  1.208E+00
  402.5000  1.228E+00  1.274E+00  1.294E+00  1.288E+00  1.254E+00
  403.5000  1.124E+00  1.166E+00  1.185E+00  1.178E+00  1.148E+00
  404.5000  1.102E+00  1.144E+00  1.162E+00  1.156E+00  1.126E+00
  405.5000  1.145E+00  1.188E+00  1.207E+00  1.201E+00  1.170E+00
  406.5000  1.078E+00  1.119E+00  1.137E+00  1.131E+00  1.102E+00
  407.5000  1.087E+00  1.128E+00  1.146E+00  1.140E+00  1.111E+00
  408.5000  1.211E+00  1.257E+00  1.276E+00  1.270E+00  1.237E+00
  409.5000  1.187E+00  1.232E+00  1.251E+00  1.245E+00  1.213E+00
  410.5000  1.030E+00  1.068E+00  1.085E+00  1.079E+00  1.052E+00
  411.5000  1.238E+00  1.284E+00  1.304E+00  1.297E+00  1.264E+00
  412.5000  1.227E+00  1.272E+00  1.292E+00  1.286E+00  1.253E+00
  413.5000  1.190E+00  1.234E+00  1.253E+00  1.247E+00  1.215E+00
  414.5000  1.223E+00  1.268E+00  1.288E+00  1.282E+00  1.249E+00
  415.5000  1.170E+00  1.213E+00  1.232E+00  1.226E+00  1.195E+00
  416.5000  1.273E+00  1.320E+00  1.341E+00  1.334E+00  1.300E+00
  417.5000  1.164E+00  1.207E+00  1.226E+00  1.220E+00  1.189E+00
  418.5000  1.173E+00  1.217E+00  1.235E+00  1.229E+00  1.198E+00
  419.5000  1.212E+00  1.257E+00  1.276E+00  1.270E+00  1.237E+00
------------------------------------------------------------
Dose rates, W m-2
   1 = UV-B, 280-315 nm                                  
   2 = UV-A, 315-400 nm                                  
   3 = Gaussian, 320 nm, 10 nm FWHM                      
   4 = RB Meter, model 501                               
   5 = DNA damage, in vitro (Setlow, 1974)               
   6 = UV index (WMO, 1994; Webb et al., 2011)           
   7 = Previtamin-D3 (CIE 2006)                          
values at z =      0.000 km
Columns: time, sza, weighting spectra
time, hrs.  sza, deg.          1          2          3          4          5          6          7
   11.0000     36.658  1.429E+00  5.012E+01  3.087E-01  4.116E-01  4.153E-03  7.731E+00  3.774E-01
   11.5000     34.196  1.533E+00  5.216E+01  3.240E-01  4.440E-01  4.621E-03  8.363E+00  4.107E-01
   12.0000     33.085  1.579E+00  5.304E+01  3.306E-01  4.585E-01  4.834E-03  8.646E+00  4.256E-01
   12.5000     33.458  1.564E+00  5.274E+01  3.284E-01  4.536E-01  4.763E-03  8.552E+00  4.206E-01
   13.0000     35.266  1.488E+00  5.128E+01  3.175E-01  4.300E-01  4.417E-03  8.089E+00  3.963E-01
------------------------------------------------------------
