Spectral Irradiance, W m-2 nm-1
values at z =      0.000 km
Columns: wavelength (nm), times (hrs.) or sza (deg.)
    wc, nm     11.000     11.500     12.000     12.500     13.000
    sza =      52.471     51.510     51.306     51.871     53.180
  280.5000  3.736E-18  7.890E-18  9.207E-18  5.981E-18  2.109E-18
  281.5000  2.516E-16  4.968E-16  5.717E-16  3.861E-16  1.496E-16
  282.5000  6.399E-15  1.192E-14  1.356E-14  9.376E-15  3.975E-15
  283.5000  4.740E-14  8.511E-14  9.604E-14  6.852E-14  3.030E-14
  284.5000  1.100E-12  1.845E-12  2.053E-12  1.524E-12  7.411E-13
  285.5000  7.042E-12  1.123E-11  1.237E-11  9.447E-12  4.928E-12
  286.5000  1.322E-10  2.029E-10  2.217E-10  1.731E-10  9.528E-11
  287.5000  1.267E-09  1.864E-09  2.018E-09  1.616E-09  9.436E-10
  288.5000  1.109E-08  1.558E-08  1.671E-08  1.374E-08  8.556E-09
  289.5000  9.066E-08  1.232E-07  1.312E-07  1.100E-07  7.085E-08
  290.5000  5.069E-07  6.699E-07  7.097E-07  6.042E-07  4.094E-07
  291.5000  2.327E-06  2.982E-06  3.138E-06  2.720E-06  1.925E-06
  292.5000  7.476E-06  9.453E-06  9.897E-06  8.706E-06  6.385E-06
  293.5000  2.896E-05  3.531E-05  3.667E-05  3.281E-05  2.488E-05
  294.5000  6.851E-05  8.198E-05  8.508E-05  7.671E-05  5.970E-05
  295.5000  2.171E-04  2.547E-04  2.632E-04  2.401E-04  1.921E-04
  296.5000  4.590E-04  5.298E-04  5.457E-04  5.024E-04  4.113E-04
  297.5000  1.041E-03  1.184E-03  1.216E-03  1.129E-03  9.430E-04
  298.5000  1.429E-03  1.607E-03  1.646E-03  1.539E-03  1.307E-03
  299.5000  3.643E-03  4.048E-03  4.137E-03  3.893E-03  3.360E-03
  300.5000  3.782E-03  4.166E-03  4.250E-03  4.020E-03  3.512E-03
  301.5000  8.388E-03  9.153E-03  9.320E-03  8.862E-03  7.807E-03
  302.5000  1.125E-02  1.220E-02  1.240E-02  1.184E-02  1.057E-02
  303.5000  2.092E-02  2.252E-02  2.287E-02  2.191E-02  1.977E-02
  304.5000  2.407E-02  2.580E-02  2.618E-02  2.515E-02  2.282E-02
  305.5000  3.429E-02  3.653E-02  3.701E-02  3.569E-02  3.268E-02
  306.5000  3.702E-02  3.933E-02  3.982E-02  3.846E-02  3.534E-02
  307.5000  5.687E-02  6.010E-02  6.080E-02  5.889E-02  5.452E-02
  308.5000  6.527E-02  6.884E-02  6.960E-02  6.749E-02  6.267E-02
  309.5000  5.999E-02  6.306E-02  6.371E-02  6.190E-02  5.776E-02
  310.5000  8.420E-02  8.829E-02  8.916E-02  8.675E-02  8.122E-02
  311.5000  1.106E-01  1.157E-01  1.168E-01  1.138E-01  1.068E-01
  312.5000  1.117E-01  1.166E-01  1.176E-01  1.148E-01  1.081E-01
  313.5000  1.279E-01  1.334E-01  1.345E-01  1.313E-01  1.238E-01
  314.5000  1.316E-01  1.370E-01  1.381E-01  1.350E-01  1.277E-01
  315.5000  1.367E-01  1.422E-01  1.433E-01  1.401E-01  1.327E-01
  316.5000  1.393E-01  1.446E-01  1.457E-01  1.426E-01  1.354E-01
  317.5000  1.972E-01  2.046E-01  2.062E-01  2.018E-01  1.917E-01
  318.5000  1.583E-01  1.640E-01  1.652E-01  1.619E-01  1.541E-01
  319.5000  1.940E-01  2.010E-01  2.024E-01  1.984E-01  1.889E-01
  320.5000  2.373E-01  2.457E-01  2.475E-01  2.425E-01  2.311E-01
  321.5000  2.051E-01  2.121E-01  2.135E-01  2.095E-01  2.001E-01
  322.5000  2.040E-01  2.111E-01  2.126E-01  2.084E-01  1.987E-01
  323.5000  2.146E-01  2.217E-01  2.232E-01  2.190E-01  2.094E-01
  324.5000  2.518E-01  2.601E-01  2.619E-01  2.570E-01  2.457E-01
  325.5000  2.818E-01  2.911E-01  2.931E-01  2.876E-01  2.749E-01
  326.5000  3.456E-01  3.566E-01  3.589E-01  3.524E-01  3.375E-01
  327.5000  3.208E-01  3.311E-01  3.333E-01  3.272E-01  3.132E-01
  328.5000  2.964E-01  3.060E-01  3.080E-01  3.024E-01  2.894E-01
  329.5000  3.878E-01  3.999E-01  4.024E-01  3.954E-01  3.789E-01
  330.5000  3.516E-01  3.627E-01  3.650E-01  3.585E-01  3.434E-01
  331.5000  3.474E-01  3.584E-01  3.607E-01  3.543E-01  3.393E-01
  332.5000  3.444E-01  3.550E-01  3.572E-01  3.510E-01  3.365E-01
  333.5000  3.230E-01  3.330E-01  3.352E-01  3.293E-01  3.156E-01
  334.5000  3.616E-01  3.727E-01  3.751E-01  3.686E-01  3.533E-01
  335.5000  3.677E-01  3.789E-01  3.813E-01  3.747E-01  3.594E-01
  336.5000  2.874E-01  2.962E-01  2.981E-01  2.929E-01  2.809E-01
  337.5000  3.151E-01  3.248E-01  3.269E-01  3.212E-01  3.079E-01
  338.5000  3.337E-01  3.438E-01  3.460E-01  3.400E-01  3.262E-01
  339.5000  3.631E-01  3.741E-01  3.764E-01  3.700E-01  3.550E-01
  340.5000  3.881E-01  3.999E-01  4.024E-01  3.954E-01  3.793E-01
  341.5000  3.453E-01  3.557E-01  3.579E-01  3.518E-01  3.376E-01
  342.5000  3.828E-01  3.944E-01  3.968E-01  3.901E-01  3.743E-01
  343.5000  3.977E-01  4.097E-01  4.122E-01  4.052E-01  3.888E-01
  344.5000  2.788E-01  2.872E-01  2.890E-01  2.840E-01  2.726E-01
  345.5000  3.826E-01  3.941E-01  3.965E-01  3.898E-01  3.741E-01
  346.5000  3.579E-01  3.686E-01  3.709E-01  3.646E-01  3.499E-01
  347.5000  3.499E-01  3.604E-01  3.626E-01  3.564E-01  3.421E-01
  348.5000  3.848E-01  3.963E-01  3.988E-01  3.920E-01  3.763E-01
  349.5000  3.226E-01  3.323E-01  3.343E-01  3.287E-01  3.155E-01
  350.5000  4.520E-01  4.655E-01  4.684E-01  4.605E-01  4.420E-01
  351.5000  3.897E-01  4.014E-01  4.038E-01  3.970E-01  3.811E-01
  352.5000  3.517E-01  3.622E-01  3.644E-01  3.582E-01  3.439E-01
  353.5000  4.236E-01  4.362E-01  4.389E-01  4.315E-01  4.143E-01
  354.5000  4.587E-01  4.723E-01  4.752E-01  4.673E-01  4.487E-01
  355.5000  4.289E-01  4.416E-01  4.443E-01  4.369E-01  4.195E-01
  356.5000  3.982E-01  4.100E-01  4.125E-01  4.056E-01  3.895E-01
  357.5000  3.388E-01  3.488E-01  3.509E-01  3.451E-01  3.314E-01
  358.5000  2.616E-01  2.693E-01  2.709E-01  2.664E-01  2.558E-01
  359.5000  4.404E-01  4.534E-01  4.561E-01  4.485E-01  4.308E-01
  360.5000  4.084E-01  4.204E-01  4.230E-01  4.159E-01  3.995E-01
  361.5000  3.684E-01  3.792E-01  3.815E-01  3.752E-01  3.604E-01
  362.5000  4.328E-01  4.455E-01  4.482E-01  4.408E-01  4.234E-01
  363.5000  3.852E-01  3.965E-01  3.989E-01  3.923E-01  3.768E-01
  364.5000  4.204E-01  4.327E-01  4.353E-01  4.281E-01  4.112E-01
  365.5000  5.124E-01  5.275E-01  5.306E-01  5.218E-01  5.013E-01
  366.5000  5.426E-01  5.585E-01  5.618E-01  5.525E-01  5.308E-01
  367.5000  5.154E-01  5.305E-01  5.337E-01  5.248E-01  5.043E-01
  368.5000  4.530E-01  4.662E-01  4.690E-01  4.612E-01  4.432E-01
  369.5000  5.436E-01  5.594E-01  5.628E-01  5.535E-01  5.318E-01
  370.5000  4.934E-01  5.078E-01  5.108E-01  5.024E-01  4.827E-01
  371.5000  5.648E-01  5.812E-01  5.847E-01  5.751E-01  5.526E-01
  372.5000  4.174E-01  4.295E-01  4.321E-01  4.250E-01  4.084E-01
  373.5000  3.774E-01  3.884E-01  3.907E-01  3.843E-01  3.693E-01
  374.5000  4.144E-01  4.264E-01  4.290E-01  4.219E-01  4.055E-01
  375.5000  4.678E-01  4.813E-01  4.842E-01  4.762E-01  4.577E-01
  376.5000  4.673E-01  4.808E-01  4.837E-01  4.758E-01  4.573E-01
  377.5000  5.567E-01  5.728E-01  5.762E-01  5.668E-01  5.448E-01
  378.5000  6.070E-01  6.245E-01  6.282E-01  6.180E-01  5.941E-01
  379.5000  4.493E-01  4.622E-01  4.650E-01  4.574E-01  4.397E-01
  380.5000  5.406E-01  5.561E-01  5.594E-01  5.503E-01  5.290E-01
  381.5000  5.082E-01  5.228E-01  5.259E-01  5.173E-01  4.974E-01
  382.5000  3.388E-01  3.485E-01  3.506E-01  3.449E-01  3.316E-01
  383.5000  2.976E-01  3.061E-01  3.079E-01  3.029E-01  2.913E-01
  384.5000  4.468E-01  4.596E-01  4.623E-01  4.548E-01  4.373E-01
  385.5000  4.422E-01  4.549E-01  4.576E-01  4.502E-01  4.329E-01
  386.5000  4.510E-01  4.639E-01  4.666E-01  4.591E-01  4.414E-01
  387.5000  4.193E-01  4.313E-01  4.338E-01  4.268E-01  4.104E-01
  388.5000  4.205E-01  4.325E-01  4.350E-01  4.280E-01  4.116E-01
  389.5000  5.305E-01  5.456E-01  5.488E-01  5.399E-01  5.193E-01
  390.5000  5.213E-01  5.361E-01  5.392E-01  5.306E-01  5.103E-01
  391.5000  6.187E-01  6.363E-01  6.400E-01  6.297E-01  6.056E-01
  392.5000  4.641E-01  4.773E-01  4.801E-01  4.724E-01  4.544E-01
  393.5000  2.019E-01  2.076E-01  2.088E-01  2.055E-01  1.976E-01
  394.5000  4.752E-01  4.887E-01  4.915E-01  4.837E-01  4.652E-01
  395.5000  6.117E-01  6.290E-01  6.327E-01  6.226E-01  5.989E-01
  396.5000  3.593E-01  3.695E-01  3.717E-01  3.657E-01  3.518E-01
  397.5000  4.148E-01  4.266E-01  4.290E-01  4.222E-01  4.062E-01
  398.5000  7.132E-01  7.333E-01  7.375E-01  7.258E-01  6.982E-01
  399.5000  7.421E-01  7.630E-01  7.674E-01  7.552E-01  7.266E-01
  400.5000  7.805E-01  8.025E-01  8.071E-01  7.943E-01  7.642E-01
  401.5000  8.034E-01  8.260E-01  8.308E-01  8.175E-01  7.866E-01
  402.5000  8.344E-01  8.578E-01  8.628E-01  8.491E-01  8.170E-01
  403.5000  7.641E-01  7.855E-01  7.900E-01  7.775E-01  7.482E-01
  404.5000  7.497E-01  7.707E-01  7.752E-01  7.629E-01  7.341E-01
  405.5000  7.791E-01  8.010E-01  8.056E-01  7.928E-01  7.630E-01
  406.5000  7.342E-01  7.547E-01  7.591E-01  7.470E-01  7.190E-01
  407.5000  7.405E-01  7.612E-01  7.656E-01  7.535E-01  7.252E-01
  408.5000  8.251E-01  8.481E-01  8.530E-01  8.395E-01  8.080E-01
  409.5000  8.092E-01  8.317E-01  8.365E-01  8.233E-01  7.924E-01
  410.5000  7.020E-01  7.216E-01  7.257E-01  7.143E-01  6.875E-01
  411.5000  8.441E-01  8.676E-01  8.726E-01  8.589E-01  8.267E-01
  412.5000  8.370E-01  8.603E-01  8.652E-01  8.516E-01  8.197E-01
  413.5000  8.121E-01  8.347E-01  8.395E-01  8.263E-01  7.954E-01
  414.5000  8.350E-01  8.582E-01  8.631E-01  8.496E-01  8.179E-01
  415.5000  7.990E-01  8.212E-01  8.259E-01  8.129E-01  7.826E-01
  416.5000  8.700E-01  8.941E-01  8.992E-01  8.851E-01  8.521E-01
  417.5000  7.956E-01  8.177E-01  8.223E-01  8.094E-01  7.793E-01
  418.5000  8.022E-01  8.244E-01  8.291E-01  8.161E-01  7.858E-01
  419.5000  8.290E-01  8.519E-01  8.567E-01  8.433E-01  8.120E-01
------------------------------------------------------------
Dose rates, W m-2
   1 = UV-B, 280-315 nm                                  
   2 = UV-A, 315-400 nm                                  
   3 = Gaussian, 320 nm, 10 nm FWHM                      
   4 = RB Meter, model 501                               
   5 = DNA damage, in vitro (Setlow, 1974)               
   6 = UV index (WMO, 1994; Webb et al., 2011)           
   7 = Previtamin-D3 (CIE 2006)                          
values at z =      0.000 km
Columns: time, sza, weighting spectra
time, hrs.  sza, deg.          1          2          3          4          5          6          7
   11.0000     52.471  8.948E-01  3.341E+01  2.001E-01  2.563E-01  2.481E-03  4.806E+00  2.319E-01
   11.5000     51.510  9.404E-01  3.441E+01  2.072E-01  2.702E-01  2.669E-03  5.075E+00  2.460E-01
   12.0000     51.306  9.502E-01  3.462E+01  2.087E-01  2.732E-01  2.710E-03  5.133E+00  2.490E-01
   12.5000     51.871  9.232E-01  3.404E+01  2.045E-01  2.650E-01  2.598E-03  4.973E+00  2.406E-01
   13.0000     53.180  8.615E-01  3.268E+01  1.949E-01  2.462E-01  2.347E-03  4.611E+00  2.217E-01
------------------------------------------------------------
