Spectral Irradiance, W m-2 nm-1
values at z =      0.000 km
Columns: wavelength (nm), times (hrs.) or sza (deg.)
    wc, nm     11.000     11.500     12.000     12.500     13.000
    sza =      90.997     90.430     90.208     90.335     90.808
  280.5000  1.991E-27  2.423E-27  2.642E-27  2.513E-27  2.118E-27
  281.5000  4.827E-25  5.867E-25  6.396E-25  6.084E-25  5.132E-25
  282.5000  3.695E-23  4.488E-23  4.891E-23  4.653E-23  3.928E-23
  283.5000  5.580E-22  6.773E-22  7.378E-22  7.020E-22  5.930E-22
  284.5000  4.830E-20  5.853E-20  6.374E-20  6.066E-20  5.130E-20
  285.5000  8.204E-19  9.933E-19  1.081E-18  1.029E-18  8.711E-19
  286.5000  3.264E-17  3.948E-17  4.296E-17  4.090E-17  3.465E-17
  287.5000  7.242E-16  8.747E-16  9.517E-16  9.063E-16  7.684E-16
  288.5000  1.593E-14  1.922E-14  2.090E-14  1.991E-14  1.689E-14
  289.5000  2.525E-13  3.044E-13  3.308E-13  3.152E-13  2.677E-13
  290.5000  2.470E-12  2.974E-12  3.232E-12  3.080E-12  2.617E-12
  291.5000  2.153E-11  2.590E-11  2.814E-11  2.682E-11  2.281E-11
  292.5000  1.190E-10  1.431E-10  1.555E-10  1.482E-10  1.261E-10
  293.5000  7.545E-10  9.067E-10  9.849E-10  9.387E-10  7.990E-10
  294.5000  2.667E-09  3.204E-09  3.481E-09  3.317E-09  2.824E-09
  295.5000  1.303E-08  1.566E-08  1.701E-08  1.621E-08  1.380E-08
  296.5000  3.983E-08  4.786E-08  5.201E-08  4.956E-08  4.217E-08
  297.5000  1.255E-07  1.509E-07  1.640E-07  1.562E-07  1.329E-07
  298.5000  2.291E-07  2.758E-07  2.999E-07  2.856E-07  2.427E-07
  299.5000  7.684E-07  9.260E-07  1.008E-06  9.594E-07  8.142E-07
  300.5000  9.929E-07  1.198E-06  1.305E-06  1.242E-06  1.052E-06
  301.5000  2.819E-06  3.410E-06  3.716E-06  3.535E-06  2.990E-06
  302.5000  4.470E-06  5.419E-06  5.911E-06  5.620E-06  4.745E-06
  303.5000  1.027E-05  1.248E-05  1.363E-05  1.295E-05  1.091E-05
  304.5000  1.341E-05  1.634E-05  1.787E-05  1.697E-05  1.426E-05
  305.5000  2.340E-05  2.865E-05  3.138E-05  2.976E-05  2.492E-05
  306.5000  2.767E-05  3.395E-05  3.722E-05  3.529E-05  2.948E-05
  307.5000  5.145E-05  6.352E-05  6.981E-05  6.609E-05  5.493E-05
  308.5000  6.392E-05  7.913E-05  8.707E-05  8.237E-05  6.830E-05
  309.5000  6.815E-05  8.490E-05  9.365E-05  8.847E-05  7.297E-05
  310.5000  1.079E-04  1.352E-04  1.495E-04  1.410E-04  1.157E-04
  311.5000  1.540E-04  1.938E-04  2.146E-04  2.023E-04  1.654E-04
  312.5000  1.860E-04  2.364E-04  2.628E-04  2.472E-04  2.005E-04
  313.5000  2.231E-04  2.844E-04  3.163E-04  2.975E-04  2.407E-04
  314.5000  2.792E-04  3.602E-04  4.024E-04  3.775E-04  3.024E-04
  315.5000  3.017E-04  3.899E-04  4.362E-04  4.088E-04  3.270E-04
  316.5000  3.756E-04  4.917E-04  5.529E-04  5.167E-04  4.088E-04
  317.5000  5.321E-04  6.961E-04  7.825E-04  7.314E-04  5.790E-04
  318.5000  5.424E-04  7.204E-04  8.144E-04  7.587E-04  5.932E-04
  319.5000  7.028E-04  9.353E-04  1.058E-03  9.855E-04  7.692E-04
  320.5000  9.173E-04  1.226E-03  1.389E-03  1.292E-03  1.005E-03
  321.5000  1.120E-03  1.514E-03  1.723E-03  1.599E-03  1.233E-03
  322.5000  8.399E-04  1.125E-03  1.276E-03  1.187E-03  9.213E-04
  323.5000  1.412E-03  1.914E-03  2.179E-03  2.022E-03  1.556E-03
  324.5000  1.621E-03  2.197E-03  2.500E-03  2.320E-03  1.786E-03
  325.5000  1.679E-03  2.274E-03  2.588E-03  2.403E-03  1.849E-03
  326.5000  3.137E-03  4.231E-03  4.804E-03  4.465E-03  3.451E-03
  327.5000  2.504E-03  3.389E-03  3.854E-03  3.579E-03  2.758E-03
  328.5000  2.310E-03  3.129E-03  3.560E-03  3.305E-03  2.545E-03
  329.5000  4.372E-03  5.845E-03  6.617E-03  6.160E-03  4.796E-03
  330.5000  3.364E-03  4.529E-03  5.141E-03  4.779E-03  3.698E-03
  331.5000  3.209E-03  4.329E-03  4.916E-03  4.569E-03  3.530E-03
  332.5000  4.246E-03  5.649E-03  6.384E-03  5.950E-03  4.650E-03
  333.5000  3.494E-03  4.682E-03  5.305E-03  4.937E-03  3.836E-03
  334.5000  4.172E-03  5.573E-03  6.308E-03  5.873E-03  4.575E-03
  335.5000  4.928E-03  6.524E-03  7.361E-03  6.866E-03  5.387E-03
  336.5000  3.679E-03  4.886E-03  5.518E-03  5.144E-03  4.026E-03
  337.5000  3.626E-03  4.847E-03  5.486E-03  5.108E-03  3.977E-03
  338.5000  4.503E-03  5.961E-03  6.725E-03  6.273E-03  4.922E-03
  339.5000  5.007E-03  6.619E-03  7.465E-03  6.964E-03  5.471E-03
  340.5000  5.035E-03  6.683E-03  7.548E-03  7.036E-03  5.509E-03
  341.5000  4.878E-03  6.438E-03  7.257E-03  6.772E-03  5.327E-03
  342.5000  5.494E-03  7.243E-03  8.161E-03  7.617E-03  5.997E-03
  343.5000  5.536E-03  7.316E-03  8.249E-03  7.697E-03  6.048E-03
  344.5000  3.753E-03  4.971E-03  5.610E-03  5.232E-03  4.103E-03
  345.5000  5.611E-03  7.387E-03  8.319E-03  7.767E-03  6.122E-03
  346.5000  4.977E-03  6.579E-03  7.419E-03  6.922E-03  5.438E-03
  347.5000  4.894E-03  6.467E-03  7.293E-03  6.804E-03  5.347E-03
  348.5000  5.485E-03  7.238E-03  8.158E-03  7.614E-03  5.989E-03
  349.5000  4.585E-03  6.053E-03  6.823E-03  6.368E-03  5.007E-03
  350.5000  6.450E-03  8.513E-03  9.596E-03  8.955E-03  7.043E-03
  351.5000  5.519E-03  7.290E-03  8.219E-03  7.669E-03  6.028E-03
  352.5000  5.011E-03  6.615E-03  7.457E-03  6.959E-03  5.472E-03
  353.5000  6.094E-03  8.040E-03  9.061E-03  8.457E-03  6.653E-03
  354.5000  6.652E-03  8.772E-03  9.884E-03  9.226E-03  7.262E-03
  355.5000  6.223E-03  8.206E-03  9.247E-03  8.631E-03  6.793E-03
  356.5000  5.772E-03  7.614E-03  8.579E-03  8.008E-03  6.302E-03
  357.5000  4.901E-03  6.466E-03  7.286E-03  6.801E-03  5.351E-03
  358.5000  3.799E-03  5.010E-03  5.646E-03  5.270E-03  4.147E-03
  359.5000  6.394E-03  8.435E-03  9.505E-03  8.871E-03  6.981E-03
  360.5000  5.931E-03  7.824E-03  8.817E-03  8.230E-03  6.475E-03
  361.5000  5.364E-03  7.075E-03  7.973E-03  7.442E-03  5.856E-03
  362.5000  6.311E-03  8.324E-03  9.380E-03  8.755E-03  6.889E-03
  363.5000  5.619E-03  7.411E-03  8.351E-03  7.796E-03  6.134E-03
  364.5000  6.126E-03  8.082E-03  9.107E-03  8.501E-03  6.688E-03
  365.5000  7.455E-03  9.838E-03  1.109E-02  1.035E-02  8.140E-03
  366.5000  7.903E-03  1.043E-02  1.175E-02  1.097E-02  8.629E-03
  367.5000  7.517E-03  9.919E-03  1.118E-02  1.043E-02  8.207E-03
  368.5000  6.604E-03  8.716E-03  9.822E-03  9.168E-03  7.211E-03
  369.5000  7.924E-03  1.046E-02  1.179E-02  1.100E-02  8.652E-03
  370.5000  7.190E-03  9.490E-03  1.070E-02  9.984E-03  7.851E-03
  371.5000  8.230E-03  1.087E-02  1.225E-02  1.143E-02  8.988E-03
  372.5000  6.083E-03  8.031E-03  9.051E-03  8.448E-03  6.643E-03
  373.5000  5.497E-03  7.258E-03  8.181E-03  7.636E-03  6.003E-03
  374.5000  6.032E-03  7.966E-03  8.979E-03  8.381E-03  6.588E-03
  375.5000  6.810E-03  8.994E-03  1.014E-02  9.462E-03  7.438E-03
  376.5000  6.803E-03  8.986E-03  1.013E-02  9.453E-03  7.431E-03
  377.5000  8.104E-03  1.071E-02  1.207E-02  1.126E-02  8.852E-03
  378.5000  8.833E-03  1.167E-02  1.315E-02  1.228E-02  9.648E-03
  379.5000  6.534E-03  8.634E-03  9.733E-03  9.083E-03  7.138E-03
  380.5000  7.860E-03  1.039E-02  1.171E-02  1.093E-02  8.587E-03
  381.5000  7.388E-03  9.764E-03  1.101E-02  1.027E-02  8.071E-03
  382.5000  4.924E-03  6.508E-03  7.337E-03  6.847E-03  5.379E-03
  383.5000  4.324E-03  5.716E-03  6.444E-03  6.014E-03  4.724E-03
  384.5000  6.490E-03  8.581E-03  9.674E-03  9.028E-03  7.092E-03
  385.5000  6.423E-03  8.492E-03  9.575E-03  8.935E-03  7.018E-03
  386.5000  6.548E-03  8.659E-03  9.763E-03  9.110E-03  7.155E-03
  387.5000  6.086E-03  8.049E-03  9.076E-03  8.469E-03  6.651E-03
  388.5000  6.101E-03  8.070E-03  9.099E-03  8.491E-03  6.667E-03
  389.5000  7.695E-03  1.018E-02  1.148E-02  1.071E-02  8.410E-03
  390.5000  7.560E-03  1.000E-02  1.128E-02  1.052E-02  8.262E-03
  391.5000  8.971E-03  1.187E-02  1.338E-02  1.249E-02  9.805E-03
  392.5000  6.728E-03  8.903E-03  1.004E-02  9.368E-03  7.354E-03
  393.5000  2.925E-03  3.871E-03  4.366E-03  4.074E-03  3.198E-03
  394.5000  6.884E-03  9.111E-03  1.027E-02  9.588E-03  7.525E-03
  395.5000  8.858E-03  1.173E-02  1.322E-02  1.234E-02  9.683E-03
  396.5000  5.203E-03  6.888E-03  7.768E-03  7.248E-03  5.688E-03
  397.5000  6.006E-03  7.952E-03  8.968E-03  8.367E-03  6.566E-03
  398.5000  1.032E-02  1.367E-02  1.542E-02  1.438E-02  1.129E-02
  399.5000  1.074E-02  1.422E-02  1.604E-02  1.497E-02  1.174E-02
  400.5000  1.129E-02  1.496E-02  1.687E-02  1.574E-02  1.235E-02
  401.5000  1.162E-02  1.539E-02  1.736E-02  1.619E-02  1.270E-02
  402.5000  1.206E-02  1.598E-02  1.802E-02  1.682E-02  1.319E-02
  403.5000  1.104E-02  1.463E-02  1.650E-02  1.540E-02  1.208E-02
  404.5000  1.083E-02  1.436E-02  1.619E-02  1.511E-02  1.185E-02
  405.5000  1.126E-02  1.492E-02  1.683E-02  1.570E-02  1.231E-02
  406.5000  1.060E-02  1.405E-02  1.585E-02  1.479E-02  1.160E-02
  407.5000  1.069E-02  1.417E-02  1.598E-02  1.491E-02  1.169E-02
  408.5000  1.190E-02  1.578E-02  1.780E-02  1.661E-02  1.302E-02
  409.5000  1.167E-02  1.547E-02  1.745E-02  1.628E-02  1.276E-02
  410.5000  1.012E-02  1.342E-02  1.514E-02  1.412E-02  1.107E-02
  411.5000  1.217E-02  1.614E-02  1.821E-02  1.699E-02  1.331E-02
  412.5000  1.207E-02  1.601E-02  1.806E-02  1.685E-02  1.320E-02
  413.5000  1.171E-02  1.553E-02  1.752E-02  1.635E-02  1.281E-02
  414.5000  1.204E-02  1.597E-02  1.801E-02  1.681E-02  1.317E-02
  415.5000  1.151E-02  1.527E-02  1.723E-02  1.607E-02  1.259E-02
  416.5000  1.252E-02  1.662E-02  1.875E-02  1.749E-02  1.371E-02
  417.5000  1.145E-02  1.520E-02  1.714E-02  1.599E-02  1.253E-02
  418.5000  1.154E-02  1.532E-02  1.728E-02  1.613E-02  1.263E-02
  419.5000  1.193E-02  1.583E-02  1.786E-02  1.667E-02  1.305E-02
------------------------------------------------------------
Dose rates, W m-2
   1 = UV-B, 280-315 nm                                  
   2 = UV-A, 315-400 nm                                  
   3 = Gaussian, 320 nm, 10 nm FWHM                      
   4 = RB Meter, model 501                               
   5 = DNA damage, in vitro (Setlow, 1974)               
   6 = UV index (WMO, 1994; Webb et al., 2011)           
   7 = Previtamin-D3 (CIE 2006)                          
values at z =      0.000 km
Columns: time, sza, weighting spectra
time, hrs.  sza, deg.          1          2          3          4          5          6          7
   11.0000     90.997  1.218E-03  4.446E-01  9.575E-04  4.908E-04  2.619E-06  1.457E-02  2.455E-04
   11.5000     90.430  1.540E-03  5.883E-01  1.284E-03  6.374E-04  3.342E-06  1.910E-02  3.091E-04
   12.0000     90.208  1.709E-03  6.636E-01  1.456E-03  7.143E-04  3.721E-06  2.147E-02  3.423E-04
   12.5000     90.335  1.609E-03  6.191E-01  1.354E-03  6.688E-04  3.497E-06  2.007E-02  3.227E-04
   13.0000     90.808  1.311E-03  4.859E-01  1.051E-03  5.329E-04  2.827E-06  1.587E-02  2.638E-04
------------------------------------------------------------
