Spectral Irradiance, W m-2 nm-1
values at z =      0.000 km
Columns: wavelength (nm), times (hrs.) or sza (deg.)
    wc, nm     11.000     11.500     12.000     12.500     13.000
    sza =      48.427     47.822     47.605     47.783     48.349
  280.5000  2.072E-22  3.546E-22  4.284E-22  3.671E-22  2.223E-22
  281.5000  3.490E-20  5.690E-20  6.759E-20  5.873E-20  3.721E-20
  282.5000  1.951E-18  3.051E-18  3.572E-18  3.141E-18  2.069E-18
  283.5000  2.412E-17  3.671E-17  4.257E-17  3.772E-17  2.549E-17
  284.5000  1.422E-15  2.060E-15  2.348E-15  2.110E-15  1.493E-15
  285.5000  1.815E-14  2.535E-14  2.851E-14  2.590E-14  1.896E-14
  286.5000  5.793E-13  7.868E-13  8.764E-13  8.025E-13  6.029E-13
  287.5000  1.000E-11  1.317E-11  1.451E-11  1.341E-11  1.037E-11
  288.5000  1.660E-10  2.113E-10  2.301E-10  2.147E-10  1.713E-10
  289.5000  2.145E-09  2.666E-09  2.879E-09  2.704E-09  2.207E-09
  290.5000  1.764E-08  2.148E-08  2.303E-08  2.176E-08  1.810E-08
  291.5000  1.253E-07  1.492E-07  1.587E-07  1.509E-07  1.282E-07
  292.5000  5.830E-07  6.813E-07  7.198E-07  6.882E-07  5.950E-07
  293.5000  3.124E-06  3.587E-06  3.766E-06  3.619E-06  3.181E-06
  294.5000  9.623E-06  1.090E-05  1.139E-05  1.099E-05  9.781E-06
  295.5000  4.036E-05  4.506E-05  4.685E-05  4.539E-05  4.095E-05
  296.5000  1.077E-04  1.188E-04  1.230E-04  1.196E-04  1.091E-04
  297.5000  2.997E-04  3.271E-04  3.374E-04  3.289E-04  3.031E-04
  298.5000  4.888E-04  5.289E-04  5.438E-04  5.316E-04  4.939E-04
  299.5000  1.465E-03  1.572E-03  1.612E-03  1.579E-03  1.479E-03
  300.5000  1.723E-03  1.837E-03  1.879E-03  1.844E-03  1.737E-03
  301.5000  4.371E-03  4.628E-03  4.723E-03  4.645E-03  4.404E-03
  302.5000  6.400E-03  6.747E-03  6.873E-03  6.770E-03  6.444E-03
  303.5000  1.321E-02  1.385E-02  1.408E-02  1.389E-02  1.329E-02
  304.5000  1.614E-02  1.687E-02  1.714E-02  1.692E-02  1.623E-02
  305.5000  2.512E-02  2.614E-02  2.651E-02  2.621E-02  2.525E-02
  306.5000  2.817E-02  2.926E-02  2.965E-02  2.933E-02  2.831E-02
  307.5000  4.653E-02  4.815E-02  4.873E-02  4.825E-02  4.674E-02
  308.5000  5.491E-02  5.673E-02  5.739E-02  5.685E-02  5.514E-02
  309.5000  5.293E-02  5.455E-02  5.514E-02  5.466E-02  5.314E-02
  310.5000  7.685E-02  7.907E-02  7.986E-02  7.921E-02  7.714E-02
  311.5000  1.032E-01  1.060E-01  1.071E-01  1.062E-01  1.036E-01
  312.5000  1.085E-01  1.112E-01  1.122E-01  1.114E-01  1.088E-01
  313.5000  1.253E-01  1.284E-01  1.296E-01  1.286E-01  1.257E-01
  314.5000  1.334E-01  1.365E-01  1.376E-01  1.367E-01  1.338E-01
  315.5000  1.393E-01  1.425E-01  1.437E-01  1.427E-01  1.398E-01
  316.5000  1.457E-01  1.488E-01  1.499E-01  1.490E-01  1.461E-01
  317.5000  2.063E-01  2.107E-01  2.123E-01  2.110E-01  2.069E-01
  318.5000  1.696E-01  1.730E-01  1.742E-01  1.732E-01  1.699E-01
  319.5000  2.088E-01  2.130E-01  2.145E-01  2.132E-01  2.094E-01
  320.5000  2.568E-01  2.618E-01  2.636E-01  2.622E-01  2.575E-01
  321.5000  2.269E-01  2.311E-01  2.325E-01  2.313E-01  2.274E-01
  322.5000  2.218E-01  2.262E-01  2.277E-01  2.264E-01  2.225E-01
  323.5000  2.396E-01  2.439E-01  2.454E-01  2.442E-01  2.402E-01
  324.5000  2.810E-01  2.860E-01  2.878E-01  2.863E-01  2.816E-01
  325.5000  3.133E-01  3.189E-01  3.209E-01  3.193E-01  3.140E-01
  326.5000  3.911E-01  3.977E-01  4.001E-01  3.982E-01  3.919E-01
  327.5000  3.609E-01  3.672E-01  3.694E-01  3.676E-01  3.618E-01
  328.5000  3.336E-01  3.393E-01  3.414E-01  3.397E-01  3.343E-01
  329.5000  4.422E-01  4.495E-01  4.521E-01  4.500E-01  4.431E-01
  330.5000  3.987E-01  4.054E-01  4.078E-01  4.058E-01  3.996E-01
  331.5000  3.935E-01  4.001E-01  4.025E-01  4.006E-01  3.944E-01
  332.5000  3.937E-01  4.001E-01  4.024E-01  4.006E-01  3.945E-01
  333.5000  3.678E-01  3.738E-01  3.760E-01  3.742E-01  3.686E-01
  334.5000  4.125E-01  4.192E-01  4.217E-01  4.197E-01  4.134E-01
  335.5000  4.213E-01  4.281E-01  4.305E-01  4.286E-01  4.222E-01
  336.5000  3.289E-01  3.342E-01  3.361E-01  3.345E-01  3.296E-01
  337.5000  3.594E-01  3.653E-01  3.674E-01  3.657E-01  3.602E-01
  338.5000  3.824E-01  3.885E-01  3.907E-01  3.889E-01  3.832E-01
  339.5000  4.163E-01  4.229E-01  4.253E-01  4.234E-01  4.171E-01
  340.5000  4.441E-01  4.512E-01  4.538E-01  4.517E-01  4.450E-01
  341.5000  3.961E-01  4.024E-01  4.046E-01  4.028E-01  3.969E-01
  342.5000  4.393E-01  4.462E-01  4.487E-01  4.467E-01  4.402E-01
  343.5000  4.559E-01  4.631E-01  4.657E-01  4.636E-01  4.568E-01
  344.5000  3.193E-01  3.243E-01  3.261E-01  3.246E-01  3.199E-01
  345.5000  4.391E-01  4.460E-01  4.485E-01  4.465E-01  4.400E-01
  346.5000  4.101E-01  4.166E-01  4.189E-01  4.170E-01  4.109E-01
  347.5000  4.010E-01  4.073E-01  4.095E-01  4.077E-01  4.018E-01
  348.5000  4.412E-01  4.481E-01  4.506E-01  4.486E-01  4.421E-01
  349.5000  3.698E-01  3.756E-01  3.777E-01  3.760E-01  3.706E-01
  350.5000  5.181E-01  5.262E-01  5.291E-01  5.267E-01  5.192E-01
  351.5000  4.466E-01  4.536E-01  4.561E-01  4.540E-01  4.475E-01
  352.5000  4.030E-01  4.093E-01  4.115E-01  4.097E-01  4.038E-01
  353.5000  4.855E-01  4.930E-01  4.957E-01  4.935E-01  4.865E-01
  354.5000  5.258E-01  5.339E-01  5.369E-01  5.345E-01  5.268E-01
  355.5000  4.916E-01  4.992E-01  5.019E-01  4.997E-01  4.925E-01
  356.5000  4.563E-01  4.634E-01  4.659E-01  4.638E-01  4.572E-01
  357.5000  3.881E-01  3.941E-01  3.963E-01  3.945E-01  3.889E-01
  358.5000  2.997E-01  3.043E-01  3.059E-01  3.046E-01  3.003E-01
  359.5000  5.045E-01  5.122E-01  5.150E-01  5.127E-01  5.055E-01
  360.5000  4.678E-01  4.749E-01  4.775E-01  4.754E-01  4.687E-01
  361.5000  4.219E-01  4.284E-01  4.307E-01  4.288E-01  4.227E-01
  362.5000  4.956E-01  5.032E-01  5.059E-01  5.037E-01  4.966E-01
  363.5000  4.410E-01  4.478E-01  4.502E-01  4.482E-01  4.419E-01
  364.5000  4.813E-01  4.886E-01  4.912E-01  4.891E-01  4.822E-01
  365.5000  5.866E-01  5.955E-01  5.987E-01  5.961E-01  5.877E-01
  366.5000  6.210E-01  6.305E-01  6.338E-01  6.311E-01  6.222E-01
  367.5000  5.898E-01  5.988E-01  6.020E-01  5.994E-01  5.910E-01
  368.5000  5.183E-01  5.262E-01  5.290E-01  5.267E-01  5.193E-01
  369.5000  6.219E-01  6.313E-01  6.347E-01  6.319E-01  6.231E-01
  370.5000  5.644E-01  5.729E-01  5.760E-01  5.735E-01  5.655E-01
  371.5000  6.460E-01  6.557E-01  6.592E-01  6.564E-01  6.473E-01
  372.5000  4.773E-01  4.845E-01  4.871E-01  4.850E-01  4.782E-01
  373.5000  4.316E-01  4.381E-01  4.404E-01  4.385E-01  4.324E-01
  374.5000  4.738E-01  4.809E-01  4.834E-01  4.814E-01  4.747E-01
  375.5000  5.347E-01  5.427E-01  5.456E-01  5.433E-01  5.358E-01
  376.5000  5.341E-01  5.421E-01  5.450E-01  5.426E-01  5.352E-01
  377.5000  6.362E-01  6.457E-01  6.491E-01  6.463E-01  6.374E-01
  378.5000  6.936E-01  7.040E-01  7.077E-01  7.046E-01  6.949E-01
  379.5000  5.133E-01  5.210E-01  5.237E-01  5.215E-01  5.143E-01
  380.5000  6.175E-01  6.267E-01  6.300E-01  6.273E-01  6.187E-01
  381.5000  5.804E-01  5.890E-01  5.921E-01  5.896E-01  5.815E-01
  382.5000  3.869E-01  3.926E-01  3.947E-01  3.930E-01  3.876E-01
  383.5000  3.398E-01  3.448E-01  3.466E-01  3.452E-01  3.404E-01
  384.5000  5.101E-01  5.176E-01  5.203E-01  5.181E-01  5.111E-01
  385.5000  5.048E-01  5.123E-01  5.149E-01  5.127E-01  5.058E-01
  386.5000  5.147E-01  5.223E-01  5.250E-01  5.228E-01  5.157E-01
  387.5000  4.785E-01  4.855E-01  4.881E-01  4.860E-01  4.794E-01
  388.5000  4.797E-01  4.868E-01  4.893E-01  4.873E-01  4.806E-01
  389.5000  6.051E-01  6.140E-01  6.172E-01  6.146E-01  6.063E-01
  390.5000  5.946E-01  6.033E-01  6.064E-01  6.039E-01  5.957E-01
  391.5000  7.056E-01  7.159E-01  7.196E-01  7.166E-01  7.069E-01
  392.5000  5.292E-01  5.370E-01  5.398E-01  5.375E-01  5.302E-01
  393.5000  2.301E-01  2.335E-01  2.347E-01  2.337E-01  2.306E-01
  394.5000  5.417E-01  5.496E-01  5.525E-01  5.501E-01  5.427E-01
  395.5000  6.972E-01  7.073E-01  7.110E-01  7.080E-01  6.985E-01
  396.5000  4.095E-01  4.155E-01  4.176E-01  4.159E-01  4.103E-01
  397.5000  4.727E-01  4.795E-01  4.820E-01  4.800E-01  4.736E-01
  398.5000  8.124E-01  8.242E-01  8.285E-01  8.250E-01  8.140E-01
  399.5000  8.453E-01  8.576E-01  8.619E-01  8.584E-01  8.469E-01
  400.5000  8.889E-01  9.018E-01  9.064E-01  9.026E-01  8.906E-01
  401.5000  9.148E-01  9.281E-01  9.328E-01  9.289E-01  9.165E-01
  402.5000  9.500E-01  9.637E-01  9.686E-01  9.646E-01  9.518E-01
  403.5000  8.698E-01  8.823E-01  8.868E-01  8.832E-01  8.714E-01
  404.5000  8.533E-01  8.656E-01  8.700E-01  8.664E-01  8.549E-01
  405.5000  8.867E-01  8.994E-01  9.040E-01  9.003E-01  8.883E-01
  406.5000  8.354E-01  8.474E-01  8.517E-01  8.482E-01  8.369E-01
  407.5000  8.424E-01  8.545E-01  8.589E-01  8.553E-01  8.440E-01
  408.5000  9.385E-01  9.520E-01  9.568E-01  9.528E-01  9.402E-01
  409.5000  9.203E-01  9.334E-01  9.382E-01  9.343E-01  9.220E-01
  410.5000  7.983E-01  8.097E-01  8.138E-01  8.104E-01  7.997E-01
  411.5000  9.597E-01  9.735E-01  9.784E-01  9.744E-01  9.615E-01
  412.5000  9.515E-01  9.651E-01  9.699E-01  9.660E-01  9.532E-01
  413.5000  9.231E-01  9.363E-01  9.410E-01  9.371E-01  9.248E-01
  414.5000  9.490E-01  9.625E-01  9.673E-01  9.634E-01  9.507E-01
  415.5000  9.079E-01  9.208E-01  9.255E-01  9.217E-01  9.096E-01
  416.5000  9.884E-01  1.002E+00  1.007E+00  1.003E+00  9.902E-01
  417.5000  9.038E-01  9.166E-01  9.212E-01  9.174E-01  9.054E-01
  418.5000  9.111E-01  9.240E-01  9.286E-01  9.249E-01  9.128E-01
  419.5000  9.414E-01  9.548E-01  9.595E-01  9.556E-01  9.431E-01
------------------------------------------------------------
Dose rates, W m-2
   1 = UV-B, 280-315 nm                                  
   2 = UV-A, 315-400 nm                                  
   3 = Gaussian, 320 nm, 10 nm FWHM                      
   4 = RB Meter, model 501                               
   5 = DNA damage, in vitro (Setlow, 1974)               
   6 = UV index (WMO, 1994; Webb et al., 2011)           
   7 = Previtamin-D3 (CIE 2006)                          
values at z =      0.000 km
Columns: time, sza, weighting spectra
time, hrs.  sza, deg.          1          2          3          4          5          6          7
   11.0000     48.427  7.991E-01  3.805E+01  2.166E-01  2.227E-01  1.696E-03  4.141E+00  1.847E-01
   11.5000     47.822  8.226E-01  3.865E+01  2.208E-01  2.294E-01  1.766E-03  4.264E+00  1.911E-01
   12.0000     47.605  8.311E-01  3.886E+01  2.223E-01  2.318E-01  1.791E-03  4.309E+00  1.935E-01
   12.5000     47.783  8.242E-01  3.868E+01  2.211E-01  2.298E-01  1.770E-03  4.272E+00  1.915E-01
   13.0000     48.349  8.022E-01  3.813E+01  2.171E-01  2.235E-01  1.704E-03  4.157E+00  1.855E-01
------------------------------------------------------------
