Spectral Irradiance, W m-2 nm-1
values at z =      0.000 km
Columns: wavelength (nm), times (hrs.) or sza (deg.)
    wc, nm     11.000     11.500     12.000     12.500     13.000
    sza =      47.369     45.494     44.746     45.181     46.766
  280.5000  3.143E-17  1.013E-16  1.569E-16  1.219E-16  4.636E-17
  281.5000  1.770E-15  5.137E-15  7.654E-15  6.081E-15  2.521E-15
  282.5000  3.860E-14  1.024E-13  1.476E-13  1.195E-13  5.337E-14
  283.5000  2.590E-13  6.485E-13  9.143E-13  7.498E-13  3.512E-13
  284.5000  5.013E-12  1.129E-11  1.529E-11  1.283E-11  6.562E-12
  285.5000  2.807E-11  5.843E-11  7.689E-11  6.562E-11  3.580E-11
  286.5000  4.758E-10  9.326E-10  1.200E-09  1.038E-09  5.948E-10
  287.5000  4.071E-09  7.465E-09  9.368E-09  8.218E-09  4.978E-09
  288.5000  3.151E-08  5.374E-08  6.564E-08  5.848E-08  3.761E-08
  289.5000  2.359E-07  3.821E-07  4.578E-07  4.125E-07  2.769E-07
  290.5000  1.226E-06  1.901E-06  2.241E-06  2.038E-06  1.418E-06
  291.5000  5.181E-06  7.649E-06  8.852E-06  8.136E-06  5.895E-06
  292.5000  1.575E-05  2.233E-05  2.546E-05  2.361E-05  1.768E-05
  293.5000  5.654E-05  7.722E-05  8.680E-05  8.113E-05  6.270E-05
  294.5000  1.273E-04  1.688E-04  1.877E-04  1.766E-04  1.398E-04
  295.5000  3.828E-04  4.921E-04  5.407E-04  5.121E-04  4.160E-04
  296.5000  7.752E-04  9.709E-04  1.057E-03  1.006E-03  8.352E-04
  297.5000  1.692E-03  2.072E-03  2.236E-03  2.139E-03  1.809E-03
  298.5000  2.251E-03  2.661E-03  2.897E-03  2.784E-03  2.392E-03
  299.5000  5.565E-03  6.567E-03  6.988E-03  6.742E-03  5.879E-03
  300.5000  5.646E-03  6.572E-03  6.958E-03  6.732E-03  5.937E-03
  301.5000  1.221E-02  1.400E-02  1.474E-02  1.431E-02  1.278E-02
  302.5000  1.611E-02  1.829E-02  1.919E-02  1.866E-02  1.680E-02
  303.5000  2.938E-02  3.298E-02  3.445E-02  3.360E-02  3.053E-02
  304.5000  3.343E-02  3.728E-02  3.884E-02  3.793E-02  3.466E-02
  305.5000  4.682E-02  5.171E-02  5.368E-02  5.253E-02  4.838E-02
  306.5000  5.018E-02  5.518E-02  5.719E-02  5.602E-02  5.178E-02
  307.5000  7.601E-02  8.290E-02  8.566E-02  8.406E-02  7.822E-02
  308.5000  8.676E-02  9.432E-02  9.735E-02  9.559E-02  8.918E-02
  309.5000  7.899E-02  8.542E-02  8.799E-02  8.650E-02  8.106E-02
  310.5000  1.101E-01  1.186E-01  1.220E-01  1.200E-01  1.129E-01
  311.5000  1.440E-01  1.547E-01  1.589E-01  1.565E-01  1.474E-01
  312.5000  1.443E-01  1.543E-01  1.583E-01  1.560E-01  1.475E-01
  313.5000  1.648E-01  1.761E-01  1.806E-01  1.780E-01  1.685E-01
  314.5000  1.685E-01  1.793E-01  1.836E-01  1.811E-01  1.720E-01
  315.5000  1.748E-01  1.859E-01  1.903E-01  1.877E-01  1.784E-01
  316.5000  1.771E-01  1.878E-01  1.921E-01  1.896E-01  1.806E-01
  317.5000  2.506E-01  2.658E-01  2.718E-01  2.683E-01  2.555E-01
  318.5000  2.003E-01  2.118E-01  2.163E-01  2.137E-01  2.040E-01
  319.5000  2.452E-01  2.591E-01  2.646E-01  2.614E-01  2.497E-01
  320.5000  2.995E-01  3.163E-01  3.228E-01  3.191E-01  3.048E-01
  321.5000  2.578E-01  2.716E-01  2.770E-01  2.738E-01  2.623E-01
  322.5000  2.572E-01  2.714E-01  2.770E-01  2.737E-01  2.618E-01
  323.5000  2.691E-01  2.831E-01  2.886E-01  2.854E-01  2.736E-01
  324.5000  3.158E-01  3.323E-01  3.388E-01  3.350E-01  3.212E-01
  325.5000  3.535E-01  3.721E-01  3.794E-01  3.751E-01  3.595E-01
  326.5000  4.320E-01  4.537E-01  4.623E-01  4.573E-01  4.390E-01
  327.5000  4.014E-01  4.218E-01  4.299E-01  4.252E-01  4.080E-01
  328.5000  3.708E-01  3.897E-01  3.971E-01  3.928E-01  3.769E-01
  329.5000  4.838E-01  5.076E-01  5.170E-01  5.116E-01  4.916E-01
  330.5000  4.391E-01  4.609E-01  4.695E-01  4.645E-01  4.462E-01
  331.5000  4.339E-01  4.555E-01  4.640E-01  4.591E-01  4.409E-01
  332.5000  4.292E-01  4.501E-01  4.583E-01  4.535E-01  4.359E-01
  333.5000  4.028E-01  4.226E-01  4.303E-01  4.258E-01  4.092E-01
  334.5000  4.506E-01  4.726E-01  4.812E-01  4.762E-01  4.578E-01
  335.5000  4.578E-01  4.798E-01  4.885E-01  4.835E-01  4.649E-01
  336.5000  3.579E-01  3.751E-01  3.819E-01  3.780E-01  3.635E-01
  337.5000  3.926E-01  4.116E-01  4.191E-01  4.147E-01  3.987E-01
  338.5000  4.152E-01  4.351E-01  4.429E-01  4.384E-01  4.217E-01
  339.5000  4.517E-01  4.733E-01  4.817E-01  4.768E-01  4.587E-01
  340.5000  4.828E-01  5.059E-01  5.150E-01  5.097E-01  4.903E-01
  341.5000  4.294E-01  4.498E-01  4.578E-01  4.531E-01  4.360E-01
  342.5000  4.759E-01  4.985E-01  5.073E-01  5.022E-01  4.832E-01
  343.5000  4.944E-01  5.178E-01  5.270E-01  5.217E-01  5.020E-01
  344.5000  3.465E-01  3.630E-01  3.694E-01  3.657E-01  3.519E-01
  345.5000  4.753E-01  4.977E-01  5.065E-01  5.014E-01  4.826E-01
  346.5000  4.446E-01  4.656E-01  4.738E-01  4.691E-01  4.514E-01
  347.5000  4.346E-01  4.551E-01  4.631E-01  4.584E-01  4.412E-01
  348.5000  4.779E-01  5.003E-01  5.091E-01  5.040E-01  4.852E-01
  349.5000  4.006E-01  4.194E-01  4.268E-01  4.225E-01  4.067E-01
  350.5000  5.611E-01  5.874E-01  5.977E-01  5.917E-01  5.696E-01
  351.5000  4.837E-01  5.064E-01  5.152E-01  5.101E-01  4.911E-01
  352.5000  4.364E-01  4.568E-01  4.648E-01  4.602E-01  4.430E-01
  353.5000  5.256E-01  5.500E-01  5.596E-01  5.541E-01  5.335E-01
  354.5000  5.690E-01  5.955E-01  6.058E-01  5.998E-01  5.776E-01
  355.5000  5.319E-01  5.566E-01  5.663E-01  5.607E-01  5.399E-01
  356.5000  4.938E-01  5.167E-01  5.256E-01  5.204E-01  5.012E-01
  357.5000  4.200E-01  4.394E-01  4.471E-01  4.426E-01  4.263E-01
  358.5000  3.242E-01  3.392E-01  3.451E-01  3.417E-01  3.291E-01
  359.5000  5.458E-01  5.710E-01  5.808E-01  5.751E-01  5.540E-01
  360.5000  5.060E-01  5.293E-01  5.385E-01  5.332E-01  5.136E-01
  361.5000  4.564E-01  4.773E-01  4.856E-01  4.808E-01  4.632E-01
  362.5000  5.361E-01  5.607E-01  5.703E-01  5.647E-01  5.441E-01
  363.5000  4.770E-01  4.989E-01  5.074E-01  5.025E-01  4.841E-01
  364.5000  5.205E-01  5.443E-01  5.536E-01  5.482E-01  5.282E-01
  365.5000  6.344E-01  6.634E-01  6.747E-01  6.682E-01  6.438E-01
  366.5000  6.716E-01  7.022E-01  7.142E-01  7.073E-01  6.815E-01
  367.5000  6.378E-01  6.669E-01  6.783E-01  6.717E-01  6.473E-01
  368.5000  5.605E-01  5.859E-01  5.959E-01  5.901E-01  5.687E-01
  369.5000  6.724E-01  7.030E-01  7.150E-01  7.080E-01  6.824E-01
  370.5000  6.102E-01  6.379E-01  6.488E-01  6.425E-01  6.192E-01
  371.5000  6.984E-01  7.301E-01  7.425E-01  7.353E-01  7.087E-01
  372.5000  5.160E-01  5.394E-01  5.485E-01  5.432E-01  5.236E-01
  373.5000  4.666E-01  4.876E-01  4.959E-01  4.911E-01  4.734E-01
  374.5000  5.122E-01  5.353E-01  5.443E-01  5.391E-01  5.197E-01
  375.5000  5.780E-01  6.041E-01  6.143E-01  6.084E-01  5.865E-01
  376.5000  5.774E-01  6.033E-01  6.135E-01  6.076E-01  5.858E-01
  377.5000  6.877E-01  7.186E-01  7.307E-01  7.237E-01  6.977E-01
  378.5000  7.497E-01  7.834E-01  7.965E-01  7.889E-01  7.606E-01
  379.5000  5.548E-01  5.797E-01  5.894E-01  5.838E-01  5.629E-01
  380.5000  6.674E-01  6.973E-01  7.090E-01  7.022E-01  6.771E-01
  381.5000  6.273E-01  6.553E-01  6.663E-01  6.599E-01  6.364E-01
  382.5000  4.181E-01  4.368E-01  4.441E-01  4.398E-01  4.242E-01
  383.5000  3.672E-01  3.836E-01  3.900E-01  3.863E-01  3.726E-01
  384.5000  5.513E-01  5.758E-01  5.854E-01  5.798E-01  5.592E-01
  385.5000  5.455E-01  5.698E-01  5.793E-01  5.738E-01  5.534E-01
  386.5000  5.562E-01  5.809E-01  5.906E-01  5.850E-01  5.642E-01
  387.5000  5.171E-01  5.400E-01  5.489E-01  5.437E-01  5.245E-01
  388.5000  5.184E-01  5.413E-01  5.503E-01  5.451E-01  5.259E-01
  389.5000  6.539E-01  6.828E-01  6.941E-01  6.876E-01  6.633E-01
  390.5000  6.425E-01  6.708E-01  6.819E-01  6.755E-01  6.517E-01
  391.5000  7.624E-01  7.960E-01  8.091E-01  8.015E-01  7.733E-01
  392.5000  5.718E-01  5.970E-01  6.069E-01  6.012E-01  5.800E-01
  393.5000  2.487E-01  2.596E-01  2.639E-01  2.614E-01  2.522E-01
  394.5000  5.853E-01  6.110E-01  6.211E-01  6.152E-01  5.936E-01
  395.5000  7.533E-01  7.863E-01  7.992E-01  7.917E-01  7.640E-01
  396.5000  4.424E-01  4.618E-01  4.694E-01  4.650E-01  4.487E-01
  397.5000  5.107E-01  5.330E-01  5.418E-01  5.367E-01  5.179E-01
  398.5000  8.777E-01  9.161E-01  9.311E-01  9.224E-01  8.902E-01
  399.5000  9.132E-01  9.531E-01  9.686E-01  9.596E-01  9.262E-01
  400.5000  9.603E-01  1.002E+00  1.019E+00  1.009E+00  9.739E-01
  401.5000  9.883E-01  1.031E+00  1.048E+00  1.038E+00  1.002E+00
  402.5000  1.026E+00  1.071E+00  1.088E+00  1.078E+00  1.041E+00
  403.5000  9.396E-01  9.804E-01  9.964E-01  9.871E-01  9.529E-01
  404.5000  9.218E-01  9.618E-01  9.774E-01  9.683E-01  9.348E-01
  405.5000  9.578E-01  9.993E-01  1.016E+00  1.006E+00  9.713E-01
  406.5000  9.024E-01  9.414E-01  9.567E-01  9.479E-01  9.151E-01
  407.5000  9.100E-01  9.493E-01  9.647E-01  9.558E-01  9.228E-01
  408.5000  1.014E+00  1.058E+00  1.075E+00  1.065E+00  1.028E+00
  409.5000  9.941E-01  1.037E+00  1.054E+00  1.044E+00  1.008E+00
  410.5000  8.623E-01  8.994E-01  9.139E-01  9.055E-01  8.743E-01
  411.5000  1.037E+00  1.081E+00  1.099E+00  1.089E+00  1.051E+00
  412.5000  1.028E+00  1.072E+00  1.089E+00  1.079E+00  1.042E+00
  413.5000  9.970E-01  1.040E+00  1.057E+00  1.047E+00  1.011E+00
  414.5000  1.025E+00  1.069E+00  1.086E+00  1.076E+00  1.039E+00
  415.5000  9.806E-01  1.023E+00  1.039E+00  1.030E+00  9.943E-01
  416.5000  1.068E+00  1.113E+00  1.131E+00  1.121E+00  1.082E+00
  417.5000  9.762E-01  1.018E+00  1.034E+00  1.025E+00  9.897E-01
  418.5000  9.841E-01  1.026E+00  1.042E+00  1.033E+00  9.977E-01
  419.5000  1.017E+00  1.060E+00  1.077E+00  1.067E+00  1.031E+00
------------------------------------------------------------
Dose rates, W m-2
   1 = UV-B, 280-315 nm                                  
   2 = UV-A, 315-400 nm                                  
   3 = Gaussian, 320 nm, 10 nm FWHM                      
   4 = RB Meter, model 501                               
   5 = DNA damage, in vitro (Setlow, 1974)               
   6 = UV index (WMO, 1994; Webb et al., 2011)           
   7 = Previtamin-D3 (CIE 2006)                          
values at z =      0.000 km
Columns: time, sza, weighting spectra
time, hrs.  sza, deg.          1          2          3          4          5          6          7
   11.0000     47.369  1.178E+00  4.143E+01  2.526E-01  3.404E-01  3.482E-03  6.409E+00  3.132E-01
   11.5000     45.494  1.275E+00  4.336E+01  2.668E-01  3.704E-01  3.918E-03  6.997E+00  3.440E-01
   12.0000     44.746  1.314E+00  4.412E+01  2.724E-01  3.825E-01  4.101E-03  7.237E+00  3.566E-01
   12.5000     45.181  1.291E+00  4.368E+01  2.691E-01  3.755E-01  3.996E-03  7.098E+00  3.493E-01
   13.0000     46.766  1.209E+00  4.205E+01  2.572E-01  3.500E-01  3.620E-03  6.597E+00  3.230E-01
------------------------------------------------------------
