Spectral Irradiance, W m-2 nm-1
values at z =      0.000 km
Columns: wavelength (nm), times (hrs.) or sza (deg.)
    wc, nm     11.000     11.500     12.000     12.500     13.000
    sza =      15.594      8.333      1.964      6.816     14.043
  280.5000  5.102E-14  1.093E-13  1.446E-13  1.206E-13  6.262E-14
  281.5000  1.503E-12  3.011E-12  3.886E-12  3.294E-12  1.811E-12
  282.5000  1.879E-11  3.555E-11  4.492E-11  3.861E-11  2.230E-11
  283.5000  8.783E-11  1.601E-10  1.996E-10  1.730E-10  1.032E-10
  284.5000  8.801E-10  1.499E-09  1.823E-09  1.606E-09  1.015E-09
  285.5000  3.030E-09  4.908E-09  5.859E-09  5.224E-09  3.449E-09
  286.5000  3.535E-08  5.509E-08  6.483E-08  5.834E-08  3.982E-08
  287.5000  1.934E-07  2.984E-07  3.457E-07  3.143E-07  2.225E-07
  288.5000  9.863E-07  1.406E-06  1.601E-06  1.472E-06  1.085E-06
  289.5000  5.356E-06  7.382E-06  8.307E-06  7.695E-06  5.838E-06
  290.5000  2.124E-05  2.847E-05  3.170E-05  2.957E-05  2.298E-05
  291.5000  6.611E-05  8.583E-05  9.447E-05  8.878E-05  7.091E-05
  292.5000  1.565E-04  1.980E-04  2.158E-04  2.041E-04  1.667E-04
  293.5000  4.443E-04  5.484E-04  5.925E-04  5.635E-04  4.701E-04
  294.5000  8.327E-04  1.008E-03  1.082E-03  1.034E-03  8.766E-04
  295.5000  2.061E-03  2.445E-03  2.604E-03  2.500E-03  2.158E-03
  296.5000  3.552E-03  4.143E-03  4.384E-03  4.227E-03  3.701E-03
  297.5000  6.732E-03  7.737E-03  8.143E-03  7.878E-03  6.988E-03
  298.5000  7.953E-03  9.026E-03  9.457E-03  9.176E-03  8.228E-03
  299.5000  1.759E-02  1.972E-02  2.058E-02  2.002E-02  1.814E-02
  300.5000  1.638E-02  1.821E-02  1.893E-02  1.846E-02  1.685E-02
  301.5000  3.231E-02  3.555E-02  3.683E-02  3.600E-02  3.315E-02
  302.5000  4.010E-02  4.385E-02  4.532E-02  4.436E-02  4.107E-02
  303.5000  6.811E-02  7.391E-02  7.617E-02  7.470E-02  6.962E-02
  304.5000  7.435E-02  8.033E-02  8.266E-02  8.114E-02  7.591E-02
  305.5000  9.796E-02  1.051E-01  1.079E-01  1.061E-01  9.983E-02
  306.5000  1.022E-01  1.094E-01  1.122E-01  1.104E-01  1.041E-01
  307.5000  1.472E-01  1.567E-01  1.603E-01  1.579E-01  1.497E-01
  308.5000  1.647E-01  1.749E-01  1.789E-01  1.763E-01  1.674E-01
  309.5000  1.450E-01  1.535E-01  1.567E-01  1.546E-01  1.472E-01
  310.5000  1.973E-01  2.083E-01  2.125E-01  2.098E-01  2.002E-01
  311.5000  2.537E-01  2.674E-01  2.727E-01  2.693E-01  2.573E-01
  312.5000  2.473E-01  2.598E-01  2.646E-01  2.615E-01  2.506E-01
  313.5000  2.804E-01  2.944E-01  2.997E-01  2.962E-01  2.840E-01
  314.5000  2.798E-01  2.930E-01  2.981E-01  2.948E-01  2.833E-01
  315.5000  2.889E-01  3.024E-01  3.076E-01  3.042E-01  2.924E-01
  316.5000  2.873E-01  3.001E-01  3.050E-01  3.019E-01  2.907E-01
  317.5000  4.062E-01  4.243E-01  4.313E-01  4.268E-01  4.110E-01
  318.5000  3.190E-01  3.327E-01  3.379E-01  3.345E-01  3.226E-01
  319.5000  3.891E-01  4.055E-01  4.118E-01  4.077E-01  3.934E-01
  320.5000  4.732E-01  4.929E-01  5.005E-01  4.956E-01  4.784E-01
  321.5000  4.010E-01  4.170E-01  4.231E-01  4.192E-01  4.052E-01
  322.5000  4.042E-01  4.208E-01  4.272E-01  4.231E-01  4.086E-01
  323.5000  4.151E-01  4.314E-01  4.376E-01  4.336E-01  4.194E-01
  324.5000  4.872E-01  5.062E-01  5.135E-01  5.088E-01  4.922E-01
  325.5000  5.462E-01  5.676E-01  5.758E-01  5.705E-01  5.518E-01
  326.5000  6.590E-01  6.837E-01  6.935E-01  6.873E-01  6.656E-01
  327.5000  6.142E-01  6.377E-01  6.466E-01  6.408E-01  6.203E-01
  328.5000  5.669E-01  5.885E-01  5.968E-01  5.914E-01  5.726E-01
  329.5000  7.326E-01  7.598E-01  7.702E-01  7.635E-01  7.398E-01
  330.5000  6.668E-01  6.917E-01  7.012E-01  6.951E-01  6.733E-01
  331.5000  6.589E-01  6.835E-01  6.929E-01  6.868E-01  6.647E-01
  332.5000  6.471E-01  6.709E-01  6.799E-01  6.741E-01  6.534E-01
  333.5000  6.085E-01  6.310E-01  6.396E-01  6.340E-01  6.145E-01
  334.5000  6.793E-01  7.043E-01  7.138E-01  7.076E-01  6.859E-01
  335.5000  6.875E-01  7.125E-01  7.220E-01  7.158E-01  6.941E-01
  336.5000  5.375E-01  5.571E-01  5.645E-01  5.597E-01  5.427E-01
  337.5000  5.904E-01  6.119E-01  6.202E-01  6.148E-01  5.961E-01
  338.5000  6.221E-01  6.446E-01  6.531E-01  6.476E-01  6.280E-01
  339.5000  6.759E-01  7.003E-01  7.095E-01  7.035E-01  6.824E-01
  340.5000  7.228E-01  7.489E-01  7.588E-01  7.523E-01  7.297E-01
  341.5000  6.413E-01  6.642E-01  6.730E-01  6.673E-01  6.473E-01
  342.5000  7.101E-01  7.354E-01  7.451E-01  7.388E-01  7.168E-01
  343.5000  7.375E-01  7.638E-01  7.739E-01  7.673E-01  7.444E-01
  344.5000  5.169E-01  5.353E-01  5.424E-01  5.378E-01  5.217E-01
  345.5000  7.074E-01  7.325E-01  7.421E-01  7.358E-01  7.140E-01
  346.5000  6.618E-01  6.853E-01  6.943E-01  6.885E-01  6.680E-01
  347.5000  6.463E-01  6.693E-01  6.780E-01  6.723E-01  6.524E-01
  348.5000  7.100E-01  7.351E-01  7.447E-01  7.384E-01  7.166E-01
  349.5000  5.948E-01  6.158E-01  6.238E-01  6.186E-01  6.003E-01
  350.5000  8.324E-01  8.618E-01  8.730E-01  8.657E-01  8.402E-01
  351.5000  7.172E-01  7.425E-01  7.521E-01  7.459E-01  7.239E-01
  352.5000  6.465E-01  6.693E-01  6.779E-01  6.723E-01  6.526E-01
  353.5000  7.779E-01  8.052E-01  8.156E-01  8.089E-01  7.851E-01
  354.5000  8.415E-01  8.710E-01  8.822E-01  8.749E-01  8.493E-01
  355.5000  7.862E-01  8.136E-01  8.241E-01  8.173E-01  7.934E-01
  356.5000  7.293E-01  7.547E-01  7.644E-01  7.581E-01  7.360E-01
  357.5000  6.199E-01  6.415E-01  6.498E-01  6.444E-01  6.256E-01
  358.5000  4.782E-01  4.948E-01  5.011E-01  4.970E-01  4.826E-01
  359.5000  8.044E-01  8.324E-01  8.430E-01  8.361E-01  8.118E-01
  360.5000  7.454E-01  7.712E-01  7.810E-01  7.747E-01  7.522E-01
  361.5000  6.717E-01  6.950E-01  7.038E-01  6.981E-01  6.779E-01
  362.5000  7.885E-01  8.157E-01  8.261E-01  8.194E-01  7.957E-01
  363.5000  7.012E-01  7.254E-01  7.346E-01  7.286E-01  7.075E-01
  364.5000  7.646E-01  7.909E-01  8.010E-01  7.945E-01  7.716E-01
  365.5000  9.313E-01  9.634E-01  9.756E-01  9.677E-01  9.398E-01
  366.5000  9.853E-01  1.019E+00  1.032E+00  1.024E+00  9.942E-01
  367.5000  9.351E-01  9.672E-01  9.794E-01  9.715E-01  9.436E-01
  368.5000  8.212E-01  8.493E-01  8.600E-01  8.531E-01  8.286E-01
  369.5000  9.847E-01  1.018E+00  1.031E+00  1.023E+00  9.936E-01
  370.5000  8.930E-01  9.236E-01  9.352E-01  9.276E-01  9.011E-01
  371.5000  1.021E+00  1.056E+00  1.070E+00  1.061E+00  1.031E+00
  372.5000  7.543E-01  7.799E-01  7.897E-01  7.834E-01  7.610E-01
  373.5000  6.815E-01  7.047E-01  7.135E-01  7.078E-01  6.877E-01
  374.5000  7.478E-01  7.732E-01  7.828E-01  7.766E-01  7.545E-01
  375.5000  8.434E-01  8.720E-01  8.829E-01  8.758E-01  8.509E-01
  376.5000  8.419E-01  8.704E-01  8.813E-01  8.742E-01  8.494E-01
  377.5000  1.002E+00  1.036E+00  1.049E+00  1.041E+00  1.011E+00
  378.5000  1.092E+00  1.129E+00  1.143E+00  1.134E+00  1.102E+00
  379.5000  8.076E-01  8.349E-01  8.452E-01  8.385E-01  8.148E-01
  380.5000  9.709E-01  1.004E+00  1.016E+00  1.008E+00  9.796E-01
  381.5000  9.121E-01  9.428E-01  9.545E-01  9.469E-01  9.202E-01
  382.5000  6.076E-01  6.280E-01  6.358E-01  6.307E-01  6.130E-01
  383.5000  5.333E-01  5.513E-01  5.581E-01  5.536E-01  5.381E-01
  384.5000  8.002E-01  8.270E-01  8.372E-01  8.306E-01  8.072E-01
  385.5000  7.914E-01  8.179E-01  8.280E-01  8.215E-01  7.984E-01
  386.5000  8.065E-01  8.335E-01  8.437E-01  8.371E-01  8.136E-01
  387.5000  7.493E-01  7.743E-01  7.839E-01  7.777E-01  7.559E-01
  388.5000  7.508E-01  7.759E-01  7.854E-01  7.792E-01  7.575E-01
  389.5000  9.466E-01  9.781E-01  9.901E-01  9.824E-01  9.549E-01
  390.5000  9.295E-01  9.605E-01  9.722E-01  9.646E-01  9.377E-01
  391.5000  1.102E+00  1.139E+00  1.153E+00  1.144E+00  1.112E+00
  392.5000  8.265E-01  8.539E-01  8.644E-01  8.576E-01  8.337E-01
  393.5000  3.592E-01  3.711E-01  3.757E-01  3.727E-01  3.624E-01
  394.5000  8.451E-01  8.731E-01  8.837E-01  8.768E-01  8.525E-01
  395.5000  1.087E+00  1.123E+00  1.137E+00  1.128E+00  1.097E+00
  396.5000  6.381E-01  6.592E-01  6.673E-01  6.621E-01  6.437E-01
  397.5000  7.362E-01  7.605E-01  7.698E-01  7.638E-01  7.426E-01
  398.5000  1.265E+00  1.306E+00  1.322E+00  1.312E+00  1.276E+00
  399.5000  1.315E+00  1.359E+00  1.375E+00  1.364E+00  1.327E+00
  400.5000  1.382E+00  1.428E+00  1.445E+00  1.434E+00  1.394E+00
  401.5000  1.422E+00  1.469E+00  1.486E+00  1.475E+00  1.434E+00
  402.5000  1.476E+00  1.524E+00  1.543E+00  1.531E+00  1.489E+00
  403.5000  1.351E+00  1.395E+00  1.412E+00  1.401E+00  1.362E+00
  404.5000  1.324E+00  1.368E+00  1.384E+00  1.374E+00  1.336E+00
  405.5000  1.376E+00  1.421E+00  1.438E+00  1.427E+00  1.387E+00
  406.5000  1.295E+00  1.338E+00  1.354E+00  1.343E+00  1.307E+00
  407.5000  1.306E+00  1.348E+00  1.365E+00  1.354E+00  1.317E+00
  408.5000  1.454E+00  1.501E+00  1.519E+00  1.508E+00  1.466E+00
  409.5000  1.425E+00  1.471E+00  1.489E+00  1.478E+00  1.437E+00
  410.5000  1.235E+00  1.276E+00  1.291E+00  1.281E+00  1.246E+00
  411.5000  1.485E+00  1.533E+00  1.551E+00  1.539E+00  1.498E+00
  412.5000  1.471E+00  1.519E+00  1.537E+00  1.525E+00  1.484E+00
  413.5000  1.427E+00  1.473E+00  1.491E+00  1.479E+00  1.439E+00
  414.5000  1.466E+00  1.514E+00  1.532E+00  1.520E+00  1.479E+00
  415.5000  1.402E+00  1.447E+00  1.465E+00  1.453E+00  1.414E+00
  416.5000  1.526E+00  1.575E+00  1.594E+00  1.582E+00  1.539E+00
  417.5000  1.394E+00  1.440E+00  1.457E+00  1.446E+00  1.406E+00
  418.5000  1.405E+00  1.451E+00  1.468E+00  1.457E+00  1.417E+00
  419.5000  1.451E+00  1.498E+00  1.516E+00  1.504E+00  1.464E+00
------------------------------------------------------------
Dose rates, W m-2
   1 = UV-B, 280-315 nm                                  
   2 = UV-A, 315-400 nm                                  
   3 = Gaussian, 320 nm, 10 nm FWHM                      
   4 = RB Meter, model 501                               
   5 = DNA damage, in vitro (Setlow, 1974)               
   6 = UV index (WMO, 1994; Webb et al., 2011)           
   7 = Previtamin-D3 (CIE 2006)                          
values at z =      0.000 km
Columns: time, sza, weighting spectra
time, hrs.  sza, deg.          1          2          3          4          5          6          7
   11.0000     15.594  2.186E+00  6.123E+01  3.994E-01  6.600E-01  8.547E-03  1.281E+01  6.434E-01
   11.5000      8.333  2.319E+00  6.338E+01  4.161E-01  7.045E-01  9.392E-03  1.373E+01  6.908E-01
   12.0000      1.964  2.371E+00  6.420E+01  4.225E-01  7.218E-01  9.727E-03  1.410E+01  7.093E-01
   12.5000      6.816  2.337E+00  6.367E+01  4.183E-01  7.106E-01  9.508E-03  1.386E+01  6.973E-01
   13.0000     14.043  2.221E+00  6.180E+01  4.038E-01  6.716E-01  8.765E-03  1.305E+01  6.558E-01
------------------------------------------------------------
