Spectral Irradiance, W m-2 nm-1
values at z =      0.000 km
Columns: wavelength (nm), times (hrs.) or sza (deg.)
    wc, nm     11.000     11.500     12.000     12.500     13.000
    sza =      14.830      7.946      1.544      6.149     13.012
  280.5000  5.508E-14  1.095E-13  1.420E-13  1.221E-13  6.896E-14
  281.5000  1.624E-12  3.041E-12  3.854E-12  3.358E-12  1.994E-12
  282.5000  2.033E-11  3.614E-11  4.491E-11  3.958E-11  2.454E-11
  283.5000  9.510E-11  1.635E-10  2.006E-10  1.781E-10  1.135E-10
  284.5000  9.542E-10  1.543E-09  1.849E-09  1.664E-09  1.116E-09
  285.5000  3.287E-09  5.079E-09  5.986E-09  5.440E-09  3.790E-09
  286.5000  3.837E-08  5.724E-08  6.658E-08  6.098E-08  4.373E-08
  287.5000  2.170E-07  3.115E-07  3.570E-07  3.298E-07  2.442E-07
  288.5000  1.072E-06  1.419E-06  1.664E-06  1.551E-06  1.190E-06
  289.5000  5.819E-06  7.771E-06  8.668E-06  8.135E-06  6.396E-06
  290.5000  2.308E-05  3.005E-05  3.320E-05  3.133E-05  2.516E-05
  291.5000  7.184E-05  9.089E-05  9.934E-05  9.433E-05  7.757E-05
  292.5000  1.701E-04  2.101E-04  2.277E-04  2.173E-04  1.822E-04
  293.5000  4.827E-04  5.833E-04  6.267E-04  6.011E-04  5.135E-04
  294.5000  9.044E-04  1.074E-03  1.147E-03  1.104E-03  9.567E-04
  295.5000  2.238E-03  2.610E-03  2.766E-03  2.674E-03  2.353E-03
  296.5000  3.855E-03  4.427E-03  4.665E-03  4.525E-03  4.033E-03
  297.5000  7.304E-03  8.277E-03  8.678E-03  8.442E-03  7.608E-03
  298.5000  8.625E-03  9.664E-03  1.009E-02  9.840E-03  8.951E-03
  299.5000  1.906E-02  2.113E-02  2.197E-02  2.148E-02  1.972E-02
  300.5000  1.775E-02  1.952E-02  2.023E-02  1.981E-02  1.831E-02
  301.5000  3.499E-02  3.813E-02  3.940E-02  3.865E-02  3.599E-02
  302.5000  4.342E-02  4.704E-02  4.849E-02  4.764E-02  4.457E-02
  303.5000  7.371E-02  7.931E-02  8.155E-02  8.024E-02  7.549E-02
  304.5000  8.045E-02  8.621E-02  8.851E-02  8.717E-02  8.228E-02
  305.5000  1.059E-01  1.129E-01  1.156E-01  1.140E-01  1.081E-01
  306.5000  1.105E-01  1.174E-01  1.202E-01  1.186E-01  1.127E-01
  307.5000  1.591E-01  1.682E-01  1.718E-01  1.697E-01  1.620E-01
  308.5000  1.772E-01  1.878E-01  1.917E-01  1.894E-01  1.811E-01
  309.5000  1.566E-01  1.648E-01  1.680E-01  1.661E-01  1.592E-01
  310.5000  2.131E-01  2.236E-01  2.278E-01  2.253E-01  2.164E-01
  311.5000  2.740E-01  2.871E-01  2.923E-01  2.893E-01  2.782E-01
  312.5000  2.669E-01  2.789E-01  2.837E-01  2.809E-01  2.707E-01
  313.5000  3.026E-01  3.160E-01  3.213E-01  3.182E-01  3.069E-01
  314.5000  3.019E-01  3.145E-01  3.195E-01  3.166E-01  3.059E-01
  315.5000  3.116E-01  3.246E-01  3.297E-01  3.267E-01  3.158E-01
  316.5000  3.099E-01  3.222E-01  3.270E-01  3.242E-01  3.138E-01
  317.5000  4.381E-01  4.554E-01  4.622E-01  4.583E-01  4.437E-01
  318.5000  3.440E-01  3.570E-01  3.621E-01  3.591E-01  3.482E-01
  319.5000  4.195E-01  4.352E-01  4.414E-01  4.378E-01  4.245E-01
  320.5000  5.101E-01  5.290E-01  5.363E-01  5.320E-01  5.161E-01
  321.5000  4.321E-01  4.475E-01  4.535E-01  4.500E-01  4.371E-01
  322.5000  4.357E-01  4.516E-01  4.578E-01  4.542E-01  4.408E-01
  323.5000  4.473E-01  4.629E-01  4.689E-01  4.654E-01  4.523E-01
  324.5000  5.249E-01  5.431E-01  5.502E-01  5.461E-01  5.308E-01
  325.5000  5.885E-01  6.090E-01  6.170E-01  6.123E-01  5.951E-01
  326.5000  7.099E-01  7.337E-01  7.430E-01  7.376E-01  7.176E-01
  327.5000  6.616E-01  6.840E-01  6.927E-01  6.877E-01  6.688E-01
  328.5000  6.107E-01  6.313E-01  6.394E-01  6.347E-01  6.173E-01
  329.5000  7.891E-01  8.151E-01  8.251E-01  8.192E-01  7.974E-01
  330.5000  7.181E-01  7.419E-01  7.512E-01  7.458E-01  7.258E-01
  331.5000  7.096E-01  7.320E-01  7.423E-01  7.369E-01  7.171E-01
  332.5000  6.968E-01  7.195E-01  7.283E-01  7.232E-01  7.041E-01
  333.5000  6.553E-01  6.767E-01  6.850E-01  6.802E-01  6.622E-01
  334.5000  7.315E-01  7.552E-01  7.645E-01  7.591E-01  7.391E-01
  335.5000  7.402E-01  7.640E-01  7.733E-01  7.679E-01  7.479E-01
  336.5000  5.787E-01  5.973E-01  6.046E-01  6.003E-01  5.847E-01
  337.5000  6.356E-01  6.561E-01  6.642E-01  6.595E-01  6.422E-01
  338.5000  6.697E-01  6.911E-01  6.994E-01  6.945E-01  6.766E-01
  339.5000  7.276E-01  7.508E-01  7.598E-01  7.545E-01  7.350E-01
  340.5000  7.780E-01  8.028E-01  8.125E-01  8.068E-01  7.860E-01
  341.5000  6.902E-01  7.121E-01  7.206E-01  7.156E-01  6.972E-01
  342.5000  7.642E-01  7.883E-01  7.978E-01  7.923E-01  7.720E-01
  343.5000  7.937E-01  8.188E-01  8.285E-01  8.228E-01  8.018E-01
  344.5000  5.563E-01  5.738E-01  5.807E-01  5.767E-01  5.619E-01
  345.5000  7.612E-01  7.851E-01  7.944E-01  7.890E-01  7.689E-01
  346.5000  7.121E-01  7.345E-01  7.432E-01  7.381E-01  7.193E-01
  347.5000  6.955E-01  7.173E-01  7.258E-01  7.208E-01  7.025E-01
  348.5000  7.639E-01  7.878E-01  7.971E-01  7.917E-01  7.716E-01
  349.5000  6.399E-01  6.599E-01  6.677E-01  6.632E-01  6.464E-01
  350.5000  8.956E-01  9.235E-01  9.344E-01  9.280E-01  9.046E-01
  351.5000  7.716E-01  7.956E-01  8.050E-01  7.995E-01  7.793E-01
  352.5000  6.956E-01  7.171E-01  7.256E-01  7.207E-01  7.025E-01
  353.5000  8.368E-01  8.628E-01  8.729E-01  8.670E-01  8.452E-01
  354.5000  9.052E-01  9.332E-01  9.442E-01  9.378E-01  9.142E-01
  355.5000  8.456E-01  8.717E-01  8.819E-01  8.760E-01  8.540E-01
  356.5000  7.844E-01  8.086E-01  8.180E-01  8.125E-01  7.922E-01
  357.5000  6.668E-01  6.873E-01  6.953E-01  6.906E-01  6.734E-01
  358.5000  5.143E-01  5.301E-01  5.362E-01  5.326E-01  5.194E-01
  359.5000  8.652E-01  8.917E-01  9.020E-01  8.960E-01  8.737E-01
  360.5000  8.016E-01  8.261E-01  8.357E-01  8.301E-01  8.095E-01
  361.5000  7.224E-01  7.444E-01  7.530E-01  7.480E-01  7.294E-01
  362.5000  8.479E-01  8.738E-01  8.839E-01  8.780E-01  8.562E-01
  363.5000  7.539E-01  7.769E-01  7.859E-01  7.806E-01  7.613E-01
  364.5000  8.221E-01  8.471E-01  8.569E-01  8.512E-01  8.302E-01
  365.5000  1.001E+00  1.032E+00  1.044E+00  1.037E+00  1.011E+00
  366.5000  1.059E+00  1.091E+00  1.104E+00  1.097E+00  1.070E+00
  367.5000  1.005E+00  1.036E+00  1.048E+00  1.041E+00  1.015E+00
  368.5000  8.829E-01  9.095E-01  9.200E-01  9.139E-01  8.914E-01
  369.5000  1.059E+00  1.091E+00  1.103E+00  1.096E+00  1.069E+00
  370.5000  9.600E-01  9.890E-01  1.000E+00  9.937E-01  9.693E-01
  371.5000  1.098E+00  1.131E+00  1.144E+00  1.136E+00  1.109E+00
  372.5000  8.108E-01  8.351E-01  8.446E-01  8.391E-01  8.186E-01
  373.5000  7.326E-01  7.545E-01  7.631E-01  7.581E-01  7.396E-01
  374.5000  8.037E-01  8.278E-01  8.372E-01  8.317E-01  8.115E-01
  375.5000  9.065E-01  9.336E-01  9.442E-01  9.380E-01  9.152E-01
  376.5000  9.048E-01  9.319E-01  9.424E-01  9.363E-01  9.135E-01
  377.5000  1.077E+00  1.109E+00  1.122E+00  1.114E+00  1.087E+00
  378.5000  1.173E+00  1.208E+00  1.222E+00  1.214E+00  1.185E+00
  379.5000  8.679E-01  8.937E-01  9.038E-01  8.979E-01  8.762E-01
  380.5000  1.043E+00  1.074E+00  1.086E+00  1.079E+00  1.053E+00
  381.5000  9.801E-01  1.009E+00  1.021E+00  1.014E+00  9.895E-01
  382.5000  6.528E-01  6.722E-01  6.797E-01  6.753E-01  6.591E-01
  383.5000  5.731E-01  5.900E-01  5.967E-01  5.928E-01  5.785E-01
  384.5000  8.597E-01  8.851E-01  8.951E-01  8.893E-01  8.679E-01
  385.5000  8.503E-01  8.754E-01  8.852E-01  8.795E-01  8.584E-01
  386.5000  8.665E-01  8.920E-01  9.020E-01  8.962E-01  8.747E-01
  387.5000  8.050E-01  8.287E-01  8.380E-01  8.326E-01  8.126E-01
  388.5000  8.066E-01  8.304E-01  8.396E-01  8.342E-01  8.143E-01
  389.5000  1.017E+00  1.047E+00  1.058E+00  1.052E+00  1.027E+00
  390.5000  9.985E-01  1.028E+00  1.039E+00  1.033E+00  1.008E+00
  391.5000  1.184E+00  1.219E+00  1.232E+00  1.225E+00  1.195E+00
  392.5000  8.878E-01  9.138E-01  9.239E-01  9.180E-01  8.961E-01
  393.5000  3.859E-01  3.971E-01  4.015E-01  3.990E-01  3.895E-01
  394.5000  9.077E-01  9.342E-01  9.445E-01  9.385E-01  9.162E-01
  395.5000  1.168E+00  1.202E+00  1.215E+00  1.207E+00  1.178E+00
  396.5000  6.854E-01  7.053E-01  7.131E-01  7.086E-01  6.918E-01
  397.5000  7.907E-01  8.137E-01  8.227E-01  8.174E-01  7.981E-01
  398.5000  1.358E+00  1.398E+00  1.413E+00  1.404E+00  1.371E+00
  399.5000  1.412E+00  1.453E+00  1.469E+00  1.460E+00  1.426E+00
  400.5000  1.485E+00  1.528E+00  1.544E+00  1.535E+00  1.498E+00
  401.5000  1.527E+00  1.571E+00  1.588E+00  1.578E+00  1.541E+00
  402.5000  1.585E+00  1.631E+00  1.649E+00  1.638E+00  1.600E+00
  403.5000  1.450E+00  1.492E+00  1.509E+00  1.499E+00  1.464E+00
  404.5000  1.422E+00  1.463E+00  1.479E+00  1.470E+00  1.435E+00
  405.5000  1.477E+00  1.519E+00  1.536E+00  1.526E+00  1.491E+00
  406.5000  1.391E+00  1.431E+00  1.446E+00  1.437E+00  1.404E+00
  407.5000  1.402E+00  1.442E+00  1.458E+00  1.449E+00  1.415E+00
  408.5000  1.561E+00  1.606E+00  1.623E+00  1.613E+00  1.575E+00
  409.5000  1.530E+00  1.574E+00  1.591E+00  1.581E+00  1.544E+00
  410.5000  1.326E+00  1.364E+00  1.379E+00  1.371E+00  1.339E+00
  411.5000  1.594E+00  1.640E+00  1.657E+00  1.647E+00  1.609E+00
  412.5000  1.579E+00  1.625E+00  1.642E+00  1.632E+00  1.594E+00
  413.5000  1.532E+00  1.575E+00  1.592E+00  1.582E+00  1.546E+00
  414.5000  1.574E+00  1.619E+00  1.636E+00  1.626E+00  1.588E+00
  415.5000  1.505E+00  1.548E+00  1.565E+00  1.555E+00  1.519E+00
  416.5000  1.638E+00  1.684E+00  1.702E+00  1.692E+00  1.653E+00
  417.5000  1.497E+00  1.539E+00  1.556E+00  1.546E+00  1.510E+00
  418.5000  1.508E+00  1.551E+00  1.568E+00  1.558E+00  1.522E+00
  419.5000  1.558E+00  1.602E+00  1.619E+00  1.609E+00  1.572E+00
------------------------------------------------------------
Dose rates, W m-2
   1 = UV-B, 280-315 nm                                  
   2 = UV-A, 315-400 nm                                  
   3 = Gaussian, 320 nm, 10 nm FWHM                      
   4 = RB Meter, model 501                               
   5 = DNA damage, in vitro (Setlow, 1974)               
   6 = UV index (WMO, 1994; Webb et al., 2011)           
   7 = Previtamin-D3 (CIE 2006)                          
values at z =      0.000 km
Columns: time, sza, weighting spectra
time, hrs.  sza, deg.          1          2          3          4          5          6          7
   11.0000     14.830  2.361E+00  6.586E+01  4.305E-01  7.130E-01  9.251E-03  1.384E+01  6.954E-01
   11.5000      7.946  2.490E+00  6.790E+01  4.465E-01  7.560E-01  1.007E-02  1.473E+01  7.413E-01
   12.0000      1.544  2.540E+00  6.870E+01  4.528E-01  7.731E-01  1.040E-02  1.509E+01  7.596E-01
   12.5000      6.149  2.511E+00  6.823E+01  4.491E-01  7.631E-01  1.020E-02  1.488E+01  7.489E-01
   13.0000     13.012  2.402E+00  6.651E+01  4.357E-01  7.268E-01  9.509E-03  1.412E+01  7.102E-01
------------------------------------------------------------
