Spectral Irradiance, W m-2 nm-1
values at z =      0.000 km
Columns: wavelength (nm), times (hrs.) or sza (deg.)
    wc, nm     11.000     11.500     12.000     12.500     13.000
    sza =      45.604     44.492     44.132     44.542     45.697
  280.5000  1.084E-25  3.057E-25  4.226E-25  2.922E-25  9.911E-26
  281.5000  3.690E-23  9.473E-23  1.239E-22  9.093E-23  3.402E-23
  282.5000  3.776E-21  8.942E-21  1.171E-20  8.614E-21  3.505E-21
  283.5000  6.913E-20  1.554E-19  2.001E-19  1.500E-19  6.446E-20
  284.5000  8.335E-18  1.703E-17  2.087E-17  1.651E-17  7.836E-18
  285.5000  1.806E-16  3.438E-16  4.205E-16  3.343E-16  1.708E-16
  286.5000  8.660E-15  1.562E-14  1.865E-14  1.522E-14  8.230E-15
  287.5000  2.349E-13  3.990E-13  4.709E-13  3.899E-13  2.244E-13
  288.5000  6.369E-12  1.013E-11  1.172E-11  9.932E-12  6.119E-12
  289.5000  1.170E-10  1.777E-10  2.025E-10  1.745E-10  1.128E-10
  290.5000  1.293E-09  1.888E-09  2.126E-09  1.857E-09  1.251E-09
  291.5000  1.272E-08  1.794E-08  1.992E-08  1.768E-08  1.247E-08
  292.5000  7.862E-08  1.059E-07  1.163E-07  1.046E-07  7.661E-08
  293.5000  5.455E-07  7.105E-07  7.717E-07  7.024E-07  5.332E-07
  294.5000  2.058E-06  2.610E-06  2.812E-06  2.583E-06  2.016E-06
  295.5000  1.071E-05  1.320E-05  1.410E-05  1.308E-05  1.052E-05
  296.5000  3.419E-05  4.118E-05  4.365E-05  4.085E-05  3.365E-05
  297.5000  1.113E-04  1.313E-04  1.383E-04  1.304E-04  1.097E-04
  298.5000  2.073E-04  2.404E-04  2.519E-04  2.389E-04  2.047E-04
  299.5000  7.044E-04  8.039E-04  8.378E-04  7.992E-04  6.964E-04
  300.5000  9.115E-04  1.027E-03  1.067E-03  1.022E-03  9.021E-04
  301.5000  2.567E-03  2.855E-03  2.951E-03  2.841E-03  2.543E-03
  302.5000  4.024E-03  4.436E-03  4.574E-03  4.418E-03  3.990E-03
  303.5000  9.003E-03  9.823E-03  1.010E-02  9.786E-03  8.935E-03
  304.5000  1.152E-02  1.250E-02  1.282E-02  1.245E-02  1.144E-02
  305.5000  1.922E-02  2.067E-02  2.114E-02  2.060E-02  1.910E-02
  306.5000  2.221E-02  2.378E-02  2.430E-02  2.371E-02  2.207E-02
  307.5000  3.882E-02  4.128E-02  4.208E-02  4.117E-02  3.861E-02
  308.5000  4.682E-02  4.964E-02  5.056E-02  4.951E-02  4.658E-02
  309.5000  4.684E-02  4.932E-02  5.027E-02  4.931E-02  4.662E-02
  310.5000  6.984E-02  7.344E-02  7.461E-02  7.328E-02  6.953E-02
  311.5000  9.541E-02  1.001E-01  1.016E-01  9.990E-02  9.501E-02
  312.5000  1.034E-01  1.081E-01  1.096E-01  1.079E-01  1.030E-01
  313.5000  1.204E-01  1.257E-01  1.274E-01  1.254E-01  1.199E-01
  314.5000  1.316E-01  1.369E-01  1.386E-01  1.367E-01  1.311E-01
  315.5000  1.380E-01  1.435E-01  1.453E-01  1.433E-01  1.376E-01
  316.5000  1.473E-01  1.528E-01  1.545E-01  1.525E-01  1.468E-01
  317.5000  2.086E-01  2.163E-01  2.188E-01  2.160E-01  2.079E-01
  318.5000  1.747E-01  1.807E-01  1.827E-01  1.805E-01  1.742E-01
  319.5000  2.159E-01  2.232E-01  2.256E-01  2.229E-01  2.153E-01
  320.5000  2.667E-01  2.756E-01  2.784E-01  2.752E-01  2.654E-01
  321.5000  2.396E-01  2.471E-01  2.495E-01  2.467E-01  2.388E-01
  322.5000  2.313E-01  2.389E-01  2.413E-01  2.385E-01  2.306E-01
  323.5000  2.550E-01  2.627E-01  2.649E-01  2.623E-01  2.543E-01
  324.5000  2.987E-01  3.077E-01  3.106E-01  3.073E-01  2.980E-01
  325.5000  3.322E-01  3.423E-01  3.455E-01  3.418E-01  3.313E-01
  326.5000  4.205E-01  4.325E-01  4.364E-01  4.320E-01  4.195E-01
  327.5000  3.863E-01  3.976E-01  4.012E-01  3.971E-01  3.854E-01
  328.5000  3.571E-01  3.674E-01  3.708E-01  3.670E-01  3.562E-01
  329.5000  4.783E-01  4.915E-01  4.957E-01  4.909E-01  4.771E-01
  330.5000  4.293E-01  4.414E-01  4.453E-01  4.409E-01  4.283E-01
  331.5000  4.233E-01  4.353E-01  4.391E-01  4.348E-01  4.223E-01
  332.5000  4.267E-01  4.384E-01  4.421E-01  4.378E-01  4.257E-01
  333.5000  3.973E-01  4.083E-01  4.118E-01  4.078E-01  3.963E-01
  334.5000  4.463E-01  4.585E-01  4.624E-01  4.580E-01  4.452E-01
  335.5000  4.575E-01  4.698E-01  4.737E-01  4.692E-01  4.564E-01
  336.5000  3.567E-01  3.663E-01  3.694E-01  3.659E-01  3.559E-01
  337.5000  3.888E-01  3.994E-01  4.028E-01  3.989E-01  3.879E-01
  338.5000  4.151E-01  4.262E-01  4.298E-01  4.257E-01  4.142E-01
  339.5000  4.521E-01  4.641E-01  4.680E-01  4.636E-01  4.511E-01
  340.5000  4.816E-01  4.945E-01  4.986E-01  4.939E-01  4.805E-01
  341.5000  4.303E-01  4.417E-01  4.454E-01  4.412E-01  4.294E-01
  342.5000  4.774E-01  4.900E-01  4.940E-01  4.894E-01  4.763E-01
  343.5000  4.951E-01  5.082E-01  5.123E-01  5.076E-01  4.940E-01
  344.5000  3.464E-01  3.556E-01  3.585E-01  3.552E-01  3.456E-01
  345.5000  4.773E-01  4.898E-01  4.938E-01  4.892E-01  4.762E-01
  346.5000  4.452E-01  4.569E-01  4.607E-01  4.564E-01  4.442E-01
  347.5000  4.353E-01  4.467E-01  4.504E-01  4.462E-01  4.343E-01
  348.5000  4.791E-01  4.916E-01  4.956E-01  4.911E-01  4.781E-01
  349.5000  4.016E-01  4.121E-01  4.154E-01  4.116E-01  4.007E-01
  350.5000  5.626E-01  5.772E-01  5.819E-01  5.766E-01  5.613E-01
  351.5000  4.848E-01  4.974E-01  5.014E-01  4.968E-01  4.837E-01
  352.5000  4.375E-01  4.489E-01  4.525E-01  4.483E-01  4.365E-01
  353.5000  5.271E-01  5.407E-01  5.451E-01  5.401E-01  5.259E-01
  354.5000  5.709E-01  5.856E-01  5.903E-01  5.849E-01  5.696E-01
  355.5000  5.337E-01  5.474E-01  5.518E-01  5.468E-01  5.325E-01
  356.5000  4.954E-01  5.081E-01  5.122E-01  5.075E-01  4.943E-01
  357.5000  4.213E-01  4.321E-01  4.356E-01  4.316E-01  4.204E-01
  358.5000  3.252E-01  3.336E-01  3.363E-01  3.332E-01  3.245E-01
  359.5000  5.475E-01  5.615E-01  5.660E-01  5.609E-01  5.463E-01
  360.5000  5.076E-01  5.206E-01  5.247E-01  5.200E-01  5.065E-01
  361.5000  4.578E-01  4.695E-01  4.732E-01  4.690E-01  4.568E-01
  362.5000  5.378E-01  5.515E-01  5.559E-01  5.509E-01  5.366E-01
  363.5000  4.785E-01  4.907E-01  4.946E-01  4.901E-01  4.775E-01
  364.5000  5.221E-01  5.354E-01  5.396E-01  5.348E-01  5.210E-01
  365.5000  6.363E-01  6.524E-01  6.576E-01  6.517E-01  6.349E-01
  366.5000  6.736E-01  6.906E-01  6.961E-01  6.899E-01  6.721E-01
  367.5000  6.397E-01  6.559E-01  6.611E-01  6.552E-01  6.383E-01
  368.5000  5.621E-01  5.763E-01  5.808E-01  5.756E-01  5.609E-01
  369.5000  6.744E-01  6.914E-01  6.968E-01  6.906E-01  6.729E-01
  370.5000  6.120E-01  6.274E-01  6.323E-01  6.267E-01  6.106E-01
  371.5000  7.004E-01  7.180E-01  7.236E-01  7.172E-01  6.988E-01
  372.5000  5.174E-01  5.304E-01  5.346E-01  5.298E-01  5.163E-01
  373.5000  4.678E-01  4.795E-01  4.833E-01  4.790E-01  4.668E-01
  374.5000  5.135E-01  5.264E-01  5.305E-01  5.258E-01  5.124E-01
  375.5000  5.795E-01  5.940E-01  5.986E-01  5.933E-01  5.783E-01
  376.5000  5.788E-01  5.932E-01  5.979E-01  5.926E-01  5.776E-01
  377.5000  6.894E-01  7.066E-01  7.121E-01  7.058E-01  6.879E-01
  378.5000  7.515E-01  7.702E-01  7.762E-01  7.694E-01  7.499E-01
  379.5000  5.561E-01  5.699E-01  5.743E-01  5.693E-01  5.549E-01
  380.5000  6.689E-01  6.855E-01  6.908E-01  6.848E-01  6.675E-01
  381.5000  6.287E-01  6.443E-01  6.493E-01  6.436E-01  6.274E-01
  382.5000  4.190E-01  4.294E-01  4.327E-01  4.289E-01  4.181E-01
  383.5000  3.680E-01  3.771E-01  3.800E-01  3.767E-01  3.672E-01
  384.5000  5.524E-01  5.660E-01  5.704E-01  5.654E-01  5.512E-01
  385.5000  5.466E-01  5.601E-01  5.644E-01  5.595E-01  5.454E-01
  386.5000  5.573E-01  5.710E-01  5.754E-01  5.704E-01  5.561E-01
  387.5000  5.180E-01  5.308E-01  5.348E-01  5.302E-01  5.169E-01
  388.5000  5.193E-01  5.321E-01  5.362E-01  5.315E-01  5.182E-01
  389.5000  6.551E-01  6.711E-01  6.762E-01  6.704E-01  6.537E-01
  390.5000  6.435E-01  6.593E-01  6.643E-01  6.586E-01  6.422E-01
  391.5000  7.636E-01  7.823E-01  7.883E-01  7.814E-01  7.620E-01
  392.5000  5.727E-01  5.867E-01  5.912E-01  5.861E-01  5.715E-01
  393.5000  2.490E-01  2.551E-01  2.571E-01  2.548E-01  2.485E-01
  394.5000  5.861E-01  6.004E-01  6.050E-01  5.998E-01  5.849E-01
  395.5000  7.543E-01  7.726E-01  7.785E-01  7.718E-01  7.527E-01
  396.5000  4.430E-01  4.538E-01  4.572E-01  4.533E-01  4.421E-01
  397.5000  5.113E-01  5.237E-01  5.277E-01  5.232E-01  5.103E-01
  398.5000  8.788E-01  9.001E-01  9.069E-01  8.991E-01  8.770E-01
  399.5000  9.143E-01  9.364E-01  9.435E-01  9.354E-01  9.124E-01
  400.5000  9.614E-01  9.846E-01  9.921E-01  9.836E-01  9.594E-01
  401.5000  9.893E-01  1.013E+00  1.021E+00  1.012E+00  9.873E-01
  402.5000  1.027E+00  1.052E+00  1.060E+00  1.051E+00  1.025E+00
  403.5000  9.405E-01  9.631E-01  9.704E-01  9.621E-01  9.385E-01
  404.5000  9.226E-01  9.448E-01  9.519E-01  9.438E-01  9.207E-01
  405.5000  9.586E-01  9.816E-01  9.890E-01  9.806E-01  9.566E-01
  406.5000  9.031E-01  9.248E-01  9.317E-01  9.238E-01  9.012E-01
  407.5000  9.107E-01  9.325E-01  9.394E-01  9.315E-01  9.088E-01
  408.5000  1.014E+00  1.039E+00  1.046E+00  1.038E+00  1.012E+00
  409.5000  9.946E-01  1.018E+00  1.026E+00  1.017E+00  9.926E-01
  410.5000  8.627E-01  8.833E-01  8.899E-01  8.824E-01  8.609E-01
  411.5000  1.037E+00  1.062E+00  1.070E+00  1.061E+00  1.035E+00
  412.5000  1.028E+00  1.053E+00  1.061E+00  1.052E+00  1.026E+00
  413.5000  9.974E-01  1.021E+00  1.029E+00  1.020E+00  9.954E-01
  414.5000  1.025E+00  1.050E+00  1.057E+00  1.049E+00  1.023E+00
  415.5000  9.809E-01  1.004E+00  1.012E+00  1.003E+00  9.789E-01
  416.5000  1.068E+00  1.093E+00  1.101E+00  1.092E+00  1.066E+00
  417.5000  9.763E-01  9.994E-01  1.007E+00  9.984E-01  9.743E-01
  418.5000  9.841E-01  1.007E+00  1.015E+00  1.006E+00  9.821E-01
  419.5000  1.017E+00  1.041E+00  1.049E+00  1.040E+00  1.015E+00
------------------------------------------------------------
Dose rates, W m-2
   1 = UV-B, 280-315 nm                                  
   2 = UV-A, 315-400 nm                                  
   3 = Gaussian, 320 nm, 10 nm FWHM                      
   4 = RB Meter, model 501                               
   5 = DNA damage, in vitro (Setlow, 1974)               
   6 = UV index (WMO, 1994; Webb et al., 2011)           
   7 = Previtamin-D3 (CIE 2006)                          
values at z =      0.000 km
Columns: time, sza, weighting spectra
time, hrs.  sza, deg.          1          2          3          4          5          6          7
   11.0000     45.604  7.237E-01  4.113E+01  2.251E-01  2.007E-01  1.321E-03  3.766E+00  1.553E-01
   11.5000     44.492  7.608E-01  4.219E+01  2.326E-01  2.110E-01  1.413E-03  3.951E+00  1.647E-01
   12.0000     44.132  7.730E-01  4.254E+01  2.350E-01  2.144E-01  1.443E-03  4.012E+00  1.678E-01
   12.5000     44.542  7.592E-01  4.215E+01  2.323E-01  2.106E-01  1.409E-03  3.943E+00  1.643E-01
   13.0000     45.697  7.205E-01  4.103E+01  2.244E-01  1.999E-01  1.314E-03  3.750E+00  1.545E-01
------------------------------------------------------------
