Spectral Irradiance, W m-2 nm-1
values at z =      0.000 km
Columns: wavelength (nm), times (hrs.) or sza (deg.)
    wc, nm     11.000     11.500     12.000     12.500     13.000
    sza =      41.839     40.850     40.460     40.691     41.529
  280.5000  1.717E-23  3.610E-23  4.793E-23  4.056E-23  2.175E-23
  281.5000  3.692E-21  7.255E-21  9.390E-21  8.067E-21  4.577E-21
  282.5000  2.546E-19  4.725E-19  5.981E-19  5.205E-19  3.099E-19
  283.5000  3.607E-18  6.450E-18  8.050E-18  7.065E-18  4.340E-18
  284.5000  2.726E-16  4.554E-16  5.538E-16  4.935E-16  3.209E-16
  285.5000  4.183E-15  6.644E-15  7.926E-15  7.143E-15  4.846E-15
  286.5000  1.539E-13  2.352E-13  2.765E-13  2.513E-13  1.761E-13
  287.5000  3.111E-12  4.555E-12  5.268E-12  4.835E-12  3.512E-12
  288.5000  6.131E-11  8.567E-11  9.734E-11  9.028E-11  6.819E-11
  289.5000  8.964E-10  1.212E-09  1.359E-09  1.270E-09  9.865E-10
  290.5000  8.178E-09  1.075E-08  1.193E-08  1.122E-08  8.920E-09
  291.5000  6.539E-08  8.326E-08  9.131E-08  8.648E-08  7.061E-08
  292.5000  3.352E-07  4.159E-07  4.516E-07  4.302E-07  3.590E-07
  293.5000  1.969E-06  2.384E-06  2.565E-06  2.457E-06  2.092E-06
  294.5000  6.520E-06  7.746E-06  8.273E-06  7.959E-06  6.887E-06
  295.5000  2.954E-05  3.439E-05  3.645E-05  3.522E-05  3.100E-05
  296.5000  8.410E-05  9.629E-05  1.014E-04  9.835E-05  8.779E-05
  297.5000  2.476E-04  2.793E-04  2.925E-04  2.847E-04  2.572E-04
  298.5000  4.238E-04  4.723E-04  4.923E-04  4.804E-04  4.386E-04
  299.5000  1.330E-03  1.465E-03  1.520E-03  1.487E-03  1.371E-03
  300.5000  1.619E-03  1.768E-03  1.828E-03  1.792E-03  1.665E-03
  301.5000  4.269E-03  4.616E-03  4.757E-03  4.673E-03  4.377E-03
  302.5000  6.411E-03  6.889E-03  7.081E-03  6.968E-03  6.559E-03
  303.5000  1.363E-02  1.454E-02  1.490E-02  1.469E-02  1.392E-02
  304.5000  1.695E-02  1.800E-02  1.842E-02  1.817E-02  1.727E-02
  305.5000  2.707E-02  2.856E-02  2.916E-02  2.881E-02  2.753E-02
  306.5000  3.069E-02  3.230E-02  3.294E-02  3.256E-02  3.119E-02
  307.5000  5.177E-02  5.420E-02  5.516E-02  5.460E-02  5.253E-02
  308.5000  6.159E-02  6.435E-02  6.544E-02  6.479E-02  6.245E-02
  309.5000  6.019E-02  6.267E-02  6.365E-02  6.307E-02  6.097E-02
  310.5000  8.825E-02  9.167E-02  9.301E-02  9.222E-02  8.932E-02
  311.5000  1.192E-01  1.237E-01  1.254E-01  1.244E-01  1.206E-01
  312.5000  1.268E-01  1.311E-01  1.328E-01  1.318E-01  1.281E-01
  313.5000  1.469E-01  1.517E-01  1.537E-01  1.525E-01  1.484E-01
  314.5000  1.579E-01  1.627E-01  1.646E-01  1.635E-01  1.593E-01
  315.5000  1.652E-01  1.702E-01  1.721E-01  1.710E-01  1.667E-01
  316.5000  1.740E-01  1.789E-01  1.808E-01  1.797E-01  1.755E-01
  317.5000  2.463E-01  2.533E-01  2.560E-01  2.544E-01  2.478E-01
  318.5000  2.039E-01  2.093E-01  2.114E-01  2.102E-01  2.056E-01
  319.5000  2.514E-01  2.579E-01  2.605E-01  2.590E-01  2.534E-01
  320.5000  3.096E-01  3.175E-01  3.206E-01  3.188E-01  3.121E-01
  321.5000  2.752E-01  2.819E-01  2.845E-01  2.829E-01  2.773E-01
  322.5000  2.678E-01  2.746E-01  2.772E-01  2.756E-01  2.699E-01
  323.5000  2.915E-01  2.983E-01  3.009E-01  2.993E-01  2.936E-01
  324.5000  3.416E-01  3.496E-01  3.527E-01  3.508E-01  3.441E-01
  325.5000  3.804E-01  3.893E-01  3.928E-01  3.908E-01  3.832E-01
  326.5000  4.774E-01  4.880E-01  4.921E-01  4.897E-01  4.807E-01
  327.5000  4.397E-01  4.496E-01  4.535E-01  4.513E-01  4.428E-01
  328.5000  4.063E-01  4.155E-01  4.190E-01  4.169E-01  4.092E-01
  329.5000  5.407E-01  5.524E-01  5.569E-01  5.542E-01  5.444E-01
  330.5000  4.866E-01  4.972E-01  5.014E-01  4.990E-01  4.899E-01
  331.5000  4.800E-01  4.905E-01  4.946E-01  4.922E-01  4.833E-01
  332.5000  4.815E-01  4.918E-01  4.958E-01  4.934E-01  4.848E-01
  333.5000  4.491E-01  4.588E-01  4.626E-01  4.603E-01  4.522E-01
  334.5000  5.040E-01  5.147E-01  5.189E-01  5.164E-01  5.073E-01
  335.5000  5.154E-01  5.262E-01  5.304E-01  5.279E-01  5.188E-01
  336.5000  4.020E-01  4.105E-01  4.138E-01  4.118E-01  4.047E-01
  337.5000  4.388E-01  4.481E-01  4.518E-01  4.496E-01  4.418E-01
  338.5000  4.674E-01  4.772E-01  4.810E-01  4.787E-01  4.705E-01
  339.5000  5.089E-01  5.194E-01  5.236E-01  5.211E-01  5.122E-01
  340.5000  5.425E-01  5.538E-01  5.582E-01  5.556E-01  5.460E-01
  341.5000  4.841E-01  4.941E-01  4.980E-01  4.957E-01  4.872E-01
  342.5000  5.368E-01  5.478E-01  5.521E-01  5.496E-01  5.403E-01
  343.5000  5.569E-01  5.683E-01  5.728E-01  5.702E-01  5.605E-01
  344.5000  3.897E-01  3.978E-01  4.009E-01  3.991E-01  3.923E-01
  345.5000  5.363E-01  5.473E-01  5.516E-01  5.491E-01  5.398E-01
  346.5000  5.006E-01  5.108E-01  5.148E-01  5.125E-01  5.038E-01
  347.5000  4.893E-01  4.993E-01  5.032E-01  5.009E-01  4.925E-01
  348.5000  5.384E-01  5.494E-01  5.536E-01  5.511E-01  5.418E-01
  349.5000  4.512E-01  4.604E-01  4.640E-01  4.619E-01  4.541E-01
  350.5000  6.320E-01  6.448E-01  6.498E-01  6.469E-01  6.360E-01
  351.5000  5.446E-01  5.556E-01  5.600E-01  5.574E-01  5.481E-01
  352.5000  4.914E-01  5.013E-01  5.052E-01  5.029E-01  4.945E-01
  353.5000  5.918E-01  6.038E-01  6.085E-01  6.057E-01  5.956E-01
  354.5000  6.408E-01  6.538E-01  6.588E-01  6.558E-01  6.449E-01
  355.5000  5.990E-01  6.111E-01  6.158E-01  6.130E-01  6.028E-01
  356.5000  5.559E-01  5.671E-01  5.715E-01  5.689E-01  5.594E-01
  357.5000  4.728E-01  4.822E-01  4.859E-01  4.838E-01  4.757E-01
  358.5000  3.649E-01  3.722E-01  3.751E-01  3.734E-01  3.672E-01
  359.5000  6.142E-01  6.265E-01  6.313E-01  6.285E-01  6.181E-01
  360.5000  5.694E-01  5.808E-01  5.852E-01  5.826E-01  5.730E-01
  361.5000  5.135E-01  5.237E-01  5.277E-01  5.253E-01  5.167E-01
  362.5000  6.031E-01  6.151E-01  6.198E-01  6.170E-01  6.069E-01
  363.5000  5.365E-01  5.472E-01  5.514E-01  5.489E-01  5.399E-01
  364.5000  5.854E-01  5.970E-01  6.015E-01  5.988E-01  5.890E-01
  365.5000  7.133E-01  7.274E-01  7.329E-01  7.297E-01  7.177E-01
  366.5000  7.550E-01  7.700E-01  7.758E-01  7.723E-01  7.597E-01
  367.5000  7.170E-01  7.312E-01  7.367E-01  7.334E-01  7.214E-01
  368.5000  6.299E-01  6.423E-01  6.472E-01  6.443E-01  6.338E-01
  369.5000  7.556E-01  7.705E-01  7.763E-01  7.729E-01  7.603E-01
  370.5000  6.856E-01  6.991E-01  7.044E-01  7.013E-01  6.899E-01
  371.5000  7.846E-01  8.000E-01  8.060E-01  8.025E-01  7.895E-01
  372.5000  5.796E-01  5.910E-01  5.954E-01  5.928E-01  5.832E-01
  373.5000  5.239E-01  5.342E-01  5.382E-01  5.359E-01  5.272E-01
  374.5000  5.751E-01  5.864E-01  5.907E-01  5.882E-01  5.786E-01
  375.5000  6.489E-01  6.616E-01  6.666E-01  6.637E-01  6.529E-01
  376.5000  6.481E-01  6.607E-01  6.657E-01  6.628E-01  6.521E-01
  377.5000  7.718E-01  7.869E-01  7.927E-01  7.893E-01  7.766E-01
  378.5000  8.413E-01  8.577E-01  8.641E-01  8.603E-01  8.464E-01
  379.5000  6.225E-01  6.346E-01  6.393E-01  6.365E-01  6.263E-01
  380.5000  7.487E-01  7.632E-01  7.689E-01  7.655E-01  7.533E-01
  381.5000  7.036E-01  7.172E-01  7.226E-01  7.194E-01  7.079E-01
  382.5000  4.689E-01  4.780E-01  4.815E-01  4.794E-01  4.717E-01
  383.5000  4.118E-01  4.197E-01  4.228E-01  4.210E-01  4.143E-01
  384.5000  6.180E-01  6.299E-01  6.346E-01  6.318E-01  6.218E-01
  385.5000  6.115E-01  6.233E-01  6.279E-01  6.252E-01  6.152E-01
  386.5000  6.234E-01  6.354E-01  6.401E-01  6.373E-01  6.272E-01
  387.5000  5.794E-01  5.906E-01  5.949E-01  5.923E-01  5.829E-01
  388.5000  5.808E-01  5.920E-01  5.963E-01  5.938E-01  5.843E-01
  389.5000  7.325E-01  7.466E-01  7.521E-01  7.488E-01  7.370E-01
  390.5000  7.196E-01  7.334E-01  7.388E-01  7.356E-01  7.239E-01
  391.5000  8.538E-01  8.701E-01  8.765E-01  8.727E-01  8.589E-01
  392.5000  6.403E-01  6.526E-01  6.573E-01  6.545E-01  6.442E-01
  393.5000  2.784E-01  2.837E-01  2.858E-01  2.846E-01  2.801E-01
  394.5000  6.552E-01  6.677E-01  6.726E-01  6.697E-01  6.591E-01
  395.5000  8.431E-01  8.592E-01  8.654E-01  8.617E-01  8.482E-01
  396.5000  4.951E-01  5.045E-01  5.082E-01  5.061E-01  4.981E-01
  397.5000  5.714E-01  5.823E-01  5.865E-01  5.840E-01  5.748E-01
  398.5000  9.820E-01  1.001E+00  1.008E+00  1.004E+00  9.879E-01
  399.5000  1.022E+00  1.041E+00  1.048E+00  1.044E+00  1.028E+00
  400.5000  1.074E+00  1.094E+00  1.102E+00  1.098E+00  1.081E+00
  401.5000  1.105E+00  1.126E+00  1.134E+00  1.129E+00  1.112E+00
  402.5000  1.148E+00  1.169E+00  1.178E+00  1.173E+00  1.154E+00
  403.5000  1.051E+00  1.070E+00  1.078E+00  1.073E+00  1.057E+00
  404.5000  1.030E+00  1.050E+00  1.057E+00  1.053E+00  1.037E+00
  405.5000  1.071E+00  1.091E+00  1.099E+00  1.094E+00  1.077E+00
  406.5000  1.009E+00  1.027E+00  1.035E+00  1.030E+00  1.014E+00
  407.5000  1.017E+00  1.036E+00  1.043E+00  1.039E+00  1.023E+00
  408.5000  1.133E+00  1.154E+00  1.162E+00  1.157E+00  1.139E+00
  409.5000  1.110E+00  1.131E+00  1.139E+00  1.135E+00  1.117E+00
  410.5000  9.631E-01  9.812E-01  9.882E-01  9.840E-01  9.688E-01
  411.5000  1.158E+00  1.179E+00  1.188E+00  1.183E+00  1.165E+00
  412.5000  1.148E+00  1.169E+00  1.177E+00  1.173E+00  1.154E+00
  413.5000  1.113E+00  1.134E+00  1.142E+00  1.137E+00  1.120E+00
  414.5000  1.144E+00  1.166E+00  1.174E+00  1.169E+00  1.151E+00
  415.5000  1.095E+00  1.115E+00  1.123E+00  1.118E+00  1.101E+00
  416.5000  1.192E+00  1.214E+00  1.222E+00  1.217E+00  1.198E+00
  417.5000  1.089E+00  1.110E+00  1.117E+00  1.113E+00  1.096E+00
  418.5000  1.098E+00  1.118E+00  1.126E+00  1.122E+00  1.104E+00
  419.5000  1.134E+00  1.155E+00  1.164E+00  1.159E+00  1.141E+00
------------------------------------------------------------
Dose rates, W m-2
   1 = UV-B, 280-315 nm                                  
   2 = UV-A, 315-400 nm                                  
   3 = Gaussian, 320 nm, 10 nm FWHM                      
   4 = RB Meter, model 501                               
   5 = DNA damage, in vitro (Setlow, 1974)               
   6 = UV index (WMO, 1994; Webb et al., 2011)           
   7 = Previtamin-D3 (CIE 2006)                          
values at z =      0.000 km
Columns: time, sza, weighting spectra
time, hrs.  sza, deg.          1          2          3          4          5          6          7
   11.0000     41.839  9.153E-01  4.624E+01  2.611E-01  2.542E-01  1.828E-03  4.732E+00  2.055E-01
   11.5000     40.850  9.511E-01  4.718E+01  2.678E-01  2.643E-01  1.927E-03  4.916E+00  2.151E-01
   12.0000     40.460  9.653E-01  4.754E+01  2.704E-01  2.683E-01  1.967E-03  4.989E+00  2.189E-01
   12.5000     40.691  9.569E-01  4.733E+01  2.689E-01  2.659E-01  1.943E-03  4.946E+00  2.166E-01
   13.0000     41.529  9.265E-01  4.653E+01  2.632E-01  2.573E-01  1.858E-03  4.789E+00  2.085E-01
------------------------------------------------------------
