Spectral Irradiance, W m-2 nm-1
values at z =      0.000 km
Columns: wavelength (nm), times (hrs.) or sza (deg.)
    wc, nm     11.000     11.500     12.000     12.500     13.000
    sza =      14.830      7.946      1.544      6.149     13.012
  280.5000  2.387E-13  4.584E-13  5.864E-13  5.082E-13  2.954E-13
  281.5000  6.146E-12  1.115E-11  1.396E-11  1.225E-11  7.467E-12
  282.5000  6.846E-11  1.182E-10  1.453E-10  1.289E-10  8.185E-11
  283.5000  2.969E-10  4.967E-10  6.032E-10  5.388E-10  3.513E-10
  284.5000  2.595E-09  4.097E-09  4.868E-09  4.404E-09  3.013E-09
  285.5000  8.074E-09  1.221E-08  1.428E-08  1.304E-08  9.243E-09
  286.5000  8.713E-08  1.275E-07  1.472E-07  1.354E-07  9.867E-08
  287.5000  4.518E-07  6.372E-07  7.257E-07  6.729E-07  5.055E-07
  288.5000  2.030E-06  2.751E-06  3.087E-06  2.887E-06  2.242E-06
  289.5000  1.030E-05  1.357E-05  1.506E-05  1.418E-05  1.127E-05
  290.5000  3.860E-05  4.964E-05  5.460E-05  5.166E-05  4.190E-05
  291.5000  1.126E-04  1.410E-04  1.535E-04  1.461E-04  1.212E-04
  292.5000  2.530E-04  3.097E-04  3.343E-04  3.197E-04  2.702E-04
  293.5000  6.831E-04  8.189E-04  8.771E-04  8.428E-04  7.248E-04
  294.5000  1.231E-03  1.452E-03  1.546E-03  1.490E-03  1.299E-03
  295.5000  2.923E-03  3.388E-03  3.582E-03  3.468E-03  3.067E-03
  296.5000  4.866E-03  5.558E-03  5.743E-03  5.676E-03  5.082E-03
  297.5000  8.947E-03  1.009E-02  1.056E-02  1.028E-02  9.305E-03
  298.5000  1.030E-02  1.149E-02  1.198E-02  1.169E-02  1.068E-02
  299.5000  2.223E-02  2.455E-02  2.550E-02  2.494E-02  2.296E-02
  300.5000  2.032E-02  2.227E-02  2.306E-02  2.260E-02  2.094E-02
  301.5000  3.927E-02  4.268E-02  4.405E-02  4.325E-02  4.035E-02
  302.5000  4.810E-02  5.199E-02  5.354E-02  5.263E-02  4.933E-02
  303.5000  8.041E-02  8.634E-02  8.871E-02  8.733E-02  8.230E-02
  304.5000  8.698E-02  9.305E-02  9.546E-02  9.405E-02  8.891E-02
  305.5000  1.130E-01  1.203E-01  1.231E-01  1.214E-01  1.153E-01
  306.5000  1.173E-01  1.244E-01  1.273E-01  1.256E-01  1.196E-01
  307.5000  1.664E-01  1.764E-01  1.801E-01  1.779E-01  1.700E-01
  308.5000  1.860E-01  1.961E-01  2.001E-01  1.978E-01  1.892E-01
  309.5000  1.625E-01  1.709E-01  1.741E-01  1.722E-01  1.652E-01
  310.5000  2.200E-01  2.307E-01  2.350E-01  2.325E-01  2.234E-01
  311.5000  2.820E-01  2.953E-01  3.005E-01  2.975E-01  2.862E-01
  312.5000  2.730E-01  2.852E-01  2.900E-01  2.872E-01  2.769E-01
  313.5000  3.091E-01  3.227E-01  3.280E-01  3.249E-01  3.135E-01
  314.5000  3.068E-01  3.196E-01  3.246E-01  3.217E-01  3.109E-01
  315.5000  3.165E-01  3.295E-01  3.347E-01  3.317E-01  3.207E-01
  316.5000  3.135E-01  3.258E-01  3.307E-01  3.279E-01  3.175E-01
  317.5000  4.432E-01  4.606E-01  4.674E-01  4.635E-01  4.488E-01
  318.5000  3.467E-01  3.598E-01  3.649E-01  3.619E-01  3.509E-01
  319.5000  4.225E-01  4.383E-01  4.445E-01  4.409E-01  4.276E-01
  320.5000  5.133E-01  5.323E-01  5.397E-01  5.354E-01  5.194E-01
  321.5000  4.335E-01  4.488E-01  4.549E-01  4.514E-01  4.384E-01
  322.5000  4.381E-01  4.541E-01  4.603E-01  4.567E-01  4.432E-01
  323.5000  4.481E-01  4.636E-01  4.697E-01  4.661E-01  4.531E-01
  324.5000  5.259E-01  5.441E-01  5.512E-01  5.471E-01  5.317E-01
  325.5000  5.898E-01  6.103E-01  6.184E-01  6.137E-01  5.964E-01
  326.5000  7.096E-01  7.335E-01  7.428E-01  7.374E-01  7.173E-01
  327.5000  6.619E-01  6.844E-01  6.931E-01  6.880E-01  6.691E-01
  328.5000  6.110E-01  6.316E-01  6.397E-01  6.350E-01  6.176E-01
  329.5000  7.879E-01  8.138E-01  8.240E-01  8.181E-01  7.962E-01
  330.5000  7.176E-01  7.414E-01  7.508E-01  7.453E-01  7.252E-01
  331.5000  7.092E-01  7.328E-01  7.420E-01  7.366E-01  7.168E-01
  332.5000  6.955E-01  7.181E-01  7.270E-01  7.218E-01  7.028E-01
  333.5000  6.544E-01  6.759E-01  6.842E-01  6.793E-01  6.613E-01
  334.5000  7.302E-01  7.540E-01  7.633E-01  7.579E-01  7.379E-01
  335.5000  7.385E-01  7.623E-01  7.716E-01  7.662E-01  7.461E-01
  336.5000  5.775E-01  5.961E-01  6.034E-01  5.991E-01  5.835E-01
  337.5000  6.346E-01  6.551E-01  6.632E-01  6.585E-01  6.412E-01
  338.5000  6.681E-01  6.895E-01  6.979E-01  6.930E-01  6.750E-01
  339.5000  7.258E-01  7.490E-01  7.581E-01  7.528E-01  7.333E-01
  340.5000  7.763E-01  8.012E-01  8.109E-01  8.052E-01  7.843E-01
  341.5000  6.885E-01  7.103E-01  7.189E-01  7.139E-01  6.955E-01
  342.5000  7.622E-01  7.864E-01  7.958E-01  7.903E-01  7.700E-01
  343.5000  7.917E-01  8.168E-01  8.267E-01  8.209E-01  7.998E-01
  344.5000  5.550E-01  5.726E-01  5.794E-01  5.754E-01  5.606E-01
  345.5000  7.592E-01  7.831E-01  7.925E-01  7.870E-01  7.669E-01
  346.5000  7.104E-01  7.328E-01  7.415E-01  7.364E-01  7.176E-01
  347.5000  6.938E-01  7.156E-01  7.241E-01  7.192E-01  7.008E-01
  348.5000  7.620E-01  7.859E-01  7.952E-01  7.898E-01  7.697E-01
  349.5000  6.383E-01  6.583E-01  6.662E-01  6.616E-01  6.448E-01
  350.5000  8.933E-01  9.213E-01  9.322E-01  9.258E-01  9.023E-01
  351.5000  7.697E-01  7.937E-01  8.031E-01  7.977E-01  7.774E-01
  352.5000  6.938E-01  7.154E-01  7.239E-01  7.190E-01  7.008E-01
  353.5000  8.347E-01  8.607E-01  8.708E-01  8.649E-01  8.431E-01
  354.5000  9.029E-01  9.310E-01  9.419E-01  9.355E-01  9.120E-01
  355.5000  8.435E-01  8.696E-01  8.798E-01  8.739E-01  8.519E-01
  356.5000  7.824E-01  8.066E-01  8.161E-01  8.106E-01  7.902E-01
  357.5000  6.651E-01  6.856E-01  6.937E-01  6.890E-01  6.717E-01
  358.5000  5.130E-01  5.288E-01  5.350E-01  5.314E-01  5.181E-01
  359.5000  8.630E-01  8.896E-01  8.999E-01  8.939E-01  8.715E-01
  360.5000  7.996E-01  8.241E-01  8.337E-01  8.281E-01  8.075E-01
  361.5000  7.205E-01  7.426E-01  7.513E-01  7.462E-01  7.276E-01
  362.5000  8.458E-01  8.717E-01  8.818E-01  8.759E-01  8.541E-01
  363.5000  7.521E-01  7.751E-01  7.840E-01  7.788E-01  7.595E-01
  364.5000  8.201E-01  8.451E-01  8.549E-01  8.492E-01  8.281E-01
  365.5000  9.989E-01  1.029E+00  1.041E+00  1.034E+00  1.009E+00
  366.5000  1.057E+00  1.089E+00  1.101E+00  1.094E+00  1.067E+00
  367.5000  1.003E+00  1.033E+00  1.045E+00  1.038E+00  1.013E+00
  368.5000  8.807E-01  9.074E-01  9.178E-01  9.118E-01  8.893E-01
  369.5000  1.056E+00  1.088E+00  1.100E+00  1.093E+00  1.066E+00
  370.5000  9.577E-01  9.867E-01  9.980E-01  9.914E-01  9.670E-01
  371.5000  1.095E+00  1.128E+00  1.141E+00  1.134E+00  1.106E+00
  372.5000  8.088E-01  8.332E-01  8.427E-01  8.372E-01  8.166E-01
  373.5000  7.308E-01  7.528E-01  7.614E-01  7.564E-01  7.379E-01
  374.5000  8.018E-01  8.259E-01  8.353E-01  8.298E-01  8.095E-01
  375.5000  9.043E-01  9.314E-01  9.420E-01  9.359E-01  9.130E-01
  376.5000  9.026E-01  9.297E-01  9.403E-01  9.341E-01  9.114E-01
  377.5000  1.074E+00  1.107E+00  1.119E+00  1.112E+00  1.085E+00
  378.5000  1.171E+00  1.206E+00  1.219E+00  1.211E+00  1.182E+00
  379.5000  8.658E-01  8.917E-01  9.018E-01  8.959E-01  8.741E-01
  380.5000  1.041E+00  1.072E+00  1.084E+00  1.077E+00  1.051E+00
  381.5000  9.778E-01  1.007E+00  1.018E+00  1.012E+00  9.871E-01
  382.5000  6.513E-01  6.707E-01  6.783E-01  6.738E-01  6.575E-01
  383.5000  5.717E-01  5.887E-01  5.954E-01  5.915E-01  5.772E-01
  384.5000  8.577E-01  8.832E-01  8.931E-01  8.873E-01  8.659E-01
  385.5000  8.483E-01  8.735E-01  8.833E-01  8.776E-01  8.564E-01
  386.5000  8.644E-01  8.900E-01  9.000E-01  8.942E-01  8.727E-01
  387.5000  8.031E-01  8.269E-01  8.361E-01  8.307E-01  8.108E-01
  388.5000  8.047E-01  8.285E-01  8.378E-01  8.324E-01  8.124E-01
  389.5000  1.015E+00  1.044E+00  1.056E+00  1.049E+00  1.024E+00
  390.5000  9.962E-01  1.026E+00  1.037E+00  1.030E+00  1.006E+00
  391.5000  1.182E+00  1.216E+00  1.230E+00  1.222E+00  1.193E+00
  392.5000  8.857E-01  9.118E-01  9.219E-01  9.160E-01  8.941E-01
  393.5000  3.850E-01  3.963E-01  4.007E-01  3.981E-01  3.886E-01
  394.5000  9.056E-01  9.322E-01  9.425E-01  9.365E-01  9.141E-01
  395.5000  1.165E+00  1.199E+00  1.212E+00  1.205E+00  1.176E+00
  396.5000  6.838E-01  7.038E-01  7.116E-01  7.071E-01  6.903E-01
  397.5000  7.889E-01  8.119E-01  8.209E-01  8.157E-01  7.963E-01
  398.5000  1.355E+00  1.395E+00  1.410E+00  1.401E+00  1.368E+00
  399.5000  1.409E+00  1.450E+00  1.466E+00  1.457E+00  1.422E+00
  400.5000  1.481E+00  1.524E+00  1.541E+00  1.531E+00  1.495E+00
  401.5000  1.524E+00  1.568E+00  1.585E+00  1.575E+00  1.538E+00
  402.5000  1.581E+00  1.627E+00  1.645E+00  1.635E+00  1.596E+00
  403.5000  1.447E+00  1.489E+00  1.505E+00  1.496E+00  1.461E+00
  404.5000  1.419E+00  1.460E+00  1.476E+00  1.467E+00  1.432E+00
  405.5000  1.474E+00  1.516E+00  1.533E+00  1.523E+00  1.487E+00
  406.5000  1.388E+00  1.428E+00  1.444E+00  1.434E+00  1.401E+00
  407.5000  1.399E+00  1.439E+00  1.455E+00  1.446E+00  1.412E+00
  408.5000  1.557E+00  1.602E+00  1.620E+00  1.610E+00  1.572E+00
  409.5000  1.526E+00  1.571E+00  1.588E+00  1.578E+00  1.541E+00
  410.5000  1.323E+00  1.362E+00  1.376E+00  1.368E+00  1.336E+00
  411.5000  1.590E+00  1.636E+00  1.654E+00  1.644E+00  1.605E+00
  412.5000  1.576E+00  1.621E+00  1.639E+00  1.629E+00  1.591E+00
  413.5000  1.528E+00  1.572E+00  1.589E+00  1.579E+00  1.542E+00
  414.5000  1.570E+00  1.615E+00  1.633E+00  1.623E+00  1.585E+00
  415.5000  1.502E+00  1.545E+00  1.562E+00  1.552E+00  1.516E+00
  416.5000  1.634E+00  1.681E+00  1.699E+00  1.688E+00  1.649E+00
  417.5000  1.494E+00  1.536E+00  1.553E+00  1.543E+00  1.507E+00
  418.5000  1.505E+00  1.548E+00  1.565E+00  1.555E+00  1.519E+00
  419.5000  1.554E+00  1.599E+00  1.616E+00  1.606E+00  1.569E+00
------------------------------------------------------------
Dose rates, W m-2
   1 = UV-B, 280-315 nm                                  
   2 = UV-A, 315-400 nm                                  
   3 = Gaussian, 320 nm, 10 nm FWHM                      
   4 = RB Meter, model 501                               
   5 = DNA damage, in vitro (Setlow, 1974)               
   6 = UV index (WMO, 1994; Webb et al., 2011)           
   7 = Previtamin-D3 (CIE 2006)                          
values at z =      0.000 km
Columns: time, sza, weighting spectra
time, hrs.  sza, deg.          1          2          3          4          5          6          7
   11.0000     14.830  2.463E+00  6.575E+01  4.334E-01  7.533E-01  1.037E-02  1.477E+01  7.431E-01
   11.5000      7.946  2.596E+00  6.780E+01  4.495E-01  7.985E-01  1.128E-02  1.573E+01  7.917E-01
   12.0000      1.544  2.648E+00  6.859E+01  4.558E-01  8.164E-01  1.164E-02  1.611E+01  8.109E-01
   12.5000      6.149  2.618E+00  6.813E+01  4.521E-01  8.060E-01  1.144E-02  1.589E+01  7.997E-01
   13.0000     13.012  2.506E+00  6.641E+01  4.386E-01  7.678E-01  1.066E-02  1.508E+01  7.588E-01
------------------------------------------------------------
