Spectral Irradiance, W m-2 nm-1
values at z =      0.000 km
Columns: wavelength (nm), times (hrs.) or sza (deg.)
    wc, nm     11.000     11.500     12.000     12.500     13.000
    sza =      65.003     64.377     64.236     64.581     65.402
  280.5000  2.210E-29  2.368E-29  2.407E-29  2.314E-29  2.119E-29
  281.5000  1.069E-26  1.148E-26  1.167E-26  1.121E-26  1.023E-26
  282.5000  1.486E-24  1.599E-24  1.627E-24  1.561E-24  1.422E-24
  283.5000  3.314E-23  3.572E-23  3.636E-23  3.484E-23  3.167E-23
  284.5000  5.880E-21  6.363E-21  6.483E-21  6.197E-21  5.607E-21
  285.5000  1.712E-19  1.860E-19  1.897E-19  1.809E-19  1.629E-19
  286.5000  1.037E-17  1.132E-17  1.156E-17  1.099E-17  9.848E-18
  287.5000  3.709E-16  4.076E-16  4.171E-16  3.948E-16  3.509E-16
  288.5000  1.399E-14  1.558E-14  1.599E-14  1.502E-14  1.316E-14
  289.5000  3.333E-13  3.762E-13  3.877E-13  3.609E-13  3.111E-13
  290.5000  4.701E-12  5.391E-12  5.577E-12  5.144E-12  4.350E-12
  291.5000  6.456E-11  7.567E-11  7.868E-11  7.168E-11  5.897E-11
  292.5000  5.400E-10  6.449E-10  6.732E-10  6.073E-10  4.872E-10
  293.5000  5.294E-09  6.417E-09  6.716E-09  6.016E-09  4.723E-09
  294.5000  2.721E-08  3.321E-08  3.479E-08  3.108E-08  2.412E-08
  295.5000  2.052E-07  2.507E-07  2.625E-07  2.347E-07  1.813E-07
  296.5000  9.199E-07  1.118E-06  1.169E-06  1.049E-06  8.138E-07
  297.5000  4.123E-06  4.964E-06  5.176E-06  4.672E-06  3.664E-06
  298.5000  1.020E-05  1.215E-05  1.263E-05  1.148E-05  9.123E-06
  299.5000  4.588E-05  5.390E-05  5.588E-05  5.116E-05  4.134E-05
  300.5000  7.399E-05  8.593E-05  8.884E-05  8.187E-05  6.715E-05
  301.5000  2.665E-04  3.051E-04  3.145E-04  2.921E-04  2.439E-04
  302.5000  4.919E-04  5.578E-04  5.736E-04  5.356E-04  4.531E-04
  303.5000  1.340E-03  1.501E-03  1.539E-03  1.447E-03  1.244E-03
  304.5000  1.922E-03  2.137E-03  2.188E-03  2.065E-03  1.793E-03
  305.5000  3.811E-03  4.191E-03  4.280E-03  4.064E-03  3.581E-03
  306.5000  4.741E-03  5.188E-03  5.293E-03  5.039E-03  4.469E-03
  307.5000  9.581E-03  1.038E-02  1.057E-02  1.012E-02  9.090E-03
  308.5000  1.221E-02  1.318E-02  1.341E-02  1.286E-02  1.161E-02
  309.5000  1.346E-02  1.443E-02  1.466E-02  1.411E-02  1.285E-02
  310.5000  2.150E-02  2.296E-02  2.329E-02  2.248E-02  2.060E-02
  311.5000  3.075E-02  3.273E-02  3.318E-02  3.207E-02  2.952E-02
  312.5000  3.620E-02  3.830E-02  3.879E-02  3.761E-02  3.488E-02
  313.5000  4.295E-02  4.539E-02  4.595E-02  4.459E-02  4.142E-02
  314.5000  5.038E-02  5.298E-02  5.358E-02  5.213E-02  4.874E-02
  315.5000  5.348E-02  5.620E-02  5.682E-02  5.531E-02  5.177E-02
  316.5000  6.028E-02  6.310E-02  6.374E-02  6.217E-02  5.850E-02
  317.5000  8.541E-02  8.942E-02  9.033E-02  8.810E-02  8.290E-02
  318.5000  7.523E-02  7.848E-02  7.922E-02  7.742E-02  7.318E-02
  319.5000  9.389E-02  9.788E-02  9.879E-02  9.657E-02  9.137E-02
  320.5000  1.174E-01  1.222E-01  1.234E-01  1.206E-01  1.143E-01
  321.5000  1.104E-01  1.146E-01  1.156E-01  1.132E-01  1.077E-01
  322.5000  1.030E-01  1.072E-01  1.081E-01  1.058E-01  1.003E-01
  323.5000  1.200E-01  1.244E-01  1.254E-01  1.230E-01  1.172E-01
  324.5000  1.404E-01  1.456E-01  1.468E-01  1.439E-01  1.371E-01
  325.5000  1.551E-01  1.609E-01  1.622E-01  1.590E-01  1.514E-01
  326.5000  2.038E-01  2.109E-01  2.125E-01  2.086E-01  1.993E-01
  327.5000  1.852E-01  1.918E-01  1.933E-01  1.896E-01  1.810E-01
  328.5000  1.714E-01  1.774E-01  1.788E-01  1.755E-01  1.675E-01
  329.5000  2.360E-01  2.439E-01  2.457E-01  2.413E-01  2.310E-01
  330.5000  2.096E-01  2.168E-01  2.185E-01  2.145E-01  2.051E-01
  331.5000  2.064E-01  2.135E-01  2.151E-01  2.112E-01  2.019E-01
  332.5000  2.123E-01  2.193E-01  2.209E-01  2.170E-01  2.079E-01
  333.5000  1.962E-01  2.028E-01  2.043E-01  2.006E-01  1.920E-01
  334.5000  2.215E-01  2.289E-01  2.305E-01  2.265E-01  2.168E-01
  335.5000  2.293E-01  2.368E-01  2.385E-01  2.344E-01  2.246E-01
  336.5000  1.785E-01  1.843E-01  1.856E-01  1.824E-01  1.748E-01
  337.5000  1.934E-01  1.998E-01  2.013E-01  1.977E-01  1.893E-01
  338.5000  2.087E-01  2.155E-01  2.170E-01  2.133E-01  2.044E-01
  339.5000  2.278E-01  2.352E-01  2.368E-01  2.328E-01  2.231E-01
  340.5000  2.420E-01  2.499E-01  2.517E-01  2.473E-01  2.370E-01
  341.5000  2.175E-01  2.245E-01  2.261E-01  2.222E-01  2.130E-01
  342.5000  2.417E-01  2.494E-01  2.512E-01  2.469E-01  2.367E-01
  343.5000  2.504E-01  2.585E-01  2.603E-01  2.559E-01  2.453E-01
  344.5000  1.750E-01  1.807E-01  1.820E-01  1.788E-01  1.714E-01
  345.5000  2.425E-01  2.503E-01  2.520E-01  2.477E-01  2.376E-01
  346.5000  2.258E-01  2.330E-01  2.347E-01  2.307E-01  2.211E-01
  347.5000  2.210E-01  2.281E-01  2.297E-01  2.258E-01  2.165E-01
  348.5000  2.437E-01  2.515E-01  2.533E-01  2.490E-01  2.387E-01
  349.5000  2.044E-01  2.109E-01  2.124E-01  2.088E-01  2.002E-01
  350.5000  2.866E-01  2.958E-01  2.979E-01  2.928E-01  2.808E-01
  351.5000  2.471E-01  2.550E-01  2.568E-01  2.524E-01  2.421E-01
  352.5000  2.233E-01  2.304E-01  2.320E-01  2.281E-01  2.188E-01
  353.5000  2.694E-01  2.779E-01  2.799E-01  2.752E-01  2.639E-01
  354.5000  2.921E-01  3.014E-01  3.035E-01  2.984E-01  2.862E-01
  355.5000  2.733E-01  2.820E-01  2.840E-01  2.792E-01  2.678E-01
  356.5000  2.539E-01  2.620E-01  2.638E-01  2.593E-01  2.488E-01
  357.5000  2.161E-01  2.229E-01  2.245E-01  2.207E-01  2.117E-01
  358.5000  1.670E-01  1.723E-01  1.735E-01  1.706E-01  1.637E-01
  359.5000  2.814E-01  2.903E-01  2.923E-01  2.874E-01  2.757E-01
  360.5000  2.611E-01  2.693E-01  2.712E-01  2.667E-01  2.559E-01
  361.5000  2.357E-01  2.432E-01  2.448E-01  2.407E-01  2.310E-01
  362.5000  2.771E-01  2.859E-01  2.879E-01  2.830E-01  2.716E-01
  363.5000  2.468E-01  2.546E-01  2.564E-01  2.521E-01  2.419E-01
  364.5000  2.695E-01  2.780E-01  2.799E-01  2.752E-01  2.641E-01
  365.5000  3.287E-01  3.390E-01  3.414E-01  3.357E-01  3.221E-01
  366.5000  3.483E-01  3.592E-01  3.617E-01  3.557E-01  3.413E-01
  367.5000  3.311E-01  3.415E-01  3.438E-01  3.381E-01  3.245E-01
  368.5000  2.911E-01  3.003E-01  3.023E-01  2.973E-01  2.854E-01
  369.5000  3.496E-01  3.605E-01  3.630E-01  3.570E-01  3.426E-01
  370.5000  3.175E-01  3.274E-01  3.297E-01  3.242E-01  3.112E-01
  371.5000  3.637E-01  3.750E-01  3.776E-01  3.713E-01  3.565E-01
  372.5000  2.689E-01  2.773E-01  2.792E-01  2.746E-01  2.636E-01
  373.5000  2.433E-01  2.509E-01  2.526E-01  2.484E-01  2.385E-01
  374.5000  2.673E-01  2.756E-01  2.775E-01  2.729E-01  2.620E-01
  375.5000  3.019E-01  3.113E-01  3.134E-01  3.083E-01  2.959E-01
  376.5000  3.018E-01  3.112E-01  3.133E-01  3.081E-01  2.958E-01
  377.5000  3.598E-01  3.709E-01  3.735E-01  3.673E-01  3.527E-01
  378.5000  3.925E-01  4.047E-01  4.074E-01  4.007E-01  3.848E-01
  379.5000  2.907E-01  2.997E-01  3.017E-01  2.967E-01  2.849E-01
  380.5000  3.499E-01  3.608E-01  3.632E-01  3.572E-01  3.430E-01
  381.5000  3.291E-01  3.393E-01  3.416E-01  3.360E-01  3.227E-01
  382.5000  2.195E-01  2.263E-01  2.279E-01  2.241E-01  2.152E-01
  383.5000  1.930E-01  1.989E-01  2.003E-01  1.970E-01  1.892E-01
  384.5000  2.899E-01  2.988E-01  3.008E-01  2.959E-01  2.842E-01
  385.5000  2.871E-01  2.959E-01  2.979E-01  2.931E-01  2.815E-01
  386.5000  2.929E-01  3.019E-01  3.040E-01  2.990E-01  2.872E-01
  387.5000  2.725E-01  2.809E-01  2.828E-01  2.782E-01  2.672E-01
  388.5000  2.734E-01  2.818E-01  2.837E-01  2.791E-01  2.681E-01
  389.5000  3.451E-01  3.557E-01  3.581E-01  3.523E-01  3.384E-01
  390.5000  3.393E-01  3.497E-01  3.521E-01  3.463E-01  3.327E-01
  391.5000  4.030E-01  4.153E-01  4.181E-01  4.113E-01  3.951E-01
  392.5000  3.025E-01  3.117E-01  3.138E-01  3.087E-01  2.966E-01
  393.5000  1.316E-01  1.356E-01  1.366E-01  1.343E-01  1.291E-01
  394.5000  3.100E-01  3.195E-01  3.216E-01  3.164E-01  3.040E-01
  395.5000  3.993E-01  4.114E-01  4.142E-01  4.075E-01  3.915E-01
  396.5000  2.347E-01  2.418E-01  2.434E-01  2.395E-01  2.301E-01
  397.5000  2.711E-01  2.793E-01  2.812E-01  2.766E-01  2.658E-01
  398.5000  4.662E-01  4.804E-01  4.836E-01  4.758E-01  4.572E-01
  399.5000  4.854E-01  5.002E-01  5.035E-01  4.954E-01  4.760E-01
  400.5000  5.108E-01  5.263E-01  5.298E-01  5.213E-01  5.010E-01
  401.5000  5.261E-01  5.420E-01  5.456E-01  5.368E-01  5.159E-01
  402.5000  5.466E-01  5.632E-01  5.669E-01  5.578E-01  5.361E-01
  403.5000  5.008E-01  5.160E-01  5.194E-01  5.110E-01  4.912E-01
  404.5000  4.917E-01  5.065E-01  5.099E-01  5.017E-01  4.822E-01
  405.5000  5.112E-01  5.267E-01  5.301E-01  5.216E-01  5.014E-01
  406.5000  4.820E-01  4.965E-01  4.998E-01  4.918E-01  4.727E-01
  407.5000  4.863E-01  5.010E-01  5.043E-01  4.962E-01  4.770E-01
  408.5000  5.421E-01  5.584E-01  5.621E-01  5.531E-01  5.318E-01
  409.5000  5.319E-01  5.479E-01  5.515E-01  5.427E-01  5.218E-01
  410.5000  4.617E-01  4.756E-01  4.787E-01  4.711E-01  4.529E-01
  411.5000  5.555E-01  5.721E-01  5.759E-01  5.667E-01  5.449E-01
  412.5000  5.511E-01  5.676E-01  5.713E-01  5.622E-01  5.406E-01
  413.5000  5.350E-01  5.510E-01  5.546E-01  5.458E-01  5.248E-01
  414.5000  5.503E-01  5.668E-01  5.705E-01  5.614E-01  5.399E-01
  415.5000  5.268E-01  5.425E-01  5.461E-01  5.374E-01  5.168E-01
  416.5000  5.739E-01  5.910E-01  5.948E-01  5.854E-01  5.630E-01
  417.5000  5.251E-01  5.407E-01  5.442E-01  5.356E-01  5.151E-01
  418.5000  5.296E-01  5.454E-01  5.490E-01  5.403E-01  5.196E-01
  419.5000  5.476E-01  5.639E-01  5.676E-01  5.586E-01  5.372E-01
------------------------------------------------------------
Dose rates, W m-2
   1 = UV-B, 280-315 nm                                  
   2 = UV-A, 315-400 nm                                  
   3 = Gaussian, 320 nm, 10 nm FWHM                      
   4 = RB Meter, model 501                               
   5 = DNA damage, in vitro (Setlow, 1974)               
   6 = UV index (WMO, 1994; Webb et al., 2011)           
   7 = Previtamin-D3 (CIE 2006)                          
values at z =      0.000 km
Columns: time, sza, weighting spectra
time, hrs.  sza, deg.          1          2          3          4          5          6          7
   11.0000     65.003  2.297E-01  2.101E+01  9.987E-02  6.645E-02  3.348E-04  1.330E+00  4.267E-02
   11.5000     64.377  2.444E-01  2.168E+01  1.040E-01  7.036E-02  3.595E-04  1.401E+00  4.575E-02
   12.0000     64.236  2.478E-01  2.184E+01  1.049E-01  7.126E-02  3.653E-04  1.417E+00  4.647E-02
   12.5000     64.581  2.396E-01  2.147E+01  1.026E-01  6.907E-02  3.513E-04  1.378E+00  4.473E-02
   13.0000     65.402  2.206E-01  2.058E+01  9.730E-02  6.403E-02  3.197E-04  1.286E+00  4.077E-02
------------------------------------------------------------
