Spectral Irradiance, W m-2 nm-1
values at z =      0.000 km
Columns: wavelength (nm), times (hrs.) or sza (deg.)
    wc, nm     11.000     11.500     12.000     12.500     13.000
    sza =      25.198     22.045     21.094     22.627     26.211
  280.5000  5.313E-14  1.047E-13  1.256E-13  9.318E-14  4.166E-14
  281.5000  1.551E-12  2.880E-12  3.402E-12  2.590E-12  1.243E-12
  282.5000  1.925E-11  3.397E-11  3.956E-11  3.081E-11  1.571E-11
  283.5000  8.958E-11  1.529E-10  1.765E-10  1.394E-10  7.397E-11
  284.5000  8.897E-10  1.429E-09  1.623E-09  1.317E-09  7.507E-10
  285.5000  3.042E-09  4.672E-09  5.244E-09  4.340E-09  2.608E-09
  286.5000  3.530E-08  5.238E-08  5.825E-08  4.895E-08  3.065E-08
  287.5000  1.984E-07  2.834E-07  3.119E-07  2.665E-07  1.746E-07
  288.5000  9.729E-07  1.333E-06  1.451E-06  1.263E-06  8.691E-07
  289.5000  5.255E-06  6.992E-06  7.549E-06  6.657E-06  4.746E-06
  290.5000  2.076E-05  2.693E-05  2.889E-05  2.575E-05  1.891E-05
  291.5000  6.431E-05  8.110E-05  8.632E-05  7.792E-05  5.918E-05
  292.5000  1.516E-04  1.868E-04  1.976E-04  1.802E-04  1.407E-04
  293.5000  4.287E-04  5.169E-04  5.436E-04  5.005E-04  4.010E-04
  294.5000  8.010E-04  9.493E-04  9.937E-04  9.219E-04  7.538E-04
  295.5000  1.976E-03  2.299E-03  2.395E-03  2.240E-03  1.871E-03
  296.5000  3.394E-03  3.891E-03  4.037E-03  3.801E-03  3.232E-03
  297.5000  6.416E-03  7.259E-03  7.504E-03  7.106E-03  6.139E-03
  298.5000  7.561E-03  8.460E-03  8.720E-03  8.297E-03  7.264E-03
  299.5000  1.668E-02  1.847E-02  1.898E-02  1.815E-02  1.608E-02
  300.5000  1.551E-02  1.703E-02  1.747E-02  1.676E-02  1.500E-02
  301.5000  3.052E-02  3.323E-02  3.400E-02  3.274E-02  2.961E-02
  302.5000  3.783E-02  4.095E-02  4.183E-02  4.039E-02  3.677E-02
  303.5000  6.414E-02  6.896E-02  7.032E-02  6.810E-02  6.250E-02
  304.5000  6.995E-02  7.491E-02  7.632E-02  7.403E-02  6.826E-02
  305.5000  9.201E-02  9.798E-02  9.965E-02  9.692E-02  8.998E-02
  306.5000  9.595E-02  1.019E-01  1.036E-01  1.009E-01  9.391E-02
  307.5000  1.380E-01  1.459E-01  1.481E-01  1.445E-01  1.353E-01
  308.5000  1.543E-01  1.628E-01  1.652E-01  1.613E-01  1.514E-01
  309.5000  1.358E-01  1.428E-01  1.447E-01  1.415E-01  1.333E-01
  310.5000  1.846E-01  1.937E-01  1.963E-01  1.921E-01  1.815E-01
  311.5000  2.374E-01  2.487E-01  2.519E-01  2.467E-01  2.335E-01
  312.5000  2.312E-01  2.415E-01  2.444E-01  2.397E-01  2.276E-01
  313.5000  2.621E-01  2.736E-01  2.769E-01  2.716E-01  2.581E-01
  314.5000  2.614E-01  2.723E-01  2.754E-01  2.704E-01  2.576E-01
  315.5000  2.699E-01  2.810E-01  2.841E-01  2.791E-01  2.660E-01
  316.5000  2.683E-01  2.789E-01  2.818E-01  2.770E-01  2.646E-01
  317.5000  3.793E-01  3.943E-01  3.985E-01  3.916E-01  3.742E-01
  318.5000  2.978E-01  3.090E-01  3.121E-01  3.070E-01  2.939E-01
  319.5000  3.632E-01  3.767E-01  3.805E-01  3.743E-01  3.584E-01
  320.5000  4.416E-01  4.579E-01  4.624E-01  4.550E-01  4.359E-01
  321.5000  3.740E-01  3.873E-01  3.910E-01  3.850E-01  3.694E-01
  322.5000  3.773E-01  3.910E-01  3.948E-01  3.886E-01  3.725E-01
  323.5000  3.872E-01  4.007E-01  4.044E-01  3.983E-01  3.826E-01
  324.5000  4.545E-01  4.702E-01  4.746E-01  4.675E-01  4.490E-01
  325.5000  5.096E-01  5.273E-01  5.323E-01  5.242E-01  5.034E-01
  326.5000  6.146E-01  6.353E-01  6.410E-01  6.316E-01  6.075E-01
  327.5000  5.730E-01  5.924E-01  5.978E-01  5.890E-01  5.662E-01
  328.5000  5.289E-01  5.468E-01  5.518E-01  5.437E-01  5.227E-01
  329.5000  6.834E-01  7.058E-01  7.121E-01  7.019E-01  6.756E-01
  330.5000  6.221E-01  6.427E-01  6.484E-01  6.391E-01  6.149E-01
  331.5000  6.147E-01  6.352E-01  6.408E-01  6.316E-01  6.077E-01
  332.5000  6.038E-01  6.234E-01  6.288E-01  6.199E-01  5.969E-01
  333.5000  5.679E-01  5.864E-01  5.916E-01  5.832E-01  5.614E-01
  334.5000  6.340E-01  6.546E-01  6.603E-01  6.509E-01  6.268E-01
  335.5000  6.416E-01  6.622E-01  6.679E-01  6.586E-01  6.344E-01
  336.5000  5.017E-01  5.178E-01  5.223E-01  5.150E-01  4.961E-01
  337.5000  5.511E-01  5.689E-01  5.739E-01  5.658E-01  5.449E-01
  338.5000  5.807E-01  5.993E-01  6.044E-01  5.960E-01  5.743E-01
  339.5000  6.310E-01  6.511E-01  6.567E-01  6.476E-01  6.240E-01
  340.5000  6.749E-01  6.964E-01  7.023E-01  6.926E-01  6.674E-01
  341.5000  5.988E-01  6.177E-01  6.230E-01  6.144E-01  5.922E-01
  342.5000  6.630E-01  6.840E-01  6.898E-01  6.803E-01  6.558E-01
  343.5000  6.887E-01  7.105E-01  7.165E-01  7.067E-01  6.812E-01
  344.5000  4.828E-01  4.980E-01  5.022E-01  4.953E-01  4.775E-01
  345.5000  6.607E-01  6.815E-01  6.872E-01  6.778E-01  6.535E-01
  346.5000  6.182E-01  6.376E-01  6.430E-01  6.342E-01  6.115E-01
  347.5000  6.038E-01  6.228E-01  6.280E-01  6.194E-01  5.973E-01
  348.5000  6.633E-01  6.841E-01  6.898E-01  6.804E-01  6.561E-01
  349.5000  5.558E-01  5.731E-01  5.779E-01  5.701E-01  5.497E-01
  350.5000  7.779E-01  8.021E-01  8.088E-01  7.979E-01  7.695E-01
  351.5000  6.703E-01  6.912E-01  6.969E-01  6.875E-01  6.630E-01
  352.5000  6.043E-01  6.231E-01  6.283E-01  6.198E-01  5.978E-01
  353.5000  7.272E-01  7.497E-01  7.559E-01  7.457E-01  7.193E-01
  354.5000  7.867E-01  8.110E-01  8.178E-01  8.067E-01  7.782E-01
  355.5000  7.350E-01  7.577E-01  7.640E-01  7.537E-01  7.271E-01
  356.5000  6.819E-01  7.029E-01  7.087E-01  6.992E-01  6.746E-01
  357.5000  5.797E-01  5.975E-01  6.025E-01  5.944E-01  5.735E-01
  358.5000  4.472E-01  4.609E-01  4.647E-01  4.585E-01  4.424E-01
  359.5000  7.523E-01  7.754E-01  7.818E-01  7.714E-01  7.443E-01
  360.5000  6.971E-01  7.185E-01  7.244E-01  7.147E-01  6.897E-01
  361.5000  6.283E-01  6.475E-01  6.528E-01  6.441E-01  6.216E-01
  362.5000  7.376E-01  7.601E-01  7.663E-01  7.561E-01  7.298E-01
  363.5000  6.560E-01  6.759E-01  6.815E-01  6.724E-01  6.490E-01
  364.5000  7.154E-01  7.371E-01  7.431E-01  7.333E-01  7.078E-01
  365.5000  8.714E-01  8.979E-01  9.052E-01  8.932E-01  8.622E-01
  366.5000  9.220E-01  9.499E-01  9.577E-01  9.450E-01  9.123E-01
  367.5000  8.751E-01  9.016E-01  9.090E-01  8.970E-01  8.659E-01
  368.5000  7.686E-01  7.918E-01  7.982E-01  7.877E-01  7.605E-01
  369.5000  9.216E-01  9.495E-01  9.572E-01  9.446E-01  9.119E-01
  370.5000  8.359E-01  8.611E-01  8.681E-01  8.567E-01  8.272E-01
  371.5000  9.562E-01  9.850E-01  9.930E-01  9.799E-01  9.462E-01
  372.5000  7.061E-01  7.273E-01  7.332E-01  7.236E-01  6.987E-01
  373.5000  6.381E-01  6.572E-01  6.625E-01  6.539E-01  6.314E-01
  374.5000  7.001E-01  7.211E-01  7.269E-01  7.174E-01  6.928E-01
  375.5000  7.897E-01  8.134E-01  8.199E-01  8.092E-01  7.815E-01
  376.5000  7.884E-01  8.120E-01  8.185E-01  8.078E-01  7.802E-01
  377.5000  9.386E-01  9.666E-01  9.743E-01  9.617E-01  9.288E-01
  378.5000  1.023E+00  1.053E+00  1.062E+00  1.048E+00  1.012E+00
  379.5000  7.565E-01  7.790E-01  7.852E-01  7.750E-01  7.486E-01
  380.5000  9.095E-01  9.365E-01  9.440E-01  9.318E-01  9.001E-01
  381.5000  8.544E-01  8.798E-01  8.868E-01  8.753E-01  8.456E-01
  382.5000  5.692E-01  5.861E-01  5.907E-01  5.831E-01  5.633E-01
  383.5000  4.997E-01  5.145E-01  5.186E-01  5.119E-01  4.946E-01
  384.5000  7.497E-01  7.719E-01  7.780E-01  7.680E-01  7.420E-01
  385.5000  7.416E-01  7.635E-01  7.695E-01  7.596E-01  7.340E-01
  386.5000  7.558E-01  7.780E-01  7.842E-01  7.741E-01  7.480E-01
  387.5000  7.022E-01  7.229E-01  7.286E-01  7.193E-01  6.950E-01
  388.5000  7.037E-01  7.244E-01  7.301E-01  7.208E-01  6.965E-01
  389.5000  8.872E-01  9.133E-01  9.205E-01  9.087E-01  8.782E-01
  390.5000  8.713E-01  8.968E-01  9.039E-01  8.923E-01  8.624E-01
  391.5000  1.033E+00  1.064E+00  1.072E+00  1.058E+00  1.023E+00
  392.5000  7.748E-01  7.975E-01  8.037E-01  7.935E-01  7.669E-01
  393.5000  3.368E-01  3.466E-01  3.493E-01  3.449E-01  3.334E-01
  394.5000  7.923E-01  8.154E-01  8.218E-01  8.114E-01  7.843E-01
  395.5000  1.019E+00  1.049E+00  1.057E+00  1.044E+00  1.009E+00
  396.5000  5.984E-01  6.158E-01  6.206E-01  6.127E-01  5.923E-01
  397.5000  6.904E-01  7.105E-01  7.160E-01  7.069E-01  6.834E-01
  398.5000  1.186E+00  1.221E+00  1.230E+00  1.214E+00  1.174E+00
  399.5000  1.233E+00  1.269E+00  1.279E+00  1.263E+00  1.221E+00
  400.5000  1.297E+00  1.334E+00  1.345E+00  1.328E+00  1.283E+00
  401.5000  1.334E+00  1.372E+00  1.383E+00  1.366E+00  1.320E+00
  402.5000  1.384E+00  1.424E+00  1.436E+00  1.417E+00  1.370E+00
  403.5000  1.267E+00  1.304E+00  1.314E+00  1.297E+00  1.254E+00
  404.5000  1.242E+00  1.278E+00  1.288E+00  1.272E+00  1.230E+00
  405.5000  1.290E+00  1.328E+00  1.338E+00  1.321E+00  1.278E+00
  406.5000  1.215E+00  1.250E+00  1.260E+00  1.244E+00  1.203E+00
  407.5000  1.225E+00  1.260E+00  1.270E+00  1.254E+00  1.213E+00
  408.5000  1.364E+00  1.403E+00  1.414E+00  1.396E+00  1.351E+00
  409.5000  1.337E+00  1.375E+00  1.386E+00  1.369E+00  1.324E+00
  410.5000  1.159E+00  1.193E+00  1.202E+00  1.187E+00  1.148E+00
  411.5000  1.393E+00  1.433E+00  1.444E+00  1.426E+00  1.379E+00
  412.5000  1.381E+00  1.420E+00  1.431E+00  1.413E+00  1.367E+00
  413.5000  1.339E+00  1.377E+00  1.388E+00  1.371E+00  1.326E+00
  414.5000  1.376E+00  1.415E+00  1.426E+00  1.408E+00  1.362E+00
  415.5000  1.316E+00  1.354E+00  1.364E+00  1.347E+00  1.303E+00
  416.5000  1.432E+00  1.473E+00  1.484E+00  1.466E+00  1.418E+00
  417.5000  1.309E+00  1.346E+00  1.357E+00  1.340E+00  1.296E+00
  418.5000  1.319E+00  1.357E+00  1.367E+00  1.350E+00  1.306E+00
  419.5000  1.362E+00  1.401E+00  1.412E+00  1.394E+00  1.349E+00
------------------------------------------------------------
Dose rates, W m-2
   1 = UV-B, 280-315 nm                                  
   2 = UV-A, 315-400 nm                                  
   3 = Gaussian, 320 nm, 10 nm FWHM                      
   4 = RB Meter, model 501                               
   5 = DNA damage, in vitro (Setlow, 1974)               
   6 = UV index (WMO, 1994; Webb et al., 2011)           
   7 = Previtamin-D3 (CIE 2006)                          
values at z =      0.000 km
Columns: time, sza, weighting spectra
time, hrs.  sza, deg.          1          2          3          4          5          6          7
   11.0000     25.198  2.048E+00  5.728E+01  3.728E-01  6.192E-01  8.068E-03  1.203E+01  6.044E-01
   11.5000     22.045  2.158E+00  5.906E+01  3.866E-01  6.561E-01  8.773E-03  1.280E+01  6.438E-01
   12.0000     21.094  2.189E+00  5.955E+01  3.904E-01  6.666E-01  8.975E-03  1.302E+01  6.549E-01
   12.5000     22.627  2.139E+00  5.874E+01  3.841E-01  6.496E-01  8.646E-03  1.266E+01  6.368E-01
   13.0000     26.211  2.010E+00  5.666E+01  3.680E-01  6.066E-01  7.832E-03  1.177E+01  5.910E-01
------------------------------------------------------------
