Spectral Irradiance, W m-2 nm-1
values at z =      0.000 km
Columns: wavelength (nm), times (hrs.) or sza (deg.)
    wc, nm     11.000     11.500     12.000     12.500     13.000
    sza =      62.930     62.025     61.637     61.780     62.451
  280.5000  5.250E-27  6.044E-27  6.470E-27  6.305E-27  5.641E-27
  281.5000  1.597E-24  1.852E-24  1.992E-24  1.938E-24  1.722E-24
  282.5000  1.496E-22  1.750E-22  1.893E-22  1.837E-22  1.620E-22
  283.5000  2.588E-21  3.051E-21  3.316E-21  3.212E-21  2.812E-21
  284.5000  2.912E-19  3.506E-19  3.858E-19  3.719E-19  3.194E-19
  285.5000  6.117E-18  7.534E-18  8.398E-18  8.056E-18  6.783E-18
  286.5000  2.915E-16  3.674E-16  4.144E-16  3.957E-16  3.269E-16
  287.5000  8.111E-15  1.055E-14  1.206E-14  1.146E-14  9.242E-15
  288.5000  2.386E-13  3.217E-13  3.730E-13  3.527E-13  2.772E-13
  289.5000  4.834E-12  6.671E-12  7.788E-12  7.347E-12  5.692E-12
  290.5000  5.994E-11  8.392E-11  9.822E-11  9.261E-11  7.122E-11
  291.5000  7.095E-10  9.998E-10  1.168E-09  1.102E-09  8.474E-10
  292.5000  5.179E-09  7.268E-09  8.446E-09  7.989E-09  6.182E-09
  293.5000  4.362E-08  6.043E-08  6.964E-08  6.608E-08  5.177E-08
  294.5000  1.946E-07  2.653E-07  3.032E-07  2.886E-07  2.292E-07
  295.5000  1.231E-06  1.640E-06  1.854E-06  1.772E-06  1.433E-06
  296.5000  4.667E-06  6.082E-06  6.801E-06  6.527E-06  5.372E-06
  297.5000  1.780E-05  2.267E-05  2.510E-05  2.418E-05  2.025E-05
  298.5000  3.804E-05  4.748E-05  5.209E-05  5.035E-05  4.281E-05
  299.5000  1.478E-04  1.807E-04  1.965E-04  1.905E-04  1.645E-04
  300.5000  2.122E-04  2.552E-04  2.756E-04  2.679E-04  2.342E-04
  301.5000  6.711E-04  7.919E-04  8.483E-04  8.272E-04  7.331E-04
  302.5000  1.136E-03  1.323E-03  1.410E-03  1.378E-03  1.232E-03
  303.5000  2.786E-03  3.197E-03  3.385E-03  3.314E-03  2.998E-03
  304.5000  3.759E-03  4.276E-03  4.511E-03  4.423E-03  4.027E-03
  305.5000  6.799E-03  7.629E-03  8.003E-03  7.864E-03  7.231E-03
  306.5000  8.129E-03  9.069E-03  9.491E-03  9.334E-03  8.619E-03
  307.5000  1.521E-02  1.678E-02  1.747E-02  1.722E-02  1.603E-02
  308.5000  1.882E-02  2.067E-02  2.149E-02  2.119E-02  1.979E-02
  309.5000  1.971E-02  2.148E-02  2.226E-02  2.197E-02  2.064E-02
  310.5000  3.037E-02  3.291E-02  3.403E-02  3.362E-02  3.170E-02
  311.5000  4.239E-02  4.578E-02  4.727E-02  4.672E-02  4.417E-02
  312.5000  4.780E-02  5.128E-02  5.280E-02  5.224E-02  4.963E-02
  313.5000  5.614E-02  6.014E-02  6.189E-02  6.124E-02  5.824E-02
  314.5000  6.346E-02  6.761E-02  6.941E-02  6.874E-02  6.564E-02
  315.5000  6.696E-02  7.126E-02  7.314E-02  7.244E-02  6.922E-02
  316.5000  7.334E-02  7.772E-02  7.962E-02  7.892E-02  7.565E-02
  317.5000  1.039E-01  1.101E-01  1.128E-01  1.118E-01  1.072E-01
  318.5000  8.915E-02  9.409E-02  9.623E-02  9.544E-02  9.175E-02
  319.5000  1.107E-01  1.167E-01  1.194E-01  1.184E-01  1.139E-01
  320.5000  1.375E-01  1.449E-01  1.481E-01  1.469E-01  1.414E-01
  321.5000  1.263E-01  1.326E-01  1.353E-01  1.343E-01  1.296E-01
  322.5000  1.200E-01  1.263E-01  1.290E-01  1.280E-01  1.233E-01
  323.5000  1.358E-01  1.423E-01  1.452E-01  1.441E-01  1.392E-01
  324.5000  1.590E-01  1.667E-01  1.700E-01  1.688E-01  1.631E-01
  325.5000  1.763E-01  1.849E-01  1.886E-01  1.873E-01  1.808E-01
  326.5000  2.272E-01  2.376E-01  2.421E-01  2.404E-01  2.327E-01
  327.5000  2.077E-01  2.174E-01  2.216E-01  2.200E-01  2.128E-01
  328.5000  1.921E-01  2.011E-01  2.049E-01  2.035E-01  1.968E-01
  329.5000  2.607E-01  2.723E-01  2.773E-01  2.754E-01  2.668E-01
  330.5000  2.329E-01  2.435E-01  2.480E-01  2.464E-01  2.385E-01
  331.5000  2.296E-01  2.400E-01  2.445E-01  2.428E-01  2.351E-01
  332.5000  2.337E-01  2.439E-01  2.483E-01  2.467E-01  2.391E-01
  333.5000  2.168E-01  2.265E-01  2.306E-01  2.291E-01  2.219E-01
  334.5000  2.442E-01  2.550E-01  2.596E-01  2.579E-01  2.499E-01
  335.5000  2.516E-01  2.625E-01  2.671E-01  2.654E-01  2.573E-01
  336.5000  1.960E-01  2.045E-01  2.082E-01  2.068E-01  2.005E-01
  337.5000  2.131E-01  2.225E-01  2.265E-01  2.251E-01  2.181E-01
  338.5000  2.288E-01  2.386E-01  2.429E-01  2.413E-01  2.340E-01
  339.5000  2.495E-01  2.602E-01  2.648E-01  2.631E-01  2.551E-01
  340.5000  2.655E-01  2.769E-01  2.819E-01  2.801E-01  2.715E-01
  341.5000  2.379E-01  2.481E-01  2.525E-01  2.508E-01  2.433E-01
  342.5000  2.642E-01  2.755E-01  2.803E-01  2.785E-01  2.701E-01
  343.5000  2.739E-01  2.857E-01  2.907E-01  2.888E-01  2.801E-01
  344.5000  1.916E-01  1.999E-01  2.034E-01  2.021E-01  1.960E-01
  345.5000  2.648E-01  2.761E-01  2.809E-01  2.791E-01  2.707E-01
  346.5000  2.468E-01  2.574E-01  2.619E-01  2.602E-01  2.524E-01
  347.5000  2.415E-01  2.518E-01  2.563E-01  2.546E-01  2.470E-01
  348.5000  2.661E-01  2.775E-01  2.823E-01  2.805E-01  2.721E-01
  349.5000  2.232E-01  2.327E-01  2.368E-01  2.353E-01  2.282E-01
  350.5000  3.129E-01  3.262E-01  3.319E-01  3.298E-01  3.199E-01
  351.5000  2.698E-01  2.812E-01  2.862E-01  2.843E-01  2.758E-01
  352.5000  2.436E-01  2.540E-01  2.584E-01  2.568E-01  2.491E-01
  353.5000  2.938E-01  3.063E-01  3.116E-01  3.096E-01  3.004E-01
  354.5000  3.185E-01  3.320E-01  3.377E-01  3.356E-01  3.256E-01
  355.5000  2.979E-01  3.105E-01  3.159E-01  3.139E-01  3.046E-01
  356.5000  2.767E-01  2.884E-01  2.934E-01  2.916E-01  2.829E-01
  357.5000  2.355E-01  2.454E-01  2.497E-01  2.481E-01  2.407E-01
  358.5000  1.819E-01  1.896E-01  1.929E-01  1.917E-01  1.860E-01
  359.5000  3.065E-01  3.194E-01  3.249E-01  3.229E-01  3.133E-01
  360.5000  2.843E-01  2.963E-01  3.014E-01  2.995E-01  2.907E-01
  361.5000  2.566E-01  2.674E-01  2.720E-01  2.703E-01  2.623E-01
  362.5000  3.017E-01  3.143E-01  3.198E-01  3.178E-01  3.084E-01
  363.5000  2.686E-01  2.799E-01  2.847E-01  2.829E-01  2.746E-01
  364.5000  2.933E-01  3.055E-01  3.108E-01  3.089E-01  2.997E-01
  365.5000  3.576E-01  3.726E-01  3.790E-01  3.766E-01  3.655E-01
  366.5000  3.788E-01  3.947E-01  4.015E-01  3.990E-01  3.872E-01
  367.5000  3.601E-01  3.751E-01  3.816E-01  3.792E-01  3.680E-01
  368.5000  3.166E-01  3.298E-01  3.355E-01  3.334E-01  3.235E-01
  369.5000  3.801E-01  3.959E-01  4.027E-01  4.002E-01  3.884E-01
  370.5000  3.451E-01  3.595E-01  3.657E-01  3.634E-01  3.527E-01
  371.5000  3.952E-01  4.117E-01  4.187E-01  4.161E-01  4.039E-01
  372.5000  2.922E-01  3.044E-01  3.096E-01  3.076E-01  2.986E-01
  373.5000  2.643E-01  2.753E-01  2.800E-01  2.783E-01  2.701E-01
  374.5000  2.904E-01  3.024E-01  3.076E-01  3.057E-01  2.967E-01
  375.5000  3.279E-01  3.415E-01  3.473E-01  3.452E-01  3.351E-01
  376.5000  3.277E-01  3.413E-01  3.471E-01  3.450E-01  3.349E-01
  377.5000  3.906E-01  4.067E-01  4.137E-01  4.111E-01  3.991E-01
  378.5000  4.260E-01  4.437E-01  4.512E-01  4.484E-01  4.354E-01
  379.5000  3.155E-01  3.285E-01  3.341E-01  3.320E-01  3.224E-01
  380.5000  3.797E-01  3.954E-01  4.021E-01  3.996E-01  3.880E-01
  381.5000  3.571E-01  3.718E-01  3.782E-01  3.758E-01  3.649E-01
  382.5000  2.382E-01  2.480E-01  2.522E-01  2.506E-01  2.433E-01
  383.5000  2.093E-01  2.179E-01  2.216E-01  2.203E-01  2.139E-01
  384.5000  3.144E-01  3.273E-01  3.328E-01  3.308E-01  3.212E-01
  385.5000  3.113E-01  3.241E-01  3.296E-01  3.275E-01  3.180E-01
  386.5000  3.176E-01  3.306E-01  3.362E-01  3.341E-01  3.245E-01
  387.5000  2.954E-01  3.075E-01  3.127E-01  3.108E-01  3.018E-01
  388.5000  2.963E-01  3.085E-01  3.137E-01  3.117E-01  3.027E-01
  389.5000  3.740E-01  3.893E-01  3.959E-01  3.934E-01  3.821E-01
  390.5000  3.677E-01  3.827E-01  3.891E-01  3.868E-01  3.756E-01
  391.5000  4.365E-01  4.544E-01  4.620E-01  4.592E-01  4.460E-01
  392.5000  3.276E-01  3.410E-01  3.467E-01  3.446E-01  3.347E-01
  393.5000  1.425E-01  1.484E-01  1.509E-01  1.499E-01  1.456E-01
  394.5000  3.357E-01  3.494E-01  3.552E-01  3.531E-01  3.429E-01
  395.5000  4.323E-01  4.499E-01  4.574E-01  4.546E-01  4.416E-01
  396.5000  2.540E-01  2.644E-01  2.688E-01  2.672E-01  2.595E-01
  397.5000  2.934E-01  3.053E-01  3.104E-01  3.085E-01  2.997E-01
  398.5000  5.046E-01  5.251E-01  5.338E-01  5.306E-01  5.154E-01
  399.5000  5.253E-01  5.466E-01  5.557E-01  5.523E-01  5.365E-01
  400.5000  5.527E-01  5.751E-01  5.846E-01  5.811E-01  5.645E-01
  401.5000  5.691E-01  5.921E-01  6.020E-01  5.983E-01  5.812E-01
  402.5000  5.913E-01  6.152E-01  6.254E-01  6.216E-01  6.039E-01
  403.5000  5.416E-01  5.635E-01  5.729E-01  5.694E-01  5.532E-01
  404.5000  5.317E-01  5.531E-01  5.623E-01  5.589E-01  5.430E-01
  405.5000  5.527E-01  5.750E-01  5.846E-01  5.810E-01  5.645E-01
  406.5000  5.210E-01  5.420E-01  5.510E-01  5.477E-01  5.321E-01
  407.5000  5.257E-01  5.469E-01  5.559E-01  5.526E-01  5.369E-01
  408.5000  5.859E-01  6.095E-01  6.196E-01  6.159E-01  5.984E-01
  409.5000  5.749E-01  5.979E-01  6.078E-01  6.042E-01  5.871E-01
  410.5000  4.989E-01  5.189E-01  5.275E-01  5.243E-01  5.095E-01
  411.5000  6.002E-01  6.242E-01  6.345E-01  6.307E-01  6.129E-01
  412.5000  5.953E-01  6.192E-01  6.294E-01  6.256E-01  6.079E-01
  413.5000  5.778E-01  6.010E-01  6.108E-01  6.072E-01  5.900E-01
  414.5000  5.943E-01  6.181E-01  6.283E-01  6.245E-01  6.069E-01
  415.5000  5.689E-01  5.916E-01  6.013E-01  5.978E-01  5.809E-01
  416.5000  6.196E-01  6.444E-01  6.549E-01  6.510E-01  6.327E-01
  417.5000  5.669E-01  5.895E-01  5.991E-01  5.956E-01  5.788E-01
  418.5000  5.718E-01  5.945E-01  6.043E-01  6.007E-01  5.838E-01
  419.5000  5.911E-01  6.146E-01  6.247E-01  6.209E-01  6.035E-01
------------------------------------------------------------
Dose rates, W m-2
   1 = UV-B, 280-315 nm                                  
   2 = UV-A, 315-400 nm                                  
   3 = Gaussian, 320 nm, 10 nm FWHM                      
   4 = RB Meter, model 501                               
   5 = DNA damage, in vitro (Setlow, 1974)               
   6 = UV index (WMO, 1994; Webb et al., 2011)           
   7 = Previtamin-D3 (CIE 2006)                          
values at z =      0.000 km
Columns: time, sza, weighting spectra
time, hrs.  sza, deg.          1          2          3          4          5          6          7
   11.0000     62.930  3.176E-01  2.298E+01  1.165E-01  8.925E-02  5.101E-04  1.722E+00  6.322E-02
   11.5000     62.025  3.435E-01  2.396E+01  1.226E-01  9.622E-02  5.619E-04  1.847E+00  6.916E-02
   12.0000     61.637  3.548E-01  2.438E+01  1.253E-01  9.930E-02  5.852E-04  1.902E+00  7.181E-02
   12.5000     61.780  3.506E-01  2.423E+01  1.243E-01  9.816E-02  5.765E-04  1.882E+00  7.082E-02
   13.0000     62.451  3.312E-01  2.350E+01  1.197E-01  9.290E-02  5.371E-04  1.787E+00  6.632E-02
------------------------------------------------------------
