Spectral Irradiance, W m-2 nm-1
values at z =      0.000 km
Columns: wavelength (nm), times (hrs.) or sza (deg.)
    wc, nm     11.000     11.500     12.000     12.500     13.000
    sza =      42.305     40.288     39.547     40.154     42.049
  280.5000  1.920E-16  5.293E-16  7.499E-16  5.643E-16  2.196E-16
  281.5000  9.191E-15  2.315E-14  3.180E-14  2.454E-14  1.039E-14
  282.5000  1.744E-13  4.065E-13  5.439E-13  4.289E-13  1.951E-13
  283.5000  1.069E-12  2.370E-12  3.117E-12  2.493E-12  1.168E-12
  284.5000  1.754E-11  3.549E-11  4.522E-11  3.711E-11  1.926E-11
  285.5000  8.695E-11  1.644E-10  2.047E-10  1.712E-10  9.460E-11
  286.5000  1.342E-09  2.410E-09  2.947E-09  2.501E-09  1.450E-09
  287.5000  1.035E-08  1.754E-08  2.104E-08  1.814E-08  1.110E-08
  288.5000  7.159E-08  1.140E-07  1.337E-07  1.174E-07  7.613E-08
  289.5000  4.947E-07  7.529E-07  8.701E-07  7.733E-07  5.229E-07
  290.5000  2.402E-06  3.522E-06  4.018E-06  3.608E-06  2.527E-06
  291.5000  9.405E-06  1.321E-05  1.485E-05  1.350E-05  9.838E-06
  292.5000  2.686E-05  3.644E-05  4.048E-05  3.715E-05  2.797E-05
  293.5000  9.095E-05  1.194E-04  1.312E-04  1.215E-04  9.428E-05
  294.5000  1.956E-04  2.504E-04  2.726E-04  2.543E-04  2.021E-04
  295.5000  5.604E-04  6.980E-04  7.530E-04  7.078E-04  5.769E-04
  296.5000  1.090E-03  1.328E-03  1.421E-03  1.344E-03  1.119E-03
  297.5000  2.297E-03  2.743E-03  2.916E-03  2.774E-03  2.352E-03
  298.5000  2.967E-03  3.484E-03  3.683E-03  3.520E-03  3.031E-03
  299.5000  7.137E-03  8.249E-03  8.673E-03  8.326E-03  7.273E-03
  300.5000  7.087E-03  8.096E-03  8.477E-03  8.165E-03  7.212E-03
  301.5000  1.498E-02  1.689E-02  1.761E-02  1.702E-02  1.522E-02
  302.5000  1.946E-02  2.176E-02  2.262E-02  2.191E-02  1.975E-02
  303.5000  3.487E-02  3.860E-02  3.998E-02  3.885E-02  3.534E-02
  304.5000  3.927E-02  4.322E-02  4.468E-02  4.348E-02  3.977E-02
  305.5000  5.417E-02  5.911E-02  6.092E-02  5.944E-02  5.479E-02
  306.5000  5.767E-02  6.269E-02  6.453E-02  6.302E-02  5.830E-02
  307.5000  8.624E-02  9.309E-02  9.559E-02  9.354E-02  8.711E-02
  308.5000  9.794E-02  1.054E-01  1.082E-01  1.059E-01  9.890E-02
  309.5000  8.843E-02  9.474E-02  9.703E-02  9.516E-02  8.924E-02
  310.5000  1.225E-01  1.308E-01  1.339E-01  1.314E-01  1.236E-01
  311.5000  1.595E-01  1.700E-01  1.737E-01  1.706E-01  1.608E-01
  312.5000  1.588E-01  1.685E-01  1.720E-01  1.691E-01  1.600E-01
  313.5000  1.810E-01  1.919E-01  1.958E-01  1.926E-01  1.824E-01
  314.5000  1.839E-01  1.943E-01  1.981E-01  1.950E-01  1.853E-01
  315.5000  1.906E-01  2.012E-01  2.051E-01  2.019E-01  1.919E-01
  316.5000  1.922E-01  2.024E-01  2.061E-01  2.031E-01  1.935E-01
  317.5000  2.720E-01  2.864E-01  2.916E-01  2.873E-01  2.738E-01
  318.5000  2.163E-01  2.273E-01  2.312E-01  2.280E-01  2.177E-01
  319.5000  2.646E-01  2.778E-01  2.826E-01  2.787E-01  2.663E-01
  320.5000  3.229E-01  3.388E-01  3.445E-01  3.399E-01  3.249E-01
  321.5000  2.768E-01  2.898E-01  2.945E-01  2.907E-01  2.784E-01
  322.5000  2.768E-01  2.903E-01  2.952E-01  2.912E-01  2.786E-01
  323.5000  2.883E-01  3.015E-01  3.063E-01  3.024E-01  2.900E-01
  324.5000  3.383E-01  3.539E-01  3.595E-01  3.549E-01  3.403E-01
  325.5000  3.789E-01  3.964E-01  4.027E-01  3.976E-01  3.811E-01
  326.5000  4.615E-01  4.820E-01  4.893E-01  4.833E-01  4.641E-01
  327.5000  4.291E-01  4.484E-01  4.553E-01  4.497E-01  4.316E-01
  328.5000  3.964E-01  4.142E-01  4.205E-01  4.153E-01  3.987E-01
  329.5000  5.159E-01  5.383E-01  5.464E-01  5.398E-01  5.188E-01
  330.5000  4.685E-01  4.891E-01  4.965E-01  4.904E-01  4.712E-01
  331.5000  4.630E-01  4.834E-01  4.907E-01  4.847E-01  4.656E-01
  332.5000  4.571E-01  4.768E-01  4.838E-01  4.780E-01  4.597E-01
  333.5000  4.293E-01  4.478E-01  4.545E-01  4.491E-01  4.317E-01
  334.5000  4.800E-01  5.006E-01  5.080E-01  5.020E-01  4.826E-01
  335.5000  4.871E-01  5.078E-01  5.152E-01  5.092E-01  4.898E-01
  336.5000  3.808E-01  3.970E-01  4.028E-01  3.981E-01  3.829E-01
  337.5000  4.179E-01  4.357E-01  4.421E-01  4.369E-01  4.202E-01
  338.5000  4.416E-01  4.602E-01  4.669E-01  4.614E-01  4.440E-01
  339.5000  4.802E-01  5.004E-01  5.077E-01  5.017E-01  4.828E-01
  340.5000  5.134E-01  5.350E-01  5.428E-01  5.364E-01  5.161E-01
  341.5000  4.562E-01  4.753E-01  4.822E-01  4.766E-01  4.587E-01
  342.5000  5.056E-01  5.267E-01  5.342E-01  5.281E-01  5.083E-01
  343.5000  5.252E-01  5.471E-01  5.550E-01  5.485E-01  5.280E-01
  344.5000  3.681E-01  3.835E-01  3.890E-01  3.845E-01  3.701E-01
  345.5000  5.046E-01  5.256E-01  5.331E-01  5.269E-01  5.073E-01
  346.5000  4.720E-01  4.917E-01  4.987E-01  4.929E-01  4.746E-01
  347.5000  4.613E-01  4.804E-01  4.873E-01  4.817E-01  4.638E-01
  348.5000  5.071E-01  5.281E-01  5.356E-01  5.294E-01  5.098E-01
  349.5000  4.251E-01  4.426E-01  4.489E-01  4.437E-01  4.273E-01
  350.5000  5.952E-01  6.197E-01  6.285E-01  6.213E-01  5.984E-01
  351.5000  5.131E-01  5.342E-01  5.417E-01  5.356E-01  5.158E-01
  352.5000  4.628E-01  4.818E-01  4.886E-01  4.830E-01  4.652E-01
  353.5000  5.572E-01  5.800E-01  5.882E-01  5.815E-01  5.601E-01
  354.5000  6.031E-01  6.278E-01  6.366E-01  6.294E-01  6.063E-01
  355.5000  5.637E-01  5.867E-01  5.950E-01  5.882E-01  5.667E-01
  356.5000  5.232E-01  5.445E-01  5.521E-01  5.459E-01  5.259E-01
  357.5000  4.449E-01  4.630E-01  4.695E-01  4.642E-01  4.473E-01
  358.5000  3.434E-01  3.573E-01  3.623E-01  3.582E-01  3.452E-01
  359.5000  5.780E-01  6.014E-01  6.098E-01  6.029E-01  5.810E-01
  360.5000  5.358E-01  5.575E-01  5.652E-01  5.589E-01  5.386E-01
  361.5000  4.831E-01  5.026E-01  5.096E-01  5.039E-01  4.856E-01
  362.5000  5.674E-01  5.903E-01  5.985E-01  5.918E-01  5.703E-01
  363.5000  5.048E-01  5.251E-01  5.324E-01  5.264E-01  5.074E-01
  364.5000  5.507E-01  5.728E-01  5.808E-01  5.743E-01  5.535E-01
  365.5000  6.711E-01  6.980E-01  7.077E-01  6.998E-01  6.746E-01
  366.5000  7.103E-01  7.388E-01  7.490E-01  7.406E-01  7.140E-01
  367.5000  6.745E-01  7.015E-01  7.111E-01  7.032E-01  6.780E-01
  368.5000  5.926E-01  6.162E-01  6.247E-01  6.178E-01  5.956E-01
  369.5000  7.109E-01  7.392E-01  7.494E-01  7.411E-01  7.145E-01
  370.5000  6.450E-01  6.707E-01  6.799E-01  6.724E-01  6.483E-01
  371.5000  7.381E-01  7.674E-01  7.779E-01  7.694E-01  7.419E-01
  372.5000  5.452E-01  5.669E-01  5.746E-01  5.683E-01  5.480E-01
  373.5000  4.929E-01  5.124E-01  5.194E-01  5.137E-01  4.954E-01
  374.5000  5.410E-01  5.624E-01  5.701E-01  5.638E-01  5.438E-01
  375.5000  6.104E-01  6.346E-01  6.432E-01  6.362E-01  6.136E-01
  376.5000  6.096E-01  6.337E-01  6.423E-01  6.353E-01  6.127E-01
  377.5000  7.260E-01  7.547E-01  7.649E-01  7.565E-01  7.297E-01
  378.5000  7.914E-01  8.225E-01  8.337E-01  8.246E-01  7.954E-01
  379.5000  5.855E-01  6.086E-01  6.168E-01  6.101E-01  5.885E-01
  380.5000  7.043E-01  7.319E-01  7.418E-01  7.337E-01  7.078E-01
  381.5000  6.618E-01  6.878E-01  6.971E-01  6.895E-01  6.652E-01
  382.5000  4.411E-01  4.583E-01  4.645E-01  4.594E-01  4.433E-01
  383.5000  3.873E-01  4.025E-01  4.079E-01  4.035E-01  3.893E-01
  384.5000  5.813E-01  6.040E-01  6.121E-01  6.055E-01  5.843E-01
  385.5000  5.752E-01  5.976E-01  6.057E-01  5.991E-01  5.781E-01
  386.5000  5.864E-01  6.092E-01  6.174E-01  6.107E-01  5.893E-01
  387.5000  5.450E-01  5.662E-01  5.738E-01  5.676E-01  5.478E-01
  388.5000  5.464E-01  5.676E-01  5.752E-01  5.689E-01  5.491E-01
  389.5000  6.891E-01  7.158E-01  7.253E-01  7.175E-01  6.925E-01
  390.5000  6.769E-01  7.031E-01  7.125E-01  7.048E-01  6.803E-01
  391.5000  8.031E-01  8.342E-01  8.453E-01  8.362E-01  8.071E-01
  392.5000  6.023E-01  6.256E-01  6.339E-01  6.271E-01  6.053E-01
  393.5000  2.619E-01  2.720E-01  2.756E-01  2.726E-01  2.632E-01
  394.5000  6.163E-01  6.400E-01  6.485E-01  6.416E-01  6.194E-01
  395.5000  7.930E-01  8.236E-01  8.345E-01  8.255E-01  7.970E-01
  396.5000  4.657E-01  4.836E-01  4.900E-01  4.848E-01  4.680E-01
  397.5000  5.375E-01  5.581E-01  5.655E-01  5.595E-01  5.402E-01
  398.5000  9.237E-01  9.591E-01  9.718E-01  9.614E-01  9.283E-01
  399.5000  9.609E-01  9.977E-01  1.011E+00  1.000E+00  9.656E-01
  400.5000  1.010E+00  1.049E+00  1.063E+00  1.051E+00  1.015E+00
  401.5000  1.040E+00  1.079E+00  1.093E+00  1.082E+00  1.045E+00
  402.5000  1.079E+00  1.121E+00  1.135E+00  1.123E+00  1.085E+00
  403.5000  9.881E-01  1.026E+00  1.039E+00  1.028E+00  9.930E-01
  404.5000  9.693E-01  1.006E+00  1.019E+00  1.009E+00  9.740E-01
  405.5000  1.007E+00  1.045E+00  1.059E+00  1.048E+00  1.012E+00
  406.5000  9.486E-01  9.846E-01  9.975E-01  9.869E-01  9.532E-01
  407.5000  9.565E-01  9.927E-01  1.006E+00  9.951E-01  9.611E-01
  408.5000  1.065E+00  1.106E+00  1.120E+00  1.108E+00  1.071E+00
  409.5000  1.045E+00  1.084E+00  1.098E+00  1.087E+00  1.050E+00
  410.5000  9.059E-01  9.402E-01  9.524E-01  9.424E-01  9.103E-01
  411.5000  1.089E+00  1.130E+00  1.145E+00  1.133E+00  1.094E+00
  412.5000  1.080E+00  1.120E+00  1.135E+00  1.123E+00  1.085E+00
  413.5000  1.047E+00  1.087E+00  1.101E+00  1.089E+00  1.052E+00
  414.5000  1.076E+00  1.117E+00  1.131E+00  1.119E+00  1.082E+00
  415.5000  1.030E+00  1.068E+00  1.082E+00  1.071E+00  1.035E+00
  416.5000  1.121E+00  1.163E+00  1.178E+00  1.166E+00  1.126E+00
  417.5000  1.025E+00  1.063E+00  1.077E+00  1.066E+00  1.030E+00
  418.5000  1.033E+00  1.072E+00  1.085E+00  1.074E+00  1.038E+00
  419.5000  1.067E+00  1.107E+00  1.121E+00  1.110E+00  1.072E+00
------------------------------------------------------------
Dose rates, W m-2
   1 = UV-B, 280-315 nm                                  
   2 = UV-A, 315-400 nm                                  
   3 = Gaussian, 320 nm, 10 nm FWHM                      
   4 = RB Meter, model 501                               
   5 = DNA damage, in vitro (Setlow, 1974)               
   6 = UV index (WMO, 1994; Webb et al., 2011)           
   7 = Previtamin-D3 (CIE 2006)                          
values at z =      0.000 km
Columns: time, sza, weighting spectra
time, hrs.  sza, deg.          1          2          3          4          5          6          7
   11.0000     42.305  1.320E+00  4.389E+01  2.723E-01  3.849E-01  4.154E-03  7.285E+00  3.594E-01
   11.5000     40.288  1.416E+00  4.569E+01  2.858E-01  4.151E-01  4.623E-03  7.886E+00  3.909E-01
   12.0000     39.547  1.451E+00  4.634E+01  2.906E-01  4.263E-01  4.799E-03  8.108E+00  4.025E-01
   12.5000     40.154  1.422E+00  4.581E+01  2.867E-01  4.172E-01  4.655E-03  7.926E+00  3.930E-01
   13.0000     42.049  1.332E+00  4.413E+01  2.740E-01  3.887E-01  4.212E-03  7.360E+00  3.634E-01
------------------------------------------------------------
