Spectral Irradiance, W m-2 nm-1
values at z =      0.000 km
Columns: wavelength (nm), times (hrs.) or sza (deg.)
    wc, nm     11.000     11.500     12.000     12.500     13.000
    sza =      97.193     96.905     96.827     96.963     97.311
  280.5000  0.000E+00  0.000E+00  0.000E+00  0.000E+00  0.000E+00
  281.5000  0.000E+00  0.000E+00  0.000E+00  0.000E+00  0.000E+00
  282.5000  0.000E+00  0.000E+00  0.000E+00  0.000E+00  0.000E+00
  283.5000  0.000E+00  0.000E+00  0.000E+00  0.000E+00  0.000E+00
  284.5000  0.000E+00  0.000E+00  0.000E+00  0.000E+00  0.000E+00
  285.5000  0.000E+00  0.000E+00  0.000E+00  0.000E+00  0.000E+00
  286.5000  0.000E+00  0.000E+00  0.000E+00  0.000E+00  0.000E+00
  287.5000  0.000E+00  0.000E+00  0.000E+00  0.000E+00  0.000E+00
  288.5000  0.000E+00  0.000E+00  0.000E+00  0.000E+00  0.000E+00
  289.5000  0.000E+00  0.000E+00  0.000E+00  0.000E+00  0.000E+00
  290.5000  0.000E+00  1.401E-45  1.401E-45  0.000E+00  0.000E+00
  291.5000  0.000E+00  1.401E-45  3.555E-42  1.401E-45  0.000E+00
  292.5000  0.000E+00  2.253E-42  3.855E-38  0.000E+00  0.000E+00
  293.5000  0.000E+00  5.797E-38  2.981E-34  2.895E-41  0.000E+00
  294.5000  0.000E+00  1.547E-34  3.098E-31  1.795E-37  0.000E+00
  295.5000  2.803E-45  7.431E-31  5.529E-28  2.087E-33  0.000E+00
  296.5000  2.427E-40  7.669E-28  2.504E-25  4.486E-30  0.000E+00
  297.5000  4.422E-36  3.859E-25  6.126E-23  4.295E-27  1.247E-42
  298.5000  1.257E-32  5.334E-23  4.600E-21  1.021E-24  2.167E-38
  299.5000  4.024E-29  9.786E-21  4.752E-19  3.128E-22  3.875E-34
  300.5000  1.116E-26  3.034E-19  9.439E-18  1.440E-20  3.946E-31
  301.5000  9.792E-24  2.498E-17  4.820E-16  1.810E-18  1.431E-27
  302.5000  6.860E-22  3.758E-16  5.310E-15  3.585E-17  2.519E-25
  303.5000  1.341E-19  1.175E-14  1.147E-13  1.557E-15  1.474E-22
  304.5000  2.372E-18  7.168E-14  5.630E-13  1.150E-14  4.883E-21
  305.5000  1.849E-16  1.128E-12  6.415E-12  2.415E-13  9.825E-19
  306.5000  1.128E-15  3.505E-12  1.738E-11  8.462E-13  8.960E-18
  307.5000  4.565E-14  3.799E-11  1.446E-10  1.161E-11  7.963E-16
  308.5000  1.887E-13  9.571E-11  3.296E-10  3.195E-11  4.420E-15
  309.5000  1.504E-12  3.205E-10  9.278E-10  1.249E-10  5.918E-14
  310.5000  1.003E-11  1.158E-09  2.966E-09  5.032E-10  5.697E-13
  311.5000  3.636E-11  2.812E-09  6.648E-09  1.311E-09  2.630E-12
  312.5000  2.262E-10  8.527E-09  1.747E-08  4.514E-09  2.520E-11
  313.5000  4.050E-10  1.297E-08  2.573E-08  7.066E-09  4.980E-11
  314.5000  1.933E-09  3.381E-08  5.954E-08  2.048E-08  3.435E-10
  315.5000  2.658E-09  4.233E-08  7.317E-08  2.605E-08  4.998E-10
  316.5000  8.948E-09  8.966E-08  1.415E-07  5.984E-08  2.231E-09
  317.5000  1.303E-08  1.304E-07  2.057E-07  8.701E-08  3.250E-09
  318.5000  3.129E-08  2.066E-07  3.009E-07  1.482E-07  1.007E-08
  319.5000  4.818E-08  2.947E-07  4.229E-07  2.141E-07  1.625E-08
  320.5000  7.646E-08  4.237E-07  5.967E-07  3.133E-07  2.738E-08
  321.5000  1.834E-07  7.138E-07  9.408E-07  5.604E-07  8.182E-08
  322.5000  8.450E-08  4.290E-07  5.943E-07  3.219E-07  3.196E-08
  323.5000  3.062E-07  1.019E-06  1.305E-06  8.211E-07  1.509E-07
  324.5000  3.476E-07  1.172E-06  1.505E-06  9.427E-07  1.698E-07
  325.5000  3.324E-07  1.174E-06  1.520E-06  9.369E-07  1.577E-07
  326.5000  9.643E-07  2.622E-06  3.239E-06  2.185E-06  5.409E-07
  327.5000  6.847E-07  2.011E-06  2.519E-06  1.655E-06  3.653E-07
  328.5000  6.360E-07  1.853E-06  2.318E-06  1.526E-06  3.416E-07
  329.5000  1.609E-06  3.919E-06  4.750E-06  3.323E-06  9.707E-07
  330.5000  1.117E-06  2.910E-06  3.568E-06  2.441E-06  6.450E-07
  331.5000  1.046E-06  2.752E-06  3.382E-06  2.305E-06  6.005E-07
  332.5000  1.680E-06  3.909E-06  4.703E-06  3.338E-06  1.046E-06
  333.5000  1.287E-06  3.137E-06  3.803E-06  2.659E-06  7.777E-07
  334.5000  1.606E-06  3.796E-06  4.579E-06  3.233E-06  9.904E-07
  335.5000  2.072E-06  4.630E-06  5.533E-06  3.978E-06  1.326E-06
  336.5000  1.516E-06  3.429E-06  4.106E-06  2.941E-06  9.637E-07
  337.5000  1.418E-06  3.315E-06  3.992E-06  2.828E-06  8.810E-07
  338.5000  1.921E-06  4.239E-06  5.055E-06  3.649E-06  1.242E-06
  339.5000  2.165E-06  4.728E-06  5.629E-06  4.076E-06  1.411E-06
  340.5000  2.123E-06  4.709E-06  5.622E-06  4.050E-06  1.368E-06
  341.5000  2.149E-06  4.629E-06  5.500E-06  3.999E-06  1.414E-06
  342.5000  2.444E-06  5.223E-06  6.198E-06  4.517E-06  1.617E-06
  343.5000  2.435E-06  5.235E-06  6.219E-06  4.524E-06  1.606E-06
  344.5000  1.631E-06  3.530E-06  4.199E-06  3.048E-06  1.071E-06
  345.5000  2.540E-06  5.350E-06  6.335E-06  4.637E-06  1.700E-06
  346.5000  2.206E-06  4.703E-06  5.581E-06  4.069E-06  1.465E-06
  347.5000  2.180E-06  4.625E-06  5.484E-06  4.005E-06  1.452E-06
  348.5000  2.468E-06  5.194E-06  6.151E-06  4.502E-06  1.654E-06
  349.5000  2.064E-06  4.336E-06  5.133E-06  3.760E-06  1.386E-06
  350.5000  2.914E-06  6.097E-06  7.213E-06  5.289E-06  1.962E-06
  351.5000  2.490E-06  5.205E-06  6.158E-06  4.516E-06  1.678E-06
  352.5000  2.270E-06  4.724E-06  5.585E-06  4.101E-06  1.534E-06
  353.5000  2.775E-06  5.747E-06  6.789E-06  4.993E-06  1.883E-06
  354.5000  3.043E-06  6.273E-06  7.405E-06  5.454E-06  2.072E-06
  355.5000  2.851E-06  5.860E-06  6.916E-06  5.097E-06  1.945E-06
  356.5000  2.646E-06  5.428E-06  6.403E-06  4.723E-06  1.809E-06
  357.5000  2.247E-06  4.600E-06  5.426E-06  4.004E-06  1.539E-06
  358.5000  1.746E-06  3.563E-06  4.200E-06  3.102E-06  1.199E-06
  359.5000  2.941E-06  5.987E-06  7.056E-06  5.215E-06  2.023E-06
  360.5000  2.730E-06  5.545E-06  6.533E-06  4.832E-06  1.881E-06
  361.5000  2.474E-06  5.009E-06  5.898E-06  4.367E-06  1.708E-06
  362.5000  2.913E-06  5.885E-06  6.927E-06  5.132E-06  2.016E-06
  363.5000  2.595E-06  5.231E-06  6.155E-06  4.563E-06  1.799E-06
  364.5000  2.830E-06  5.693E-06  6.697E-06  4.967E-06  1.965E-06
  365.5000  3.443E-06  6.914E-06  8.132E-06  6.034E-06  2.394E-06
  366.5000  3.652E-06  7.318E-06  8.604E-06  6.389E-06  2.544E-06
  367.5000  3.476E-06  6.949E-06  8.167E-06  6.069E-06  2.426E-06
  368.5000  3.054E-06  6.093E-06  7.160E-06  5.323E-06  2.135E-06
  369.5000  3.664E-06  7.297E-06  8.572E-06  6.376E-06  2.565E-06
  370.5000  3.324E-06  6.608E-06  7.760E-06  5.776E-06  2.331E-06
  371.5000  3.805E-06  7.550E-06  8.864E-06  6.601E-06  2.672E-06
  372.5000  2.812E-06  5.569E-06  6.537E-06  4.870E-06  1.978E-06
  373.5000  2.540E-06  5.022E-06  5.893E-06  4.393E-06  1.789E-06
  374.5000  2.786E-06  5.499E-06  6.452E-06  4.812E-06  1.965E-06
  375.5000  3.144E-06  6.195E-06  7.266E-06  5.422E-06  2.221E-06
  376.5000  3.140E-06  6.176E-06  7.242E-06  5.406E-06  2.221E-06
  377.5000  3.738E-06  7.341E-06  8.606E-06  6.428E-06  2.647E-06
  378.5000  4.072E-06  7.983E-06  9.357E-06  6.992E-06  2.887E-06
  379.5000  3.010E-06  5.893E-06  6.905E-06  5.162E-06  2.137E-06
  380.5000  3.619E-06  7.072E-06  8.286E-06  6.197E-06  2.572E-06
  381.5000  3.399E-06  6.632E-06  7.769E-06  5.813E-06  2.419E-06
  382.5000  2.263E-06  4.410E-06  5.164E-06  3.866E-06  1.613E-06
  383.5000  1.986E-06  3.864E-06  4.524E-06  3.388E-06  1.417E-06
  384.5000  2.978E-06  5.785E-06  6.772E-06  5.074E-06  2.127E-06
  385.5000  2.944E-06  5.711E-06  6.684E-06  5.010E-06  2.106E-06
  386.5000  2.998E-06  5.809E-06  6.797E-06  5.096E-06  2.147E-06
  387.5000  2.784E-06  5.386E-06  6.301E-06  4.726E-06  1.996E-06
  388.5000  2.787E-06  5.386E-06  6.299E-06  4.727E-06  2.000E-06
  389.5000  3.512E-06  6.776E-06  7.924E-06  5.948E-06  2.523E-06
  390.5000  3.446E-06  6.640E-06  7.764E-06  5.830E-06  2.478E-06
  391.5000  4.084E-06  7.859E-06  9.187E-06  6.902E-06  2.940E-06
  392.5000  3.059E-06  5.879E-06  6.872E-06  5.164E-06  2.205E-06
  393.5000  1.328E-06  2.549E-06  2.979E-06  2.240E-06  9.581E-07
  394.5000  3.121E-06  5.984E-06  6.991E-06  5.258E-06  2.254E-06
  395.5000  4.010E-06  7.679E-06  8.971E-06  6.749E-06  2.899E-06
  396.5000  2.352E-06  4.499E-06  5.254E-06  3.954E-06  1.702E-06
  397.5000  2.711E-06  5.179E-06  6.048E-06  4.553E-06  1.963E-06
  398.5000  4.652E-06  8.878E-06  1.037E-05  7.806E-06  3.373E-06
  399.5000  4.832E-06  9.211E-06  1.075E-05  8.100E-06  3.507E-06
  400.5000  5.072E-06  9.658E-06  1.127E-05  8.495E-06  3.684E-06
  401.5000  5.210E-06  9.909E-06  1.156E-05  8.717E-06  3.788E-06
  402.5000  5.400E-06  1.026E-05  1.197E-05  9.027E-06  3.929E-06
  403.5000  4.935E-06  9.367E-06  1.093E-05  8.243E-06  3.594E-06
  404.5000  4.833E-06  9.164E-06  1.069E-05  8.066E-06  3.523E-06
  405.5000  5.013E-06  9.495E-06  1.107E-05  8.358E-06  3.658E-06
  406.5000  4.713E-06  8.918E-06  1.040E-05  7.852E-06  3.442E-06
  407.5000  4.742E-06  8.963E-06  1.045E-05  7.893E-06  3.465E-06
  408.5000  5.269E-06  9.951E-06  1.160E-05  8.763E-06  3.853E-06
  409.5000  5.155E-06  9.726E-06  1.134E-05  8.567E-06  3.773E-06
  410.5000  4.462E-06  8.411E-06  9.804E-06  7.409E-06  3.268E-06
  411.5000  5.355E-06  1.008E-05  1.175E-05  8.885E-06  3.926E-06
  412.5000  5.300E-06  9.972E-06  1.162E-05  8.787E-06  3.889E-06
  413.5000  5.132E-06  9.647E-06  1.124E-05  8.502E-06  3.768E-06
  414.5000  5.264E-06  9.886E-06  1.152E-05  8.714E-06  3.868E-06
  415.5000  5.023E-06  9.425E-06  1.098E-05  8.309E-06  3.694E-06
  416.5000  5.453E-06  1.022E-05  1.191E-05  9.014E-06  4.013E-06
  417.5000  4.974E-06  9.318E-06  1.085E-05  8.216E-06  3.662E-06
  418.5000  5.003E-06  9.365E-06  1.090E-05  8.259E-06  3.687E-06
  419.5000  5.159E-06  9.649E-06  1.123E-05  8.510E-06  3.805E-06
------------------------------------------------------------
Dose rates, W m-2
   1 = UV-B, 280-315 nm                                  
   2 = UV-A, 315-400 nm                                  
   3 = Gaussian, 320 nm, 10 nm FWHM                      
   4 = RB Meter, model 501                               
   5 = DNA damage, in vitro (Setlow, 1974)               
   6 = UV index (WMO, 1994; Webb et al., 2011)           
   7 = Previtamin-D3 (CIE 2006)                          
values at z =      0.000 km
Columns: time, sza, weighting spectra
time, hrs.  sza, deg.          1          2          3          4          5          6          7
   11.0000     97.193  2.613E-09  1.954E-04  1.649E-07  5.902E-08  3.307E-10  3.996E-06  3.359E-09
   11.5000     96.905  5.974E-08  4.009E-04  5.791E-07  1.821E-07  8.515E-10  9.297E-06  1.984E-08
   12.0000     96.827  1.138E-07  4.738E-04  7.588E-07  2.385E-07  1.069E-09  1.136E-05  3.053E-08
   12.5000     96.963  3.404E-08  3.485E-04  4.589E-07  1.457E-07  7.062E-10  7.871E-06  1.392E-08
   13.0000     97.311  4.218E-10  1.346E-04  8.208E-08  3.355E-08  2.036E-10  2.598E-06  1.398E-09
------------------------------------------------------------
