Spectral Irradiance, W m-2 nm-1
values at z =      0.000 km
Columns: wavelength (nm), times (hrs.) or sza (deg.)
    wc, nm     11.000     11.500     12.000     12.500     13.000
    sza =      14.088      7.223      0.418      6.531     13.397
  280.5000  4.800E-12  8.238E-12  9.936E-12  8.526E-12  5.154E-12
  281.5000  9.284E-11  1.521E-10  1.805E-10  1.569E-10  9.909E-11
  282.5000  8.091E-10  1.273E-09  1.490E-09  1.310E-09  8.589E-10
  283.5000  2.992E-09  4.586E-09  5.318E-09  4.712E-09  3.165E-09
  284.5000  1.956E-08  2.858E-08  3.261E-08  2.928E-08  2.056E-08
  285.5000  4.909E-08  6.925E-08  7.804E-08  7.079E-08  5.136E-08
  286.5000  4.491E-07  6.167E-07  6.885E-07  6.293E-07  4.683E-07
  287.5000  1.939E-06  2.584E-06  2.855E-06  2.632E-06  2.014E-06
  288.5000  7.143E-06  9.211E-06  1.006E-05  9.362E-06  7.386E-06
  289.5000  3.145E-05  3.962E-05  4.247E-05  4.021E-05  3.242E-05
  290.5000  1.046E-04  1.292E-04  1.390E-04  1.309E-04  1.075E-04
  291.5000  2.666E-04  3.220E-04  3.439E-04  3.259E-04  2.733E-04
  292.5000  5.359E-04  6.356E-04  6.745E-04  6.426E-04  5.481E-04
  293.5000  1.304E-03  1.521E-03  1.604E-03  1.536E-03  1.331E-03
  294.5000  2.167E-03  2.493E-03  2.617E-03  2.515E-03  2.207E-03
  295.5000  4.719E-03  5.350E-03  5.589E-03  5.393E-03  4.798E-03
  296.5000  7.312E-03  8.192E-03  8.522E-03  8.251E-03  7.422E-03
  297.5000  1.262E-02  1.400E-02  1.451E-02  1.409E-02  1.280E-02
  298.5000  1.379E-02  1.515E-02  1.566E-02  1.524E-02  1.396E-02
  299.5000  2.830E-02  3.085E-02  3.178E-02  3.102E-02  2.862E-02
  300.5000  2.491E-02  2.697E-02  2.773E-02  2.711E-02  2.517E-02
  301.5000  4.618E-02  4.966E-02  5.094E-02  4.989E-02  4.662E-02
  302.5000  5.504E-02  5.893E-02  6.035E-02  5.919E-02  5.554E-02
  303.5000  8.913E-02  9.491E-02  9.702E-02  9.530E-02  8.987E-02
  304.5000  9.466E-02  1.005E-01  1.026E-01  1.009E-01  9.540E-02
  305.5000  1.197E-01  1.265E-01  1.290E-01  1.269E-01  1.206E-01
  306.5000  1.227E-01  1.294E-01  1.319E-01  1.299E-01  1.236E-01
  307.5000  1.709E-01  1.795E-01  1.826E-01  1.801E-01  1.720E-01
  308.5000  1.888E-01  1.980E-01  2.013E-01  1.986E-01  1.899E-01
  309.5000  1.625E-01  1.701E-01  1.728E-01  1.706E-01  1.635E-01
  310.5000  2.177E-01  2.274E-01  2.309E-01  2.280E-01  2.189E-01
  311.5000  2.771E-01  2.891E-01  2.934E-01  2.899E-01  2.786E-01
  312.5000  2.651E-01  2.759E-01  2.798E-01  2.766E-01  2.665E-01
  313.5000  2.992E-01  3.113E-01  3.157E-01  3.121E-01  3.008E-01
  314.5000  2.940E-01  3.053E-01  3.093E-01  3.060E-01  2.954E-01
  315.5000  3.027E-01  3.142E-01  3.184E-01  3.150E-01  3.042E-01
  316.5000  2.974E-01  3.083E-01  3.122E-01  3.090E-01  2.988E-01
  317.5000  4.204E-01  4.358E-01  4.413E-01  4.368E-01  4.224E-01
  318.5000  3.265E-01  3.380E-01  3.421E-01  3.387E-01  3.280E-01
  319.5000  3.973E-01  4.112E-01  4.162E-01  4.121E-01  3.991E-01
  320.5000  4.819E-01  4.986E-01  5.045E-01  4.996E-01  4.840E-01
  321.5000  4.042E-01  4.177E-01  4.225E-01  4.185E-01  4.059E-01
  322.5000  4.106E-01  4.247E-01  4.297E-01  4.256E-01  4.124E-01
  323.5000  4.166E-01  4.302E-01  4.351E-01  4.311E-01  4.183E-01
  324.5000  4.891E-01  5.051E-01  5.108E-01  5.061E-01  4.911E-01
  325.5000  5.491E-01  5.672E-01  5.736E-01  5.684E-01  5.515E-01
  326.5000  6.571E-01  6.780E-01  6.855E-01  6.794E-01  6.597E-01
  327.5000  6.140E-01  6.337E-01  6.408E-01  6.350E-01  6.165E-01
  328.5000  5.667E-01  5.849E-01  5.914E-01  5.860E-01  5.690E-01
  329.5000  7.279E-01  7.507E-01  7.588E-01  7.521E-01  7.308E-01
  330.5000  6.641E-01  6.850E-01  6.925E-01  6.864E-01  6.668E-01
  331.5000  6.566E-01  6.773E-01  6.847E-01  6.786E-01  6.590E-01
  332.5000  6.420E-01  6.619E-01  6.690E-01  6.632E-01  6.446E-01
  333.5000  6.049E-01  6.237E-01  6.305E-01  6.249E-01  6.073E-01
  334.5000  6.746E-01  6.955E-01  7.030E-01  6.969E-01  6.773E-01
  335.5000  6.813E-01  7.022E-01  7.097E-01  7.036E-01  6.840E-01
  336.5000  5.330E-01  5.493E-01  5.552E-01  5.504E-01  5.351E-01
  337.5000  5.863E-01  6.043E-01  6.108E-01  6.055E-01  5.886E-01
  338.5000  6.164E-01  6.352E-01  6.419E-01  6.364E-01  6.188E-01
  339.5000  6.695E-01  6.899E-01  6.972E-01  6.912E-01  6.722E-01
  340.5000  7.165E-01  7.384E-01  7.462E-01  7.398E-01  7.193E-01
  341.5000  6.350E-01  6.542E-01  6.611E-01  6.555E-01  6.375E-01
  342.5000  7.030E-01  7.242E-01  7.318E-01  7.256E-01  7.057E-01
  343.5000  7.304E-01  7.525E-01  7.604E-01  7.539E-01  7.332E-01
  344.5000  5.121E-01  5.276E-01  5.332E-01  5.286E-01  5.141E-01
  345.5000  7.001E-01  7.212E-01  7.287E-01  7.226E-01  7.029E-01
  346.5000  6.554E-01  6.752E-01  6.822E-01  6.764E-01  6.580E-01
  347.5000  6.401E-01  6.593E-01  6.662E-01  6.606E-01  6.426E-01
  348.5000  7.030E-01  7.240E-01  7.315E-01  7.254E-01  7.057E-01
  349.5000  5.889E-01  6.065E-01  6.128E-01  6.077E-01  5.912E-01
  350.5000  8.242E-01  8.488E-01  8.576E-01  8.504E-01  8.274E-01
  351.5000  7.102E-01  7.314E-01  7.390E-01  7.328E-01  7.129E-01
  352.5000  6.402E-01  6.592E-01  6.661E-01  6.605E-01  6.426E-01
  353.5000  7.702E-01  7.930E-01  8.012E-01  7.945E-01  7.731E-01
  354.5000  8.331E-01  8.578E-01  8.666E-01  8.594E-01  8.363E-01
  355.5000  7.783E-01  8.013E-01  8.095E-01  8.028E-01  7.812E-01
  356.5000  7.220E-01  7.433E-01  7.509E-01  7.447E-01  7.247E-01
  357.5000  6.137E-01  6.318E-01  6.383E-01  6.330E-01  6.161E-01
  358.5000  4.734E-01  4.873E-01  4.923E-01  4.882E-01  4.752E-01
  359.5000  7.964E-01  8.198E-01  8.282E-01  8.213E-01  7.994E-01
  360.5000  7.379E-01  7.596E-01  7.673E-01  7.610E-01  7.407E-01
  361.5000  6.650E-01  6.845E-01  6.915E-01  6.857E-01  6.675E-01
  362.5000  7.806E-01  8.034E-01  8.116E-01  8.049E-01  7.835E-01
  363.5000  6.941E-01  7.144E-01  7.217E-01  7.157E-01  6.967E-01
  364.5000  7.569E-01  7.790E-01  7.869E-01  7.805E-01  7.598E-01
  365.5000  9.220E-01  9.489E-01  9.585E-01  9.507E-01  9.255E-01
  366.5000  9.754E-01  1.004E+00  1.014E+00  1.006E+00  9.791E-01
  367.5000  9.258E-01  9.527E-01  9.623E-01  9.545E-01  9.292E-01
  368.5000  8.130E-01  8.366E-01  8.450E-01  8.381E-01  8.160E-01
  369.5000  9.748E-01  1.003E+00  1.013E+00  1.005E+00  9.785E-01
  370.5000  8.841E-01  9.097E-01  9.189E-01  9.114E-01  8.874E-01
  371.5000  1.011E+00  1.041E+00  1.051E+00  1.042E+00  1.015E+00
  372.5000  7.467E-01  7.683E-01  7.760E-01  7.697E-01  7.495E-01
  373.5000  6.748E-01  6.942E-01  7.012E-01  6.955E-01  6.773E-01
  374.5000  7.403E-01  7.616E-01  7.693E-01  7.630E-01  7.431E-01
  375.5000  8.350E-01  8.590E-01  8.676E-01  8.606E-01  8.381E-01
  376.5000  8.335E-01  8.575E-01  8.660E-01  8.590E-01  8.366E-01
  377.5000  9.923E-01  1.021E+00  1.031E+00  1.023E+00  9.959E-01
  378.5000  1.081E+00  1.112E+00  1.123E+00  1.114E+00  1.085E+00
  379.5000  7.996E-01  8.225E-01  8.307E-01  8.240E-01  8.026E-01
  380.5000  9.614E-01  9.888E-01  9.987E-01  9.906E-01  9.649E-01
  381.5000  9.031E-01  9.289E-01  9.381E-01  9.305E-01  9.064E-01
  382.5000  6.016E-01  6.187E-01  6.249E-01  6.199E-01  6.038E-01
  383.5000  5.281E-01  5.431E-01  5.485E-01  5.441E-01  5.300E-01
  384.5000  7.923E-01  8.148E-01  8.229E-01  8.163E-01  7.952E-01
  385.5000  7.837E-01  8.059E-01  8.139E-01  8.074E-01  7.865E-01
  386.5000  7.986E-01  8.212E-01  8.293E-01  8.227E-01  8.015E-01
  387.5000  7.420E-01  7.630E-01  7.705E-01  7.644E-01  7.447E-01
  388.5000  7.435E-01  7.645E-01  7.721E-01  7.659E-01  7.462E-01
  389.5000  9.374E-01  9.639E-01  9.733E-01  9.656E-01  9.408E-01
  390.5000  9.205E-01  9.464E-01  9.557E-01  9.481E-01  9.238E-01
  391.5000  1.092E+00  1.122E+00  1.134E+00  1.124E+00  1.096E+00
  392.5000  8.185E-01  8.415E-01  8.497E-01  8.430E-01  8.214E-01
  393.5000  3.557E-01  3.657E-01  3.693E-01  3.664E-01  3.570E-01
  394.5000  8.369E-01  8.604E-01  8.688E-01  8.619E-01  8.399E-01
  395.5000  1.077E+00  1.107E+00  1.118E+00  1.109E+00  1.080E+00
  396.5000  6.320E-01  6.497E-01  6.560E-01  6.508E-01  6.343E-01
  397.5000  7.291E-01  7.495E-01  7.568E-01  7.508E-01  7.317E-01
  398.5000  1.253E+00  1.288E+00  1.300E+00  1.290E+00  1.257E+00
  399.5000  1.303E+00  1.339E+00  1.352E+00  1.341E+00  1.307E+00
  400.5000  1.369E+00  1.407E+00  1.421E+00  1.410E+00  1.374E+00
  401.5000  1.408E+00  1.448E+00  1.462E+00  1.450E+00  1.413E+00
  402.5000  1.462E+00  1.502E+00  1.517E+00  1.505E+00  1.467E+00
  403.5000  1.338E+00  1.375E+00  1.388E+00  1.377E+00  1.342E+00
  404.5000  1.312E+00  1.348E+00  1.361E+00  1.351E+00  1.316E+00
  405.5000  1.362E+00  1.400E+00  1.414E+00  1.403E+00  1.367E+00
  406.5000  1.283E+00  1.319E+00  1.331E+00  1.321E+00  1.288E+00
  407.5000  1.293E+00  1.329E+00  1.342E+00  1.331E+00  1.298E+00
  408.5000  1.440E+00  1.480E+00  1.494E+00  1.482E+00  1.445E+00
  409.5000  1.411E+00  1.450E+00  1.464E+00  1.453E+00  1.416E+00
  410.5000  1.224E+00  1.258E+00  1.270E+00  1.260E+00  1.228E+00
  411.5000  1.471E+00  1.511E+00  1.526E+00  1.514E+00  1.476E+00
  412.5000  1.457E+00  1.498E+00  1.512E+00  1.500E+00  1.463E+00
  413.5000  1.413E+00  1.452E+00  1.466E+00  1.455E+00  1.418E+00
  414.5000  1.452E+00  1.492E+00  1.506E+00  1.495E+00  1.457E+00
  415.5000  1.389E+00  1.427E+00  1.441E+00  1.429E+00  1.394E+00
  416.5000  1.511E+00  1.553E+00  1.568E+00  1.555E+00  1.517E+00
  417.5000  1.381E+00  1.419E+00  1.433E+00  1.422E+00  1.386E+00
  418.5000  1.392E+00  1.430E+00  1.444E+00  1.433E+00  1.397E+00
  419.5000  1.438E+00  1.477E+00  1.491E+00  1.480E+00  1.443E+00
------------------------------------------------------------
Dose rates, W m-2
   1 = UV-B, 280-315 nm                                  
   2 = UV-A, 315-400 nm                                  
   3 = Gaussian, 320 nm, 10 nm FWHM                      
   4 = RB Meter, model 501                               
   5 = DNA damage, in vitro (Setlow, 1974)               
   6 = UV index (WMO, 1994; Webb et al., 2011)           
   7 = Previtamin-D3 (CIE 2006)                          
values at z =      0.000 km
Columns: time, sza, weighting spectra
time, hrs.  sza, deg.          1          2          3          4          5          6          7
   11.0000     14.088  2.499E+00  6.079E+01  4.072E-01  7.880E-01  1.242E-02  1.586E+01  7.952E-01
   11.5000      7.223  2.622E+00  6.259E+01  4.214E-01  8.317E-01  1.344E-02  1.682E+01  8.425E-01
   12.0000      0.418  2.667E+00  6.324E+01  4.265E-01  8.476E-01  1.382E-02  1.718E+01  8.597E-01
   12.5000      6.531  2.630E+00  6.271E+01  4.223E-01  8.346E-01  1.351E-02  1.689E+01  8.456E-01
   13.0000     13.397  2.515E+00  6.102E+01  4.091E-01  7.935E-01  1.255E-02  1.598E+01  8.012E-01
------------------------------------------------------------
