Spectral Irradiance, W m-2 nm-1
values at z =      0.000 km
Columns: wavelength (nm), times (hrs.) or sza (deg.)
    wc, nm     11.000     11.500     12.000     12.500     13.000
    sza =      40.459     37.781     36.395     36.448     37.934
  280.5000  2.063E-16  7.042E-16  1.289E-15  1.261E-15  6.710E-16
  281.5000  9.873E-15  3.076E-14  5.245E-14  5.141E-14  2.893E-14
  282.5000  1.873E-13  5.308E-13  8.656E-13  8.499E-13  5.019E-13
  283.5000  1.149E-12  3.060E-12  4.848E-12  4.765E-12  2.903E-12
  284.5000  1.886E-11  4.488E-11  6.746E-11  6.644E-11  4.283E-11
  285.5000  9.352E-11  2.048E-10  2.961E-10  2.920E-10  1.963E-10
  286.5000  1.444E-09  2.967E-09  4.163E-09  4.110E-09  2.854E-09
  287.5000  1.114E-08  2.133E-08  2.895E-08  2.862E-08  2.060E-08
  288.5000  7.710E-08  1.367E-07  1.789E-07  1.771E-07  1.325E-07
  289.5000  5.330E-07  8.942E-07  1.141E-06  1.130E-06  8.696E-07
  290.5000  2.590E-06  4.149E-06  5.178E-06  5.136E-06  4.044E-06
  291.5000  1.015E-05  1.542E-05  1.878E-05  1.864E-05  1.508E-05
  292.5000  2.899E-05  4.222E-05  5.040E-05  5.006E-05  4.137E-05
  293.5000  9.823E-05  1.374E-04  1.609E-04  1.600E-04  1.349E-04
  294.5000  2.114E-04  2.866E-04  3.307E-04  3.289E-04  2.819E-04
  295.5000  6.061E-04  7.944E-04  9.025E-04  8.982E-04  7.828E-04
  296.5000  1.180E-03  1.504E-03  1.686E-03  1.679E-03  1.484E-03
  297.5000  2.488E-03  3.095E-03  3.432E-03  3.418E-03  3.059E-03
  298.5000  3.215E-03  3.919E-03  4.303E-03  4.288E-03  3.877E-03
  299.5000  7.736E-03  9.092E-03  1.007E-02  1.003E-02  9.160E-03
  300.5000  7.687E-03  9.057E-03  9.788E-03  9.759E-03  8.977E-03
  301.5000  1.626E-02  1.885E-02  2.022E-02  2.017E-02  1.870E-02
  302.5000  2.102E-02  2.424E-02  2.588E-02  2.581E-02  2.406E-02
  303.5000  3.788E-02  4.293E-02  4.556E-02  4.546E-02  4.264E-02
  304.5000  4.266E-02  4.801E-02  5.078E-02  5.063E-02  4.771E-02
  305.5000  5.888E-02  6.556E-02  6.899E-02  6.886E-02  6.518E-02
  306.5000  6.269E-02  6.948E-02  7.297E-02  7.283E-02  6.909E-02
  307.5000  9.378E-02  1.030E-01  1.078E-01  1.076E-01  1.025E-01
  308.5000  1.065E-01  1.166E-01  1.218E-01  1.216E-01  1.161E-01
  309.5000  9.619E-02  1.047E-01  1.091E-01  1.089E-01  1.042E-01
  310.5000  1.333E-01  1.445E-01  1.502E-01  1.500E-01  1.439E-01
  311.5000  1.736E-01  1.877E-01  1.948E-01  1.945E-01  1.869E-01
  312.5000  1.728E-01  1.859E-01  1.925E-01  1.923E-01  1.851E-01
  313.5000  1.970E-01  2.117E-01  2.191E-01  2.188E-01  2.108E-01
  314.5000  2.002E-01  2.142E-01  2.213E-01  2.210E-01  2.134E-01
  315.5000  2.074E-01  2.218E-01  2.290E-01  2.288E-01  2.210E-01
  316.5000  2.092E-01  2.230E-01  2.299E-01  2.297E-01  2.222E-01
  317.5000  2.960E-01  3.155E-01  3.253E-01  3.249E-01  3.144E-01
  318.5000  2.355E-01  2.503E-01  2.577E-01  2.574E-01  2.494E-01
  319.5000  2.880E-01  3.059E-01  3.149E-01  3.145E-01  3.049E-01
  320.5000  3.515E-01  3.730E-01  3.838E-01  3.833E-01  3.718E-01
  321.5000  3.013E-01  3.189E-01  3.277E-01  3.274E-01  3.179E-01
  322.5000  3.014E-01  3.195E-01  3.287E-01  3.283E-01  3.185E-01
  323.5000  3.139E-01  3.318E-01  3.407E-01  3.404E-01  3.308E-01
  324.5000  3.683E-01  3.894E-01  3.998E-01  3.994E-01  3.882E-01
  325.5000  4.125E-01  4.361E-01  4.479E-01  4.475E-01  4.348E-01
  326.5000  5.024E-01  5.301E-01  5.439E-01  5.434E-01  5.285E-01
  327.5000  4.671E-01  4.932E-01  5.061E-01  5.056E-01  4.917E-01
  328.5000  4.315E-01  4.554E-01  4.673E-01  4.670E-01  4.541E-01
  329.5000  5.616E-01  5.919E-01  6.069E-01  6.064E-01  5.902E-01
  330.5000  5.100E-01  5.377E-01  5.516E-01  5.510E-01  5.362E-01
  331.5000  5.039E-01  5.314E-01  5.451E-01  5.445E-01  5.298E-01
  332.5000  4.976E-01  5.241E-01  5.372E-01  5.367E-01  5.226E-01
  333.5000  4.672E-01  4.923E-01  5.047E-01  5.043E-01  4.908E-01
  334.5000  5.224E-01  5.502E-01  5.641E-01  5.635E-01  5.486E-01
  335.5000  5.301E-01  5.580E-01  5.719E-01  5.714E-01  5.565E-01
  336.5000  4.144E-01  4.363E-01  4.471E-01  4.467E-01  4.350E-01
  337.5000  4.547E-01  4.788E-01  4.908E-01  4.903E-01  4.774E-01
  338.5000  4.805E-01  5.056E-01  5.181E-01  5.177E-01  5.042E-01
  339.5000  5.225E-01  5.498E-01  5.633E-01  5.628E-01  5.482E-01
  340.5000  5.585E-01  5.877E-01  6.023E-01  6.017E-01  5.861E-01
  341.5000  4.964E-01  5.221E-01  5.349E-01  5.344E-01  5.207E-01
  342.5000  5.500E-01  5.785E-01  5.926E-01  5.921E-01  5.769E-01
  343.5000  5.713E-01  6.009E-01  6.156E-01  6.150E-01  5.992E-01
  344.5000  4.004E-01  4.212E-01  4.315E-01  4.311E-01  4.200E-01
  345.5000  5.489E-01  5.771E-01  5.912E-01  5.906E-01  5.755E-01
  346.5000  5.134E-01  5.399E-01  5.530E-01  5.525E-01  5.384E-01
  347.5000  5.017E-01  5.275E-01  5.403E-01  5.398E-01  5.261E-01
  348.5000  5.515E-01  5.798E-01  5.938E-01  5.933E-01  5.782E-01
  349.5000  4.622E-01  4.859E-01  4.977E-01  4.972E-01  4.846E-01
  350.5000  6.472E-01  6.803E-01  6.968E-01  6.961E-01  6.785E-01
  351.5000  5.579E-01  5.864E-01  6.005E-01  6.000E-01  5.848E-01
  352.5000  5.032E-01  5.288E-01  5.416E-01  5.411E-01  5.274E-01
  353.5000  6.058E-01  6.366E-01  6.519E-01  6.513E-01  6.348E-01
  354.5000  6.557E-01  6.890E-01  7.055E-01  7.048E-01  6.871E-01
  355.5000  6.128E-01  6.439E-01  6.593E-01  6.587E-01  6.421E-01
  356.5000  5.687E-01  5.975E-01  6.118E-01  6.112E-01  5.959E-01
  357.5000  4.837E-01  5.081E-01  5.202E-01  5.197E-01  5.067E-01
  358.5000  3.733E-01  3.921E-01  4.014E-01  4.010E-01  3.910E-01
  359.5000  6.282E-01  6.598E-01  6.755E-01  6.749E-01  6.580E-01
  360.5000  5.823E-01  6.116E-01  6.261E-01  6.255E-01  6.099E-01
  361.5000  5.250E-01  5.514E-01  5.644E-01  5.639E-01  5.499E-01
  362.5000  6.166E-01  6.475E-01  6.628E-01  6.622E-01  6.457E-01
  363.5000  5.485E-01  5.759E-01  5.896E-01  5.890E-01  5.744E-01
  364.5000  5.984E-01  6.283E-01  6.431E-01  6.425E-01  6.266E-01
  365.5000  7.292E-01  7.655E-01  7.836E-01  7.829E-01  7.635E-01
  366.5000  7.718E-01  8.102E-01  8.292E-01  8.285E-01  8.080E-01
  367.5000  7.328E-01  7.692E-01  7.873E-01  7.866E-01  7.672E-01
  368.5000  6.438E-01  6.757E-01  6.916E-01  6.910E-01  6.739E-01
  369.5000  7.723E-01  8.105E-01  8.295E-01  8.288E-01  8.084E-01
  370.5000  7.007E-01  7.353E-01  7.525E-01  7.519E-01  7.334E-01
  371.5000  8.018E-01  8.414E-01  8.610E-01  8.603E-01  8.391E-01
  372.5000  5.923E-01  6.215E-01  6.360E-01  6.354E-01  6.198E-01
  373.5000  5.354E-01  5.617E-01  5.748E-01  5.743E-01  5.602E-01
  374.5000  5.876E-01  6.165E-01  6.308E-01  6.303E-01  6.149E-01
  375.5000  6.630E-01  6.956E-01  7.117E-01  7.111E-01  6.937E-01
  376.5000  6.621E-01  6.946E-01  7.107E-01  7.101E-01  6.927E-01
  377.5000  7.885E-01  8.271E-01  8.462E-01  8.455E-01  8.249E-01
  378.5000  8.594E-01  9.014E-01  9.223E-01  9.215E-01  8.991E-01
  379.5000  6.359E-01  6.669E-01  6.823E-01  6.817E-01  6.652E-01
  380.5000  7.648E-01  8.020E-01  8.205E-01  8.198E-01  7.999E-01
  381.5000  7.187E-01  7.536E-01  7.710E-01  7.703E-01  7.517E-01
  382.5000  4.789E-01  5.022E-01  5.137E-01  5.133E-01  5.009E-01
  383.5000  4.206E-01  4.410E-01  4.511E-01  4.507E-01  4.398E-01
  384.5000  6.312E-01  6.618E-01  6.769E-01  6.764E-01  6.600E-01
  385.5000  6.245E-01  6.547E-01  6.697E-01  6.691E-01  6.530E-01
  386.5000  6.366E-01  6.674E-01  6.827E-01  6.821E-01  6.656E-01
  387.5000  5.917E-01  6.202E-01  6.344E-01  6.339E-01  6.186E-01
  388.5000  5.931E-01  6.217E-01  6.359E-01  6.353E-01  6.201E-01
  389.5000  7.480E-01  7.840E-01  8.019E-01  8.012E-01  7.820E-01
  390.5000  7.347E-01  7.701E-01  7.876E-01  7.869E-01  7.681E-01
  391.5000  8.717E-01  9.136E-01  9.344E-01  9.336E-01  9.112E-01
  392.5000  6.537E-01  6.851E-01  7.007E-01  7.001E-01  6.833E-01
  393.5000  2.842E-01  2.979E-01  3.046E-01  3.043E-01  2.971E-01
  394.5000  6.689E-01  7.009E-01  7.168E-01  7.162E-01  6.991E-01
  395.5000  8.607E-01  9.018E-01  9.222E-01  9.214E-01  8.995E-01
  396.5000  5.054E-01  5.296E-01  5.415E-01  5.411E-01  5.282E-01
  397.5000  5.833E-01  6.111E-01  6.249E-01  6.244E-01  6.095E-01
  398.5000  1.002E+00  1.050E+00  1.074E+00  1.073E+00  1.047E+00
  399.5000  1.043E+00  1.092E+00  1.117E+00  1.116E+00  1.089E+00
  400.5000  1.096E+00  1.148E+00  1.174E+00  1.173E+00  1.145E+00
  401.5000  1.128E+00  1.182E+00  1.208E+00  1.207E+00  1.179E+00
  402.5000  1.171E+00  1.227E+00  1.254E+00  1.253E+00  1.224E+00
  403.5000  1.072E+00  1.123E+00  1.148E+00  1.147E+00  1.120E+00
  404.5000  1.052E+00  1.101E+00  1.126E+00  1.125E+00  1.099E+00
  405.5000  1.093E+00  1.144E+00  1.170E+00  1.169E+00  1.141E+00
  406.5000  1.029E+00  1.078E+00  1.102E+00  1.101E+00  1.075E+00
  407.5000  1.038E+00  1.087E+00  1.111E+00  1.110E+00  1.084E+00
  408.5000  1.156E+00  1.210E+00  1.237E+00  1.236E+00  1.207E+00
  409.5000  1.133E+00  1.186E+00  1.213E+00  1.212E+00  1.183E+00
  410.5000  9.827E-01  1.029E+00  1.052E+00  1.051E+00  1.026E+00
  411.5000  1.181E+00  1.237E+00  1.264E+00  1.263E+00  1.234E+00
  412.5000  1.171E+00  1.226E+00  1.253E+00  1.252E+00  1.223E+00
  413.5000  1.136E+00  1.189E+00  1.215E+00  1.214E+00  1.186E+00
  414.5000  1.167E+00  1.222E+00  1.249E+00  1.248E+00  1.219E+00
  415.5000  1.117E+00  1.169E+00  1.195E+00  1.194E+00  1.166E+00
  416.5000  1.216E+00  1.272E+00  1.300E+00  1.299E+00  1.269E+00
  417.5000  1.111E+00  1.163E+00  1.189E+00  1.188E+00  1.160E+00
  418.5000  1.120E+00  1.172E+00  1.198E+00  1.197E+00  1.169E+00
  419.5000  1.157E+00  1.211E+00  1.238E+00  1.237E+00  1.208E+00
------------------------------------------------------------
Dose rates, W m-2
   1 = UV-B, 280-315 nm                                  
   2 = UV-A, 315-400 nm                                  
   3 = Gaussian, 320 nm, 10 nm FWHM                      
   4 = RB Meter, model 501                               
   5 = DNA damage, in vitro (Setlow, 1974)               
   6 = UV index (WMO, 1994; Webb et al., 2011)           
   7 = Previtamin-D3 (CIE 2006)                          
values at z =      0.000 km
Columns: time, sza, weighting spectra
time, hrs.  sza, deg.          1          2          3          4          5          6          7
   11.0000     40.459  1.436E+00  4.770E+01  2.964E-01  4.185E-01  4.509E-03  7.917E+00  3.906E-01
   11.5000     37.781  1.565E+00  5.013E+01  3.146E-01  4.594E-01  5.142E-03  8.729E+00  4.332E-01
   12.0000     36.395  1.632E+00  5.134E+01  3.237E-01  4.805E-01  5.486E-03  9.155E+00  4.553E-01
   12.5000     36.448  1.629E+00  5.129E+01  3.234E-01  4.797E-01  5.472E-03  9.138E+00  4.544E-01
   13.0000     37.934  1.558E+00  4.999E+01  3.136E-01  4.571E-01  5.111E-03  8.686E+00  4.309E-01
------------------------------------------------------------
