Spectral Irradiance, W m-2 nm-1
values at z =      0.000 km
Columns: wavelength (nm), times (hrs.) or sza (deg.)
    wc, nm     11.000     11.500     12.000     12.500     13.000
    sza =      26.810     23.860     22.983     24.402     27.768
  280.5000  5.960E-14  1.180E-13  1.417E-13  1.049E-13  4.663E-14
  281.5000  1.719E-12  3.205E-12  3.789E-12  2.879E-12  1.374E-12
  282.5000  2.111E-11  3.738E-11  4.358E-11  3.388E-11  1.719E-11
  283.5000  9.754E-11  1.671E-10  1.930E-10  1.523E-10  8.041E-11
  284.5000  8.819E-10  1.542E-09  1.752E-09  1.420E-09  8.061E-10
  285.5000  3.241E-09  4.993E-09  5.607E-09  4.635E-09  2.776E-09
  286.5000  3.735E-08  5.557E-08  6.183E-08  5.189E-08  3.238E-08
  287.5000  2.082E-07  2.981E-07  3.283E-07  2.803E-07  1.831E-07
  288.5000  1.012E-06  1.390E-06  1.514E-06  1.316E-06  9.035E-07
  289.5000  5.437E-06  7.245E-06  7.827E-06  6.729E-06  4.904E-06
  290.5000  2.136E-05  2.776E-05  2.979E-05  2.654E-05  1.944E-05
  291.5000  6.578E-05  8.309E-05  8.681E-05  7.981E-05  6.049E-05
  292.5000  1.544E-04  1.905E-04  2.016E-04  1.837E-04  1.431E-04
  293.5000  4.345E-04  5.245E-04  5.518E-04  5.078E-04  4.061E-04
  294.5000  8.089E-04  9.598E-04  1.005E-03  9.319E-04  7.608E-04
  295.5000  1.987E-03  2.316E-03  2.413E-03  2.255E-03  1.881E-03
  296.5000  3.350E-03  3.906E-03  4.054E-03  3.815E-03  3.240E-03
  297.5000  6.416E-03  7.266E-03  7.514E-03  7.112E-03  6.137E-03
  298.5000  7.544E-03  8.448E-03  8.710E-03  8.285E-03  7.245E-03
  299.5000  1.661E-02  1.840E-02  1.892E-02  1.808E-02  1.601E-02
  300.5000  1.541E-02  1.694E-02  1.738E-02  1.667E-02  1.490E-02
  301.5000  3.027E-02  3.299E-02  3.376E-02  3.250E-02  2.936E-02
  302.5000  3.748E-02  4.060E-02  4.149E-02  4.004E-02  3.642E-02
  303.5000  6.346E-02  6.828E-02  6.964E-02  6.742E-02  6.182E-02
  304.5000  6.915E-02  7.411E-02  7.551E-02  7.323E-02  6.746E-02
  305.5000  9.086E-02  9.680E-02  9.848E-02  9.575E-02  8.882E-02
  306.5000  9.469E-02  1.006E-01  1.023E-01  9.958E-02  9.266E-02
  307.5000  1.360E-01  1.439E-01  1.461E-01  1.425E-01  1.333E-01
  308.5000  1.521E-01  1.606E-01  1.629E-01  1.591E-01  1.492E-01
  309.5000  1.337E-01  1.407E-01  1.427E-01  1.395E-01  1.313E-01
  310.5000  1.818E-01  1.908E-01  1.934E-01  1.892E-01  1.786E-01
  311.5000  2.336E-01  2.449E-01  2.481E-01  2.429E-01  2.297E-01
  312.5000  2.274E-01  2.377E-01  2.406E-01  2.359E-01  2.238E-01
  313.5000  2.578E-01  2.693E-01  2.725E-01  2.673E-01  2.538E-01
  314.5000  2.570E-01  2.679E-01  2.709E-01  2.659E-01  2.532E-01
  315.5000  2.653E-01  2.764E-01  2.795E-01  2.745E-01  2.615E-01
  316.5000  2.637E-01  2.742E-01  2.771E-01  2.723E-01  2.600E-01
  317.5000  3.728E-01  3.877E-01  3.919E-01  3.851E-01  3.677E-01
  318.5000  2.926E-01  3.038E-01  3.069E-01  3.018E-01  2.887E-01
  319.5000  3.568E-01  3.703E-01  3.741E-01  3.679E-01  3.521E-01
  320.5000  4.338E-01  4.501E-01  4.546E-01  4.472E-01  4.282E-01
  321.5000  3.674E-01  3.806E-01  3.842E-01  3.782E-01  3.628E-01
  322.5000  3.706E-01  3.843E-01  3.881E-01  3.819E-01  3.659E-01
  323.5000  3.803E-01  3.937E-01  3.974E-01  3.913E-01  3.757E-01
  324.5000  4.463E-01  4.620E-01  4.664E-01  4.593E-01  4.409E-01
  325.5000  5.005E-01  5.182E-01  5.231E-01  5.151E-01  4.944E-01
  326.5000  6.035E-01  6.241E-01  6.298E-01  6.205E-01  5.964E-01
  327.5000  5.627E-01  5.820E-01  5.874E-01  5.786E-01  5.560E-01
  328.5000  5.195E-01  5.373E-01  5.422E-01  5.341E-01  5.133E-01
  329.5000  6.710E-01  6.934E-01  6.996E-01  6.895E-01  6.633E-01
  330.5000  6.109E-01  6.315E-01  6.371E-01  6.278E-01  6.038E-01
  331.5000  6.038E-01  6.241E-01  6.297E-01  6.206E-01  5.968E-01
  332.5000  5.929E-01  6.124E-01  6.178E-01  6.090E-01  5.861E-01
  333.5000  5.577E-01  5.762E-01  5.813E-01  5.729E-01  5.513E-01
  334.5000  6.226E-01  6.431E-01  6.488E-01  6.395E-01  6.155E-01
  335.5000  6.301E-01  6.506E-01  6.563E-01  6.470E-01  6.229E-01
  336.5000  4.927E-01  5.088E-01  5.132E-01  5.059E-01  4.871E-01
  337.5000  5.413E-01  5.590E-01  5.640E-01  5.559E-01  5.351E-01
  338.5000  5.703E-01  5.888E-01  5.939E-01  5.856E-01  5.639E-01
  339.5000  6.198E-01  6.398E-01  6.453E-01  6.362E-01  6.128E-01
  340.5000  6.628E-01  6.843E-01  6.902E-01  6.805E-01  6.554E-01
  341.5000  5.881E-01  6.070E-01  6.122E-01  6.037E-01  5.815E-01
  342.5000  6.513E-01  6.721E-01  6.779E-01  6.684E-01  6.440E-01
  343.5000  6.765E-01  6.982E-01  7.042E-01  6.944E-01  6.690E-01
  344.5000  4.742E-01  4.894E-01  4.936E-01  4.867E-01  4.689E-01
  345.5000  6.490E-01  6.697E-01  6.754E-01  6.661E-01  6.418E-01
  346.5000  6.073E-01  6.267E-01  6.320E-01  6.233E-01  6.006E-01
  347.5000  5.932E-01  6.121E-01  6.173E-01  6.088E-01  5.866E-01
  348.5000  6.517E-01  6.723E-01  6.781E-01  6.687E-01  6.445E-01
  349.5000  5.460E-01  5.633E-01  5.681E-01  5.603E-01  5.400E-01
  350.5000  7.643E-01  7.884E-01  7.951E-01  7.842E-01  7.558E-01
  351.5000  6.586E-01  6.794E-01  6.851E-01  6.757E-01  6.513E-01
  352.5000  5.937E-01  6.125E-01  6.176E-01  6.092E-01  5.872E-01
  353.5000  7.145E-01  7.369E-01  7.432E-01  7.330E-01  7.066E-01
  354.5000  7.730E-01  7.972E-01  8.039E-01  7.930E-01  7.645E-01
  355.5000  7.222E-01  7.448E-01  7.511E-01  7.408E-01  7.143E-01
  356.5000  6.700E-01  6.910E-01  6.968E-01  6.873E-01  6.627E-01
  357.5000  5.696E-01  5.874E-01  5.923E-01  5.843E-01  5.634E-01
  358.5000  4.394E-01  4.531E-01  4.569E-01  4.507E-01  4.346E-01
  359.5000  7.393E-01  7.623E-01  7.687E-01  7.583E-01  7.313E-01
  360.5000  6.851E-01  7.064E-01  7.123E-01  7.026E-01  6.777E-01
  361.5000  6.175E-01  6.366E-01  6.419E-01  6.333E-01  6.108E-01
  362.5000  7.249E-01  7.473E-01  7.536E-01  7.434E-01  7.171E-01
  363.5000  6.447E-01  6.646E-01  6.701E-01  6.611E-01  6.377E-01
  364.5000  7.031E-01  7.248E-01  7.308E-01  7.210E-01  6.955E-01
  365.5000  8.565E-01  8.829E-01  8.902E-01  8.782E-01  8.473E-01
  366.5000  9.062E-01  9.341E-01  9.418E-01  9.292E-01  8.965E-01
  367.5000  8.602E-01  8.866E-01  8.939E-01  8.820E-01  8.510E-01
  368.5000  7.554E-01  7.786E-01  7.850E-01  7.745E-01  7.474E-01
  369.5000  9.059E-01  9.337E-01  9.414E-01  9.288E-01  8.963E-01
  370.5000  8.217E-01  8.468E-01  8.538E-01  8.424E-01  8.130E-01
  371.5000  9.400E-01  9.687E-01  9.766E-01  9.636E-01  9.300E-01
  372.5000  6.942E-01  7.153E-01  7.212E-01  7.116E-01  6.868E-01
  373.5000  6.273E-01  6.464E-01  6.517E-01  6.430E-01  6.206E-01
  374.5000  6.883E-01  7.092E-01  7.150E-01  7.055E-01  6.810E-01
  375.5000  7.764E-01  8.000E-01  8.065E-01  7.958E-01  7.682E-01
  376.5000  7.751E-01  7.986E-01  8.051E-01  7.945E-01  7.669E-01
  377.5000  9.228E-01  9.507E-01  9.584E-01  9.458E-01  9.130E-01
  378.5000  1.006E+00  1.036E+00  1.044E+00  1.031E+00  9.949E-01
  379.5000  7.438E-01  7.662E-01  7.724E-01  7.623E-01  7.359E-01
  380.5000  8.943E-01  9.212E-01  9.287E-01  9.165E-01  8.849E-01
  381.5000  8.401E-01  8.654E-01  8.724E-01  8.610E-01  8.313E-01
  382.5000  5.597E-01  5.765E-01  5.812E-01  5.735E-01  5.538E-01
  383.5000  4.914E-01  5.061E-01  5.102E-01  5.035E-01  4.862E-01
  384.5000  7.372E-01  7.593E-01  7.655E-01  7.554E-01  7.295E-01
  385.5000  7.292E-01  7.511E-01  7.571E-01  7.472E-01  7.216E-01
  386.5000  7.432E-01  7.654E-01  7.716E-01  7.615E-01  7.354E-01
  387.5000  6.906E-01  7.112E-01  7.169E-01  7.075E-01  6.834E-01
  388.5000  6.920E-01  7.127E-01  7.184E-01  7.090E-01  6.848E-01
  389.5000  8.725E-01  8.985E-01  9.057E-01  8.940E-01  8.635E-01
  390.5000  8.569E-01  8.824E-01  8.894E-01  8.779E-01  8.480E-01
  391.5000  1.016E+00  1.047E+00  1.055E+00  1.041E+00  1.006E+00
  392.5000  7.620E-01  7.846E-01  7.909E-01  7.806E-01  7.541E-01
  393.5000  3.312E-01  3.410E-01  3.438E-01  3.393E-01  3.278E-01
  394.5000  7.793E-01  8.023E-01  8.087E-01  7.983E-01  7.712E-01
  395.5000  1.002E+00  1.032E+00  1.040E+00  1.027E+00  9.921E-01
  396.5000  5.886E-01  6.059E-01  6.107E-01  6.029E-01  5.825E-01
  397.5000  6.791E-01  6.991E-01  7.046E-01  6.956E-01  6.721E-01
  398.5000  1.167E+00  1.201E+00  1.211E+00  1.195E+00  1.155E+00
  399.5000  1.213E+00  1.249E+00  1.259E+00  1.243E+00  1.201E+00
  400.5000  1.275E+00  1.313E+00  1.323E+00  1.306E+00  1.262E+00
  401.5000  1.312E+00  1.350E+00  1.361E+00  1.344E+00  1.299E+00
  402.5000  1.362E+00  1.402E+00  1.413E+00  1.395E+00  1.348E+00
  403.5000  1.246E+00  1.283E+00  1.293E+00  1.276E+00  1.234E+00
  404.5000  1.222E+00  1.258E+00  1.268E+00  1.252E+00  1.210E+00
  405.5000  1.269E+00  1.307E+00  1.317E+00  1.300E+00  1.257E+00
  406.5000  1.196E+00  1.230E+00  1.240E+00  1.224E+00  1.183E+00
  407.5000  1.205E+00  1.240E+00  1.250E+00  1.234E+00  1.193E+00
  408.5000  1.342E+00  1.381E+00  1.392E+00  1.374E+00  1.328E+00
  409.5000  1.316E+00  1.354E+00  1.364E+00  1.347E+00  1.302E+00
  410.5000  1.141E+00  1.174E+00  1.183E+00  1.168E+00  1.129E+00
  411.5000  1.371E+00  1.411E+00  1.422E+00  1.404E+00  1.357E+00
  412.5000  1.359E+00  1.398E+00  1.409E+00  1.391E+00  1.345E+00
  413.5000  1.317E+00  1.356E+00  1.366E+00  1.349E+00  1.304E+00
  414.5000  1.354E+00  1.393E+00  1.404E+00  1.386E+00  1.340E+00
  415.5000  1.295E+00  1.332E+00  1.343E+00  1.326E+00  1.282E+00
  416.5000  1.409E+00  1.450E+00  1.461E+00  1.443E+00  1.395E+00
  417.5000  1.288E+00  1.325E+00  1.335E+00  1.319E+00  1.275E+00
  418.5000  1.298E+00  1.335E+00  1.346E+00  1.329E+00  1.285E+00
  419.5000  1.341E+00  1.379E+00  1.390E+00  1.372E+00  1.327E+00
------------------------------------------------------------
Dose rates, W m-2
   1 = UV-B, 280-315 nm                                  
   2 = UV-A, 315-400 nm                                  
   3 = Gaussian, 320 nm, 10 nm FWHM                      
   4 = RB Meter, model 501                               
   5 = DNA damage, in vitro (Setlow, 1974)               
   6 = UV index (WMO, 1994; Webb et al., 2011)           
   7 = Previtamin-D3 (CIE 2006)                          
values at z =      0.000 km
Columns: time, sza, weighting spectra
time, hrs.  sza, deg.          1          2          3          4          5          6          7
   11.0000     26.810  2.018E+00  5.629E+01  3.662E-01  6.108E-01  7.996E-03  1.188E+01  5.968E-01
   11.5000     23.860  2.128E+00  5.807E+01  3.800E-01  6.478E-01  8.709E-03  1.265E+01  6.362E-01
   12.0000     22.983  2.159E+00  5.856E+01  3.838E-01  6.582E-01  8.912E-03  1.287E+01  6.473E-01
   12.5000     24.402  2.109E+00  5.775E+01  3.776E-01  6.412E-01  8.581E-03  1.251E+01  6.292E-01
   13.0000     27.768  1.980E+00  5.568E+01  3.614E-01  5.983E-01  7.764E-03  1.162E+01  5.834E-01
------------------------------------------------------------
