Spectral Irradiance, W m-2 nm-1
values at z =      0.000 km
Columns: wavelength (nm), times (hrs.) or sza (deg.)
    wc, nm     11.000     11.500     12.000     12.500     13.000
    sza =      20.908     17.105     15.714     17.327     21.269
  280.5000  8.818E-15  1.753E-14  2.167E-14  1.691E-14  8.190E-15
  281.5000  3.046E-13  5.700E-13  6.915E-13  5.517E-13  2.847E-13
  282.5000  4.367E-12  7.760E-12  9.265E-12  7.530E-12  4.106E-12
  283.5000  2.232E-11  3.834E-11  4.530E-11  3.727E-11  2.106E-11
  284.5000  2.630E-10  4.249E-10  4.926E-10  4.144E-10  2.498E-10
  285.5000  1.021E-09  1.576E-09  1.802E-09  1.540E-09  9.743E-10
  286.5000  1.306E-08  1.947E-08  2.202E-08  1.906E-08  1.251E-08
  287.5000  8.178E-08  1.173E-07  1.311E-07  1.151E-07  7.868E-08
  288.5000  4.511E-07  6.202E-07  6.842E-07  6.100E-07  4.360E-07
  289.5000  2.652E-06  3.538E-06  3.867E-06  3.485E-06  2.572E-06
  290.5000  1.125E-05  1.462E-05  1.586E-05  1.443E-05  1.093E-05
  291.5000  3.776E-05  4.771E-05  5.129E-05  4.713E-05  3.682E-05
  292.5000  9.513E-05  1.174E-04  1.253E-04  1.161E-04  9.300E-05
  293.5000  2.863E-04  3.455E-04  3.662E-04  3.421E-04  2.805E-04
  294.5000  5.617E-04  6.663E-04  7.024E-04  6.604E-04  5.515E-04
  295.5000  1.459E-03  1.700E-03  1.781E-03  1.686E-03  1.436E-03
  296.5000  2.619E-03  3.003E-03  3.133E-03  2.982E-03  2.580E-03
  297.5000  5.142E-03  5.819E-03  6.046E-03  5.781E-03  5.074E-03
  298.5000  6.259E-03  7.003E-03  7.250E-03  6.962E-03  6.184E-03
  299.5000  1.424E-02  1.576E-02  1.626E-02  1.567E-02  1.408E-02
  300.5000  1.355E-02  1.488E-02  1.531E-02  1.480E-02  1.341E-02
  301.5000  2.735E-02  2.976E-02  3.055E-02  2.963E-02  2.710E-02
  302.5000  3.448E-02  3.730E-02  3.822E-02  3.714E-02  3.419E-02
  303.5000  5.962E-02  6.406E-02  6.550E-02  6.382E-02  5.916E-02
  304.5000  6.578E-02  7.039E-02  7.189E-02  7.014E-02  6.530E-02
  305.5000  8.801E-02  9.363E-02  9.545E-02  9.333E-02  8.743E-02
  306.5000  9.245E-02  9.811E-02  9.993E-02  9.780E-02  9.187E-02
  307.5000  1.348E-01  1.424E-01  1.448E-01  1.420E-01  1.340E-01
  308.5000  1.516E-01  1.598E-01  1.624E-01  1.594E-01  1.508E-01
  309.5000  1.346E-01  1.411E-01  1.436E-01  1.411E-01  1.339E-01
  310.5000  1.843E-01  1.932E-01  1.960E-01  1.927E-01  1.834E-01
  311.5000  2.380E-01  2.490E-01  2.526E-01  2.484E-01  2.368E-01
  312.5000  2.334E-01  2.437E-01  2.470E-01  2.432E-01  2.325E-01
  313.5000  2.653E-01  2.767E-01  2.803E-01  2.760E-01  2.641E-01
  314.5000  2.663E-01  2.771E-01  2.806E-01  2.765E-01  2.652E-01
  315.5000  2.753E-01  2.863E-01  2.899E-01  2.857E-01  2.741E-01
  316.5000  2.751E-01  2.856E-01  2.889E-01  2.850E-01  2.721E-01
  317.5000  3.890E-01  4.038E-01  4.086E-01  4.030E-01  3.874E-01
  318.5000  3.068E-01  3.180E-01  3.215E-01  3.174E-01  3.056E-01
  319.5000  3.745E-01  3.880E-01  3.923E-01  3.873E-01  3.731E-01
  320.5000  4.559E-01  4.721E-01  4.773E-01  4.712E-01  4.542E-01
  321.5000  3.878E-01  4.010E-01  4.052E-01  4.003E-01  3.864E-01
  322.5000  3.898E-01  4.035E-01  4.079E-01  4.028E-01  3.884E-01
  323.5000  4.023E-01  4.157E-01  4.200E-01  4.150E-01  4.009E-01
  324.5000  4.720E-01  4.878E-01  4.928E-01  4.869E-01  4.704E-01
  325.5000  5.289E-01  5.466E-01  5.523E-01  5.457E-01  5.270E-01
  326.5000  6.402E-01  6.607E-01  6.674E-01  6.597E-01  6.380E-01
  327.5000  5.961E-01  6.155E-01  6.217E-01  6.145E-01  5.940E-01
  328.5000  5.503E-01  5.682E-01  5.739E-01  5.672E-01  5.484E-01
  329.5000  7.129E-01  7.354E-01  7.425E-01  7.341E-01  7.105E-01
  330.5000  6.482E-01  6.685E-01  6.754E-01  6.677E-01  6.460E-01
  331.5000  6.404E-01  6.609E-01  6.673E-01  6.597E-01  6.383E-01
  332.5000  6.301E-01  6.498E-01  6.560E-01  6.487E-01  6.280E-01
  333.5000  5.921E-01  6.107E-01  6.166E-01  6.097E-01  5.902E-01
  334.5000  6.613E-01  6.820E-01  6.885E-01  6.808E-01  6.591E-01
  335.5000  6.699E-01  6.905E-01  6.971E-01  6.894E-01  6.677E-01
  336.5000  5.236E-01  5.398E-01  5.450E-01  5.389E-01  5.219E-01
  337.5000  5.749E-01  5.927E-01  5.984E-01  5.917E-01  5.730E-01
  338.5000  6.063E-01  6.249E-01  6.308E-01  6.239E-01  6.043E-01
  339.5000  6.588E-01  6.790E-01  6.854E-01  6.779E-01  6.567E-01
  340.5000  7.044E-01  7.259E-01  7.328E-01  7.248E-01  7.021E-01
  341.5000  6.252E-01  6.442E-01  6.503E-01  6.432E-01  6.232E-01
  342.5000  6.924E-01  7.134E-01  7.201E-01  7.123E-01  6.901E-01
  343.5000  7.191E-01  7.409E-01  7.478E-01  7.397E-01  7.167E-01
  344.5000  5.039E-01  5.192E-01  5.241E-01  5.184E-01  5.023E-01
  345.5000  6.900E-01  7.108E-01  7.174E-01  7.096E-01  6.878E-01
  346.5000  6.454E-01  6.649E-01  6.711E-01  6.638E-01  6.433E-01
  347.5000  6.304E-01  6.494E-01  6.554E-01  6.483E-01  6.284E-01
  348.5000  6.925E-01  7.133E-01  7.200E-01  7.122E-01  6.903E-01
  349.5000  5.802E-01  5.976E-01  6.031E-01  5.967E-01  5.784E-01
  350.5000  8.121E-01  8.364E-01  8.441E-01  8.351E-01  8.095E-01
  351.5000  6.997E-01  7.206E-01  7.273E-01  7.195E-01  6.975E-01
  352.5000  6.308E-01  6.497E-01  6.556E-01  6.486E-01  6.288E-01
  353.5000  7.591E-01  7.817E-01  7.889E-01  7.805E-01  7.567E-01
  354.5000  8.212E-01  8.456E-01  8.534E-01  8.443E-01  8.186E-01
  355.5000  7.672E-01  7.900E-01  7.972E-01  7.888E-01  7.648E-01
  356.5000  7.118E-01  7.329E-01  7.396E-01  7.317E-01  7.095E-01
  357.5000  6.051E-01  6.230E-01  6.286E-01  6.220E-01  6.032E-01
  358.5000  4.667E-01  4.805E-01  4.849E-01  4.798E-01  4.653E-01
  359.5000  7.853E-01  8.084E-01  8.158E-01  8.072E-01  7.828E-01
  360.5000  7.276E-01  7.490E-01  7.558E-01  7.479E-01  7.253E-01
  361.5000  6.558E-01  6.750E-01  6.812E-01  6.740E-01  6.537E-01
  362.5000  7.698E-01  7.924E-01  7.996E-01  7.912E-01  7.674E-01
  363.5000  6.846E-01  7.046E-01  7.110E-01  7.036E-01  6.825E-01
  364.5000  7.466E-01  7.684E-01  7.753E-01  7.672E-01  7.442E-01
  365.5000  9.094E-01  9.360E-01  9.444E-01  9.345E-01  9.066E-01
  366.5000  9.621E-01  9.902E-01  9.991E-01  9.887E-01  9.592E-01
  367.5000  9.132E-01  9.398E-01  9.483E-01  9.384E-01  9.104E-01
  368.5000  8.020E-01  8.253E-01  8.327E-01  8.241E-01  7.995E-01
  369.5000  9.617E-01  9.896E-01  9.985E-01  9.881E-01  9.587E-01
  370.5000  8.723E-01  8.976E-01  9.056E-01  8.962E-01  8.696E-01
  371.5000  9.977E-01  1.027E+00  1.036E+00  1.025E+00  9.947E-01
  372.5000  7.368E-01  7.581E-01  7.648E-01  7.569E-01  7.345E-01
  373.5000  6.658E-01  6.850E-01  6.911E-01  6.839E-01  6.637E-01
  374.5000  7.305E-01  7.515E-01  7.582E-01  7.504E-01  7.282E-01
  375.5000  8.239E-01  8.477E-01  8.552E-01  8.464E-01  8.214E-01
  376.5000  8.225E-01  8.462E-01  8.537E-01  8.449E-01  8.200E-01
  377.5000  9.792E-01  1.007E+00  1.016E+00  1.006E+00  9.762E-01
  378.5000  1.067E+00  1.098E+00  1.107E+00  1.096E+00  1.064E+00
  379.5000  7.891E-01  8.117E-01  8.189E-01  8.105E-01  7.867E-01
  380.5000  9.488E-01  9.759E-01  9.845E-01  9.745E-01  9.459E-01
  381.5000  8.913E-01  9.168E-01  9.249E-01  9.154E-01  8.886E-01
  382.5000  5.937E-01  6.107E-01  6.161E-01  6.098E-01  5.919E-01
  383.5000  5.212E-01  5.361E-01  5.408E-01  5.353E-01  5.197E-01
  384.5000  7.820E-01  8.043E-01  8.114E-01  8.031E-01  7.797E-01
  385.5000  7.735E-01  7.955E-01  8.025E-01  7.943E-01  7.712E-01
  386.5000  7.883E-01  8.107E-01  8.178E-01  8.094E-01  7.859E-01
  387.5000  7.324E-01  7.532E-01  7.598E-01  7.521E-01  7.302E-01
  388.5000  7.339E-01  7.547E-01  7.613E-01  7.536E-01  7.317E-01
  389.5000  9.253E-01  9.515E-01  9.598E-01  9.501E-01  9.226E-01
  390.5000  9.087E-01  9.344E-01  9.425E-01  9.330E-01  9.060E-01
  391.5000  1.078E+00  1.108E+00  1.118E+00  1.107E+00  1.075E+00
  392.5000  8.080E-01  8.308E-01  8.380E-01  8.296E-01  8.056E-01
  393.5000  3.512E-01  3.611E-01  3.642E-01  3.606E-01  3.502E-01
  394.5000  8.263E-01  8.495E-01  8.569E-01  8.482E-01  8.238E-01
  395.5000  1.063E+00  1.093E+00  1.102E+00  1.091E+00  1.060E+00
  396.5000  6.240E-01  6.415E-01  6.470E-01  6.405E-01  6.221E-01
  397.5000  7.199E-01  7.401E-01  7.465E-01  7.390E-01  7.178E-01
  398.5000  1.237E+00  1.271E+00  1.282E+00  1.270E+00  1.233E+00
  399.5000  1.286E+00  1.322E+00  1.334E+00  1.320E+00  1.282E+00
  400.5000  1.352E+00  1.390E+00  1.402E+00  1.388E+00  1.348E+00
  401.5000  1.391E+00  1.429E+00  1.442E+00  1.427E+00  1.387E+00
  402.5000  1.443E+00  1.484E+00  1.496E+00  1.482E+00  1.439E+00
  403.5000  1.321E+00  1.358E+00  1.369E+00  1.356E+00  1.317E+00
  404.5000  1.295E+00  1.331E+00  1.343E+00  1.329E+00  1.292E+00
  405.5000  1.345E+00  1.383E+00  1.395E+00  1.381E+00  1.341E+00
  406.5000  1.267E+00  1.302E+00  1.313E+00  1.300E+00  1.263E+00
  407.5000  1.277E+00  1.313E+00  1.324E+00  1.311E+00  1.273E+00
  408.5000  1.422E+00  1.462E+00  1.474E+00  1.459E+00  1.418E+00
  409.5000  1.394E+00  1.433E+00  1.445E+00  1.430E+00  1.390E+00
  410.5000  1.209E+00  1.242E+00  1.253E+00  1.240E+00  1.205E+00
  411.5000  1.453E+00  1.493E+00  1.505E+00  1.490E+00  1.448E+00
  412.5000  1.439E+00  1.479E+00  1.492E+00  1.477E+00  1.435E+00
  413.5000  1.396E+00  1.434E+00  1.446E+00  1.432E+00  1.392E+00
  414.5000  1.434E+00  1.474E+00  1.486E+00  1.472E+00  1.430E+00
  415.5000  1.372E+00  1.409E+00  1.421E+00  1.407E+00  1.368E+00
  416.5000  1.493E+00  1.534E+00  1.547E+00  1.532E+00  1.488E+00
  417.5000  1.364E+00  1.402E+00  1.414E+00  1.400E+00  1.360E+00
  418.5000  1.375E+00  1.413E+00  1.425E+00  1.411E+00  1.371E+00
  419.5000  1.420E+00  1.459E+00  1.471E+00  1.457E+00  1.416E+00
------------------------------------------------------------
Dose rates, W m-2
   1 = UV-B, 280-315 nm                                  
   2 = UV-A, 315-400 nm                                  
   3 = Gaussian, 320 nm, 10 nm FWHM                      
   4 = RB Meter, model 501                               
   5 = DNA damage, in vitro (Setlow, 1974)               
   6 = UV index (WMO, 1994; Webb et al., 2011)           
   7 = Previtamin-D3 (CIE 2006)                          
values at z =      0.000 km
Columns: time, sza, weighting spectra
time, hrs.  sza, deg.          1          2          3          4          5          6          7
   11.0000     20.908  2.020E+00  5.971E+01  3.846E-01  6.019E-01  7.303E-03  1.156E+01  5.786E-01
   11.5000     17.105  2.126E+00  6.150E+01  3.984E-01  6.364E-01  7.912E-03  1.226E+01  6.151E-01
   12.0000     15.714  2.160E+00  6.206E+01  4.028E-01  6.476E-01  8.113E-03  1.250E+01  6.270E-01
   12.5000     17.327  2.120E+00  6.140E+01  3.977E-01  6.346E-01  7.879E-03  1.223E+01  6.132E-01
   13.0000     21.269  2.009E+00  5.952E+01  3.831E-01  5.982E-01  7.240E-03  1.148E+01  5.748E-01
------------------------------------------------------------
