Spectral Irradiance, W m-2 nm-1
values at z =      0.000 km
Columns: wavelength (nm), times (hrs.) or sza (deg.)
    wc, nm     11.000     11.500     12.000     12.500     13.000
    sza =      30.134     27.083     25.803     26.554     29.178
  280.5000  2.551E-14  5.879E-14  8.045E-14  6.709E-14  3.360E-14
  281.5000  7.958E-13  1.704E-12  2.269E-12  1.923E-12  1.023E-12
  282.5000  1.046E-11  2.102E-11  2.733E-11  2.348E-11  1.316E-11
  283.5000  5.049E-11  9.744E-11  1.247E-10  1.081E-10  6.271E-11
  284.5000  5.363E-10  9.606E-10  1.196E-09  1.054E-09  6.500E-10
  285.5000  1.928E-09  3.268E-09  3.985E-09  3.529E-09  2.294E-09
  286.5000  2.325E-08  3.777E-08  4.533E-08  4.079E-08  2.728E-08
  287.5000  1.363E-07  2.113E-07  2.492E-07  2.265E-07  1.575E-07
  288.5000  7.002E-07  1.031E-06  1.193E-06  1.096E-06  7.955E-07
  289.5000  3.911E-06  5.553E-06  6.336E-06  5.871E-06  4.390E-06
  290.5000  1.589E-05  2.187E-05  2.467E-05  2.301E-05  1.765E-05
  291.5000  5.079E-05  6.754E-05  7.518E-05  7.066E-05  5.579E-05
  292.5000  1.229E-04  1.588E-04  1.749E-04  1.654E-04  1.337E-04
  293.5000  3.562E-04  4.481E-04  4.885E-04  4.647E-04  3.841E-04
  294.5000  6.784E-04  8.356E-04  9.039E-04  8.637E-04  7.266E-04
  295.5000  1.708E-03  2.057E-03  2.206E-03  2.119E-03  1.816E-03
  296.5000  2.984E-03  3.528E-03  3.759E-03  3.624E-03  3.153E-03
  297.5000  5.726E-03  6.661E-03  7.052E-03  6.823E-03  6.018E-03
  298.5000  6.833E-03  7.841E-03  8.259E-03  8.015E-03  7.150E-03
  299.5000  1.525E-02  1.728E-02  1.811E-02  1.763E-02  1.589E-02
  300.5000  1.431E-02  1.605E-02  1.677E-02  1.635E-02  1.486E-02
  301.5000  2.844E-02  3.156E-02  3.283E-02  3.209E-02  2.943E-02
  302.5000  3.549E-02  3.910E-02  4.057E-02  3.971E-02  3.664E-02
  303.5000  6.063E-02  6.626E-02  6.852E-02  6.720E-02  6.243E-02
  304.5000  6.642E-02  7.224E-02  7.457E-02  7.321E-02  6.828E-02
  305.5000  8.796E-02  9.498E-02  9.779E-02  9.615E-02  9.021E-02
  306.5000  9.198E-02  9.903E-02  1.018E-01  1.002E-01  9.425E-02
  307.5000  1.330E-01  1.424E-01  1.461E-01  1.439E-01  1.360E-01
  308.5000  1.491E-01  1.592E-01  1.632E-01  1.609E-01  1.523E-01
  309.5000  1.316E-01  1.400E-01  1.433E-01  1.414E-01  1.343E-01
  310.5000  1.795E-01  1.904E-01  1.947E-01  1.922E-01  1.830E-01
  311.5000  2.312E-01  2.448E-01  2.501E-01  2.470E-01  2.356E-01
  312.5000  2.259E-01  2.383E-01  2.432E-01  2.404E-01  2.299E-01
  313.5000  2.563E-01  2.702E-01  2.757E-01  2.725E-01  2.608E-01
  314.5000  2.563E-01  2.695E-01  2.746E-01  2.717E-01  2.605E-01
  315.5000  2.648E-01  2.782E-01  2.835E-01  2.804E-01  2.691E-01
  316.5000  2.638E-01  2.766E-01  2.816E-01  2.787E-01  2.679E-01
  317.5000  3.730E-01  3.911E-01  3.982E-01  3.940E-01  3.789E-01
  318.5000  2.934E-01  3.070E-01  3.123E-01  3.092E-01  2.978E-01
  319.5000  3.580E-01  3.744E-01  3.808E-01  3.771E-01  3.633E-01
  320.5000  4.355E-01  4.553E-01  4.630E-01  4.585E-01  4.419E-01
  321.5000  3.695E-01  3.856E-01  3.919E-01  3.882E-01  3.747E-01
  322.5000  3.723E-01  3.890E-01  3.955E-01  3.917E-01  3.764E-01
  323.5000  3.830E-01  3.992E-01  4.056E-01  4.019E-01  3.882E-01
  324.5000  4.495E-01  4.686E-01  4.761E-01  4.717E-01  4.557E-01
  325.5000  5.039E-01  5.254E-01  5.339E-01  5.290E-01  5.109E-01
  326.5000  6.087E-01  6.335E-01  6.435E-01  6.378E-01  6.167E-01
  327.5000  5.672E-01  5.908E-01  5.999E-01  5.946E-01  5.749E-01
  328.5000  5.237E-01  5.454E-01  5.539E-01  5.490E-01  5.308E-01
  329.5000  6.774E-01  7.047E-01  7.154E-01  7.091E-01  6.862E-01
  330.5000  6.164E-01  6.415E-01  6.512E-01  6.454E-01  6.245E-01
  331.5000  6.093E-01  6.340E-01  6.437E-01  6.381E-01  6.171E-01
  332.5000  5.988E-01  6.226E-01  6.320E-01  6.265E-01  6.065E-01
  333.5000  5.631E-01  5.857E-01  5.945E-01  5.894E-01  5.704E-01
  334.5000  6.288E-01  6.539E-01  6.637E-01  6.580E-01  6.369E-01
  335.5000  6.366E-01  6.617E-01  6.716E-01  6.659E-01  6.448E-01
  336.5000  4.978E-01  5.175E-01  5.252E-01  5.207E-01  5.042E-01
  337.5000  5.468E-01  5.685E-01  5.770E-01  5.721E-01  5.539E-01
  338.5000  5.765E-01  5.990E-01  6.079E-01  6.027E-01  5.838E-01
  339.5000  6.265E-01  6.510E-01  6.606E-01  6.550E-01  6.344E-01
  340.5000  6.700E-01  6.962E-01  7.065E-01  7.005E-01  6.785E-01
  341.5000  5.946E-01  6.177E-01  6.268E-01  6.215E-01  6.021E-01
  342.5000  6.586E-01  6.841E-01  6.941E-01  6.883E-01  6.668E-01
  343.5000  6.841E-01  7.107E-01  7.210E-01  7.150E-01  6.927E-01
  344.5000  4.796E-01  4.982E-01  5.054E-01  5.012E-01  4.856E-01
  345.5000  6.565E-01  6.818E-01  6.917E-01  6.860E-01  6.647E-01
  346.5000  6.143E-01  6.380E-01  6.473E-01  6.419E-01  6.220E-01
  347.5000  6.001E-01  6.232E-01  6.322E-01  6.270E-01  6.076E-01
  348.5000  6.593E-01  6.846E-01  6.945E-01  6.888E-01  6.675E-01
  349.5000  5.525E-01  5.736E-01  5.819E-01  5.771E-01  5.593E-01
  350.5000  7.733E-01  8.029E-01  8.145E-01  8.078E-01  7.829E-01
  351.5000  6.665E-01  6.919E-01  7.019E-01  6.961E-01  6.747E-01
  352.5000  6.009E-01  6.238E-01  6.328E-01  6.276E-01  6.083E-01
  353.5000  7.232E-01  7.507E-01  7.614E-01  7.552E-01  7.321E-01
  354.5000  7.825E-01  8.122E-01  8.238E-01  8.170E-01  7.921E-01
  355.5000  7.311E-01  7.588E-01  7.697E-01  7.633E-01  7.401E-01
  356.5000  6.783E-01  7.040E-01  7.141E-01  7.082E-01  6.867E-01
  357.5000  5.767E-01  5.985E-01  6.070E-01  6.021E-01  5.838E-01
  358.5000  4.449E-01  4.617E-01  4.683E-01  4.645E-01  4.504E-01
  359.5000  7.487E-01  7.769E-01  7.879E-01  7.815E-01  7.578E-01
  360.5000  6.938E-01  7.199E-01  7.301E-01  7.242E-01  7.023E-01
  361.5000  6.254E-01  6.489E-01  6.580E-01  6.527E-01  6.330E-01
  362.5000  7.342E-01  7.618E-01  7.725E-01  7.663E-01  7.431E-01
  363.5000  6.530E-01  6.775E-01  6.870E-01  6.815E-01  6.609E-01
  364.5000  7.122E-01  7.389E-01  7.493E-01  7.432E-01  7.209E-01
  365.5000  8.677E-01  9.001E-01  9.128E-01  9.054E-01  8.782E-01
  366.5000  9.182E-01  9.523E-01  9.657E-01  9.579E-01  9.292E-01
  367.5000  8.716E-01  9.040E-01  9.167E-01  9.093E-01  8.821E-01
  368.5000  7.655E-01  7.939E-01  8.051E-01  7.986E-01  7.747E-01
  369.5000  9.181E-01  9.521E-01  9.654E-01  9.577E-01  9.291E-01
  370.5000  8.328E-01  8.636E-01  8.757E-01  8.687E-01  8.428E-01
  371.5000  9.527E-01  9.879E-01  1.002E+00  9.937E-01  9.641E-01
  372.5000  7.036E-01  7.296E-01  7.397E-01  7.338E-01  7.120E-01
  373.5000  6.359E-01  6.593E-01  6.685E-01  6.631E-01  6.434E-01
  374.5000  6.978E-01  7.234E-01  7.335E-01  7.276E-01  7.061E-01
  375.5000  7.871E-01  8.160E-01  8.274E-01  8.208E-01  7.965E-01
  376.5000  7.859E-01  8.147E-01  8.260E-01  8.194E-01  7.952E-01
  377.5000  9.356E-01  9.699E-01  9.833E-01  9.755E-01  9.467E-01
  378.5000  1.020E+00  1.057E+00  1.072E+00  1.063E+00  1.032E+00
  379.5000  7.542E-01  7.818E-01  7.926E-01  7.863E-01  7.631E-01
  380.5000  9.069E-01  9.400E-01  9.529E-01  9.454E-01  9.176E-01
  381.5000  8.521E-01  8.831E-01  8.953E-01  8.882E-01  8.621E-01
  382.5000  5.677E-01  5.883E-01  5.964E-01  5.917E-01  5.744E-01
  383.5000  4.984E-01  5.165E-01  5.236E-01  5.195E-01  5.043E-01
  384.5000  7.478E-01  7.750E-01  7.856E-01  7.794E-01  7.566E-01
  385.5000  7.398E-01  7.666E-01  7.771E-01  7.710E-01  7.485E-01
  386.5000  7.540E-01  7.813E-01  7.920E-01  7.857E-01  7.628E-01
  387.5000  7.006E-01  7.260E-01  7.359E-01  7.301E-01  7.088E-01
  388.5000  7.022E-01  7.275E-01  7.374E-01  7.317E-01  7.104E-01
  389.5000  8.854E-01  9.173E-01  9.298E-01  9.225E-01  8.957E-01
  390.5000  8.695E-01  9.008E-01  9.131E-01  9.060E-01  8.797E-01
  391.5000  1.031E+00  1.069E+00  1.083E+00  1.075E+00  1.043E+00
  392.5000  7.734E-01  8.011E-01  8.120E-01  8.057E-01  7.823E-01
  393.5000  3.362E-01  3.482E-01  3.530E-01  3.502E-01  3.401E-01
  394.5000  7.910E-01  8.193E-01  8.304E-01  8.240E-01  8.001E-01
  395.5000  1.018E+00  1.054E+00  1.068E+00  1.060E+00  1.029E+00
  396.5000  5.975E-01  6.188E-01  6.272E-01  6.223E-01  6.044E-01
  397.5000  6.894E-01  7.140E-01  7.236E-01  7.180E-01  6.973E-01
  398.5000  1.184E+00  1.227E+00  1.243E+00  1.234E+00  1.198E+00
  399.5000  1.232E+00  1.276E+00  1.293E+00  1.283E+00  1.246E+00
  400.5000  1.295E+00  1.341E+00  1.359E+00  1.349E+00  1.310E+00
  401.5000  1.332E+00  1.380E+00  1.398E+00  1.387E+00  1.348E+00
  402.5000  1.383E+00  1.432E+00  1.451E+00  1.440E+00  1.399E+00
  403.5000  1.266E+00  1.311E+00  1.328E+00  1.318E+00  1.280E+00
  404.5000  1.241E+00  1.285E+00  1.302E+00  1.292E+00  1.255E+00
  405.5000  1.289E+00  1.335E+00  1.353E+00  1.342E+00  1.304E+00
  406.5000  1.214E+00  1.257E+00  1.274E+00  1.264E+00  1.228E+00
  407.5000  1.224E+00  1.267E+00  1.284E+00  1.274E+00  1.238E+00
  408.5000  1.363E+00  1.411E+00  1.430E+00  1.419E+00  1.379E+00
  409.5000  1.336E+00  1.383E+00  1.402E+00  1.391E+00  1.352E+00
  410.5000  1.159E+00  1.200E+00  1.215E+00  1.206E+00  1.172E+00
  411.5000  1.393E+00  1.442E+00  1.461E+00  1.450E+00  1.409E+00
  412.5000  1.380E+00  1.429E+00  1.448E+00  1.437E+00  1.396E+00
  413.5000  1.339E+00  1.386E+00  1.404E+00  1.393E+00  1.354E+00
  414.5000  1.376E+00  1.424E+00  1.443E+00  1.432E+00  1.391E+00
  415.5000  1.316E+00  1.362E+00  1.380E+00  1.369E+00  1.331E+00
  416.5000  1.432E+00  1.482E+00  1.501E+00  1.490E+00  1.448E+00
  417.5000  1.309E+00  1.355E+00  1.372E+00  1.362E+00  1.324E+00
  418.5000  1.319E+00  1.365E+00  1.383E+00  1.373E+00  1.334E+00
  419.5000  1.363E+00  1.410E+00  1.429E+00  1.418E+00  1.378E+00
------------------------------------------------------------
Dose rates, W m-2
   1 = UV-B, 280-315 nm                                  
   2 = UV-A, 315-400 nm                                  
   3 = Gaussian, 320 nm, 10 nm FWHM                      
   4 = RB Meter, model 501                               
   5 = DNA damage, in vitro (Setlow, 1974)               
   6 = UV index (WMO, 1994; Webb et al., 2011)           
   7 = Previtamin-D3 (CIE 2006)                          
values at z =      0.000 km
Columns: time, sza, weighting spectra
time, hrs.  sza, deg.          1          2          3          4          5          6          7
   11.0000     30.134  1.982E+00  5.698E+01  3.676E-01  5.957E-01  7.542E-03  1.152E+01  5.779E-01
   11.5000     27.083  2.113E+00  5.915E+01  3.843E-01  6.391E-01  8.345E-03  1.242E+01  6.240E-01
   12.0000     25.803  2.165E+00  6.000E+01  3.909E-01  6.565E-01  8.674E-03  1.278E+01  6.425E-01
   12.5000     26.554  2.135E+00  5.951E+01  3.870E-01  6.464E-01  8.482E-03  1.257E+01  6.317E-01
   13.0000     29.178  2.024E+00  5.768E+01  3.729E-01  6.096E-01  7.795E-03  1.181E+01  5.926E-01
------------------------------------------------------------
