Spectral Irradiance, W m-2 nm-1
values at z =      0.000 km
Columns: wavelength (nm), times (hrs.) or sza (deg.)
    wc, nm     11.000     11.500     12.000     12.500     13.000
    sza =      47.112     45.997     45.571     45.859     46.846
  280.5000  1.330E-20  3.134E-20  4.292E-20  3.472E-20  1.638E-20
  281.5000  1.529E-18  3.335E-18  4.441E-18  3.661E-18  1.849E-18
  282.5000  6.158E-17  1.257E-16  1.634E-16  1.369E-16  7.325E-17
  283.5000  6.153E-16  1.203E-15  1.539E-15  1.304E-15  7.242E-16
  284.5000  2.460E-14  4.448E-14  5.529E-14  4.775E-14  2.841E-14
  285.5000  2.356E-13  4.019E-13  4.892E-13  4.285E-13  2.682E-13
  286.5000  6.032E-12  9.845E-12  1.179E-11  1.044E-11  6.794E-12
  287.5000  8.044E-11  1.267E-10  1.490E-10  1.336E-10  9.078E-11
  288.5000  1.038E-09  1.487E-09  1.762E-09  1.601E-09  1.140E-09
  289.5000  1.109E-08  1.572E-08  1.787E-08  1.639E-08  1.207E-08
  290.5000  7.773E-08  1.067E-07  1.199E-07  1.108E-07  8.395E-08
  291.5000  4.610E-07  6.102E-07  6.766E-07  6.311E-07  4.935E-07
  292.5000  1.850E-06  2.377E-06  2.606E-06  2.449E-06  1.966E-06
  293.5000  8.623E-06  1.078E-05  1.170E-05  1.107E-05  9.103E-06
  294.5000  2.382E-05  2.913E-05  3.137E-05  2.984E-05  2.502E-05
  295.5000  8.903E-05  1.064E-04  1.136E-04  1.087E-04  9.296E-05
  296.5000  2.159E-04  2.531E-04  2.684E-04  2.580E-04  2.244E-04
  297.5000  5.521E-04  6.365E-04  6.707E-04  6.474E-04  5.715E-04
  298.5000  8.391E-04  9.538E-04  9.999E-04  9.686E-04  8.656E-04
  299.5000  2.353E-03  2.640E-03  2.754E-03  2.676E-03  2.420E-03
  300.5000  2.629E-03  2.919E-03  3.034E-03  2.956E-03  2.696E-03
  301.5000  6.311E-03  6.932E-03  7.176E-03  7.011E-03  6.457E-03
  302.5000  8.913E-03  9.719E-03  1.003E-02  9.821E-03  9.102E-03
  303.5000  1.763E-02  1.906E-02  1.962E-02  1.924E-02  1.796E-02
  304.5000  2.101E-02  2.261E-02  2.323E-02  2.281E-02  2.139E-02
  305.5000  3.153E-02  3.368E-02  3.451E-02  3.395E-02  3.204E-02
  306.5000  3.481E-02  3.707E-02  3.794E-02  3.735E-02  3.535E-02
  307.5000  5.579E-02  5.906E-02  6.032E-02  5.947E-02  5.657E-02
  308.5000  6.508E-02  6.873E-02  7.014E-02  6.919E-02  6.595E-02
  309.5000  6.151E-02  6.470E-02  6.593E-02  6.510E-02  6.227E-02
  310.5000  8.806E-02  9.237E-02  9.402E-02  9.291E-02  8.909E-02
  311.5000  1.171E-01  1.226E-01  1.247E-01  1.233E-01  1.185E-01
  312.5000  1.211E-01  1.264E-01  1.284E-01  1.271E-01  1.224E-01
  313.5000  1.394E-01  1.453E-01  1.476E-01  1.461E-01  1.408E-01
  314.5000  1.463E-01  1.521E-01  1.544E-01  1.529E-01  1.477E-01
  315.5000  1.525E-01  1.584E-01  1.607E-01  1.592E-01  1.539E-01
  316.5000  1.577E-01  1.635E-01  1.658E-01  1.642E-01  1.591E-01
  317.5000  2.232E-01  2.315E-01  2.346E-01  2.325E-01  2.252E-01
  318.5000  1.817E-01  1.881E-01  1.904E-01  1.888E-01  1.833E-01
  319.5000  2.233E-01  2.310E-01  2.339E-01  2.319E-01  2.252E-01
  320.5000  2.740E-01  2.828E-01  2.868E-01  2.844E-01  2.762E-01
  321.5000  2.399E-01  2.475E-01  2.504E-01  2.485E-01  2.417E-01
  322.5000  2.362E-01  2.441E-01  2.471E-01  2.451E-01  2.381E-01
  323.5000  2.523E-01  2.602E-01  2.631E-01  2.611E-01  2.542E-01
  324.5000  2.959E-01  3.051E-01  3.086E-01  3.063E-01  2.981E-01
  325.5000  3.304E-01  3.408E-01  3.447E-01  3.420E-01  3.329E-01
  326.5000  4.094E-01  4.216E-01  4.262E-01  4.231E-01  4.123E-01
  327.5000  3.787E-01  3.902E-01  3.945E-01  3.916E-01  3.815E-01
  328.5000  3.500E-01  3.605E-01  3.645E-01  3.618E-01  3.525E-01
  329.5000  4.613E-01  4.747E-01  4.798E-01  4.764E-01  4.646E-01
  330.5000  4.169E-01  4.292E-01  4.338E-01  4.307E-01  4.198E-01
  331.5000  4.116E-01  4.238E-01  4.284E-01  4.253E-01  4.145E-01
  332.5000  4.102E-01  4.220E-01  4.264E-01  4.234E-01  4.130E-01
  333.5000  3.838E-01  3.949E-01  3.991E-01  3.963E-01  3.865E-01
  334.5000  4.301E-01  4.424E-01  4.471E-01  4.439E-01  4.330E-01
  335.5000  4.384E-01  4.508E-01  4.555E-01  4.524E-01  4.414E-01
  336.5000  3.424E-01  3.521E-01  3.558E-01  3.533E-01  3.447E-01
  337.5000  3.746E-01  3.854E-01  3.894E-01  3.867E-01  3.772E-01
  338.5000  3.978E-01  4.090E-01  4.132E-01  4.103E-01  4.005E-01
  339.5000  4.329E-01  4.451E-01  4.496E-01  4.465E-01  4.358E-01
  340.5000  4.621E-01  4.751E-01  4.801E-01  4.767E-01  4.653E-01
  341.5000  4.117E-01  4.232E-01  4.276E-01  4.246E-01  4.145E-01
  342.5000  4.565E-01  4.692E-01  4.740E-01  4.708E-01  4.596E-01
  343.5000  4.739E-01  4.871E-01  4.921E-01  4.888E-01  4.771E-01
  344.5000  3.320E-01  3.412E-01  3.447E-01  3.424E-01  3.342E-01
  345.5000  4.562E-01  4.688E-01  4.736E-01  4.703E-01  4.592E-01
  346.5000  4.262E-01  4.381E-01  4.425E-01  4.395E-01  4.291E-01
  347.5000  4.167E-01  4.282E-01  4.326E-01  4.296E-01  4.195E-01
  348.5000  4.584E-01  4.710E-01  4.758E-01  4.726E-01  4.614E-01
  349.5000  3.842E-01  3.948E-01  3.988E-01  3.961E-01  3.868E-01
  350.5000  5.382E-01  5.530E-01  5.586E-01  5.548E-01  5.418E-01
  351.5000  4.639E-01  4.767E-01  4.815E-01  4.782E-01  4.670E-01
  352.5000  4.186E-01  4.301E-01  4.344E-01  4.315E-01  4.214E-01
  353.5000  5.042E-01  5.180E-01  5.232E-01  5.197E-01  5.075E-01
  354.5000  5.460E-01  5.609E-01  5.665E-01  5.627E-01  5.496E-01
  355.5000  5.104E-01  5.243E-01  5.296E-01  5.260E-01  5.137E-01
  356.5000  4.738E-01  4.867E-01  4.915E-01  4.883E-01  4.769E-01
  357.5000  4.030E-01  4.139E-01  4.181E-01  4.153E-01  4.056E-01
  358.5000  3.111E-01  3.195E-01  3.227E-01  3.206E-01  3.131E-01
  359.5000  5.237E-01  5.379E-01  5.432E-01  5.396E-01  5.271E-01
  360.5000  4.856E-01  4.987E-01  5.036E-01  5.003E-01  4.887E-01
  361.5000  4.379E-01  4.497E-01  4.542E-01  4.512E-01  4.408E-01
  362.5000  5.144E-01  5.283E-01  5.335E-01  5.300E-01  5.177E-01
  363.5000  4.577E-01  4.700E-01  4.747E-01  4.715E-01  4.607E-01
  364.5000  4.994E-01  5.129E-01  5.179E-01  5.145E-01  5.027E-01
  365.5000  6.087E-01  6.250E-01  6.312E-01  6.270E-01  6.126E-01
  366.5000  6.444E-01  6.617E-01  6.682E-01  6.638E-01  6.486E-01
  367.5000  6.120E-01  6.284E-01  6.346E-01  6.304E-01  6.160E-01
  368.5000  5.378E-01  5.521E-01  5.576E-01  5.539E-01  5.412E-01
  369.5000  6.452E-01  6.624E-01  6.689E-01  6.645E-01  6.494E-01
  370.5000  5.856E-01  6.011E-01  6.070E-01  6.030E-01  5.893E-01
  371.5000  6.702E-01  6.880E-01  6.947E-01  6.902E-01  6.745E-01
  372.5000  4.952E-01  5.083E-01  5.132E-01  5.099E-01  4.983E-01
  373.5000  4.477E-01  4.595E-01  4.640E-01  4.610E-01  4.505E-01
  374.5000  4.915E-01  5.044E-01  5.094E-01  5.060E-01  4.946E-01
  375.5000  5.546E-01  5.693E-01  5.748E-01  5.711E-01  5.582E-01
  376.5000  5.540E-01  5.686E-01  5.741E-01  5.704E-01  5.575E-01
  377.5000  6.598E-01  6.772E-01  6.838E-01  6.793E-01  6.640E-01
  378.5000  7.193E-01  7.382E-01  7.454E-01  7.406E-01  7.239E-01
  379.5000  5.323E-01  5.463E-01  5.516E-01  5.480E-01  5.357E-01
  380.5000  6.403E-01  6.571E-01  6.635E-01  6.592E-01  6.444E-01
  381.5000  6.019E-01  6.176E-01  6.236E-01  6.196E-01  6.057E-01
  382.5000  4.011E-01  4.116E-01  4.156E-01  4.129E-01  4.037E-01
  383.5000  3.523E-01  3.615E-01  3.650E-01  3.627E-01  3.545E-01
  384.5000  5.289E-01  5.427E-01  5.479E-01  5.444E-01  5.322E-01
  385.5000  5.234E-01  5.370E-01  5.421E-01  5.387E-01  5.266E-01
  386.5000  5.336E-01  5.475E-01  5.527E-01  5.492E-01  5.370E-01
  387.5000  4.960E-01  5.089E-01  5.138E-01  5.105E-01  4.991E-01
  388.5000  4.973E-01  5.102E-01  5.151E-01  5.118E-01  5.004E-01
  389.5000  6.273E-01  6.436E-01  6.497E-01  6.456E-01  6.312E-01
  390.5000  6.163E-01  6.323E-01  6.383E-01  6.342E-01  6.202E-01
  391.5000  7.313E-01  7.502E-01  7.574E-01  7.526E-01  7.359E-01
  392.5000  5.486E-01  5.627E-01  5.680E-01  5.644E-01  5.520E-01
  393.5000  2.385E-01  2.447E-01  2.470E-01  2.454E-01  2.400E-01
  394.5000  5.614E-01  5.759E-01  5.813E-01  5.777E-01  5.649E-01
  395.5000  7.226E-01  7.411E-01  7.481E-01  7.434E-01  7.270E-01
  396.5000  4.244E-01  4.353E-01  4.394E-01  4.366E-01  4.270E-01
  397.5000  4.898E-01  5.024E-01  5.071E-01  5.039E-01  4.929E-01
  398.5000  8.419E-01  8.635E-01  8.716E-01  8.661E-01  8.471E-01
  399.5000  8.759E-01  8.983E-01  9.068E-01  9.011E-01  8.813E-01
  400.5000  9.211E-01  9.446E-01  9.535E-01  9.475E-01  9.268E-01
  401.5000  9.479E-01  9.721E-01  9.812E-01  9.751E-01  9.537E-01
  402.5000  9.843E-01  1.009E+00  1.019E+00  1.012E+00  9.904E-01
  403.5000  9.012E-01  9.241E-01  9.328E-01  9.269E-01  9.067E-01
  404.5000  8.841E-01  9.065E-01  9.150E-01  9.093E-01  8.895E-01
  405.5000  9.186E-01  9.419E-01  9.507E-01  9.448E-01  9.242E-01
  406.5000  8.655E-01  8.874E-01  8.957E-01  8.901E-01  8.707E-01
  407.5000  8.727E-01  8.948E-01  9.032E-01  8.975E-01  8.781E-01
  408.5000  9.722E-01  9.968E-01  1.006E+00  9.998E-01  9.781E-01
  409.5000  9.533E-01  9.774E-01  9.865E-01  9.803E-01  9.591E-01
  410.5000  8.269E-01  8.478E-01  8.556E-01  8.503E-01  8.319E-01
  411.5000  9.941E-01  1.019E+00  1.029E+00  1.022E+00  1.000E+00
  412.5000  9.856E-01  1.010E+00  1.020E+00  1.013E+00  9.915E-01
  413.5000  9.561E-01  9.801E-01  9.892E-01  9.831E-01  9.619E-01
  414.5000  9.829E-01  1.008E+00  1.017E+00  1.011E+00  9.889E-01
  415.5000  9.403E-01  9.639E-01  9.728E-01  9.668E-01  9.460E-01
  416.5000  1.024E+00  1.049E+00  1.059E+00  1.052E+00  1.030E+00
  417.5000  9.360E-01  9.594E-01  9.683E-01  9.623E-01  9.417E-01
  418.5000  9.436E-01  9.672E-01  9.761E-01  9.701E-01  9.493E-01
  419.5000  9.749E-01  9.993E-01  1.008E+00  1.002E+00  9.808E-01
------------------------------------------------------------
Dose rates, W m-2
   1 = UV-B, 280-315 nm                                  
   2 = UV-A, 315-400 nm                                  
   3 = Gaussian, 320 nm, 10 nm FWHM                      
   4 = RB Meter, model 501                               
   5 = DNA damage, in vitro (Setlow, 1974)               
   6 = UV index (WMO, 1994; Webb et al., 2011)           
   7 = Previtamin-D3 (CIE 2006)                          
values at z =      0.000 km
Columns: time, sza, weighting spectra
time, hrs.  sza, deg.          1          2          3          4          5          6          7
   11.0000     47.112  9.213E-01  3.958E+01  2.310E-01  2.587E-01  2.157E-03  4.810E+00  2.226E-01
   11.5000     45.997  9.680E-01  4.067E+01  2.388E-01  2.724E-01  2.316E-03  5.065E+00  2.361E-01
   12.0000     45.571  9.859E-01  4.108E+01  2.418E-01  2.777E-01  2.377E-03  5.164E+00  2.413E-01
   12.5000     45.859  9.738E-01  4.080E+01  2.398E-01  2.741E-01  2.336E-03  5.097E+00  2.378E-01
   13.0000     46.846  9.324E-01  3.984E+01  2.329E-01  2.620E-01  2.194E-03  4.871E+00  2.258E-01
------------------------------------------------------------
