Spectral Irradiance, W m-2 nm-1
values at z =      0.000 km
Columns: wavelength (nm), times (hrs.) or sza (deg.)
    wc, nm     11.000     11.500     12.000     12.500     13.000
    sza =      14.088      7.223      0.418      6.531     13.397
  280.5000  4.060E-14  7.746E-14  9.692E-14  8.072E-14  4.421E-14
  281.5000  1.219E-12  2.199E-12  2.698E-12  2.283E-12  1.318E-12
  282.5000  1.551E-11  2.663E-11  3.213E-11  2.757E-11  1.665E-11
  283.5000  7.331E-11  1.220E-10  1.456E-10  1.260E-10  7.840E-11
  284.5000  7.497E-10  1.178E-09  1.377E-09  1.212E-09  7.953E-10
  285.5000  2.620E-09  3.943E-09  4.545E-09  4.048E-09  2.765E-09
  286.5000  3.092E-08  4.504E-08  5.132E-08  4.613E-08  3.249E-08
  287.5000  1.770E-07  2.487E-07  2.798E-07  2.542E-07  1.852E-07
  288.5000  8.863E-07  1.197E-06  1.328E-06  1.220E-06  9.220E-07
  289.5000  4.744E-06  6.381E-06  7.014E-06  6.493E-06  5.038E-06
  290.5000  1.944E-05  2.492E-05  2.644E-05  2.532E-05  2.009E-05
  291.5000  6.111E-05  7.624E-05  8.234E-05  7.733E-05  6.291E-05
  292.5000  1.458E-04  1.780E-04  1.907E-04  1.803E-04  1.497E-04
  293.5000  4.171E-04  4.986E-04  5.305E-04  5.043E-04  4.270E-04
  294.5000  7.865E-04  9.249E-04  9.786E-04  9.346E-04  8.035E-04
  295.5000  1.959E-03  2.264E-03  2.381E-03  2.285E-03  1.997E-03
  296.5000  3.394E-03  3.867E-03  4.047E-03  3.873E-03  3.453E-03
  297.5000  6.464E-03  7.272E-03  7.577E-03  7.327E-03  6.565E-03
  298.5000  7.668E-03  8.535E-03  8.860E-03  8.594E-03  7.776E-03
  299.5000  1.702E-02  1.875E-02  1.940E-02  1.878E-02  1.724E-02
  300.5000  1.590E-02  1.739E-02  1.794E-02  1.749E-02  1.609E-02
  301.5000  3.146E-02  3.412E-02  3.509E-02  3.429E-02  3.180E-02
  302.5000  3.913E-02  4.221E-02  4.333E-02  4.241E-02  3.952E-02
  303.5000  6.663E-02  7.140E-02  7.315E-02  7.172E-02  6.724E-02
  304.5000  7.285E-02  7.778E-02  7.957E-02  7.810E-02  7.348E-02
  305.5000  9.619E-02  1.021E-01  1.043E-01  1.025E-01  9.695E-02
  306.5000  1.005E-01  1.064E-01  1.086E-01  1.068E-01  1.012E-01
  307.5000  1.449E-01  1.528E-01  1.556E-01  1.533E-01  1.459E-01
  308.5000  1.623E-01  1.707E-01  1.739E-01  1.714E-01  1.634E-01
  309.5000  1.430E-01  1.501E-01  1.526E-01  1.505E-01  1.440E-01
  310.5000  1.948E-01  2.040E-01  2.073E-01  2.046E-01  1.960E-01
  311.5000  2.507E-01  2.621E-01  2.662E-01  2.628E-01  2.522E-01
  312.5000  2.446E-01  2.550E-01  2.588E-01  2.557E-01  2.459E-01
  313.5000  2.774E-01  2.890E-01  2.932E-01  2.898E-01  2.789E-01
  314.5000  2.771E-01  2.881E-01  2.921E-01  2.888E-01  2.785E-01
  315.5000  2.861E-01  2.974E-01  3.014E-01  2.981E-01  2.876E-01
  316.5000  2.848E-01  2.955E-01  2.993E-01  2.962E-01  2.861E-01
  317.5000  4.026E-01  4.177E-01  4.232E-01  4.187E-01  4.046E-01
  318.5000  3.164E-01  3.278E-01  3.319E-01  3.285E-01  3.179E-01
  319.5000  3.860E-01  3.997E-01  4.046E-01  4.006E-01  3.877E-01
  320.5000  4.694E-01  4.859E-01  4.918E-01  4.870E-01  4.715E-01
  321.5000  3.980E-01  4.114E-01  4.162E-01  4.123E-01  3.998E-01
  322.5000  4.011E-01  4.150E-01  4.200E-01  4.159E-01  4.028E-01
  323.5000  4.122E-01  4.258E-01  4.307E-01  4.267E-01  4.140E-01
  324.5000  4.837E-01  4.997E-01  5.054E-01  5.007E-01  4.858E-01
  325.5000  5.422E-01  5.602E-01  5.666E-01  5.614E-01  5.446E-01
  326.5000  6.546E-01  6.755E-01  6.830E-01  6.768E-01  6.567E-01
  327.5000  6.100E-01  6.296E-01  6.366E-01  6.309E-01  6.125E-01
  328.5000  5.630E-01  5.811E-01  5.876E-01  5.823E-01  5.654E-01
  329.5000  7.279E-01  7.505E-01  7.587E-01  7.522E-01  7.309E-01
  330.5000  6.623E-01  6.832E-01  6.907E-01  6.846E-01  6.650E-01
  331.5000  6.545E-01  6.751E-01  6.826E-01  6.765E-01  6.571E-01
  332.5000  6.430E-01  6.629E-01  6.700E-01  6.642E-01  6.456E-01
  333.5000  6.046E-01  6.234E-01  6.301E-01  6.246E-01  6.070E-01
  334.5000  6.750E-01  6.958E-01  7.033E-01  6.972E-01  6.777E-01
  335.5000  6.832E-01  7.041E-01  7.116E-01  7.055E-01  6.859E-01
  336.5000  5.341E-01  5.505E-01  5.563E-01  5.516E-01  5.362E-01
  337.5000  5.866E-01  6.047E-01  6.111E-01  6.058E-01  5.889E-01
  338.5000  6.182E-01  6.370E-01  6.437E-01  6.382E-01  6.206E-01
  339.5000  6.717E-01  6.921E-01  6.994E-01  6.934E-01  6.743E-01
  340.5000  7.182E-01  7.401E-01  7.479E-01  7.415E-01  7.211E-01
  341.5000  6.373E-01  6.565E-01  6.634E-01  6.578E-01  6.397E-01
  342.5000  7.056E-01  7.269E-01  7.345E-01  7.283E-01  7.084E-01
  343.5000  7.329E-01  7.549E-01  7.628E-01  7.564E-01  7.357E-01
  344.5000  5.136E-01  5.291E-01  5.346E-01  5.301E-01  5.156E-01
  345.5000  7.030E-01  7.240E-01  7.316E-01  7.254E-01  7.057E-01
  346.5000  6.577E-01  6.774E-01  6.844E-01  6.786E-01  6.602E-01
  347.5000  6.423E-01  6.615E-01  6.684E-01  6.628E-01  6.448E-01
  348.5000  7.056E-01  7.266E-01  7.341E-01  7.280E-01  7.083E-01
  349.5000  5.911E-01  6.087E-01  6.150E-01  6.098E-01  5.934E-01
  350.5000  8.273E-01  8.518E-01  8.606E-01  8.534E-01  8.304E-01
  351.5000  7.128E-01  7.339E-01  7.415E-01  7.353E-01  7.155E-01
  352.5000  6.425E-01  6.616E-01  6.684E-01  6.628E-01  6.450E-01
  353.5000  7.731E-01  7.960E-01  8.041E-01  7.975E-01  7.761E-01
  354.5000  8.364E-01  8.610E-01  8.698E-01  8.626E-01  8.395E-01
  355.5000  7.813E-01  8.043E-01  8.125E-01  8.058E-01  7.843E-01
  356.5000  7.248E-01  7.461E-01  7.537E-01  7.475E-01  7.275E-01
  357.5000  6.161E-01  6.342E-01  6.407E-01  6.354E-01  6.184E-01
  358.5000  4.752E-01  4.892E-01  4.941E-01  4.901E-01  4.770E-01
  359.5000  7.995E-01  8.229E-01  8.313E-01  8.244E-01  8.025E-01
  360.5000  7.408E-01  7.624E-01  7.702E-01  7.638E-01  7.436E-01
  361.5000  6.676E-01  6.871E-01  6.940E-01  6.883E-01  6.701E-01
  362.5000  7.836E-01  8.065E-01  8.146E-01  8.080E-01  7.866E-01
  363.5000  6.968E-01  7.171E-01  7.244E-01  7.184E-01  6.995E-01
  364.5000  7.599E-01  7.820E-01  7.899E-01  7.834E-01  7.627E-01
  365.5000  9.256E-01  9.525E-01  9.621E-01  9.542E-01  9.291E-01
  366.5000  9.792E-01  1.008E+00  1.018E+00  1.009E+00  9.829E-01
  367.5000  9.294E-01  9.563E-01  9.659E-01  9.580E-01  9.329E-01
  368.5000  8.162E-01  8.397E-01  8.482E-01  8.413E-01  8.192E-01
  369.5000  9.786E-01  1.007E+00  1.017E+00  1.009E+00  9.823E-01
  370.5000  8.876E-01  9.131E-01  9.223E-01  9.148E-01  8.909E-01
  371.5000  1.015E+00  1.044E+00  1.055E+00  1.046E+00  1.019E+00
  372.5000  7.496E-01  7.712E-01  7.789E-01  7.726E-01  7.524E-01
  373.5000  6.774E-01  6.968E-01  7.037E-01  6.980E-01  6.799E-01
  374.5000  7.432E-01  7.645E-01  7.721E-01  7.658E-01  7.459E-01
  375.5000  8.382E-01  8.622E-01  8.708E-01  8.638E-01  8.413E-01
  376.5000  8.367E-01  8.606E-01  8.692E-01  8.622E-01  8.398E-01
  377.5000  9.961E-01  1.024E+00  1.035E+00  1.026E+00  9.997E-01
  378.5000  1.085E+00  1.116E+00  1.127E+00  1.118E+00  1.089E+00
  379.5000  8.027E-01  8.255E-01  8.337E-01  8.270E-01  8.056E-01
  380.5000  9.650E-01  9.924E-01  1.002E+00  9.942E-01  9.685E-01
  381.5000  9.065E-01  9.322E-01  9.414E-01  9.339E-01  9.098E-01
  382.5000  6.039E-01  6.210E-01  6.271E-01  6.221E-01  6.061E-01
  383.5000  5.301E-01  5.451E-01  5.505E-01  5.461E-01  5.320E-01
  384.5000  7.953E-01  8.178E-01  8.258E-01  8.192E-01  7.982E-01
  385.5000  7.866E-01  8.088E-01  8.167E-01  8.102E-01  7.895E-01
  386.5000  8.016E-01  8.242E-01  8.323E-01  8.257E-01  8.045E-01
  387.5000  7.447E-01  7.657E-01  7.732E-01  7.671E-01  7.474E-01
  388.5000  7.463E-01  7.673E-01  7.748E-01  7.686E-01  7.490E-01
  389.5000  9.409E-01  9.673E-01  9.767E-01  9.690E-01  9.443E-01
  390.5000  9.239E-01  9.498E-01  9.591E-01  9.515E-01  9.272E-01
  391.5000  1.096E+00  1.126E+00  1.137E+00  1.128E+00  1.100E+00
  392.5000  8.215E-01  8.445E-01  8.527E-01  8.460E-01  8.244E-01
  393.5000  3.570E-01  3.670E-01  3.706E-01  3.677E-01  3.583E-01
  394.5000  8.399E-01  8.634E-01  8.718E-01  8.649E-01  8.430E-01
  395.5000  1.080E+00  1.111E+00  1.121E+00  1.113E+00  1.084E+00
  396.5000  6.343E-01  6.520E-01  6.583E-01  6.531E-01  6.366E-01
  397.5000  7.317E-01  7.521E-01  7.594E-01  7.534E-01  7.344E-01
  398.5000  1.257E+00  1.292E+00  1.305E+00  1.294E+00  1.262E+00
  399.5000  1.307E+00  1.344E+00  1.357E+00  1.346E+00  1.312E+00
  400.5000  1.374E+00  1.412E+00  1.426E+00  1.415E+00  1.379E+00
  401.5000  1.413E+00  1.453E+00  1.467E+00  1.455E+00  1.418E+00
  402.5000  1.467E+00  1.508E+00  1.522E+00  1.510E+00  1.472E+00
  403.5000  1.342E+00  1.380E+00  1.393E+00  1.382E+00  1.347E+00
  404.5000  1.316E+00  1.353E+00  1.366E+00  1.355E+00  1.321E+00
  405.5000  1.367E+00  1.405E+00  1.418E+00  1.407E+00  1.372E+00
  406.5000  1.288E+00  1.323E+00  1.336E+00  1.325E+00  1.292E+00
  407.5000  1.298E+00  1.334E+00  1.346E+00  1.336E+00  1.302E+00
  408.5000  1.445E+00  1.485E+00  1.499E+00  1.487E+00  1.450E+00
  409.5000  1.416E+00  1.455E+00  1.469E+00  1.458E+00  1.421E+00
  410.5000  1.228E+00  1.262E+00  1.274E+00  1.264E+00  1.232E+00
  411.5000  1.476E+00  1.516E+00  1.531E+00  1.519E+00  1.481E+00
  412.5000  1.462E+00  1.503E+00  1.517E+00  1.505E+00  1.468E+00
  413.5000  1.418E+00  1.457E+00  1.471E+00  1.459E+00  1.423E+00
  414.5000  1.457E+00  1.497E+00  1.511E+00  1.500E+00  1.462E+00
  415.5000  1.394E+00  1.432E+00  1.445E+00  1.434E+00  1.399E+00
  416.5000  1.516E+00  1.558E+00  1.573E+00  1.561E+00  1.522E+00
  417.5000  1.386E+00  1.424E+00  1.437E+00  1.426E+00  1.391E+00
  418.5000  1.397E+00  1.435E+00  1.448E+00  1.437E+00  1.402E+00
  419.5000  1.443E+00  1.482E+00  1.496E+00  1.484E+00  1.448E+00
------------------------------------------------------------
Dose rates, W m-2
   1 = UV-B, 280-315 nm                                  
   2 = UV-A, 315-400 nm                                  
   3 = Gaussian, 320 nm, 10 nm FWHM                      
   4 = RB Meter, model 501                               
   5 = DNA damage, in vitro (Setlow, 1974)               
   6 = UV index (WMO, 1994; Webb et al., 2011)           
   7 = Previtamin-D3 (CIE 2006)                          
values at z =      0.000 km
Columns: time, sza, weighting spectra
time, hrs.  sza, deg.          1          2          3          4          5          6          7
   11.0000     14.088  2.155E+00  6.085E+01  3.962E-01  6.495E-01  8.332E-03  1.258E+01  6.319E-01
   11.5000      7.223  2.266E+00  6.265E+01  4.102E-01  6.861E-01  9.019E-03  1.334E+01  6.709E-01
   12.0000      0.418  2.306E+00  6.329E+01  4.152E-01  6.995E-01  9.274E-03  1.362E+01  6.852E-01
   12.5000      6.531  2.273E+00  6.277E+01  4.111E-01  6.885E-01  9.059E-03  1.339E+01  6.734E-01
   13.0000     13.397  2.169E+00  6.108E+01  3.980E-01  6.541E-01  8.418E-03  1.268E+01  6.368E-01
------------------------------------------------------------
