Spectral Irradiance, W m-2 nm-1
values at z =      0.000 km
Columns: wavelength (nm), times (hrs.) or sza (deg.)
    wc, nm     11.000     11.500     12.000     12.500     13.000
    sza =      18.248     12.476      9.416     11.489     16.902
  280.5000  1.136E-13  2.436E-13  3.221E-13  2.690E-13  1.397E-13
  281.5000  3.110E-12  6.235E-12  8.047E-12  6.826E-12  3.756E-12
  282.5000  3.651E-11  6.912E-11  8.734E-11  7.510E-11  4.341E-11
  283.5000  1.638E-10  2.988E-10  3.724E-10  3.231E-10  1.928E-10
  284.5000  1.524E-09  2.596E-09  3.157E-09  2.783E-09  1.761E-09
  285.5000  4.963E-09  8.043E-09  9.601E-09  8.564E-09  5.657E-09
  286.5000  5.548E-08  8.650E-08  1.018E-07  9.165E-08  6.257E-08
  287.5000  2.991E-07  4.468E-07  5.149E-07  4.708E-07  3.127E-07
  288.5000  1.402E-06  2.000E-06  2.278E-06  2.094E-06  1.544E-06
  289.5000  7.337E-06  1.012E-05  1.139E-05  1.055E-05  8.005E-06
  290.5000  2.821E-05  3.782E-05  4.213E-05  3.930E-05  3.054E-05
  291.5000  8.474E-05  1.101E-04  1.212E-04  1.139E-04  9.096E-05
  292.5000  1.949E-04  2.466E-04  2.689E-04  2.543E-04  2.077E-04
  293.5000  5.382E-04  6.647E-04  7.183E-04  6.833E-04  5.698E-04
  294.5000  9.871E-04  1.196E-03  1.283E-03  1.226E-03  1.040E-03
  295.5000  2.388E-03  2.834E-03  3.019E-03  2.898E-03  2.477E-03
  296.5000  4.036E-03  4.711E-03  4.987E-03  4.807E-03  4.209E-03
  297.5000  7.523E-03  8.651E-03  9.107E-03  8.810E-03  7.813E-03
  298.5000  8.761E-03  9.949E-03  1.043E-02  1.012E-02  9.067E-03
  299.5000  1.911E-02  2.145E-02  2.238E-02  2.177E-02  1.972E-02
  300.5000  1.762E-02  1.959E-02  2.038E-02  1.987E-02  1.813E-02
  301.5000  3.435E-02  3.783E-02  3.920E-02  3.831E-02  3.526E-02
  302.5000  4.232E-02  4.630E-02  4.787E-02  4.685E-02  4.336E-02
  303.5000  7.124E-02  7.736E-02  7.975E-02  7.820E-02  7.284E-02
  304.5000  7.737E-02  8.365E-02  8.609E-02  8.451E-02  7.902E-02
  305.5000  1.012E-01  1.086E-01  1.116E-01  1.097E-01  1.031E-01
  306.5000  1.052E-01  1.127E-01  1.156E-01  1.137E-01  1.072E-01
  307.5000  1.505E-01  1.603E-01  1.641E-01  1.617E-01  1.531E-01
  308.5000  1.680E-01  1.786E-01  1.827E-01  1.800E-01  1.708E-01
  309.5000  1.473E-01  1.560E-01  1.594E-01  1.572E-01  1.496E-01
  310.5000  1.998E-01  2.111E-01  2.155E-01  2.127E-01  2.028E-01
  311.5000  2.565E-01  2.705E-01  2.759E-01  2.724E-01  2.581E-01
  312.5000  2.491E-01  2.619E-01  2.668E-01  2.637E-01  2.525E-01
  313.5000  2.822E-01  2.965E-01  3.020E-01  2.984E-01  2.860E-01
  314.5000  2.808E-01  2.942E-01  2.994E-01  2.961E-01  2.843E-01
  315.5000  2.897E-01  3.035E-01  3.088E-01  3.053E-01  2.934E-01
  316.5000  2.875E-01  3.005E-01  3.055E-01  3.023E-01  2.909E-01
  317.5000  4.065E-01  4.249E-01  4.319E-01  4.274E-01  4.113E-01
  318.5000  3.185E-01  3.323E-01  3.376E-01  3.342E-01  3.222E-01
  319.5000  3.883E-01  4.050E-01  4.114E-01  4.072E-01  3.927E-01
  320.5000  4.719E-01  4.920E-01  4.996E-01  4.947E-01  4.773E-01
  321.5000  3.991E-01  4.154E-01  4.216E-01  4.176E-01  4.035E-01
  322.5000  4.029E-01  4.198E-01  4.263E-01  4.221E-01  4.074E-01
  323.5000  4.129E-01  4.293E-01  4.356E-01  4.315E-01  4.172E-01
  324.5000  4.845E-01  5.038E-01  5.112E-01  5.064E-01  4.897E-01
  325.5000  5.434E-01  5.651E-01  5.734E-01  5.680E-01  5.491E-01
  326.5000  6.539E-01  6.798E-01  6.894E-01  6.832E-01  6.613E-01
  327.5000  6.103E-01  6.341E-01  6.432E-01  6.373E-01  6.166E-01
  328.5000  5.633E-01  5.853E-01  5.936E-01  5.882E-01  5.692E-01
  329.5000  7.272E-01  7.547E-01  7.652E-01  7.584E-01  7.345E-01
  330.5000  6.621E-01  6.874E-01  6.970E-01  6.906E-01  6.688E-01
  331.5000  6.543E-01  6.793E-01  6.889E-01  6.826E-01  6.610E-01
  332.5000  6.421E-01  6.661E-01  6.753E-01  6.694E-01  6.485E-01
  333.5000  6.040E-01  6.268E-01  6.355E-01  6.298E-01  6.101E-01
  334.5000  6.742E-01  6.994E-01  7.090E-01  7.028E-01  6.809E-01
  335.5000  6.820E-01  7.073E-01  7.169E-01  7.107E-01  6.887E-01
  336.5000  5.333E-01  5.530E-01  5.606E-01  5.557E-01  5.385E-01
  337.5000  5.859E-01  6.077E-01  6.160E-01  6.106E-01  5.917E-01
  338.5000  6.171E-01  6.398E-01  6.485E-01  6.429E-01  6.232E-01
  339.5000  6.705E-01  6.951E-01  7.044E-01  6.984E-01  6.770E-01
  340.5000  7.171E-01  7.434E-01  7.535E-01  7.470E-01  7.241E-01
  341.5000  6.360E-01  6.592E-01  6.681E-01  6.624E-01  6.422E-01
  342.5000  7.042E-01  7.299E-01  7.396E-01  7.333E-01  7.111E-01
  343.5000  7.315E-01  7.581E-01  7.683E-01  7.617E-01  7.386E-01
  344.5000  5.127E-01  5.314E-01  5.385E-01  5.339E-01  5.177E-01
  345.5000  7.015E-01  7.269E-01  7.366E-01  7.303E-01  7.083E-01
  346.5000  6.564E-01  6.802E-01  6.892E-01  6.834E-01  6.627E-01
  347.5000  6.411E-01  6.642E-01  6.731E-01  6.674E-01  6.473E-01
  348.5000  7.042E-01  7.295E-01  7.392E-01  7.329E-01  7.109E-01
  349.5000  5.899E-01  6.111E-01  6.192E-01  6.140E-01  5.956E-01
  350.5000  8.256E-01  8.552E-01  8.665E-01  8.592E-01  8.335E-01
  351.5000  7.114E-01  7.369E-01  7.466E-01  7.403E-01  7.182E-01
  352.5000  6.413E-01  6.642E-01  6.730E-01  6.673E-01  6.474E-01
  353.5000  7.715E-01  7.991E-01  8.096E-01  8.028E-01  7.789E-01
  354.5000  8.346E-01  8.644E-01  8.757E-01  8.684E-01  8.425E-01
  355.5000  7.797E-01  8.074E-01  8.180E-01  8.112E-01  7.871E-01
  356.5000  7.233E-01  7.490E-01  7.588E-01  7.524E-01  7.301E-01
  357.5000  6.148E-01  6.366E-01  6.449E-01  6.396E-01  6.206E-01
  358.5000  4.742E-01  4.910E-01  4.974E-01  4.933E-01  4.787E-01
  359.5000  7.978E-01  8.260E-01  8.368E-01  8.298E-01  8.053E-01
  360.5000  7.392E-01  7.653E-01  7.753E-01  7.688E-01  7.462E-01
  361.5000  6.662E-01  6.896E-01  6.986E-01  6.928E-01  6.724E-01
  362.5000  7.820E-01  8.095E-01  8.200E-01  8.132E-01  7.893E-01
  363.5000  6.954E-01  7.198E-01  7.291E-01  7.231E-01  7.019E-01
  364.5000  7.583E-01  7.849E-01  7.950E-01  7.885E-01  7.654E-01
  365.5000  9.237E-01  9.560E-01  9.683E-01  9.604E-01  9.323E-01
  366.5000  9.772E-01  1.011E+00  1.024E+00  1.016E+00  9.863E-01
  367.5000  9.274E-01  9.598E-01  9.721E-01  9.642E-01  9.361E-01
  368.5000  8.144E-01  8.428E-01  8.536E-01  8.466E-01  8.220E-01
  369.5000  9.766E-01  1.011E+00  1.023E+00  1.015E+00  9.856E-01
  370.5000  8.857E-01  9.165E-01  9.282E-01  9.206E-01  8.939E-01
  371.5000  1.013E+00  1.048E+00  1.062E+00  1.053E+00  1.022E+00
  372.5000  7.480E-01  7.740E-01  7.838E-01  7.774E-01  7.549E-01
  373.5000  6.759E-01  6.993E-01  7.082E-01  7.024E-01  6.821E-01
  374.5000  7.416E-01  7.672E-01  7.770E-01  7.707E-01  7.484E-01
  375.5000  8.364E-01  8.653E-01  8.763E-01  8.692E-01  8.441E-01
  376.5000  8.349E-01  8.637E-01  8.747E-01  8.676E-01  8.426E-01
  377.5000  9.939E-01  1.028E+00  1.041E+00  1.033E+00  1.003E+00
  378.5000  1.083E+00  1.120E+00  1.134E+00  1.125E+00  1.093E+00
  379.5000  8.009E-01  8.284E-01  8.389E-01  8.321E-01  8.083E-01
  380.5000  9.629E-01  9.959E-01  1.008E+00  1.000E+00  9.717E-01
  381.5000  9.045E-01  9.355E-01  9.473E-01  9.397E-01  9.128E-01
  382.5000  6.025E-01  6.231E-01  6.310E-01  6.259E-01  6.080E-01
  383.5000  5.289E-01  5.470E-01  5.539E-01  5.494E-01  5.338E-01
  384.5000  7.935E-01  8.206E-01  8.309E-01  8.242E-01  8.008E-01
  385.5000  7.849E-01  8.116E-01  8.218E-01  8.152E-01  7.920E-01
  386.5000  7.998E-01  8.270E-01  8.374E-01  8.307E-01  8.071E-01
  387.5000  7.431E-01  7.683E-01  7.779E-01  7.717E-01  7.498E-01
  388.5000  7.446E-01  7.699E-01  7.795E-01  7.733E-01  7.514E-01
  389.5000  9.388E-01  9.706E-01  9.827E-01  9.748E-01  9.473E-01
  390.5000  9.218E-01  9.530E-01  9.649E-01  9.572E-01  9.301E-01
  391.5000  1.093E+00  1.130E+00  1.144E+00  1.135E+00  1.103E+00
  392.5000  8.196E-01  8.473E-01  8.578E-01  8.510E-01  8.270E-01
  393.5000  3.563E-01  3.683E-01  3.728E-01  3.699E-01  3.595E-01
  394.5000  8.381E-01  8.663E-01  8.770E-01  8.701E-01  8.456E-01
  395.5000  1.078E+00  1.114E+00  1.128E+00  1.119E+00  1.088E+00
  396.5000  6.329E-01  6.541E-01  6.622E-01  6.570E-01  6.385E-01
  397.5000  7.301E-01  7.546E-01  7.639E-01  7.579E-01  7.366E-01
  398.5000  1.254E+00  1.296E+00  1.312E+00  1.302E+00  1.265E+00
  399.5000  1.304E+00  1.348E+00  1.365E+00  1.354E+00  1.316E+00
  400.5000  1.371E+00  1.417E+00  1.434E+00  1.423E+00  1.383E+00
  401.5000  1.410E+00  1.457E+00  1.475E+00  1.464E+00  1.423E+00
  402.5000  1.464E+00  1.512E+00  1.531E+00  1.519E+00  1.477E+00
  403.5000  1.339E+00  1.384E+00  1.401E+00  1.390E+00  1.351E+00
  404.5000  1.313E+00  1.357E+00  1.374E+00  1.363E+00  1.325E+00
  405.5000  1.364E+00  1.409E+00  1.427E+00  1.416E+00  1.376E+00
  406.5000  1.285E+00  1.327E+00  1.343E+00  1.333E+00  1.296E+00
  407.5000  1.295E+00  1.338E+00  1.354E+00  1.344E+00  1.306E+00
  408.5000  1.442E+00  1.490E+00  1.508E+00  1.496E+00  1.455E+00
  409.5000  1.413E+00  1.460E+00  1.478E+00  1.466E+00  1.426E+00
  410.5000  1.225E+00  1.266E+00  1.281E+00  1.271E+00  1.236E+00
  411.5000  1.472E+00  1.521E+00  1.540E+00  1.528E+00  1.485E+00
  412.5000  1.459E+00  1.507E+00  1.526E+00  1.514E+00  1.472E+00
  413.5000  1.415E+00  1.461E+00  1.479E+00  1.468E+00  1.427E+00
  414.5000  1.454E+00  1.502E+00  1.520E+00  1.508E+00  1.467E+00
  415.5000  1.390E+00  1.436E+00  1.453E+00  1.442E+00  1.403E+00
  416.5000  1.513E+00  1.563E+00  1.582E+00  1.569E+00  1.526E+00
  417.5000  1.383E+00  1.428E+00  1.446E+00  1.434E+00  1.395E+00
  418.5000  1.393E+00  1.439E+00  1.457E+00  1.445E+00  1.406E+00
  419.5000  1.439E+00  1.486E+00  1.504E+00  1.493E+00  1.452E+00
------------------------------------------------------------
Dose rates, W m-2
   1 = UV-B, 280-315 nm                                  
   2 = UV-A, 315-400 nm                                  
   3 = Gaussian, 320 nm, 10 nm FWHM                      
   4 = RB Meter, model 501                               
   5 = DNA damage, in vitro (Setlow, 1974)               
   6 = UV index (WMO, 1994; Webb et al., 2011)           
   7 = Previtamin-D3 (CIE 2006)                          
values at z =      0.000 km
Columns: time, sza, weighting spectra
time, hrs.  sza, deg.          1          2          3          4          5          6          7
   11.0000     18.248  2.227E+00  6.076E+01  3.984E-01  6.772E-01  9.069E-03  1.321E+01  6.647E-01
   11.5000     12.476  2.365E+00  6.293E+01  4.154E-01  7.238E-01  9.989E-03  1.420E+01  7.145E-01
   12.0000      9.416  2.419E+00  6.376E+01  4.219E-01  7.420E-01  1.036E-02  1.458E+01  7.340E-01
   12.5000     11.489  2.384E+00  6.323E+01  4.177E-01  7.302E-01  1.012E-02  1.433E+01  7.214E-01
   13.0000     16.902  2.261E+00  6.134E+01  4.029E-01  6.891E-01  9.304E-03  1.347E+01  6.774E-01
------------------------------------------------------------
