Spectral Irradiance, W m-2 nm-1
values at z =      0.000 km
Columns: wavelength (nm), times (hrs.) or sza (deg.)
    wc, nm     11.000     11.500     12.000     12.500     13.000
    sza =      74.785     74.020     73.725     73.906     74.558
  280.5000  2.775E-32  2.922E-32  2.982E-32  2.945E-32  2.818E-32
  281.5000  2.254E-29  2.376E-29  2.425E-29  2.395E-29  2.290E-29
  282.5000  4.884E-27  5.152E-27  5.260E-27  5.193E-27  4.962E-27
  283.5000  1.449E-25  1.530E-25  1.562E-25  1.542E-25  1.473E-25
  284.5000  4.307E-23  4.552E-23  4.650E-23  4.590E-23  4.378E-23
  285.5000  1.826E-21  1.932E-21  1.975E-21  1.949E-21  1.857E-21
  286.5000  1.470E-19  1.557E-19  1.593E-19  1.571E-19  1.496E-19
  287.5000  7.148E-18  7.583E-18  7.759E-18  7.650E-18  7.274E-18
  288.5000  3.706E-16  3.939E-16  4.034E-16  3.975E-16  3.773E-16
  289.5000  1.089E-14  1.160E-14  1.189E-14  1.171E-14  1.110E-14
  290.5000  1.798E-13  1.918E-13  1.967E-13  1.937E-13  1.833E-13
  291.5000  2.854E-12  3.053E-12  3.135E-12  3.084E-12  2.912E-12
  292.5000  2.596E-11  2.784E-11  2.861E-11  2.813E-11  2.650E-11
  293.5000  2.651E-10  2.851E-10  2.934E-10  2.883E-10  2.708E-10
  294.5000  1.371E-09  1.480E-09  1.524E-09  1.497E-09  1.402E-09
  295.5000  1.016E-08  1.101E-08  1.136E-08  1.114E-08  1.040E-08
  296.5000  4.442E-08  4.839E-08  5.006E-08  4.902E-08  4.555E-08
  297.5000  1.946E-07  2.136E-07  2.217E-07  2.166E-07  2.000E-07
  298.5000  4.777E-07  5.293E-07  5.517E-07  5.378E-07  4.921E-07
  299.5000  2.175E-06  2.444E-06  2.562E-06  2.488E-06  2.250E-06
  300.5000  3.647E-06  4.155E-06  4.382E-06  4.240E-06  3.787E-06
  301.5000  1.430E-05  1.660E-05  1.763E-05  1.698E-05  1.493E-05
  302.5000  2.886E-05  3.391E-05  3.617E-05  3.476E-05  3.025E-05
  303.5000  9.163E-05  1.089E-04  1.166E-04  1.118E-04  9.640E-05
  304.5000  1.470E-04  1.755E-04  1.881E-04  1.803E-04  1.549E-04
  305.5000  3.591E-04  4.290E-04  4.593E-04  4.405E-04  3.787E-04
  306.5000  4.941E-04  5.892E-04  6.302E-04  6.047E-04  5.208E-04
  307.5000  1.247E-03  1.475E-03  1.572E-03  1.512E-03  1.312E-03
  308.5000  1.740E-03  2.049E-03  2.179E-03  2.098E-03  1.828E-03
  309.5000  2.271E-03  2.647E-03  2.803E-03  2.706E-03  2.378E-03
  310.5000  4.119E-03  4.760E-03  5.024E-03  4.861E-03  4.303E-03
  311.5000  6.415E-03  7.368E-03  7.759E-03  7.518E-03  6.690E-03
  312.5000  8.866E-03  1.006E-02  1.054E-02  1.024E-02  9.211E-03
  313.5000  1.092E-02  1.235E-02  1.293E-02  1.257E-02  1.133E-02
  314.5000  1.477E-02  1.651E-02  1.721E-02  1.678E-02  1.528E-02
  315.5000  1.604E-02  1.790E-02  1.864E-02  1.818E-02  1.658E-02
  316.5000  2.025E-02  2.238E-02  2.322E-02  2.270E-02  2.088E-02
  317.5000  2.869E-02  3.170E-02  3.290E-02  3.216E-02  2.957E-02
  318.5000  2.809E-02  3.075E-02  3.180E-02  3.115E-02  2.887E-02
  319.5000  3.575E-02  3.906E-02  4.038E-02  3.957E-02  3.672E-02
  320.5000  4.577E-02  4.991E-02  5.155E-02  5.054E-02  4.699E-02
  321.5000  4.750E-02  5.134E-02  5.285E-02  5.192E-02  4.863E-02
  322.5000  4.103E-02  4.466E-02  4.609E-02  4.521E-02  4.209E-02
  323.5000  5.393E-02  5.805E-02  5.968E-02  5.868E-02  5.514E-02
  324.5000  6.276E-02  6.760E-02  6.951E-02  6.834E-02  6.419E-02
  325.5000  6.823E-02  7.360E-02  7.571E-02  7.441E-02  6.981E-02
  326.5000  9.732E-02  1.042E-01  1.069E-01  1.052E-01  9.935E-02
  327.5000  8.606E-02  9.237E-02  9.485E-02  9.332E-02  8.792E-02
  328.5000  7.969E-02  8.553E-02  8.782E-02  8.641E-02  8.141E-02
  329.5000  1.166E-01  1.245E-01  1.276E-01  1.257E-01  1.190E-01
  330.5000  1.010E-01  1.080E-01  1.108E-01  1.091E-01  1.031E-01
  331.5000  9.888E-02  1.058E-01  1.086E-01  1.069E-01  1.009E-01
  332.5000  1.063E-01  1.133E-01  1.161E-01  1.144E-01  1.084E-01
  333.5000  9.635E-02  1.029E-01  1.055E-01  1.039E-01  9.828E-02
  334.5000  1.098E-01  1.172E-01  1.201E-01  1.183E-01  1.120E-01
  335.5000  1.162E-01  1.237E-01  1.267E-01  1.248E-01  1.184E-01
  336.5000  8.982E-02  9.572E-02  9.802E-02  9.660E-02  9.156E-02
  337.5000  9.589E-02  1.023E-01  1.049E-01  1.033E-01  9.779E-02
  338.5000  1.058E-01  1.127E-01  1.154E-01  1.137E-01  1.078E-01
  339.5000  1.158E-01  1.233E-01  1.262E-01  1.244E-01  1.180E-01
  340.5000  1.220E-01  1.300E-01  1.331E-01  1.312E-01  1.244E-01
  341.5000  1.109E-01  1.181E-01  1.208E-01  1.191E-01  1.130E-01
  342.5000  1.235E-01  1.314E-01  1.345E-01  1.326E-01  1.258E-01
  343.5000  1.275E-01  1.357E-01  1.389E-01  1.369E-01  1.299E-01
  344.5000  8.869E-02  9.447E-02  9.673E-02  9.534E-02  9.040E-02
  345.5000  1.243E-01  1.322E-01  1.353E-01  1.334E-01  1.266E-01
  346.5000  1.149E-01  1.223E-01  1.252E-01  1.235E-01  1.171E-01
  347.5000  1.126E-01  1.198E-01  1.227E-01  1.209E-01  1.147E-01
  348.5000  1.244E-01  1.324E-01  1.356E-01  1.337E-01  1.268E-01
  349.5000  1.043E-01  1.111E-01  1.137E-01  1.121E-01  1.063E-01
  350.5000  1.464E-01  1.558E-01  1.595E-01  1.572E-01  1.492E-01
  351.5000  1.261E-01  1.342E-01  1.374E-01  1.355E-01  1.285E-01
  352.5000  1.140E-01  1.214E-01  1.242E-01  1.225E-01  1.162E-01
  353.5000  1.377E-01  1.466E-01  1.501E-01  1.479E-01  1.403E-01
  354.5000  1.495E-01  1.591E-01  1.629E-01  1.606E-01  1.523E-01
  355.5000  1.399E-01  1.489E-01  1.524E-01  1.503E-01  1.426E-01
  356.5000  1.299E-01  1.383E-01  1.416E-01  1.396E-01  1.324E-01
  357.5000  1.106E-01  1.177E-01  1.205E-01  1.188E-01  1.127E-01
  358.5000  8.551E-02  9.102E-02  9.318E-02  9.185E-02  8.714E-02
  359.5000  1.441E-01  1.534E-01  1.570E-01  1.548E-01  1.468E-01
  360.5000  1.337E-01  1.423E-01  1.457E-01  1.436E-01  1.363E-01
  361.5000  1.208E-01  1.286E-01  1.316E-01  1.297E-01  1.231E-01
  362.5000  1.420E-01  1.512E-01  1.548E-01  1.526E-01  1.447E-01
  363.5000  1.265E-01  1.347E-01  1.379E-01  1.359E-01  1.289E-01
  364.5000  1.381E-01  1.470E-01  1.505E-01  1.484E-01  1.408E-01
  365.5000  1.685E-01  1.793E-01  1.836E-01  1.810E-01  1.717E-01
  366.5000  1.785E-01  1.901E-01  1.946E-01  1.918E-01  1.820E-01
  367.5000  1.698E-01  1.807E-01  1.850E-01  1.824E-01  1.730E-01
  368.5000  1.493E-01  1.590E-01  1.627E-01  1.604E-01  1.522E-01
  369.5000  1.793E-01  1.909E-01  1.954E-01  1.926E-01  1.827E-01
  370.5000  1.629E-01  1.734E-01  1.775E-01  1.750E-01  1.660E-01
  371.5000  1.866E-01  1.987E-01  2.034E-01  2.005E-01  1.902E-01
  372.5000  1.380E-01  1.469E-01  1.504E-01  1.483E-01  1.406E-01
  373.5000  1.249E-01  1.330E-01  1.361E-01  1.342E-01  1.273E-01
  374.5000  1.372E-01  1.461E-01  1.496E-01  1.474E-01  1.398E-01
  375.5000  1.550E-01  1.650E-01  1.689E-01  1.665E-01  1.580E-01
  376.5000  1.550E-01  1.650E-01  1.689E-01  1.665E-01  1.579E-01
  377.5000  1.848E-01  1.967E-01  2.014E-01  1.985E-01  1.883E-01
  378.5000  2.016E-01  2.147E-01  2.198E-01  2.166E-01  2.055E-01
  379.5000  1.493E-01  1.590E-01  1.628E-01  1.605E-01  1.522E-01
  380.5000  1.798E-01  1.915E-01  1.960E-01  1.932E-01  1.833E-01
  381.5000  1.692E-01  1.801E-01  1.844E-01  1.818E-01  1.724E-01
  382.5000  1.129E-01  1.202E-01  1.230E-01  1.213E-01  1.150E-01
  383.5000  9.924E-02  1.057E-01  1.082E-01  1.066E-01  1.011E-01
  384.5000  1.491E-01  1.588E-01  1.625E-01  1.602E-01  1.520E-01
  385.5000  1.477E-01  1.573E-01  1.610E-01  1.587E-01  1.505E-01
  386.5000  1.508E-01  1.605E-01  1.643E-01  1.620E-01  1.536E-01
  387.5000  1.403E-01  1.494E-01  1.529E-01  1.507E-01  1.430E-01
  388.5000  1.408E-01  1.499E-01  1.534E-01  1.513E-01  1.435E-01
  389.5000  1.777E-01  1.893E-01  1.937E-01  1.910E-01  1.812E-01
  390.5000  1.748E-01  1.861E-01  1.905E-01  1.878E-01  1.782E-01
  391.5000  2.076E-01  2.211E-01  2.263E-01  2.231E-01  2.116E-01
  392.5000  1.559E-01  1.660E-01  1.699E-01  1.675E-01  1.589E-01
  393.5000  6.786E-02  7.226E-02  7.397E-02  7.292E-02  6.916E-02
  394.5000  1.599E-01  1.702E-01  1.743E-01  1.718E-01  1.629E-01
  395.5000  2.060E-01  2.193E-01  2.245E-01  2.213E-01  2.099E-01
  396.5000  1.211E-01  1.289E-01  1.320E-01  1.301E-01  1.234E-01
  397.5000  1.399E-01  1.490E-01  1.525E-01  1.503E-01  1.426E-01
  398.5000  2.407E-01  2.563E-01  2.624E-01  2.587E-01  2.454E-01
  399.5000  2.507E-01  2.669E-01  2.733E-01  2.694E-01  2.555E-01
  400.5000  2.639E-01  2.810E-01  2.876E-01  2.836E-01  2.690E-01
  401.5000  2.719E-01  2.895E-01  2.963E-01  2.921E-01  2.771E-01
  402.5000  2.826E-01  3.009E-01  3.080E-01  3.036E-01  2.880E-01
  403.5000  2.590E-01  2.757E-01  2.823E-01  2.783E-01  2.640E-01
  404.5000  2.544E-01  2.708E-01  2.772E-01  2.733E-01  2.592E-01
  405.5000  2.646E-01  2.817E-01  2.883E-01  2.842E-01  2.696E-01
  406.5000  2.495E-01  2.656E-01  2.719E-01  2.680E-01  2.543E-01
  407.5000  2.518E-01  2.681E-01  2.745E-01  2.706E-01  2.567E-01
  408.5000  2.808E-01  2.990E-01  3.060E-01  3.017E-01  2.862E-01
  409.5000  2.756E-01  2.934E-01  3.004E-01  2.961E-01  2.809E-01
  410.5000  2.393E-01  2.548E-01  2.608E-01  2.571E-01  2.439E-01
  411.5000  2.880E-01  3.066E-01  3.139E-01  3.094E-01  2.935E-01
  412.5000  2.859E-01  3.043E-01  3.115E-01  3.071E-01  2.913E-01
  413.5000  2.776E-01  2.955E-01  3.025E-01  2.982E-01  2.829E-01
  414.5000  2.857E-01  3.041E-01  3.113E-01  3.069E-01  2.911E-01
  415.5000  2.736E-01  2.912E-01  2.981E-01  2.939E-01  2.788E-01
  416.5000  2.981E-01  3.173E-01  3.248E-01  3.202E-01  3.038E-01
  417.5000  2.728E-01  2.904E-01  2.973E-01  2.931E-01  2.781E-01
  418.5000  2.753E-01  2.931E-01  3.000E-01  2.957E-01  2.806E-01
  419.5000  2.848E-01  3.031E-01  3.103E-01  3.059E-01  2.902E-01
------------------------------------------------------------
Dose rates, W m-2
   1 = UV-B, 280-315 nm                                  
   2 = UV-A, 315-400 nm                                  
   3 = Gaussian, 320 nm, 10 nm FWHM                      
   4 = RB Meter, model 501                               
   5 = DNA damage, in vitro (Setlow, 1974)               
   6 = UV index (WMO, 1994; Webb et al., 2011)           
   7 = Previtamin-D3 (CIE 2006)                          
values at z =      0.000 km
Columns: time, sza, weighting spectra
time, hrs.  sza, deg.          1          2          3          4          5          6          7
   11.0000     74.785  5.149E-02  1.059E+01  4.033E-02  1.863E-02  7.395E-05  4.453E-01  8.432E-03
   11.5000     74.020  5.858E-02  1.129E+01  4.379E-02  2.069E-02  8.283E-05  4.868E-01  9.617E-03
   12.0000     73.725  6.148E-02  1.157E+01  4.516E-02  2.153E-02  8.648E-05  5.035E-01  1.011E-02
   12.5000     73.906  5.969E-02  1.140E+01  4.432E-02  2.101E-02  8.422E-05  4.932E-01  9.804E-03
   13.0000     74.558  5.354E-02  1.080E+01  4.135E-02  1.923E-02  7.651E-05  4.574E-01  8.772E-03
------------------------------------------------------------
