Spectral Irradiance, W m-2 nm-1
values at z =      0.000 km
Columns: wavelength (nm), times (hrs.) or sza (deg.)
    wc, nm     11.000     11.500     12.000     12.500     13.000
    sza =      14.528      7.428      2.469      7.990     15.111
  280.5000  2.325E-13  4.442E-13  5.420E-13  4.288E-13  2.160E-13
  281.5000  5.952E-12  1.075E-11  1.289E-11  1.041E-11  5.567E-12
  282.5000  6.600E-11  1.135E-10  1.341E-10  1.102E-10  6.206E-11
  283.5000  2.854E-10  4.756E-10  5.564E-10  4.625E-10  2.693E-10
  284.5000  2.481E-09  3.903E-09  4.487E-09  3.808E-09  2.357E-09
  285.5000  7.688E-09  1.159E-08  1.315E-08  1.134E-08  7.339E-09
  286.5000  8.274E-08  1.207E-07  1.356E-07  1.183E-07  7.927E-08
  287.5000  4.277E-07  6.019E-07  6.686E-07  5.907E-07  4.114E-07
  288.5000  1.915E-06  2.592E-06  2.844E-06  2.549E-06  1.851E-06
  289.5000  9.702E-06  1.276E-05  1.388E-05  1.257E-05  9.405E-06
  290.5000  3.629E-05  4.661E-05  5.034E-05  4.598E-05  3.528E-05
  291.5000  1.057E-04  1.322E-04  1.416E-04  1.306E-04  1.031E-04
  292.5000  2.371E-04  2.900E-04  3.085E-04  2.868E-04  2.318E-04
  293.5000  6.398E-04  7.663E-04  8.101E-04  7.588E-04  6.268E-04
  294.5000  1.152E-03  1.358E-03  1.428E-03  1.346E-03  1.131E-03
  295.5000  2.734E-03  3.167E-03  3.313E-03  3.141E-03  2.689E-03
  296.5000  4.550E-03  5.194E-03  5.411E-03  5.157E-03  4.482E-03
  297.5000  8.363E-03  9.429E-03  9.784E-03  9.367E-03  8.250E-03
  298.5000  9.628E-03  1.074E-02  1.111E-02  1.068E-02  9.509E-03
  299.5000  2.078E-02  2.295E-02  2.366E-02  2.282E-02  2.054E-02
  300.5000  1.900E-02  2.082E-02  2.142E-02  2.071E-02  1.880E-02
  301.5000  3.671E-02  3.990E-02  4.094E-02  3.972E-02  3.637E-02
  302.5000  4.497E-02  4.861E-02  4.979E-02  4.840E-02  4.458E-02
  303.5000  7.520E-02  8.076E-02  8.256E-02  8.045E-02  7.460E-02
  304.5000  8.136E-02  8.706E-02  8.889E-02  8.673E-02  8.074E-02
  305.5000  1.058E-01  1.126E-01  1.147E-01  1.122E-01  1.050E-01
  306.5000  1.097E-01  1.165E-01  1.187E-01  1.161E-01  1.090E-01
  307.5000  1.563E-01  1.651E-01  1.680E-01  1.646E-01  1.553E-01
  308.5000  1.742E-01  1.837E-01  1.868E-01  1.832E-01  1.731E-01
  309.5000  1.522E-01  1.601E-01  1.626E-01  1.596E-01  1.514E-01
  310.5000  2.042E-01  2.162E-01  2.195E-01  2.157E-01  2.050E-01
  311.5000  2.642E-01  2.768E-01  2.808E-01  2.761E-01  2.628E-01
  312.5000  2.559E-01  2.674E-01  2.711E-01  2.668E-01  2.546E-01
  313.5000  2.898E-01  3.026E-01  3.067E-01  3.019E-01  2.883E-01
  314.5000  2.877E-01  2.998E-01  3.037E-01  2.991E-01  2.864E-01
  315.5000  2.968E-01  3.092E-01  3.131E-01  3.085E-01  2.955E-01
  316.5000  2.941E-01  3.058E-01  3.095E-01  3.051E-01  2.928E-01
  317.5000  4.158E-01  4.323E-01  4.376E-01  4.314E-01  4.139E-01
  318.5000  3.253E-01  3.378E-01  3.417E-01  3.371E-01  3.240E-01
  319.5000  3.965E-01  4.115E-01  4.163E-01  4.107E-01  3.948E-01
  320.5000  4.818E-01  4.998E-01  5.055E-01  4.988E-01  4.798E-01
  321.5000  4.069E-01  4.216E-01  4.262E-01  4.207E-01  4.053E-01
  322.5000  4.113E-01  4.264E-01  4.313E-01  4.256E-01  4.096E-01
  323.5000  4.207E-01  4.355E-01  4.402E-01  4.347E-01  4.191E-01
  324.5000  4.938E-01  5.112E-01  5.167E-01  5.102E-01  4.906E-01
  325.5000  5.539E-01  5.734E-01  5.796E-01  5.723E-01  5.517E-01
  326.5000  6.665E-01  6.893E-01  6.964E-01  6.880E-01  6.634E-01
  327.5000  6.217E-01  6.431E-01  6.499E-01  6.419E-01  6.193E-01
  328.5000  5.738E-01  5.936E-01  5.998E-01  5.925E-01  5.717E-01
  329.5000  7.402E-01  7.650E-01  7.728E-01  7.636E-01  7.374E-01
  330.5000  6.742E-01  6.969E-01  7.041E-01  6.956E-01  6.716E-01
  331.5000  6.663E-01  6.888E-01  6.959E-01  6.875E-01  6.638E-01
  332.5000  6.535E-01  6.752E-01  6.820E-01  6.739E-01  6.511E-01
  333.5000  6.149E-01  6.354E-01  6.417E-01  6.342E-01  6.126E-01
  334.5000  6.863E-01  7.090E-01  7.162E-01  7.077E-01  6.837E-01
  335.5000  6.941E-01  7.168E-01  7.240E-01  7.155E-01  6.915E-01
  336.5000  5.428E-01  5.606E-01  5.662E-01  5.596E-01  5.408E-01
  337.5000  5.964E-01  6.161E-01  6.223E-01  6.150E-01  5.942E-01
  338.5000  6.280E-01  6.485E-01  6.550E-01  6.473E-01  6.257E-01
  339.5000  6.823E-01  7.045E-01  7.115E-01  7.032E-01  6.798E-01
  340.5000  7.298E-01  7.536E-01  7.611E-01  7.522E-01  7.272E-01
  341.5000  6.473E-01  6.682E-01  6.749E-01  6.670E-01  6.449E-01
  342.5000  7.167E-01  7.398E-01  7.471E-01  7.385E-01  7.141E-01
  343.5000  7.445E-01  7.685E-01  7.761E-01  7.671E-01  7.418E-01
  344.5000  5.218E-01  5.387E-01  5.440E-01  5.377E-01  5.200E-01
  345.5000  7.139E-01  7.368E-01  7.441E-01  7.355E-01  7.114E-01
  346.5000  6.681E-01  6.895E-01  6.963E-01  6.883E-01  6.657E-01
  347.5000  6.525E-01  6.734E-01  6.800E-01  6.722E-01  6.501E-01
  348.5000  7.167E-01  7.396E-01  7.468E-01  7.383E-01  7.141E-01
  349.5000  6.004E-01  6.196E-01  6.257E-01  6.185E-01  5.983E-01
  350.5000  8.403E-01  8.671E-01  8.756E-01  8.655E-01  8.373E-01
  351.5000  7.240E-01  7.471E-01  7.544E-01  7.458E-01  7.215E-01
  352.5000  6.527E-01  6.734E-01  6.800E-01  6.722E-01  6.504E-01
  353.5000  7.853E-01  8.102E-01  8.181E-01  8.088E-01  7.825E-01
  354.5000  8.495E-01  8.764E-01  8.849E-01  8.749E-01  8.465E-01
  355.5000  7.936E-01  8.187E-01  8.266E-01  8.172E-01  7.908E-01
  356.5000  7.362E-01  7.594E-01  7.668E-01  7.581E-01  7.336E-01
  357.5000  6.258E-01  6.455E-01  6.518E-01  6.444E-01  6.236E-01
  358.5000  4.827E-01  4.979E-01  5.027E-01  4.970E-01  4.810E-01
  359.5000  8.121E-01  8.376E-01  8.457E-01  8.362E-01  8.093E-01
  360.5000  7.525E-01  7.761E-01  7.835E-01  7.747E-01  7.498E-01
  361.5000  6.781E-01  6.994E-01  7.061E-01  6.981E-01  6.758E-01
  362.5000  7.960E-01  8.209E-01  8.288E-01  8.195E-01  7.932E-01
  363.5000  7.079E-01  7.299E-01  7.369E-01  7.287E-01  7.054E-01
  364.5000  7.719E-01  7.960E-01  8.036E-01  7.946E-01  7.692E-01
  365.5000  9.403E-01  9.695E-01  9.788E-01  9.679E-01  9.370E-01
  366.5000  9.948E-01  1.026E+00  1.035E+00  1.024E+00  9.913E-01
  367.5000  9.441E-01  9.734E-01  9.827E-01  9.718E-01  9.409E-01
  368.5000  8.291E-01  8.548E-01  8.629E-01  8.533E-01  8.262E-01
  369.5000  9.942E-01  1.025E+00  1.035E+00  1.023E+00  9.907E-01
  370.5000  9.017E-01  9.295E-01  9.384E-01  9.280E-01  8.986E-01
  371.5000  1.031E+00  1.063E+00  1.073E+00  1.061E+00  1.028E+00
  372.5000  7.616E-01  7.850E-01  7.925E-01  7.837E-01  7.590E-01
  373.5000  6.882E-01  7.093E-01  7.160E-01  7.081E-01  6.858E-01
  374.5000  7.550E-01  7.782E-01  7.856E-01  7.769E-01  7.524E-01
  375.5000  8.516E-01  8.777E-01  8.860E-01  8.762E-01  8.487E-01
  376.5000  8.501E-01  8.762E-01  8.844E-01  8.747E-01  8.472E-01
  377.5000  1.012E+00  1.043E+00  1.053E+00  1.041E+00  1.009E+00
  378.5000  1.103E+00  1.136E+00  1.147E+00  1.134E+00  1.099E+00
  379.5000  8.155E-01  8.404E-01  8.483E-01  8.390E-01  8.127E-01
  380.5000  9.805E-01  1.010E+00  1.020E+00  1.009E+00  9.771E-01
  381.5000  9.211E-01  9.491E-01  9.580E-01  9.475E-01  9.179E-01
  382.5000  6.136E-01  6.322E-01  6.381E-01  6.312E-01  6.115E-01
  383.5000  5.386E-01  5.550E-01  5.602E-01  5.540E-01  5.368E-01
  384.5000  8.081E-01  8.326E-01  8.404E-01  8.312E-01  8.053E-01
  385.5000  7.992E-01  8.235E-01  8.311E-01  8.221E-01  7.965E-01
  386.5000  8.145E-01  8.391E-01  8.469E-01  8.377E-01  8.117E-01
  387.5000  7.567E-01  7.796E-01  7.869E-01  7.783E-01  7.542E-01
  388.5000  7.583E-01  7.812E-01  7.885E-01  7.799E-01  7.558E-01
  389.5000  9.560E-01  9.849E-01  9.940E-01  9.832E-01  9.528E-01
  390.5000  9.388E-01  9.671E-01  9.760E-01  9.655E-01  9.356E-01
  391.5000  1.113E+00  1.147E+00  1.158E+00  1.145E+00  1.110E+00
  392.5000  8.348E-01  8.598E-01  8.678E-01  8.584E-01  8.320E-01
  393.5000  3.628E-01  3.737E-01  3.772E-01  3.731E-01  3.616E-01
  394.5000  8.536E-01  8.791E-01  8.873E-01  8.777E-01  8.507E-01
  395.5000  1.098E+00  1.131E+00  1.141E+00  1.129E+00  1.094E+00
  396.5000  6.446E-01  6.639E-01  6.700E-01  6.628E-01  6.424E-01
  397.5000  7.436E-01  7.658E-01  7.729E-01  7.646E-01  7.411E-01
  398.5000  1.278E+00  1.316E+00  1.328E+00  1.313E+00  1.273E+00
  399.5000  1.329E+00  1.368E+00  1.381E+00  1.366E+00  1.324E+00
  400.5000  1.396E+00  1.438E+00  1.451E+00  1.436E+00  1.392E+00
  401.5000  1.436E+00  1.479E+00  1.493E+00  1.477E+00  1.432E+00
  402.5000  1.491E+00  1.535E+00  1.549E+00  1.533E+00  1.486E+00
  403.5000  1.364E+00  1.405E+00  1.418E+00  1.403E+00  1.360E+00
  404.5000  1.338E+00  1.378E+00  1.390E+00  1.375E+00  1.333E+00
  405.5000  1.390E+00  1.431E+00  1.444E+00  1.428E+00  1.385E+00
  406.5000  1.309E+00  1.347E+00  1.360E+00  1.345E+00  1.304E+00
  407.5000  1.319E+00  1.358E+00  1.370E+00  1.356E+00  1.315E+00
  408.5000  1.469E+00  1.512E+00  1.526E+00  1.510E+00  1.464E+00
  409.5000  1.440E+00  1.482E+00  1.495E+00  1.480E+00  1.435E+00
  410.5000  1.248E+00  1.285E+00  1.297E+00  1.283E+00  1.244E+00
  411.5000  1.500E+00  1.544E+00  1.558E+00  1.542E+00  1.495E+00
  412.5000  1.486E+00  1.530E+00  1.544E+00  1.528E+00  1.482E+00
  413.5000  1.441E+00  1.484E+00  1.497E+00  1.481E+00  1.437E+00
  414.5000  1.481E+00  1.525E+00  1.538E+00  1.522E+00  1.476E+00
  415.5000  1.417E+00  1.458E+00  1.471E+00  1.456E+00  1.412E+00
  416.5000  1.541E+00  1.587E+00  1.601E+00  1.584E+00  1.536E+00
  417.5000  1.409E+00  1.450E+00  1.463E+00  1.448E+00  1.404E+00
  418.5000  1.420E+00  1.461E+00  1.474E+00  1.459E+00  1.415E+00
  419.5000  1.466E+00  1.509E+00  1.523E+00  1.507E+00  1.462E+00
------------------------------------------------------------
Dose rates, W m-2
   1 = UV-B, 280-315 nm                                  
   2 = UV-A, 315-400 nm                                  
   3 = Gaussian, 320 nm, 10 nm FWHM                      
   4 = RB Meter, model 501                               
   5 = DNA damage, in vitro (Setlow, 1974)               
   6 = UV index (WMO, 1994; Webb et al., 2011)           
   7 = Previtamin-D3 (CIE 2006)                          
values at z =      0.000 km
Columns: time, sza, weighting spectra
time, hrs.  sza, deg.          1          2          3          4          5          6          7
   11.0000     14.528  2.306E+00  6.187E+01  4.068E-01  7.053E-01  9.699E-03  1.383E+01  6.955E-01
   11.5000      7.428  2.432E+00  6.384E+01  4.221E-01  7.480E-01  1.056E-02  1.473E+01  7.412E-01
   12.0000      2.469  2.472E+00  6.446E+01  4.269E-01  7.617E-01  1.084E-02  1.502E+01  7.559E-01
   12.5000      7.990  2.425E+00  6.372E+01  4.212E-01  7.456E-01  1.051E-02  1.468E+01  7.386E-01
   13.0000     15.111  2.294E+00  6.165E+01  4.050E-01  7.010E-01  9.609E-03  1.374E+01  6.909E-01
------------------------------------------------------------
