Spectral Irradiance, W m-2 nm-1
values at z =      0.000 km
Columns: wavelength (nm), times (hrs.) or sza (deg.)
    wc, nm     11.000     11.500     12.000     12.500     13.000
    sza =      16.531     10.522      6.908      9.188     14.857
  280.5000  1.555E-13  3.100E-13  4.022E-13  3.458E-13  1.950E-13
  281.5000  4.162E-12  7.811E-12  9.905E-12  8.629E-12  5.115E-12
  282.5000  4.793E-11  8.540E-11  1.062E-10  9.357E-11  5.791E-11
  283.5000  2.124E-10  3.659E-10  4.492E-10  3.988E-10  2.538E-10
  284.5000  1.931E-09  3.129E-09  3.753E-09  3.377E-09  2.262E-09
  285.5000  6.184E-09  9.575E-09  1.129E-08  1.026E-08  7.136E-09
  286.5000  6.824E-08  1.020E-07  1.187E-07  1.087E-07  7.785E-08
  287.5000  3.627E-07  5.217E-07  5.983E-07  5.525E-07  4.086E-07
  288.5000  1.674E-06  2.308E-06  2.606E-06  2.429E-06  1.860E-06
  289.5000  8.662E-06  1.159E-05  1.293E-05  1.214E-05  9.528E-06
  290.5000  3.298E-05  4.302E-05  4.757E-05  4.487E-05  3.598E-05
  291.5000  9.805E-05  1.243E-04  1.359E-04  1.290E-04  1.060E-04
  292.5000  2.235E-04  2.767E-04  2.999E-04  2.862E-04  2.397E-04
  293.5000  6.122E-04  7.412E-04  7.968E-04  7.640E-04  6.517E-04
  294.5000  1.116E-03  1.328E-03  1.418E-03  1.365E-03  1.181E-03
  295.5000  2.680E-03  3.131E-03  3.320E-03  3.209E-03  2.820E-03
  296.5000  4.505E-03  5.183E-03  5.465E-03  5.299E-03  4.716E-03
  297.5000  8.354E-03  9.482E-03  9.948E-03  9.675E-03  8.707E-03
  298.5000  9.688E-03  1.087E-02  1.136E-02  1.107E-02  1.006E-02
  299.5000  2.105E-02  2.337E-02  2.432E-02  2.376E-02  2.178E-02
  300.5000  1.934E-02  2.130E-02  2.210E-02  2.163E-02  1.996E-02
  301.5000  3.759E-02  4.103E-02  4.242E-02  4.160E-02  3.868E-02
  302.5000  4.621E-02  5.015E-02  5.172E-02  5.080E-02  4.746E-02
  303.5000  7.759E-02  8.362E-02  8.603E-02  8.462E-02  7.951E-02
  304.5000  8.415E-02  9.032E-02  9.278E-02  9.134E-02  8.612E-02
  305.5000  1.098E-01  1.171E-01  1.201E-01  1.183E-01  1.121E-01
  306.5000  1.141E-01  1.214E-01  1.243E-01  1.226E-01  1.164E-01
  307.5000  1.629E-01  1.725E-01  1.763E-01  1.741E-01  1.660E-01
  308.5000  1.817E-01  1.921E-01  1.962E-01  1.938E-01  1.850E-01
  309.5000  1.591E-01  1.676E-01  1.710E-01  1.690E-01  1.618E-01
  310.5000  2.156E-01  2.267E-01  2.310E-01  2.285E-01  2.192E-01
  311.5000  2.766E-01  2.903E-01  2.957E-01  2.926E-01  2.810E-01
  312.5000  2.683E-01  2.809E-01  2.858E-01  2.829E-01  2.724E-01
  313.5000  3.039E-01  3.179E-01  3.234E-01  3.202E-01  3.084E-01
  314.5000  3.021E-01  3.153E-01  3.205E-01  3.174E-01  3.064E-01
  315.5000  3.117E-01  3.252E-01  3.304E-01  3.274E-01  3.160E-01
  316.5000  3.091E-01  3.218E-01  3.268E-01  3.239E-01  3.132E-01
  317.5000  4.370E-01  4.550E-01  4.620E-01  4.579E-01  4.428E-01
  318.5000  3.422E-01  3.557E-01  3.610E-01  3.579E-01  3.466E-01
  319.5000  4.172E-01  4.334E-01  4.398E-01  4.361E-01  4.224E-01
  320.5000  5.069E-01  5.265E-01  5.341E-01  5.297E-01  5.133E-01
  321.5000  4.285E-01  4.443E-01  4.505E-01  4.469E-01  4.336E-01
  322.5000  4.327E-01  4.492E-01  4.557E-01  4.519E-01  4.380E-01
  323.5000  4.431E-01  4.591E-01  4.654E-01  4.617E-01  4.483E-01
  324.5000  5.200E-01  5.388E-01  5.462E-01  5.419E-01  5.260E-01
  325.5000  5.832E-01  6.044E-01  6.127E-01  6.078E-01  5.900E-01
  326.5000  7.022E-01  7.266E-01  7.364E-01  7.308E-01  7.101E-01
  327.5000  6.548E-01  6.780E-01  6.870E-01  6.818E-01  6.623E-01
  328.5000  6.044E-01  6.257E-01  6.341E-01  6.292E-01  6.113E-01
  329.5000  7.799E-01  8.067E-01  8.171E-01  8.110E-01  7.885E-01
  330.5000  7.102E-01  7.348E-01  7.444E-01  7.388E-01  7.178E-01
  331.5000  7.018E-01  7.260E-01  7.357E-01  7.301E-01  7.097E-01
  332.5000  6.885E-01  7.119E-01  7.211E-01  7.157E-01  6.961E-01
  333.5000  6.478E-01  6.700E-01  6.786E-01  6.735E-01  6.549E-01
  334.5000  7.229E-01  7.475E-01  7.571E-01  7.515E-01  7.308E-01
  335.5000  7.312E-01  7.558E-01  7.654E-01  7.598E-01  7.392E-01
  336.5000  5.718E-01  5.910E-01  5.985E-01  5.941E-01  5.780E-01
  337.5000  6.282E-01  6.495E-01  6.578E-01  6.529E-01  6.351E-01
  338.5000  6.616E-01  6.837E-01  6.923E-01  6.873E-01  6.687E-01
  339.5000  7.188E-01  7.427E-01  7.521E-01  7.466E-01  7.265E-01
  340.5000  7.687E-01  7.944E-01  8.044E-01  7.986E-01  7.770E-01
  341.5000  6.818E-01  7.044E-01  7.132E-01  7.081E-01  6.891E-01
  342.5000  7.549E-01  7.799E-01  7.896E-01  7.839E-01  7.629E-01
  343.5000  7.841E-01  8.100E-01  8.202E-01  8.142E-01  7.925E-01
  344.5000  5.496E-01  5.678E-01  5.749E-01  5.707E-01  5.555E-01
  345.5000  7.520E-01  7.766E-01  7.863E-01  7.807E-01  7.599E-01
  346.5000  7.036E-01  7.267E-01  7.357E-01  7.305E-01  7.110E-01
  347.5000  6.871E-01  7.097E-01  7.185E-01  7.133E-01  6.944E-01
  348.5000  7.547E-01  7.794E-01  7.891E-01  7.834E-01  7.627E-01
  349.5000  6.323E-01  6.529E-01  6.610E-01  6.563E-01  6.389E-01
  350.5000  8.848E-01  9.137E-01  9.250E-01  9.184E-01  8.941E-01
  351.5000  7.624E-01  7.872E-01  7.969E-01  7.913E-01  7.704E-01
  352.5000  6.872E-01  7.096E-01  7.183E-01  7.132E-01  6.944E-01
  353.5000  8.268E-01  8.536E-01  8.641E-01  8.580E-01  8.355E-01
  354.5000  8.944E-01  9.234E-01  9.347E-01  9.281E-01  9.037E-01
  355.5000  8.355E-01  8.625E-01  8.731E-01  8.669E-01  8.442E-01
  356.5000  7.751E-01  8.001E-01  8.098E-01  8.041E-01  7.831E-01
  357.5000  6.588E-01  6.801E-01  6.883E-01  6.835E-01  6.657E-01
  358.5000  5.082E-01  5.245E-01  5.309E-01  5.272E-01  5.134E-01
  359.5000  8.549E-01  8.823E-01  8.930E-01  8.868E-01  8.637E-01
  360.5000  7.921E-01  8.175E-01  8.274E-01  8.216E-01  8.003E-01
  361.5000  7.138E-01  7.366E-01  7.456E-01  7.404E-01  7.212E-01
  362.5000  8.379E-01  8.646E-01  8.751E-01  8.690E-01  8.465E-01
  363.5000  7.450E-01  7.688E-01  7.781E-01  7.727E-01  7.527E-01
  364.5000  8.125E-01  8.383E-01  8.484E-01  8.425E-01  8.208E-01
  365.5000  9.896E-01  1.021E+00  1.033E+00  1.026E+00  9.997E-01
  366.5000  1.047E+00  1.080E+00  1.093E+00  1.086E+00  1.058E+00
  367.5000  9.936E-01  1.025E+00  1.037E+00  1.030E+00  1.004E+00
  368.5000  8.725E-01  9.001E-01  9.109E-01  9.046E-01  8.814E-01
  369.5000  1.046E+00  1.079E+00  1.092E+00  1.085E+00  1.057E+00
  370.5000  9.488E-01  9.788E-01  9.905E-01  9.836E-01  9.585E-01
  371.5000  1.085E+00  1.119E+00  1.133E+00  1.125E+00  1.096E+00
  372.5000  8.013E-01  8.265E-01  8.364E-01  8.306E-01  8.095E-01
  373.5000  7.241E-01  7.468E-01  7.557E-01  7.505E-01  7.314E-01
  374.5000  7.944E-01  8.193E-01  8.290E-01  8.234E-01  8.024E-01
  375.5000  8.960E-01  9.240E-01  9.350E-01  9.286E-01  9.050E-01
  376.5000  8.944E-01  9.224E-01  9.333E-01  9.269E-01  9.034E-01
  377.5000  1.065E+00  1.098E+00  1.111E+00  1.103E+00  1.075E+00
  378.5000  1.160E+00  1.196E+00  1.210E+00  1.202E+00  1.172E+00
  379.5000  8.579E-01  8.846E-01  8.951E-01  8.890E-01  8.665E-01
  380.5000  1.031E+00  1.063E+00  1.076E+00  1.069E+00  1.042E+00
  381.5000  9.689E-01  9.990E-01  1.011E+00  1.004E+00  9.786E-01
  382.5000  6.454E-01  6.654E-01  6.732E-01  6.687E-01  6.518E-01
  383.5000  5.665E-01  5.841E-01  5.909E-01  5.869E-01  5.722E-01
  384.5000  8.499E-01  8.762E-01  8.865E-01  8.805E-01  8.584E-01
  385.5000  8.406E-01  8.666E-01  8.767E-01  8.708E-01  8.490E-01
  386.5000  8.566E-01  8.830E-01  8.934E-01  8.873E-01  8.651E-01
  387.5000  7.959E-01  8.204E-01  8.300E-01  8.244E-01  8.038E-01
  388.5000  7.975E-01  8.220E-01  8.316E-01  8.260E-01  8.054E-01
  389.5000  1.005E+00  1.036E+00  1.048E+00  1.041E+00  1.015E+00
  390.5000  9.872E-01  1.018E+00  1.029E+00  1.022E+00  9.970E-01
  391.5000  1.171E+00  1.207E+00  1.221E+00  1.213E+00  1.182E+00
  392.5000  8.778E-01  9.047E-01  9.151E-01  9.090E-01  8.864E-01
  393.5000  3.815E-01  3.932E-01  3.977E-01  3.951E-01  3.853E-01
  394.5000  8.975E-01  9.249E-01  9.356E-01  9.294E-01  9.063E-01
  395.5000  1.154E+00  1.190E+00  1.203E+00  1.195E+00  1.166E+00
  396.5000  6.777E-01  6.984E-01  7.064E-01  7.017E-01  6.844E-01
  397.5000  7.818E-01  8.056E-01  8.149E-01  8.095E-01  7.895E-01
  398.5000  1.343E+00  1.384E+00  1.400E+00  1.391E+00  1.356E+00
  399.5000  1.397E+00  1.439E+00  1.456E+00  1.446E+00  1.410E+00
  400.5000  1.468E+00  1.513E+00  1.530E+00  1.520E+00  1.482E+00
  401.5000  1.510E+00  1.556E+00  1.574E+00  1.563E+00  1.525E+00
  402.5000  1.567E+00  1.615E+00  1.633E+00  1.622E+00  1.583E+00
  403.5000  1.434E+00  1.478E+00  1.494E+00  1.485E+00  1.448E+00
  404.5000  1.406E+00  1.449E+00  1.465E+00  1.456E+00  1.420E+00
  405.5000  1.461E+00  1.505E+00  1.522E+00  1.512E+00  1.475E+00
  406.5000  1.375E+00  1.417E+00  1.433E+00  1.424E+00  1.389E+00
  407.5000  1.386E+00  1.428E+00  1.444E+00  1.435E+00  1.400E+00
  408.5000  1.544E+00  1.590E+00  1.608E+00  1.598E+00  1.559E+00
  409.5000  1.513E+00  1.558E+00  1.576E+00  1.566E+00  1.528E+00
  410.5000  1.312E+00  1.351E+00  1.367E+00  1.358E+00  1.324E+00
  411.5000  1.576E+00  1.624E+00  1.642E+00  1.631E+00  1.592E+00
  412.5000  1.562E+00  1.609E+00  1.627E+00  1.616E+00  1.577E+00
  413.5000  1.515E+00  1.560E+00  1.578E+00  1.567E+00  1.529E+00
  414.5000  1.556E+00  1.603E+00  1.621E+00  1.611E+00  1.571E+00
  415.5000  1.488E+00  1.533E+00  1.550E+00  1.540E+00  1.503E+00
  416.5000  1.620E+00  1.668E+00  1.687E+00  1.676E+00  1.635E+00
  417.5000  1.480E+00  1.525E+00  1.542E+00  1.532E+00  1.495E+00
  418.5000  1.492E+00  1.536E+00  1.553E+00  1.543E+00  1.506E+00
  419.5000  1.541E+00  1.586E+00  1.604E+00  1.594E+00  1.555E+00
------------------------------------------------------------
Dose rates, W m-2
   1 = UV-B, 280-315 nm                                  
   2 = UV-A, 315-400 nm                                  
   3 = Gaussian, 320 nm, 10 nm FWHM                      
   4 = RB Meter, model 501                               
   5 = DNA damage, in vitro (Setlow, 1974)               
   6 = UV index (WMO, 1994; Webb et al., 2011)           
   7 = Previtamin-D3 (CIE 2006)                          
values at z =      0.000 km
Columns: time, sza, weighting spectra
time, hrs.  sza, deg.          1          2          3          4          5          6          7
   11.0000     16.531  2.407E+00  6.512E+01  4.280E-01  7.336E-01  9.924E-03  1.434E+01  7.214E-01
   11.5000     10.522  2.543E+00  6.723E+01  4.445E-01  7.794E-01  1.084E-02  1.531E+01  7.705E-01
   12.0000      6.908  2.596E+00  6.806E+01  4.510E-01  7.977E-01  1.121E-02  1.570E+01  7.901E-01
   12.5000      9.188  2.565E+00  6.757E+01  4.472E-01  7.870E-01  1.099E-02  1.547E+01  7.787E-01
   13.0000     14.857  2.451E+00  6.580E+01  4.333E-01  7.482E-01  1.021E-02  1.465E+01  7.371E-01
------------------------------------------------------------
