Spectral Irradiance, W m-2 nm-1
values at z =      0.000 km
Columns: wavelength (nm), times (hrs.) or sza (deg.)
    wc, nm     11.000     11.500     12.000     12.500     13.000
    sza =      53.428     52.960     52.827     53.032     53.568
  280.5000  6.428E-30  1.243E-29  1.495E-29  1.124E-29  5.261E-30
  281.5000  5.327E-27  9.693E-27  1.146E-26  8.845E-27  4.441E-27
  282.5000  1.169E-24  2.019E-24  2.354E-24  1.857E-24  9.898E-25
  283.5000  3.507E-23  5.858E-23  6.765E-23  5.416E-23  3.000E-23
  284.5000  1.043E-20  1.639E-20  1.860E-20  1.529E-20  9.093E-21
  285.5000  4.398E-19  6.600E-19  7.403E-19  6.207E-19  3.887E-19
  286.5000  3.515E-17  5.099E-17  5.660E-17  4.817E-17  3.139E-17
  287.5000  1.680E-15  2.346E-15  2.576E-15  2.229E-15  1.518E-15
  288.5000  8.424E-14  1.128E-13  1.224E-13  1.079E-13  7.708E-14
  289.5000  2.398E-12  3.118E-12  3.356E-12  2.996E-12  2.214E-12
  290.5000  3.829E-11  4.856E-11  5.190E-11  4.682E-11  3.561E-11
  291.5000  5.768E-10  7.113E-10  7.544E-10  6.889E-10  5.412E-10
  292.5000  4.961E-09  5.979E-09  6.300E-09  5.811E-09  4.687E-09
  293.5000  4.738E-08  5.588E-08  5.853E-08  5.449E-08  4.505E-08
  294.5000  2.293E-07  2.659E-07  2.772E-07  2.600E-07  2.191E-07
  295.5000  1.554E-06  1.771E-06  1.837E-06  1.736E-06  1.493E-06
  296.5000  6.173E-06  6.931E-06  7.160E-06  6.809E-06  5.959E-06
  297.5000  2.433E-05  2.697E-05  2.775E-05  2.654E-05  2.358E-05
  298.5000  5.320E-05  5.834E-05  5.986E-05  5.752E-05  5.173E-05
  299.5000  2.103E-04  2.283E-04  2.330E-04  2.255E-04  2.052E-04
  300.5000  3.055E-04  3.290E-04  3.359E-04  3.253E-04  2.987E-04
  301.5000  9.749E-04  1.041E-03  1.060E-03  1.031E-03  9.556E-04
  302.5000  1.659E-03  1.762E-03  1.791E-03  1.745E-03  1.629E-03
  303.5000  4.067E-03  4.312E-03  4.377E-03  4.277E-03  4.021E-03
  304.5000  5.530E-03  5.812E-03  5.894E-03  5.768E-03  5.447E-03
  305.5000  1.002E-02  1.047E-02  1.060E-02  1.040E-02  9.885E-03
  306.5000  1.199E-02  1.250E-02  1.265E-02  1.242E-02  1.184E-02
  307.5000  2.244E-02  2.329E-02  2.353E-02  2.309E-02  2.219E-02
  308.5000  2.777E-02  2.877E-02  2.906E-02  2.862E-02  2.748E-02
  309.5000  2.906E-02  3.002E-02  3.029E-02  2.987E-02  2.877E-02
  310.5000  4.474E-02  4.611E-02  4.650E-02  4.590E-02  4.433E-02
  311.5000  6.243E-02  6.417E-02  6.476E-02  6.393E-02  6.188E-02
  312.5000  7.027E-02  7.212E-02  7.264E-02  7.180E-02  6.971E-02
  313.5000  8.252E-02  8.460E-02  8.526E-02  8.432E-02  8.188E-02
  314.5000  9.311E-02  9.531E-02  9.593E-02  9.497E-02  9.245E-02
  315.5000  9.823E-02  1.005E-01  1.012E-01  1.002E-01  9.754E-02
  316.5000  1.074E-01  1.097E-01  1.104E-01  1.094E-01  1.067E-01
  317.5000  1.522E-01  1.555E-01  1.564E-01  1.550E-01  1.512E-01
  318.5000  1.304E-01  1.330E-01  1.337E-01  1.326E-01  1.296E-01
  319.5000  1.619E-01  1.650E-01  1.659E-01  1.645E-01  1.609E-01
  320.5000  2.010E-01  2.049E-01  2.060E-01  2.043E-01  1.999E-01
  321.5000  1.844E-01  1.876E-01  1.886E-01  1.871E-01  1.834E-01
  322.5000  1.753E-01  1.786E-01  1.795E-01  1.781E-01  1.743E-01
  323.5000  1.981E-01  2.015E-01  2.024E-01  2.010E-01  1.971E-01
  324.5000  2.320E-01  2.359E-01  2.371E-01  2.353E-01  2.308E-01
  325.5000  2.572E-01  2.617E-01  2.629E-01  2.610E-01  2.559E-01
  326.5000  3.311E-01  3.364E-01  3.380E-01  3.356E-01  3.295E-01
  327.5000  3.027E-01  3.077E-01  3.091E-01  3.069E-01  3.012E-01
  328.5000  2.799E-01  2.845E-01  2.858E-01  2.838E-01  2.785E-01
  329.5000  3.796E-01  3.855E-01  3.872E-01  3.846E-01  3.778E-01
  330.5000  3.392E-01  3.446E-01  3.461E-01  3.438E-01  3.376E-01
  331.5000  3.342E-01  3.396E-01  3.411E-01  3.387E-01  3.326E-01
  332.5000  3.400E-01  3.452E-01  3.467E-01  3.444E-01  3.384E-01
  333.5000  3.155E-01  3.204E-01  3.218E-01  3.196E-01  3.140E-01
  334.5000  3.552E-01  3.607E-01  3.622E-01  3.598E-01  3.535E-01
  335.5000  3.657E-01  3.712E-01  3.728E-01  3.704E-01  3.640E-01
  336.5000  2.849E-01  2.892E-01  2.904E-01  2.885E-01  2.836E-01
  337.5000  3.097E-01  3.145E-01  3.158E-01  3.138E-01  3.083E-01
  338.5000  3.323E-01  3.373E-01  3.387E-01  3.365E-01  3.308E-01
  339.5000  3.622E-01  3.677E-01  3.692E-01  3.668E-01  3.606E-01
  340.5000  3.854E-01  3.912E-01  3.928E-01  3.903E-01  3.836E-01
  341.5000  3.452E-01  3.504E-01  3.518E-01  3.496E-01  3.437E-01
  342.5000  3.833E-01  3.889E-01  3.905E-01  3.881E-01  3.815E-01
  343.5000  3.973E-01  4.032E-01  4.049E-01  4.023E-01  3.955E-01
  344.5000  2.779E-01  2.820E-01  2.832E-01  2.814E-01  2.766E-01
  345.5000  3.838E-01  3.894E-01  3.910E-01  3.886E-01  3.821E-01
  346.5000  3.577E-01  3.630E-01  3.644E-01  3.621E-01  3.561E-01
  347.5000  3.499E-01  3.550E-01  3.565E-01  3.542E-01  3.483E-01
  348.5000  3.854E-01  3.911E-01  3.927E-01  3.902E-01  3.837E-01
  349.5000  3.231E-01  3.279E-01  3.292E-01  3.271E-01  3.217E-01
  350.5000  4.529E-01  4.595E-01  4.614E-01  4.585E-01  4.508E-01
  351.5000  3.903E-01  3.960E-01  3.976E-01  3.951E-01  3.886E-01
  352.5000  3.524E-01  3.575E-01  3.590E-01  3.567E-01  3.508E-01
  353.5000  4.248E-01  4.310E-01  4.327E-01  4.300E-01  4.229E-01
  354.5000  4.603E-01  4.670E-01  4.689E-01  4.660E-01  4.583E-01
  355.5000  4.305E-01  4.367E-01  4.385E-01  4.357E-01  4.286E-01
  356.5000  3.997E-01  4.055E-01  4.071E-01  4.046E-01  3.979E-01
  357.5000  3.400E-01  3.449E-01  3.463E-01  3.442E-01  3.385E-01
  358.5000  2.626E-01  2.664E-01  2.675E-01  2.658E-01  2.615E-01
  359.5000  4.422E-01  4.486E-01  4.504E-01  4.476E-01  4.403E-01
  360.5000  4.101E-01  4.160E-01  4.177E-01  4.151E-01  4.083E-01
  361.5000  3.700E-01  3.753E-01  3.768E-01  3.745E-01  3.684E-01
  362.5000  4.348E-01  4.411E-01  4.428E-01  4.401E-01  4.329E-01
  363.5000  3.870E-01  3.926E-01  3.941E-01  3.917E-01  3.853E-01
  364.5000  4.224E-01  4.284E-01  4.301E-01  4.275E-01  4.206E-01
  365.5000  5.149E-01  5.223E-01  5.243E-01  5.211E-01  5.127E-01
  366.5000  5.453E-01  5.530E-01  5.552E-01  5.518E-01  5.429E-01
  367.5000  5.180E-01  5.254E-01  5.275E-01  5.243E-01  5.158E-01
  368.5000  4.553E-01  4.618E-01  4.636E-01  4.608E-01  4.534E-01
  369.5000  5.464E-01  5.542E-01  5.564E-01  5.530E-01  5.441E-01
  370.5000  4.960E-01  5.030E-01  5.050E-01  5.019E-01  4.939E-01
  371.5000  5.678E-01  5.759E-01  5.781E-01  5.746E-01  5.654E-01
  372.5000  4.197E-01  4.256E-01  4.273E-01  4.247E-01  4.179E-01
  373.5000  3.795E-01  3.848E-01  3.864E-01  3.840E-01  3.779E-01
  374.5000  4.167E-01  4.226E-01  4.242E-01  4.217E-01  4.149E-01
  375.5000  4.704E-01  4.770E-01  4.789E-01  4.760E-01  4.684E-01
  376.5000  4.700E-01  4.766E-01  4.784E-01  4.755E-01  4.680E-01
  377.5000  5.599E-01  5.678E-01  5.700E-01  5.666E-01  5.575E-01
  378.5000  6.105E-01  6.191E-01  6.215E-01  6.178E-01  6.079E-01
  379.5000  4.519E-01  4.582E-01  4.600E-01  4.573E-01  4.500E-01
  380.5000  5.437E-01  5.513E-01  5.535E-01  5.502E-01  5.414E-01
  381.5000  5.112E-01  5.183E-01  5.203E-01  5.172E-01  5.090E-01
  382.5000  3.408E-01  3.455E-01  3.469E-01  3.448E-01  3.393E-01
  383.5000  2.994E-01  3.036E-01  3.047E-01  3.029E-01  2.981E-01
  384.5000  4.495E-01  4.557E-01  4.575E-01  4.548E-01  4.476E-01
  385.5000  4.449E-01  4.511E-01  4.529E-01  4.501E-01  4.431E-01
  386.5000  4.538E-01  4.600E-01  4.618E-01  4.591E-01  4.518E-01
  387.5000  4.219E-01  4.277E-01  4.294E-01  4.268E-01  4.201E-01
  388.5000  4.231E-01  4.289E-01  4.306E-01  4.280E-01  4.213E-01
  389.5000  5.338E-01  5.411E-01  5.432E-01  5.400E-01  5.315E-01
  390.5000  5.245E-01  5.318E-01  5.338E-01  5.306E-01  5.223E-01
  391.5000  6.226E-01  6.311E-01  6.335E-01  6.298E-01  6.200E-01
  392.5000  4.671E-01  4.735E-01  4.753E-01  4.725E-01  4.651E-01
  393.5000  2.031E-01  2.059E-01  2.067E-01  2.055E-01  2.023E-01
  394.5000  4.782E-01  4.848E-01  4.866E-01  4.838E-01  4.762E-01
  395.5000  6.156E-01  6.240E-01  6.264E-01  6.227E-01  6.130E-01
  396.5000  3.616E-01  3.666E-01  3.680E-01  3.658E-01  3.601E-01
  397.5000  4.175E-01  4.232E-01  4.248E-01  4.223E-01  4.158E-01
  398.5000  7.177E-01  7.275E-01  7.303E-01  7.260E-01  7.148E-01
  399.5000  7.469E-01  7.570E-01  7.599E-01  7.555E-01  7.438E-01
  400.5000  7.856E-01  7.962E-01  7.993E-01  7.946E-01  7.823E-01
  401.5000  8.086E-01  8.196E-01  8.227E-01  8.179E-01  8.052E-01
  402.5000  8.398E-01  8.512E-01  8.544E-01  8.494E-01  8.363E-01
  403.5000  7.690E-01  7.794E-01  7.824E-01  7.778E-01  7.659E-01
  404.5000  7.546E-01  7.648E-01  7.677E-01  7.632E-01  7.515E-01
  405.5000  7.842E-01  7.948E-01  7.978E-01  7.932E-01  7.810E-01
  406.5000  7.390E-01  7.489E-01  7.517E-01  7.474E-01  7.359E-01
  407.5000  7.453E-01  7.554E-01  7.582E-01  7.538E-01  7.423E-01
  408.5000  8.304E-01  8.416E-01  8.447E-01  8.398E-01  8.270E-01
  409.5000  8.144E-01  8.253E-01  8.284E-01  8.236E-01  8.111E-01
  410.5000  7.065E-01  7.160E-01  7.187E-01  7.146E-01  7.037E-01
  411.5000  8.496E-01  8.610E-01  8.642E-01  8.592E-01  8.461E-01
  412.5000  8.424E-01  8.537E-01  8.569E-01  8.520E-01  8.390E-01
  413.5000  8.174E-01  8.284E-01  8.314E-01  8.267E-01  8.141E-01
  414.5000  8.405E-01  8.517E-01  8.549E-01  8.500E-01  8.371E-01
  415.5000  8.042E-01  8.149E-01  8.180E-01  8.133E-01  8.009E-01
  416.5000  8.756E-01  8.873E-01  8.906E-01  8.855E-01  8.720E-01
  417.5000  8.008E-01  8.114E-01  8.144E-01  8.098E-01  7.975E-01
  418.5000  8.074E-01  8.181E-01  8.211E-01  8.164E-01  8.041E-01
  419.5000  8.343E-01  8.454E-01  8.486E-01  8.437E-01  8.310E-01
------------------------------------------------------------
Dose rates, W m-2
   1 = UV-B, 280-315 nm                                  
   2 = UV-A, 315-400 nm                                  
   3 = Gaussian, 320 nm, 10 nm FWHM                      
   4 = RB Meter, model 501                               
   5 = DNA damage, in vitro (Setlow, 1974)               
   6 = UV index (WMO, 1994; Webb et al., 2011)           
   7 = Previtamin-D3 (CIE 2006)                          
values at z =      0.000 km
Columns: time, sza, weighting spectra
time, hrs.  sza, deg.          1          2          3          4          5          6          7
   11.0000     53.428  4.672E-01  3.310E+01  1.702E-01  1.310E-01  7.482E-04  2.518E+00  9.299E-02
   11.5000     52.960  4.809E-01  3.358E+01  1.734E-01  1.347E-01  7.763E-04  2.584E+00  9.620E-02
   12.0000     52.827  4.850E-01  3.372E+01  1.743E-01  1.358E-01  7.844E-04  2.603E+00  9.713E-02
   12.5000     53.032  4.788E-01  3.351E+01  1.729E-01  1.341E-01  7.718E-04  2.574E+00  9.568E-02
   13.0000     53.568  4.631E-01  3.295E+01  1.692E-01  1.299E-01  7.401E-04  2.498E+00  9.205E-02
------------------------------------------------------------
