Spectral Irradiance, W m-2 nm-1
values at z =      0.000 km
Columns: wavelength (nm), times (hrs.) or sza (deg.)
    wc, nm     11.000     11.500     12.000     12.500     13.000
    sza =      30.134     27.083     25.803     26.554     29.178
  280.5000  1.059E-13  2.343E-13  3.158E-13  2.657E-13  1.376E-13
  281.5000  2.882E-12  5.974E-12  7.842E-12  6.700E-12  3.676E-12
  282.5000  3.394E-11  6.599E-11  8.472E-11  7.331E-11  4.161E-11
  283.5000  1.522E-10  2.847E-10  3.575E-10  3.144E-10  1.871E-10
  284.5000  1.414E-09  2.464E-09  3.036E-09  2.690E-09  1.698E-09
  285.5000  4.601E-09  7.609E-09  9.193E-09  8.240E-09  5.431E-09
  286.5000  5.141E-08  8.166E-08  9.717E-08  8.786E-08  5.988E-08
  287.5000  2.770E-07  4.208E-07  4.924E-07  4.496E-07  3.179E-07
  288.5000  1.298E-06  1.878E-06  2.158E-06  1.991E-06  1.466E-06
  289.5000  6.787E-06  9.486E-06  1.076E-05  1.000E-05  7.579E-06
  290.5000  2.608E-05  3.541E-05  3.972E-05  3.716E-05  2.884E-05
  291.5000  7.833E-05  1.029E-04  1.140E-04  1.074E-04  8.569E-05
  292.5000  1.801E-04  2.302E-04  2.525E-04  2.393E-04  1.952E-04
  293.5000  4.972E-04  6.196E-04  6.731E-04  6.416E-04  5.345E-04
  294.5000  9.118E-04  1.114E-03  1.201E-03  1.150E-03  9.739E-04
  295.5000  2.205E-03  2.637E-03  2.821E-03  2.713E-03  2.339E-03
  296.5000  3.727E-03  4.379E-03  4.654E-03  4.493E-03  3.930E-03
  297.5000  6.945E-03  8.036E-03  8.490E-03  8.224E-03  7.286E-03
  298.5000  8.086E-03  9.236E-03  9.711E-03  9.433E-03  8.448E-03
  299.5000  1.764E-02  1.990E-02  2.083E-02  2.028E-02  1.835E-02
  300.5000  1.626E-02  1.817E-02  1.895E-02  1.849E-02  1.686E-02
  301.5000  3.169E-02  3.506E-02  3.643E-02  3.563E-02  3.276E-02
  302.5000  3.904E-02  4.291E-02  4.447E-02  4.356E-02  4.027E-02
  303.5000  6.572E-02  7.166E-02  7.405E-02  7.266E-02  6.762E-02
  304.5000  7.139E-02  7.748E-02  7.993E-02  7.850E-02  7.333E-02
  305.5000  9.333E-02  1.006E-01  1.035E-01  1.018E-01  9.567E-02
  306.5000  9.708E-02  1.044E-01  1.073E-01  1.056E-01  9.941E-02
  307.5000  1.389E-01  1.485E-01  1.523E-01  1.501E-01  1.420E-01
  308.5000  1.551E-01  1.654E-01  1.695E-01  1.671E-01  1.584E-01
  309.5000  1.360E-01  1.445E-01  1.479E-01  1.459E-01  1.387E-01
  310.5000  1.845E-01  1.956E-01  2.000E-01  1.974E-01  1.881E-01
  311.5000  2.369E-01  2.507E-01  2.561E-01  2.529E-01  2.414E-01
  312.5000  2.301E-01  2.427E-01  2.477E-01  2.448E-01  2.342E-01
  313.5000  2.608E-01  2.748E-01  2.803E-01  2.771E-01  2.653E-01
  314.5000  2.595E-01  2.728E-01  2.774E-01  2.749E-01  2.638E-01
  315.5000  2.679E-01  2.814E-01  2.867E-01  2.836E-01  2.722E-01
  316.5000  2.658E-01  2.787E-01  2.837E-01  2.808E-01  2.700E-01
  317.5000  3.759E-01  3.941E-01  4.012E-01  3.970E-01  3.818E-01
  318.5000  2.946E-01  3.083E-01  3.136E-01  3.105E-01  2.990E-01
  319.5000  3.593E-01  3.757E-01  3.822E-01  3.784E-01  3.646E-01
  320.5000  4.368E-01  4.565E-01  4.643E-01  4.598E-01  4.431E-01
  321.5000  3.694E-01  3.855E-01  3.918E-01  3.881E-01  3.746E-01
  322.5000  3.731E-01  3.898E-01  3.963E-01  3.925E-01  3.785E-01
  323.5000  3.823E-01  3.986E-01  4.050E-01  4.012E-01  3.875E-01
  324.5000  4.488E-01  4.679E-01  4.754E-01  4.710E-01  4.549E-01
  325.5000  5.033E-01  5.249E-01  5.333E-01  5.284E-01  5.103E-01
  326.5000  6.064E-01  6.315E-01  6.413E-01  6.356E-01  6.143E-01
  327.5000  5.656E-01  5.892E-01  5.984E-01  5.930E-01  5.729E-01
  328.5000  5.222E-01  5.439E-01  5.525E-01  5.475E-01  5.292E-01
  329.5000  6.742E-01  7.015E-01  7.122E-01  7.059E-01  6.830E-01
  330.5000  6.140E-01  6.391E-01  6.489E-01  6.432E-01  6.221E-01
  331.5000  6.069E-01  6.316E-01  6.415E-01  6.358E-01  6.150E-01
  332.5000  5.957E-01  6.196E-01  6.289E-01  6.235E-01  6.034E-01
  333.5000  5.605E-01  5.831E-01  5.920E-01  5.868E-01  5.678E-01
  334.5000  6.258E-01  6.508E-01  6.607E-01  6.549E-01  6.339E-01
  335.5000  6.332E-01  6.583E-01  6.681E-01  6.624E-01  6.413E-01
  336.5000  4.952E-01  5.149E-01  5.226E-01  5.181E-01  5.016E-01
  337.5000  5.442E-01  5.659E-01  5.744E-01  5.695E-01  5.512E-01
  338.5000  5.733E-01  5.959E-01  6.047E-01  5.996E-01  5.806E-01
  339.5000  6.230E-01  6.475E-01  6.571E-01  6.515E-01  6.309E-01
  340.5000  6.665E-01  6.927E-01  7.030E-01  6.970E-01  6.749E-01
  341.5000  5.913E-01  6.144E-01  6.235E-01  6.182E-01  5.987E-01
  342.5000  6.548E-01  6.804E-01  6.904E-01  6.846E-01  6.631E-01
  343.5000  6.803E-01  7.069E-01  7.173E-01  7.112E-01  6.889E-01
  344.5000  4.770E-01  4.956E-01  5.029E-01  4.986E-01  4.830E-01
  345.5000  6.527E-01  6.781E-01  6.880E-01  6.822E-01  6.609E-01
  346.5000  6.109E-01  6.346E-01  6.439E-01  6.385E-01  6.185E-01
  347.5000  5.967E-01  6.199E-01  6.289E-01  6.237E-01  6.042E-01
  348.5000  6.556E-01  6.809E-01  6.908E-01  6.851E-01  6.638E-01
  349.5000  5.494E-01  5.706E-01  5.789E-01  5.740E-01  5.562E-01
  350.5000  7.690E-01  7.986E-01  8.102E-01  8.035E-01  7.786E-01
  351.5000  6.627E-01  6.882E-01  6.982E-01  6.924E-01  6.710E-01
  352.5000  5.975E-01  6.205E-01  6.295E-01  6.242E-01  6.050E-01
  353.5000  7.191E-01  7.466E-01  7.574E-01  7.511E-01  7.280E-01
  354.5000  7.780E-01  8.078E-01  8.194E-01  8.127E-01  7.877E-01
  355.5000  7.270E-01  7.547E-01  7.656E-01  7.593E-01  7.359E-01
  356.5000  6.745E-01  7.002E-01  7.103E-01  7.044E-01  6.828E-01
  357.5000  5.735E-01  5.953E-01  6.039E-01  5.989E-01  5.806E-01
  358.5000  4.424E-01  4.593E-01  4.658E-01  4.620E-01  4.479E-01
  359.5000  7.445E-01  7.727E-01  7.838E-01  7.773E-01  7.536E-01
  360.5000  6.899E-01  7.161E-01  7.263E-01  7.203E-01  6.984E-01
  361.5000  6.219E-01  6.454E-01  6.546E-01  6.492E-01  6.295E-01
  362.5000  7.301E-01  7.577E-01  7.685E-01  7.622E-01  7.391E-01
  363.5000  6.494E-01  6.739E-01  6.834E-01  6.779E-01  6.573E-01
  364.5000  7.083E-01  7.349E-01  7.454E-01  7.393E-01  7.169E-01
  365.5000  8.629E-01  8.953E-01  9.080E-01  9.006E-01  8.734E-01
  366.5000  9.131E-01  9.473E-01  9.607E-01  9.529E-01  9.241E-01
  367.5000  8.667E-01  8.992E-01  9.119E-01  9.045E-01  8.772E-01
  368.5000  7.613E-01  7.898E-01  8.009E-01  7.944E-01  7.705E-01
  369.5000  9.130E-01  9.471E-01  9.604E-01  9.527E-01  9.240E-01
  370.5000  8.282E-01  8.591E-01  8.712E-01  8.641E-01  8.382E-01
  371.5000  9.475E-01  9.828E-01  9.966E-01  9.885E-01  9.589E-01
  372.5000  6.997E-01  7.258E-01  7.359E-01  7.300E-01  7.081E-01
  373.5000  6.324E-01  6.559E-01  6.650E-01  6.597E-01  6.400E-01
  374.5000  6.939E-01  7.197E-01  7.297E-01  7.239E-01  7.023E-01
  375.5000  7.828E-01  8.118E-01  8.231E-01  8.166E-01  7.922E-01
  376.5000  7.816E-01  8.105E-01  8.218E-01  8.152E-01  7.909E-01
  377.5000  9.305E-01  9.649E-01  9.784E-01  9.705E-01  9.417E-01
  378.5000  1.014E+00  1.051E+00  1.066E+00  1.058E+00  1.026E+00
  379.5000  7.501E-01  7.778E-01  7.886E-01  7.823E-01  7.591E-01
  380.5000  9.020E-01  9.352E-01  9.482E-01  9.406E-01  9.127E-01
  381.5000  8.475E-01  8.786E-01  8.908E-01  8.837E-01  8.575E-01
  382.5000  5.646E-01  5.853E-01  5.934E-01  5.887E-01  5.713E-01
  383.5000  4.957E-01  5.139E-01  5.210E-01  5.169E-01  5.016E-01
  384.5000  7.438E-01  7.710E-01  7.817E-01  7.755E-01  7.526E-01
  385.5000  7.358E-01  7.627E-01  7.732E-01  7.671E-01  7.445E-01
  386.5000  7.499E-01  7.773E-01  7.880E-01  7.818E-01  7.588E-01
  387.5000  6.969E-01  7.223E-01  7.322E-01  7.264E-01  7.051E-01
  388.5000  6.984E-01  7.239E-01  7.338E-01  7.280E-01  7.067E-01
  389.5000  8.807E-01  9.127E-01  9.252E-01  9.179E-01  8.910E-01
  390.5000  8.649E-01  8.963E-01  9.086E-01  9.014E-01  8.751E-01
  391.5000  1.026E+00  1.063E+00  1.078E+00  1.069E+00  1.038E+00
  392.5000  7.693E-01  7.971E-01  8.080E-01  8.017E-01  7.783E-01
  393.5000  3.344E-01  3.465E-01  3.512E-01  3.485E-01  3.383E-01
  394.5000  7.868E-01  8.152E-01  8.263E-01  8.199E-01  7.960E-01
  395.5000  1.012E+00  1.049E+00  1.063E+00  1.055E+00  1.024E+00
  396.5000  5.943E-01  6.157E-01  6.241E-01  6.192E-01  6.013E-01
  397.5000  6.857E-01  7.104E-01  7.201E-01  7.145E-01  6.937E-01
  398.5000  1.178E+00  1.221E+00  1.237E+00  1.228E+00  1.192E+00
  399.5000  1.225E+00  1.269E+00  1.287E+00  1.277E+00  1.240E+00
  400.5000  1.288E+00  1.334E+00  1.352E+00  1.342E+00  1.303E+00
  401.5000  1.325E+00  1.373E+00  1.391E+00  1.381E+00  1.341E+00
  402.5000  1.376E+00  1.425E+00  1.444E+00  1.433E+00  1.392E+00
  403.5000  1.259E+00  1.304E+00  1.322E+00  1.311E+00  1.274E+00
  404.5000  1.235E+00  1.279E+00  1.296E+00  1.286E+00  1.249E+00
  405.5000  1.283E+00  1.328E+00  1.346E+00  1.336E+00  1.297E+00
  406.5000  1.208E+00  1.251E+00  1.268E+00  1.258E+00  1.222E+00
  407.5000  1.218E+00  1.261E+00  1.278E+00  1.268E+00  1.232E+00
  408.5000  1.356E+00  1.404E+00  1.423E+00  1.412E+00  1.372E+00
  409.5000  1.329E+00  1.377E+00  1.395E+00  1.384E+00  1.345E+00
  410.5000  1.153E+00  1.194E+00  1.210E+00  1.200E+00  1.166E+00
  411.5000  1.386E+00  1.435E+00  1.454E+00  1.443E+00  1.401E+00
  412.5000  1.373E+00  1.422E+00  1.441E+00  1.430E+00  1.389E+00
  413.5000  1.332E+00  1.379E+00  1.397E+00  1.387E+00  1.347E+00
  414.5000  1.369E+00  1.417E+00  1.436E+00  1.425E+00  1.384E+00
  415.5000  1.309E+00  1.355E+00  1.373E+00  1.363E+00  1.324E+00
  416.5000  1.425E+00  1.475E+00  1.495E+00  1.483E+00  1.441E+00
  417.5000  1.302E+00  1.348E+00  1.366E+00  1.356E+00  1.317E+00
  418.5000  1.312E+00  1.359E+00  1.377E+00  1.366E+00  1.327E+00
  419.5000  1.356E+00  1.403E+00  1.422E+00  1.411E+00  1.371E+00
------------------------------------------------------------
Dose rates, W m-2
   1 = UV-B, 280-315 nm                                  
   2 = UV-A, 315-400 nm                                  
   3 = Gaussian, 320 nm, 10 nm FWHM                      
   4 = RB Meter, model 501                               
   5 = DNA damage, in vitro (Setlow, 1974)               
   6 = UV index (WMO, 1994; Webb et al., 2011)           
   7 = Previtamin-D3 (CIE 2006)                          
values at z =      0.000 km
Columns: time, sza, weighting spectra
time, hrs.  sza, deg.          1          2          3          4          5          6          7
   11.0000     30.134  2.057E+00  5.671E+01  3.687E-01  6.255E-01  8.372E-03  1.221E+01  6.136E-01
   11.5000     27.083  2.192E+00  5.888E+01  3.855E-01  6.709E-01  9.264E-03  1.317E+01  6.621E-01
   12.0000     25.803  2.245E+00  5.974E+01  3.921E-01  6.891E-01  9.629E-03  1.355E+01  6.815E-01
   12.5000     26.554  2.214E+00  5.924E+01  3.883E-01  6.785E-01  9.415E-03  1.333E+01  6.702E-01
   13.0000     29.178  2.100E+00  5.741E+01  3.741E-01  6.400E-01  8.654E-03  1.252E+01  6.290E-01
------------------------------------------------------------
