Spectral Irradiance, W m-2 nm-1
values at z =      0.000 km
Columns: wavelength (nm), times (hrs.) or sza (deg.)
    wc, nm     11.000     11.500     12.000     12.500     13.000
    sza =      14.143      7.476      2.162      6.821     13.465
  280.5000  4.412E-12  7.527E-12  9.060E-12  7.788E-12  4.733E-12
  281.5000  8.604E-11  1.402E-10  1.660E-10  1.446E-10  9.175E-11
  282.5000  7.551E-10  1.182E-09  1.381E-09  1.216E-09  8.010E-10
  283.5000  2.805E-09  4.278E-09  4.954E-09  4.395E-09  2.965E-09
  284.5000  1.849E-08  2.690E-08  3.065E-08  2.755E-08  1.942E-08
  285.5000  4.668E-08  6.561E-08  7.384E-08  6.705E-08  4.882E-08
  286.5000  4.292E-07  5.871E-07  6.547E-07  5.990E-07  4.472E-07
  287.5000  1.863E-06  2.474E-06  2.730E-06  2.488E-06  1.934E-06
  288.5000  6.899E-06  8.871E-06  9.681E-06  9.014E-06  7.131E-06
  289.5000  3.050E-05  3.832E-05  4.148E-05  3.888E-05  3.143E-05
  290.5000  1.018E-04  1.254E-04  1.348E-04  1.270E-04  1.046E-04
  291.5000  2.604E-04  3.138E-04  3.349E-04  3.176E-04  2.668E-04
  292.5000  5.251E-04  6.215E-04  6.590E-04  6.282E-04  5.368E-04
  293.5000  1.282E-03  1.491E-03  1.572E-03  1.506E-03  1.307E-03
  294.5000  2.134E-03  2.450E-03  2.571E-03  2.472E-03  2.173E-03
  295.5000  4.658E-03  5.273E-03  5.506E-03  5.315E-03  4.735E-03
  296.5000  7.232E-03  8.091E-03  8.413E-03  8.149E-03  7.339E-03
  297.5000  1.251E-02  1.385E-02  1.435E-02  1.394E-02  1.268E-02
  298.5000  1.368E-02  1.501E-02  1.551E-02  1.510E-02  1.385E-02
  299.5000  2.812E-02  3.061E-02  3.153E-02  3.078E-02  2.843E-02
  300.5000  2.477E-02  2.680E-02  2.754E-02  2.693E-02  2.503E-02
  301.5000  4.598E-02  4.940E-02  5.065E-02  4.963E-02  4.641E-02
  302.5000  5.485E-02  5.867E-02  6.006E-02  5.892E-02  5.533E-02
  303.5000  8.888E-02  9.457E-02  9.664E-02  9.495E-02  8.961E-02
  304.5000  9.444E-02  1.002E-01  1.023E-01  1.006E-01  9.518E-02
  305.5000  1.195E-01  1.262E-01  1.286E-01  1.266E-01  1.204E-01
  306.5000  1.226E-01  1.292E-01  1.316E-01  1.296E-01  1.220E-01
  307.5000  1.708E-01  1.793E-01  1.824E-01  1.798E-01  1.719E-01
  308.5000  1.887E-01  1.978E-01  2.011E-01  1.984E-01  1.898E-01
  309.5000  1.625E-01  1.700E-01  1.726E-01  1.704E-01  1.635E-01
  310.5000  2.177E-01  2.273E-01  2.307E-01  2.279E-01  2.190E-01
  311.5000  2.772E-01  2.890E-01  2.932E-01  2.898E-01  2.787E-01
  312.5000  2.653E-01  2.760E-01  2.798E-01  2.767E-01  2.666E-01
  313.5000  2.995E-01  3.114E-01  3.156E-01  3.121E-01  3.010E-01
  314.5000  2.943E-01  3.054E-01  3.094E-01  3.061E-01  2.957E-01
  315.5000  3.030E-01  3.144E-01  3.185E-01  3.151E-01  3.045E-01
  316.5000  2.977E-01  3.085E-01  3.124E-01  3.092E-01  2.991E-01
  317.5000  4.209E-01  4.361E-01  4.415E-01  4.371E-01  4.229E-01
  318.5000  3.270E-01  3.383E-01  3.424E-01  3.390E-01  3.284E-01
  319.5000  3.979E-01  4.116E-01  4.165E-01  4.125E-01  3.997E-01
  320.5000  4.826E-01  4.991E-01  5.049E-01  5.001E-01  4.847E-01
  321.5000  4.049E-01  4.182E-01  4.229E-01  4.190E-01  4.066E-01
  322.5000  4.113E-01  4.251E-01  4.301E-01  4.260E-01  4.131E-01
  323.5000  4.173E-01  4.308E-01  4.356E-01  4.316E-01  4.189E-01
  324.5000  4.899E-01  5.057E-01  5.113E-01  5.067E-01  4.919E-01
  325.5000  5.501E-01  5.678E-01  5.742E-01  5.690E-01  5.523E-01
  326.5000  6.583E-01  6.789E-01  6.863E-01  6.803E-01  6.609E-01
  327.5000  6.151E-01  6.345E-01  6.415E-01  6.357E-01  6.176E-01
  328.5000  5.677E-01  5.856E-01  5.920E-01  5.868E-01  5.700E-01
  329.5000  7.293E-01  7.517E-01  7.597E-01  7.532E-01  7.321E-01
  330.5000  6.653E-01  6.859E-01  6.933E-01  6.873E-01  6.680E-01
  331.5000  6.576E-01  6.782E-01  6.855E-01  6.796E-01  6.604E-01
  332.5000  6.432E-01  6.628E-01  6.698E-01  6.641E-01  6.458E-01
  333.5000  6.060E-01  6.246E-01  6.312E-01  6.258E-01  6.084E-01
  334.5000  6.759E-01  6.964E-01  7.038E-01  6.978E-01  6.785E-01
  335.5000  6.826E-01  7.032E-01  7.105E-01  7.045E-01  6.852E-01
  336.5000  5.340E-01  5.501E-01  5.559E-01  5.512E-01  5.361E-01
  337.5000  5.874E-01  6.051E-01  6.115E-01  6.063E-01  5.896E-01
  338.5000  6.176E-01  6.361E-01  6.427E-01  6.373E-01  6.199E-01
  339.5000  6.708E-01  6.909E-01  6.981E-01  6.922E-01  6.734E-01
  340.5000  7.179E-01  7.394E-01  7.471E-01  7.408E-01  7.206E-01
  341.5000  6.362E-01  6.551E-01  6.619E-01  6.564E-01  6.386E-01
  342.5000  7.043E-01  7.252E-01  7.327E-01  7.266E-01  7.070E-01
  343.5000  7.318E-01  7.535E-01  7.613E-01  7.549E-01  7.346E-01
  344.5000  5.131E-01  5.283E-01  5.338E-01  5.293E-01  5.150E-01
  345.5000  7.015E-01  7.222E-01  7.296E-01  7.235E-01  7.041E-01
  346.5000  6.567E-01  6.761E-01  6.830E-01  6.773E-01  6.592E-01
  347.5000  6.413E-01  6.602E-01  6.670E-01  6.614E-01  6.437E-01
  348.5000  7.043E-01  7.250E-01  7.324E-01  7.263E-01  7.069E-01
  349.5000  5.900E-01  6.074E-01  6.136E-01  6.085E-01  5.923E-01
  350.5000  8.257E-01  8.499E-01  8.586E-01  8.515E-01  8.288E-01
  351.5000  7.115E-01  7.323E-01  7.398E-01  7.337E-01  7.142E-01
  352.5000  6.414E-01  6.601E-01  6.668E-01  6.613E-01  6.438E-01
  353.5000  7.716E-01  7.941E-01  8.022E-01  7.956E-01  7.745E-01
  354.5000  8.346E-01  8.589E-01  8.676E-01  8.605E-01  8.377E-01
  355.5000  7.797E-01  8.023E-01  8.105E-01  8.038E-01  7.826E-01
  356.5000  7.233E-01  7.443E-01  7.518E-01  7.457E-01  7.260E-01
  357.5000  6.148E-01  6.327E-01  6.390E-01  6.338E-01  6.171E-01
  358.5000  4.742E-01  4.880E-01  4.929E-01  4.889E-01  4.760E-01
  359.5000  7.978E-01  8.209E-01  8.291E-01  8.224E-01  8.008E-01
  360.5000  7.392E-01  7.605E-01  7.682E-01  7.619E-01  7.420E-01
  361.5000  6.662E-01  6.854E-01  6.922E-01  6.866E-01  6.686E-01
  362.5000  7.820E-01  8.045E-01  8.125E-01  8.059E-01  7.849E-01
  363.5000  6.953E-01  7.153E-01  7.225E-01  7.166E-01  6.979E-01
  364.5000  7.583E-01  7.800E-01  7.878E-01  7.814E-01  7.611E-01
  365.5000  9.237E-01  9.501E-01  9.596E-01  9.518E-01  9.271E-01
  366.5000  9.771E-01  1.005E+00  1.015E+00  1.007E+00  9.807E-01
  367.5000  9.274E-01  9.539E-01  9.634E-01  9.556E-01  9.308E-01
  368.5000  8.144E-01  8.376E-01  8.460E-01  8.392E-01  8.174E-01
  369.5000  9.765E-01  1.004E+00  1.014E+00  1.006E+00  9.801E-01
  370.5000  8.857E-01  9.109E-01  9.199E-01  9.125E-01  8.889E-01
  371.5000  1.013E+00  1.042E+00  1.052E+00  1.044E+00  1.017E+00
  372.5000  7.480E-01  7.693E-01  7.769E-01  7.706E-01  7.508E-01
  373.5000  6.759E-01  6.951E-01  7.019E-01  6.963E-01  6.784E-01
  374.5000  7.416E-01  7.626E-01  7.701E-01  7.640E-01  7.443E-01
  375.5000  8.364E-01  8.601E-01  8.685E-01  8.616E-01  8.395E-01
  376.5000  8.350E-01  8.585E-01  8.670E-01  8.601E-01  8.380E-01
  377.5000  9.940E-01  1.022E+00  1.032E+00  1.024E+00  9.976E-01
  378.5000  1.083E+00  1.113E+00  1.124E+00  1.115E+00  1.087E+00
  379.5000  8.010E-01  8.235E-01  8.316E-01  8.250E-01  8.039E-01
  380.5000  9.630E-01  9.900E-01  9.997E-01  9.918E-01  9.665E-01
  381.5000  9.046E-01  9.300E-01  9.391E-01  9.316E-01  9.079E-01
  382.5000  6.026E-01  6.195E-01  6.255E-01  6.206E-01  6.048E-01
  383.5000  5.290E-01  5.438E-01  5.491E-01  5.448E-01  5.309E-01
  384.5000  7.936E-01  8.158E-01  8.237E-01  8.172E-01  7.965E-01
  385.5000  7.850E-01  8.069E-01  8.147E-01  8.083E-01  7.878E-01
  386.5000  7.999E-01  8.222E-01  8.302E-01  8.237E-01  8.028E-01
  387.5000  7.432E-01  7.639E-01  7.713E-01  7.652E-01  7.459E-01
  388.5000  7.447E-01  7.654E-01  7.728E-01  7.668E-01  7.474E-01
  389.5000  9.389E-01  9.650E-01  9.743E-01  9.667E-01  9.423E-01
  390.5000  9.220E-01  9.476E-01  9.567E-01  9.492E-01  9.253E-01
  391.5000  1.094E+00  1.124E+00  1.135E+00  1.126E+00  1.097E+00
  392.5000  8.198E-01  8.425E-01  8.506E-01  8.440E-01  8.227E-01
  393.5000  3.563E-01  3.662E-01  3.697E-01  3.668E-01  3.576E-01
  394.5000  8.383E-01  8.614E-01  8.697E-01  8.629E-01  8.412E-01
  395.5000  1.078E+00  1.108E+00  1.119E+00  1.110E+00  1.082E+00
  396.5000  6.330E-01  6.504E-01  6.567E-01  6.516E-01  6.353E-01
  397.5000  7.303E-01  7.504E-01  7.576E-01  7.517E-01  7.329E-01
  398.5000  1.255E+00  1.289E+00  1.301E+00  1.291E+00  1.259E+00
  399.5000  1.305E+00  1.340E+00  1.353E+00  1.343E+00  1.309E+00
  400.5000  1.371E+00  1.409E+00  1.422E+00  1.411E+00  1.376E+00
  401.5000  1.411E+00  1.449E+00  1.463E+00  1.452E+00  1.416E+00
  402.5000  1.464E+00  1.504E+00  1.518E+00  1.507E+00  1.469E+00
  403.5000  1.340E+00  1.376E+00  1.390E+00  1.379E+00  1.345E+00
  404.5000  1.314E+00  1.350E+00  1.362E+00  1.352E+00  1.318E+00
  405.5000  1.365E+00  1.402E+00  1.415E+00  1.404E+00  1.369E+00
  406.5000  1.285E+00  1.320E+00  1.333E+00  1.322E+00  1.290E+00
  407.5000  1.295E+00  1.331E+00  1.343E+00  1.333E+00  1.300E+00
  408.5000  1.442E+00  1.482E+00  1.496E+00  1.484E+00  1.447E+00
  409.5000  1.414E+00  1.452E+00  1.466E+00  1.455E+00  1.419E+00
  410.5000  1.226E+00  1.259E+00  1.271E+00  1.261E+00  1.230E+00
  411.5000  1.473E+00  1.513E+00  1.527E+00  1.515E+00  1.478E+00
  412.5000  1.460E+00  1.499E+00  1.513E+00  1.502E+00  1.465E+00
  413.5000  1.415E+00  1.454E+00  1.467E+00  1.456E+00  1.420E+00
  414.5000  1.454E+00  1.494E+00  1.508E+00  1.496E+00  1.460E+00
  415.5000  1.391E+00  1.428E+00  1.442E+00  1.431E+00  1.396E+00
  416.5000  1.514E+00  1.554E+00  1.569E+00  1.557E+00  1.519E+00
  417.5000  1.383E+00  1.421E+00  1.434E+00  1.423E+00  1.388E+00
  418.5000  1.394E+00  1.432E+00  1.445E+00  1.434E+00  1.399E+00
  419.5000  1.440E+00  1.479E+00  1.492E+00  1.481E+00  1.445E+00
------------------------------------------------------------
Dose rates, W m-2
   1 = UV-B, 280-315 nm                                  
   2 = UV-A, 315-400 nm                                  
   3 = Gaussian, 320 nm, 10 nm FWHM                      
   4 = RB Meter, model 501                               
   5 = DNA damage, in vitro (Setlow, 1974)               
   6 = UV index (WMO, 1994; Webb et al., 2011)           
   7 = Previtamin-D3 (CIE 2006)                          
values at z =      0.000 km
Columns: time, sza, weighting spectra
time, hrs.  sza, deg.          1          2          3          4          5          6          7
   11.0000     14.143  2.497E+00  6.089E+01  4.079E-01  7.869E-01  1.235E-02  1.583E+01  7.937E-01
   11.5000      7.476  2.619E+00  6.267E+01  4.218E-01  8.298E-01  1.335E-02  1.677E+01  8.401E-01
   12.0000      2.162  2.663E+00  6.331E+01  4.268E-01  8.454E-01  1.372E-02  1.712E+01  8.571E-01
   12.5000      6.821  2.627E+00  6.279E+01  4.227E-01  8.326E-01  1.342E-02  1.683E+01  8.432E-01
   13.0000     13.465  2.512E+00  6.112E+01  4.096E-01  7.918E-01  1.247E-02  1.594E+01  7.988E-01
------------------------------------------------------------
