Spectral Irradiance, W m-2 nm-1
values at z =      0.000 km
Columns: wavelength (nm), times (hrs.) or sza (deg.)
    wc, nm     11.000     11.500     12.000     12.500     13.000
    sza =      82.643     82.408     82.303     82.329     82.482
  280.5000  3.281E-30  3.349E-30  3.380E-30  3.372E-30  3.328E-30
  281.5000  1.632E-27  1.666E-27  1.681E-27  1.677E-27  1.655E-27
  282.5000  2.317E-25  2.366E-25  2.387E-25  2.382E-25  2.350E-25
  283.5000  5.224E-24  5.334E-24  5.384E-24  5.372E-24  5.299E-24
  284.5000  9.391E-22  9.590E-22  9.680E-22  9.658E-22  9.527E-22
  285.5000  2.741E-20  2.800E-20  2.826E-20  2.820E-20  2.781E-20
  286.5000  1.654E-18  1.690E-18  1.706E-18  1.702E-18  1.679E-18
  287.5000  5.830E-17  5.957E-17  6.014E-17  6.000E-17  5.916E-17
  288.5000  2.124E-15  2.171E-15  2.192E-15  2.187E-15  2.156E-15
  289.5000  4.839E-14  4.948E-14  4.997E-14  4.985E-14  4.913E-14
  290.5000  6.430E-13  6.577E-13  6.643E-13  6.626E-13  6.530E-13
  291.5000  7.950E-12  8.136E-12  8.219E-12  8.199E-12  8.077E-12
  292.5000  5.870E-11  6.010E-11  6.073E-11  6.058E-11  5.965E-11
  293.5000  4.902E-10  5.022E-10  5.077E-10  5.063E-10  4.984E-10
  294.5000  2.158E-09  2.212E-09  2.237E-09  2.231E-09  2.195E-09
  295.5000  1.338E-08  1.372E-08  1.388E-08  1.384E-08  1.361E-08
  296.5000  5.008E-08  5.143E-08  5.203E-08  5.188E-08  5.100E-08
  297.5000  1.897E-07  1.950E-07  1.973E-07  1.968E-07  1.933E-07
  298.5000  4.070E-07  4.188E-07  4.241E-07  4.228E-07  4.150E-07
  299.5000  1.602E-06  1.650E-06  1.672E-06  1.666E-06  1.635E-06
  300.5000  2.357E-06  2.431E-06  2.464E-06  2.456E-06  2.407E-06
  301.5000  7.784E-06  8.039E-06  8.155E-06  8.127E-06  7.957E-06
  302.5000  1.374E-05  1.421E-05  1.442E-05  1.437E-05  1.406E-05
  303.5000  3.625E-05  3.758E-05  3.818E-05  3.803E-05  3.715E-05
  304.5000  5.173E-05  5.371E-05  5.461E-05  5.439E-05  5.307E-05
  305.5000  1.051E-04  1.095E-04  1.116E-04  1.111E-04  1.081E-04
  306.5000  1.337E-04  1.397E-04  1.425E-04  1.418E-04  1.378E-04
  307.5000  2.960E-04  3.109E-04  3.179E-04  3.162E-04  3.061E-04
  308.5000  3.968E-04  4.179E-04  4.277E-04  4.253E-04  4.111E-04
  309.5000  4.958E-04  5.246E-04  5.380E-04  5.347E-04  5.153E-04
  310.5000  8.942E-04  9.489E-04  9.744E-04  9.681E-04  9.312E-04
  311.5000  1.404E-03  1.492E-03  1.533E-03  1.523E-03  1.464E-03
  312.5000  2.042E-03  2.173E-03  2.234E-03  2.219E-03  2.131E-03
  313.5000  2.555E-03  2.718E-03  2.794E-03  2.776E-03  2.666E-03
  314.5000  3.771E-03  4.006E-03  4.114E-03  4.088E-03  3.931E-03
  315.5000  4.157E-03  4.414E-03  4.533E-03  4.504E-03  4.332E-03
  316.5000  5.762E-03  6.099E-03  6.253E-03  6.215E-03  5.991E-03
  317.5000  8.145E-03  8.621E-03  8.839E-03  8.786E-03  8.469E-03
  318.5000  8.829E-03  9.304E-03  9.521E-03  9.468E-03  9.152E-03
  319.5000  1.146E-02  1.206E-02  1.234E-02  1.227E-02  1.187E-02
  320.5000  1.503E-02  1.581E-02  1.616E-02  1.608E-02  1.556E-02
  321.5000  1.741E-02  1.821E-02  1.857E-02  1.848E-02  1.795E-02
  322.5000  1.376E-02  1.446E-02  1.478E-02  1.470E-02  1.424E-02
  323.5000  2.077E-02  2.167E-02  2.208E-02  2.198E-02  2.139E-02
  324.5000  2.402E-02  2.506E-02  2.554E-02  2.542E-02  2.473E-02
  325.5000  2.559E-02  2.674E-02  2.726E-02  2.713E-02  2.637E-02
  326.5000  4.032E-02  4.190E-02  4.261E-02  4.244E-02  4.140E-02
  327.5000  3.447E-02  3.588E-02  3.652E-02  3.636E-02  3.543E-02
  328.5000  3.193E-02  3.324E-02  3.383E-02  3.368E-02  3.282E-02
  329.5000  5.043E-02  5.228E-02  5.311E-02  5.291E-02  5.169E-02
  330.5000  4.224E-02  4.387E-02  4.460E-02  4.442E-02  4.335E-02
  331.5000  4.107E-02  4.267E-02  4.339E-02  4.321E-02  4.216E-02
  332.5000  4.669E-02  4.836E-02  4.911E-02  4.893E-02  4.783E-02
  333.5000  4.127E-02  4.281E-02  4.350E-02  4.333E-02  4.232E-02
  334.5000  4.763E-02  4.937E-02  5.015E-02  4.996E-02  4.882E-02
  335.5000  5.174E-02  5.355E-02  5.437E-02  5.417E-02  5.298E-02
  336.5000  3.967E-02  4.108E-02  4.171E-02  4.156E-02  4.063E-02
  337.5000  4.152E-02  4.304E-02  4.373E-02  4.356E-02  4.256E-02
  338.5000  4.714E-02  4.879E-02  4.953E-02  4.935E-02  4.827E-02
  339.5000  5.179E-02  5.358E-02  5.439E-02  5.420E-02  5.301E-02
  340.5000  5.396E-02  5.587E-02  5.672E-02  5.651E-02  5.526E-02
  341.5000  4.976E-02  5.148E-02  5.225E-02  5.206E-02  5.093E-02
  342.5000  5.554E-02  5.745E-02  5.831E-02  5.810E-02  5.684E-02
  343.5000  5.701E-02  5.898E-02  5.987E-02  5.965E-02  5.835E-02
  344.5000  3.942E-02  4.080E-02  4.143E-02  4.127E-02  4.036E-02
  345.5000  5.603E-02  5.794E-02  5.881E-02  5.860E-02  5.733E-02
  346.5000  5.132E-02  5.310E-02  5.391E-02  5.371E-02  5.254E-02
  347.5000  5.031E-02  5.206E-02  5.284E-02  5.265E-02  5.150E-02
  348.5000  5.577E-02  5.769E-02  5.856E-02  5.835E-02  5.708E-02
  349.5000  4.672E-02  4.833E-02  4.906E-02  4.888E-02  4.782E-02
  350.5000  6.558E-02  6.784E-02  6.886E-02  6.861E-02  6.712E-02
  351.5000  5.639E-02  5.834E-02  5.922E-02  5.901E-02  5.772E-02
  352.5000  5.102E-02  5.279E-02  5.358E-02  5.339E-02  5.223E-02
  353.5000  6.171E-02  6.384E-02  6.480E-02  6.456E-02  6.316E-02
  354.5000  6.705E-02  6.936E-02  7.040E-02  7.015E-02  6.863E-02
  355.5000  6.273E-02  6.489E-02  6.586E-02  6.562E-02  6.420E-02
  356.5000  5.824E-02  6.025E-02  6.115E-02  6.093E-02  5.961E-02
  357.5000  4.952E-02  5.123E-02  5.200E-02  5.181E-02  5.069E-02
  358.5000  3.830E-02  3.963E-02  4.022E-02  4.008E-02  3.920E-02
  359.5000  6.451E-02  6.674E-02  6.774E-02  6.749E-02  6.603E-02
  360.5000  5.985E-02  6.191E-02  6.285E-02  6.262E-02  6.126E-02
  361.5000  5.405E-02  5.592E-02  5.676E-02  5.656E-02  5.533E-02
  362.5000  6.356E-02  6.576E-02  6.675E-02  6.651E-02  6.506E-02
  363.5000  5.660E-02  5.855E-02  5.944E-02  5.922E-02  5.793E-02
  364.5000  6.177E-02  6.391E-02  6.487E-02  6.463E-02  6.322E-02
  365.5000  7.528E-02  7.789E-02  7.906E-02  7.877E-02  7.705E-02
  366.5000  7.977E-02  8.254E-02  8.378E-02  8.348E-02  8.165E-02
  367.5000  7.584E-02  7.847E-02  7.966E-02  7.937E-02  7.763E-02
  368.5000  6.667E-02  6.898E-02  7.003E-02  6.977E-02  6.825E-02
  369.5000  8.003E-02  8.281E-02  8.407E-02  8.376E-02  8.193E-02
  370.5000  7.266E-02  7.519E-02  7.633E-02  7.605E-02  7.439E-02
  371.5000  8.321E-02  8.611E-02  8.742E-02  8.710E-02  8.519E-02
  372.5000  6.152E-02  6.367E-02  6.463E-02  6.440E-02  6.298E-02
  373.5000  5.564E-02  5.759E-02  5.846E-02  5.825E-02  5.697E-02
  374.5000  6.111E-02  6.325E-02  6.421E-02  6.397E-02  6.257E-02
  375.5000  6.901E-02  7.143E-02  7.252E-02  7.225E-02  7.066E-02
  376.5000  6.898E-02  7.139E-02  7.248E-02  7.222E-02  7.062E-02
  377.5000  8.221E-02  8.509E-02  8.639E-02  8.607E-02  8.417E-02
  378.5000  8.967E-02  9.282E-02  9.423E-02  9.389E-02  9.181E-02
  379.5000  6.639E-02  6.872E-02  6.977E-02  6.952E-02  6.798E-02
  380.5000  7.991E-02  8.272E-02  8.399E-02  8.368E-02  8.183E-02
  381.5000  7.516E-02  7.780E-02  7.899E-02  7.870E-02  7.696E-02
  382.5000  5.012E-02  5.189E-02  5.268E-02  5.249E-02  5.133E-02
  383.5000  4.405E-02  4.560E-02  4.630E-02  4.613E-02  4.511E-02
  384.5000  6.616E-02  6.850E-02  6.955E-02  6.930E-02  6.776E-02
  385.5000  6.552E-02  6.783E-02  6.888E-02  6.862E-02  6.710E-02
  386.5000  6.684E-02  6.921E-02  7.028E-02  7.002E-02  6.846E-02
  387.5000  6.218E-02  6.438E-02  6.537E-02  6.513E-02  6.368E-02
  388.5000  6.238E-02  6.459E-02  6.559E-02  6.534E-02  6.388E-02
  389.5000  7.873E-02  8.153E-02  8.279E-02  8.248E-02  8.064E-02
  390.5000  7.741E-02  8.016E-02  8.140E-02  8.110E-02  7.928E-02
  391.5000  9.192E-02  9.519E-02  9.667E-02  9.631E-02  9.415E-02
  392.5000  6.899E-02  7.145E-02  7.256E-02  7.229E-02  7.067E-02
  393.5000  3.002E-02  3.109E-02  3.158E-02  3.146E-02  3.075E-02
  394.5000  7.071E-02  7.324E-02  7.438E-02  7.410E-02  7.243E-02
  395.5000  9.107E-02  9.433E-02  9.579E-02  9.543E-02  9.329E-02
  396.5000  5.353E-02  5.545E-02  5.631E-02  5.610E-02  5.484E-02
  397.5000  6.184E-02  6.405E-02  6.505E-02  6.481E-02  6.335E-02
  398.5000  1.064E-01  1.102E-01  1.119E-01  1.115E-01  1.090E-01
  399.5000  1.107E-01  1.147E-01  1.165E-01  1.161E-01  1.135E-01
  400.5000  1.165E-01  1.207E-01  1.226E-01  1.222E-01  1.194E-01
  401.5000  1.200E-01  1.243E-01  1.263E-01  1.258E-01  1.230E-01
  402.5000  1.247E-01  1.292E-01  1.313E-01  1.308E-01  1.278E-01
  403.5000  1.143E-01  1.184E-01  1.203E-01  1.198E-01  1.171E-01
  404.5000  1.122E-01  1.163E-01  1.181E-01  1.177E-01  1.150E-01
  405.5000  1.167E-01  1.209E-01  1.228E-01  1.224E-01  1.196E-01
  406.5000  1.100E-01  1.140E-01  1.158E-01  1.154E-01  1.128E-01
  407.5000  1.110E-01  1.151E-01  1.169E-01  1.164E-01  1.138E-01
  408.5000  1.238E-01  1.283E-01  1.303E-01  1.298E-01  1.269E-01
  409.5000  1.215E-01  1.259E-01  1.279E-01  1.274E-01  1.245E-01
  410.5000  1.055E-01  1.093E-01  1.110E-01  1.106E-01  1.081E-01
  411.5000  1.269E-01  1.315E-01  1.336E-01  1.331E-01  1.301E-01
  412.5000  1.259E-01  1.305E-01  1.326E-01  1.321E-01  1.291E-01
  413.5000  1.223E-01  1.268E-01  1.288E-01  1.283E-01  1.253E-01
  414.5000  1.258E-01  1.304E-01  1.325E-01  1.320E-01  1.290E-01
  415.5000  1.205E-01  1.249E-01  1.269E-01  1.264E-01  1.235E-01
  416.5000  1.313E-01  1.361E-01  1.382E-01  1.377E-01  1.345E-01
  417.5000  1.201E-01  1.245E-01  1.265E-01  1.260E-01  1.231E-01
  418.5000  1.212E-01  1.257E-01  1.277E-01  1.272E-01  1.242E-01
  419.5000  1.254E-01  1.300E-01  1.321E-01  1.315E-01  1.285E-01
------------------------------------------------------------
Dose rates, W m-2
   1 = UV-B, 280-315 nm                                  
   2 = UV-A, 315-400 nm                                  
   3 = Gaussian, 320 nm, 10 nm FWHM                      
   4 = RB Meter, model 501                               
   5 = DNA damage, in vitro (Setlow, 1974)               
   6 = UV index (WMO, 1994; Webb et al., 2011)           
   7 = Previtamin-D3 (CIE 2006)                          
values at z =      0.000 km
Columns: time, sza, weighting spectra
time, hrs.  sza, deg.          1          2          3          4          5          6          7
   11.0000     82.643  1.221E-02  4.651E+00  1.418E-02  5.691E-03  2.328E-05  1.598E-01  2.154E-03
   11.5000     82.408  1.296E-02  4.817E+00  1.485E-02  5.981E-03  2.439E-05  1.668E-01  2.276E-03
   12.0000     82.303  1.331E-02  4.892E+00  1.515E-02  6.113E-03  2.489E-05  1.700E-01  2.332E-03
   12.5000     82.329  1.322E-02  4.874E+00  1.508E-02  6.081E-03  2.477E-05  1.692E-01  2.318E-03
   13.0000     82.482  1.272E-02  4.764E+00  1.463E-02  5.888E-03  2.403E-05  1.646E-01  2.237E-03
------------------------------------------------------------
