Spectral Irradiance, W m-2 nm-1
values at z =      0.000 km
Columns: wavelength (nm), times (hrs.) or sza (deg.)
    wc, nm     11.000     11.500     12.000     12.500     13.000
    sza =      95.493     95.038     94.822     94.848     95.113
  280.5000  7.026E-42  1.951E-38  8.792E-38  7.345E-38  8.607E-39
  281.5000  2.646E-38  3.679E-35  1.462E-34  1.239E-34  1.742E-35
  282.5000  2.182E-35  1.644E-32  5.846E-32  5.020E-32  8.283E-33
  283.5000  1.549E-33  7.793E-31  2.579E-30  2.233E-30  4.091E-31
  284.5000  2.069E-30  5.308E-28  1.557E-27  1.367E-27  2.983E-28
  285.5000  2.761E-28  4.170E-26  1.114E-25  9.887E-26  2.471E-26
  286.5000  5.364E-26  5.374E-24  1.336E-23  1.196E-23  3.317E-24
  287.5000  6.741E-24  4.358E-22  1.004E-21  9.069E-22  2.809E-22
  288.5000  9.766E-22  3.912E-20  8.306E-20  7.570E-20  2.643E-20
  289.5000  6.050E-20  1.697E-18  3.394E-18  3.115E-18  1.187E-18
  290.5000  1.843E-18  3.857E-17  7.347E-17  6.780E-17  2.775E-17
  291.5000  5.695E-17  8.687E-16  1.571E-15  1.458E-15  6.442E-16
  292.5000  8.970E-16  1.045E-14  1.810E-14  1.688E-14  7.951E-15
  293.5000  1.505E-14  1.373E-13  2.286E-13  2.142E-13  1.068E-13
  294.5000  1.154E-13  8.595E-13  1.387E-12  1.305E-12  6.817E-13
  295.5000  1.259E-12  7.674E-12  1.201E-11  1.134E-11  6.200E-12
  296.5000  7.544E-12  3.871E-11  5.904E-11  5.590E-11  3.176E-11
  297.5000  4.257E-11  1.888E-10  2.819E-10  2.677E-10  1.570E-10
  298.5000  1.271E-10  4.984E-10  7.311E-10  6.956E-10  4.189E-10
  299.5000  6.707E-10  2.360E-09  3.409E-09  3.249E-09  2.002E-09
  300.5000  1.232E-09  3.975E-09  5.672E-09  5.416E-09  3.398E-09
  301.5000  5.072E-09  1.500E-08  2.115E-08  2.023E-08  1.292E-08
  302.5000  1.028E-08  2.867E-08  4.012E-08  3.841E-08  2.482E-08
  303.5000  3.131E-08  8.190E-08  1.136E-07  1.089E-07  7.128E-08
  304.5000  4.821E-08  1.213E-07  1.675E-07  1.607E-07  1.060E-07
  305.5000  1.063E-07  2.544E-07  3.488E-07  3.351E-07  2.231E-07
  306.5000  1.393E-07  3.256E-07  4.450E-07  4.278E-07  2.861E-07
  307.5000  3.112E-07  7.009E-07  9.529E-07  9.171E-07  6.179E-07
  308.5000  4.159E-07  9.213E-07  1.250E-06  1.203E-06  8.133E-07
  309.5000  4.977E-07  1.077E-06  1.455E-06  1.403E-06  9.526E-07
  310.5000  8.543E-07  1.817E-06  2.449E-06  2.362E-06  1.610E-06
  311.5000  1.283E-06  2.698E-06  3.631E-06  3.504E-06  2.394E-06
  312.5000  1.680E-06  3.470E-06  4.654E-06  4.497E-06  3.084E-06
  313.5000  2.061E-06  4.231E-06  5.668E-06  5.479E-06  3.763E-06
  314.5000  2.722E-06  5.505E-06  7.353E-06  7.117E-06  4.905E-06
  315.5000  2.983E-06  6.007E-06  8.016E-06  7.762E-06  5.355E-06
  316.5000  3.819E-06  7.598E-06  1.011E-05  9.800E-06  6.784E-06
  317.5000  5.444E-06  1.082E-05  1.439E-05  1.395E-05  9.659E-06
  318.5000  5.611E-06  1.101E-05  1.460E-05  1.418E-05  9.854E-06
  319.5000  7.318E-06  1.431E-05  1.895E-05  1.841E-05  1.281E-05
  320.5000  9.553E-06  1.862E-05  2.463E-05  2.393E-05  1.668E-05
  321.5000  1.160E-05  2.228E-05  2.932E-05  2.854E-05  2.000E-05
  322.5000  8.804E-06  1.709E-05  2.257E-05  2.194E-05  1.531E-05
  323.5000  1.458E-05  2.777E-05  3.645E-05  3.552E-05  2.496E-05
  324.5000  1.689E-05  3.217E-05  4.223E-05  4.115E-05  2.892E-05
  325.5000  1.747E-05  3.335E-05  4.382E-05  4.268E-05  2.997E-05
  326.5000  3.308E-05  6.213E-05  8.123E-05  7.925E-05  5.597E-05
  327.5000  2.629E-05  4.963E-05  6.497E-05  6.337E-05  4.467E-05
  328.5000  2.406E-05  4.541E-05  5.945E-05  5.798E-05  4.088E-05
  329.5000  4.772E-05  8.885E-05  1.159E-04  1.132E-04  8.012E-05
  330.5000  3.581E-05  6.701E-05  8.753E-05  8.543E-05  6.039E-05
  331.5000  3.387E-05  6.345E-05  8.289E-05  8.090E-05  5.717E-05
  332.5000  4.724E-05  8.762E-05  1.142E-04  1.116E-04  7.904E-05
  333.5000  3.773E-05  7.025E-05  9.165E-05  8.949E-05  6.335E-05
  334.5000  4.543E-05  8.439E-05  1.101E-04  1.075E-04  7.612E-05
  335.5000  5.589E-05  1.033E-04  1.346E-04  1.316E-04  9.323E-05
  336.5000  4.105E-05  7.598E-05  9.902E-05  9.675E-05  6.856E-05
  337.5000  3.931E-05  7.296E-05  9.513E-05  9.292E-05  6.581E-05
  338.5000  5.078E-05  9.382E-05  1.222E-04  1.195E-04  8.465E-05
  339.5000  5.665E-05  1.046E-04  1.363E-04  1.332E-04  9.437E-05
  340.5000  5.582E-05  1.032E-04  1.345E-04  1.314E-04  9.311E-05
  341.5000  5.545E-05  1.023E-04  1.332E-04  1.302E-04  9.228E-05
  342.5000  6.257E-05  1.153E-04  1.503E-04  1.469E-04  1.041E-04
  343.5000  6.221E-05  1.147E-04  1.495E-04  1.461E-04  1.035E-04
  344.5000  4.163E-05  7.683E-05  1.001E-04  9.784E-05  6.933E-05
  345.5000  6.393E-05  1.177E-04  1.534E-04  1.500E-04  1.062E-04
  346.5000  5.552E-05  1.024E-04  1.334E-04  1.304E-04  9.237E-05
  347.5000  5.453E-05  1.005E-04  1.310E-04  1.280E-04  9.070E-05
  348.5000  6.133E-05  1.130E-04  1.472E-04  1.439E-04  1.019E-04
  349.5000  5.104E-05  9.402E-05  1.225E-04  1.198E-04  8.484E-05
  350.5000  7.168E-05  1.320E-04  1.720E-04  1.682E-04  1.191E-04
  351.5000  6.095E-05  1.123E-04  1.463E-04  1.430E-04  1.013E-04
  352.5000  5.527E-05  1.018E-04  1.326E-04  1.297E-04  9.184E-05
  353.5000  6.724E-05  1.238E-04  1.613E-04  1.577E-04  1.117E-04
  354.5000  7.338E-05  1.350E-04  1.760E-04  1.721E-04  1.219E-04
  355.5000  6.843E-05  1.259E-04  1.642E-04  1.605E-04  1.136E-04
  356.5000  6.324E-05  1.164E-04  1.517E-04  1.483E-04  1.050E-04
  357.5000  5.347E-05  9.838E-05  1.283E-04  1.254E-04  8.877E-05
  358.5000  4.137E-05  7.610E-05  9.923E-05  9.700E-05  6.867E-05
  359.5000  6.938E-05  1.276E-04  1.664E-04  1.627E-04  1.152E-04
  360.5000  6.414E-05  1.180E-04  1.539E-04  1.504E-04  1.065E-04
  361.5000  5.788E-05  1.065E-04  1.388E-04  1.357E-04  9.605E-05
  362.5000  6.789E-05  1.249E-04  1.629E-04  1.592E-04  1.127E-04
  363.5000  6.025E-05  1.108E-04  1.445E-04  1.413E-04  9.998E-05
  364.5000  6.543E-05  1.203E-04  1.570E-04  1.535E-04  1.086E-04
  365.5000  7.930E-05  1.458E-04  1.903E-04  1.860E-04  1.316E-04
  366.5000  8.382E-05  1.541E-04  2.011E-04  1.966E-04  1.391E-04
  367.5000  7.948E-05  1.462E-04  1.907E-04  1.864E-04  1.319E-04
  368.5000  6.958E-05  1.280E-04  1.670E-04  1.632E-04  1.154E-04
  369.5000  8.318E-05  1.530E-04  1.996E-04  1.952E-04  1.380E-04
  370.5000  7.520E-05  1.383E-04  1.805E-04  1.764E-04  1.248E-04
  371.5000  8.579E-05  1.578E-04  2.059E-04  2.013E-04  1.423E-04
  372.5000  6.318E-05  1.162E-04  1.517E-04  1.483E-04  1.048E-04
  373.5000  5.688E-05  1.046E-04  1.366E-04  1.335E-04  9.436E-05
  374.5000  6.217E-05  1.143E-04  1.493E-04  1.459E-04  1.031E-04
  375.5000  6.995E-05  1.286E-04  1.680E-04  1.642E-04  1.160E-04
  376.5000  6.963E-05  1.281E-04  1.673E-04  1.635E-04  1.155E-04
  377.5000  8.263E-05  1.520E-04  1.985E-04  1.940E-04  1.371E-04
  378.5000  8.973E-05  1.650E-04  2.156E-04  2.107E-04  1.489E-04
  379.5000  6.613E-05  1.216E-04  1.589E-04  1.553E-04  1.097E-04
  380.5000  7.925E-05  1.458E-04  1.905E-04  1.862E-04  1.315E-04
  381.5000  7.422E-05  1.365E-04  1.784E-04  1.744E-04  1.231E-04
  382.5000  4.927E-05  9.065E-05  1.185E-04  1.158E-04  8.176E-05
  383.5000  4.311E-05  7.931E-05  1.037E-04  1.013E-04  7.153E-05
  384.5000  6.446E-05  1.186E-04  1.550E-04  1.515E-04  1.070E-04
  385.5000  6.355E-05  1.169E-04  1.529E-04  1.494E-04  1.055E-04
  386.5000  6.455E-05  1.188E-04  1.553E-04  1.518E-04  1.071E-04
  387.5000  5.977E-05  1.100E-04  1.438E-04  1.406E-04  9.918E-05
  388.5000  5.968E-05  1.098E-04  1.436E-04  1.404E-04  9.904E-05
  389.5000  7.498E-05  1.380E-04  1.805E-04  1.764E-04  1.244E-04
  390.5000  7.339E-05  1.351E-04  1.767E-04  1.727E-04  1.218E-04
  391.5000  8.675E-05  1.597E-04  2.089E-04  2.042E-04  1.440E-04
  392.5000  6.481E-05  1.193E-04  1.561E-04  1.526E-04  1.076E-04
  393.5000  2.807E-05  5.168E-05  6.763E-05  6.609E-05  4.659E-05
  394.5000  6.579E-05  1.211E-04  1.586E-04  1.550E-04  1.092E-04
  395.5000  8.433E-05  1.553E-04  2.033E-04  1.987E-04  1.400E-04
  396.5000  4.934E-05  9.087E-05  1.190E-04  1.163E-04  8.192E-05
  397.5000  5.674E-05  1.045E-04  1.368E-04  1.337E-04  9.421E-05
  398.5000  9.715E-05  1.790E-04  2.344E-04  2.290E-04  1.613E-04
  399.5000  1.007E-04  1.855E-04  2.429E-04  2.374E-04  1.672E-04
  400.5000  1.054E-04  1.942E-04  2.545E-04  2.486E-04  1.751E-04
  401.5000  1.080E-04  1.991E-04  2.608E-04  2.549E-04  1.795E-04
  402.5000  1.117E-04  2.059E-04  2.698E-04  2.636E-04  1.856E-04
  403.5000  1.019E-04  1.878E-04  2.461E-04  2.405E-04  1.693E-04
  404.5000  9.958E-05  1.836E-04  2.406E-04  2.351E-04  1.654E-04
  405.5000  1.031E-04  1.900E-04  2.491E-04  2.434E-04  1.712E-04
  406.5000  9.669E-05  1.783E-04  2.338E-04  2.284E-04  1.607E-04
  407.5000  9.706E-05  1.790E-04  2.347E-04  2.293E-04  1.613E-04
  408.5000  1.076E-04  1.985E-04  2.603E-04  2.543E-04  1.789E-04
  409.5000  1.051E-04  1.938E-04  2.542E-04  2.484E-04  1.747E-04
  410.5000  9.077E-05  1.675E-04  2.197E-04  2.146E-04  1.509E-04
  411.5000  1.087E-04  2.006E-04  2.632E-04  2.572E-04  1.808E-04
  412.5000  1.074E-04  1.982E-04  2.601E-04  2.541E-04  1.786E-04
  413.5000  1.038E-04  1.916E-04  2.515E-04  2.457E-04  1.726E-04
  414.5000  1.063E-04  1.962E-04  2.576E-04  2.516E-04  1.768E-04
  415.5000  1.012E-04  1.869E-04  2.454E-04  2.397E-04  1.683E-04
  416.5000  1.096E-04  2.025E-04  2.659E-04  2.598E-04  1.824E-04
  417.5000  9.982E-05  1.844E-04  2.422E-04  2.366E-04  1.661E-04
  418.5000  1.002E-04  1.852E-04  2.432E-04  2.376E-04  1.668E-04
  419.5000  1.032E-04  1.907E-04  2.505E-04  2.447E-04  1.717E-04
------------------------------------------------------------
Dose rates, W m-2
   1 = UV-B, 280-315 nm                                  
   2 = UV-A, 315-400 nm                                  
   3 = Gaussian, 320 nm, 10 nm FWHM                      
   4 = RB Meter, model 501                               
   5 = DNA damage, in vitro (Setlow, 1974)               
   6 = UV index (WMO, 1994; Webb et al., 2011)           
   7 = Previtamin-D3 (CIE 2006)                          
values at z =      0.000 km
Columns: time, sza, weighting spectra
time, hrs.  sza, deg.          1          2          3          4          5          6          7
   11.0000     95.493  1.017E-05  4.640E-03  9.952E-06  4.505E-06  2.042E-08  1.437E-04  1.812E-06
   11.5000     95.038  2.125E-05  8.560E-03  1.914E-05  8.968E-06  4.154E-08  2.753E-04  3.850E-06
   12.0000     94.822  2.856E-05  1.118E-02  2.521E-05  1.191E-05  5.536E-08  3.623E-04  5.184E-06
   12.5000     94.848  2.758E-05  1.092E-02  2.453E-05  1.156E-05  5.367E-08  3.528E-04  5.005E-06
   13.0000     95.113  1.887E-05  7.720E-03  1.718E-05  8.013E-06  3.703E-08  2.471E-04  3.414E-06
------------------------------------------------------------
