Spectral Irradiance, W m-2 nm-1
values at z =      0.000 km
Columns: wavelength (nm), times (hrs.) or sza (deg.)
    wc, nm     11.000     11.500     12.000     12.500     13.000
    sza =      35.747     33.330     32.081     32.143     33.511
  280.5000  5.665E-17  1.541E-16  2.474E-16  2.418E-16  1.435E-16
  281.5000  3.077E-15  7.658E-15  1.179E-14  1.154E-14  7.179E-15
  282.5000  6.510E-14  1.501E-13  2.148E-13  2.187E-13  1.415E-13
  283.5000  4.283E-13  9.399E-13  1.363E-12  1.339E-12  8.889E-13
  284.5000  7.995E-12  1.603E-11  2.228E-11  2.193E-11  1.526E-11
  285.5000  4.361E-11  8.178E-11  1.101E-10  1.086E-10  7.821E-11
  286.5000  7.247E-10  1.291E-09  1.697E-09  1.675E-09  1.239E-09
  287.5000  6.065E-09  1.021E-08  1.306E-08  1.291E-08  9.837E-09
  288.5000  4.585E-08  7.253E-08  9.013E-08  8.918E-08  7.020E-08
  289.5000  3.377E-07  5.110E-07  6.220E-07  6.161E-07  4.963E-07
  290.5000  1.731E-06  2.524E-06  3.018E-06  2.992E-06  2.457E-06
  291.5000  7.202E-06  1.007E-05  1.180E-05  1.171E-05  9.832E-06
  292.5000  2.163E-05  2.921E-05  3.369E-05  3.346E-05  2.860E-05
  293.5000  7.678E-05  1.004E-04  1.140E-04  1.133E-04  9.851E-05
  294.5000  1.715E-04  2.186E-04  2.453E-04  2.439E-04  2.148E-04
  295.5000  5.111E-04  6.342E-04  7.026E-04  6.992E-04  6.247E-04
  296.5000  1.028E-03  1.247E-03  1.367E-03  1.361E-03  1.230E-03
  297.5000  2.230E-03  2.654E-03  2.882E-03  2.871E-03  2.621E-03
  298.5000  2.953E-03  3.456E-03  3.725E-03  3.711E-03  3.418E-03
  299.5000  7.270E-03  8.378E-03  8.962E-03  8.933E-03  8.293E-03
  300.5000  7.353E-03  8.373E-03  8.907E-03  8.880E-03  8.296E-03
  301.5000  1.585E-02  1.782E-02  1.884E-02  1.879E-02  1.767E-02
  302.5000  2.086E-02  2.325E-02  2.449E-02  2.442E-02  2.307E-02
  303.5000  3.796E-02  4.189E-02  4.391E-02  4.380E-02  4.160E-02
  304.5000  4.312E-02  4.732E-02  4.946E-02  4.935E-02  4.700E-02
  305.5000  6.027E-02  6.557E-02  6.826E-02  6.812E-02  6.517E-02
  306.5000  6.452E-02  6.993E-02  7.267E-02  7.254E-02  6.953E-02
  307.5000  9.752E-02  1.050E-01  1.087E-01  1.085E-01  1.044E-01
  308.5000  1.112E-01  1.194E-01  1.235E-01  1.233E-01  1.188E-01
  309.5000  1.011E-01  1.080E-01  1.115E-01  1.113E-01  1.075E-01
  310.5000  1.408E-01  1.499E-01  1.545E-01  1.543E-01  1.492E-01
  311.5000  1.839E-01  1.954E-01  2.011E-01  2.008E-01  1.945E-01
  312.5000  1.841E-01  1.948E-01  2.001E-01  1.999E-01  1.940E-01
  313.5000  2.101E-01  2.221E-01  2.281E-01  2.278E-01  2.213E-01
  314.5000  2.146E-01  2.261E-01  2.318E-01  2.315E-01  2.252E-01
  315.5000  2.225E-01  2.343E-01  2.402E-01  2.399E-01  2.334E-01
  316.5000  2.252E-01  2.366E-01  2.422E-01  2.419E-01  2.357E-01
  317.5000  3.187E-01  3.347E-01  3.426E-01  3.422E-01  3.335E-01
  318.5000  2.544E-01  2.665E-01  2.726E-01  2.723E-01  2.656E-01
  319.5000  3.113E-01  3.260E-01  3.333E-01  3.329E-01  3.249E-01
  320.5000  3.801E-01  3.978E-01  4.066E-01  4.062E-01  3.965E-01
  321.5000  3.269E-01  3.414E-01  3.486E-01  3.482E-01  3.403E-01
  322.5000  3.261E-01  3.411E-01  3.485E-01  3.481E-01  3.400E-01
  323.5000  3.409E-01  3.557E-01  3.630E-01  3.626E-01  3.546E-01
  324.5000  4.000E-01  4.173E-01  4.259E-01  4.254E-01  4.160E-01
  325.5000  4.476E-01  4.671E-01  4.767E-01  4.763E-01  4.657E-01
  326.5000  5.467E-01  5.694E-01  5.808E-01  5.801E-01  5.677E-01
  327.5000  5.078E-01  5.289E-01  5.398E-01  5.393E-01  5.276E-01
  328.5000  4.690E-01  4.887E-01  4.984E-01  4.980E-01  4.868E-01
  329.5000  6.115E-01  6.364E-01  6.488E-01  6.481E-01  6.346E-01
  330.5000  5.548E-01  5.776E-01  5.889E-01  5.884E-01  5.759E-01
  331.5000  5.480E-01  5.706E-01  5.818E-01  5.813E-01  5.689E-01
  332.5000  5.418E-01  5.636E-01  5.744E-01  5.739E-01  5.620E-01
  333.5000  5.084E-01  5.290E-01  5.392E-01  5.387E-01  5.275E-01
  334.5000  5.685E-01  5.914E-01  6.027E-01  6.021E-01  5.897E-01
  335.5000  5.773E-01  6.002E-01  6.116E-01  6.110E-01  5.985E-01
  336.5000  4.511E-01  4.691E-01  4.779E-01  4.775E-01  4.677E-01
  337.5000  4.947E-01  5.145E-01  5.242E-01  5.238E-01  5.130E-01
  338.5000  5.230E-01  5.437E-01  5.539E-01  5.534E-01  5.422E-01
  339.5000  5.687E-01  5.911E-01  6.022E-01  6.016E-01  5.895E-01
  340.5000  6.077E-01  6.317E-01  6.435E-01  6.430E-01  6.299E-01
  341.5000  5.402E-01  5.613E-01  5.718E-01  5.713E-01  5.598E-01
  342.5000  5.985E-01  6.219E-01  6.335E-01  6.329E-01  6.202E-01
  343.5000  6.215E-01  6.458E-01  6.578E-01  6.572E-01  6.440E-01
  344.5000  4.355E-01  4.525E-01  4.609E-01  4.605E-01  4.513E-01
  345.5000  5.971E-01  6.203E-01  6.317E-01  6.312E-01  6.186E-01
  346.5000  5.583E-01  5.800E-01  5.908E-01  5.902E-01  5.784E-01
  347.5000  5.456E-01  5.667E-01  5.772E-01  5.767E-01  5.652E-01
  348.5000  5.997E-01  6.229E-01  6.343E-01  6.337E-01  6.211E-01
  349.5000  5.025E-01  5.219E-01  5.315E-01  5.310E-01  5.205E-01
  350.5000  7.036E-01  7.307E-01  7.441E-01  7.434E-01  7.287E-01
  351.5000  6.064E-01  6.297E-01  6.412E-01  6.407E-01  6.280E-01
  352.5000  5.468E-01  5.679E-01  5.782E-01  5.777E-01  5.663E-01
  353.5000  6.583E-01  6.835E-01  6.960E-01  6.954E-01  6.817E-01
  354.5000  7.125E-01  7.397E-01  7.532E-01  7.525E-01  7.377E-01
  355.5000  6.658E-01  6.912E-01  7.038E-01  7.031E-01  6.893E-01
  356.5000  6.178E-01  6.414E-01  6.530E-01  6.524E-01  6.396E-01
  357.5000  5.253E-01  5.453E-01  5.552E-01  5.547E-01  5.439E-01
  358.5000  4.054E-01  4.208E-01  4.284E-01  4.280E-01  4.196E-01
  359.5000  6.822E-01  7.080E-01  7.208E-01  7.202E-01  7.061E-01
  360.5000  6.323E-01  6.562E-01  6.680E-01  6.675E-01  6.544E-01
  361.5000  5.700E-01  5.916E-01  6.022E-01  6.017E-01  5.900E-01
  362.5000  6.693E-01  6.946E-01  7.071E-01  7.064E-01  6.927E-01
  363.5000  5.954E-01  6.178E-01  6.289E-01  6.283E-01  6.162E-01
  364.5000  6.494E-01  6.739E-01  6.859E-01  6.853E-01  6.721E-01
  365.5000  7.913E-01  8.210E-01  8.357E-01  8.350E-01  8.188E-01
  366.5000  8.374E-01  8.688E-01  8.843E-01  8.835E-01  8.665E-01
  367.5000  7.950E-01  8.248E-01  8.395E-01  8.388E-01  8.226E-01
  368.5000  6.983E-01  7.245E-01  7.374E-01  7.367E-01  7.225E-01
  369.5000  8.376E-01  8.689E-01  8.843E-01  8.836E-01  8.666E-01
  370.5000  7.599E-01  7.882E-01  8.022E-01  8.015E-01  7.861E-01
  371.5000  8.694E-01  9.018E-01  9.178E-01  9.170E-01  8.994E-01
  372.5000  6.422E-01  6.660E-01  6.778E-01  6.772E-01  6.643E-01
  373.5000  5.804E-01  6.019E-01  6.126E-01  6.121E-01  6.004E-01
  374.5000  6.370E-01  6.606E-01  6.722E-01  6.717E-01  6.588E-01
  375.5000  7.186E-01  7.452E-01  7.584E-01  7.577E-01  7.433E-01
  376.5000  7.176E-01  7.441E-01  7.572E-01  7.565E-01  7.421E-01
  377.5000  8.544E-01  8.860E-01  9.015E-01  9.008E-01  8.836E-01
  378.5000  9.312E-01  9.655E-01  9.825E-01  9.816E-01  9.630E-01
  379.5000  6.889E-01  7.142E-01  7.268E-01  7.261E-01  7.124E-01
  380.5000  8.284E-01  8.589E-01  8.739E-01  8.732E-01  8.566E-01
  381.5000  7.784E-01  8.070E-01  8.211E-01  8.204E-01  8.049E-01
  382.5000  5.187E-01  5.377E-01  5.471E-01  5.466E-01  5.363E-01
  383.5000  4.554E-01  4.721E-01  4.803E-01  4.799E-01  4.709E-01
  384.5000  6.834E-01  7.084E-01  7.207E-01  7.201E-01  7.066E-01
  385.5000  6.761E-01  7.008E-01  7.130E-01  7.124E-01  6.990E-01
  386.5000  6.892E-01  7.143E-01  7.267E-01  7.261E-01  7.125E-01
  387.5000  6.405E-01  6.638E-01  6.753E-01  6.747E-01  6.621E-01
  388.5000  6.419E-01  6.653E-01  6.768E-01  6.762E-01  6.636E-01
  389.5000  8.095E-01  8.389E-01  8.534E-01  8.527E-01  8.367E-01
  390.5000  7.951E-01  8.239E-01  8.382E-01  8.375E-01  8.218E-01
  391.5000  9.432E-01  9.774E-01  9.943E-01  9.934E-01  9.749E-01
  392.5000  7.073E-01  7.329E-01  7.455E-01  7.449E-01  7.310E-01
  393.5000  3.075E-01  3.186E-01  3.241E-01  3.238E-01  3.178E-01
  394.5000  7.235E-01  7.497E-01  7.625E-01  7.619E-01  7.477E-01
  395.5000  9.309E-01  9.645E-01  9.810E-01  9.802E-01  9.620E-01
  396.5000  5.466E-01  5.663E-01  5.760E-01  5.755E-01  5.649E-01
  397.5000  6.308E-01  6.534E-01  6.646E-01  6.641E-01  6.518E-01
  398.5000  1.084E+00  1.123E+00  1.142E+00  1.141E+00  1.120E+00
  399.5000  1.127E+00  1.168E+00  1.188E+00  1.187E+00  1.165E+00
  400.5000  1.185E+00  1.228E+00  1.249E+00  1.248E+00  1.225E+00
  401.5000  1.219E+00  1.263E+00  1.285E+00  1.283E+00  1.260E+00
  402.5000  1.266E+00  1.311E+00  1.333E+00  1.332E+00  1.308E+00
  403.5000  1.159E+00  1.200E+00  1.220E+00  1.219E+00  1.197E+00
  404.5000  1.136E+00  1.177E+00  1.197E+00  1.196E+00  1.174E+00
  405.5000  1.181E+00  1.223E+00  1.243E+00  1.242E+00  1.220E+00
  406.5000  1.112E+00  1.152E+00  1.171E+00  1.170E+00  1.149E+00
  407.5000  1.121E+00  1.161E+00  1.181E+00  1.180E+00  1.158E+00
  408.5000  1.249E+00  1.293E+00  1.315E+00  1.314E+00  1.290E+00
  409.5000  1.224E+00  1.267E+00  1.289E+00  1.288E+00  1.264E+00
  410.5000  1.061E+00  1.099E+00  1.118E+00  1.117E+00  1.096E+00
  411.5000  1.276E+00  1.321E+00  1.343E+00  1.342E+00  1.318E+00
  412.5000  1.265E+00  1.309E+00  1.331E+00  1.330E+00  1.306E+00
  413.5000  1.226E+00  1.270E+00  1.291E+00  1.290E+00  1.267E+00
  414.5000  1.261E+00  1.305E+00  1.327E+00  1.326E+00  1.302E+00
  415.5000  1.206E+00  1.248E+00  1.269E+00  1.268E+00  1.245E+00
  416.5000  1.312E+00  1.358E+00  1.381E+00  1.380E+00  1.355E+00
  417.5000  1.200E+00  1.242E+00  1.263E+00  1.262E+00  1.239E+00
  418.5000  1.209E+00  1.252E+00  1.272E+00  1.271E+00  1.248E+00
  419.5000  1.249E+00  1.293E+00  1.314E+00  1.313E+00  1.290E+00
------------------------------------------------------------
Dose rates, W m-2
   1 = UV-B, 280-315 nm                                  
   2 = UV-A, 315-400 nm                                  
   3 = Gaussian, 320 nm, 10 nm FWHM                      
   4 = RB Meter, model 501                               
   5 = DNA damage, in vitro (Setlow, 1974)               
   6 = UV index (WMO, 1994; Webb et al., 2011)           
   7 = Previtamin-D3 (CIE 2006)                          
values at z =      0.000 km
Columns: time, sza, weighting spectra
time, hrs.  sza, deg.          1          2          3          4          5          6          7
   11.0000     35.747  1.507E+00  5.175E+01  3.205E-01  4.360E-01  4.498E-03  8.205E+00  4.023E-01
   11.5000     33.330  1.612E+00  5.374E+01  3.355E-01  4.684E-01  4.978E-03  8.842E+00  4.358E-01
   12.0000     32.081  1.664E+00  5.472E+01  3.429E-01  4.848E-01  5.228E-03  9.167E+00  4.528E-01
   12.5000     32.143  1.661E+00  5.467E+01  3.425E-01  4.840E-01  5.215E-03  9.151E+00  4.520E-01
   13.0000     33.511  1.604E+00  5.359E+01  3.344E-01  4.660E-01  4.942E-03  8.794E+00  4.333E-01
------------------------------------------------------------
