Spectral Irradiance, W m-2 nm-1
values at z =      0.000 km
Columns: wavelength (nm), times (hrs.) or sza (deg.)
    wc, nm     11.000     11.500     12.000     12.500     13.000
    sza =      40.122     38.586     37.993     38.390     39.748
  280.5000  3.382E-18  7.627E-18  1.028E-17  8.425E-18  4.145E-18
  281.5000  2.358E-16  4.946E-16  6.492E-16  5.415E-16  2.838E-16
  282.5000  6.181E-15  1.216E-14  1.563E-14  1.324E-14  7.325E-15
  283.5000  4.675E-14  8.848E-14  1.118E-13  9.567E-14  5.484E-14
  284.5000  1.125E-12  1.978E-12  2.433E-12  2.119E-12  1.295E-12
  285.5000  7.400E-12  1.232E-11  1.486E-11  1.311E-11  8.407E-12
  286.5000  1.420E-10  2.268E-10  2.693E-10  2.402E-10  1.597E-10
  287.5000  1.395E-09  2.126E-09  2.482E-09  2.239E-09  1.550E-09
  288.5000  1.254E-08  1.818E-08  2.083E-08  1.902E-08  1.376E-08
  289.5000  1.046E-07  1.462E-07  1.654E-07  1.523E-07  1.134E-07
  290.5000  5.952E-07  8.071E-07  9.027E-07  8.378E-07  6.423E-07
  291.5000  2.788E-06  3.652E-06  4.034E-06  3.775E-06  2.982E-06
  292.5000  9.221E-06  1.175E-05  1.284E-05  1.210E-05  9.797E-06
  293.5000  3.586E-05  4.449E-05  4.816E-05  4.568E-05  3.784E-05
  294.5000  8.598E-05  1.045E-04  1.123E-04  1.070E-04  9.027E-05
  295.5000  2.764E-04  3.286E-04  3.502E-04  3.357E-04  2.886E-04
  296.5000  5.917E-04  6.908E-04  7.314E-04  7.041E-04  6.151E-04
  297.5000  1.357E-03  1.559E-03  1.641E-03  1.586E-03  1.405E-03
  298.5000  1.881E-03  2.133E-03  2.233E-03  2.166E-03  1.941E-03
  299.5000  4.837E-03  5.415E-03  5.646E-03  5.491E-03  4.976E-03
  300.5000  5.058E-03  5.608E-03  5.826E-03  5.680E-03  5.190E-03
  301.5000  1.130E-02  1.240E-02  1.283E-02  1.255E-02  1.157E-02
  302.5000  1.523E-02  1.660E-02  1.713E-02  1.678E-02  1.556E-02
  303.5000  2.850E-02  3.081E-02  3.171E-02  3.110E-02  2.906E-02
  304.5000  3.291E-02  3.540E-02  3.637E-02  3.572E-02  3.351E-02
  305.5000  4.710E-02  5.032E-02  5.157E-02  5.074E-02  4.789E-02
  306.5000  5.094E-02  5.427E-02  5.555E-02  5.469E-02  5.176E-02
  307.5000  7.853E-02  8.318E-02  8.497E-02  8.378E-02  7.967E-02
  308.5000  9.024E-02  9.537E-02  9.734E-02  9.602E-02  9.149E-02
  309.5000  8.311E-02  8.751E-02  8.919E-02  8.807E-02  8.419E-02
  310.5000  1.168E-01  1.227E-01  1.249E-01  1.234E-01  1.183E-01
  311.5000  1.535E-01  1.609E-01  1.637E-01  1.618E-01  1.553E-01
  312.5000  1.553E-01  1.623E-01  1.650E-01  1.632E-01  1.571E-01
  313.5000  1.778E-01  1.856E-01  1.886E-01  1.866E-01  1.797E-01
  314.5000  1.833E-01  1.896E-01  1.937E-01  1.918E-01  1.851E-01
  315.5000  1.903E-01  1.981E-01  2.010E-01  1.991E-01  1.922E-01
  316.5000  1.941E-01  2.016E-01  2.044E-01  2.025E-01  1.959E-01
  317.5000  2.747E-01  2.852E-01  2.892E-01  2.865E-01  2.772E-01
  318.5000  2.207E-01  2.287E-01  2.318E-01  2.297E-01  2.227E-01
  319.5000  2.705E-01  2.802E-01  2.839E-01  2.814E-01  2.729E-01
  320.5000  3.308E-01  3.425E-01  3.470E-01  3.440E-01  3.337E-01
  321.5000  2.862E-01  2.958E-01  2.995E-01  2.970E-01  2.885E-01
  322.5000  2.842E-01  2.942E-01  2.979E-01  2.954E-01  2.867E-01
  323.5000  2.993E-01  3.091E-01  3.128E-01  3.103E-01  3.017E-01
  324.5000  3.511E-01  3.626E-01  3.670E-01  3.641E-01  3.540E-01
  325.5000  3.925E-01  4.056E-01  4.105E-01  4.072E-01  3.958E-01
  326.5000  4.818E-01  4.970E-01  5.028E-01  4.989E-01  4.856E-01
  327.5000  4.469E-01  4.612E-01  4.666E-01  4.630E-01  4.505E-01
  328.5000  4.128E-01  4.260E-01  4.310E-01  4.277E-01  4.161E-01
  329.5000  5.403E-01  5.570E-01  5.633E-01  5.591E-01  5.444E-01
  330.5000  4.895E-01  5.048E-01  5.106E-01  5.067E-01  4.933E-01
  331.5000  4.835E-01  4.986E-01  5.043E-01  5.005E-01  4.872E-01
  332.5000  4.793E-01  4.939E-01  4.994E-01  4.957E-01  4.829E-01
  333.5000  4.493E-01  4.631E-01  4.683E-01  4.648E-01  4.527E-01
  334.5000  5.028E-01  5.181E-01  5.239E-01  5.200E-01  5.065E-01
  335.5000  5.112E-01  5.266E-01  5.324E-01  5.285E-01  5.150E-01
  336.5000  3.994E-01  4.114E-01  4.160E-01  4.129E-01  4.024E-01
  337.5000  4.376E-01  4.509E-01  4.559E-01  4.526E-01  4.409E-01
  338.5000  4.634E-01  4.772E-01  4.825E-01  4.790E-01  4.668E-01
  339.5000  5.040E-01  5.190E-01  5.247E-01  5.209E-01  5.077E-01
  340.5000  5.384E-01  5.545E-01  5.606E-01  5.565E-01  5.423E-01
  341.5000  4.789E-01  4.931E-01  4.985E-01  4.949E-01  4.824E-01
  342.5000  5.308E-01  5.465E-01  5.524E-01  5.484E-01  5.347E-01
  343.5000  5.511E-01  5.674E-01  5.736E-01  5.695E-01  5.552E-01
  344.5000  3.861E-01  3.976E-01  4.019E-01  3.990E-01  3.890E-01
  345.5000  5.298E-01  5.454E-01  5.513E-01  5.473E-01  5.337E-01
  346.5000  4.953E-01  5.099E-01  5.154E-01  5.117E-01  4.989E-01
  347.5000  4.840E-01  4.982E-01  5.036E-01  5.000E-01  4.875E-01
  348.5000  5.322E-01  5.478E-01  5.537E-01  5.497E-01  5.360E-01
  349.5000  4.460E-01  4.591E-01  4.640E-01  4.607E-01  4.492E-01
  350.5000  6.246E-01  6.428E-01  6.497E-01  6.451E-01  6.291E-01
  351.5000  5.383E-01  5.540E-01  5.599E-01  5.559E-01  5.422E-01
  352.5000  4.855E-01  4.997E-01  5.050E-01  5.014E-01  4.890E-01
  353.5000  5.846E-01  6.016E-01  6.080E-01  6.037E-01  5.888E-01
  354.5000  6.328E-01  6.511E-01  6.581E-01  6.534E-01  6.373E-01
  355.5000  5.914E-01  6.085E-01  6.150E-01  6.107E-01  5.957E-01
  356.5000  5.489E-01  5.647E-01  5.707E-01  5.667E-01  5.528E-01
  357.5000  4.668E-01  4.802E-01  4.853E-01  4.819E-01  4.701E-01
  358.5000  3.602E-01  3.706E-01  3.745E-01  3.719E-01  3.628E-01
  359.5000  6.063E-01  6.237E-01  6.303E-01  6.259E-01  6.106E-01
  360.5000  5.620E-01  5.781E-01  5.842E-01  5.801E-01  5.660E-01
  361.5000  5.067E-01  5.212E-01  5.267E-01  5.230E-01  5.103E-01
  362.5000  5.951E-01  6.121E-01  6.185E-01  6.142E-01  5.993E-01
  363.5000  5.294E-01  5.445E-01  5.502E-01  5.464E-01  5.331E-01
  364.5000  5.775E-01  5.940E-01  6.002E-01  5.960E-01  5.816E-01
  365.5000  7.037E-01  7.237E-01  7.313E-01  7.262E-01  7.087E-01
  366.5000  7.448E-01  7.659E-01  7.740E-01  7.686E-01  7.500E-01
  367.5000  7.072E-01  7.273E-01  7.348E-01  7.298E-01  7.122E-01
  368.5000  6.213E-01  6.389E-01  6.455E-01  6.411E-01  6.256E-01
  369.5000  7.453E-01  7.663E-01  7.743E-01  7.690E-01  7.505E-01
  370.5000  6.762E-01  6.953E-01  7.025E-01  6.977E-01  6.809E-01
  371.5000  7.737E-01  7.955E-01  8.038E-01  7.983E-01  7.791E-01
  372.5000  5.715E-01  5.876E-01  5.937E-01  5.896E-01  5.755E-01
  373.5000  5.166E-01  5.311E-01  5.366E-01  5.330E-01  5.202E-01
  374.5000  5.670E-01  5.829E-01  5.890E-01  5.849E-01  5.710E-01
  375.5000  6.398E-01  6.577E-01  6.645E-01  6.600E-01  6.442E-01
  376.5000  6.389E-01  6.568E-01  6.635E-01  6.590E-01  6.433E-01
  377.5000  7.608E-01  7.821E-01  7.901E-01  7.848E-01  7.661E-01
  378.5000  8.293E-01  8.524E-01  8.612E-01  8.553E-01  8.350E-01
  379.5000  6.136E-01  6.307E-01  6.371E-01  6.328E-01  6.178E-01
  380.5000  7.379E-01  7.584E-01  7.662E-01  7.610E-01  7.430E-01
  381.5000  6.934E-01  7.127E-01  7.200E-01  7.151E-01  6.982E-01
  382.5000  4.621E-01  4.749E-01  4.798E-01  4.765E-01  4.653E-01
  383.5000  4.058E-01  4.170E-01  4.213E-01  4.184E-01  4.086E-01
  384.5000  6.090E-01  6.258E-01  6.322E-01  6.280E-01  6.132E-01
  385.5000  6.025E-01  6.192E-01  6.255E-01  6.213E-01  6.067E-01
  386.5000  6.142E-01  6.312E-01  6.376E-01  6.333E-01  6.184E-01
  387.5000  5.709E-01  5.866E-01  5.925E-01  5.886E-01  5.748E-01
  388.5000  5.722E-01  5.880E-01  5.939E-01  5.900E-01  5.761E-01
  389.5000  7.217E-01  7.415E-01  7.490E-01  7.440E-01  7.266E-01
  390.5000  7.089E-01  7.283E-01  7.357E-01  7.308E-01  7.137E-01
  391.5000  8.410E-01  8.641E-01  8.728E-01  8.670E-01  8.467E-01
  392.5000  6.307E-01  6.480E-01  6.545E-01  6.502E-01  6.350E-01
  393.5000  2.742E-01  2.817E-01  2.846E-01  2.827E-01  2.761E-01
  394.5000  6.453E-01  6.629E-01  6.696E-01  6.651E-01  6.497E-01
  395.5000  8.303E-01  8.530E-01  8.615E-01  8.558E-01  8.359E-01
  396.5000  4.876E-01  5.009E-01  5.059E-01  5.026E-01  4.909E-01
  397.5000  5.627E-01  5.780E-01  5.838E-01  5.799E-01  5.665E-01
  398.5000  9.670E-01  9.933E-01  1.003E+00  9.966E-01  9.735E-01
  399.5000  1.006E+00  1.033E+00  1.043E+00  1.037E+00  1.013E+00
  400.5000  1.058E+00  1.086E+00  1.097E+00  1.090E+00  1.065E+00
  401.5000  1.088E+00  1.118E+00  1.129E+00  1.121E+00  1.095E+00
  402.5000  1.130E+00  1.160E+00  1.172E+00  1.164E+00  1.137E+00
  403.5000  1.034E+00  1.062E+00  1.073E+00  1.066E+00  1.041E+00
  404.5000  1.014E+00  1.042E+00  1.052E+00  1.045E+00  1.021E+00
  405.5000  1.054E+00  1.082E+00  1.093E+00  1.086E+00  1.061E+00
  406.5000  9.927E-01  1.019E+00  1.030E+00  1.023E+00  9.993E-01
  407.5000  1.001E+00  1.028E+00  1.038E+00  1.031E+00  1.008E+00
  408.5000  1.115E+00  1.145E+00  1.156E+00  1.149E+00  1.122E+00
  409.5000  1.093E+00  1.122E+00  1.133E+00  1.126E+00  1.100E+00
  410.5000  9.479E-01  9.733E-01  9.829E-01  9.765E-01  9.542E-01
  411.5000  1.139E+00  1.170E+00  1.181E+00  1.174E+00  1.147E+00
  412.5000  1.129E+00  1.160E+00  1.171E+00  1.163E+00  1.137E+00
  413.5000  1.095E+00  1.125E+00  1.136E+00  1.128E+00  1.103E+00
  414.5000  1.126E+00  1.156E+00  1.167E+00  1.160E+00  1.133E+00
  415.5000  1.077E+00  1.106E+00  1.117E+00  1.109E+00  1.084E+00
  416.5000  1.172E+00  1.204E+00  1.215E+00  1.207E+00  1.180E+00
  417.5000  1.072E+00  1.100E+00  1.111E+00  1.104E+00  1.079E+00
  418.5000  1.080E+00  1.109E+00  1.120E+00  1.113E+00  1.087E+00
  419.5000  1.116E+00  1.146E+00  1.157E+00  1.149E+00  1.123E+00
------------------------------------------------------------
Dose rates, W m-2
   1 = UV-B, 280-315 nm                                  
   2 = UV-A, 315-400 nm                                  
   3 = Gaussian, 320 nm, 10 nm FWHM                      
   4 = RB Meter, model 501                               
   5 = DNA damage, in vitro (Setlow, 1974)               
   6 = UV index (WMO, 1994; Webb et al., 2011)           
   7 = Previtamin-D3 (CIE 2006)                          
values at z =      0.000 km
Columns: time, sza, weighting spectra
time, hrs.  sza, deg.          1          2          3          4          5          6          7
   11.0000     40.122  1.239E+00  4.593E+01  2.789E-01  3.539E-01  3.379E-03  6.616E+00  3.191E-01
   11.5000     38.586  1.303E+00  4.727E+01  2.887E-01  3.737E-01  3.647E-03  6.998E+00  3.393E-01
   12.0000     37.993  1.329E+00  4.777E+01  2.925E-01  3.814E-01  3.753E-03  7.147E+00  3.471E-01
   12.5000     38.390  1.312E+00  4.744E+01  2.900E-01  3.763E-01  3.682E-03  7.048E+00  3.419E-01
   13.0000     39.748  1.255E+00  4.626E+01  2.813E-01  3.587E-01  3.444E-03  6.710E+00  3.240E-01
------------------------------------------------------------
