Spectral Irradiance, W m-2 nm-1
values at z =      0.000 km
Columns: wavelength (nm), times (hrs.) or sza (deg.)
    wc, nm     11.000     11.500     12.000     12.500     13.000
    sza =      21.837     16.859     14.207     15.154     19.173
  280.5000  4.409E-13  9.782E-13  1.360E-12  1.218E-12  6.961E-13
  281.5000  1.061E-11  2.196E-11  2.967E-11  2.683E-11  1.610E-11
  282.5000  1.116E-10  2.175E-10  2.867E-10  2.464E-10  1.636E-10
  283.5000  4.661E-10  8.742E-10  1.134E-09  1.039E-09  6.684E-10
  284.5000  3.805E-09  6.649E-09  8.377E-09  7.752E-09  5.239E-09
  285.5000  1.126E-08  1.867E-08  2.301E-08  2.145E-08  1.504E-08
  286.5000  1.169E-07  1.862E-07  2.257E-07  2.116E-07  1.456E-07
  287.5000  5.805E-07  8.845E-07  1.053E-06  9.931E-07  7.181E-07
  288.5000  2.490E-06  3.614E-06  4.217E-06  4.004E-06  3.082E-06
  289.5000  1.223E-05  1.714E-05  1.972E-05  1.881E-05  1.484E-05
  290.5000  4.456E-05  6.067E-05  6.895E-05  6.605E-05  5.317E-05
  291.5000  1.260E-04  1.660E-04  1.861E-04  1.791E-04  1.476E-04
  292.5000  2.759E-04  3.537E-04  3.921E-04  3.788E-04  3.180E-04
  293.5000  7.274E-04  9.091E-04  9.972E-04  9.667E-04  8.264E-04
  294.5000  1.287E-03  1.576E-03  1.715E-03  1.667E-03  1.445E-03
  295.5000  2.995E-03  3.592E-03  3.874E-03  3.777E-03  3.324E-03
  296.5000  4.905E-03  5.780E-03  6.188E-03  6.048E-03  5.388E-03
  297.5000  8.891E-03  1.017E-02  1.097E-02  1.075E-02  9.680E-03
  298.5000  1.012E-02  1.158E-02  1.226E-02  1.203E-02  1.093E-02
  299.5000  2.158E-02  2.442E-02  2.570E-02  2.526E-02  2.316E-02
  300.5000  1.957E-02  2.192E-02  2.299E-02  2.262E-02  2.088E-02
  301.5000  3.746E-02  4.155E-02  4.338E-02  4.275E-02  3.974E-02
  302.5000  4.560E-02  5.024E-02  5.231E-02  5.161E-02  4.820E-02
  303.5000  7.570E-02  8.274E-02  8.587E-02  8.481E-02  7.965E-02
  304.5000  8.156E-02  8.874E-02  9.192E-02  9.084E-02  8.559E-02
  305.5000  1.054E-01  1.139E-01  1.176E-01  1.163E-01  1.101E-01
  306.5000  1.090E-01  1.175E-01  1.212E-01  1.199E-01  1.138E-01
  307.5000  1.545E-01  1.655E-01  1.704E-01  1.687E-01  1.607E-01
  308.5000  1.718E-01  1.837E-01  1.889E-01  1.871E-01  1.785E-01
  309.5000  1.497E-01  1.594E-01  1.637E-01  1.622E-01  1.552E-01
  310.5000  2.022E-01  2.147E-01  2.202E-01  2.184E-01  2.092E-01
  311.5000  2.587E-01  2.743E-01  2.811E-01  2.788E-01  2.675E-01
  312.5000  2.499E-01  2.642E-01  2.704E-01  2.683E-01  2.580E-01
  313.5000  2.819E-01  2.987E-01  3.056E-01  3.033E-01  2.918E-01
  314.5000  2.801E-01  2.951E-01  3.016E-01  2.994E-01  2.886E-01
  315.5000  2.889E-01  3.041E-01  3.108E-01  3.085E-01  2.975E-01
  316.5000  2.857E-01  3.001E-01  3.064E-01  3.043E-01  2.938E-01
  317.5000  4.039E-01  4.243E-01  4.332E-01  4.302E-01  4.154E-01
  318.5000  3.156E-01  3.309E-01  3.375E-01  3.352E-01  3.242E-01
  319.5000  3.845E-01  4.029E-01  4.110E-01  4.082E-01  3.949E-01
  320.5000  4.670E-01  4.892E-01  4.988E-01  4.955E-01  4.795E-01
  321.5000  3.938E-01  4.118E-01  4.196E-01  4.170E-01  4.040E-01
  322.5000  3.985E-01  4.172E-01  4.253E-01  4.226E-01  4.091E-01
  323.5000  4.069E-01  4.251E-01  4.331E-01  4.304E-01  4.172E-01
  324.5000  4.777E-01  4.990E-01  5.083E-01  5.052E-01  4.897E-01
  325.5000  5.360E-01  5.600E-01  5.705E-01  5.670E-01  5.495E-01
  326.5000  6.438E-01  6.721E-01  6.842E-01  6.799E-01  6.599E-01
  327.5000  6.011E-01  6.275E-01  6.389E-01  6.350E-01  6.160E-01
  328.5000  5.549E-01  5.792E-01  5.897E-01  5.861E-01  5.686E-01
  329.5000  7.151E-01  7.456E-01  7.588E-01  7.543E-01  7.323E-01
  330.5000  6.516E-01  6.796E-01  6.918E-01  6.876E-01  6.674E-01
  331.5000  6.441E-01  6.718E-01  6.839E-01  6.798E-01  6.598E-01
  332.5000  6.313E-01  6.580E-01  6.695E-01  6.656E-01  6.464E-01
  333.5000  5.943E-01  6.195E-01  6.304E-01  6.267E-01  6.085E-01
  334.5000  6.632E-01  6.912E-01  7.033E-01  6.992E-01  6.790E-01
  335.5000  6.705E-01  6.986E-01  7.107E-01  7.066E-01  6.864E-01
  336.5000  5.245E-01  5.464E-01  5.559E-01  5.527E-01  5.368E-01
  337.5000  5.765E-01  6.007E-01  6.112E-01  6.077E-01  5.902E-01
  338.5000  6.069E-01  6.321E-01  6.430E-01  6.393E-01  6.211E-01
  339.5000  6.594E-01  6.867E-01  6.985E-01  6.945E-01  6.748E-01
  340.5000  7.054E-01  7.347E-01  7.474E-01  7.431E-01  7.219E-01
  341.5000  6.256E-01  6.514E-01  6.625E-01  6.587E-01  6.401E-01
  342.5000  6.927E-01  7.212E-01  7.335E-01  7.293E-01  7.088E-01
  343.5000  7.196E-01  7.492E-01  7.620E-01  7.577E-01  7.363E-01
  344.5000  5.045E-01  5.253E-01  5.342E-01  5.312E-01  5.162E-01
  345.5000  6.902E-01  7.184E-01  7.306E-01  7.264E-01  7.061E-01
  346.5000  6.459E-01  6.724E-01  6.838E-01  6.799E-01  6.609E-01
  347.5000  6.309E-01  6.567E-01  6.678E-01  6.640E-01  6.454E-01
  348.5000  6.930E-01  7.212E-01  7.334E-01  7.293E-01  7.089E-01
  349.5000  5.806E-01  6.042E-01  6.145E-01  6.110E-01  5.940E-01
  350.5000  8.126E-01  8.457E-01  8.599E-01  8.551E-01  8.313E-01
  351.5000  7.003E-01  7.287E-01  7.410E-01  7.368E-01  7.163E-01
  352.5000  6.313E-01  6.569E-01  6.679E-01  6.642E-01  6.457E-01
  353.5000  7.596E-01  7.903E-01  8.036E-01  7.991E-01  7.769E-01
  354.5000  8.218E-01  8.549E-01  8.692E-01  8.644E-01  8.405E-01
  355.5000  7.677E-01  7.987E-01  8.120E-01  8.075E-01  7.852E-01
  356.5000  7.123E-01  7.409E-01  7.533E-01  7.491E-01  7.284E-01
  357.5000  6.055E-01  6.298E-01  6.403E-01  6.368E-01  6.192E-01
  358.5000  4.671E-01  4.858E-01  4.939E-01  4.912E-01  4.777E-01
  359.5000  7.859E-01  8.173E-01  8.309E-01  8.263E-01  8.036E-01
  360.5000  7.282E-01  7.573E-01  7.699E-01  7.656E-01  7.446E-01
  361.5000  6.563E-01  6.825E-01  6.938E-01  6.900E-01  6.711E-01
  362.5000  7.705E-01  8.011E-01  8.144E-01  8.099E-01  7.878E-01
  363.5000  6.852E-01  7.124E-01  7.242E-01  7.202E-01  7.005E-01
  364.5000  7.472E-01  7.769E-01  7.897E-01  7.854E-01  7.640E-01
  365.5000  9.103E-01  9.464E-01  9.620E-01  9.567E-01  9.306E-01
  366.5000  9.631E-01  1.001E+00  1.018E+00  1.012E+00  9.846E-01
  367.5000  9.141E-01  9.503E-01  9.659E-01  9.606E-01  9.345E-01
  368.5000  8.028E-01  8.345E-01  8.482E-01  8.435E-01  8.207E-01
  369.5000  9.627E-01  1.001E+00  1.017E+00  1.011E+00  9.841E-01
  370.5000  8.732E-01  9.076E-01  9.224E-01  9.174E-01  8.926E-01
  371.5000  9.988E-01  1.038E+00  1.055E+00  1.049E+00  1.021E+00
  372.5000  7.376E-01  7.666E-01  7.791E-01  7.748E-01  7.539E-01
  373.5000  6.665E-01  6.927E-01  7.039E-01  7.001E-01  6.813E-01
  374.5000  7.313E-01  7.600E-01  7.723E-01  7.682E-01  7.475E-01
  375.5000  8.249E-01  8.572E-01  8.711E-01  8.664E-01  8.431E-01
  376.5000  8.235E-01  8.557E-01  8.696E-01  8.649E-01  8.417E-01
  377.5000  9.804E-01  1.019E+00  1.035E+00  1.030E+00  1.002E+00
  378.5000  1.068E+00  1.110E+00  1.128E+00  1.122E+00  1.092E+00
  379.5000  7.902E-01  8.209E-01  8.342E-01  8.297E-01  8.075E-01
  380.5000  9.501E-01  9.870E-01  1.003E+00  9.975E-01  9.709E-01
  381.5000  8.925E-01  9.272E-01  9.421E-01  9.370E-01  9.121E-01
  382.5000  5.946E-01  6.176E-01  6.276E-01  6.242E-01  6.076E-01
  383.5000  5.220E-01  5.422E-01  5.509E-01  5.480E-01  5.334E-01
  384.5000  7.832E-01  8.134E-01  8.265E-01  8.221E-01  8.003E-01
  385.5000  7.747E-01  8.046E-01  8.175E-01  8.131E-01  7.916E-01
  386.5000  7.895E-01  8.199E-01  8.331E-01  8.286E-01  8.067E-01
  387.5000  7.335E-01  7.618E-01  7.740E-01  7.699E-01  7.495E-01
  388.5000  7.351E-01  7.634E-01  7.756E-01  7.715E-01  7.511E-01
  389.5000  9.268E-01  9.624E-01  9.778E-01  9.726E-01  9.469E-01
  390.5000  9.102E-01  9.451E-01  9.602E-01  9.551E-01  9.299E-01
  391.5000  1.080E+00  1.121E+00  1.139E+00  1.133E+00  1.103E+00
  392.5000  8.094E-01  8.404E-01  8.537E-01  8.492E-01  8.269E-01
  393.5000  3.518E-01  3.653E-01  3.711E-01  3.691E-01  3.594E-01
  394.5000  8.277E-01  8.593E-01  8.730E-01  8.683E-01  8.456E-01
  395.5000  1.065E+00  1.105E+00  1.123E+00  1.117E+00  1.088E+00
  396.5000  6.251E-01  6.489E-01  6.592E-01  6.557E-01  6.386E-01
  397.5000  7.212E-01  7.487E-01  7.605E-01  7.565E-01  7.367E-01
  398.5000  1.239E+00  1.286E+00  1.307E+00  1.300E+00  1.266E+00
  399.5000  1.289E+00  1.338E+00  1.359E+00  1.351E+00  1.316E+00
  400.5000  1.355E+00  1.406E+00  1.428E+00  1.421E+00  1.384E+00
  401.5000  1.393E+00  1.446E+00  1.469E+00  1.461E+00  1.423E+00
  402.5000  1.446E+00  1.501E+00  1.525E+00  1.517E+00  1.477E+00
  403.5000  1.324E+00  1.374E+00  1.395E+00  1.388E+00  1.352E+00
  404.5000  1.298E+00  1.347E+00  1.368E+00  1.361E+00  1.326E+00
  405.5000  1.348E+00  1.399E+00  1.421E+00  1.414E+00  1.377E+00
  406.5000  1.270E+00  1.318E+00  1.338E+00  1.331E+00  1.297E+00
  407.5000  1.280E+00  1.328E+00  1.349E+00  1.342E+00  1.307E+00
  408.5000  1.425E+00  1.479E+00  1.502E+00  1.494E+00  1.456E+00
  409.5000  1.397E+00  1.449E+00  1.472E+00  1.464E+00  1.427E+00
  410.5000  1.211E+00  1.257E+00  1.276E+00  1.270E+00  1.237E+00
  411.5000  1.456E+00  1.510E+00  1.534E+00  1.526E+00  1.487E+00
  412.5000  1.443E+00  1.497E+00  1.520E+00  1.512E+00  1.473E+00
  413.5000  1.399E+00  1.451E+00  1.474E+00  1.466E+00  1.429E+00
  414.5000  1.438E+00  1.491E+00  1.515E+00  1.507E+00  1.468E+00
  415.5000  1.375E+00  1.426E+00  1.448E+00  1.441E+00  1.404E+00
  416.5000  1.496E+00  1.552E+00  1.576E+00  1.568E+00  1.528E+00
  417.5000  1.368E+00  1.419E+00  1.441E+00  1.433E+00  1.396E+00
  418.5000  1.378E+00  1.430E+00  1.452E+00  1.444E+00  1.407E+00
  419.5000  1.424E+00  1.477E+00  1.499E+00  1.492E+00  1.453E+00
------------------------------------------------------------
Dose rates, W m-2
   1 = UV-B, 280-315 nm                                  
   2 = UV-A, 315-400 nm                                  
   3 = Gaussian, 320 nm, 10 nm FWHM                      
   4 = RB Meter, model 501                               
   5 = DNA damage, in vitro (Setlow, 1974)               
   6 = UV index (WMO, 1994; Webb et al., 2011)           
   7 = Previtamin-D3 (CIE 2006)                          
values at z =      0.000 km
Columns: time, sza, weighting spectra
time, hrs.  sza, deg.          1          2          3          4          5          6          7
   11.0000     21.837  2.274E+00  5.990E+01  3.944E-01  7.001E-01  9.911E-03  1.380E+01  6.941E-01
   11.5000     16.859  2.431E+00  6.233E+01  4.132E-01  7.536E-01  1.102E-02  1.494E+01  7.514E-01
   12.0000     14.207  2.500E+00  6.337E+01  4.214E-01  7.774E-01  1.154E-02  1.546E+01  7.771E-01
   12.5000     15.154  2.476E+00  6.302E+01  4.186E-01  7.694E-01  1.136E-02  1.529E+01  7.684E-01
   13.0000     19.173  2.363E+00  6.127E+01  4.050E-01  7.302E-01  1.053E-02  1.445E+01  7.263E-01
------------------------------------------------------------
