Spectral Irradiance, W m-2 nm-1
values at z =      0.000 km
Columns: wavelength (nm), times (hrs.) or sza (deg.)
    wc, nm     11.000     11.500     12.000     12.500     13.000
    sza =      82.832     82.615     82.525     82.566     82.739
  280.5000  3.631E-26  3.702E-26  3.731E-26  3.718E-26  3.661E-26
  281.5000  7.686E-24  7.838E-24  7.900E-24  7.872E-24  7.751E-24
  282.5000  5.242E-22  5.345E-22  5.389E-22  5.369E-22  5.286E-22
  283.5000  7.344E-21  7.490E-21  7.551E-21  7.523E-21  7.406E-21
  284.5000  5.543E-19  5.655E-19  5.701E-19  5.680E-19  5.591E-19
  285.5000  8.521E-18  8.695E-18  8.767E-18  8.734E-18  8.595E-18
  286.5000  3.142E-16  3.207E-16  3.234E-16  3.222E-16  3.170E-16
  287.5000  6.414E-15  6.547E-15  6.603E-15  6.577E-15  6.470E-15
  288.5000  1.291E-13  1.319E-13  1.330E-13  1.325E-13  1.303E-13
  289.5000  1.925E-12  1.967E-12  1.984E-12  1.976E-12  1.943E-12
  290.5000  1.792E-11  1.831E-11  1.848E-11  1.840E-11  1.809E-11
  291.5000  1.481E-10  1.514E-10  1.528E-10  1.522E-10  1.495E-10
  292.5000  7.866E-10  8.047E-10  8.122E-10  8.088E-10  7.943E-10
  293.5000  4.822E-09  4.936E-09  4.983E-09  4.961E-09  4.870E-09
  294.5000  1.667E-08  1.707E-08  1.724E-08  1.716E-08  1.684E-08
  295.5000  7.998E-08  8.200E-08  8.284E-08  8.245E-08  8.084E-08
  296.5000  2.423E-07  2.486E-07  2.512E-07  2.500E-07  2.450E-07
  297.5000  7.627E-07  7.833E-07  7.919E-07  7.880E-07  7.715E-07
  298.5000  1.402E-06  1.441E-06  1.457E-06  1.450E-06  1.418E-06
  299.5000  4.769E-06  4.909E-06  4.968E-06  4.941E-06  4.828E-06
  300.5000  6.284E-06  6.476E-06  6.556E-06  6.519E-06  6.365E-06
  301.5000  1.843E-05  1.902E-05  1.927E-05  1.916E-05  1.868E-05
  302.5000  3.013E-05  3.115E-05  3.158E-05  3.138E-05  3.056E-05
  303.5000  7.278E-05  7.543E-05  7.655E-05  7.603E-05  7.390E-05
  304.5000  9.885E-05  1.026E-04  1.043E-04  1.035E-04  1.005E-04
  305.5000  1.873E-04  1.954E-04  1.988E-04  1.972E-04  1.907E-04
  306.5000  2.317E-04  2.422E-04  2.466E-04  2.446E-04  2.361E-04
  307.5000  4.863E-04  5.110E-04  5.216E-04  5.167E-04  4.967E-04
  308.5000  6.385E-04  6.724E-04  6.869E-04  6.802E-04  6.528E-04
  309.5000  7.680E-04  8.115E-04  8.302E-04  8.216E-04  7.864E-04
  310.5000  1.342E-03  1.420E-03  1.454E-03  1.439E-03  1.375E-03
  311.5000  2.058E-03  2.180E-03  2.232E-03  2.208E-03  2.110E-03
  312.5000  2.847E-03  3.015E-03  3.086E-03  3.053E-03  2.918E-03
  313.5000  3.514E-03  3.720E-03  3.808E-03  3.767E-03  3.601E-03
  314.5000  4.910E-03  5.185E-03  5.302E-03  5.249E-03  5.027E-03
  315.5000  5.359E-03  5.657E-03  5.783E-03  5.725E-03  5.485E-03
  316.5000  7.063E-03  7.432E-03  7.587E-03  7.516E-03  7.219E-03
  317.5000  9.982E-03  1.050E-02  1.072E-02  1.062E-02  1.020E-02
  318.5000  1.028E-02  1.078E-02  1.098E-02  1.089E-02  1.049E-02
  319.5000  1.320E-02  1.383E-02  1.409E-02  1.397E-02  1.347E-02
  320.5000  1.711E-02  1.791E-02  1.824E-02  1.809E-02  1.745E-02
  321.5000  1.881E-02  1.960E-02  1.992E-02  1.977E-02  1.915E-02
  322.5000  1.549E-02  1.619E-02  1.649E-02  1.635E-02  1.579E-02
  323.5000  2.192E-02  2.278E-02  2.314E-02  2.298E-02  2.229E-02
  324.5000  2.541E-02  2.642E-02  2.684E-02  2.664E-02  2.584E-02
  325.5000  2.731E-02  2.842E-02  2.888E-02  2.867E-02  2.778E-02
  326.5000  4.111E-02  4.260E-02  4.322E-02  4.293E-02  4.175E-02
  327.5000  3.567E-02  3.702E-02  3.758E-02  3.732E-02  3.625E-02
  328.5000  3.303E-02  3.427E-02  3.479E-02  3.455E-02  3.356E-02
  329.5000  5.040E-02  5.212E-02  5.284E-02  5.251E-02  5.114E-02
  330.5000  4.283E-02  4.436E-02  4.500E-02  4.470E-02  4.348E-02
  331.5000  4.177E-02  4.327E-02  4.390E-02  4.361E-02  4.241E-02
  332.5000  4.631E-02  4.786E-02  4.850E-02  4.820E-02  4.697E-02
  333.5000  4.138E-02  4.281E-02  4.341E-02  4.313E-02  4.199E-02
  334.5000  4.749E-02  4.910E-02  4.978E-02  4.947E-02  4.818E-02
  335.5000  5.097E-02  5.264E-02  5.333E-02  5.301E-02  5.168E-02
  336.5000  3.922E-02  4.052E-02  4.106E-02  4.081E-02  3.977E-02
  337.5000  4.140E-02  4.281E-02  4.339E-02  4.312E-02  4.200E-02
  338.5000  4.641E-02  4.792E-02  4.856E-02  4.827E-02  4.705E-02
  339.5000  5.089E-02  5.254E-02  5.323E-02  5.292E-02  5.160E-02
  340.5000  5.327E-02  5.503E-02  5.576E-02  5.543E-02  5.402E-02
  341.5000  4.881E-02  5.039E-02  5.105E-02  5.075E-02  4.948E-02
  342.5000  5.441E-02  5.616E-02  5.690E-02  5.656E-02  5.516E-02
  343.5000  5.597E-02  5.779E-02  5.855E-02  5.820E-02  5.674E-02
  344.5000  3.880E-02  4.007E-02  4.061E-02  4.036E-02  3.934E-02
  345.5000  5.480E-02  5.656E-02  5.729E-02  5.696E-02  5.555E-02
  346.5000  5.038E-02  5.203E-02  5.271E-02  5.240E-02  5.109E-02
  347.5000  4.937E-02  5.098E-02  5.165E-02  5.134E-02  5.005E-02
  348.5000  5.465E-02  5.642E-02  5.716E-02  5.682E-02  5.540E-02
  349.5000  4.579E-02  4.728E-02  4.790E-02  4.761E-02  4.642E-02
  350.5000  6.425E-02  6.634E-02  6.720E-02  6.681E-02  6.514E-02
  351.5000  5.528E-02  5.708E-02  5.783E-02  5.748E-02  5.605E-02
  352.5000  4.999E-02  5.162E-02  5.230E-02  5.199E-02  5.069E-02
  353.5000  6.042E-02  6.238E-02  6.320E-02  6.282E-02  6.126E-02
  354.5000  6.562E-02  6.774E-02  6.863E-02  6.822E-02  6.653E-02
  355.5000  6.138E-02  6.337E-02  6.420E-02  6.382E-02  6.223E-02
  356.5000  5.699E-02  5.884E-02  5.961E-02  5.926E-02  5.778E-02
  357.5000  4.847E-02  5.004E-02  5.070E-02  5.040E-02  4.914E-02
  358.5000  3.748E-02  3.870E-02  3.920E-02  3.897E-02  3.800E-02
  359.5000  6.312E-02  6.517E-02  6.602E-02  6.563E-02  6.399E-02
  360.5000  5.855E-02  6.046E-02  6.125E-02  6.089E-02  5.937E-02
  361.5000  5.288E-02  5.460E-02  5.532E-02  5.499E-02  5.361E-02
  362.5000  6.217E-02  6.420E-02  6.504E-02  6.465E-02  6.304E-02
  363.5000  5.536E-02  5.716E-02  5.791E-02  5.757E-02  5.613E-02
  364.5000  6.042E-02  6.239E-02  6.321E-02  6.283E-02  6.126E-02
  365.5000  7.364E-02  7.605E-02  7.705E-02  7.659E-02  7.467E-02
  366.5000  7.803E-02  8.058E-02  8.164E-02  8.116E-02  7.912E-02
  367.5000  7.418E-02  7.660E-02  7.762E-02  7.715E-02  7.521E-02
  368.5000  6.521E-02  6.735E-02  6.824E-02  6.783E-02  6.612E-02
  369.5000  7.828E-02  8.085E-02  8.192E-02  8.143E-02  7.938E-02
  370.5000  7.108E-02  7.341E-02  7.438E-02  7.394E-02  7.207E-02
  371.5000  8.140E-02  8.407E-02  8.519E-02  8.467E-02  8.254E-02
  372.5000  6.018E-02  6.216E-02  6.298E-02  6.261E-02  6.103E-02
  373.5000  5.443E-02  5.622E-02  5.697E-02  5.663E-02  5.520E-02
  374.5000  5.979E-02  6.175E-02  6.257E-02  6.220E-02  6.063E-02
  375.5000  6.752E-02  6.974E-02  7.067E-02  7.025E-02  6.847E-02
  376.5000  6.748E-02  6.971E-02  7.064E-02  7.021E-02  6.843E-02
  377.5000  8.043E-02  8.309E-02  8.419E-02  8.368E-02  8.156E-02
  378.5000  8.773E-02  9.063E-02  9.184E-02  9.129E-02  8.897E-02
  379.5000  6.496E-02  6.711E-02  6.801E-02  6.759E-02  6.588E-02
  380.5000  7.819E-02  8.078E-02  8.186E-02  8.137E-02  7.930E-02
  381.5000  7.354E-02  7.598E-02  7.700E-02  7.653E-02  7.458E-02
  382.5000  4.905E-02  5.068E-02  5.135E-02  5.104E-02  4.974E-02
  383.5000  4.311E-02  4.454E-02  4.514E-02  4.486E-02  4.372E-02
  384.5000  6.475E-02  6.690E-02  6.780E-02  6.739E-02  6.567E-02
  385.5000  6.412E-02  6.626E-02  6.715E-02  6.674E-02  6.503E-02
  386.5000  6.542E-02  6.760E-02  6.851E-02  6.810E-02  6.635E-02
  387.5000  6.086E-02  6.289E-02  6.374E-02  6.335E-02  6.172E-02
  388.5000  6.106E-02  6.310E-02  6.395E-02  6.356E-02  6.193E-02
  389.5000  7.707E-02  7.965E-02  8.072E-02  8.023E-02  7.817E-02
  390.5000  7.577E-02  7.831E-02  7.937E-02  7.889E-02  7.686E-02
  391.5000  8.999E-02  9.300E-02  9.426E-02  9.369E-02  9.127E-02
  392.5000  6.755E-02  6.981E-02  7.076E-02  7.033E-02  6.851E-02
  393.5000  2.939E-02  3.038E-02  3.080E-02  3.061E-02  2.982E-02
  394.5000  6.924E-02  7.157E-02  7.254E-02  7.209E-02  7.023E-02
  395.5000  8.917E-02  9.218E-02  9.343E-02  9.286E-02  9.045E-02
  396.5000  5.242E-02  5.419E-02  5.492E-02  5.459E-02  5.317E-02
  397.5000  6.055E-02  6.260E-02  6.345E-02  6.306E-02  6.143E-02
  398.5000  1.042E-01  1.077E-01  1.092E-01  1.085E-01  1.057E-01
  399.5000  1.085E-01  1.121E-01  1.137E-01  1.130E-01  1.100E-01
  400.5000  1.141E-01  1.180E-01  1.196E-01  1.189E-01  1.158E-01
  401.5000  1.176E-01  1.216E-01  1.232E-01  1.225E-01  1.193E-01
  402.5000  1.222E-01  1.263E-01  1.281E-01  1.273E-01  1.240E-01
  403.5000  1.120E-01  1.158E-01  1.174E-01  1.166E-01  1.136E-01
  404.5000  1.099E-01  1.137E-01  1.152E-01  1.145E-01  1.115E-01
  405.5000  1.143E-01  1.182E-01  1.199E-01  1.191E-01  1.160E-01
  406.5000  1.078E-01  1.115E-01  1.130E-01  1.123E-01  1.094E-01
  407.5000  1.088E-01  1.125E-01  1.141E-01  1.134E-01  1.104E-01
  408.5000  1.213E-01  1.255E-01  1.272E-01  1.264E-01  1.231E-01
  409.5000  1.191E-01  1.231E-01  1.248E-01  1.241E-01  1.208E-01
  410.5000  1.034E-01  1.069E-01  1.084E-01  1.077E-01  1.049E-01
  411.5000  1.244E-01  1.287E-01  1.305E-01  1.296E-01  1.262E-01
  412.5000  1.235E-01  1.277E-01  1.295E-01  1.287E-01  1.253E-01
  413.5000  1.199E-01  1.240E-01  1.257E-01  1.249E-01  1.217E-01
  414.5000  1.234E-01  1.276E-01  1.294E-01  1.286E-01  1.252E-01
  415.5000  1.181E-01  1.222E-01  1.239E-01  1.231E-01  1.199E-01
  416.5000  1.287E-01  1.332E-01  1.350E-01  1.342E-01  1.306E-01
  417.5000  1.178E-01  1.219E-01  1.236E-01  1.228E-01  1.195E-01
  418.5000  1.189E-01  1.230E-01  1.247E-01  1.239E-01  1.206E-01
  419.5000  1.230E-01  1.272E-01  1.290E-01  1.282E-01  1.248E-01
------------------------------------------------------------
Dose rates, W m-2
   1 = UV-B, 280-315 nm                                  
   2 = UV-A, 315-400 nm                                  
   3 = Gaussian, 320 nm, 10 nm FWHM                      
   4 = RB Meter, model 501                               
   5 = DNA damage, in vitro (Setlow, 1974)               
   6 = UV index (WMO, 1994; Webb et al., 2011)           
   7 = Previtamin-D3 (CIE 2006)                          
values at z =      0.000 km
Columns: time, sza, weighting spectra
time, hrs.  sza, deg.          1          2          3          4          5          6          7
   11.0000     82.832  1.722E-02  4.588E+00  1.561E-02  6.928E-03  2.996E-05  1.774E-01  3.067E-03
   11.5000     82.615  1.820E-02  4.742E+00  1.628E-02  7.259E-03  3.132E-05  1.848E-01  3.229E-03
   12.0000     82.525  1.861E-02  4.806E+00  1.657E-02  7.399E-03  3.189E-05  1.879E-01  3.297E-03
   12.5000     82.566  1.842E-02  4.776E+00  1.644E-02  7.335E-03  3.163E-05  1.865E-01  3.266E-03
   13.0000     82.739  1.763E-02  4.653E+00  1.589E-02  7.069E-03  3.054E-05  1.806E-01  3.135E-03
------------------------------------------------------------
