Spectral Irradiance, W m-2 nm-1
values at z =      0.000 km
Columns: wavelength (nm), times (hrs.) or sza (deg.)
    wc, nm     11.000     11.500     12.000     12.500     13.000
    sza =      88.087     88.022     87.990     87.991     88.022
  280.5000  1.083E-36  1.096E-36  1.103E-36  1.103E-36  1.096E-36
  281.5000  1.994E-33  2.019E-33  2.031E-33  2.031E-33  2.019E-33
  282.5000  8.708E-31  8.816E-31  8.869E-31  8.868E-31  8.816E-31
  283.5000  4.069E-29  4.120E-29  4.144E-29  4.144E-29  4.120E-29
  284.5000  2.764E-26  2.798E-26  2.815E-26  2.814E-26  2.798E-26
  285.5000  2.153E-24  2.179E-24  2.192E-24  2.192E-24  2.179E-24
  286.5000  2.759E-22  2.792E-22  2.809E-22  2.809E-22  2.792E-22
  287.5000  2.240E-20  2.268E-20  2.281E-20  2.281E-20  2.268E-20
  288.5000  2.018E-18  2.042E-18  2.054E-18  2.054E-18  2.042E-18
  289.5000  8.766E-17  8.872E-17  8.924E-17  8.923E-17  8.872E-17
  290.5000  2.001E-15  2.025E-15  2.037E-15  2.037E-15  2.025E-15
  291.5000  4.557E-14  4.612E-14  4.639E-14  4.639E-14  4.612E-14
  292.5000  5.533E-13  5.600E-13  5.633E-13  5.633E-13  5.600E-13
  293.5000  7.356E-12  7.446E-12  7.490E-12  7.489E-12  7.446E-12
  294.5000  4.645E-11  4.702E-11  4.730E-11  4.729E-11  4.702E-11
  295.5000  4.208E-10  4.260E-10  4.286E-10  4.285E-10  4.260E-10
  296.5000  2.149E-09  2.176E-09  2.189E-09  2.189E-09  2.176E-09
  297.5000  1.063E-08  1.077E-08  1.083E-08  1.083E-08  1.077E-08
  298.5000  2.843E-08  2.880E-08  2.898E-08  2.898E-08  2.880E-08
  299.5000  1.369E-07  1.387E-07  1.395E-07  1.395E-07  1.387E-07
  300.5000  2.336E-07  2.367E-07  2.382E-07  2.382E-07  2.367E-07
  301.5000  8.986E-07  9.109E-07  9.169E-07  9.168E-07  9.109E-07
  302.5000  1.742E-06  1.767E-06  1.778E-06  1.778E-06  1.767E-06
  303.5000  5.086E-06  5.158E-06  5.194E-06  5.193E-06  5.158E-06
  304.5000  7.641E-06  7.753E-06  7.807E-06  7.806E-06  7.753E-06
  305.5000  1.648E-05  1.673E-05  1.685E-05  1.685E-05  1.673E-05
  306.5000  2.136E-05  2.169E-05  2.186E-05  2.185E-05  2.169E-05
  307.5000  4.766E-05  4.843E-05  4.881E-05  4.880E-05  4.843E-05
  308.5000  6.359E-05  6.464E-05  6.515E-05  6.514E-05  6.464E-05
  309.5000  7.699E-05  7.832E-05  7.897E-05  7.896E-05  7.832E-05
  310.5000  1.340E-04  1.364E-04  1.376E-04  1.376E-04  1.364E-04
  311.5000  2.040E-04  2.077E-04  2.096E-04  2.095E-04  2.077E-04
  312.5000  2.787E-04  2.842E-04  2.868E-04  2.868E-04  2.842E-04
  313.5000  3.446E-04  3.514E-04  3.548E-04  3.547E-04  3.514E-04
  314.5000  4.870E-04  4.974E-04  5.025E-04  5.024E-04  4.974E-04
  315.5000  5.371E-04  5.487E-04  5.544E-04  5.543E-04  5.487E-04
  316.5000  7.498E-04  7.674E-04  7.761E-04  7.760E-04  7.674E-04
  317.5000  1.061E-03  1.086E-03  1.098E-03  1.098E-03  1.086E-03
  318.5000  1.227E-03  1.258E-03  1.274E-03  1.273E-03  1.258E-03
  319.5000  1.629E-03  1.671E-03  1.692E-03  1.691E-03  1.671E-03
  320.5000  2.199E-03  2.256E-03  2.284E-03  2.284E-03  2.256E-03
  321.5000  3.070E-03  3.151E-03  3.191E-03  3.190E-03  3.151E-03
  322.5000  2.074E-03  2.129E-03  2.155E-03  2.155E-03  2.129E-03
  323.5000  4.105E-03  4.210E-03  4.262E-03  4.261E-03  4.210E-03
  324.5000  4.681E-03  4.801E-03  4.861E-03  4.860E-03  4.801E-03
  325.5000  4.758E-03  4.882E-03  4.943E-03  4.942E-03  4.882E-03
  326.5000  9.735E-03  9.967E-03  1.008E-02  1.008E-02  9.967E-03
  327.5000  7.573E-03  7.762E-03  7.854E-03  7.853E-03  7.762E-03
  328.5000  7.014E-03  7.189E-03  7.275E-03  7.273E-03  7.189E-03
  329.5000  1.393E-02  1.424E-02  1.439E-02  1.439E-02  1.424E-02
  330.5000  1.054E-02  1.079E-02  1.091E-02  1.091E-02  1.079E-02
  331.5000  1.004E-02  1.027E-02  1.039E-02  1.039E-02  1.027E-02
  332.5000  1.363E-02  1.392E-02  1.407E-02  1.406E-02  1.392E-02
  333.5000  1.112E-02  1.137E-02  1.150E-02  1.150E-02  1.137E-02
  334.5000  1.336E-02  1.365E-02  1.380E-02  1.380E-02  1.365E-02
  335.5000  1.590E-02  1.623E-02  1.639E-02  1.639E-02  1.623E-02
  336.5000  1.186E-02  1.211E-02  1.223E-02  1.223E-02  1.211E-02
  337.5000  1.163E-02  1.189E-02  1.202E-02  1.201E-02  1.189E-02
  338.5000  1.455E-02  1.485E-02  1.500E-02  1.500E-02  1.485E-02
  339.5000  1.620E-02  1.653E-02  1.669E-02  1.669E-02  1.653E-02
  340.5000  1.627E-02  1.661E-02  1.678E-02  1.678E-02  1.661E-02
  341.5000  1.579E-02  1.611E-02  1.627E-02  1.627E-02  1.611E-02
  342.5000  1.779E-02  1.815E-02  1.833E-02  1.832E-02  1.815E-02
  343.5000  1.794E-02  1.830E-02  1.848E-02  1.848E-02  1.830E-02
  344.5000  1.216E-02  1.241E-02  1.254E-02  1.253E-02  1.241E-02
  345.5000  1.819E-02  1.855E-02  1.873E-02  1.872E-02  1.855E-02
  346.5000  1.614E-02  1.647E-02  1.664E-02  1.663E-02  1.647E-02
  347.5000  1.588E-02  1.621E-02  1.637E-02  1.636E-02  1.621E-02
  348.5000  1.780E-02  1.816E-02  1.834E-02  1.834E-02  1.816E-02
  349.5000  1.489E-02  1.519E-02  1.534E-02  1.534E-02  1.519E-02
  350.5000  2.095E-02  2.138E-02  2.158E-02  2.158E-02  2.138E-02
  351.5000  1.794E-02  1.830E-02  1.848E-02  1.848E-02  1.830E-02
  352.5000  1.629E-02  1.662E-02  1.678E-02  1.678E-02  1.662E-02
  353.5000  1.981E-02  2.021E-02  2.041E-02  2.040E-02  2.021E-02
  354.5000  2.163E-02  2.207E-02  2.228E-02  2.227E-02  2.207E-02
  355.5000  2.024E-02  2.065E-02  2.085E-02  2.084E-02  2.065E-02
  356.5000  1.878E-02  1.916E-02  1.935E-02  1.934E-02  1.916E-02
  357.5000  1.595E-02  1.627E-02  1.643E-02  1.643E-02  1.627E-02
  358.5000  1.237E-02  1.262E-02  1.274E-02  1.274E-02  1.262E-02
  359.5000  2.083E-02  2.124E-02  2.145E-02  2.144E-02  2.124E-02
  360.5000  1.932E-02  1.971E-02  1.990E-02  1.990E-02  1.971E-02
  361.5000  1.748E-02  1.783E-02  1.800E-02  1.800E-02  1.783E-02
  362.5000  2.057E-02  2.098E-02  2.118E-02  2.118E-02  2.098E-02
  363.5000  1.832E-02  1.868E-02  1.886E-02  1.886E-02  1.868E-02
  364.5000  1.998E-02  2.038E-02  2.057E-02  2.057E-02  2.038E-02
  365.5000  2.432E-02  2.481E-02  2.505E-02  2.504E-02  2.481E-02
  366.5000  2.579E-02  2.630E-02  2.656E-02  2.655E-02  2.630E-02
  367.5000  2.453E-02  2.502E-02  2.526E-02  2.526E-02  2.502E-02
  368.5000  2.156E-02  2.199E-02  2.220E-02  2.220E-02  2.199E-02
  369.5000  2.588E-02  2.639E-02  2.665E-02  2.664E-02  2.639E-02
  370.5000  2.349E-02  2.395E-02  2.418E-02  2.418E-02  2.395E-02
  371.5000  2.689E-02  2.743E-02  2.769E-02  2.769E-02  2.743E-02
  372.5000  1.988E-02  2.028E-02  2.047E-02  2.047E-02  2.028E-02
  373.5000  1.797E-02  1.833E-02  1.850E-02  1.850E-02  1.833E-02
  374.5000  1.973E-02  2.012E-02  2.031E-02  2.031E-02  2.012E-02
  375.5000  2.227E-02  2.272E-02  2.294E-02  2.293E-02  2.272E-02
  376.5000  2.226E-02  2.270E-02  2.292E-02  2.292E-02  2.270E-02
  377.5000  2.652E-02  2.705E-02  2.731E-02  2.730E-02  2.705E-02
  378.5000  2.891E-02  2.949E-02  2.977E-02  2.977E-02  2.949E-02
  379.5000  2.139E-02  2.182E-02  2.203E-02  2.203E-02  2.182E-02
  380.5000  2.574E-02  2.626E-02  2.651E-02  2.650E-02  2.626E-02
  381.5000  2.420E-02  2.468E-02  2.492E-02  2.492E-02  2.468E-02
  382.5000  1.613E-02  1.645E-02  1.661E-02  1.661E-02  1.645E-02
  383.5000  1.417E-02  1.445E-02  1.459E-02  1.459E-02  1.445E-02
  384.5000  2.127E-02  2.170E-02  2.191E-02  2.190E-02  2.170E-02
  385.5000  2.106E-02  2.148E-02  2.168E-02  2.168E-02  2.148E-02
  386.5000  2.147E-02  2.190E-02  2.211E-02  2.211E-02  2.190E-02
  387.5000  1.996E-02  2.036E-02  2.056E-02  2.055E-02  2.036E-02
  388.5000  2.002E-02  2.041E-02  2.061E-02  2.061E-02  2.041E-02
  389.5000  2.525E-02  2.575E-02  2.600E-02  2.600E-02  2.575E-02
  390.5000  2.481E-02  2.531E-02  2.555E-02  2.554E-02  2.531E-02
  391.5000  2.945E-02  3.003E-02  3.032E-02  3.032E-02  3.003E-02
  392.5000  2.209E-02  2.253E-02  2.275E-02  2.274E-02  2.253E-02
  393.5000  9.606E-03  9.798E-03  9.891E-03  9.890E-03  9.798E-03
  394.5000  2.261E-02  2.306E-02  2.328E-02  2.328E-02  2.306E-02
  395.5000  2.910E-02  2.968E-02  2.996E-02  2.996E-02  2.968E-02
  396.5000  1.709E-02  1.743E-02  1.760E-02  1.760E-02  1.743E-02
  397.5000  1.973E-02  2.013E-02  2.032E-02  2.032E-02  2.013E-02
  398.5000  3.393E-02  3.460E-02  3.493E-02  3.493E-02  3.460E-02
  399.5000  3.530E-02  3.600E-02  3.635E-02  3.634E-02  3.600E-02
  400.5000  3.712E-02  3.786E-02  3.822E-02  3.822E-02  3.786E-02
  401.5000  3.820E-02  3.896E-02  3.933E-02  3.933E-02  3.896E-02
  402.5000  3.967E-02  4.046E-02  4.084E-02  4.084E-02  4.046E-02
  403.5000  3.632E-02  3.704E-02  3.740E-02  3.739E-02  3.704E-02
  404.5000  3.564E-02  3.635E-02  3.670E-02  3.669E-02  3.635E-02
  405.5000  3.703E-02  3.777E-02  3.813E-02  3.813E-02  3.777E-02
  406.5000  3.489E-02  3.558E-02  3.592E-02  3.592E-02  3.558E-02
  407.5000  3.517E-02  3.588E-02  3.622E-02  3.621E-02  3.588E-02
  408.5000  3.917E-02  3.995E-02  4.033E-02  4.033E-02  3.995E-02
  409.5000  3.840E-02  3.917E-02  3.954E-02  3.954E-02  3.917E-02
  410.5000  3.331E-02  3.398E-02  3.430E-02  3.430E-02  3.398E-02
  411.5000  4.006E-02  4.086E-02  4.125E-02  4.124E-02  4.086E-02
  412.5000  3.973E-02  4.052E-02  4.091E-02  4.090E-02  4.052E-02
  413.5000  3.855E-02  3.932E-02  3.969E-02  3.969E-02  3.932E-02
  414.5000  3.963E-02  4.042E-02  4.080E-02  4.080E-02  4.042E-02
  415.5000  3.790E-02  3.866E-02  3.903E-02  3.902E-02  3.866E-02
  416.5000  4.125E-02  4.207E-02  4.247E-02  4.246E-02  4.207E-02
  417.5000  3.771E-02  3.846E-02  3.883E-02  3.882E-02  3.846E-02
  418.5000  3.802E-02  3.877E-02  3.914E-02  3.914E-02  3.877E-02
  419.5000  3.929E-02  4.007E-02  4.045E-02  4.045E-02  4.007E-02
------------------------------------------------------------
Dose rates, W m-2
   1 = UV-B, 280-315 nm                                  
   2 = UV-A, 315-400 nm                                  
   3 = Gaussian, 320 nm, 10 nm FWHM                      
   4 = RB Meter, model 501                               
   5 = DNA damage, in vitro (Setlow, 1974)               
   6 = UV index (WMO, 1994; Webb et al., 2011)           
   7 = Previtamin-D3 (CIE 2006)                          
values at z =      0.000 km
Columns: time, sza, weighting spectra
time, hrs.  sza, deg.          1          2          3          4          5          6          7
   11.0000     88.087  1.690E-03  1.441E+00  2.551E-03  1.010E-03  4.594E-06  3.821E-02  3.156E-04
   11.5000     88.022  1.723E-03  1.470E+00  2.615E-03  1.033E-03  4.690E-06  3.902E-02  3.219E-04
   12.0000     87.990  1.739E-03  1.485E+00  2.646E-03  1.044E-03  4.737E-06  3.942E-02  3.250E-04
   12.5000     87.991  1.739E-03  1.484E+00  2.646E-03  1.044E-03  4.737E-06  3.941E-02  3.249E-04
   13.0000     88.022  1.723E-03  1.470E+00  2.615E-03  1.033E-03  4.690E-06  3.902E-02  3.219E-04
------------------------------------------------------------
