Spectral Irradiance, W m-2 nm-1
values at z =      0.000 km
Columns: wavelength (nm), times (hrs.) or sza (deg.)
    wc, nm     11.000     11.500     12.000     12.500     13.000
    sza =      15.204      8.503      3.277      6.828     13.411
  280.5000  7.864E-14  1.565E-13  2.030E-13  1.745E-13  9.850E-14
  281.5000  2.243E-12  4.204E-12  5.329E-12  4.643E-12  2.755E-12
  282.5000  2.729E-11  4.856E-11  6.036E-11  5.319E-11  3.295E-11
  283.5000  1.253E-10  2.156E-10  2.646E-10  2.349E-10  1.497E-10
  284.5000  1.216E-09  1.967E-09  2.359E-09  2.123E-09  1.423E-09
  285.5000  4.085E-09  6.317E-09  7.447E-09  6.768E-09  4.711E-09
  286.5000  4.678E-08  6.984E-08  8.126E-08  7.442E-08  5.333E-08
  287.5000  2.590E-07  3.721E-07  4.266E-07  3.940E-07  2.916E-07
  288.5000  1.250E-06  1.721E-06  1.943E-06  1.811E-06  1.388E-06
  289.5000  6.676E-06  8.921E-06  9.954E-06  9.340E-06  7.340E-06
  290.5000  2.611E-05  3.402E-05  3.760E-05  3.548E-05  2.847E-05
  291.5000  8.001E-05  1.013E-04  1.107E-04  1.051E-04  8.642E-05
  292.5000  1.870E-04  2.312E-04  2.505E-04  2.391E-04  2.004E-04
  293.5000  5.243E-04  6.340E-04  6.813E-04  6.534E-04  5.579E-04
  294.5000  9.731E-04  1.157E-03  1.235E-03  1.189E-03  1.030E-03
  295.5000  2.383E-03  2.781E-03  2.949E-03  2.850E-03  2.507E-03
  296.5000  4.072E-03  4.679E-03  4.932E-03  4.783E-03  4.261E-03
  297.5000  7.658E-03  8.683E-03  9.106E-03  8.858E-03  7.979E-03
  298.5000  8.988E-03  1.008E-02  1.052E-02  1.026E-02  9.330E-03
  299.5000  1.975E-02  2.191E-02  2.278E-02  2.227E-02  2.043E-02
  300.5000  1.831E-02  2.014E-02  2.088E-02  2.045E-02  1.889E-02
  301.5000  3.591E-02  3.916E-02  4.046E-02  3.970E-02  3.694E-02
  302.5000  4.442E-02  4.815E-02  4.965E-02  4.877E-02  4.560E-02
  303.5000  7.513E-02  8.088E-02  8.318E-02  8.183E-02  7.696E-02
  304.5000  8.182E-02  8.773E-02  9.008E-02  8.871E-02  8.370E-02
  305.5000  1.074E-01  1.145E-01  1.173E-01  1.156E-01  1.097E-01
  306.5000  1.119E-01  1.190E-01  1.218E-01  1.201E-01  1.141E-01
  307.5000  1.606E-01  1.699E-01  1.736E-01  1.714E-01  1.636E-01
  308.5000  1.795E-01  1.895E-01  1.935E-01  1.912E-01  1.827E-01
  309.5000  1.577E-01  1.660E-01  1.693E-01  1.673E-01  1.603E-01
  310.5000  2.143E-01  2.250E-01  2.292E-01  2.268E-01  2.177E-01
  311.5000  2.753E-01  2.886E-01  2.939E-01  2.908E-01  2.796E-01
  312.5000  2.678E-01  2.800E-01  2.848E-01  2.820E-01  2.717E-01
  313.5000  3.035E-01  3.171E-01  3.225E-01  3.193E-01  3.079E-01
  314.5000  3.024E-01  3.153E-01  3.203E-01  3.174E-01  3.065E-01
  315.5000  3.121E-01  3.253E-01  3.304E-01  3.274E-01  3.164E-01
  316.5000  3.101E-01  3.225E-01  3.274E-01  3.246E-01  3.141E-01
  317.5000  4.384E-01  4.560E-01  4.628E-01  4.588E-01  4.440E-01
  318.5000  3.439E-01  3.571E-01  3.623E-01  3.592E-01  3.481E-01
  319.5000  4.193E-01  4.352E-01  4.415E-01  4.378E-01  4.244E-01
  320.5000  5.098E-01  5.289E-01  5.364E-01  5.320E-01  5.159E-01
  321.5000  4.315E-01  4.470E-01  4.531E-01  4.496E-01  4.365E-01
  322.5000  4.353E-01  4.514E-01  4.577E-01  4.540E-01  4.405E-01
  323.5000  4.466E-01  4.623E-01  4.684E-01  4.648E-01  4.516E-01
  324.5000  5.240E-01  5.424E-01  5.496E-01  5.454E-01  5.299E-01
  325.5000  5.875E-01  6.083E-01  6.164E-01  6.117E-01  5.942E-01
  326.5000  7.083E-01  7.324E-01  7.417E-01  7.363E-01  7.160E-01
  327.5000  6.602E-01  6.829E-01  6.918E-01  6.866E-01  6.675E-01
  328.5000  6.094E-01  6.303E-01  6.385E-01  6.337E-01  6.161E-01
  329.5000  7.871E-01  8.133E-01  8.236E-01  8.175E-01  7.955E-01
  330.5000  7.164E-01  7.405E-01  7.499E-01  7.444E-01  7.242E-01
  331.5000  7.079E-01  7.318E-01  7.411E-01  7.356E-01  7.156E-01
  332.5000  6.950E-01  7.179E-01  7.269E-01  7.217E-01  7.024E-01
  333.5000  6.536E-01  6.752E-01  6.838E-01  6.788E-01  6.605E-01
  334.5000  7.296E-01  7.537E-01  7.631E-01  7.576E-01  7.373E-01
  335.5000  7.382E-01  7.623E-01  7.717E-01  7.662E-01  7.459E-01
  336.5000  5.772E-01  5.960E-01  6.034E-01  5.991E-01  5.832E-01
  337.5000  6.340E-01  6.548E-01  6.629E-01  6.582E-01  6.407E-01
  338.5000  6.679E-01  6.895E-01  6.980E-01  6.930E-01  6.748E-01
  339.5000  7.256E-01  7.491E-01  7.582E-01  7.529E-01  7.332E-01
  340.5000  7.759E-01  8.011E-01  8.109E-01  8.052E-01  7.840E-01
  341.5000  6.883E-01  7.104E-01  7.191E-01  7.141E-01  6.954E-01
  342.5000  7.621E-01  7.866E-01  7.961E-01  7.905E-01  7.700E-01
  343.5000  7.915E-01  8.169E-01  8.268E-01  8.211E-01  7.997E-01
  344.5000  5.548E-01  5.726E-01  5.795E-01  5.754E-01  5.605E-01
  345.5000  7.591E-01  7.833E-01  7.928E-01  7.872E-01  7.669E-01
  346.5000  7.102E-01  7.329E-01  7.417E-01  7.365E-01  7.175E-01
  347.5000  6.936E-01  7.157E-01  7.243E-01  7.193E-01  7.007E-01
  348.5000  7.618E-01  7.860E-01  7.955E-01  7.900E-01  7.696E-01
  349.5000  6.382E-01  6.584E-01  6.663E-01  6.617E-01  6.447E-01
  350.5000  8.932E-01  9.214E-01  9.324E-01  9.260E-01  9.022E-01
  351.5000  7.695E-01  7.938E-01  8.033E-01  7.978E-01  7.774E-01
  352.5000  6.937E-01  7.155E-01  7.241E-01  7.191E-01  7.007E-01
  353.5000  8.346E-01  8.608E-01  8.711E-01  8.651E-01  8.430E-01
  354.5000  9.028E-01  9.311E-01  9.422E-01  9.358E-01  9.119E-01
  355.5000  8.433E-01  8.698E-01  8.801E-01  8.741E-01  8.518E-01
  356.5000  7.823E-01  8.068E-01  8.163E-01  8.108E-01  7.902E-01
  357.5000  6.650E-01  6.858E-01  6.939E-01  6.891E-01  6.717E-01
  358.5000  5.129E-01  5.289E-01  5.351E-01  5.315E-01  5.180E-01
  359.5000  8.628E-01  8.897E-01  9.002E-01  8.941E-01  8.715E-01
  360.5000  7.994E-01  8.243E-01  8.340E-01  8.283E-01  8.074E-01
  361.5000  7.204E-01  7.428E-01  7.515E-01  7.464E-01  7.276E-01
  362.5000  8.456E-01  8.718E-01  8.821E-01  8.761E-01  8.541E-01
  363.5000  7.519E-01  7.752E-01  7.843E-01  7.790E-01  7.594E-01
  364.5000  8.199E-01  8.453E-01  8.552E-01  8.494E-01  8.281E-01
  365.5000  9.987E-01  1.030E+00  1.042E+00  1.035E+00  1.009E+00
  366.5000  1.057E+00  1.089E+00  1.102E+00  1.094E+00  1.067E+00
  367.5000  1.003E+00  1.034E+00  1.046E+00  1.039E+00  1.013E+00
  368.5000  8.805E-01  9.076E-01  9.181E-01  9.119E-01  8.892E-01
  369.5000  1.056E+00  1.088E+00  1.101E+00  1.093E+00  1.066E+00
  370.5000  9.575E-01  9.868E-01  9.982E-01  9.916E-01  9.669E-01
  371.5000  1.095E+00  1.129E+00  1.142E+00  1.134E+00  1.106E+00
  372.5000  8.086E-01  8.333E-01  8.429E-01  8.373E-01  8.166E-01
  373.5000  7.306E-01  7.529E-01  7.616E-01  7.565E-01  7.378E-01
  374.5000  8.016E-01  8.260E-01  8.355E-01  8.300E-01  8.095E-01
  375.5000  9.041E-01  9.316E-01  9.423E-01  9.360E-01  9.129E-01
  376.5000  9.025E-01  9.299E-01  9.405E-01  9.343E-01  9.113E-01
  377.5000  1.074E+00  1.107E+00  1.120E+00  1.112E+00  1.085E+00
  378.5000  1.170E+00  1.206E+00  1.220E+00  1.212E+00  1.182E+00
  379.5000  8.656E-01  8.918E-01  9.020E-01  8.961E-01  8.741E-01
  380.5000  1.041E+00  1.072E+00  1.084E+00  1.077E+00  1.051E+00
  381.5000  9.776E-01  1.007E+00  1.019E+00  1.012E+00  9.870E-01
  382.5000  6.512E-01  6.708E-01  6.784E-01  6.739E-01  6.575E-01
  383.5000  5.716E-01  5.888E-01  5.955E-01  5.916E-01  5.771E-01
  384.5000  8.575E-01  8.833E-01  8.933E-01  8.875E-01  8.658E-01
  385.5000  8.481E-01  8.735E-01  8.835E-01  8.777E-01  8.563E-01
  386.5000  8.642E-01  8.901E-01  9.002E-01  8.943E-01  8.726E-01
  387.5000  8.029E-01  8.270E-01  8.363E-01  8.309E-01  8.107E-01
  388.5000  8.046E-01  8.286E-01  8.380E-01  8.325E-01  8.123E-01
  389.5000  1.014E+00  1.045E+00  1.056E+00  1.049E+00  1.024E+00
  390.5000  9.960E-01  1.026E+00  1.037E+00  1.030E+00  1.006E+00
  391.5000  1.181E+00  1.216E+00  1.230E+00  1.222E+00  1.193E+00
  392.5000  8.855E-01  9.118E-01  9.221E-01  9.161E-01  8.940E-01
  393.5000  3.849E-01  3.963E-01  4.008E-01  3.982E-01  3.886E-01
  394.5000  9.054E-01  9.322E-01  9.427E-01  9.366E-01  9.140E-01
  395.5000  1.165E+00  1.199E+00  1.213E+00  1.205E+00  1.176E+00
  396.5000  6.837E-01  7.039E-01  7.118E-01  7.072E-01  6.902E-01
  397.5000  7.887E-01  8.120E-01  8.211E-01  8.158E-01  7.962E-01
  398.5000  1.355E+00  1.395E+00  1.410E+00  1.401E+00  1.368E+00
  399.5000  1.409E+00  1.450E+00  1.467E+00  1.457E+00  1.422E+00
  400.5000  1.481E+00  1.524E+00  1.541E+00  1.532E+00  1.495E+00
  401.5000  1.523E+00  1.568E+00  1.585E+00  1.575E+00  1.538E+00
  402.5000  1.581E+00  1.627E+00  1.645E+00  1.635E+00  1.596E+00
  403.5000  1.447E+00  1.489E+00  1.506E+00  1.496E+00  1.460E+00
  404.5000  1.419E+00  1.460E+00  1.476E+00  1.467E+00  1.432E+00
  405.5000  1.473E+00  1.516E+00  1.533E+00  1.523E+00  1.487E+00
  406.5000  1.387E+00  1.428E+00  1.444E+00  1.434E+00  1.400E+00
  407.5000  1.398E+00  1.439E+00  1.455E+00  1.446E+00  1.412E+00
  408.5000  1.557E+00  1.602E+00  1.620E+00  1.610E+00  1.572E+00
  409.5000  1.526E+00  1.571E+00  1.588E+00  1.578E+00  1.540E+00
  410.5000  1.323E+00  1.362E+00  1.377E+00  1.368E+00  1.336E+00
  411.5000  1.590E+00  1.636E+00  1.654E+00  1.644E+00  1.605E+00
  412.5000  1.576E+00  1.621E+00  1.639E+00  1.629E+00  1.590E+00
  413.5000  1.528E+00  1.572E+00  1.589E+00  1.579E+00  1.542E+00
  414.5000  1.570E+00  1.615E+00  1.633E+00  1.623E+00  1.585E+00
  415.5000  1.501E+00  1.545E+00  1.562E+00  1.552E+00  1.515E+00
  416.5000  1.634E+00  1.681E+00  1.699E+00  1.689E+00  1.649E+00
  417.5000  1.493E+00  1.536E+00  1.553E+00  1.543E+00  1.507E+00
  418.5000  1.504E+00  1.548E+00  1.565E+00  1.555E+00  1.518E+00
  419.5000  1.554E+00  1.599E+00  1.616E+00  1.606E+00  1.568E+00
------------------------------------------------------------
Dose rates, W m-2
   1 = UV-B, 280-315 nm                                  
   2 = UV-A, 315-400 nm                                  
   3 = Gaussian, 320 nm, 10 nm FWHM                      
   4 = RB Meter, model 501                               
   5 = DNA damage, in vitro (Setlow, 1974)               
   6 = UV index (WMO, 1994; Webb et al., 2011)           
   7 = Previtamin-D3 (CIE 2006)                          
values at z =      0.000 km
Columns: time, sza, weighting spectra
time, hrs.  sza, deg.          1          2          3          4          5          6          7
   11.0000     15.204  2.381E+00  6.569E+01  4.303E-01  7.211E-01  9.488E-03  1.403E+01  7.053E-01
   11.5000      8.503  2.511E+00  6.776E+01  4.465E-01  7.650E-01  1.034E-02  1.495E+01  7.522E-01
   12.0000      3.277  2.563E+00  6.857E+01  4.528E-01  7.825E-01  1.068E-02  1.531E+01  7.709E-01
   12.5000      6.828  2.533E+00  6.810E+01  4.491E-01  7.723E-01  1.048E-02  1.510E+01  7.600E-01
   13.0000     13.411  2.422E+00  6.636E+01  4.355E-01  7.351E-01  9.755E-03  1.432E+01  7.203E-01
------------------------------------------------------------
