Spectral Irradiance, W m-2 nm-1
values at z =      0.000 km
Columns: wavelength (nm), times (hrs.) or sza (deg.)
    wc, nm     11.000     11.500     12.000     12.500     13.000
    sza =      30.132     27.530     26.770     28.004     30.994
  280.5000  2.145E-14  4.420E-14  5.366E-14  3.902E-14  1.653E-14
  281.5000  6.774E-13  1.310E-12  1.563E-12  1.169E-12  5.341E-13
  282.5000  8.991E-12  1.646E-11  1.936E-11  1.483E-11  7.231E-12
  283.5000  4.370E-11  7.721E-11  8.995E-11  6.999E-11  3.560E-11
  284.5000  4.700E-10  7.784E-10  8.912E-10  7.134E-10  3.918E-10
  285.5000  1.704E-09  2.691E-09  3.042E-09  2.487E-09  1.446E-09
  286.5000  2.069E-08  3.149E-08  3.525E-08  2.929E-08  1.779E-08
  287.5000  1.223E-07  1.786E-07  1.978E-07  1.673E-07  1.067E-07
  288.5000  6.331E-07  8.850E-07  9.683E-07  8.352E-07  5.612E-07
  289.5000  3.557E-06  4.817E-06  5.225E-06  4.571E-06  3.189E-06
  290.5000  1.452E-05  1.914E-05  2.062E-05  1.825E-05  1.314E-05
  291.5000  4.666E-05  5.970E-05  6.378E-05  5.721E-05  4.271E-05
  292.5000  1.134E-04  1.416E-04  1.502E-04  1.362E-04  1.047E-04
  293.5000  3.300E-04  4.024E-04  4.244E-04  3.888E-04  3.073E-04
  294.5000  6.305E-04  7.549E-04  7.924E-04  7.318E-04  5.910E-04
  295.5000  1.592E-03  1.870E-03  1.953E-03  1.819E-03  1.503E-03
  296.5000  2.790E-03  3.225E-03  3.353E-03  3.145E-03  2.649E-03
  297.5000  5.366E-03  6.115E-03  6.334E-03  5.978E-03  5.120E-03
  298.5000  6.417E-03  7.225E-03  7.460E-03  7.079E-03  6.149E-03
  299.5000  1.435E-02  1.598E-02  1.645E-02  1.569E-02  1.381E-02
  300.5000  1.348E-02  1.489E-02  1.529E-02  1.463E-02  1.301E-02
  301.5000  2.683E-02  2.935E-02  3.007E-02  2.890E-02  2.598E-02
  302.5000  3.351E-02  3.643E-02  3.726E-02  3.591E-02  3.252E-02
  303.5000  5.732E-02  6.187E-02  6.316E-02  6.106E-02  5.577E-02
  304.5000  6.283E-02  6.754E-02  6.887E-02  6.670E-02  6.123E-02
  305.5000  8.328E-02  8.897E-02  8.926E-02  8.795E-02  8.133E-02
  306.5000  8.713E-02  9.283E-02  9.443E-02  9.181E-02  8.517E-02
  307.5000  1.261E-01  1.336E-01  1.358E-01  1.323E-01  1.235E-01
  308.5000  1.414E-01  1.495E-01  1.518E-01  1.481E-01  1.373E-01
  309.5000  1.249E-01  1.317E-01  1.336E-01  1.305E-01  1.225E-01
  310.5000  1.703E-01  1.791E-01  1.816E-01  1.776E-01  1.673E-01
  311.5000  2.194E-01  2.304E-01  2.335E-01  2.285E-01  2.156E-01
  312.5000  2.144E-01  2.245E-01  2.273E-01  2.227E-01  2.109E-01
  313.5000  2.433E-01  2.546E-01  2.577E-01  2.526E-01  2.394E-01
  314.5000  2.434E-01  2.541E-01  2.571E-01  2.522E-01  2.397E-01
  315.5000  2.515E-01  2.624E-01  2.654E-01  2.604E-01  2.477E-01
  316.5000  2.506E-01  2.609E-01  2.638E-01  2.591E-01  2.470E-01
  317.5000  3.543E-01  3.690E-01  3.730E-01  3.664E-01  3.482E-01
  318.5000  2.787E-01  2.897E-01  2.928E-01  2.878E-01  2.749E-01
  319.5000  3.401E-01  3.534E-01  3.571E-01  3.510E-01  3.355E-01
  320.5000  4.138E-01  4.298E-01  4.342E-01  4.270E-01  4.082E-01
  321.5000  3.512E-01  3.642E-01  3.678E-01  3.619E-01  3.467E-01
  322.5000  3.537E-01  3.672E-01  3.710E-01  3.648E-01  3.490E-01
  323.5000  3.639E-01  3.771E-01  3.808E-01  3.747E-01  3.594E-01
  324.5000  4.271E-01  4.426E-01  4.469E-01  4.399E-01  4.218E-01
  325.5000  4.789E-01  4.963E-01  4.999E-01  4.932E-01  4.728E-01
  326.5000  5.785E-01  5.987E-01  6.043E-01  5.952E-01  5.713E-01
  327.5000  5.391E-01  5.581E-01  5.634E-01  5.548E-01  5.324E-01
  328.5000  4.977E-01  5.153E-01  5.201E-01  5.122E-01  4.916E-01
  329.5000  6.438E-01  6.659E-01  6.720E-01  6.620E-01  6.361E-01
  330.5000  5.858E-01  6.061E-01  6.117E-01  6.025E-01  5.788E-01
  331.5000  5.790E-01  5.991E-01  6.044E-01  5.953E-01  5.720E-01
  332.5000  5.691E-01  5.884E-01  5.937E-01  5.850E-01  5.624E-01
  333.5000  5.351E-01  5.534E-01  5.585E-01  5.502E-01  5.288E-01
  334.5000  5.976E-01  6.179E-01  6.235E-01  6.143E-01  5.905E-01
  335.5000  6.051E-01  6.254E-01  6.310E-01  6.218E-01  5.980E-01
  336.5000  4.731E-01  4.890E-01  4.934E-01  4.862E-01  4.676E-01
  337.5000  5.197E-01  5.372E-01  5.421E-01  5.341E-01  5.136E-01
  338.5000  5.478E-01  5.661E-01  5.712E-01  5.629E-01  5.415E-01
  339.5000  5.954E-01  6.152E-01  6.206E-01  6.117E-01  5.885E-01
  340.5000  6.367E-01  6.579E-01  6.638E-01  6.542E-01  6.293E-01
  341.5000  5.651E-01  5.838E-01  5.889E-01  5.805E-01  5.586E-01
  342.5000  6.258E-01  6.465E-01  6.522E-01  6.428E-01  6.186E-01
  343.5000  6.501E-01  6.716E-01  6.775E-01  6.678E-01  6.426E-01
  344.5000  4.557E-01  4.707E-01  4.749E-01  4.681E-01  4.505E-01
  345.5000  6.239E-01  6.443E-01  6.500E-01  6.407E-01  6.167E-01
  346.5000  5.837E-01  6.029E-01  6.082E-01  5.995E-01  5.770E-01
  347.5000  5.702E-01  5.889E-01  5.941E-01  5.856E-01  5.637E-01
  348.5000  6.265E-01  6.469E-01  6.526E-01  6.433E-01  6.193E-01
  349.5000  5.249E-01  5.421E-01  5.468E-01  5.390E-01  5.190E-01
  350.5000  7.348E-01  7.587E-01  7.653E-01  7.545E-01  7.265E-01
  351.5000  6.332E-01  6.538E-01  6.595E-01  6.502E-01  6.261E-01
  352.5000  5.710E-01  5.895E-01  5.946E-01  5.862E-01  5.645E-01
  353.5000  6.871E-01  7.093E-01  7.155E-01  7.054E-01  6.793E-01
  354.5000  7.434E-01  7.674E-01  7.741E-01  7.632E-01  7.351E-01
  355.5000  6.946E-01  7.170E-01  7.232E-01  7.131E-01  6.868E-01
  356.5000  6.445E-01  6.652E-01  6.710E-01  6.616E-01  6.373E-01
  357.5000  5.479E-01  5.655E-01  5.704E-01  5.624E-01  5.418E-01
  358.5000  4.227E-01  4.363E-01  4.400E-01  4.339E-01  4.180E-01
  359.5000  7.113E-01  7.341E-01  7.404E-01  7.300E-01  7.033E-01
  360.5000  6.592E-01  6.802E-01  6.861E-01  6.765E-01  6.518E-01
  361.5000  5.941E-01  6.131E-01  6.183E-01  6.097E-01  5.875E-01
  362.5000  6.975E-01  7.198E-01  7.259E-01  7.158E-01  6.898E-01
  363.5000  6.204E-01  6.401E-01  6.456E-01  6.366E-01  6.135E-01
  364.5000  6.766E-01  6.981E-01  7.041E-01  6.943E-01  6.691E-01
  365.5000  8.243E-01  8.505E-01  8.577E-01  8.458E-01  8.152E-01
  366.5000  8.722E-01  8.998E-01  9.075E-01  8.949E-01  8.626E-01
  367.5000  8.280E-01  8.541E-01  8.614E-01  8.495E-01  8.188E-01
  368.5000  7.272E-01  7.501E-01  7.565E-01  7.461E-01  7.192E-01
  369.5000  8.721E-01  8.996E-01  9.072E-01  8.947E-01  8.625E-01
  370.5000  7.911E-01  8.160E-01  8.228E-01  8.116E-01  7.824E-01
  371.5000  9.050E-01  9.334E-01  9.413E-01  9.284E-01  8.950E-01
  372.5000  6.683E-01  6.893E-01  6.951E-01  6.856E-01  6.610E-01
  373.5000  6.040E-01  6.229E-01  6.281E-01  6.196E-01  5.974E-01
  374.5000  6.628E-01  6.835E-01  6.892E-01  6.798E-01  6.555E-01
  375.5000  7.476E-01  7.710E-01  7.774E-01  7.669E-01  7.395E-01
  376.5000  7.464E-01  7.697E-01  7.762E-01  7.656E-01  7.383E-01
  377.5000  8.887E-01  9.164E-01  9.240E-01  9.115E-01  8.790E-01
  378.5000  9.684E-01  9.985E-01  1.007E+00  9.932E-01  9.579E-01
  379.5000  7.164E-01  7.386E-01  7.447E-01  7.347E-01  7.086E-01
  380.5000  8.614E-01  8.881E-01  8.955E-01  8.834E-01  8.520E-01
  381.5000  8.093E-01  8.343E-01  8.412E-01  8.299E-01  8.005E-01
  382.5000  5.391E-01  5.558E-01  5.604E-01  5.529E-01  5.333E-01
  383.5000  4.734E-01  4.880E-01  4.920E-01  4.854E-01  4.682E-01
  384.5000  7.102E-01  7.322E-01  7.382E-01  7.283E-01  7.026E-01
  385.5000  7.026E-01  7.242E-01  7.302E-01  7.204E-01  6.950E-01
  386.5000  7.161E-01  7.381E-01  7.442E-01  7.342E-01  7.084E-01
  387.5000  6.654E-01  6.858E-01  6.915E-01  6.822E-01  6.582E-01
  388.5000  6.668E-01  6.873E-01  6.929E-01  6.837E-01  6.597E-01
  389.5000  8.408E-01  8.666E-01  8.737E-01  8.620E-01  8.318E-01
  390.5000  8.257E-01  8.510E-01  8.580E-01  8.465E-01  8.169E-01
  391.5000  9.795E-01  1.009E+00  1.018E+00  1.004E+00  9.690E-01
  392.5000  7.344E-01  7.568E-01  7.630E-01  7.529E-01  7.266E-01
  393.5000  3.192E-01  3.290E-01  3.317E-01  3.273E-01  3.158E-01
  394.5000  7.511E-01  7.740E-01  7.803E-01  7.699E-01  7.431E-01
  395.5000  9.663E-01  9.957E-01  1.004E+00  9.905E-01  9.560E-01
  396.5000  5.673E-01  5.846E-01  5.893E-01  5.815E-01  5.613E-01
  397.5000  6.546E-01  6.744E-01  6.799E-01  6.709E-01  6.476E-01
  398.5000  1.125E+00  1.159E+00  1.168E+00  1.153E+00  1.113E+00
  399.5000  1.170E+00  1.205E+00  1.215E+00  1.199E+00  1.157E+00
  400.5000  1.230E+00  1.267E+00  1.277E+00  1.260E+00  1.217E+00
  401.5000  1.265E+00  1.303E+00  1.314E+00  1.296E+00  1.252E+00
  402.5000  1.313E+00  1.353E+00  1.364E+00  1.346E+00  1.299E+00
  403.5000  1.202E+00  1.238E+00  1.248E+00  1.232E+00  1.189E+00
  404.5000  1.179E+00  1.214E+00  1.224E+00  1.208E+00  1.166E+00
  405.5000  1.224E+00  1.261E+00  1.271E+00  1.254E+00  1.211E+00
  406.5000  1.153E+00  1.188E+00  1.197E+00  1.181E+00  1.141E+00
  407.5000  1.162E+00  1.197E+00  1.207E+00  1.191E+00  1.150E+00
  408.5000  1.294E+00  1.333E+00  1.344E+00  1.326E+00  1.281E+00
  409.5000  1.269E+00  1.307E+00  1.317E+00  1.300E+00  1.255E+00
  410.5000  1.100E+00  1.133E+00  1.142E+00  1.127E+00  1.089E+00
  411.5000  1.322E+00  1.362E+00  1.373E+00  1.355E+00  1.308E+00
  412.5000  1.310E+00  1.349E+00  1.360E+00  1.343E+00  1.297E+00
  413.5000  1.271E+00  1.309E+00  1.319E+00  1.302E+00  1.258E+00
  414.5000  1.306E+00  1.345E+00  1.356E+00  1.338E+00  1.292E+00
  415.5000  1.249E+00  1.286E+00  1.296E+00  1.280E+00  1.236E+00
  416.5000  1.359E+00  1.400E+00  1.411E+00  1.393E+00  1.345E+00
  417.5000  1.243E+00  1.279E+00  1.290E+00  1.273E+00  1.230E+00
  418.5000  1.252E+00  1.289E+00  1.300E+00  1.283E+00  1.239E+00
  419.5000  1.293E+00  1.332E+00  1.342E+00  1.325E+00  1.280E+00
------------------------------------------------------------
Dose rates, W m-2
   1 = UV-B, 280-315 nm                                  
   2 = UV-A, 315-400 nm                                  
   3 = Gaussian, 320 nm, 10 nm FWHM                      
   4 = RB Meter, model 501                               
   5 = DNA damage, in vitro (Setlow, 1974)               
   6 = UV index (WMO, 1994; Webb et al., 2011)           
   7 = Previtamin-D3 (CIE 2006)                          
values at z =      0.000 km
Columns: time, sza, weighting spectra
time, hrs.  sza, deg.          1          2          3          4          5          6          7
   11.0000     30.132  1.879E+00  5.413E+01  3.492E-01  5.644E-01  7.117E-03  1.091E+01  5.471E-01
   11.5000     27.530  1.985E+00  5.588E+01  3.628E-01  5.995E-01  7.763E-03  1.163E+01  5.844E-01
   12.0000     26.770  2.014E+00  5.637E+01  3.665E-01  6.088E-01  7.941E-03  1.183E+01  5.941E-01
   12.5000     28.004  1.966E+00  5.557E+01  3.604E-01  5.932E-01  7.647E-03  1.150E+01  5.777E-01
   13.0000     30.994  1.842E+00  5.352E+01  3.444E-01  5.520E-01  6.898E-03  1.065E+01  5.339E-01
------------------------------------------------------------
