Spectral Irradiance, W m-2 nm-1
values at z =      0.000 km
Columns: wavelength (nm), times (hrs.) or sza (deg.)
    wc, nm     11.000     11.500     12.000     12.500     13.000
    sza =      59.764     59.542     59.456     59.509     59.699
  280.5000  2.134E-18  2.399E-18  2.514E-18  2.442E-18  2.206E-18
  281.5000  1.343E-16  1.514E-16  1.589E-16  1.542E-16  1.390E-16
  282.5000  3.283E-15  3.706E-15  3.888E-15  3.774E-15  3.399E-15
  283.5000  2.388E-14  2.695E-14  2.826E-14  2.744E-14  2.473E-14
  284.5000  5.525E-13  6.208E-13  6.498E-13  6.318E-13  5.714E-13
  285.5000  3.575E-12  3.998E-12  4.175E-12  4.065E-12  3.693E-12
  286.5000  6.821E-11  7.589E-11  7.909E-11  7.710E-11  7.035E-11
  287.5000  6.717E-10  7.423E-10  7.716E-10  7.534E-10  6.915E-10
  288.5000  6.113E-09  6.697E-09  6.937E-09  6.788E-09  6.277E-09
  289.5000  5.155E-08  5.609E-08  5.795E-08  5.680E-08  5.283E-08
  290.5000  2.968E-07  3.210E-07  3.308E-07  3.247E-07  3.037E-07
  291.5000  1.415E-06  1.518E-06  1.560E-06  1.534E-06  1.444E-06
  292.5000  4.751E-06  5.067E-06  5.193E-06  5.115E-06  4.841E-06
  293.5000  1.877E-05  1.989E-05  2.034E-05  2.006E-05  1.909E-05
  294.5000  4.555E-05  4.803E-05  4.902E-05  4.841E-05  4.626E-05
  295.5000  1.485E-04  1.558E-04  1.587E-04  1.569E-04  1.506E-04
  296.5000  3.218E-04  3.359E-04  3.415E-04  3.380E-04  3.258E-04
  297.5000  7.456E-04  7.752E-04  7.868E-04  7.797E-04  7.541E-04
  298.5000  1.043E-03  1.081E-03  1.095E-03  1.086E-03  1.054E-03
  299.5000  2.707E-03  2.795E-03  2.830E-03  2.808E-03  2.732E-03
  300.5000  2.849E-03  2.934E-03  2.968E-03  2.947E-03  2.874E-03
  301.5000  6.418E-03  6.591E-03  6.658E-03  6.617E-03  6.468E-03
  302.5000  8.691E-03  8.909E-03  8.994E-03  8.942E-03  8.754E-03
  303.5000  1.637E-02  1.674E-02  1.688E-02  1.680E-02  1.647E-02
  304.5000  1.897E-02  1.937E-02  1.953E-02  1.943E-02  1.908E-02
  305.5000  2.732E-02  2.785E-02  2.806E-02  2.793E-02  2.747E-02
  306.5000  2.963E-02  3.018E-02  3.039E-02  3.026E-02  2.979E-02
  307.5000  4.594E-02  4.672E-02  4.702E-02  4.684E-02  4.616E-02
  308.5000  5.290E-02  5.377E-02  5.411E-02  5.390E-02  5.316E-02
  309.5000  4.893E-02  4.968E-02  4.998E-02  4.980E-02  4.915E-02
  310.5000  6.899E-02  7.000E-02  7.039E-02  7.015E-02  6.929E-02
  311.5000  9.087E-02  9.215E-02  9.264E-02  9.234E-02  9.124E-02
  312.5000  9.232E-02  9.353E-02  9.400E-02  9.371E-02  9.267E-02
  313.5000  1.058E-01  1.072E-01  1.077E-01  1.074E-01  1.062E-01
  314.5000  1.094E-01  1.107E-01  1.112E-01  1.109E-01  1.098E-01
  315.5000  1.137E-01  1.151E-01  1.156E-01  1.153E-01  1.141E-01
  316.5000  1.163E-01  1.176E-01  1.181E-01  1.178E-01  1.167E-01
  317.5000  1.646E-01  1.665E-01  1.672E-01  1.668E-01  1.652E-01
  318.5000  1.326E-01  1.340E-01  1.346E-01  1.342E-01  1.330E-01
  319.5000  1.626E-01  1.644E-01  1.651E-01  1.646E-01  1.631E-01
  320.5000  1.991E-01  2.012E-01  2.020E-01  2.015E-01  1.997E-01
  321.5000  1.726E-01  1.744E-01  1.750E-01  1.746E-01  1.731E-01
  322.5000  1.714E-01  1.732E-01  1.739E-01  1.734E-01  1.719E-01
  323.5000  1.809E-01  1.827E-01  1.834E-01  1.829E-01  1.814E-01
  324.5000  2.123E-01  2.144E-01  2.152E-01  2.147E-01  2.129E-01
  325.5000  2.376E-01  2.399E-01  2.408E-01  2.403E-01  2.383E-01
  326.5000  2.920E-01  2.948E-01  2.959E-01  2.952E-01  2.928E-01
  327.5000  2.710E-01  2.736E-01  2.746E-01  2.740E-01  2.718E-01
  328.5000  2.505E-01  2.530E-01  2.539E-01  2.533E-01  2.512E-01
  329.5000  3.284E-01  3.314E-01  3.326E-01  3.319E-01  3.292E-01
  330.5000  2.977E-01  3.005E-01  3.015E-01  3.009E-01  2.985E-01
  331.5000  2.942E-01  2.970E-01  2.981E-01  2.974E-01  2.950E-01
  332.5000  2.920E-01  2.947E-01  2.957E-01  2.951E-01  2.928E-01
  333.5000  2.739E-01  2.764E-01  2.774E-01  2.768E-01  2.746E-01
  334.5000  3.068E-01  3.096E-01  3.107E-01  3.101E-01  3.076E-01
  335.5000  3.123E-01  3.151E-01  3.162E-01  3.155E-01  3.131E-01
  336.5000  2.442E-01  2.464E-01  2.472E-01  2.467E-01  2.448E-01
  337.5000  2.677E-01  2.702E-01  2.711E-01  2.705E-01  2.684E-01
  338.5000  2.837E-01  2.863E-01  2.873E-01  2.867E-01  2.845E-01
  339.5000  3.089E-01  3.117E-01  3.128E-01  3.121E-01  3.097E-01
  340.5000  3.302E-01  3.332E-01  3.344E-01  3.337E-01  3.311E-01
  341.5000  2.940E-01  2.967E-01  2.977E-01  2.971E-01  2.948E-01
  342.5000  3.261E-01  3.291E-01  3.302E-01  3.295E-01  3.270E-01
  343.5000  3.389E-01  3.420E-01  3.432E-01  3.424E-01  3.398E-01
  344.5000  2.376E-01  2.398E-01  2.406E-01  2.401E-01  2.383E-01
  345.5000  3.264E-01  3.293E-01  3.304E-01  3.297E-01  3.272E-01
  346.5000  3.053E-01  3.081E-01  3.091E-01  3.085E-01  3.061E-01
  347.5000  2.986E-01  3.013E-01  3.024E-01  3.017E-01  2.994E-01
  348.5000  3.286E-01  3.316E-01  3.327E-01  3.320E-01  3.295E-01
  349.5000  2.757E-01  2.781E-01  2.791E-01  2.785E-01  2.764E-01
  350.5000  3.863E-01  3.898E-01  3.911E-01  3.903E-01  3.873E-01
  351.5000  3.332E-01  3.362E-01  3.373E-01  3.366E-01  3.341E-01
  352.5000  3.008E-01  3.035E-01  3.045E-01  3.039E-01  3.016E-01
  353.5000  3.625E-01  3.657E-01  3.670E-01  3.662E-01  3.634E-01
  354.5000  3.927E-01  3.962E-01  3.975E-01  3.967E-01  3.937E-01
  355.5000  3.673E-01  3.706E-01  3.719E-01  3.711E-01  3.683E-01
  356.5000  3.412E-01  3.442E-01  3.454E-01  3.447E-01  3.421E-01
  357.5000  2.904E-01  2.929E-01  2.939E-01  2.933E-01  2.911E-01
  358.5000  2.243E-01  2.263E-01  2.270E-01  2.266E-01  2.249E-01
  359.5000  3.778E-01  3.811E-01  3.824E-01  3.816E-01  3.787E-01
  360.5000  3.505E-01  3.535E-01  3.547E-01  3.540E-01  3.514E-01
  361.5000  3.162E-01  3.190E-01  3.201E-01  3.194E-01  3.171E-01
  362.5000  3.717E-01  3.750E-01  3.762E-01  3.754E-01  3.726E-01
  363.5000  3.309E-01  3.338E-01  3.349E-01  3.343E-01  3.318E-01
  364.5000  3.613E-01  3.645E-01  3.657E-01  3.649E-01  3.622E-01
  365.5000  4.406E-01  4.444E-01  4.459E-01  4.450E-01  4.417E-01
  366.5000  4.667E-01  4.708E-01  4.723E-01  4.714E-01  4.679E-01
  367.5000  4.435E-01  4.473E-01  4.488E-01  4.479E-01  4.446E-01
  368.5000  3.899E-01  3.933E-01  3.946E-01  3.938E-01  3.909E-01
  369.5000  4.681E-01  4.721E-01  4.737E-01  4.727E-01  4.693E-01
  370.5000  4.250E-01  4.287E-01  4.301E-01  4.292E-01  4.261E-01
  371.5000  4.867E-01  4.909E-01  4.925E-01  4.915E-01  4.879E-01
  372.5000  3.598E-01  3.629E-01  3.641E-01  3.634E-01  3.607E-01
  373.5000  3.255E-01  3.283E-01  3.294E-01  3.287E-01  3.263E-01
  374.5000  3.575E-01  3.606E-01  3.618E-01  3.610E-01  3.584E-01
  375.5000  4.037E-01  4.071E-01  4.085E-01  4.077E-01  4.047E-01
  376.5000  4.034E-01  4.069E-01  4.082E-01  4.074E-01  4.044E-01
  377.5000  4.808E-01  4.849E-01  4.865E-01  4.855E-01  4.820E-01
  378.5000  5.244E-01  5.289E-01  5.306E-01  5.296E-01  5.257E-01
  379.5000  3.883E-01  3.916E-01  3.929E-01  3.921E-01  3.892E-01
  380.5000  4.673E-01  4.713E-01  4.728E-01  4.719E-01  4.685E-01
  381.5000  4.395E-01  4.432E-01  4.447E-01  4.438E-01  4.406E-01
  382.5000  2.931E-01  2.956E-01  2.965E-01  2.959E-01  2.938E-01
  383.5000  2.575E-01  2.597E-01  2.606E-01  2.600E-01  2.582E-01
  384.5000  3.868E-01  3.901E-01  3.913E-01  3.906E-01  3.877E-01
  385.5000  3.829E-01  3.862E-01  3.875E-01  3.867E-01  3.839E-01
  386.5000  3.907E-01  3.940E-01  3.952E-01  3.945E-01  3.916E-01
  387.5000  3.633E-01  3.664E-01  3.676E-01  3.669E-01  3.642E-01
  388.5000  3.645E-01  3.675E-01  3.687E-01  3.680E-01  3.653E-01
  389.5000  4.599E-01  4.638E-01  4.653E-01  4.644E-01  4.611E-01
  390.5000  4.521E-01  4.559E-01  4.574E-01  4.565E-01  4.532E-01
  391.5000  5.368E-01  5.413E-01  5.430E-01  5.420E-01  5.381E-01
  392.5000  4.028E-01  4.062E-01  4.075E-01  4.067E-01  4.038E-01
  393.5000  1.753E-01  1.767E-01  1.773E-01  1.769E-01  1.757E-01
  394.5000  4.127E-01  4.161E-01  4.175E-01  4.167E-01  4.137E-01
  395.5000  5.314E-01  5.358E-01  5.375E-01  5.365E-01  5.327E-01
  396.5000  3.122E-01  3.149E-01  3.159E-01  3.152E-01  3.130E-01
  397.5000  3.606E-01  3.636E-01  3.648E-01  3.640E-01  3.615E-01
  398.5000  6.200E-01  6.252E-01  6.272E-01  6.260E-01  6.215E-01
  399.5000  6.454E-01  6.508E-01  6.529E-01  6.516E-01  6.470E-01
  400.5000  6.790E-01  6.847E-01  6.869E-01  6.855E-01  6.807E-01
  401.5000  6.991E-01  7.049E-01  7.072E-01  7.058E-01  7.008E-01
  402.5000  7.263E-01  7.323E-01  7.347E-01  7.332E-01  7.281E-01
  403.5000  6.653E-01  6.708E-01  6.729E-01  6.716E-01  6.669E-01
  404.5000  6.530E-01  6.584E-01  6.605E-01  6.592E-01  6.545E-01
  405.5000  6.788E-01  6.844E-01  6.866E-01  6.852E-01  6.804E-01
  406.5000  6.398E-01  6.451E-01  6.471E-01  6.459E-01  6.413E-01
  407.5000  6.455E-01  6.508E-01  6.528E-01  6.516E-01  6.470E-01
  408.5000  7.194E-01  7.253E-01  7.276E-01  7.262E-01  7.211E-01
  409.5000  7.057E-01  7.115E-01  7.137E-01  7.124E-01  7.074E-01
  410.5000  6.124E-01  6.174E-01  6.194E-01  6.182E-01  6.139E-01
  411.5000  7.366E-01  7.426E-01  7.450E-01  7.435E-01  7.383E-01
  412.5000  7.305E-01  7.365E-01  7.388E-01  7.374E-01  7.323E-01
  413.5000  7.090E-01  7.148E-01  7.171E-01  7.157E-01  7.107E-01
  414.5000  7.292E-01  7.352E-01  7.375E-01  7.361E-01  7.309E-01
  415.5000  6.979E-01  7.036E-01  7.058E-01  7.045E-01  6.996E-01
  416.5000  7.601E-01  7.663E-01  7.687E-01  7.672E-01  7.619E-01
  417.5000  6.953E-01  7.010E-01  7.032E-01  7.018E-01  6.970E-01
  418.5000  7.012E-01  7.069E-01  7.091E-01  7.078E-01  7.029E-01
  419.5000  7.248E-01  7.307E-01  7.330E-01  7.316E-01  7.265E-01
------------------------------------------------------------
Dose rates, W m-2
   1 = UV-B, 280-315 nm                                  
   2 = UV-A, 315-400 nm                                  
   3 = Gaussian, 320 nm, 10 nm FWHM                      
   4 = RB Meter, model 501                               
   5 = DNA damage, in vitro (Setlow, 1974)               
   6 = UV index (WMO, 1994; Webb et al., 2011)           
   7 = Previtamin-D3 (CIE 2006)                          
values at z =      0.000 km
Columns: time, sza, weighting spectra
time, hrs.  sza, deg.          1          2          3          4          5          6          7
   11.0000     59.764  7.304E-01  2.867E+01  1.679E-01  2.083E-01  1.950E-03  3.903E+00  1.863E-01
   11.5000     59.542  7.415E-01  2.893E+01  1.697E-01  2.117E-01  1.993E-03  3.967E+00  1.897E-01
   12.0000     59.456  7.458E-01  2.903E+01  1.704E-01  2.129E-01  2.010E-03  3.991E+00  1.910E-01
   12.5000     59.509  7.432E-01  2.897E+01  1.700E-01  2.122E-01  1.999E-03  3.976E+00  1.902E-01
   13.0000     59.699  7.336E-01  2.875E+01  1.684E-01  2.093E-01  1.962E-03  3.921E+00  1.873E-01
------------------------------------------------------------
