Spectral Irradiance, W m-2 nm-1
values at z =      0.000 km
Columns: wavelength (nm), times (hrs.) or sza (deg.)
    wc, nm     11.000     11.500     12.000     12.500     13.000
    sza =      31.699     29.428     28.526     29.126     31.140
  280.5000  6.441E-16  1.371E-15  1.810E-15  1.507E-15  7.818E-16
  281.5000  2.796E-14  5.569E-14  7.172E-14  6.069E-14  3.336E-14
  282.5000  4.880E-13  9.177E-13  1.157E-12  9.929E-13  5.737E-13
  283.5000  2.833E-12  5.134E-12  6.385E-12  5.529E-12  3.300E-12
  284.5000  4.213E-11  7.131E-11  8.651E-11  7.615E-11  4.821E-11
  285.5000  1.942E-10  3.126E-10  3.723E-10  3.316E-10  2.194E-10
  286.5000  2.835E-09  4.215E-09  5.156E-09  4.637E-09  3.171E-09
  287.5000  2.056E-08  3.050E-08  3.526E-08  3.204E-08  2.275E-08
  288.5000  1.330E-07  1.883E-07  2.140E-07  1.967E-07  1.454E-07
  289.5000  8.762E-07  1.200E-06  1.348E-06  1.248E-06  9.498E-07
  290.5000  4.089E-06  5.447E-06  6.053E-06  5.646E-06  4.401E-06
  291.5000  1.530E-05  1.975E-05  2.169E-05  2.039E-05  1.634E-05
  292.5000  4.214E-05  5.299E-05  5.764E-05  5.452E-05  4.469E-05
  293.5000  1.379E-04  1.692E-04  1.824E-04  1.736E-04  1.453E-04
  294.5000  2.888E-04  3.477E-04  3.723E-04  3.559E-04  3.029E-04
  295.5000  8.045E-04  9.490E-04  1.008E-03  9.688E-04  8.393E-04
  296.5000  1.529E-03  1.774E-03  1.873E-03  1.807E-03  1.589E-03
  297.5000  3.159E-03  3.611E-03  3.793E-03  3.671E-03  3.269E-03
  298.5000  4.013E-03  4.529E-03  4.736E-03  4.598E-03  4.139E-03
  299.5000  9.501E-03  1.060E-02  1.103E-02  1.074E-02  9.771E-03
  300.5000  9.326E-03  1.031E-02  1.070E-02  1.044E-02  9.569E-03
  301.5000  1.946E-02  2.131E-02  2.203E-02  2.155E-02  1.992E-02
  302.5000  2.508E-02  2.728E-02  2.814E-02  2.757E-02  2.525E-02
  303.5000  4.450E-02  4.805E-02  4.943E-02  4.851E-02  4.538E-02
  304.5000  4.983E-02  5.357E-02  5.502E-02  5.406E-02  5.076E-02
  305.5000  6.817E-02  7.281E-02  7.460E-02  7.341E-02  6.933E-02
  306.5000  7.230E-02  7.701E-02  7.882E-02  7.762E-02  7.348E-02
  307.5000  1.074E-01  1.138E-01  1.162E-01  1.146E-01  1.090E-01
  308.5000  1.213E-01  1.286E-01  1.313E-01  1.295E-01  1.234E-01
  309.5000  1.093E-01  1.151E-01  1.174E-01  1.159E-01  1.108E-01
  310.5000  1.509E-01  1.586E-01  1.615E-01  1.596E-01  1.529E-01
  311.5000  1.960E-01  2.057E-01  2.093E-01  2.069E-01  1.985E-01
  312.5000  1.944E-01  2.033E-01  2.067E-01  2.044E-01  1.966E-01
  313.5000  2.213E-01  2.313E-01  2.351E-01  2.326E-01  2.238E-01
  314.5000  2.242E-01  2.337E-01  2.373E-01  2.349E-01  2.266E-01
  315.5000  2.321E-01  2.418E-01  2.455E-01  2.431E-01  2.345E-01
  316.5000  2.335E-01  2.428E-01  2.464E-01  2.440E-01  2.358E-01
  317.5000  3.302E-01  3.434E-01  3.484E-01  3.451E-01  3.336E-01
  318.5000  2.621E-01  2.720E-01  2.758E-01  2.733E-01  2.646E-01
  319.5000  3.204E-01  3.324E-01  3.370E-01  3.340E-01  3.234E-01
  320.5000  3.906E-01  4.051E-01  4.106E-01  4.070E-01  3.942E-01
  321.5000  3.341E-01  3.460E-01  3.505E-01  3.475E-01  3.371E-01
  322.5000  3.346E-01  3.468E-01  3.515E-01  3.484E-01  3.377E-01
  323.5000  3.476E-01  3.596E-01  3.642E-01  3.612E-01  3.506E-01
  324.5000  4.079E-01  4.220E-01  4.273E-01  4.238E-01  4.114E-01
  325.5000  4.567E-01  4.726E-01  4.787E-01  4.747E-01  4.607E-01
  326.5000  5.553E-01  5.739E-01  5.810E-01  5.763E-01  5.600E-01
  327.5000  5.165E-01  5.340E-01  5.406E-01  5.362E-01  5.208E-01
  328.5000  4.769E-01  4.930E-01  4.991E-01  4.951E-01  4.810E-01
  329.5000  6.199E-01  6.402E-01  6.479E-01  6.428E-01  6.251E-01
  330.5000  5.631E-01  5.816E-01  5.888E-01  5.840E-01  5.678E-01
  331.5000  5.562E-01  5.747E-01  5.817E-01  5.771E-01  5.609E-01
  332.5000  5.487E-01  5.665E-01  5.732E-01  5.687E-01  5.532E-01
  333.5000  5.153E-01  5.321E-01  5.384E-01  5.342E-01  5.195E-01
  334.5000  5.759E-01  5.945E-01  6.016E-01  5.969E-01  5.806E-01
  335.5000  5.841E-01  6.028E-01  6.099E-01  6.052E-01  5.888E-01
  336.5000  4.565E-01  4.712E-01  4.767E-01  4.730E-01  4.602E-01
  337.5000  5.009E-01  5.170E-01  5.232E-01  5.191E-01  5.050E-01
  338.5000  5.290E-01  5.458E-01  5.522E-01  5.480E-01  5.333E-01
  339.5000  5.751E-01  5.933E-01  6.002E-01  5.957E-01  5.797E-01
  340.5000  6.147E-01  6.342E-01  6.416E-01  6.367E-01  6.196E-01
  341.5000  5.460E-01  5.633E-01  5.698E-01  5.655E-01  5.504E-01
  342.5000  6.049E-01  6.239E-01  6.311E-01  6.264E-01  6.097E-01
  343.5000  6.282E-01  6.480E-01  6.555E-01  6.505E-01  6.332E-01
  344.5000  4.402E-01  4.541E-01  4.594E-01  4.559E-01  4.437E-01
  345.5000  6.032E-01  6.221E-01  6.292E-01  6.245E-01  6.080E-01
  346.5000  5.642E-01  5.818E-01  5.885E-01  5.841E-01  5.686E-01
  347.5000  5.512E-01  5.684E-01  5.749E-01  5.706E-01  5.555E-01
  348.5000  6.057E-01  6.246E-01  6.318E-01  6.270E-01  6.105E-01
  349.5000  5.076E-01  5.234E-01  5.293E-01  5.254E-01  5.116E-01
  350.5000  7.106E-01  7.326E-01  7.410E-01  7.355E-01  7.161E-01
  351.5000  6.123E-01  6.313E-01  6.385E-01  6.338E-01  6.171E-01
  352.5000  5.522E-01  5.693E-01  5.758E-01  5.715E-01  5.565E-01
  353.5000  6.646E-01  6.851E-01  6.929E-01  6.878E-01  6.698E-01
  354.5000  7.192E-01  7.414E-01  7.498E-01  7.442E-01  7.248E-01
  355.5000  6.720E-01  6.927E-01  7.006E-01  6.954E-01  6.773E-01
  356.5000  6.236E-01  6.427E-01  6.500E-01  6.452E-01  6.284E-01
  357.5000  5.302E-01  5.464E-01  5.526E-01  5.485E-01  5.343E-01
  358.5000  4.091E-01  4.216E-01  4.263E-01  4.232E-01  4.122E-01
  359.5000  6.883E-01  7.094E-01  7.174E-01  7.121E-01  6.937E-01
  360.5000  6.379E-01  6.574E-01  6.648E-01  6.599E-01  6.428E-01
  361.5000  5.750E-01  5.926E-01  5.992E-01  5.948E-01  5.795E-01
  362.5000  6.752E-01  6.957E-01  7.035E-01  6.984E-01  6.804E-01
  363.5000  6.005E-01  6.188E-01  6.257E-01  6.211E-01  6.051E-01
  364.5000  6.550E-01  6.749E-01  6.824E-01  6.774E-01  6.600E-01
  365.5000  7.980E-01  8.222E-01  8.314E-01  8.253E-01  8.041E-01
  366.5000  8.444E-01  8.700E-01  8.797E-01  8.733E-01  8.509E-01
  367.5000  8.017E-01  8.259E-01  8.350E-01  8.290E-01  8.078E-01
  368.5000  7.041E-01  7.254E-01  7.334E-01  7.281E-01  7.095E-01
  369.5000  8.445E-01  8.699E-01  8.796E-01  8.732E-01  8.509E-01
  370.5000  7.661E-01  7.891E-01  7.978E-01  7.921E-01  7.719E-01
  371.5000  8.764E-01  9.027E-01  9.127E-01  9.061E-01  8.831E-01
  372.5000  6.473E-01  6.667E-01  6.740E-01  6.692E-01  6.522E-01
  373.5000  5.850E-01  6.025E-01  6.091E-01  6.048E-01  5.894E-01
  374.5000  6.420E-01  6.612E-01  6.684E-01  6.636E-01  6.468E-01
  375.5000  7.242E-01  7.458E-01  7.540E-01  7.486E-01  7.297E-01
  376.5000  7.231E-01  7.446E-01  7.528E-01  7.474E-01  7.285E-01
  377.5000  8.609E-01  8.866E-01  8.963E-01  8.899E-01  8.674E-01
  378.5000  9.382E-01  9.661E-01  9.767E-01  9.697E-01  9.453E-01
  379.5000  6.941E-01  7.147E-01  7.225E-01  7.173E-01  6.993E-01
  380.5000  8.346E-01  8.593E-01  8.687E-01  8.625E-01  8.408E-01
  381.5000  7.841E-01  8.074E-01  8.162E-01  8.104E-01  7.900E-01
  382.5000  5.224E-01  5.379E-01  5.438E-01  5.399E-01  5.264E-01
  383.5000  4.587E-01  4.723E-01  4.774E-01  4.740E-01  4.621E-01
  384.5000  6.883E-01  7.086E-01  7.163E-01  7.112E-01  6.935E-01
  385.5000  6.809E-01  7.010E-01  7.086E-01  7.036E-01  6.860E-01
  386.5000  6.940E-01  7.144E-01  7.222E-01  7.171E-01  6.992E-01
  387.5000  6.449E-01  6.639E-01  6.711E-01  6.663E-01  6.497E-01
  388.5000  6.464E-01  6.653E-01  6.725E-01  6.678E-01  6.512E-01
  389.5000  8.150E-01  8.389E-01  8.480E-01  8.420E-01  8.211E-01
  390.5000  8.005E-01  8.239E-01  8.328E-01  8.269E-01  8.064E-01
  391.5000  9.496E-01  9.773E-01  9.879E-01  9.809E-01  9.566E-01
  392.5000  7.120E-01  7.328E-01  7.407E-01  7.355E-01  7.173E-01
  393.5000  3.095E-01  3.185E-01  3.220E-01  3.197E-01  3.118E-01
  394.5000  7.283E-01  7.495E-01  7.575E-01  7.522E-01  7.336E-01
  395.5000  9.369E-01  9.642E-01  9.745E-01  9.677E-01  9.438E-01
  396.5000  5.501E-01  5.661E-01  5.722E-01  5.682E-01  5.542E-01
  397.5000  6.348E-01  6.532E-01  6.602E-01  6.556E-01  6.394E-01
  398.5000  1.091E+00  1.122E+00  1.134E+00  1.126E+00  1.099E+00
  399.5000  1.134E+00  1.167E+00  1.180E+00  1.171E+00  1.143E+00
  400.5000  1.193E+00  1.227E+00  1.240E+00  1.231E+00  1.201E+00
  401.5000  1.227E+00  1.262E+00  1.276E+00  1.267E+00  1.236E+00
  402.5000  1.274E+00  1.310E+00  1.324E+00  1.315E+00  1.283E+00
  403.5000  1.166E+00  1.199E+00  1.212E+00  1.204E+00  1.174E+00
  404.5000  1.143E+00  1.176E+00  1.189E+00  1.180E+00  1.152E+00
  405.5000  1.188E+00  1.222E+00  1.235E+00  1.226E+00  1.196E+00
  406.5000  1.118E+00  1.151E+00  1.163E+00  1.155E+00  1.127E+00
  407.5000  1.128E+00  1.160E+00  1.172E+00  1.164E+00  1.136E+00
  408.5000  1.256E+00  1.292E+00  1.305E+00  1.296E+00  1.265E+00
  409.5000  1.231E+00  1.266E+00  1.280E+00  1.271E+00  1.240E+00
  410.5000  1.067E+00  1.098E+00  1.110E+00  1.102E+00  1.075E+00
  411.5000  1.283E+00  1.320E+00  1.334E+00  1.324E+00  1.292E+00
  412.5000  1.272E+00  1.308E+00  1.322E+00  1.313E+00  1.281E+00
  413.5000  1.233E+00  1.268E+00  1.282E+00  1.273E+00  1.242E+00
  414.5000  1.267E+00  1.304E+00  1.317E+00  1.308E+00  1.277E+00
  415.5000  1.212E+00  1.247E+00  1.260E+00  1.251E+00  1.221E+00
  416.5000  1.319E+00  1.357E+00  1.371E+00  1.362E+00  1.329E+00
  417.5000  1.206E+00  1.240E+00  1.253E+00  1.245E+00  1.215E+00
  418.5000  1.215E+00  1.250E+00  1.263E+00  1.254E+00  1.224E+00
  419.5000  1.256E+00  1.291E+00  1.305E+00  1.296E+00  1.265E+00
------------------------------------------------------------
Dose rates, W m-2
   1 = UV-B, 280-315 nm                                  
   2 = UV-A, 315-400 nm                                  
   3 = Gaussian, 320 nm, 10 nm FWHM                      
   4 = RB Meter, model 501                               
   5 = DNA damage, in vitro (Setlow, 1974)               
   6 = UV index (WMO, 1994; Webb et al., 2011)           
   7 = Previtamin-D3 (CIE 2006)                          
values at z =      0.000 km
Columns: time, sza, weighting spectra
time, hrs.  sza, deg.          1          2          3          4          5          6          7
   11.0000     31.699  1.633E+00  5.228E+01  3.294E-01  4.786E-01  5.328E-03  9.086E+00  4.506E-01
   11.5000     29.428  1.722E+00  5.390E+01  3.417E-01  5.071E-01  5.784E-03  9.655E+00  4.804E-01
   12.0000     28.526  1.757E+00  5.451E+01  3.464E-01  5.181E-01  5.963E-03  9.876E+00  4.919E-01
   12.5000     29.126  1.734E+00  5.411E+01  3.433E-01  5.108E-01  5.844E-03  9.730E+00  4.843E-01
   13.0000     31.140  1.655E+00  5.269E+01  3.325E-01  4.856E-01  5.435E-03  9.223E+00  4.578E-01
------------------------------------------------------------
