Spectral Irradiance, W m-2 nm-1
values at z =      0.000 km
Columns: wavelength (nm), times (hrs.) or sza (deg.)
    wc, nm     11.000     11.500     12.000     12.500     13.000
    sza =      54.179     52.873     52.460     52.961     54.353
  280.5000  1.208E-21  4.346E-21  6.427E-21  3.997E-21  1.014E-21
  281.5000  1.713E-19  5.489E-19  7.834E-19  5.085E-19  1.447E-19
  282.5000  8.252E-18  2.394E-17  3.315E-17  2.233E-17  7.134E-18
  283.5000  9.251E-17  2.518E-16  3.418E-16  2.358E-16  8.067E-17
  284.5000  4.555E-15  1.107E-14  1.450E-14  1.045E-14  4.054E-15
  285.5000  5.117E-14  1.136E-13  1.448E-13  1.078E-13  4.588E-14
  286.5000  1.475E-12  3.064E-12  3.830E-12  2.921E-12  1.335E-12
  287.5000  2.275E-11  4.391E-11  5.366E-11  4.206E-11  2.079E-11
  288.5000  3.338E-10  5.949E-10  7.095E-10  5.729E-10  3.066E-10
  289.5000  3.945E-09  6.644E-09  7.788E-09  6.421E-09  3.672E-09
  290.5000  3.008E-08  4.830E-08  5.579E-08  4.683E-08  2.818E-08
  291.5000  1.962E-07  2.986E-07  3.392E-07  2.905E-07  1.852E-07
  292.5000  8.506E-07  1.238E-06  1.388E-06  1.208E-06  8.077E-07
  293.5000  4.263E-06  5.872E-06  6.593E-06  5.827E-06  4.072E-06
  294.5000  1.246E-05  1.685E-05  1.847E-05  1.652E-05  1.195E-05
  295.5000  4.942E-05  6.458E-05  7.006E-05  6.346E-05  4.758E-05
  296.5000  1.259E-04  1.599E-04  1.719E-04  1.574E-04  1.218E-04
  297.5000  3.359E-04  4.162E-04  4.442E-04  4.104E-04  3.260E-04
  298.5000  5.278E-04  6.420E-04  6.809E-04  6.340E-04  5.149E-04
  299.5000  1.533E-03  1.826E-03  1.925E-03  1.805E-03  1.499E-03
  300.5000  1.758E-03  2.061E-03  2.163E-03  2.040E-03  1.722E-03
  301.5000  4.345E-03  5.007E-03  5.227E-03  4.960E-03  4.261E-03
  302.5000  6.249E-03  7.124E-03  7.413E-03  7.063E-03  6.137E-03
  303.5000  1.263E-02  1.421E-02  1.473E-02  1.410E-02  1.242E-02
  304.5000  1.524E-02  1.703E-02  1.761E-02  1.691E-02  1.501E-02
  305.5000  2.331E-02  2.576E-02  2.655E-02  2.559E-02  2.299E-02
  306.5000  2.594E-02  2.853E-02  2.937E-02  2.835E-02  2.560E-02
  307.5000  4.223E-02  4.603E-02  4.726E-02  4.572E-02  4.173E-02
  308.5000  4.955E-02  5.383E-02  5.521E-02  5.353E-02  4.899E-02
  309.5000  4.733E-02  5.110E-02  5.231E-02  5.085E-02  4.683E-02
  310.5000  6.827E-02  7.340E-02  7.504E-02  7.305E-02  6.759E-02
  311.5000  9.127E-02  9.785E-02  9.996E-02  9.741E-02  9.039E-02
  312.5000  9.522E-02  1.016E-01  1.036E-01  1.011E-01  9.438E-02
  313.5000  1.098E-01  1.170E-01  1.193E-01  1.165E-01  1.089E-01
  314.5000  1.162E-01  1.232E-01  1.255E-01  1.228E-01  1.152E-01
  315.5000  1.212E-01  1.285E-01  1.308E-01  1.280E-01  1.202E-01
  316.5000  1.261E-01  1.333E-01  1.355E-01  1.328E-01  1.252E-01
  317.5000  1.786E-01  1.887E-01  1.919E-01  1.880E-01  1.772E-01
  318.5000  1.462E-01  1.540E-01  1.564E-01  1.534E-01  1.451E-01
  319.5000  1.798E-01  1.893E-01  1.923E-01  1.887E-01  1.786E-01
  320.5000  2.210E-01  2.324E-01  2.361E-01  2.317E-01  2.194E-01
  321.5000  1.944E-01  2.039E-01  2.069E-01  2.033E-01  1.931E-01
  322.5000  1.908E-01  2.005E-01  2.036E-01  1.999E-01  1.895E-01
  323.5000  2.050E-01  2.148E-01  2.178E-01  2.141E-01  2.037E-01
  324.5000  2.404E-01  2.519E-01  2.555E-01  2.511E-01  2.389E-01
  325.5000  2.683E-01  2.812E-01  2.853E-01  2.803E-01  2.666E-01
  326.5000  3.338E-01  3.491E-01  3.539E-01  3.480E-01  3.318E-01
  327.5000  3.085E-01  3.228E-01  3.273E-01  3.218E-01  3.066E-01
  328.5000  2.852E-01  2.984E-01  3.025E-01  2.975E-01  2.834E-01
  329.5000  3.771E-01  3.939E-01  3.991E-01  3.927E-01  3.748E-01
  330.5000  3.404E-01  3.558E-01  3.607E-01  3.548E-01  3.384E-01
  331.5000  3.362E-01  3.514E-01  3.562E-01  3.503E-01  3.341E-01
  332.5000  3.358E-01  3.505E-01  3.552E-01  3.495E-01  3.338E-01
  333.5000  3.140E-01  3.279E-01  3.323E-01  3.270E-01  3.121E-01
  334.5000  3.521E-01  3.676E-01  3.725E-01  3.665E-01  3.500E-01
  335.5000  3.594E-01  3.750E-01  3.799E-01  3.739E-01  3.573E-01
  336.5000  2.806E-01  2.929E-01  2.967E-01  2.920E-01  2.790E-01
  337.5000  3.070E-01  3.204E-01  3.247E-01  3.195E-01  3.052E-01
  338.5000  3.263E-01  3.404E-01  3.449E-01  3.395E-01  3.244E-01
  339.5000  3.553E-01  3.706E-01  3.754E-01  3.696E-01  3.532E-01
  340.5000  3.793E-01  3.957E-01  4.008E-01  3.946E-01  3.771E-01
  341.5000  3.382E-01  3.527E-01  3.572E-01  3.517E-01  3.362E-01
  342.5000  3.751E-01  3.911E-01  3.962E-01  3.901E-01  3.729E-01
  343.5000  3.895E-01  4.061E-01  4.114E-01  4.050E-01  3.872E-01
  344.5000  2.728E-01  2.845E-01  2.882E-01  2.837E-01  2.713E-01
  345.5000  3.752E-01  3.911E-01  3.962E-01  3.901E-01  3.730E-01
  346.5000  3.506E-01  3.655E-01  3.702E-01  3.645E-01  3.486E-01
  347.5000  3.428E-01  3.574E-01  3.620E-01  3.564E-01  3.409E-01
  348.5000  3.773E-01  3.933E-01  3.983E-01  3.922E-01  3.751E-01
  349.5000  3.163E-01  3.297E-01  3.340E-01  3.288E-01  3.145E-01
  350.5000  4.433E-01  4.620E-01  4.679E-01  4.607E-01  4.407E-01
  351.5000  3.822E-01  3.983E-01  4.034E-01  3.972E-01  3.800E-01
  352.5000  3.449E-01  3.595E-01  3.641E-01  3.585E-01  3.430E-01
  353.5000  4.156E-01  4.331E-01  4.386E-01  4.319E-01  4.133E-01
  354.5000  4.502E-01  4.691E-01  4.751E-01  4.678E-01  4.476E-01
  355.5000  4.210E-01  4.386E-01  4.442E-01  4.374E-01  4.186E-01
  356.5000  3.909E-01  4.073E-01  4.124E-01  4.062E-01  3.887E-01
  357.5000  3.326E-01  3.465E-01  3.509E-01  3.455E-01  3.307E-01
  358.5000  2.568E-01  2.675E-01  2.709E-01  2.668E-01  2.554E-01
  359.5000  4.324E-01  4.505E-01  4.562E-01  4.493E-01  4.300E-01
  360.5000  4.011E-01  4.178E-01  4.230E-01  4.166E-01  3.988E-01
  361.5000  3.618E-01  3.769E-01  3.816E-01  3.758E-01  3.598E-01
  362.5000  4.251E-01  4.428E-01  4.483E-01  4.416E-01  4.228E-01
  363.5000  3.784E-01  3.941E-01  3.990E-01  3.930E-01  3.763E-01
  364.5000  4.130E-01  4.301E-01  4.355E-01  4.290E-01  4.107E-01
  365.5000  5.035E-01  5.243E-01  5.309E-01  5.229E-01  5.007E-01
  366.5000  5.332E-01  5.552E-01  5.621E-01  5.537E-01  5.302E-01
  367.5000  5.065E-01  5.274E-01  5.340E-01  5.260E-01  5.037E-01
  368.5000  4.452E-01  4.635E-01  4.693E-01  4.623E-01  4.427E-01
  369.5000  5.343E-01  5.563E-01  5.632E-01  5.548E-01  5.313E-01
  370.5000  4.850E-01  5.049E-01  5.112E-01  5.036E-01  4.823E-01
  371.5000  5.552E-01  5.780E-01  5.852E-01  5.765E-01  5.522E-01
  372.5000  4.104E-01  4.272E-01  4.324E-01  4.260E-01  4.081E-01
  373.5000  3.711E-01  3.863E-01  3.910E-01  3.853E-01  3.691E-01
  374.5000  4.075E-01  4.241E-01  4.294E-01  4.230E-01  4.053E-01
  375.5000  4.600E-01  4.788E-01  4.847E-01  4.775E-01  4.575E-01
  376.5000  4.596E-01  4.783E-01  4.842E-01  4.770E-01  4.571E-01
  377.5000  5.476E-01  5.698E-01  5.768E-01  5.683E-01  5.446E-01
  378.5000  5.971E-01  6.213E-01  6.290E-01  6.197E-01  5.938E-01
  379.5000  4.420E-01  4.599E-01  4.655E-01  4.587E-01  4.396E-01
  380.5000  5.318E-01  5.533E-01  5.601E-01  5.519E-01  5.289E-01
  381.5000  5.000E-01  5.202E-01  5.265E-01  5.188E-01  4.972E-01
  382.5000  3.333E-01  3.468E-01  3.510E-01  3.459E-01  3.315E-01
  383.5000  2.928E-01  3.046E-01  3.084E-01  3.039E-01  2.912E-01
  384.5000  4.397E-01  4.574E-01  4.630E-01  4.562E-01  4.373E-01
  385.5000  4.352E-01  4.527E-01  4.582E-01  4.515E-01  4.328E-01
  386.5000  4.438E-01  4.617E-01  4.673E-01  4.605E-01  4.414E-01
  387.5000  4.127E-01  4.293E-01  4.345E-01  4.281E-01  4.105E-01
  388.5000  4.139E-01  4.305E-01  4.357E-01  4.293E-01  4.116E-01
  389.5000  5.222E-01  5.431E-01  5.496E-01  5.417E-01  5.194E-01
  390.5000  5.131E-01  5.337E-01  5.401E-01  5.323E-01  5.104E-01
  391.5000  6.091E-01  6.334E-01  6.410E-01  6.317E-01  6.058E-01
  392.5000  4.569E-01  4.752E-01  4.809E-01  4.739E-01  4.545E-01
  393.5000  1.988E-01  2.067E-01  2.092E-01  2.061E-01  1.977E-01
  394.5000  4.679E-01  4.865E-01  4.924E-01  4.853E-01  4.654E-01
  395.5000  6.023E-01  6.263E-01  6.338E-01  6.246E-01  5.991E-01
  396.5000  3.539E-01  3.679E-01  3.723E-01  3.670E-01  3.520E-01
  397.5000  4.085E-01  4.247E-01  4.298E-01  4.236E-01  4.063E-01
  398.5000  7.023E-01  7.301E-01  7.389E-01  7.283E-01  6.986E-01
  399.5000  7.309E-01  7.598E-01  7.688E-01  7.578E-01  7.270E-01
  400.5000  7.688E-01  7.991E-01  8.086E-01  7.971E-01  7.647E-01
  401.5000  7.913E-01  8.225E-01  8.323E-01  8.204E-01  7.871E-01
  402.5000  8.219E-01  8.543E-01  8.644E-01  8.521E-01  8.175E-01
  403.5000  7.526E-01  7.822E-01  7.915E-01  7.803E-01  7.486E-01
  404.5000  7.385E-01  7.676E-01  7.767E-01  7.656E-01  7.346E-01
  405.5000  7.676E-01  7.977E-01  8.071E-01  7.957E-01  7.635E-01
  406.5000  7.233E-01  7.516E-01  7.605E-01  7.497E-01  7.195E-01
  407.5000  7.296E-01  7.581E-01  7.671E-01  7.562E-01  7.257E-01
  408.5000  8.129E-01  8.447E-01  8.546E-01  8.425E-01  8.086E-01
  409.5000  7.973E-01  8.284E-01  8.382E-01  8.263E-01  7.930E-01
  410.5000  6.917E-01  7.187E-01  7.271E-01  7.169E-01  6.880E-01
  411.5000  8.318E-01  8.642E-01  8.744E-01  8.620E-01  8.274E-01
  412.5000  8.248E-01  8.569E-01  8.669E-01  8.547E-01  8.204E-01
  413.5000  8.003E-01  8.314E-01  8.412E-01  8.293E-01  7.961E-01
  414.5000  8.229E-01  8.549E-01  8.649E-01  8.527E-01  8.186E-01
  415.5000  7.874E-01  8.180E-01  8.276E-01  8.159E-01  7.833E-01
  416.5000  8.574E-01  8.906E-01  9.010E-01  8.884E-01  8.529E-01
  417.5000  7.841E-01  8.145E-01  8.240E-01  8.124E-01  7.800E-01
  418.5000  7.906E-01  8.212E-01  8.308E-01  8.191E-01  7.865E-01
  419.5000  8.171E-01  8.486E-01  8.585E-01  8.465E-01  8.128E-01
------------------------------------------------------------
Dose rates, W m-2
   1 = UV-B, 280-315 nm                                  
   2 = UV-A, 315-400 nm                                  
   3 = Gaussian, 320 nm, 10 nm FWHM                      
   4 = RB Meter, model 501                               
   5 = DNA damage, in vitro (Setlow, 1974)               
   6 = UV index (WMO, 1994; Webb et al., 2011)           
   7 = Previtamin-D3 (CIE 2006)                          
values at z =      0.000 km
Columns: time, sza, weighting spectra
time, hrs.  sza, deg.          1          2          3          4          5          6          7
   11.0000     54.179  7.119E-01  3.268E+01  1.863E-01  1.991E-01  1.581E-03  3.705E+00  1.680E-01
   11.5000     52.873  7.669E-01  3.406E+01  1.960E-01  2.150E-01  1.756E-03  4.001E+00  1.834E-01
   12.0000     52.460  7.846E-01  3.449E+01  1.990E-01  2.202E-01  1.813E-03  4.096E+00  1.884E-01
   12.5000     52.961  7.631E-01  3.396E+01  1.953E-01  2.139E-01  1.744E-03  3.980E+00  1.823E-01
   13.0000     54.353  7.046E-01  3.249E+01  1.851E-01  1.970E-01  1.559E-03  3.667E+00  1.659E-01
------------------------------------------------------------
