Spectral Irradiance, W m-2 nm-1
values at z =      0.000 km
Columns: wavelength (nm), times (hrs.) or sza (deg.)
    wc, nm     11.000     11.500     12.000     12.500     13.000
    sza =      89.169     88.558     88.319     88.455     88.966
  280.5000  3.716E-32  4.275E-32  4.491E-32  4.368E-32  3.903E-32
  281.5000  2.575E-29  2.961E-29  3.110E-29  3.025E-29  2.704E-29
  282.5000  4.858E-27  5.583E-27  5.863E-27  5.703E-27  5.100E-27
  283.5000  1.317E-25  1.513E-25  1.588E-25  1.545E-25  1.382E-25
  284.5000  3.312E-23  3.802E-23  3.992E-23  3.883E-23  3.476E-23
  285.5000  1.238E-21  1.420E-21  1.491E-21  1.450E-21  1.299E-21
  286.5000  9.025E-20  1.035E-19  1.086E-19  1.057E-19  9.468E-20
  287.5000  3.920E-18  4.493E-18  4.715E-18  4.588E-18  4.112E-18
  288.5000  1.789E-16  2.049E-16  2.150E-16  2.093E-16  1.876E-16
  289.5000  4.779E-15  5.473E-15  5.743E-15  5.589E-15  5.010E-15
  290.5000  7.248E-14  8.300E-14  8.709E-14  8.476E-14  7.599E-14
  291.5000  1.039E-12  1.189E-12  1.248E-12  1.215E-12  1.089E-12
  292.5000  8.630E-12  9.885E-12  1.037E-11  1.009E-11  9.048E-12
  293.5000  8.028E-11  9.199E-11  9.657E-11  9.395E-11  8.418E-11
  294.5000  3.833E-10  4.394E-10  4.614E-10  4.488E-10  4.019E-10
  295.5000  2.579E-09  2.960E-09  3.109E-09  3.024E-09  2.705E-09
  296.5000  1.029E-08  1.182E-08  1.242E-08  1.208E-08  1.079E-08
  297.5000  4.096E-08  4.713E-08  4.957E-08  4.818E-08  4.300E-08
  298.5000  9.119E-08  1.051E-07  1.106E-07  1.075E-07  9.579E-08
  299.5000  3.691E-07  4.263E-07  4.491E-07  4.361E-07  3.880E-07
  300.5000  5.514E-07  6.383E-07  6.730E-07  6.531E-07  5.801E-07
  301.5000  1.835E-06  2.130E-06  2.249E-06  2.181E-06  1.932E-06
  302.5000  3.233E-06  3.763E-06  3.976E-06  3.854E-06  3.407E-06
  303.5000  8.421E-06  9.841E-06  1.042E-05  1.009E-05  8.886E-06
  304.5000  1.184E-05  1.388E-05  1.471E-05  1.423E-05  1.251E-05
  305.5000  2.312E-05  2.724E-05  2.893E-05  2.796E-05  2.446E-05
  306.5000  2.871E-05  3.391E-05  3.607E-05  3.483E-05  3.040E-05
  307.5000  5.886E-05  7.004E-05  7.468E-05  7.201E-05  6.248E-05
  308.5000  7.600E-05  9.072E-05  9.686E-05  9.333E-05  8.075E-05
  309.5000  8.685E-05  1.044E-04  1.118E-04  1.075E-04  9.250E-05
  310.5000  1.449E-04  1.752E-04  1.880E-04  1.807E-04  1.546E-04
  311.5000  2.143E-04  2.604E-04  2.800E-04  2.687E-04  2.291E-04
  312.5000  2.775E-04  3.409E-04  3.681E-04  3.524E-04  2.976E-04
  313.5000  3.386E-04  4.171E-04  4.508E-04  4.313E-04  3.635E-04
  314.5000  4.540E-04  5.674E-04  6.170E-04  5.882E-04  4.897E-04
  315.5000  4.963E-04  6.214E-04  6.763E-04  6.445E-04  5.357E-04
  316.5000  6.598E-04  8.394E-04  9.193E-04  8.728E-04  7.159E-04
  317.5000  9.338E-04  1.187E-03  1.300E-03  1.234E-03  1.013E-03
  318.5000  1.024E-03  1.324E-03  1.458E-03  1.380E-03  1.118E-03
  319.5000  1.346E-03  1.743E-03  1.921E-03  1.817E-03  1.469E-03
  320.5000  1.792E-03  2.329E-03  2.569E-03  2.428E-03  1.959E-03
  321.5000  2.369E-03  3.095E-03  3.416E-03  3.229E-03  2.596E-03
  322.5000  1.671E-03  2.174E-03  2.400E-03  2.269E-03  1.826E-03
  323.5000  3.093E-03  4.029E-03  4.439E-03  4.201E-03  3.387E-03
  324.5000  3.537E-03  4.607E-03  5.077E-03  4.805E-03  3.873E-03
  325.5000  3.621E-03  4.729E-03  5.217E-03  4.934E-03  3.969E-03
  326.5000  7.138E-03  9.164E-03  1.003E-02  9.532E-03  7.781E-03
  327.5000  5.615E-03  7.263E-03  7.978E-03  7.564E-03  6.135E-03
  328.5000  5.189E-03  6.723E-03  7.386E-03  7.003E-03  5.676E-03
  329.5000  1.009E-02  1.277E-02  1.391E-02  1.325E-02  1.095E-02
  330.5000  7.698E-03  9.853E-03  1.077E-02  1.024E-02  8.383E-03
  331.5000  7.337E-03  9.413E-03  1.030E-02  9.782E-03  7.996E-03
  332.5000  9.831E-03  1.237E-02  1.343E-02  1.282E-02  1.064E-02
  333.5000  8.063E-03  1.024E-02  1.116E-02  1.063E-02  8.758E-03
  334.5000  9.655E-03  1.221E-02  1.328E-02  1.266E-02  1.047E-02
  335.5000  1.143E-02  1.429E-02  1.548E-02  1.479E-02  1.235E-02
  336.5000  8.535E-03  1.071E-02  1.162E-02  1.109E-02  9.233E-03
  337.5000  8.403E-03  1.063E-02  1.157E-02  1.102E-02  9.115E-03
  338.5000  1.046E-02  1.306E-02  1.416E-02  1.353E-02  1.129E-02
  339.5000  1.163E-02  1.451E-02  1.571E-02  1.502E-02  1.256E-02
  340.5000  1.170E-02  1.466E-02  1.591E-02  1.519E-02  1.265E-02
  341.5000  1.133E-02  1.411E-02  1.527E-02  1.460E-02  1.223E-02
  342.5000  1.276E-02  1.587E-02  1.716E-02  1.642E-02  1.376E-02
  343.5000  1.287E-02  1.605E-02  1.737E-02  1.661E-02  1.389E-02
  344.5000  8.731E-03  1.091E-02  1.183E-02  1.130E-02  9.433E-03
  345.5000  1.304E-02  1.618E-02  1.749E-02  1.674E-02  1.405E-02
  346.5000  1.158E-02  1.444E-02  1.563E-02  1.494E-02  1.250E-02
  347.5000  1.139E-02  1.420E-02  1.536E-02  1.469E-02  1.229E-02
  348.5000  1.276E-02  1.588E-02  1.718E-02  1.643E-02  1.377E-02
  349.5000  1.068E-02  1.329E-02  1.437E-02  1.375E-02  1.152E-02
  350.5000  1.502E-02  1.869E-02  2.021E-02  1.933E-02  1.620E-02
  351.5000  1.286E-02  1.601E-02  1.732E-02  1.656E-02  1.387E-02
  352.5000  1.168E-02  1.453E-02  1.571E-02  1.503E-02  1.259E-02
  353.5000  1.420E-02  1.765E-02  1.909E-02  1.826E-02  1.531E-02
  354.5000  1.550E-02  1.926E-02  2.082E-02  1.992E-02  1.671E-02
  355.5000  1.450E-02  1.802E-02  1.948E-02  1.864E-02  1.564E-02
  356.5000  1.346E-02  1.672E-02  1.808E-02  1.730E-02  1.451E-02
  357.5000  1.143E-02  1.420E-02  1.536E-02  1.469E-02  1.232E-02
  358.5000  8.859E-03  1.101E-02  1.190E-02  1.138E-02  9.551E-03
  359.5000  1.491E-02  1.853E-02  2.003E-02  1.917E-02  1.608E-02
  360.5000  1.384E-02  1.719E-02  1.859E-02  1.778E-02  1.492E-02
  361.5000  1.252E-02  1.555E-02  1.681E-02  1.608E-02  1.349E-02
  362.5000  1.473E-02  1.829E-02  1.977E-02  1.892E-02  1.588E-02
  363.5000  1.312E-02  1.629E-02  1.761E-02  1.685E-02  1.414E-02
  364.5000  1.430E-02  1.776E-02  1.920E-02  1.837E-02  1.542E-02
  365.5000  1.741E-02  2.163E-02  2.338E-02  2.237E-02  1.877E-02
  366.5000  1.846E-02  2.293E-02  2.479E-02  2.372E-02  1.990E-02
  367.5000  1.756E-02  2.181E-02  2.358E-02  2.256E-02  1.893E-02
  368.5000  1.543E-02  1.917E-02  2.072E-02  1.982E-02  1.664E-02
  369.5000  1.852E-02  2.300E-02  2.487E-02  2.379E-02  1.997E-02
  370.5000  1.681E-02  2.088E-02  2.257E-02  2.159E-02  1.812E-02
  371.5000  1.925E-02  2.391E-02  2.584E-02  2.473E-02  2.075E-02
  372.5000  1.423E-02  1.767E-02  1.910E-02  1.828E-02  1.534E-02
  373.5000  1.286E-02  1.597E-02  1.727E-02  1.652E-02  1.387E-02
  374.5000  1.412E-02  1.753E-02  1.895E-02  1.814E-02  1.522E-02
  375.5000  1.594E-02  1.980E-02  2.140E-02  2.048E-02  1.719E-02
  376.5000  1.593E-02  1.978E-02  2.139E-02  2.046E-02  1.717E-02
  377.5000  1.898E-02  2.357E-02  2.548E-02  2.438E-02  2.046E-02
  378.5000  2.069E-02  2.570E-02  2.778E-02  2.658E-02  2.230E-02
  379.5000  1.531E-02  1.902E-02  2.056E-02  1.967E-02  1.651E-02
  380.5000  1.842E-02  2.288E-02  2.473E-02  2.366E-02  1.986E-02
  381.5000  1.732E-02  2.151E-02  2.325E-02  2.225E-02  1.867E-02
  382.5000  1.154E-02  1.434E-02  1.550E-02  1.483E-02  1.245E-02
  383.5000  1.014E-02  1.259E-02  1.361E-02  1.303E-02  1.093E-02
  384.5000  1.522E-02  1.891E-02  2.044E-02  1.956E-02  1.641E-02
  385.5000  1.507E-02  1.872E-02  2.023E-02  1.936E-02  1.624E-02
  386.5000  1.536E-02  1.909E-02  2.063E-02  1.974E-02  1.656E-02
  387.5000  1.428E-02  1.774E-02  1.918E-02  1.835E-02  1.540E-02
  388.5000  1.432E-02  1.779E-02  1.923E-02  1.840E-02  1.544E-02
  389.5000  1.806E-02  2.244E-02  2.426E-02  2.321E-02  1.948E-02
  390.5000  1.775E-02  2.205E-02  2.384E-02  2.281E-02  1.914E-02
  391.5000  2.107E-02  2.617E-02  2.829E-02  2.707E-02  2.272E-02
  392.5000  1.580E-02  1.963E-02  2.122E-02  2.031E-02  1.704E-02
  393.5000  6.872E-03  8.538E-03  9.230E-03  8.831E-03  7.410E-03
  394.5000  1.617E-02  2.010E-02  2.172E-02  2.079E-02  1.744E-02
  395.5000  2.082E-02  2.586E-02  2.796E-02  2.675E-02  2.245E-02
  396.5000  1.223E-02  1.519E-02  1.642E-02  1.571E-02  1.319E-02
  397.5000  1.412E-02  1.754E-02  1.896E-02  1.814E-02  1.522E-02
  398.5000  2.427E-02  3.015E-02  3.260E-02  3.119E-02  2.617E-02
  399.5000  2.525E-02  3.138E-02  3.392E-02  3.245E-02  2.723E-02
  400.5000  2.656E-02  3.300E-02  3.567E-02  3.413E-02  2.864E-02
  401.5000  2.733E-02  3.396E-02  3.670E-02  3.512E-02  2.947E-02
  402.5000  2.838E-02  3.526E-02  3.812E-02  3.647E-02  3.060E-02
  403.5000  2.599E-02  3.229E-02  3.490E-02  3.339E-02  2.802E-02
  404.5000  2.550E-02  3.168E-02  3.425E-02  3.277E-02  2.750E-02
  405.5000  2.650E-02  3.292E-02  3.559E-02  3.405E-02  2.857E-02
  406.5000  2.496E-02  3.102E-02  3.353E-02  3.208E-02  2.692E-02
  407.5000  2.517E-02  3.127E-02  3.380E-02  3.234E-02  2.714E-02
  408.5000  2.803E-02  3.483E-02  3.765E-02  3.602E-02  3.023E-02
  409.5000  2.748E-02  3.415E-02  3.691E-02  3.532E-02  2.964E-02
  410.5000  2.384E-02  2.962E-02  3.202E-02  3.064E-02  2.571E-02
  411.5000  2.867E-02  3.562E-02  3.850E-02  3.684E-02  3.092E-02
  412.5000  2.843E-02  3.532E-02  3.818E-02  3.654E-02  3.066E-02
  413.5000  2.759E-02  3.428E-02  3.705E-02  3.545E-02  2.975E-02
  414.5000  2.836E-02  3.524E-02  3.809E-02  3.645E-02  3.059E-02
  415.5000  2.713E-02  3.371E-02  3.643E-02  3.486E-02  2.925E-02
  416.5000  2.952E-02  3.668E-02  3.965E-02  3.794E-02  3.184E-02
  417.5000  2.699E-02  3.354E-02  3.625E-02  3.469E-02  2.911E-02
  418.5000  2.721E-02  3.381E-02  3.655E-02  3.497E-02  2.935E-02
  419.5000  2.813E-02  3.494E-02  3.777E-02  3.614E-02  3.033E-02
------------------------------------------------------------
Dose rates, W m-2
   1 = UV-B, 280-315 nm                                  
   2 = UV-A, 315-400 nm                                  
   3 = Gaussian, 320 nm, 10 nm FWHM                      
   4 = RB Meter, model 501                               
   5 = DNA damage, in vitro (Setlow, 1974)               
   6 = UV index (WMO, 1994; Webb et al., 2011)           
   7 = Previtamin-D3 (CIE 2006)                          
values at z =      0.000 km
Columns: time, sza, weighting spectra
time, hrs.  sza, deg.          1          2          3          4          5          6          7
   11.0000     89.169  1.729E-03  1.035E+00  1.986E-03  8.592E-04  4.076E-06  2.948E-02  3.293E-04
   11.5000     88.558  2.118E-03  1.290E+00  2.568E-03  1.081E-03  5.050E-06  3.693E-02  4.033E-04
   12.0000     88.319  2.285E-03  1.397E+00  2.824E-03  1.178E-03  5.465E-06  4.009E-02  4.350E-04
   12.5000     88.455  2.188E-03  1.335E+00  2.675E-03  1.122E-03  5.225E-06  3.827E-02  4.166E-04
   13.0000     88.966  1.853E-03  1.117E+00  2.169E-03  9.296E-04  4.387E-06  3.186E-02  3.528E-04
------------------------------------------------------------
