Spectral Irradiance, W m-2 nm-1
values at z =      0.000 km
Columns: wavelength (nm), times (hrs.) or sza (deg.)
    wc, nm     11.000     11.500     12.000     12.500     13.000
    sza =      44.247     42.294     41.530     42.018     43.715
  280.5000  3.669E-18  1.181E-17  1.812E-17  1.381E-17  5.102E-18
  281.5000  2.521E-16  7.309E-16  1.080E-15  8.431E-16  3.404E-16
  282.5000  6.527E-15  1.730E-14  2.473E-14  1.972E-14  8.591E-15
  283.5000  4.896E-14  1.224E-13  1.713E-13  1.385E-13  6.341E-14
  284.5000  1.161E-12  2.610E-12  3.515E-12  2.910E-12  1.459E-12
  285.5000  7.550E-12  1.570E-11  2.054E-11  1.732E-11  9.283E-12
  286.5000  1.437E-10  2.813E-10  3.599E-10  3.079E-10  1.737E-10
  287.5000  1.398E-09  2.559E-09  3.196E-09  2.740E-09  1.658E-09
  288.5000  1.244E-08  2.118E-08  2.575E-08  2.275E-08  1.445E-08
  289.5000  1.029E-07  1.664E-07  1.985E-07  1.775E-07  1.178E-07
  290.5000  5.816E-07  9.005E-07  1.057E-06  9.550E-07  6.579E-07
  291.5000  2.704E-06  3.985E-06  4.595E-06  4.198E-06  3.016E-06
  292.5000  8.889E-06  1.258E-05  1.430E-05  1.318E-05  9.803E-06
  293.5000  3.436E-05  4.683E-05  5.247E-05  4.882E-05  3.749E-05
  294.5000  8.198E-05  1.085E-04  1.202E-04  1.126E-04  8.871E-05
  295.5000  2.622E-04  3.362E-04  3.684E-04  3.476E-04  2.812E-04
  296.5000  5.588E-04  6.981E-04  7.577E-04  7.193E-04  5.950E-04
  297.5000  1.276E-03  1.558E-03  1.677E-03  1.601E-03  1.350E-03
  298.5000  1.763E-03  2.112E-03  2.257E-03  2.164E-03  1.855E-03
  299.5000  4.519E-03  5.317E-03  5.645E-03  5.434E-03  4.731E-03
  300.5000  4.713E-03  5.469E-03  5.777E-03  5.579E-03  4.914E-03
  301.5000  1.050E-02  1.201E-02  1.261E-02  1.223E-02  1.091E-02
  302.5000  1.413E-02  1.599E-02  1.674E-02  1.626E-02  1.463E-02
  303.5000  2.637E-02  2.951E-02  3.076E-02  2.996E-02  2.722E-02
  304.5000  3.041E-02  3.380E-02  3.514E-02  3.428E-02  3.133E-02
  305.5000  4.344E-02  4.781E-02  4.953E-02  4.843E-02  4.463E-02
  306.5000  4.695E-02  5.145E-02  5.322E-02  5.209E-02  4.817E-02
  307.5000  7.227E-02  7.855E-02  8.101E-02  7.944E-02  7.398E-02
  308.5000  8.300E-02  8.993E-02  9.264E-02  9.091E-02  8.489E-02
  309.5000  7.637E-02  8.230E-02  8.462E-02  8.314E-02  7.800E-02
  310.5000  1.073E-01  1.152E-01  1.182E-01  1.163E-01  1.094E-01
  311.5000  1.409E-01  1.509E-01  1.548E-01  1.523E-01  1.436E-01
  312.5000  1.425E-01  1.519E-01  1.555E-01  1.532E-01  1.451E-01
  313.5000  1.631E-01  1.736E-01  1.777E-01  1.751E-01  1.660E-01
  314.5000  1.680E-01  1.782E-01  1.821E-01  1.796E-01  1.708E-01
  315.5000  1.745E-01  1.849E-01  1.889E-01  1.864E-01  1.773E-01
  316.5000  1.778E-01  1.879E-01  1.918E-01  1.893E-01  1.806E-01
  317.5000  2.517E-01  2.659E-01  2.714E-01  2.679E-01  2.556E-01
  318.5000  2.021E-01  2.130E-01  2.172E-01  2.145E-01  2.051E-01
  319.5000  2.477E-01  2.609E-01  2.659E-01  2.627E-01  2.513E-01
  320.5000  3.030E-01  3.188E-01  3.249E-01  3.210E-01  3.073E-01
  321.5000  2.620E-01  2.750E-01  2.800E-01  2.768E-01  2.656E-01
  322.5000  2.604E-01  2.738E-01  2.790E-01  2.757E-01  2.641E-01
  323.5000  2.740E-01  2.873E-01  2.924E-01  2.891E-01  2.777E-01
  324.5000  3.215E-01  3.371E-01  3.431E-01  3.393E-01  3.258E-01
  325.5000  3.596E-01  3.771E-01  3.838E-01  3.796E-01  3.644E-01
  326.5000  4.411E-01  4.617E-01  4.696E-01  4.646E-01  4.468E-01
  327.5000  4.093E-01  4.286E-01  4.361E-01  4.313E-01  4.147E-01
  328.5000  3.781E-01  3.960E-01  4.028E-01  3.985E-01  3.831E-01
  329.5000  4.948E-01  5.173E-01  5.260E-01  5.205E-01  5.010E-01
  330.5000  4.484E-01  4.691E-01  4.770E-01  4.720E-01  4.541E-01
  331.5000  4.430E-01  4.634E-01  4.713E-01  4.663E-01  4.486E-01
  332.5000  4.391E-01  4.588E-01  4.664E-01  4.616E-01  4.445E-01
  333.5000  4.117E-01  4.303E-01  4.375E-01  4.330E-01  4.168E-01
  334.5000  4.607E-01  4.815E-01  4.894E-01  4.844E-01  4.664E-01
  335.5000  4.684E-01  4.893E-01  4.973E-01  4.922E-01  4.742E-01
  336.5000  3.661E-01  3.824E-01  3.886E-01  3.846E-01  3.706E-01
  337.5000  4.012E-01  4.192E-01  4.261E-01  4.217E-01  4.062E-01
  338.5000  4.248E-01  4.436E-01  4.508E-01  4.462E-01  4.300E-01
  339.5000  4.621E-01  4.825E-01  4.903E-01  4.853E-01  4.677E-01
  340.5000  4.937E-01  5.155E-01  5.239E-01  5.186E-01  4.997E-01
  341.5000  4.392E-01  4.585E-01  4.659E-01  4.612E-01  4.445E-01
  342.5000  4.868E-01  5.081E-01  5.163E-01  5.111E-01  4.927E-01
  343.5000  5.056E-01  5.277E-01  5.362E-01  5.308E-01  5.117E-01
  344.5000  3.543E-01  3.698E-01  3.757E-01  3.720E-01  3.586E-01
  345.5000  4.862E-01  5.073E-01  5.154E-01  5.102E-01  4.920E-01
  346.5000  4.545E-01  4.743E-01  4.819E-01  4.771E-01  4.600E-01
  347.5000  4.443E-01  4.636E-01  4.710E-01  4.663E-01  4.496E-01
  348.5000  4.885E-01  5.097E-01  5.178E-01  5.126E-01  4.944E-01
  349.5000  4.095E-01  4.272E-01  4.340E-01  4.297E-01  4.144E-01
  350.5000  5.735E-01  5.982E-01  6.077E-01  6.017E-01  5.803E-01
  351.5000  4.943E-01  5.156E-01  5.238E-01  5.186E-01  5.002E-01
  352.5000  4.460E-01  4.651E-01  4.725E-01  4.678E-01  4.513E-01
  353.5000  5.370E-01  5.600E-01  5.689E-01  5.633E-01  5.434E-01
  354.5000  5.814E-01  6.063E-01  6.158E-01  6.097E-01  5.882E-01
  355.5000  5.434E-01  5.667E-01  5.756E-01  5.699E-01  5.498E-01
  356.5000  5.044E-01  5.259E-01  5.342E-01  5.289E-01  5.103E-01
  357.5000  4.290E-01  4.473E-01  4.543E-01  4.498E-01  4.340E-01
  358.5000  3.311E-01  3.452E-01  3.506E-01  3.472E-01  3.350E-01
  359.5000  5.573E-01  5.810E-01  5.901E-01  5.843E-01  5.639E-01
  360.5000  5.167E-01  5.386E-01  5.470E-01  5.417E-01  5.227E-01
  361.5000  4.659E-01  4.857E-01  4.932E-01  4.884E-01  4.714E-01
  362.5000  5.472E-01  5.704E-01  5.792E-01  5.736E-01  5.536E-01
  363.5000  4.869E-01  5.074E-01  5.153E-01  5.103E-01  4.926E-01
  364.5000  5.312E-01  5.536E-01  5.622E-01  5.567E-01  5.374E-01
  365.5000  6.474E-01  6.746E-01  6.851E-01  6.784E-01  6.549E-01
  366.5000  6.853E-01  7.141E-01  7.251E-01  7.181E-01  6.932E-01
  367.5000  6.508E-01  6.781E-01  6.885E-01  6.819E-01  6.583E-01
  368.5000  5.718E-01  5.957E-01  6.049E-01  5.991E-01  5.784E-01
  369.5000  6.860E-01  7.146E-01  7.256E-01  7.186E-01  6.939E-01
  370.5000  6.224E-01  6.484E-01  6.584E-01  6.521E-01  6.296E-01
  371.5000  7.123E-01  7.420E-01  7.534E-01  7.462E-01  7.205E-01
  372.5000  5.262E-01  5.482E-01  5.565E-01  5.512E-01  5.323E-01
  373.5000  4.757E-01  4.955E-01  5.031E-01  4.983E-01  4.812E-01
  374.5000  5.222E-01  5.439E-01  5.522E-01  5.469E-01  5.282E-01
  375.5000  5.893E-01  6.137E-01  6.231E-01  6.171E-01  5.961E-01
  376.5000  5.886E-01  6.129E-01  6.222E-01  6.163E-01  5.953E-01
  377.5000  7.010E-01  7.299E-01  7.410E-01  7.340E-01  7.090E-01
  378.5000  7.641E-01  7.956E-01  8.077E-01  8.000E-01  7.728E-01
  379.5000  5.654E-01  5.887E-01  5.976E-01  5.920E-01  5.718E-01
  380.5000  6.801E-01  7.081E-01  7.188E-01  7.120E-01  6.878E-01
  381.5000  6.391E-01  6.654E-01  6.755E-01  6.691E-01  6.464E-01
  382.5000  4.260E-01  4.434E-01  4.501E-01  4.459E-01  4.308E-01
  383.5000  3.741E-01  3.894E-01  3.953E-01  3.916E-01  3.783E-01
  384.5000  5.615E-01  5.845E-01  5.933E-01  5.877E-01  5.678E-01
  385.5000  5.556E-01  5.783E-01  5.870E-01  5.815E-01  5.619E-01
  386.5000  5.664E-01  5.896E-01  5.984E-01  5.928E-01  5.728E-01
  387.5000  5.265E-01  5.480E-01  5.562E-01  5.510E-01  5.324E-01
  388.5000  5.278E-01  5.493E-01  5.575E-01  5.523E-01  5.338E-01
  389.5000  6.657E-01  6.928E-01  7.032E-01  6.966E-01  6.732E-01
  390.5000  6.540E-01  6.806E-01  6.907E-01  6.843E-01  6.614E-01
  391.5000  7.760E-01  8.075E-01  8.195E-01  8.119E-01  7.847E-01
  392.5000  5.820E-01  6.056E-01  6.146E-01  6.089E-01  5.885E-01
  393.5000  2.531E-01  2.633E-01  2.672E-01  2.647E-01  2.559E-01
  394.5000  5.956E-01  6.197E-01  6.289E-01  6.230E-01  6.023E-01
  395.5000  7.665E-01  7.974E-01  8.092E-01  8.017E-01  7.750E-01
  396.5000  4.501E-01  4.683E-01  4.752E-01  4.708E-01  4.552E-01
  397.5000  5.195E-01  5.404E-01  5.484E-01  5.433E-01  5.253E-01
  398.5000  8.929E-01  9.288E-01  9.425E-01  9.338E-01  9.028E-01
  399.5000  9.289E-01  9.661E-01  9.804E-01  9.713E-01  9.392E-01
  400.5000  9.767E-01  1.016E+00  1.031E+00  1.021E+00  9.875E-01
  401.5000  1.005E+00  1.045E+00  1.061E+00  1.051E+00  1.016E+00
  402.5000  1.044E+00  1.085E+00  1.101E+00  1.091E+00  1.055E+00
  403.5000  9.554E-01  9.935E-01  1.008E+00  9.989E-01  9.659E-01
  404.5000  9.372E-01  9.746E-01  9.889E-01  9.798E-01  9.475E-01
  405.5000  9.737E-01  1.013E+00  1.027E+00  1.018E+00  9.845E-01
  406.5000  9.173E-01  9.538E-01  9.678E-01  9.589E-01  9.274E-01
  407.5000  9.250E-01  9.617E-01  9.758E-01  9.669E-01  9.351E-01
  408.5000  1.030E+00  1.071E+00  1.087E+00  1.077E+00  1.042E+00
  409.5000  1.010E+00  1.050E+00  1.066E+00  1.056E+00  1.021E+00
  410.5000  8.762E-01  9.109E-01  9.242E-01  9.158E-01  8.858E-01
  411.5000  1.053E+00  1.095E+00  1.111E+00  1.101E+00  1.065E+00
  412.5000  1.044E+00  1.085E+00  1.101E+00  1.091E+00  1.056E+00
  413.5000  1.013E+00  1.053E+00  1.068E+00  1.058E+00  1.024E+00
  414.5000  1.041E+00  1.082E+00  1.098E+00  1.088E+00  1.053E+00
  415.5000  9.961E-01  1.035E+00  1.050E+00  1.041E+00  1.007E+00
  416.5000  1.084E+00  1.127E+00  1.143E+00  1.133E+00  1.096E+00
  417.5000  9.914E-01  1.030E+00  1.045E+00  1.036E+00  1.002E+00
  418.5000  9.993E-01  1.039E+00  1.054E+00  1.044E+00  1.010E+00
  419.5000  1.032E+00  1.073E+00  1.088E+00  1.079E+00  1.044E+00
------------------------------------------------------------
Dose rates, W m-2
   1 = UV-B, 280-315 nm                                  
   2 = UV-A, 315-400 nm                                  
   3 = Gaussian, 320 nm, 10 nm FWHM                      
   4 = RB Meter, model 501                               
   5 = DNA damage, in vitro (Setlow, 1974)               
   6 = UV index (WMO, 1994; Webb et al., 2011)           
   7 = Previtamin-D3 (CIE 2006)                          
values at z =      0.000 km
Columns: time, sza, weighting spectra
time, hrs.  sza, deg.          1          2          3          4          5          6          7
   11.0000     44.247  1.138E+00  4.224E+01  2.554E-01  3.256E-01  3.126E-03  6.093E+00  2.940E-01
   11.5000     42.294  1.227E+00  4.406E+01  2.688E-01  3.525E-01  3.493E-03  6.613E+00  3.214E-01
   12.0000     41.530  1.261E+00  4.475E+01  2.740E-01  3.631E-01  3.641E-03  6.819E+00  3.323E-01
   12.5000     42.018  1.239E+00  4.431E+01  2.707E-01  3.564E-01  3.547E-03  6.687E+00  3.254E-01
   13.0000     43.715  1.163E+00  4.274E+01  2.591E-01  3.329E-01  3.224E-03  6.234E+00  3.014E-01
------------------------------------------------------------
