Spectral Irradiance, W m-2 nm-1
values at z =      0.000 km
Columns: wavelength (nm), times (hrs.) or sza (deg.)
    wc, nm     11.000     11.500     12.000     12.500     13.000
    sza =      26.702     22.899     20.786     20.889     23.179
  280.5000  7.824E-15  1.962E-14  3.029E-14  2.969E-14  1.845E-14
  281.5000  2.733E-13  6.321E-13  9.392E-13  9.222E-13  5.975E-13
  282.5000  3.956E-12  8.535E-12  1.227E-11  1.207E-11  8.106E-12
  283.5000  2.034E-11  4.195E-11  5.904E-11  5.812E-11  3.996E-11
  284.5000  2.424E-10  4.604E-10  6.233E-10  6.147E-10  4.410E-10
  285.5000  9.484E-10  1.695E-09  2.230E-09  2.202E-09  1.630E-09
  286.5000  1.221E-08  2.082E-08  2.679E-08  2.648E-08  2.009E-08
  287.5000  7.698E-08  1.246E-07  1.565E-07  1.549E-07  1.207E-07
  288.5000  4.277E-07  6.545E-07  8.002E-07  7.929E-07  6.360E-07
  289.5000  2.527E-06  3.714E-06  4.456E-06  4.418E-06  3.619E-06
  290.5000  1.076E-05  1.529E-05  1.805E-05  1.791E-05  1.493E-05
  291.5000  3.630E-05  4.962E-05  5.752E-05  5.713E-05  4.859E-05
  292.5000  9.179E-05  1.216E-04  1.388E-04  1.380E-04  1.193E-04
  293.5000  2.772E-04  3.563E-04  4.013E-04  3.992E-04  3.503E-04
  294.5000  5.452E-04  6.848E-04  7.629E-04  7.591E-04  6.744E-04
  295.5000  1.420E-03  1.740E-03  1.917E-03  1.908E-03  1.717E-03
  296.5000  2.554E-03  3.066E-03  3.344E-03  3.330E-03  3.028E-03
  297.5000  5.023E-03  5.924E-03  6.406E-03  6.383E-03  5.858E-03
  298.5000  6.123E-03  7.112E-03  7.636E-03  7.611E-03  7.040E-03
  299.5000  1.394E-02  1.596E-02  1.703E-02  1.698E-02  1.582E-02
  300.5000  1.306E-02  1.504E-02  1.596E-02  1.592E-02  1.492E-02
  301.5000  2.684E-02  3.004E-02  3.169E-02  3.161E-02  2.981E-02
  302.5000  3.384E-02  3.759E-02  3.951E-02  3.942E-02  3.732E-02
  303.5000  5.857E-02  6.445E-02  6.745E-02  6.731E-02  6.403E-02
  304.5000  6.463E-02  7.075E-02  7.386E-02  7.371E-02  7.031E-02
  305.5000  8.652E-02  9.396E-02  9.773E-02  9.756E-02  9.344E-02
  306.5000  9.091E-02  9.839E-02  1.022E-01  1.020E-01  9.786E-02
  307.5000  1.326E-01  1.426E-01  1.476E-01  1.474E-01  1.419E-01
  308.5000  1.492E-01  1.600E-01  1.654E-01  1.652E-01  1.592E-01
  309.5000  1.325E-01  1.415E-01  1.460E-01  1.458E-01  1.408E-01
  310.5000  1.814E-01  1.931E-01  1.990E-01  1.987E-01  1.923E-01
  311.5000  2.343E-01  2.489E-01  2.562E-01  2.558E-01  2.479E-01
  312.5000  2.299E-01  2.434E-01  2.501E-01  2.498E-01  2.425E-01
  313.5000  2.612E-01  2.762E-01  2.837E-01  2.814E-01  2.752E-01
  314.5000  2.623E-01  2.765E-01  2.836E-01  2.833E-01  2.755E-01
  315.5000  2.711E-01  2.857E-01  2.929E-01  2.926E-01  2.847E-01
  316.5000  2.709E-01  2.848E-01  2.917E-01  2.914E-01  2.838E-01
  317.5000  3.831E-01  4.027E-01  4.125E-01  4.120E-01  4.013E-01
  318.5000  3.022E-01  3.170E-01  3.243E-01  3.239E-01  3.159E-01
  319.5000  3.689E-01  3.867E-01  3.956E-01  3.951E-01  3.855E-01
  320.5000  4.491E-01  4.705E-01  4.812E-01  4.807E-01  4.691E-01
  321.5000  3.821E-01  3.995E-01  4.082E-01  4.077E-01  3.983E-01
  322.5000  3.841E-01  4.022E-01  4.111E-01  4.107E-01  4.009E-01
  323.5000  3.964E-01  4.140E-01  4.228E-01  4.224E-01  4.128E-01
  324.5000  4.651E-01  4.859E-01  4.961E-01  4.956E-01  4.844E-01
  325.5000  5.212E-01  5.445E-01  5.561E-01  5.556E-01  5.429E-01
  326.5000  6.309E-01  6.581E-01  6.716E-01  6.710E-01  6.562E-01
  327.5000  5.875E-01  6.128E-01  6.257E-01  6.251E-01  6.113E-01
  328.5000  5.424E-01  5.659E-01  5.776E-01  5.770E-01  5.643E-01
  329.5000  7.027E-01  7.323E-01  7.469E-01  7.462E-01  7.302E-01
  330.5000  6.389E-01  6.661E-01  6.796E-01  6.790E-01  6.642E-01
  331.5000  6.314E-01  6.582E-01  6.716E-01  6.709E-01  6.564E-01
  332.5000  6.212E-01  6.471E-01  6.599E-01  6.593E-01  6.453E-01
  333.5000  5.838E-01  6.083E-01  6.204E-01  6.199E-01  6.066E-01
  334.5000  6.521E-01  6.792E-01  6.927E-01  6.920E-01  6.773E-01
  335.5000  6.605E-01  6.877E-01  7.012E-01  7.005E-01  6.858E-01
  336.5000  5.164E-01  5.377E-01  5.482E-01  5.477E-01  5.362E-01
  337.5000  5.669E-01  5.904E-01  6.020E-01  6.015E-01  5.888E-01
  338.5000  5.979E-01  6.224E-01  6.345E-01  6.339E-01  6.207E-01
  339.5000  6.498E-01  6.764E-01  6.895E-01  6.888E-01  6.745E-01
  340.5000  6.948E-01  7.232E-01  7.372E-01  7.366E-01  7.212E-01
  341.5000  6.167E-01  6.418E-01  6.541E-01  6.536E-01  6.400E-01
  342.5000  6.830E-01  7.107E-01  7.244E-01  7.237E-01  7.088E-01
  343.5000  7.094E-01  7.381E-01  7.523E-01  7.517E-01  7.361E-01
  344.5000  4.972E-01  5.173E-01  5.273E-01  5.268E-01  5.159E-01
  345.5000  6.808E-01  7.082E-01  7.217E-01  7.211E-01  7.062E-01
  346.5000  6.368E-01  6.625E-01  6.752E-01  6.746E-01  6.607E-01
  347.5000  6.221E-01  6.471E-01  6.594E-01  6.588E-01  6.453E-01
  348.5000  6.835E-01  7.108E-01  7.244E-01  7.237E-01  7.089E-01
  349.5000  5.726E-01  5.955E-01  6.069E-01  6.063E-01  5.939E-01
  350.5000  8.015E-01  8.335E-01  8.493E-01  8.486E-01  8.313E-01
  351.5000  6.907E-01  7.182E-01  7.318E-01  7.312E-01  7.163E-01
  352.5000  6.227E-01  6.475E-01  6.597E-01  6.592E-01  6.458E-01
  353.5000  7.494E-01  7.791E-01  7.938E-01  7.931E-01  7.770E-01
  354.5000  8.108E-01  8.429E-01  8.587E-01  8.580E-01  8.406E-01
  355.5000  7.575E-01  7.874E-01  8.022E-01  8.015E-01  7.854E-01
  356.5000  7.028E-01  7.305E-01  7.442E-01  7.436E-01  7.286E-01
  357.5000  5.975E-01  6.210E-01  6.326E-01  6.321E-01  6.194E-01
  358.5000  4.609E-01  4.790E-01  4.880E-01  4.876E-01  4.778E-01
  359.5000  7.755E-01  8.059E-01  8.210E-01  8.203E-01  8.038E-01
  360.5000  7.186E-01  7.468E-01  7.607E-01  7.600E-01  7.448E-01
  361.5000  6.477E-01  6.730E-01  6.855E-01  6.850E-01  6.713E-01
  362.5000  7.604E-01  7.901E-01  8.048E-01  8.041E-01  7.880E-01
  363.5000  6.762E-01  7.026E-01  7.156E-01  7.150E-01  7.007E-01
  364.5000  7.375E-01  7.662E-01  7.804E-01  7.797E-01  7.642E-01
  365.5000  8.984E-01  9.333E-01  9.506E-01  9.498E-01  9.309E-01
  366.5000  9.505E-01  9.874E-01  1.006E+00  1.005E+00  9.849E-01
  367.5000  9.022E-01  9.372E-01  9.545E-01  9.537E-01  9.348E-01
  368.5000  7.924E-01  8.231E-01  8.382E-01  8.375E-01  8.209E-01
  369.5000  9.502E-01  9.870E-01  1.005E+00  1.004E+00  9.844E-01
  370.5000  8.619E-01  8.952E-01  9.116E-01  9.108E-01  8.928E-01
  371.5000  9.859E-01  1.024E+00  1.043E+00  1.042E+00  1.021E+00
  372.5000  7.281E-01  7.561E-01  7.699E-01  7.693E-01  7.542E-01
  373.5000  6.579E-01  6.832E-01  6.957E-01  6.951E-01  6.815E-01
  374.5000  7.219E-01  7.496E-01  7.633E-01  7.627E-01  7.477E-01
  375.5000  8.143E-01  8.456E-01  8.610E-01  8.602E-01  8.434E-01
  376.5000  8.130E-01  8.441E-01  8.595E-01  8.587E-01  8.419E-01
  377.5000  9.679E-01  1.005E+00  1.023E+00  1.022E+00  1.002E+00
  378.5000  1.055E+00  1.095E+00  1.115E+00  1.114E+00  1.092E+00
  379.5000  7.801E-01  8.098E-01  8.245E-01  8.238E-01  8.078E-01
  380.5000  9.380E-01  9.736E-01  9.913E-01  9.904E-01  9.712E-01
  381.5000  8.812E-01  9.147E-01  9.312E-01  9.304E-01  9.123E-01
  382.5000  5.870E-01  6.093E-01  6.203E-01  6.198E-01  6.078E-01
  383.5000  5.154E-01  5.349E-01  5.445E-01  5.441E-01  5.335E-01
  384.5000  7.733E-01  8.025E-01  8.170E-01  8.163E-01  8.005E-01
  385.5000  7.649E-01  7.938E-01  8.080E-01  8.074E-01  7.918E-01
  386.5000  7.795E-01  8.089E-01  8.234E-01  8.228E-01  8.069E-01
  387.5000  7.243E-01  7.516E-01  7.651E-01  7.644E-01  7.497E-01
  388.5000  7.258E-01  7.532E-01  7.666E-01  7.660E-01  7.513E-01
  389.5000  9.152E-01  9.496E-01  9.665E-01  9.657E-01  9.472E-01
  390.5000  8.987E-01  9.325E-01  9.491E-01  9.483E-01  9.301E-01
  391.5000  1.066E+00  1.106E+00  1.126E+00  1.125E+00  1.103E+00
  392.5000  7.992E-01  8.292E-01  8.439E-01  8.432E-01  8.271E-01
  393.5000  3.474E-01  3.604E-01  3.668E-01  3.665E-01  3.595E-01
  394.5000  8.173E-01  8.479E-01  8.629E-01  8.622E-01  8.457E-01
  395.5000  1.051E+00  1.091E+00  1.110E+00  1.109E+00  1.088E+00
  396.5000  6.173E-01  6.403E-01  6.517E-01  6.511E-01  6.387E-01
  397.5000  7.122E-01  7.387E-01  7.518E-01  7.512E-01  7.369E-01
  398.5000  1.224E+00  1.269E+00  1.292E+00  1.290E+00  1.266E+00
  399.5000  1.273E+00  1.320E+00  1.343E+00  1.342E+00  1.316E+00
  400.5000  1.338E+00  1.387E+00  1.412E+00  1.411E+00  1.384E+00
  401.5000  1.376E+00  1.427E+00  1.452E+00  1.451E+00  1.423E+00
  402.5000  1.428E+00  1.481E+00  1.507E+00  1.506E+00  1.477E+00
  403.5000  1.307E+00  1.355E+00  1.379E+00  1.378E+00  1.352E+00
  404.5000  1.282E+00  1.329E+00  1.353E+00  1.351E+00  1.326E+00
  405.5000  1.331E+00  1.381E+00  1.405E+00  1.404E+00  1.377E+00
  406.5000  1.254E+00  1.300E+00  1.323E+00  1.322E+00  1.297E+00
  407.5000  1.264E+00  1.311E+00  1.333E+00  1.332E+00  1.307E+00
  408.5000  1.408E+00  1.459E+00  1.485E+00  1.484E+00  1.456E+00
  409.5000  1.380E+00  1.430E+00  1.455E+00  1.454E+00  1.427E+00
  410.5000  1.196E+00  1.240E+00  1.262E+00  1.261E+00  1.237E+00
  411.5000  1.438E+00  1.490E+00  1.516E+00  1.515E+00  1.487E+00
  412.5000  1.425E+00  1.477E+00  1.503E+00  1.501E+00  1.473E+00
  413.5000  1.382E+00  1.432E+00  1.457E+00  1.456E+00  1.429E+00
  414.5000  1.420E+00  1.472E+00  1.497E+00  1.496E+00  1.468E+00
  415.5000  1.358E+00  1.408E+00  1.432E+00  1.431E+00  1.404E+00
  416.5000  1.478E+00  1.532E+00  1.558E+00  1.557E+00  1.528E+00
  417.5000  1.351E+00  1.400E+00  1.424E+00  1.423E+00  1.397E+00
  418.5000  1.361E+00  1.411E+00  1.435E+00  1.434E+00  1.407E+00
  419.5000  1.406E+00  1.457E+00  1.482E+00  1.481E+00  1.454E+00
------------------------------------------------------------
Dose rates, W m-2
   1 = UV-B, 280-315 nm                                  
   2 = UV-A, 315-400 nm                                  
   3 = Gaussian, 320 nm, 10 nm FWHM                      
   4 = RB Meter, model 501                               
   5 = DNA damage, in vitro (Setlow, 1974)               
   6 = UV index (WMO, 1994; Webb et al., 2011)           
   7 = Previtamin-D3 (CIE 2006)                          
values at z =      0.000 km
Columns: time, sza, weighting spectra
time, hrs.  sza, deg.          1          2          3          4          5          6          7
   11.0000     26.702  1.988E+00  5.897E+01  3.790E-01  5.918E-01  7.160E-03  1.136E+01  5.687E-01
   11.5000     22.899  2.127E+00  6.132E+01  3.971E-01  6.377E-01  7.975E-03  1.230E+01  6.172E-01
   12.0000     20.786  2.198E+00  6.248E+01  4.061E-01  6.609E-01  8.396E-03  1.278E+01  6.418E-01
   12.5000     20.889  2.192E+00  6.242E+01  4.056E-01  6.596E-01  8.375E-03  1.276E+01  6.405E-01
   13.0000     23.179  2.118E+00  6.115E+01  3.958E-01  6.345E-01  7.917E-03  1.224E+01  6.138E-01
------------------------------------------------------------
