Spectral Irradiance, W m-2 nm-1
values at z =      0.000 km
Columns: wavelength (nm), times (hrs.) or sza (deg.)
    wc, nm     11.000     11.500     12.000     12.500     13.000
    sza =      50.571     49.121     48.660     49.217     50.760
  280.5000  2.753E-20  9.198E-20  1.326E-19  8.514E-20  2.337E-20
  281.5000  2.944E-18  8.821E-18  1.231E-17  8.223E-18  2.537E-18
  282.5000  1.114E-16  3.040E-16  4.122E-16  2.850E-16  9.720E-17
  283.5000  1.068E-15  2.744E-15  3.654E-15  2.583E-15  9.399E-16
  284.5000  3.968E-14  9.126E-14  1.175E-13  8.651E-14  3.544E-14
  285.5000  3.596E-13  7.623E-13  9.576E-13  7.265E-13  3.248E-13
  286.5000  8.824E-12  1.757E-11  2.166E-11  1.681E-11  8.037E-12
  287.5000  1.138E-10  2.114E-10  2.552E-10  2.032E-10  1.046E-10
  288.5000  1.375E-09  2.370E-09  2.796E-09  2.289E-09  1.278E-09
  289.5000  1.416E-08  2.313E-08  2.685E-08  2.241E-08  1.325E-08
  290.5000  9.616E-08  1.501E-07  1.719E-07  1.459E-07  9.052E-08
  291.5000  5.465E-07  8.164E-07  9.205E-07  7.960E-07  5.216E-07
  292.5000  2.143E-06  3.051E-06  3.396E-06  2.982E-06  2.043E-06
  293.5000  9.715E-06  1.330E-05  1.463E-05  1.303E-05  9.310E-06
  294.5000  2.625E-05  3.486E-05  3.799E-05  3.423E-05  2.526E-05
  295.5000  9.579E-05  1.232E-04  1.329E-04  1.212E-04  9.258E-05
  296.5000  2.277E-04  2.851E-04  3.052E-04  2.810E-04  2.209E-04
  297.5000  5.661E-04  6.997E-04  7.438E-04  6.907E-04  5.568E-04
  298.5000  8.567E-04  1.027E-03  1.086E-03  1.015E-03  8.359E-04
  299.5000  2.369E-03  2.788E-03  2.930E-03  2.759E-03  2.317E-03
  300.5000  2.617E-03  3.037E-03  3.168E-03  3.008E-03  2.565E-03
  301.5000  6.211E-03  7.097E-03  7.392E-03  7.037E-03  6.099E-03
  302.5000  8.703E-03  9.846E-03  1.022E-02  9.768E-03  8.558E-03
  303.5000  1.705E-02  1.907E-02  1.972E-02  1.893E-02  1.680E-02
  304.5000  2.022E-02  2.245E-02  2.318E-02  2.230E-02  1.993E-02
  305.5000  3.011E-02  3.310E-02  3.407E-02  3.290E-02  2.973E-02
  306.5000  3.313E-02  3.626E-02  3.727E-02  3.605E-02  3.273E-02
  307.5000  5.278E-02  5.727E-02  5.872E-02  5.697E-02  5.219E-02
  308.5000  6.141E-02  6.643E-02  6.804E-02  6.577E-02  6.076E-02
  309.5000  5.781E-02  6.218E-02  6.358E-02  6.189E-02  5.724E-02
  310.5000  8.252E-02  8.842E-02  9.030E-02  8.802E-02  8.176E-02
  311.5000  1.096E-01  1.171E-01  1.195E-01  1.166E-01  1.086E-01
  312.5000  1.129E-01  1.201E-01  1.224E-01  1.196E-01  1.120E-01
  313.5000  1.298E-01  1.380E-01  1.405E-01  1.374E-01  1.288E-01
  314.5000  1.359E-01  1.439E-01  1.464E-01  1.433E-01  1.349E-01
  315.5000  1.416E-01  1.497E-01  1.523E-01  1.492E-01  1.405E-01
  316.5000  1.461E-01  1.541E-01  1.564E-01  1.535E-01  1.451E-01
  317.5000  2.069E-01  2.181E-01  2.216E-01  2.173E-01  2.054E-01
  318.5000  1.681E-01  1.767E-01  1.794E-01  1.761E-01  1.670E-01
  319.5000  2.065E-01  2.169E-01  2.202E-01  2.162E-01  2.051E-01
  320.5000  2.533E-01  2.659E-01  2.699E-01  2.650E-01  2.516E-01
  321.5000  2.213E-01  2.317E-01  2.350E-01  2.310E-01  2.199E-01
  322.5000  2.183E-01  2.290E-01  2.324E-01  2.283E-01  2.169E-01
  323.5000  2.326E-01  2.433E-01  2.467E-01  2.426E-01  2.312E-01
  324.5000  2.729E-01  2.854E-01  2.894E-01  2.846E-01  2.713E-01
  325.5000  3.048E-01  3.189E-01  3.233E-01  3.180E-01  3.030E-01
  326.5000  3.771E-01  3.937E-01  3.990E-01  3.926E-01  3.749E-01
  327.5000  3.491E-01  3.647E-01  3.696E-01  3.636E-01  3.470E-01
  328.5000  3.226E-01  3.370E-01  3.415E-01  3.360E-01  3.207E-01
  329.5000  4.248E-01  4.431E-01  4.488E-01  4.419E-01  4.224E-01
  330.5000  3.842E-01  4.009E-01  4.061E-01  3.997E-01  3.819E-01
  331.5000  3.794E-01  3.959E-01  4.011E-01  3.948E-01  3.772E-01
  332.5000  3.778E-01  3.938E-01  3.988E-01  3.927E-01  3.757E-01
  333.5000  3.536E-01  3.688E-01  3.735E-01  3.678E-01  3.516E-01
  334.5000  3.963E-01  4.131E-01  4.184E-01  4.120E-01  3.940E-01
  335.5000  4.039E-01  4.208E-01  4.261E-01  4.196E-01  4.016E-01
  336.5000  3.155E-01  3.287E-01  3.329E-01  3.278E-01  3.137E-01
  337.5000  3.453E-01  3.599E-01  3.645E-01  3.590E-01  3.434E-01
  338.5000  3.665E-01  3.818E-01  3.866E-01  3.808E-01  3.645E-01
  339.5000  3.990E-01  4.155E-01  4.207E-01  4.144E-01  3.968E-01
  340.5000  4.260E-01  4.438E-01  4.493E-01  4.426E-01  4.237E-01
  341.5000  3.795E-01  3.952E-01  4.001E-01  3.942E-01  3.774E-01
  342.5000  4.209E-01  4.382E-01  4.436E-01  4.370E-01  4.186E-01
  343.5000  4.370E-01  4.550E-01  4.607E-01  4.538E-01  4.346E-01
  344.5000  3.062E-01  3.188E-01  3.228E-01  3.180E-01  3.045E-01
  345.5000  4.207E-01  4.379E-01  4.433E-01  4.368E-01  4.184E-01
  346.5000  3.932E-01  4.093E-01  4.144E-01  4.082E-01  3.910E-01
  347.5000  3.844E-01  4.002E-01  4.051E-01  3.991E-01  3.823E-01
  348.5000  4.229E-01  4.402E-01  4.456E-01  4.390E-01  4.206E-01
  349.5000  3.546E-01  3.690E-01  3.736E-01  3.681E-01  3.527E-01
  350.5000  4.967E-01  5.169E-01  5.233E-01  5.156E-01  4.940E-01
  351.5000  4.282E-01  4.456E-01  4.511E-01  4.445E-01  4.259E-01
  352.5000  3.864E-01  4.021E-01  4.071E-01  4.011E-01  3.844E-01
  353.5000  4.655E-01  4.843E-01  4.903E-01  4.831E-01  4.630E-01
  354.5000  5.041E-01  5.245E-01  5.309E-01  5.231E-01  5.014E-01
  355.5000  4.713E-01  4.904E-01  4.963E-01  4.891E-01  4.688E-01
  356.5000  4.376E-01  4.552E-01  4.608E-01  4.540E-01  4.353E-01
  357.5000  3.723E-01  3.872E-01  3.919E-01  3.862E-01  3.703E-01
  358.5000  2.874E-01  2.989E-01  3.026E-01  2.982E-01  2.859E-01
  359.5000  4.839E-01  5.033E-01  5.094E-01  5.020E-01  4.813E-01
  360.5000  4.487E-01  4.667E-01  4.723E-01  4.655E-01  4.463E-01
  361.5000  4.047E-01  4.209E-01  4.260E-01  4.198E-01  4.026E-01
  362.5000  4.755E-01  4.944E-01  5.004E-01  4.932E-01  4.730E-01
  363.5000  4.231E-01  4.400E-01  4.453E-01  4.389E-01  4.209E-01
  364.5000  4.618E-01  4.801E-01  4.859E-01  4.789E-01  4.593E-01
  365.5000  5.629E-01  5.852E-01  5.923E-01  5.838E-01  5.599E-01
  366.5000  5.960E-01  6.196E-01  6.270E-01  6.180E-01  5.928E-01
  367.5000  5.661E-01  5.885E-01  5.955E-01  5.870E-01  5.631E-01
  368.5000  4.975E-01  5.171E-01  5.233E-01  5.158E-01  4.949E-01
  369.5000  5.970E-01  6.205E-01  6.279E-01  6.190E-01  5.938E-01
  370.5000  5.418E-01  5.632E-01  5.699E-01  5.617E-01  5.390E-01
  371.5000  6.202E-01  6.446E-01  6.523E-01  6.430E-01  6.169E-01
  372.5000  4.583E-01  4.763E-01  4.819E-01  4.751E-01  4.559E-01
  373.5000  4.144E-01  4.306E-01  4.358E-01  4.296E-01  4.122E-01
  374.5000  4.550E-01  4.728E-01  4.784E-01  4.716E-01  4.526E-01
  375.5000  5.135E-01  5.336E-01  5.399E-01  5.323E-01  5.108E-01
  376.5000  5.130E-01  5.330E-01  5.393E-01  5.317E-01  5.103E-01
  377.5000  6.111E-01  6.349E-01  6.424E-01  6.333E-01  6.079E-01
  378.5000  6.663E-01  6.922E-01  7.004E-01  6.905E-01  6.628E-01
  379.5000  4.931E-01  5.123E-01  5.183E-01  5.110E-01  4.906E-01
  380.5000  5.932E-01  6.163E-01  6.235E-01  6.148E-01  5.902E-01
  381.5000  5.576E-01  5.793E-01  5.861E-01  5.779E-01  5.548E-01
  382.5000  3.717E-01  3.861E-01  3.906E-01  3.852E-01  3.698E-01
  383.5000  3.265E-01  3.392E-01  3.431E-01  3.383E-01  3.248E-01
  384.5000  4.902E-01  5.091E-01  5.151E-01  5.079E-01  4.877E-01
  385.5000  4.852E-01  5.039E-01  5.098E-01  5.026E-01  4.827E-01
  386.5000  4.947E-01  5.138E-01  5.198E-01  5.125E-01  4.922E-01
  387.5000  4.599E-01  4.776E-01  4.832E-01  4.765E-01  4.576E-01
  388.5000  4.612E-01  4.789E-01  4.845E-01  4.777E-01  4.588E-01
  389.5000  5.818E-01  6.041E-01  6.111E-01  6.026E-01  5.788E-01
  390.5000  5.716E-01  5.936E-01  6.004E-01  5.921E-01  5.687E-01
  391.5000  6.784E-01  7.044E-01  7.125E-01  7.027E-01  6.750E-01
  392.5000  5.089E-01  5.284E-01  5.345E-01  5.271E-01  5.063E-01
  393.5000  2.213E-01  2.298E-01  2.324E-01  2.292E-01  2.202E-01
  394.5000  5.210E-01  5.408E-01  5.471E-01  5.395E-01  5.183E-01
  395.5000  6.706E-01  6.961E-01  7.041E-01  6.944E-01  6.672E-01
  396.5000  3.939E-01  4.089E-01  4.136E-01  4.079E-01  3.919E-01
  397.5000  4.547E-01  4.720E-01  4.774E-01  4.708E-01  4.524E-01
  398.5000  7.816E-01  8.112E-01  8.205E-01  8.093E-01  7.776E-01
  399.5000  8.132E-01  8.441E-01  8.537E-01  8.420E-01  8.092E-01
  400.5000  8.553E-01  8.876E-01  8.978E-01  8.855E-01  8.510E-01
  401.5000  8.803E-01  9.135E-01  9.240E-01  9.113E-01  8.759E-01
  402.5000  9.142E-01  9.487E-01  9.595E-01  9.464E-01  9.096E-01
  403.5000  8.371E-01  8.686E-01  8.785E-01  8.665E-01  8.329E-01
  404.5000  8.213E-01  8.522E-01  8.619E-01  8.501E-01  8.172E-01
  405.5000  8.534E-01  8.855E-01  8.956E-01  8.834E-01  8.492E-01
  406.5000  8.041E-01  8.343E-01  8.438E-01  8.323E-01  8.001E-01
  407.5000  8.110E-01  8.414E-01  8.509E-01  8.394E-01  8.069E-01
  408.5000  9.035E-01  9.374E-01  9.480E-01  9.351E-01  8.990E-01
  409.5000  8.860E-01  9.192E-01  9.296E-01  9.170E-01  8.816E-01
  410.5000  7.686E-01  7.973E-01  8.064E-01  7.954E-01  7.648E-01
  411.5000  9.242E-01  9.587E-01  9.695E-01  9.564E-01  9.196E-01
  412.5000  9.163E-01  9.505E-01  9.612E-01  9.482E-01  9.117E-01
  413.5000  8.890E-01  9.221E-01  9.325E-01  9.199E-01  8.846E-01
  414.5000  9.140E-01  9.480E-01  9.587E-01  9.457E-01  9.095E-01
  415.5000  8.745E-01  9.070E-01  9.172E-01  9.048E-01  8.702E-01
  416.5000  9.521E-01  9.874E-01  9.985E-01  9.851E-01  9.474E-01
  417.5000  8.706E-01  9.029E-01  9.130E-01  9.008E-01  8.663E-01
  418.5000  8.777E-01  9.103E-01  9.205E-01  9.081E-01  8.734E-01
  419.5000  9.070E-01  9.406E-01  9.511E-01  9.383E-01  9.025E-01
------------------------------------------------------------
Dose rates, W m-2
   1 = UV-B, 280-315 nm                                  
   2 = UV-A, 315-400 nm                                  
   3 = Gaussian, 320 nm, 10 nm FWHM                      
   4 = RB Meter, model 501                               
   5 = DNA damage, in vitro (Setlow, 1974)               
   6 = UV index (WMO, 1994; Webb et al., 2011)           
   7 = Previtamin-D3 (CIE 2006)                          
values at z =      0.000 km
Columns: time, sza, weighting spectra
time, hrs.  sza, deg.          1          2          3          4          5          6          7
   11.0000     50.571  8.650E-01  3.660E+01  2.135E-01  2.435E-01  2.072E-03  4.532E+00  2.110E-01
   11.5000     49.121  9.291E-01  3.809E+01  2.242E-01  2.624E-01  2.296E-03  4.887E+00  2.297E-01
   12.0000     48.660  9.497E-01  3.855E+01  2.275E-01  2.685E-01  2.370E-03  5.002E+00  2.358E-01
   12.5000     49.217  9.245E-01  3.799E+01  2.234E-01  2.611E-01  2.280E-03  4.862E+00  2.284E-01
   13.0000     50.760  8.567E-01  3.641E+01  2.121E-01  2.411E-01  2.044E-03  4.487E+00  2.086E-01
------------------------------------------------------------
