Spectral Irradiance, W m-2 nm-1
values at z =      0.000 km
Columns: wavelength (nm), times (hrs.) or sza (deg.)
    wc, nm     11.000     11.500     12.000     12.500     13.000
    sza =      54.532     52.950     52.324     52.687     54.020
  280.5000  1.175E-15  3.441E-15  5.164E-15  4.086E-15  1.678E-15
  281.5000  4.662E-14  1.239E-13  1.794E-13  1.449E-13  6.440E-14
  282.5000  7.463E-13  1.840E-12  2.582E-12  2.078E-12  1.010E-12
  283.5000  4.132E-12  9.610E-12  1.322E-11  1.100E-11  5.463E-12
  284.5000  5.588E-11  1.180E-10  1.565E-10  1.330E-10  7.156E-11
  285.5000  2.392E-10  4.715E-10  6.087E-10  5.253E-10  2.998E-10
  286.5000  3.289E-09  6.162E-09  7.794E-09  6.806E-09  4.064E-09
  287.5000  2.251E-08  3.952E-08  4.885E-08  4.323E-08  2.713E-08
  288.5000  1.358E-07  2.235E-07  2.695E-07  2.419E-07  1.603E-07
  289.5000  8.512E-07  1.336E-06  1.583E-06  1.435E-06  9.890E-07
  290.5000  3.802E-06  5.743E-06  6.703E-06  6.131E-06  4.341E-06
  291.5000  1.357E-05  1.958E-05  2.247E-05  2.075E-05  1.533E-05
  292.5000  3.586E-05  4.988E-05  5.647E-05  5.257E-05  4.001E-05
  293.5000  1.129E-04  1.517E-04  1.695E-04  1.590E-04  1.245E-04
  294.5000  2.291E-04  2.998E-04  3.317E-04  3.129E-04  2.493E-04
  295.5000  6.170E-04  7.783E-04  8.591E-04  8.154E-04  6.683E-04
  296.5000  1.140E-03  1.416E-03  1.536E-03  1.465E-03  1.225E-03
  297.5000  2.296E-03  2.794E-03  3.008E-03  2.882E-03  2.446E-03
  298.5000  2.853E-03  3.412E-03  3.649E-03  3.511E-03  3.028E-03
  299.5000  6.619E-03  7.786E-03  8.226E-03  7.990E-03  6.979E-03
  300.5000  6.394E-03  7.427E-03  7.857E-03  7.606E-03  6.720E-03
  301.5000  1.312E-02  1.503E-02  1.582E-02  1.536E-02  1.372E-02
  302.5000  1.671E-02  1.897E-02  1.990E-02  1.936E-02  1.743E-02
  303.5000  2.927E-02  3.288E-02  3.436E-02  3.350E-02  3.042E-02
  304.5000  3.253E-02  3.632E-02  3.772E-02  3.697E-02  3.374E-02
  305.5000  4.402E-02  4.870E-02  5.059E-02  4.948E-02  4.552E-02
  306.5000  4.648E-02  5.122E-02  5.313E-02  5.202E-02  4.800E-02
  307.5000  6.845E-02  7.486E-02  7.739E-02  7.593E-02  7.051E-02
  308.5000  7.729E-02  8.428E-02  8.709E-02  8.546E-02  7.954E-02
  309.5000  6.910E-02  7.497E-02  7.731E-02  7.595E-02  7.099E-02
  310.5000  9.508E-02  1.028E-01  1.059E-01  1.041E-01  9.756E-02
  311.5000  1.232E-01  1.329E-01  1.367E-01  1.345E-01  1.263E-01
  312.5000  1.216E-01  1.306E-01  1.342E-01  1.321E-01  1.246E-01
  313.5000  1.384E-01  1.485E-01  1.525E-01  1.502E-01  1.417E-01
  314.5000  1.397E-01  1.493E-01  1.532E-01  1.509E-01  1.428E-01
  315.5000  1.446E-01  1.545E-01  1.584E-01  1.561E-01  1.478E-01
  316.5000  1.451E-01  1.545E-01  1.583E-01  1.561E-01  1.481E-01
  317.5000  2.053E-01  2.187E-01  2.240E-01  2.209E-01  2.096E-01
  318.5000  1.625E-01  1.727E-01  1.767E-01  1.744E-01  1.658E-01
  319.5000  1.987E-01  2.109E-01  2.158E-01  2.130E-01  2.026E-01
  320.5000  2.422E-01  2.570E-01  2.629E-01  2.595E-01  2.470E-01
  321.5000  2.067E-01  2.188E-01  2.236E-01  2.208E-01  2.106E-01
  322.5000  2.076E-01  2.201E-01  2.251E-01  2.222E-01  2.116E-01
  323.5000  2.150E-01  2.273E-01  2.322E-01  2.294E-01  2.190E-01
  324.5000  2.524E-01  2.670E-01  2.727E-01  2.694E-01  2.572E-01
  325.5000  2.830E-01  2.994E-01  3.059E-01  3.021E-01  2.883E-01
  326.5000  3.435E-01  3.627E-01  3.702E-01  3.658E-01  3.497E-01
  327.5000  3.199E-01  3.380E-01  3.451E-01  3.410E-01  3.258E-01
  328.5000  2.956E-01  3.123E-01  3.189E-01  3.150E-01  3.010E-01
  329.5000  3.838E-01  4.048E-01  4.131E-01  4.083E-01  3.906E-01
  330.5000  3.491E-01  3.684E-01  3.760E-01  3.716E-01  3.554E-01
  331.5000  3.452E-01  3.644E-01  3.719E-01  3.675E-01  3.514E-01
  332.5000  3.402E-01  3.587E-01  3.660E-01  3.618E-01  3.462E-01
  333.5000  3.199E-01  3.374E-01  3.443E-01  3.403E-01  3.256E-01
  334.5000  3.577E-01  3.772E-01  3.849E-01  3.804E-01  3.640E-01
  335.5000  3.628E-01  3.824E-01  3.901E-01  3.856E-01  3.692E-01
  336.5000  2.838E-01  2.992E-01  3.052E-01  3.017E-01  2.888E-01
  337.5000  3.118E-01  3.287E-01  3.354E-01  3.315E-01  3.173E-01
  338.5000  3.293E-01  3.470E-01  3.539E-01  3.499E-01  3.350E-01
  339.5000  3.582E-01  3.774E-01  3.849E-01  3.806E-01  3.644E-01
  340.5000  3.832E-01  4.038E-01  4.119E-01  4.072E-01  3.899E-01
  341.5000  3.406E-01  3.587E-01  3.659E-01  3.617E-01  3.465E-01
  342.5000  3.775E-01  3.976E-01  4.055E-01  4.009E-01  3.840E-01
  343.5000  3.924E-01  4.133E-01  4.215E-01  4.168E-01  3.992E-01
  344.5000  2.752E-01  2.899E-01  2.957E-01  2.923E-01  2.800E-01
  345.5000  3.773E-01  3.973E-01  4.051E-01  4.006E-01  3.838E-01
  346.5000  3.532E-01  3.719E-01  3.793E-01  3.750E-01  3.592E-01
  347.5000  3.453E-01  3.636E-01  3.708E-01  3.666E-01  3.512E-01
  348.5000  3.797E-01  3.998E-01  4.077E-01  4.031E-01  3.862E-01
  349.5000  3.184E-01  3.352E-01  3.418E-01  3.380E-01  3.238E-01
  350.5000  4.460E-01  4.696E-01  4.788E-01  4.734E-01  4.537E-01
  351.5000  3.846E-01  4.049E-01  4.129E-01  4.083E-01  3.912E-01
  352.5000  3.471E-01  3.654E-01  3.725E-01  3.684E-01  3.530E-01
  353.5000  4.180E-01  4.400E-01  4.486E-01  4.436E-01  4.252E-01
  354.5000  4.527E-01  4.764E-01  4.858E-01  4.804E-01  4.604E-01
  355.5000  4.233E-01  4.455E-01  4.542E-01  4.491E-01  4.305E-01
  356.5000  3.930E-01  4.136E-01  4.217E-01  4.170E-01  3.997E-01
  357.5000  3.344E-01  3.519E-01  3.588E-01  3.548E-01  3.401E-01
  358.5000  2.582E-01  2.717E-01  2.770E-01  2.739E-01  2.626E-01
  359.5000  4.348E-01  4.574E-01  4.663E-01  4.612E-01  4.421E-01
  360.5000  4.032E-01  4.242E-01  4.324E-01  4.277E-01  4.100E-01
  361.5000  3.637E-01  3.826E-01  3.900E-01  3.857E-01  3.698E-01
  362.5000  4.273E-01  4.495E-01  4.582E-01  4.532E-01  4.345E-01
  363.5000  3.803E-01  4.001E-01  4.078E-01  4.033E-01  3.867E-01
  364.5000  4.151E-01  4.366E-01  4.451E-01  4.402E-01  4.221E-01
  365.5000  5.061E-01  5.323E-01  5.426E-01  5.366E-01  5.146E-01
  366.5000  5.359E-01  5.636E-01  5.745E-01  5.682E-01  5.449E-01
  367.5000  5.091E-01  5.354E-01  5.457E-01  5.397E-01  5.176E-01
  368.5000  4.474E-01  4.705E-01  4.796E-01  4.743E-01  4.549E-01
  369.5000  5.370E-01  5.646E-01  5.755E-01  5.692E-01  5.460E-01
  370.5000  4.874E-01  5.125E-01  5.224E-01  5.167E-01  4.956E-01
  371.5000  5.580E-01  5.867E-01  5.979E-01  5.914E-01  5.673E-01
  372.5000  4.124E-01  4.336E-01  4.419E-01  4.371E-01  4.193E-01
  373.5000  3.730E-01  3.921E-01  3.996E-01  3.952E-01  3.792E-01
  374.5000  4.095E-01  4.305E-01  4.387E-01  4.340E-01  4.164E-01
  375.5000  4.623E-01  4.859E-01  4.952E-01  4.898E-01  4.700E-01
  376.5000  4.619E-01  4.855E-01  4.947E-01  4.894E-01  4.696E-01
  377.5000  5.503E-01  5.784E-01  5.894E-01  5.830E-01  5.594E-01
  378.5000  6.001E-01  6.306E-01  6.426E-01  6.357E-01  6.100E-01
  379.5000  4.442E-01  4.668E-01  4.757E-01  4.705E-01  4.515E-01
  380.5000  5.345E-01  5.616E-01  5.723E-01  5.661E-01  5.433E-01
  381.5000  5.025E-01  5.280E-01  5.380E-01  5.322E-01  5.108E-01
  382.5000  3.350E-01  3.520E-01  3.586E-01  3.548E-01  3.405E-01
  383.5000  2.943E-01  3.092E-01  3.151E-01  3.117E-01  2.992E-01
  384.5000  4.419E-01  4.642E-01  4.730E-01  4.679E-01  4.492E-01
  385.5000  4.374E-01  4.595E-01  4.682E-01  4.631E-01  4.446E-01
  386.5000  4.461E-01  4.686E-01  4.774E-01  4.723E-01  4.534E-01
  387.5000  4.148E-01  4.357E-01  4.439E-01  4.391E-01  4.216E-01
  388.5000  4.160E-01  4.369E-01  4.451E-01  4.404E-01  4.228E-01
  389.5000  5.248E-01  5.512E-01  5.616E-01  5.556E-01  5.334E-01
  390.5000  5.158E-01  5.417E-01  5.518E-01  5.459E-01  5.242E-01
  391.5000  6.122E-01  6.429E-01  6.549E-01  6.480E-01  6.222E-01
  392.5000  4.593E-01  4.823E-01  4.913E-01  4.861E-01  4.668E-01
  393.5000  1.998E-01  2.098E-01  2.137E-01  2.114E-01  2.030E-01
  394.5000  4.703E-01  4.938E-01  5.031E-01  4.977E-01  4.780E-01
  395.5000  6.054E-01  6.357E-01  6.475E-01  6.407E-01  6.153E-01
  396.5000  3.557E-01  3.734E-01  3.804E-01  3.764E-01  3.615E-01
  397.5000  4.107E-01  4.311E-01  4.391E-01  4.345E-01  4.173E-01
  398.5000  7.060E-01  7.411E-01  7.549E-01  7.469E-01  7.174E-01
  399.5000  7.347E-01  7.712E-01  7.855E-01  7.772E-01  7.466E-01
  400.5000  7.728E-01  8.112E-01  8.262E-01  8.175E-01  7.853E-01
  401.5000  7.955E-01  8.349E-01  8.504E-01  8.414E-01  8.083E-01
  402.5000  8.262E-01  8.672E-01  8.832E-01  8.739E-01  8.396E-01
  403.5000  7.566E-01  7.941E-01  8.088E-01  8.003E-01  7.688E-01
  404.5000  7.425E-01  7.792E-01  7.936E-01  7.852E-01  7.544E-01
  405.5000  7.717E-01  8.098E-01  8.247E-01  8.161E-01  7.841E-01
  406.5000  7.272E-01  7.631E-01  7.771E-01  7.690E-01  7.389E-01
  407.5000  7.335E-01  7.696E-01  7.838E-01  7.756E-01  7.453E-01
  408.5000  8.173E-01  8.575E-01  8.733E-01  8.642E-01  8.304E-01
  409.5000  8.016E-01  8.410E-01  8.565E-01  8.475E-01  8.144E-01
  410.5000  6.955E-01  7.297E-01  7.430E-01  7.353E-01  7.066E-01
  411.5000  8.364E-01  8.774E-01  8.935E-01  8.842E-01  8.497E-01
  412.5000  8.293E-01  8.700E-01  8.859E-01  8.767E-01  8.426E-01
  413.5000  8.047E-01  8.441E-01  8.596E-01  8.506E-01  8.176E-01
  414.5000  8.275E-01  8.680E-01  8.838E-01  8.746E-01  8.407E-01
  415.5000  7.919E-01  8.306E-01  8.457E-01  8.369E-01  8.044E-01
  416.5000  8.622E-01  9.043E-01  9.208E-01  9.112E-01  8.759E-01
  417.5000  7.886E-01  8.270E-01  8.421E-01  8.334E-01  8.011E-01
  418.5000  7.951E-01  8.339E-01  8.491E-01  8.403E-01  8.078E-01
  419.5000  8.218E-01  8.618E-01  8.774E-01  8.683E-01  8.348E-01
------------------------------------------------------------
Dose rates, W m-2
   1 = UV-B, 280-315 nm                                  
   2 = UV-A, 315-400 nm                                  
   3 = Gaussian, 320 nm, 10 nm FWHM                      
   4 = RB Meter, model 501                               
   5 = DNA damage, in vitro (Setlow, 1974)               
   6 = UV index (WMO, 1994; Webb et al., 2011)           
   7 = Previtamin-D3 (CIE 2006)                          
values at z =      0.000 km
Columns: time, sza, weighting spectra
time, hrs.  sza, deg.          1          2          3          4          5          6          7
   11.0000     54.532  1.035E+00  3.310E+01  2.044E-01  3.060E-01  3.545E-03  5.853E+00  2.906E-01
   11.5000     52.950  1.126E+00  3.484E+01  2.169E-01  3.350E-01  4.023E-03  6.439E+00  3.208E-01
   12.0000     52.324  1.162E+00  3.552E+01  2.219E-01  3.466E-01  4.220E-03  6.675E+00  3.330E-01
   12.5000     52.687  1.141E+00  3.513E+01  2.190E-01  3.399E-01  4.107E-03  6.539E+00  3.260E-01
   13.0000     54.020  1.064E+00  3.366E+01  2.084E-01  3.153E-01  3.696E-03  6.040E+00  3.003E-01
------------------------------------------------------------
