Spectral Irradiance, W m-2 nm-1
values at z =      0.000 km
Columns: wavelength (nm), times (hrs.) or sza (deg.)
    wc, nm     11.000     11.500     12.000     12.500     13.000
    sza =      20.959     16.715     14.920     16.401     20.458
  280.5000  2.628E-12  5.081E-12  6.287E-12  5.284E-12  2.978E-12
  281.5000  5.568E-11  9.770E-11  1.187E-10  1.013E-10  5.997E-11
  282.5000  5.054E-10  8.470E-10  1.013E-09  8.752E-10  5.410E-10
  283.5000  1.919E-09  3.122E-09  3.694E-09  3.220E-09  2.047E-09
  284.5000  1.316E-08  2.028E-08  2.355E-08  2.084E-08  1.394E-08
  285.5000  3.424E-08  5.066E-08  5.801E-08  5.193E-08  3.605E-08
  286.5000  3.219E-07  4.618E-07  5.061E-07  4.726E-07  3.244E-07
  287.5000  1.433E-06  1.986E-06  2.153E-06  2.028E-06  1.496E-06
  288.5000  5.454E-06  7.284E-06  8.051E-06  7.419E-06  5.666E-06
  289.5000  2.459E-05  3.197E-05  3.501E-05  3.251E-05  2.545E-05
  290.5000  8.339E-05  1.060E-04  1.152E-04  1.076E-04  8.607E-05
  291.5000  2.174E-04  2.694E-04  2.902E-04  2.731E-04  2.236E-04
  292.5000  4.451E-04  5.403E-04  5.778E-04  5.470E-04  4.566E-04
  293.5000  1.102E-03  1.312E-03  1.393E-03  1.326E-03  1.128E-03
  294.5000  1.856E-03  2.175E-03  2.298E-03  2.197E-03  1.895E-03
  295.5000  4.099E-03  4.727E-03  4.966E-03  4.770E-03  4.177E-03
  296.5000  6.427E-03  7.311E-03  7.645E-03  7.371E-03  6.537E-03
  297.5000  1.121E-02  1.260E-02  1.313E-02  1.270E-02  1.139E-02
  298.5000  1.235E-02  1.374E-02  1.426E-02  1.384E-02  1.253E-02
  299.5000  2.546E-02  2.818E-02  2.915E-02  2.836E-02  2.589E-02
  300.5000  2.264E-02  2.477E-02  2.556E-02  2.492E-02  2.291E-02
  301.5000  4.226E-02  4.588E-02  4.721E-02  4.612E-02  4.272E-02
  302.5000  5.060E-02  5.465E-02  5.614E-02  5.492E-02  5.111E-02
  303.5000  8.236E-02  8.842E-02  9.064E-02  8.882E-02  8.313E-02
  304.5000  8.773E-02  9.386E-02  9.609E-02  9.426E-02  8.852E-02
  305.5000  1.115E-01  1.186E-01  1.212E-01  1.191E-01  1.124E-01
  306.5000  1.145E-01  1.216E-01  1.241E-01  1.220E-01  1.154E-01
  307.5000  1.600E-01  1.692E-01  1.725E-01  1.698E-01  1.612E-01
  308.5000  1.770E-01  1.868E-01  1.903E-01  1.875E-01  1.783E-01
  309.5000  1.528E-01  1.608E-01  1.637E-01  1.613E-01  1.538E-01
  310.5000  2.050E-01  2.153E-01  2.190E-01  2.160E-01  2.063E-01
  311.5000  2.613E-01  2.740E-01  2.786E-01  2.748E-01  2.629E-01
  312.5000  2.504E-01  2.620E-01  2.662E-01  2.628E-01  2.519E-01
  313.5000  2.829E-01  2.957E-01  3.004E-01  2.966E-01  2.845E-01
  314.5000  2.784E-01  2.905E-01  2.948E-01  2.912E-01  2.787E-01
  315.5000  2.868E-01  2.991E-01  3.035E-01  2.999E-01  2.884E-01
  316.5000  2.821E-01  2.938E-01  2.979E-01  2.945E-01  2.836E-01
  317.5000  3.989E-01  4.153E-01  4.212E-01  4.164E-01  4.003E-01
  318.5000  3.101E-01  3.224E-01  3.269E-01  3.232E-01  3.117E-01
  319.5000  3.775E-01  3.924E-01  3.977E-01  3.933E-01  3.794E-01
  320.5000  4.581E-01  4.759E-01  4.823E-01  4.771E-01  4.604E-01
  321.5000  3.847E-01  3.991E-01  4.042E-01  4.000E-01  3.855E-01
  322.5000  3.905E-01  4.055E-01  4.109E-01  4.065E-01  3.924E-01
  323.5000  3.967E-01  4.113E-01  4.165E-01  4.122E-01  3.986E-01
  324.5000  4.657E-01  4.820E-01  4.890E-01  4.839E-01  4.679E-01
  325.5000  5.229E-01  5.422E-01  5.491E-01  5.434E-01  5.254E-01
  326.5000  6.262E-01  6.486E-01  6.567E-01  6.501E-01  6.291E-01
  327.5000  5.851E-01  6.061E-01  6.137E-01  6.075E-01  5.878E-01
  328.5000  5.400E-01  5.595E-01  5.664E-01  5.607E-01  5.423E-01
  329.5000  6.941E-01  7.185E-01  7.273E-01  7.201E-01  6.973E-01
  330.5000  6.331E-01  6.556E-01  6.636E-01  6.571E-01  6.360E-01
  331.5000  6.260E-01  6.482E-01  6.561E-01  6.496E-01  6.289E-01
  332.5000  6.125E-01  6.338E-01  6.414E-01  6.352E-01  6.152E-01
  333.5000  5.770E-01  5.971E-01  6.044E-01  5.985E-01  5.796E-01
  334.5000  6.436E-01  6.660E-01  6.740E-01  6.674E-01  6.465E-01
  335.5000  6.501E-01  6.725E-01  6.806E-01  6.740E-01  6.530E-01
  336.5000  5.086E-01  5.262E-01  5.324E-01  5.273E-01  5.109E-01
  337.5000  5.594E-01  5.788E-01  5.857E-01  5.801E-01  5.619E-01
  338.5000  5.883E-01  6.085E-01  6.157E-01  6.098E-01  5.909E-01
  339.5000  6.391E-01  6.610E-01  6.688E-01  6.624E-01  6.420E-01
  340.5000  6.840E-01  7.074E-01  7.158E-01  7.089E-01  6.870E-01
  341.5000  6.063E-01  6.269E-01  6.343E-01  6.282E-01  6.089E-01
  342.5000  6.712E-01  6.940E-01  7.022E-01  6.955E-01  6.742E-01
  343.5000  6.975E-01  7.211E-01  7.296E-01  7.227E-01  7.005E-01
  344.5000  4.890E-01  5.056E-01  5.116E-01  5.067E-01  4.912E-01
  345.5000  6.687E-01  6.913E-01  6.993E-01  6.927E-01  6.716E-01
  346.5000  6.260E-01  6.471E-01  6.547E-01  6.485E-01  6.287E-01
  347.5000  6.114E-01  6.320E-01  6.394E-01  6.334E-01  6.141E-01
  348.5000  6.715E-01  6.941E-01  7.022E-01  6.955E-01  6.744E-01
  349.5000  5.626E-01  5.815E-01  5.883E-01  5.827E-01  5.651E-01
  350.5000  7.874E-01  8.138E-01  8.233E-01  8.155E-01  7.908E-01
  351.5000  6.786E-01  7.013E-01  7.094E-01  7.027E-01  6.815E-01
  352.5000  6.117E-01  6.321E-01  6.395E-01  6.335E-01  6.143E-01
  353.5000  7.360E-01  7.605E-01  7.693E-01  7.621E-01  7.391E-01
  354.5000  7.962E-01  8.226E-01  8.321E-01  8.244E-01  7.996E-01
  355.5000  7.438E-01  7.685E-01  7.774E-01  7.701E-01  7.470E-01
  356.5000  6.900E-01  7.129E-01  7.211E-01  7.144E-01  6.930E-01
  357.5000  5.866E-01  6.061E-01  6.130E-01  6.073E-01  5.891E-01
  358.5000  4.525E-01  4.675E-01  4.728E-01  4.684E-01  4.544E-01
  359.5000  7.613E-01  7.864E-01  7.954E-01  7.881E-01  7.645E-01
  360.5000  7.054E-01  7.287E-01  7.370E-01  7.302E-01  7.084E-01
  361.5000  6.358E-01  6.567E-01  6.642E-01  6.581E-01  6.385E-01
  362.5000  7.463E-01  7.709E-01  7.796E-01  7.725E-01  7.495E-01
  363.5000  6.637E-01  6.855E-01  6.933E-01  6.869E-01  6.665E-01
  364.5000  7.238E-01  7.475E-01  7.560E-01  7.491E-01  7.269E-01
  365.5000  8.817E-01  9.106E-01  9.209E-01  9.125E-01  8.855E-01
  366.5000  9.329E-01  9.633E-01  9.743E-01  9.653E-01  9.368E-01
  367.5000  8.854E-01  9.143E-01  9.247E-01  9.162E-01  8.892E-01
  368.5000  7.776E-01  8.029E-01  8.120E-01  8.046E-01  7.809E-01
  369.5000  9.325E-01  9.628E-01  9.737E-01  9.648E-01  9.364E-01
  370.5000  8.458E-01  8.732E-01  8.831E-01  8.750E-01  8.493E-01
  371.5000  9.674E-01  9.988E-01  1.010E+00  1.001E+00  9.715E-01
  372.5000  7.144E-01  7.376E-01  7.458E-01  7.391E-01  7.174E-01
  373.5000  6.456E-01  6.665E-01  6.739E-01  6.678E-01  6.483E-01
  374.5000  7.083E-01  7.312E-01  7.394E-01  7.327E-01  7.113E-01
  375.5000  7.990E-01  8.248E-01  8.340E-01  8.264E-01  8.023E-01
  376.5000  7.976E-01  8.233E-01  8.325E-01  8.250E-01  8.009E-01
  377.5000  9.496E-01  9.801E-01  9.910E-01  9.821E-01  9.535E-01
  378.5000  1.035E+00  1.068E+00  1.080E+00  1.070E+00  1.039E+00
  379.5000  7.653E-01  7.899E-01  7.986E-01  7.915E-01  7.685E-01
  380.5000  9.201E-01  9.496E-01  9.602E-01  9.515E-01  9.239E-01
  381.5000  8.644E-01  8.921E-01  9.020E-01  8.939E-01  8.680E-01
  382.5000  5.758E-01  5.943E-01  6.008E-01  5.955E-01  5.782E-01
  383.5000  5.055E-01  5.217E-01  5.274E-01  5.227E-01  5.076E-01
  384.5000  7.585E-01  7.827E-01  7.913E-01  7.842E-01  7.616E-01
  385.5000  7.502E-01  7.741E-01  7.827E-01  7.757E-01  7.533E-01
  386.5000  7.646E-01  7.889E-01  7.976E-01  7.905E-01  7.677E-01
  387.5000  7.104E-01  7.330E-01  7.410E-01  7.344E-01  7.133E-01
  388.5000  7.119E-01  7.345E-01  7.426E-01  7.360E-01  7.148E-01
  389.5000  8.976E-01  9.260E-01  9.362E-01  9.279E-01  9.012E-01
  390.5000  8.814E-01  9.093E-01  9.193E-01  9.111E-01  8.850E-01
  391.5000  1.045E+00  1.079E+00  1.090E+00  1.081E+00  1.050E+00
  392.5000  7.838E-01  8.086E-01  8.174E-01  8.102E-01  7.870E-01
  393.5000  3.407E-01  3.514E-01  3.553E-01  3.521E-01  3.421E-01
  394.5000  8.015E-01  8.268E-01  8.358E-01  8.284E-01  8.048E-01
  395.5000  1.031E+00  1.064E+00  1.075E+00  1.066E+00  1.035E+00
  396.5000  6.053E-01  6.244E-01  6.312E-01  6.256E-01  6.078E-01
  397.5000  6.984E-01  7.203E-01  7.282E-01  7.218E-01  7.012E-01
  398.5000  1.200E+00  1.237E+00  1.251E+00  1.240E+00  1.205E+00
  399.5000  1.248E+00  1.287E+00  1.301E+00  1.289E+00  1.253E+00
  400.5000  1.312E+00  1.353E+00  1.367E+00  1.355E+00  1.317E+00
  401.5000  1.349E+00  1.391E+00  1.406E+00  1.394E+00  1.355E+00
  402.5000  1.400E+00  1.444E+00  1.460E+00  1.447E+00  1.406E+00
  403.5000  1.282E+00  1.322E+00  1.336E+00  1.324E+00  1.287E+00
  404.5000  1.257E+00  1.296E+00  1.310E+00  1.299E+00  1.262E+00
  405.5000  1.305E+00  1.346E+00  1.361E+00  1.349E+00  1.311E+00
  406.5000  1.229E+00  1.268E+00  1.281E+00  1.270E+00  1.234E+00
  407.5000  1.239E+00  1.278E+00  1.292E+00  1.280E+00  1.244E+00
  408.5000  1.380E+00  1.423E+00  1.438E+00  1.426E+00  1.386E+00
  409.5000  1.353E+00  1.395E+00  1.410E+00  1.397E+00  1.358E+00
  410.5000  1.173E+00  1.209E+00  1.222E+00  1.212E+00  1.178E+00
  411.5000  1.410E+00  1.453E+00  1.469E+00  1.456E+00  1.415E+00
  412.5000  1.397E+00  1.440E+00  1.455E+00  1.443E+00  1.402E+00
  413.5000  1.355E+00  1.396E+00  1.411E+00  1.399E+00  1.360E+00
  414.5000  1.392E+00  1.435E+00  1.450E+00  1.438E+00  1.398E+00
  415.5000  1.331E+00  1.372E+00  1.387E+00  1.375E+00  1.337E+00
  416.5000  1.449E+00  1.493E+00  1.509E+00  1.496E+00  1.454E+00
  417.5000  1.324E+00  1.365E+00  1.379E+00  1.368E+00  1.329E+00
  418.5000  1.334E+00  1.375E+00  1.390E+00  1.378E+00  1.340E+00
  419.5000  1.378E+00  1.421E+00  1.436E+00  1.423E+00  1.384E+00
------------------------------------------------------------
Dose rates, W m-2
   1 = UV-B, 280-315 nm                                  
   2 = UV-A, 315-400 nm                                  
   3 = Gaussian, 320 nm, 10 nm FWHM                      
   4 = RB Meter, model 501                               
   5 = DNA damage, in vitro (Setlow, 1974)               
   6 = UV index (WMO, 1994; Webb et al., 2011)           
   7 = Previtamin-D3 (CIE 2006)                          
values at z =      0.000 km
Columns: time, sza, weighting spectra
time, hrs.  sza, deg.          1          2          3          4          5          6          7
   11.0000     20.959  2.343E+00  5.810E+01  3.871E-01  7.347E-01  1.130E-02  1.472E+01  7.386E-01
   11.5000     16.715  2.473E+00  6.003E+01  4.021E-01  7.806E-01  1.235E-02  1.572E+01  7.882E-01
   12.0000     14.920  2.520E+00  6.073E+01  4.076E-01  7.973E-01  1.274E-02  1.609E+01  8.063E-01
   12.5000     16.401  2.482E+00  6.016E+01  4.032E-01  7.836E-01  1.242E-02  1.579E+01  7.915E-01
   13.0000     20.458  2.358E+00  5.834E+01  3.888E-01  7.405E-01  1.144E-02  1.485E+01  7.450E-01
------------------------------------------------------------
