Spectral Irradiance, W m-2 nm-1
values at z =      0.000 km
Columns: wavelength (nm), times (hrs.) or sza (deg.)
    wc, nm     11.000     11.500     12.000     12.500     13.000
    sza =      33.455     30.719     29.591     30.251     32.591
  280.5000  2.335E-15  5.894E-15  8.343E-15  6.824E-15  3.170E-15
  281.5000  9.032E-14  2.101E-13  2.884E-13  2.401E-13  1.194E-13
  282.5000  1.428E-12  3.095E-12  4.139E-12  3.499E-12  1.843E-12
  283.5000  7.773E-12  1.603E-11  2.117E-11  1.807E-11  9.886E-12
  284.5000  1.028E-10  1.959E-10  2.496E-10  2.170E-10  1.246E-10
  285.5000  4.342E-10  7.785E-10  9.694E-10  8.539E-10  5.265E-10
  286.5000  5.930E-09  1.014E-08  1.241E-08  1.104E-08  7.080E-09
  287.5000  3.993E-08  6.480E-08  7.773E-08  6.996E-08  4.685E-08
  288.5000  2.383E-07  3.653E-07  4.290E-07  3.909E-07  2.744E-07
  289.5000  1.482E-06  2.122E-06  2.523E-06  2.319E-06  1.684E-06
  290.5000  6.589E-06  9.372E-06  1.070E-05  9.910E-06  7.401E-06
  291.5000  2.334E-05  3.193E-05  3.593E-05  3.356E-05  2.588E-05
  292.5000  6.142E-05  8.142E-05  9.052E-05  8.514E-05  6.741E-05
  293.5000  1.926E-04  2.478E-04  2.724E-04  2.579E-04  2.093E-04
  294.5000  3.903E-04  4.905E-04  5.346E-04  5.086E-04  4.208E-04
  295.5000  1.049E-03  1.286E-03  1.389E-03  1.329E-03  1.122E-03
  296.5000  1.937E-03  2.326E-03  2.492E-03  2.394E-03  2.057E-03
  297.5000  3.898E-03  4.598E-03  4.893E-03  4.720E-03  4.116E-03
  298.5000  4.845E-03  5.627E-03  5.954E-03  5.763E-03  5.090E-03
  299.5000  1.124E-02  1.287E-02  1.354E-02  1.315E-02  1.175E-02
  300.5000  1.086E-02  1.229E-02  1.289E-02  1.254E-02  1.131E-02
  301.5000  2.227E-02  2.492E-02  2.600E-02  2.537E-02  2.311E-02
  302.5000  2.837E-02  3.150E-02  3.277E-02  3.203E-02  2.936E-02
  303.5000  4.968E-02  5.466E-02  5.667E-02  5.549E-02  5.126E-02
  304.5000  5.520E-02  6.041E-02  6.251E-02  6.129E-02  5.686E-02
  305.5000  7.465E-02  8.106E-02  8.363E-02  8.213E-02  7.670E-02
  306.5000  7.879E-02  8.526E-02  8.785E-02  8.634E-02  8.087E-02
  307.5000  1.159E-01  1.246E-01  1.281E-01  1.261E-01  1.187E-01
  308.5000  1.308E-01  1.403E-01  1.441E-01  1.419E-01  1.339E-01
  309.5000  1.169E-01  1.248E-01  1.279E-01  1.261E-01  1.194E-01
  310.5000  1.607E-01  1.710E-01  1.738E-01  1.727E-01  1.640E-01
  311.5000  2.081E-01  2.210E-01  2.261E-01  2.232E-01  2.122E-01
  312.5000  2.052E-01  2.172E-01  2.219E-01  2.192E-01  2.091E-01
  313.5000  2.334E-01  2.468E-01  2.521E-01  2.490E-01  2.377E-01
  314.5000  2.354E-01  2.481E-01  2.531E-01  2.502E-01  2.395E-01
  315.5000  2.435E-01  2.565E-01  2.617E-01  2.587E-01  2.477E-01
  316.5000  2.441E-01  2.566E-01  2.615E-01  2.586E-01  2.481E-01
  317.5000  3.453E-01  3.629E-01  3.698E-01  3.658E-01  3.510E-01
  318.5000  2.732E-01  2.865E-01  2.917E-01  2.886E-01  2.775E-01
  319.5000  3.337E-01  3.498E-01  3.561E-01  3.524E-01  3.389E-01
  320.5000  4.066E-01  4.259E-01  4.335E-01  4.291E-01  4.129E-01
  321.5000  3.469E-01  3.626E-01  3.688E-01  3.652E-01  3.519E-01
  322.5000  3.481E-01  3.644E-01  3.700E-01  3.671E-01  3.534E-01
  323.5000  3.604E-01  3.763E-01  3.826E-01  3.790E-01  3.655E-01
  324.5000  4.229E-01  4.417E-01  4.490E-01  4.447E-01  4.290E-01
  325.5000  4.738E-01  4.949E-01  5.032E-01  4.984E-01  4.806E-01
  326.5000  5.748E-01  5.994E-01  6.091E-01  6.035E-01  5.828E-01
  327.5000  5.350E-01  5.578E-01  5.673E-01  5.620E-01  5.425E-01
  328.5000  4.938E-01  5.154E-01  5.238E-01  5.189E-01  5.009E-01
  329.5000  6.411E-01  6.680E-01  6.785E-01  6.724E-01  6.498E-01
  330.5000  5.827E-01  6.074E-01  6.171E-01  6.114E-01  5.907E-01
  331.5000  5.758E-01  6.002E-01  6.098E-01  6.042E-01  5.837E-01
  332.5000  5.672E-01  5.908E-01  6.000E-01  5.946E-01  5.749E-01
  333.5000  5.330E-01  5.552E-01  5.640E-01  5.589E-01  5.402E-01
  334.5000  5.955E-01  6.203E-01  6.299E-01  6.243E-01  6.035E-01
  335.5000  6.037E-01  6.284E-01  6.381E-01  6.325E-01  6.117E-01
  336.5000  4.719E-01  4.913E-01  4.989E-01  4.945E-01  4.782E-01
  337.5000  5.181E-01  5.395E-01  5.478E-01  5.430E-01  5.250E-01
  338.5000  5.468E-01  5.691E-01  5.778E-01  5.727E-01  5.540E-01
  339.5000  5.944E-01  6.186E-01  6.280E-01  6.225E-01  6.022E-01
  340.5000  6.355E-01  6.614E-01  6.715E-01  6.656E-01  6.439E-01
  341.5000  5.643E-01  5.872E-01  5.961E-01  5.909E-01  5.717E-01
  342.5000  6.252E-01  6.504E-01  6.603E-01  6.545E-01  6.333E-01
  343.5000  6.493E-01  6.756E-01  6.858E-01  6.799E-01  6.578E-01
  344.5000  4.551E-01  4.735E-01  4.807E-01  4.765E-01  4.611E-01
  345.5000  6.235E-01  6.485E-01  6.583E-01  6.526E-01  6.315E-01
  346.5000  5.832E-01  6.066E-01  6.158E-01  6.105E-01  5.908E-01
  347.5000  5.698E-01  5.927E-01  6.016E-01  5.964E-01  5.772E-01
  348.5000  6.262E-01  6.512E-01  6.610E-01  6.553E-01  6.343E-01
  349.5000  5.247E-01  5.457E-01  5.539E-01  5.491E-01  5.315E-01
  350.5000  7.346E-01  7.639E-01  7.753E-01  7.687E-01  7.441E-01
  351.5000  6.331E-01  6.583E-01  6.681E-01  6.624E-01  6.412E-01
  352.5000  5.709E-01  5.936E-01  6.024E-01  5.973E-01  5.782E-01
  353.5000  6.871E-01  7.144E-01  7.250E-01  7.188E-01  6.959E-01
  354.5000  7.436E-01  7.730E-01  7.845E-01  7.778E-01  7.531E-01
  355.5000  6.948E-01  7.223E-01  7.330E-01  7.268E-01  7.037E-01
  356.5000  6.447E-01  6.702E-01  6.801E-01  6.743E-01  6.530E-01
  357.5000  5.482E-01  5.698E-01  5.782E-01  5.733E-01  5.552E-01
  358.5000  4.230E-01  4.396E-01  4.461E-01  4.423E-01  4.284E-01
  359.5000  7.118E-01  7.397E-01  7.506E-01  7.443E-01  7.208E-01
  360.5000  6.597E-01  6.855E-01  6.956E-01  6.897E-01  6.680E-01
  361.5000  5.947E-01  6.179E-01  6.270E-01  6.217E-01  6.022E-01
  362.5000  6.982E-01  7.255E-01  7.362E-01  7.300E-01  7.071E-01
  363.5000  6.211E-01  6.453E-01  6.547E-01  6.492E-01  6.289E-01
  364.5000  6.774E-01  7.038E-01  7.141E-01  7.081E-01  6.860E-01
  365.5000  8.254E-01  8.574E-01  8.700E-01  8.627E-01  8.357E-01
  366.5000  8.734E-01  9.073E-01  9.205E-01  9.128E-01  8.844E-01
  367.5000  8.292E-01  8.613E-01  8.739E-01  8.666E-01  8.396E-01
  368.5000  7.283E-01  7.565E-01  7.675E-01  7.611E-01  7.374E-01
  369.5000  8.735E-01  9.073E-01  9.205E-01  9.128E-01  8.844E-01
  370.5000  7.924E-01  8.230E-01  8.350E-01  8.280E-01  8.023E-01
  371.5000  9.066E-01  9.415E-01  9.552E-01  9.472E-01  9.179E-01
  372.5000  6.696E-01  6.954E-01  7.054E-01  6.996E-01  6.779E-01
  373.5000  6.052E-01  6.284E-01  6.375E-01  6.322E-01  6.127E-01
  374.5000  6.641E-01  6.896E-01  6.996E-01  6.938E-01  6.724E-01
  375.5000  7.492E-01  7.779E-01  7.892E-01  7.826E-01  7.585E-01
  376.5000  7.481E-01  7.767E-01  7.879E-01  7.814E-01  7.574E-01
  377.5000  8.907E-01  9.248E-01  9.381E-01  9.303E-01  9.018E-01
  378.5000  9.707E-01  1.008E+00  1.022E+00  1.014E+00  9.827E-01
  379.5000  7.181E-01  7.455E-01  7.562E-01  7.500E-01  7.270E-01
  380.5000  8.636E-01  8.964E-01  9.093E-01  9.018E-01  8.742E-01
  381.5000  8.114E-01  8.422E-01  8.543E-01  8.473E-01  8.214E-01
  382.5000  5.406E-01  5.611E-01  5.691E-01  5.645E-01  5.473E-01
  383.5000  4.747E-01  4.927E-01  4.997E-01  4.956E-01  4.805E-01
  384.5000  7.123E-01  7.392E-01  7.498E-01  7.437E-01  7.210E-01
  385.5000  7.047E-01  7.313E-01  7.417E-01  7.356E-01  7.133E-01
  386.5000  7.182E-01  7.453E-01  7.559E-01  7.498E-01  7.270E-01
  387.5000  6.674E-01  6.926E-01  7.024E-01  6.967E-01  6.756E-01
  388.5000  6.690E-01  6.941E-01  7.040E-01  6.983E-01  6.771E-01
  389.5000  8.435E-01  8.753E-01  8.877E-01  8.805E-01  8.538E-01
  390.5000  8.285E-01  8.596E-01  8.718E-01  8.647E-01  8.386E-01
  391.5000  9.828E-01  1.020E+00  1.034E+00  1.026E+00  9.948E-01
  392.5000  7.370E-01  7.646E-01  7.754E-01  7.691E-01  7.459E-01
  393.5000  3.204E-01  3.324E-01  3.370E-01  3.343E-01  3.243E-01
  394.5000  7.538E-01  7.820E-01  7.930E-01  7.866E-01  7.630E-01
  395.5000  9.699E-01  1.006E+00  1.020E+00  1.012E+00  9.816E-01
  396.5000  5.695E-01  5.907E-01  5.990E-01  5.942E-01  5.764E-01
  397.5000  6.571E-01  6.816E-01  6.911E-01  6.856E-01  6.650E-01
  398.5000  1.129E+00  1.171E+00  1.187E+00  1.178E+00  1.143E+00
  399.5000  1.174E+00  1.218E+00  1.235E+00  1.225E+00  1.188E+00
  400.5000  1.235E+00  1.280E+00  1.298E+00  1.288E+00  1.249E+00
  401.5000  1.270E+00  1.317E+00  1.336E+00  1.325E+00  1.285E+00
  402.5000  1.319E+00  1.367E+00  1.386E+00  1.375E+00  1.334E+00
  403.5000  1.207E+00  1.252E+00  1.269E+00  1.259E+00  1.221E+00
  404.5000  1.184E+00  1.227E+00  1.244E+00  1.235E+00  1.198E+00
  405.5000  1.230E+00  1.275E+00  1.293E+00  1.282E+00  1.244E+00
  406.5000  1.158E+00  1.201E+00  1.217E+00  1.208E+00  1.172E+00
  407.5000  1.168E+00  1.211E+00  1.227E+00  1.218E+00  1.181E+00
  408.5000  1.300E+00  1.348E+00  1.367E+00  1.356E+00  1.316E+00
  409.5000  1.275E+00  1.321E+00  1.340E+00  1.329E+00  1.290E+00
  410.5000  1.105E+00  1.146E+00  1.162E+00  1.153E+00  1.119E+00
  411.5000  1.329E+00  1.377E+00  1.396E+00  1.385E+00  1.344E+00
  412.5000  1.317E+00  1.365E+00  1.384E+00  1.373E+00  1.332E+00
  413.5000  1.277E+00  1.324E+00  1.342E+00  1.331E+00  1.292E+00
  414.5000  1.313E+00  1.361E+00  1.379E+00  1.368E+00  1.328E+00
  415.5000  1.255E+00  1.301E+00  1.319E+00  1.309E+00  1.270E+00
  416.5000  1.366E+00  1.416E+00  1.436E+00  1.424E+00  1.382E+00
  417.5000  1.249E+00  1.295E+00  1.312E+00  1.302E+00  1.264E+00
  418.5000  1.259E+00  1.305E+00  1.323E+00  1.312E+00  1.274E+00
  419.5000  1.300E+00  1.348E+00  1.366E+00  1.355E+00  1.316E+00
------------------------------------------------------------
Dose rates, W m-2
   1 = UV-B, 280-315 nm                                  
   2 = UV-A, 315-400 nm                                  
   3 = Gaussian, 320 nm, 10 nm FWHM                      
   4 = RB Meter, model 501                               
   5 = DNA damage, in vitro (Setlow, 1974)               
   6 = UV index (WMO, 1994; Webb et al., 2011)           
   7 = Previtamin-D3 (CIE 2006)                          
values at z =      0.000 km
Columns: time, sza, weighting spectra
time, hrs.  sza, deg.          1          2          3          4          5          6          7
   11.0000     33.455  1.750E+00  5.410E+01  3.430E-01  5.171E-01  6.009E-03  9.873E+00  4.920E-01
   11.5000     30.719  1.871E+00  5.625E+01  3.594E-01  5.564E-01  6.671E-03  1.067E+01  5.333E-01
   12.0000     29.591  1.919E+00  5.709E+01  3.657E-01  5.719E-01  6.941E-03  1.099E+01  5.497E-01
   12.5000     30.251  1.892E+00  5.660E+01  3.621E-01  5.629E-01  6.784E-03  1.080E+01  5.402E-01
   13.0000     32.591  1.789E+00  5.480E+01  3.483E-01  5.296E-01  6.218E-03  1.013E+01  5.052E-01
------------------------------------------------------------
