Spectral Irradiance, W m-2 nm-1
values at z =      0.000 km
Columns: wavelength (nm), times (hrs.) or sza (deg.)
    wc, nm     11.000     11.500     12.000     12.500     13.000
    sza =      22.429     18.248     16.343     17.477     21.165
  280.5000  1.656E-13  3.452E-13  4.550E-13  3.877E-13  2.108E-13
  281.5000  4.387E-12  8.575E-12  1.103E-11  9.533E-12  5.468E-12
  282.5000  5.009E-11  9.263E-11  1.167E-10  1.021E-10  6.130E-11
  283.5000  2.207E-10  3.938E-10  4.897E-10  4.315E-10  2.670E-10
  284.5000  1.986E-09  3.319E-09  4.027E-09  3.600E-09  2.351E-09
  285.5000  6.311E-09  1.005E-08  1.197E-08  1.082E-08  7.353E-09
  286.5000  6.924E-08  1.062E-07  1.248E-07  1.137E-07  7.924E-08
  287.5000  3.656E-07  5.382E-07  6.227E-07  5.722E-07  4.151E-07
  288.5000  1.675E-06  2.359E-06  2.683E-06  2.455E-06  1.875E-06
  289.5000  8.624E-06  1.176E-05  1.321E-05  1.235E-05  9.548E-06
  290.5000  3.270E-05  4.339E-05  4.827E-05  4.538E-05  3.588E-05
  291.5000  9.673E-05  1.245E-04  1.369E-04  1.296E-04  1.051E-04
  292.5000  2.196E-04  2.756E-04  3.003E-04  2.858E-04  2.366E-04
  293.5000  5.993E-04  7.346E-04  7.933E-04  7.587E-04  6.407E-04
  294.5000  1.089E-03  1.310E-03  1.405E-03  1.349E-03  1.157E-03
  295.5000  2.607E-03  3.077E-03  3.275E-03  3.159E-03  2.753E-03
  296.5000  4.371E-03  5.075E-03  5.369E-03  5.196E-03  4.591E-03
  297.5000  8.087E-03  9.255E-03  9.740E-03  9.456E-03  8.453E-03
  298.5000  9.359E-03  1.058E-02  1.109E-02  1.079E-02  9.744E-03
  299.5000  2.030E-02  2.269E-02  2.367E-02  2.310E-02  2.105E-02
  300.5000  1.863E-02  2.064E-02  2.146E-02  2.098E-02  1.926E-02
  301.5000  3.614E-02  3.967E-02  4.110E-02  4.027E-02  3.726E-02
  302.5000  4.438E-02  4.842E-02  5.005E-02  4.910E-02  4.566E-02
  303.5000  7.442E-02  8.061E-02  8.309E-02  8.164E-02  7.639E-02
  304.5000  8.065E-02  8.699E-02  8.952E-02  8.804E-02  8.267E-02
  305.5000  1.051E-01  1.126E-01  1.157E-01  1.139E-01  1.075E-01
  306.5000  1.091E-01  1.167E-01  1.197E-01  1.179E-01  1.116E-01
  307.5000  1.558E-01  1.656E-01  1.695E-01  1.673E-01  1.589E-01
  308.5000  1.737E-01  1.843E-01  1.885E-01  1.861E-01  1.771E-01
  309.5000  1.520E-01  1.608E-01  1.642E-01  1.622E-01  1.548E-01
  310.5000  2.060E-01  2.173E-01  2.217E-01  2.191E-01  2.096E-01
  311.5000  2.642E-01  2.782E-01  2.838E-01  2.805E-01  2.687E-01
  312.5000  2.562E-01  2.677E-01  2.741E-01  2.711E-01  2.603E-01
  313.5000  2.901E-01  3.044E-01  3.101E-01  3.068E-01  2.947E-01
  314.5000  2.883E-01  3.018E-01  3.071E-01  3.040E-01  2.926E-01
  315.5000  2.975E-01  3.112E-01  3.166E-01  3.135E-01  3.019E-01
  316.5000  2.949E-01  3.079E-01  3.130E-01  3.101E-01  2.991E-01
  317.5000  4.169E-01  4.353E-01  4.425E-01  4.383E-01  4.228E-01
  318.5000  3.264E-01  3.402E-01  3.457E-01  3.425E-01  3.309E-01
  319.5000  3.979E-01  4.146E-01  4.200E-01  4.173E-01  4.033E-01
  320.5000  4.835E-01  5.036E-01  5.114E-01  5.068E-01  4.900E-01
  321.5000  4.086E-01  4.248E-01  4.312E-01  4.275E-01  4.138E-01
  322.5000  4.111E-01  4.297E-01  4.363E-01  4.324E-01  4.182E-01
  323.5000  4.225E-01  4.390E-01  4.454E-01  4.417E-01  4.278E-01
  324.5000  4.959E-01  5.152E-01  5.228E-01  5.184E-01  5.021E-01
  325.5000  5.562E-01  5.780E-01  5.865E-01  5.815E-01  5.632E-01
  326.5000  6.696E-01  6.949E-01  7.046E-01  6.990E-01  6.777E-01
  327.5000  6.245E-01  6.483E-01  6.576E-01  6.522E-01  6.322E-01
  328.5000  5.765E-01  5.984E-01  6.070E-01  6.020E-01  5.836E-01
  329.5000  7.438E-01  7.713E-01  7.821E-01  7.758E-01  7.527E-01
  330.5000  6.774E-01  7.027E-01  7.125E-01  7.068E-01  6.856E-01
  331.5000  6.695E-01  6.945E-01  7.043E-01  6.986E-01  6.776E-01
  332.5000  6.568E-01  6.808E-01  6.902E-01  6.848E-01  6.646E-01
  333.5000  6.180E-01  6.408E-01  6.497E-01  6.445E-01  6.253E-01
  334.5000  6.898E-01  7.150E-01  7.249E-01  7.191E-01  6.979E-01
  335.5000  6.977E-01  7.229E-01  7.328E-01  7.271E-01  7.058E-01
  336.5000  5.456E-01  5.654E-01  5.731E-01  5.686E-01  5.520E-01
  337.5000  5.996E-01  6.214E-01  6.299E-01  6.249E-01  6.066E-01
  338.5000  6.314E-01  6.541E-01  6.630E-01  6.578E-01  6.387E-01
  339.5000  6.860E-01  7.106E-01  7.202E-01  7.146E-01  6.939E-01
  340.5000  7.338E-01  7.601E-01  7.704E-01  7.644E-01  7.423E-01
  341.5000  6.508E-01  6.741E-01  6.831E-01  6.778E-01  6.583E-01
  342.5000  7.206E-01  7.463E-01  7.563E-01  7.505E-01  7.289E-01
  343.5000  7.486E-01  7.752E-01  7.857E-01  7.796E-01  7.572E-01
  344.5000  5.248E-01  5.434E-01  5.507E-01  5.465E-01  5.308E-01
  345.5000  7.180E-01  7.434E-01  7.533E-01  7.475E-01  7.262E-01
  346.5000  6.719E-01  6.957E-01  7.050E-01  6.995E-01  6.795E-01
  347.5000  6.562E-01  6.794E-01  6.885E-01  6.832E-01  6.637E-01
  348.5000  7.208E-01  7.462E-01  7.561E-01  7.503E-01  7.290E-01
  349.5000  6.039E-01  6.251E-01  6.334E-01  6.286E-01  6.108E-01
  350.5000  8.452E-01  8.749E-01  8.865E-01  8.797E-01  8.548E-01
  351.5000  7.283E-01  7.538E-01  7.638E-01  7.580E-01  7.365E-01
  352.5000  6.566E-01  6.795E-01  6.885E-01  6.833E-01  6.640E-01
  353.5000  7.900E-01  8.176E-01  8.283E-01  8.221E-01  7.989E-01
  354.5000  8.546E-01  8.844E-01  8.960E-01  8.892E-01  8.642E-01
  355.5000  7.984E-01  8.262E-01  8.370E-01  8.307E-01  8.074E-01
  356.5000  7.407E-01  7.664E-01  7.765E-01  7.706E-01  7.490E-01
  357.5000  6.296E-01  6.515E-01  6.600E-01  6.550E-01  6.367E-01
  358.5000  4.857E-01  5.025E-01  5.091E-01  5.052E-01  4.911E-01
  359.5000  8.171E-01  8.454E-01  8.564E-01  8.500E-01  8.262E-01
  360.5000  7.571E-01  7.833E-01  7.935E-01  7.875E-01  7.656E-01
  361.5000  6.824E-01  7.059E-01  7.150E-01  7.097E-01  6.899E-01
  362.5000  8.010E-01  8.286E-01  8.393E-01  8.331E-01  8.099E-01
  363.5000  7.123E-01  7.368E-01  7.463E-01  7.408E-01  7.202E-01
  364.5000  7.768E-01  8.034E-01  8.139E-01  8.078E-01  7.854E-01
  365.5000  9.463E-01  9.787E-01  9.913E-01  9.839E-01  9.567E-01
  366.5000  1.001E+00  1.035E+00  1.049E+00  1.041E+00  1.012E+00
  367.5000  9.502E-01  9.826E-01  9.953E-01  9.879E-01  9.607E-01
  368.5000  8.345E-01  8.629E-01  8.740E-01  8.675E-01  8.436E-01
  369.5000  1.001E+00  1.035E+00  1.048E+00  1.040E+00  1.012E+00
  370.5000  9.076E-01  9.384E-01  9.504E-01  9.434E-01  9.175E-01
  371.5000  1.038E+00  1.073E+00  1.087E+00  1.079E+00  1.049E+00
  372.5000  7.666E-01  7.925E-01  8.027E-01  7.968E-01  7.750E-01
  373.5000  6.927E-01  7.161E-01  7.253E-01  7.199E-01  7.003E-01
  374.5000  7.600E-01  7.857E-01  7.957E-01  7.899E-01  7.683E-01
  375.5000  8.573E-01  8.862E-01  8.975E-01  8.909E-01  8.666E-01
  376.5000  8.558E-01  8.846E-01  8.959E-01  8.893E-01  8.651E-01
  377.5000  1.019E+00  1.053E+00  1.066E+00  1.059E+00  1.030E+00
  378.5000  1.110E+00  1.147E+00  1.162E+00  1.153E+00  1.122E+00
  379.5000  8.210E-01  8.486E-01  8.593E-01  8.531E-01  8.299E-01
  380.5000  9.871E-01  1.020E+00  1.033E+00  1.026E+00  9.978E-01
  381.5000  9.273E-01  9.584E-01  9.705E-01  9.634E-01  9.373E-01
  382.5000  6.177E-01  6.384E-01  6.464E-01  6.418E-01  6.244E-01
  383.5000  5.423E-01  5.604E-01  5.675E-01  5.634E-01  5.481E-01
  384.5000  8.136E-01  8.407E-01  8.513E-01  8.452E-01  8.224E-01
  385.5000  8.048E-01  8.315E-01  8.420E-01  8.359E-01  8.134E-01
  386.5000  8.201E-01  8.474E-01  8.580E-01  8.518E-01  8.289E-01
  387.5000  7.620E-01  7.873E-01  7.972E-01  7.914E-01  7.702E-01
  388.5000  7.636E-01  7.889E-01  7.988E-01  7.930E-01  7.718E-01
  389.5000  9.627E-01  9.946E-01  1.007E+00  9.998E-01  9.730E-01
  390.5000  9.454E-01  9.766E-01  9.888E-01  9.817E-01  9.555E-01
  391.5000  1.121E+00  1.158E+00  1.173E+00  1.164E+00  1.133E+00
  392.5000  8.407E-01  8.684E-01  8.792E-01  8.729E-01  8.496E-01
  393.5000  3.654E-01  3.774E-01  3.821E-01  3.794E-01  3.693E-01
  394.5000  8.596E-01  8.879E-01  8.989E-01  8.925E-01  8.688E-01
  395.5000  1.106E+00  1.142E+00  1.156E+00  1.148E+00  1.118E+00
  396.5000  6.492E-01  6.705E-01  6.788E-01  6.740E-01  6.561E-01
  397.5000  7.490E-01  7.735E-01  7.831E-01  7.775E-01  7.569E-01
  398.5000  1.287E+00  1.329E+00  1.345E+00  1.336E+00  1.300E+00
  399.5000  1.338E+00  1.382E+00  1.399E+00  1.389E+00  1.352E+00
  400.5000  1.406E+00  1.452E+00  1.470E+00  1.460E+00  1.421E+00
  401.5000  1.447E+00  1.494E+00  1.512E+00  1.502E+00  1.462E+00
  402.5000  1.502E+00  1.551E+00  1.570E+00  1.559E+00  1.518E+00
  403.5000  1.374E+00  1.419E+00  1.436E+00  1.426E+00  1.389E+00
  404.5000  1.348E+00  1.391E+00  1.409E+00  1.399E+00  1.362E+00
  405.5000  1.400E+00  1.445E+00  1.463E+00  1.453E+00  1.414E+00
  406.5000  1.318E+00  1.361E+00  1.378E+00  1.368E+00  1.332E+00
  407.5000  1.329E+00  1.372E+00  1.389E+00  1.379E+00  1.343E+00
  408.5000  1.480E+00  1.527E+00  1.546E+00  1.535E+00  1.495E+00
  409.5000  1.450E+00  1.497E+00  1.515E+00  1.505E+00  1.465E+00
  410.5000  1.257E+00  1.298E+00  1.314E+00  1.305E+00  1.271E+00
  411.5000  1.511E+00  1.560E+00  1.579E+00  1.568E+00  1.527E+00
  412.5000  1.497E+00  1.546E+00  1.565E+00  1.554E+00  1.513E+00
  413.5000  1.452E+00  1.499E+00  1.517E+00  1.506E+00  1.467E+00
  414.5000  1.492E+00  1.540E+00  1.559E+00  1.548E+00  1.508E+00
  415.5000  1.427E+00  1.473E+00  1.491E+00  1.480E+00  1.442E+00
  416.5000  1.553E+00  1.603E+00  1.622E+00  1.611E+00  1.569E+00
  417.5000  1.419E+00  1.465E+00  1.483E+00  1.472E+00  1.434E+00
  418.5000  1.430E+00  1.476E+00  1.494E+00  1.484E+00  1.445E+00
  419.5000  1.477E+00  1.525E+00  1.543E+00  1.532E+00  1.493E+00
------------------------------------------------------------
Dose rates, W m-2
   1 = UV-B, 280-315 nm                                  
   2 = UV-A, 315-400 nm                                  
   3 = Gaussian, 320 nm, 10 nm FWHM                      
   4 = RB Meter, model 501                               
   5 = DNA damage, in vitro (Setlow, 1974)               
   6 = UV index (WMO, 1994; Webb et al., 2011)           
   7 = Previtamin-D3 (CIE 2006)                          
values at z =      0.000 km
Columns: time, sza, weighting spectra
time, hrs.  sza, deg.          1          2          3          4          5          6          7
   11.0000     22.429  2.301E+00  6.225E+01  4.081E-01  7.020E-01  9.541E-03  1.374E+01  6.909E-01
   11.5000     18.248  2.439E+00  6.442E+01  4.252E-01  7.490E-01  1.048E-02  1.473E+01  7.412E-01
   12.0000     16.343  2.495E+00  6.527E+01  4.318E-01  7.679E-01  1.087E-02  1.513E+01  7.615E-01
   12.5000     17.477  2.463E+00  6.478E+01  4.280E-01  7.570E-01  1.064E-02  1.490E+01  7.497E-01
   13.0000     21.165  2.346E+00  6.295E+01  4.137E-01  7.171E-01  9.838E-03  1.405E+01  7.070E-01
------------------------------------------------------------
