Spectral Irradiance, W m-2 nm-1
values at z =      0.000 km
Columns: wavelength (nm), times (hrs.) or sza (deg.)
    wc, nm     11.000     11.500     12.000     12.500     13.000
    sza =      93.684     93.175     92.934     92.963     93.261
  280.5000  2.891E-31  5.025E-31  6.127E-31  6.004E-31  4.562E-31
  281.5000  1.317E-28  2.274E-28  2.770E-28  2.714E-28  2.066E-28
  282.5000  1.735E-26  2.977E-26  3.624E-26  3.551E-26  2.706E-26
  283.5000  3.726E-25  6.371E-25  7.750E-25  7.596E-25  5.793E-25
  284.5000  6.138E-23  1.043E-22  1.267E-22  1.242E-22  9.490E-23
  285.5000  1.679E-21  2.841E-21  3.448E-21  3.380E-21  2.586E-21
  286.5000  9.643E-20  1.625E-19  1.972E-19  1.933E-19  1.480E-19
  287.5000  3.217E-18  5.402E-18  6.548E-18  6.420E-18  4.921E-18
  288.5000  1.104E-16  1.846E-16  2.235E-16  2.191E-16  1.682E-16
  289.5000  2.407E-15  4.012E-15  4.854E-15  4.760E-15  3.658E-15
  290.5000  3.081E-14  5.122E-14  6.192E-14  6.073E-14  4.671E-14
  291.5000  3.646E-13  6.044E-13  7.299E-13  7.159E-13  5.513E-13
  292.5000  2.592E-12  4.285E-12  5.170E-12  5.071E-12  3.910E-12
  293.5000  2.083E-11  3.434E-11  4.141E-11  4.062E-11  3.135E-11
  294.5000  8.875E-11  1.460E-10  1.758E-10  1.725E-10  1.333E-10
  295.5000  5.292E-10  8.680E-10  1.045E-09  1.025E-09  7.931E-10
  296.5000  1.909E-09  3.123E-09  3.756E-09  3.685E-09  2.855E-09
  297.5000  6.959E-09  1.136E-08  1.365E-08  1.339E-08  1.039E-08
  298.5000  1.438E-08  2.341E-08  2.810E-08  2.758E-08  2.142E-08
  299.5000  5.416E-08  8.797E-08  1.055E-07  1.035E-07  8.052E-08
  300.5000  7.652E-08  1.240E-07  1.486E-07  1.459E-07  1.136E-07
  301.5000  2.391E-07  3.864E-07  4.627E-07  4.542E-07  3.541E-07
  302.5000  4.038E-07  6.510E-07  7.790E-07  7.647E-07  5.968E-07
  303.5000  9.972E-07  1.603E-06  1.917E-06  1.882E-06  1.471E-06
  304.5000  1.358E-06  2.179E-06  2.604E-06  2.556E-06  1.999E-06
  305.5000  2.514E-06  4.022E-06  4.804E-06  4.716E-06  3.694E-06
  306.5000  3.047E-06  4.867E-06  5.811E-06  5.705E-06  4.471E-06
  307.5000  5.921E-06  9.430E-06  1.125E-05  1.105E-05  8.668E-06
  308.5000  7.472E-06  1.188E-05  1.418E-05  1.392E-05  1.093E-05
  309.5000  8.156E-06  1.294E-05  1.545E-05  1.516E-05  1.191E-05
  310.5000  1.309E-05  2.074E-05  2.475E-05  2.429E-05  1.908E-05
  311.5000  1.881E-05  2.976E-05  3.553E-05  3.487E-05  2.739E-05
  312.5000  2.280E-05  3.604E-05  4.305E-05  4.224E-05  3.317E-05
  313.5000  2.737E-05  4.323E-05  5.165E-05  5.069E-05  3.980E-05
  314.5000  3.384E-05  5.345E-05  6.398E-05  6.276E-05  4.921E-05
  315.5000  3.652E-05  5.768E-05  6.906E-05  6.774E-05  5.310E-05
  316.5000  4.435E-05  7.016E-05  8.422E-05  8.257E-05  6.457E-05
  317.5000  6.296E-05  9.959E-05  1.195E-04  1.172E-04  9.166E-05
  318.5000  6.170E-05  9.799E-05  1.181E-04  1.157E-04  9.012E-05
  319.5000  7.938E-05  1.262E-04  1.522E-04  1.491E-04  1.160E-04
  320.5000  1.023E-04  1.629E-04  1.967E-04  1.927E-04  1.497E-04
  321.5000  1.176E-04  1.891E-04  2.299E-04  2.251E-04  1.735E-04
  322.5000  9.274E-05  1.479E-04  1.788E-04  1.752E-04  1.359E-04
  323.5000  1.436E-04  2.327E-04  2.840E-04  2.779E-04  2.132E-04
  324.5000  1.662E-04  2.690E-04  3.281E-04  3.210E-04  2.464E-04
  325.5000  1.735E-04  2.802E-04  3.413E-04  3.340E-04  2.568E-04
  326.5000  3.094E-04  5.081E-04  6.240E-04  6.101E-04  4.642E-04
  327.5000  2.506E-04  4.089E-04  5.008E-04  4.898E-04  3.740E-04
  328.5000  2.297E-04  3.751E-04  4.595E-04  4.494E-04  3.430E-04
  329.5000  4.293E-04  7.116E-04  8.767E-04  8.569E-04  6.487E-04
  330.5000  3.305E-04  5.443E-04  6.691E-04  6.542E-04  4.969E-04
  331.5000  3.145E-04  5.175E-04  6.360E-04  6.218E-04  4.725E-04
  332.5000  4.172E-04  6.945E-04  8.566E-04  8.372E-04  6.325E-04
  333.5000  3.410E-04  5.651E-04  6.962E-04  6.805E-04  5.152E-04
  334.5000  4.064E-04  6.755E-04  8.331E-04  8.143E-04  6.155E-04
  335.5000  4.853E-04  8.110E-04  1.001E-03  9.787E-04  7.380E-04
  336.5000  3.599E-04  6.009E-04  7.419E-04  7.251E-04  5.469E-04
  337.5000  3.515E-04  5.849E-04  7.216E-04  7.052E-04  5.328E-04
  338.5000  4.408E-04  7.379E-04  9.117E-04  8.910E-04  6.712E-04
  339.5000  4.899E-04  8.212E-04  1.015E-03  9.920E-04  7.468E-04
  340.5000  4.887E-04  8.178E-04  1.011E-03  9.876E-04  7.440E-04
  341.5000  4.772E-04  8.011E-04  9.906E-04  9.681E-04  7.283E-04
  342.5000  5.371E-04  9.027E-04  1.116E-03  1.091E-03  8.204E-04
  343.5000  5.378E-04  9.034E-04  1.118E-03  1.092E-03  8.212E-04
  344.5000  3.624E-04  6.084E-04  7.526E-04  7.354E-04  5.531E-04
  345.5000  5.470E-04  9.213E-04  1.140E-03  1.114E-03  8.369E-04
  346.5000  4.805E-04  8.082E-04  1.000E-03  9.774E-04  7.345E-04
  347.5000  4.717E-04  7.940E-04  9.829E-04  9.604E-04  7.214E-04
  348.5000  5.287E-04  8.910E-04  1.103E-03  1.078E-03  8.094E-04
  349.5000  4.407E-04  7.431E-04  9.203E-04  8.992E-04  6.749E-04
  350.5000  6.188E-04  1.044E-03  1.293E-03  1.264E-03  9.482E-04
  351.5000  5.275E-04  8.903E-04  1.103E-03  1.078E-03  8.085E-04
  352.5000  4.782E-04  8.076E-04  1.001E-03  9.779E-04  7.333E-04
  353.5000  5.810E-04  9.821E-04  1.217E-03  1.189E-03  8.916E-04
  354.5000  6.335E-04  1.072E-03  1.329E-03  1.298E-03  9.728E-04
  355.5000  5.912E-04  1.001E-03  1.241E-03  1.213E-03  9.083E-04
  356.5000  5.470E-04  9.264E-04  1.149E-03  1.123E-03  8.407E-04
  357.5000  4.630E-04  7.846E-04  9.735E-04  9.510E-04  7.120E-04
  358.5000  3.583E-04  6.075E-04  7.539E-04  7.365E-04  5.512E-04
  359.5000  6.016E-04  1.021E-03  1.267E-03  1.237E-03  9.258E-04
  360.5000  5.566E-04  9.448E-04  1.173E-03  1.146E-03  8.571E-04
  361.5000  5.024E-04  8.534E-04  1.060E-03  1.035E-03  7.740E-04
  362.5000  5.898E-04  1.002E-03  1.245E-03  1.216E-03  9.091E-04
  363.5000  5.239E-04  8.908E-04  1.107E-03  1.081E-03  8.078E-04
  364.5000  5.697E-04  9.692E-04  1.205E-03  1.176E-03  8.788E-04
  365.5000  6.913E-04  1.177E-03  1.463E-03  1.429E-03  1.067E-03
  366.5000  7.313E-04  1.246E-03  1.549E-03  1.512E-03  1.129E-03
  367.5000  6.940E-04  1.183E-03  1.471E-03  1.436E-03  1.072E-03
  368.5000  6.082E-04  1.037E-03  1.290E-03  1.260E-03  9.399E-04
  369.5000  7.279E-04  1.242E-03  1.545E-03  1.509E-03  1.125E-03
  370.5000  6.588E-04  1.125E-03  1.399E-03  1.367E-03  1.019E-03
  371.5000  7.524E-04  1.285E-03  1.600E-03  1.562E-03  1.164E-03
  372.5000  5.547E-04  9.480E-04  1.180E-03  1.153E-03  8.589E-04
  373.5000  5.000E-04  8.549E-04  1.065E-03  1.040E-03  7.745E-04
  374.5000  5.473E-04  9.363E-04  1.166E-03  1.139E-03  8.481E-04
  375.5000  6.163E-04  1.055E-03  1.314E-03  1.283E-03  9.556E-04
  376.5000  6.142E-04  1.052E-03  1.311E-03  1.280E-03  9.527E-04
  377.5000  7.298E-04  1.251E-03  1.559E-03  1.522E-03  1.133E-03
  378.5000  7.935E-04  1.361E-03  1.696E-03  1.656E-03  1.232E-03
  379.5000  5.855E-04  1.005E-03  1.253E-03  1.223E-03  9.095E-04
  380.5000  7.026E-04  1.206E-03  1.504E-03  1.469E-03  1.092E-03
  381.5000  6.587E-04  1.131E-03  1.412E-03  1.378E-03  1.024E-03
  382.5000  4.379E-04  7.526E-04  9.391E-04  9.168E-04  6.812E-04
  383.5000  3.836E-04  6.596E-04  8.233E-04  8.037E-04  5.970E-04
  384.5000  5.744E-04  9.881E-04  1.234E-03  1.204E-03  8.942E-04
  385.5000  5.670E-04  9.760E-04  1.219E-03  1.190E-03  8.831E-04
  386.5000  5.766E-04  9.931E-04  1.240E-03  1.211E-03  8.986E-04
  387.5000  5.346E-04  9.213E-04  1.151E-03  1.124E-03  8.335E-04
  388.5000  5.346E-04  9.217E-04  1.152E-03  1.124E-03  8.338E-04
  389.5000  6.726E-04  1.160E-03  1.450E-03  1.416E-03  1.050E-03
  390.5000  6.592E-04  1.138E-03  1.423E-03  1.388E-03  1.029E-03
  391.5000  7.802E-04  1.348E-03  1.685E-03  1.645E-03  1.219E-03
  392.5000  5.837E-04  1.009E-03  1.262E-03  1.231E-03  9.121E-04
  393.5000  2.532E-04  4.377E-04  5.477E-04  5.345E-04  3.958E-04
  394.5000  5.943E-04  1.028E-03  1.287E-03  1.256E-03  9.295E-04
  395.5000  7.628E-04  1.320E-03  1.653E-03  1.613E-03  1.194E-03
  396.5000  4.469E-04  7.741E-04  9.692E-04  9.458E-04  6.997E-04
  397.5000  5.146E-04  8.918E-04  1.117E-03  1.090E-03  8.061E-04
  398.5000  8.824E-04  1.530E-03  1.917E-03  1.870E-03  1.383E-03
  399.5000  9.158E-04  1.589E-03  1.991E-03  1.942E-03  1.436E-03
  400.5000  9.605E-04  1.667E-03  2.090E-03  2.039E-03  1.506E-03
  401.5000  9.858E-04  1.712E-03  2.146E-03  2.094E-03  1.547E-03
  402.5000  1.021E-03  1.774E-03  2.225E-03  2.171E-03  1.603E-03
  403.5000  9.325E-04  1.621E-03  2.034E-03  1.984E-03  1.465E-03
  404.5000  9.126E-04  1.588E-03  1.992E-03  1.943E-03  1.434E-03
  405.5000  9.460E-04  1.647E-03  2.067E-03  2.016E-03  1.487E-03
  406.5000  8.889E-04  1.548E-03  1.943E-03  1.896E-03  1.398E-03
  407.5000  8.938E-04  1.558E-03  1.956E-03  1.908E-03  1.407E-03
  408.5000  9.926E-04  1.731E-03  2.173E-03  2.120E-03  1.563E-03
  409.5000  9.706E-04  1.693E-03  2.127E-03  2.075E-03  1.529E-03
  410.5000  8.398E-04  1.466E-03  1.842E-03  1.797E-03  1.323E-03
  411.5000  1.007E-03  1.760E-03  2.212E-03  2.157E-03  1.588E-03
  412.5000  9.967E-04  1.742E-03  2.190E-03  2.136E-03  1.572E-03
  413.5000  9.648E-04  1.687E-03  2.121E-03  2.069E-03  1.523E-03
  414.5000  9.894E-04  1.731E-03  2.177E-03  2.124E-03  1.562E-03
  415.5000  9.438E-04  1.652E-03  2.079E-03  2.027E-03  1.491E-03
  416.5000  1.024E-03  1.794E-03  2.258E-03  2.202E-03  1.619E-03
  417.5000  9.341E-04  1.637E-03  2.061E-03  2.010E-03  1.477E-03
  418.5000  9.395E-04  1.648E-03  2.074E-03  2.023E-03  1.486E-03
  419.5000  9.687E-04  1.700E-03  2.141E-03  2.087E-03  1.533E-03
------------------------------------------------------------
Dose rates, W m-2
   1 = UV-B, 280-315 nm                                  
   2 = UV-A, 315-400 nm                                  
   3 = Gaussian, 320 nm, 10 nm FWHM                      
   4 = RB Meter, model 501                               
   5 = DNA damage, in vitro (Setlow, 1974)               
   6 = UV index (WMO, 1994; Webb et al., 2011)           
   7 = Previtamin-D3 (CIE 2006)                          
values at z =      0.000 km
Columns: time, sza, weighting spectra
time, hrs.  sza, deg.          1          2          3          4          5          6          7
   11.0000     93.684  1.462E-04  4.109E-02  1.019E-04  5.428E-05  2.777E-07  1.491E-03  2.822E-05
   11.5000     93.175  2.314E-04  6.981E-02  1.641E-04  8.712E-05  4.481E-07  2.450E-03  4.486E-05
   12.0000     92.934  2.765E-04  8.673E-02  1.993E-04  1.052E-04  5.410E-07  2.995E-03  5.365E-05
   12.5000     92.963  2.714E-04  8.471E-02  1.951E-04  1.031E-04  5.302E-07  2.931E-03  5.265E-05
   13.0000     93.261  2.130E-04  6.332E-02  1.505E-04  7.995E-05  4.108E-07  2.237E-03  4.124E-05
------------------------------------------------------------
