Spectral Irradiance, W m-2 nm-1
values at z =      0.000 km
Columns: wavelength (nm), times (hrs.) or sza (deg.)
    wc, nm     11.000     11.500     12.000     12.500     13.000
    sza =      14.787      8.146      2.709      6.463     13.021
  280.5000  1.722E-14  3.451E-14  4.487E-14  3.851E-14  2.161E-14
  281.5000  5.654E-13  1.066E-12  1.354E-12  1.178E-12  6.954E-13
  282.5000  7.760E-12  1.388E-11  1.729E-11  1.521E-11  9.381E-12
  283.5000  3.854E-11  6.661E-11  8.191E-11  7.263E-11  4.607E-11
  284.5000  4.312E-10  7.005E-10  8.415E-10  7.564E-10  5.052E-10
  285.5000  1.611E-09  2.499E-09  2.950E-09  2.678E-09  1.859E-09
  286.5000  2.000E-08  2.995E-08  3.489E-08  3.192E-08  2.282E-08
  287.5000  1.212E-07  1.745E-07  2.003E-07  1.848E-07  1.365E-07
  288.5000  6.449E-07  8.899E-07  1.005E-06  9.364E-07  7.163E-07
  289.5000  3.695E-06  4.945E-06  5.521E-06  5.178E-06  4.063E-06
  290.5000  1.533E-05  2.000E-05  2.211E-05  2.085E-05  1.672E-05
  291.5000  5.021E-05  6.362E-05  6.958E-05  6.605E-05  5.318E-05
  292.5000  1.239E-04  1.533E-04  1.662E-04  1.586E-04  1.328E-04
  293.5000  3.658E-04  4.426E-04  4.757E-04  4.561E-04  3.892E-04
  294.5000  7.069E-04  8.404E-04  8.972E-04  8.637E-04  7.479E-04
  295.5000  1.807E-03  2.109E-03  2.236E-03  2.161E-03  1.900E-03
  296.5000  3.199E-03  3.675E-03  3.874E-03  3.757E-03  3.347E-03
  297.5000  6.208E-03  7.036E-03  7.378E-03  7.177E-03  6.466E-03
  298.5000  7.480E-03  8.381E-03  8.750E-03  8.533E-03  7.762E-03
  299.5000  1.685E-02  1.868E-02  1.942E-02  1.898E-02  1.742E-02
  300.5000  1.592E-02  1.750E-02  1.783E-02  1.776E-02  1.642E-02
  301.5000  3.188E-02  3.473E-02  3.588E-02  3.520E-02  3.278E-02
  302.5000  3.997E-02  4.328E-02  4.461E-02  4.384E-02  4.102E-02
  303.5000  6.869E-02  7.387E-02  7.594E-02  7.473E-02  7.034E-02
  304.5000  7.550E-02  8.086E-02  8.300E-02  8.175E-02  7.720E-02
  305.5000  1.005E-01  1.070E-01  1.096E-01  1.080E-01  1.025E-01
  306.5000  1.053E-01  1.118E-01  1.144E-01  1.129E-01  1.074E-01
  307.5000  1.528E-01  1.615E-01  1.649E-01  1.629E-01  1.556E-01
  308.5000  1.716E-01  1.809E-01  1.846E-01  1.825E-01  1.745E-01
  309.5000  1.518E-01  1.596E-01  1.627E-01  1.609E-01  1.543E-01
  310.5000  2.074E-01  2.175E-01  2.215E-01  2.192E-01  2.106E-01
  311.5000  2.674E-01  2.800E-01  2.850E-01  2.821E-01  2.714E-01
  312.5000  2.617E-01  2.733E-01  2.779E-01  2.752E-01  2.654E-01
  313.5000  2.971E-01  3.100E-01  3.151E-01  3.121E-01  3.012E-01
  314.5000  2.976E-01  3.098E-01  3.146E-01  3.118E-01  3.015E-01
  315.5000  3.074E-01  3.199E-01  3.248E-01  3.220E-01  3.114E-01
  316.5000  3.066E-01  3.185E-01  3.232E-01  3.204E-01  3.104E-01
  317.5000  4.336E-01  4.503E-01  4.569E-01  4.530E-01  4.389E-01
  318.5000  3.414E-01  3.540E-01  3.589E-01  3.560E-01  3.454E-01
  319.5000  4.165E-01  4.318E-01  4.377E-01  4.342E-01  4.214E-01
  320.5000  5.068E-01  5.251E-01  5.323E-01  5.281E-01  5.127E-01
  321.5000  4.305E-01  4.454E-01  4.507E-01  4.478E-01  4.353E-01
  322.5000  4.331E-01  4.486E-01  4.546E-01  4.511E-01  4.381E-01
  323.5000  4.462E-01  4.612E-01  4.671E-01  4.637E-01  4.510E-01
  324.5000  5.235E-01  5.412E-01  5.481E-01  5.440E-01  5.292E-01
  325.5000  5.867E-01  6.065E-01  6.143E-01  6.098E-01  5.930E-01
  326.5000  7.092E-01  7.323E-01  7.414E-01  7.361E-01  7.166E-01
  327.5000  6.605E-01  6.823E-01  6.908E-01  6.858E-01  6.675E-01
  328.5000  6.097E-01  6.297E-01  6.375E-01  6.329E-01  6.161E-01
  329.5000  7.891E-01  8.142E-01  8.241E-01  8.183E-01  7.971E-01
  330.5000  7.176E-01  7.407E-01  7.497E-01  7.445E-01  7.251E-01
  331.5000  7.090E-01  7.318E-01  7.408E-01  7.355E-01  7.163E-01
  332.5000  6.971E-01  7.190E-01  7.276E-01  7.226E-01  7.041E-01
  333.5000  6.553E-01  6.760E-01  6.841E-01  6.793E-01  6.618E-01
  334.5000  7.315E-01  7.546E-01  7.636E-01  7.583E-01  7.389E-01
  335.5000  7.407E-01  7.638E-01  7.728E-01  7.675E-01  7.481E-01
  336.5000  5.790E-01  5.970E-01  6.041E-01  6.000E-01  5.848E-01
  337.5000  6.357E-01  6.556E-01  6.634E-01  6.588E-01  6.421E-01
  338.5000  6.701E-01  6.909E-01  6.990E-01  6.943E-01  6.768E-01
  339.5000  7.281E-01  7.506E-01  7.594E-01  7.543E-01  7.354E-01
  340.5000  7.784E-01  8.025E-01  8.119E-01  8.064E-01  7.862E-01
  341.5000  6.908E-01  7.120E-01  7.203E-01  7.154E-01  6.976E-01
  342.5000  7.649E-01  7.883E-01  7.975E-01  7.921E-01  7.724E-01
  343.5000  7.943E-01  8.186E-01  8.281E-01  8.226E-01  8.021E-01
  344.5000  5.566E-01  5.737E-01  5.803E-01  5.764E-01  5.621E-01
  345.5000  7.619E-01  7.851E-01  7.942E-01  7.889E-01  7.694E-01
  346.5000  7.127E-01  7.344E-01  7.429E-01  7.379E-01  7.197E-01
  347.5000  6.960E-01  7.172E-01  7.255E-01  7.206E-01  7.028E-01
  348.5000  7.646E-01  7.877E-01  7.968E-01  7.915E-01  7.720E-01
  349.5000  6.405E-01  6.599E-01  6.674E-01  6.630E-01  6.467E-01
  350.5000  8.963E-01  9.234E-01  9.340E-01  9.278E-01  9.050E-01
  351.5000  7.723E-01  7.955E-01  8.046E-01  7.993E-01  7.797E-01
  352.5000  6.961E-01  7.171E-01  7.253E-01  7.205E-01  7.029E-01
  353.5000  8.376E-01  8.627E-01  8.726E-01  8.668E-01  8.457E-01
  354.5000  9.061E-01  9.332E-01  9.438E-01  9.376E-01  9.148E-01
  355.5000  8.464E-01  8.717E-01  8.816E-01  8.758E-01  8.545E-01
  356.5000  7.851E-01  8.086E-01  8.177E-01  8.124E-01  7.927E-01
  357.5000  6.674E-01  6.873E-01  6.950E-01  6.905E-01  6.738E-01
  358.5000  5.147E-01  5.301E-01  5.361E-01  5.326E-01  5.197E-01
  359.5000  8.659E-01  8.917E-01  9.017E-01  8.959E-01  8.742E-01
  360.5000  8.023E-01  8.261E-01  8.354E-01  8.300E-01  8.099E-01
  361.5000  7.230E-01  7.444E-01  7.528E-01  7.479E-01  7.299E-01
  362.5000  8.487E-01  8.738E-01  8.836E-01  8.778E-01  8.567E-01
  363.5000  7.546E-01  7.769E-01  7.856E-01  7.805E-01  7.618E-01
  364.5000  8.229E-01  8.471E-01  8.566E-01  8.511E-01  8.307E-01
  365.5000  1.002E+00  1.032E+00  1.043E+00  1.037E+00  1.012E+00
  366.5000  1.060E+00  1.091E+00  1.104E+00  1.097E+00  1.070E+00
  367.5000  1.006E+00  1.036E+00  1.047E+00  1.041E+00  1.016E+00
  368.5000  8.836E-01  9.095E-01  9.197E-01  9.137E-01  8.920E-01
  369.5000  1.060E+00  1.091E+00  1.103E+00  1.096E+00  1.069E+00
  370.5000  9.609E-01  9.890E-01  9.999E-01  9.935E-01  9.699E-01
  371.5000  1.099E+00  1.131E+00  1.144E+00  1.136E+00  1.109E+00
  372.5000  8.115E-01  8.351E-01  8.444E-01  8.390E-01  8.191E-01
  373.5000  7.332E-01  7.545E-01  7.629E-01  7.580E-01  7.401E-01
  374.5000  8.044E-01  8.278E-01  8.369E-01  8.316E-01  8.119E-01
  375.5000  9.072E-01  9.336E-01  9.438E-01  9.378E-01  9.157E-01
  376.5000  9.056E-01  9.319E-01  9.421E-01  9.361E-01  9.140E-01
  377.5000  1.078E+00  1.109E+00  1.121E+00  1.114E+00  1.088E+00
  378.5000  1.175E+00  1.208E+00  1.222E+00  1.214E+00  1.185E+00
  379.5000  8.686E-01  8.937E-01  9.035E-01  8.978E-01  8.767E-01
  380.5000  1.044E+00  1.074E+00  1.086E+00  1.079E+00  1.054E+00
  381.5000  9.809E-01  1.009E+00  1.020E+00  1.014E+00  9.900E-01
  382.5000  6.534E-01  6.722E-01  6.795E-01  6.752E-01  6.594E-01
  383.5000  5.736E-01  5.900E-01  5.965E-01  5.927E-01  5.789E-01
  384.5000  8.605E-01  8.851E-01  8.948E-01  8.891E-01  8.684E-01
  385.5000  8.510E-01  8.754E-01  8.849E-01  8.794E-01  8.589E-01
  386.5000  8.672E-01  8.920E-01  9.017E-01  8.960E-01  8.752E-01
  387.5000  8.057E-01  8.287E-01  8.377E-01  8.324E-01  8.131E-01
  388.5000  8.073E-01  8.303E-01  8.393E-01  8.341E-01  8.147E-01
  389.5000  1.018E+00  1.047E+00  1.058E+00  1.051E+00  1.027E+00
  390.5000  9.994E-01  1.028E+00  1.039E+00  1.032E+00  1.009E+00
  391.5000  1.185E+00  1.219E+00  1.232E+00  1.224E+00  1.196E+00
  392.5000  8.885E-01  9.137E-01  9.236E-01  9.178E-01  8.966E-01
  393.5000  3.862E-01  3.971E-01  4.014E-01  3.989E-01  3.897E-01
  394.5000  9.084E-01  9.342E-01  9.442E-01  9.383E-01  9.167E-01
  395.5000  1.169E+00  1.202E+00  1.214E+00  1.207E+00  1.179E+00
  396.5000  6.860E-01  7.053E-01  7.129E-01  7.085E-01  6.922E-01
  397.5000  7.913E-01  8.137E-01  8.224E-01  8.173E-01  7.985E-01
  398.5000  1.359E+00  1.398E+00  1.413E+00  1.404E+00  1.372E+00
  399.5000  1.414E+00  1.453E+00  1.469E+00  1.460E+00  1.426E+00
  400.5000  1.486E+00  1.528E+00  1.544E+00  1.534E+00  1.499E+00
  401.5000  1.528E+00  1.571E+00  1.588E+00  1.578E+00  1.542E+00
  402.5000  1.586E+00  1.631E+00  1.648E+00  1.638E+00  1.600E+00
  403.5000  1.451E+00  1.492E+00  1.508E+00  1.499E+00  1.465E+00
  404.5000  1.423E+00  1.463E+00  1.479E+00  1.470E+00  1.436E+00
  405.5000  1.478E+00  1.519E+00  1.536E+00  1.526E+00  1.491E+00
  406.5000  1.392E+00  1.431E+00  1.446E+00  1.437E+00  1.404E+00
  407.5000  1.403E+00  1.442E+00  1.457E+00  1.448E+00  1.416E+00
  408.5000  1.562E+00  1.606E+00  1.623E+00  1.613E+00  1.576E+00
  409.5000  1.531E+00  1.574E+00  1.590E+00  1.581E+00  1.545E+00
  410.5000  1.327E+00  1.364E+00  1.379E+00  1.370E+00  1.339E+00
  411.5000  1.595E+00  1.640E+00  1.657E+00  1.647E+00  1.609E+00
  412.5000  1.581E+00  1.625E+00  1.642E+00  1.632E+00  1.595E+00
  413.5000  1.533E+00  1.575E+00  1.592E+00  1.582E+00  1.546E+00
  414.5000  1.575E+00  1.619E+00  1.636E+00  1.626E+00  1.589E+00
  415.5000  1.506E+00  1.548E+00  1.564E+00  1.555E+00  1.520E+00
  416.5000  1.639E+00  1.684E+00  1.702E+00  1.692E+00  1.653E+00
  417.5000  1.498E+00  1.539E+00  1.555E+00  1.546E+00  1.511E+00
  418.5000  1.509E+00  1.551E+00  1.567E+00  1.558E+00  1.523E+00
  419.5000  1.559E+00  1.602E+00  1.619E+00  1.609E+00  1.573E+00
------------------------------------------------------------
Dose rates, W m-2
   1 = UV-B, 280-315 nm                                  
   2 = UV-A, 315-400 nm                                  
   3 = Gaussian, 320 nm, 10 nm FWHM                      
   4 = RB Meter, model 501                               
   5 = DNA damage, in vitro (Setlow, 1974)               
   6 = UV index (WMO, 1994; Webb et al., 2011)           
   7 = Previtamin-D3 (CIE 2006)                          
values at z =      0.000 km
Columns: time, sza, weighting spectra
time, hrs.  sza, deg.          1          2          3          4          5          6          7
   11.0000     14.787  2.282E+00  6.587E+01  4.277E-01  6.828E-01  8.473E-03  1.315E+01  6.599E-01
   11.5000      8.146  2.403E+00  6.785E+01  4.432E-01  7.228E-01  9.199E-03  1.398E+01  7.023E-01
   12.0000      2.709  2.451E+00  6.862E+01  4.492E-01  7.385E-01  9.484E-03  1.430E+01  7.190E-01
   12.5000      6.463  2.423E+00  6.817E+01  4.457E-01  7.294E-01  9.320E-03  1.411E+01  7.093E-01
   13.0000     13.021  2.321E+00  6.650E+01  4.326E-01  6.956E-01  8.702E-03  1.341E+01  6.734E-01
------------------------------------------------------------
