Spectral Irradiance, W m-2 nm-1
values at z =      0.000 km
Columns: wavelength (nm), times (hrs.) or sza (deg.)
    wc, nm     11.000     11.500     12.000     12.500     13.000
    sza =      31.628     29.873     29.165     29.583     31.079
  280.5000  2.094E-20  4.547E-20  6.106E-20  5.138E-20  2.687E-20
  281.5000  2.371E-18  4.803E-18  6.282E-18  5.368E-18  2.975E-18
  282.5000  9.427E-17  1.799E-16  2.301E-16  1.992E-16  1.161E-16
  283.5000  9.344E-16  1.716E-15  2.162E-15  1.888E-15  1.136E-15
  284.5000  3.682E-14  6.300E-14  7.728E-14  6.856E-14  4.376E-14
  285.5000  3.490E-13  5.668E-13  6.816E-13  5.657E-13  4.079E-13
  286.5000  8.868E-12  1.384E-11  1.639E-11  1.484E-11  9.883E-12
  287.5000  1.189E-10  1.775E-10  2.067E-10  1.891E-10  1.353E-10
  288.5000  1.500E-09  2.134E-09  2.407E-09  2.256E-09  1.680E-09
  289.5000  1.595E-08  2.191E-08  2.473E-08  2.304E-08  1.766E-08
  290.5000  1.113E-07  1.485E-07  1.640E-07  1.554E-07  1.221E-07
  291.5000  6.567E-07  8.450E-07  9.348E-07  8.830E-07  7.130E-07
  292.5000  2.626E-06  3.301E-06  3.601E-06  3.422E-06  2.827E-06
  293.5000  1.221E-05  1.496E-05  1.617E-05  1.545E-05  1.303E-05
  294.5000  3.367E-05  4.046E-05  4.339E-05  4.165E-05  3.572E-05
  295.5000  1.256E-04  1.478E-04  1.572E-04  1.516E-04  1.324E-04
  296.5000  3.045E-04  3.520E-04  3.720E-04  3.601E-04  3.190E-04
  297.5000  7.783E-04  8.861E-04  9.309E-04  9.044E-04  8.114E-04
  298.5000  1.183E-03  1.330E-03  1.390E-03  1.354E-03  1.228E-03
  299.5000  3.319E-03  3.685E-03  3.835E-03  3.746E-03  3.432E-03
  300.5000  3.709E-03  4.080E-03  4.231E-03  4.142E-03  3.825E-03
  301.5000  8.913E-03  9.706E-03  1.003E-02  9.837E-03  9.161E-03
  302.5000  1.260E-02  1.363E-02  1.404E-02  1.380E-02  1.292E-02
  303.5000  2.493E-02  2.676E-02  2.749E-02  2.706E-02  2.551E-02
  304.5000  2.974E-02  3.177E-02  3.259E-02  3.211E-02  3.038E-02
  305.5000  4.467E-02  4.741E-02  4.850E-02  4.786E-02  4.553E-02
  306.5000  4.933E-02  5.220E-02  5.335E-02  5.267E-02  5.023E-02
  307.5000  7.911E-02  8.327E-02  8.491E-02  8.395E-02  8.042E-02
  308.5000  9.229E-02  9.693E-02  9.877E-02  9.769E-02  9.376E-02
  309.5000  8.724E-02  9.129E-02  9.289E-02  9.195E-02  8.852E-02
  310.5000  1.249E-01  1.304E-01  1.325E-01  1.313E-01  1.266E-01
  311.5000  1.661E-01  1.731E-01  1.758E-01  1.742E-01  1.683E-01
  312.5000  1.718E-01  1.785E-01  1.811E-01  1.795E-01  1.739E-01
  313.5000  1.976E-01  2.051E-01  2.081E-01  2.064E-01  2.000E-01
  314.5000  2.075E-01  2.148E-01  2.177E-01  2.160E-01  2.098E-01
  315.5000  2.161E-01  2.236E-01  2.266E-01  2.249E-01  2.185E-01
  316.5000  2.235E-01  2.308E-01  2.337E-01  2.320E-01  2.258E-01
  317.5000  3.140E-01  3.267E-01  3.307E-01  3.283E-01  3.196E-01
  318.5000  2.575E-01  2.654E-01  2.685E-01  2.667E-01  2.600E-01
  319.5000  3.163E-01  3.259E-01  3.297E-01  3.275E-01  3.194E-01
  320.5000  3.880E-01  3.996E-01  4.041E-01  4.014E-01  3.917E-01
  321.5000  3.397E-01  3.493E-01  3.531E-01  3.509E-01  3.428E-01
  322.5000  3.342E-01  3.441E-01  3.479E-01  3.456E-01  3.373E-01
  323.5000  3.571E-01  3.669E-01  3.707E-01  3.685E-01  3.602E-01
  324.5000  4.187E-01  4.301E-01  4.346E-01  4.320E-01  4.223E-01
  325.5000  4.671E-01  4.800E-01  4.851E-01  4.821E-01  4.712E-01
  326.5000  5.790E-01  5.942E-01  6.001E-01  5.966E-01  5.838E-01
  327.5000  5.352E-01  5.495E-01  5.550E-01  5.518E-01  5.398E-01
  328.5000  4.943E-01  5.075E-01  5.126E-01  5.096E-01  4.979E-01
  329.5000  6.518E-01  6.684E-01  6.749E-01  6.711E-01  6.571E-01
  330.5000  5.886E-01  6.038E-01  6.097E-01  6.062E-01  5.934E-01
  331.5000  5.808E-01  5.959E-01  6.017E-01  5.983E-01  5.856E-01
  332.5000  5.788E-01  5.933E-01  5.990E-01  5.957E-01  5.834E-01
  333.5000  5.411E-01  5.549E-01  5.602E-01  5.571E-01  5.455E-01
  334.5000  6.062E-01  6.214E-01  6.274E-01  6.239E-01  6.110E-01
  335.5000  6.178E-01  6.331E-01  6.391E-01  6.356E-01  6.227E-01
  336.5000  4.822E-01  4.942E-01  4.989E-01  4.961E-01  4.860E-01
  337.5000  5.273E-01  5.405E-01  5.457E-01  5.427E-01  5.315E-01
  338.5000  5.597E-01  5.735E-01  5.789E-01  5.758E-01  5.641E-01
  339.5000  6.089E-01  6.239E-01  6.297E-01  6.263E-01  6.137E-01
  340.5000  6.497E-01  6.657E-01  6.719E-01  6.683E-01  6.547E-01
  341.5000  5.786E-01  5.927E-01  5.983E-01  5.950E-01  5.831E-01
  342.5000  6.413E-01  6.569E-01  6.630E-01  6.594E-01  6.462E-01
  343.5000  6.654E-01  6.816E-01  6.880E-01  6.842E-01  6.706E-01
  344.5000  4.659E-01  4.772E-01  4.817E-01  4.791E-01  4.695E-01
  345.5000  6.399E-01  6.554E-01  6.614E-01  6.579E-01  6.448E-01
  346.5000  5.976E-01  6.121E-01  6.178E-01  6.144E-01  6.022E-01
  347.5000  5.840E-01  5.981E-01  6.036E-01  6.004E-01  5.885E-01
  348.5000  6.421E-01  6.576E-01  6.636E-01  6.601E-01  6.470E-01
  349.5000  5.380E-01  5.510E-01  5.560E-01  5.531E-01  5.421E-01
  350.5000  7.533E-01  7.714E-01  7.785E-01  7.743E-01  7.590E-01
  351.5000  6.490E-01  6.646E-01  6.707E-01  6.671E-01  6.540E-01
  352.5000  5.854E-01  5.994E-01  6.049E-01  6.017E-01  5.898E-01
  353.5000  7.047E-01  7.216E-01  7.282E-01  7.243E-01  7.101E-01
  354.5000  7.628E-01  7.810E-01  7.881E-01  7.839E-01  7.686E-01
  355.5000  7.128E-01  7.298E-01  7.364E-01  7.325E-01  7.182E-01
  356.5000  6.614E-01  6.771E-01  6.832E-01  6.796E-01  6.664E-01
  357.5000  5.623E-01  5.756E-01  5.809E-01  5.778E-01  5.665E-01
  358.5000  4.339E-01  4.442E-01  4.482E-01  4.458E-01  4.372E-01
  359.5000  7.301E-01  7.474E-01  7.541E-01  7.502E-01  7.356E-01
  360.5000  6.767E-01  6.926E-01  6.989E-01  6.952E-01  6.817E-01
  361.5000  6.100E-01  6.244E-01  6.300E-01  6.267E-01  6.146E-01
  362.5000  7.163E-01  7.331E-01  7.397E-01  7.358E-01  7.216E-01
  363.5000  6.371E-01  6.521E-01  6.579E-01  6.545E-01  6.418E-01
  364.5000  6.949E-01  7.112E-01  7.175E-01  7.138E-01  7.000E-01
  365.5000  8.465E-01  8.664E-01  8.741E-01  8.696E-01  8.528E-01
  366.5000  8.958E-01  9.168E-01  9.250E-01  9.202E-01  9.025E-01
  367.5000  8.505E-01  8.703E-01  8.781E-01  8.735E-01  8.568E-01
  368.5000  7.470E-01  7.644E-01  7.712E-01  7.672E-01  7.525E-01
  369.5000  8.959E-01  9.168E-01  9.249E-01  9.201E-01  9.025E-01
  370.5000  8.127E-01  8.316E-01  8.390E-01  8.346E-01  8.187E-01
  371.5000  9.298E-01  9.514E-01  9.598E-01  9.548E-01  9.366E-01
  372.5000  6.867E-01  7.026E-01  7.088E-01  7.052E-01  6.918E-01
  373.5000  6.206E-01  6.350E-01  6.406E-01  6.373E-01  6.252E-01
  374.5000  6.810E-01  6.968E-01  7.029E-01  6.993E-01  6.860E-01
  375.5000  7.683E-01  7.860E-01  7.930E-01  7.889E-01  7.739E-01
  376.5000  7.671E-01  7.848E-01  7.917E-01  7.876E-01  7.727E-01
  377.5000  9.133E-01  9.344E-01  9.426E-01  9.378E-01  9.200E-01
  378.5000  9.953E-01  1.018E+00  1.027E+00  1.022E+00  1.003E+00
  379.5000  7.363E-01  7.532E-01  7.598E-01  7.559E-01  7.417E-01
  380.5000  8.854E-01  9.057E-01  9.136E-01  9.090E-01  8.918E-01
  381.5000  8.319E-01  8.509E-01  8.584E-01  8.540E-01  8.379E-01
  382.5000  5.542E-01  5.669E-01  5.719E-01  5.690E-01  5.583E-01
  383.5000  4.866E-01  4.977E-01  5.021E-01  4.995E-01  4.902E-01
  384.5000  7.302E-01  7.469E-01  7.534E-01  7.495E-01  7.355E-01
  385.5000  7.223E-01  7.388E-01  7.452E-01  7.415E-01  7.276E-01
  386.5000  7.362E-01  7.530E-01  7.595E-01  7.557E-01  7.416E-01
  387.5000  6.842E-01  6.997E-01  7.058E-01  7.022E-01  6.891E-01
  388.5000  6.857E-01  7.013E-01  7.073E-01  7.038E-01  6.906E-01
  389.5000  8.646E-01  8.842E-01  8.919E-01  8.874E-01  8.708E-01
  390.5000  8.492E-01  8.684E-01  8.759E-01  8.715E-01  8.553E-01
  391.5000  1.007E+00  1.030E+00  1.039E+00  1.034E+00  1.015E+00
  392.5000  7.553E-01  7.724E-01  7.790E-01  7.751E-01  7.607E-01
  393.5000  3.283E-01  3.357E-01  3.386E-01  3.369E-01  3.307E-01
  394.5000  7.725E-01  7.899E-01  7.967E-01  7.927E-01  7.781E-01
  395.5000  9.939E-01  1.016E+00  1.025E+00  1.020E+00  1.001E+00
  396.5000  5.836E-01  5.967E-01  6.018E-01  5.988E-01  5.877E-01
  397.5000  6.733E-01  6.885E-01  6.944E-01  6.909E-01  6.782E-01
  398.5000  1.157E+00  1.183E+00  1.193E+00  1.187E+00  1.165E+00
  399.5000  1.203E+00  1.230E+00  1.241E+00  1.235E+00  1.212E+00
  400.5000  1.265E+00  1.293E+00  1.304E+00  1.298E+00  1.274E+00
  401.5000  1.301E+00  1.330E+00  1.342E+00  1.335E+00  1.311E+00
  402.5000  1.351E+00  1.381E+00  1.393E+00  1.386E+00  1.361E+00
  403.5000  1.236E+00  1.264E+00  1.275E+00  1.268E+00  1.245E+00
  404.5000  1.213E+00  1.240E+00  1.250E+00  1.244E+00  1.221E+00
  405.5000  1.260E+00  1.288E+00  1.299E+00  1.292E+00  1.269E+00
  406.5000  1.186E+00  1.213E+00  1.223E+00  1.217E+00  1.195E+00
  407.5000  1.196E+00  1.223E+00  1.233E+00  1.227E+00  1.204E+00
  408.5000  1.332E+00  1.362E+00  1.373E+00  1.366E+00  1.341E+00
  409.5000  1.306E+00  1.335E+00  1.346E+00  1.339E+00  1.315E+00
  410.5000  1.132E+00  1.157E+00  1.167E+00  1.161E+00  1.140E+00
  411.5000  1.361E+00  1.391E+00  1.403E+00  1.396E+00  1.370E+00
  412.5000  1.349E+00  1.378E+00  1.390E+00  1.383E+00  1.358E+00
  413.5000  1.308E+00  1.337E+00  1.348E+00  1.342E+00  1.317E+00
  414.5000  1.344E+00  1.374E+00  1.385E+00  1.379E+00  1.354E+00
  415.5000  1.286E+00  1.314E+00  1.325E+00  1.319E+00  1.295E+00
  416.5000  1.399E+00  1.430E+00  1.442E+00  1.435E+00  1.409E+00
  417.5000  1.279E+00  1.307E+00  1.318E+00  1.312E+00  1.288E+00
  418.5000  1.289E+00  1.317E+00  1.328E+00  1.322E+00  1.298E+00
  419.5000  1.332E+00  1.361E+00  1.372E+00  1.365E+00  1.341E+00
------------------------------------------------------------
Dose rates, W m-2
   1 = UV-B, 280-315 nm                                  
   2 = UV-A, 315-400 nm                                  
   3 = Gaussian, 320 nm, 10 nm FWHM                      
   4 = RB Meter, model 501                               
   5 = DNA damage, in vitro (Setlow, 1974)               
   6 = UV index (WMO, 1994; Webb et al., 2011)           
   7 = Previtamin-D3 (CIE 2006)                          
values at z =      0.000 km
Columns: time, sza, weighting spectra
time, hrs.  sza, deg.          1          2          3          4          5          6          7
   11.0000     31.628  1.306E+00  5.513E+01  3.269E-01  3.664E-01  3.053E-03  6.799E+00  3.154E-01
   11.5000     29.873  1.365E+00  5.646E+01  3.368E-01  3.839E-01  3.255E-03  7.124E+00  3.325E-01
   12.0000     29.165  1.389E+00  5.697E+01  3.406E-01  3.907E-01  3.336E-03  7.252E+00  3.393E-01
   12.5000     29.583  1.375E+00  5.667E+01  3.384E-01  3.867E-01  3.288E-03  7.177E+00  3.353E-01
   13.0000     31.079  1.325E+00  5.555E+01  3.301E-01  3.720E-01  3.116E-03  6.902E+00  3.208E-01
------------------------------------------------------------
