Spectral Irradiance, W m-2 nm-1
values at z =      0.000 km
Columns: wavelength (nm), times (hrs.) or sza (deg.)
    wc, nm     11.000     11.500     12.000     12.500     13.000
    sza =      72.322     71.588     71.359     71.643     72.433
  280.5000  5.060E-28  5.337E-28  5.428E-28  5.315E-28  5.019E-28
  281.5000  1.708E-25  1.803E-25  1.834E-25  1.796E-25  1.694E-25
  282.5000  1.741E-23  1.840E-23  1.873E-23  1.832E-23  1.726E-23
  283.5000  3.170E-22  3.353E-22  3.414E-22  3.339E-22  3.143E-22
  284.5000  3.869E-20  4.101E-20  4.177E-20  4.082E-20  3.835E-20
  285.5000  8.511E-19  9.036E-19  9.209E-19  8.994E-19  8.434E-19
  286.5000  4.143E-17  4.405E-17  4.492E-17  4.385E-17  4.105E-17
  287.5000  1.155E-15  1.230E-15  1.255E-15  1.224E-15  1.144E-15
  288.5000  3.279E-14  3.503E-14  3.577E-14  3.485E-14  3.246E-14
  289.5000  6.278E-13  6.723E-13  6.871E-13  6.688E-13  6.214E-13
  290.5000  7.243E-12  7.775E-12  7.953E-12  7.733E-12  7.167E-12
  291.5000  7.688E-11  8.283E-11  8.482E-11  8.236E-11  7.603E-11
  292.5000  5.045E-10  5.457E-10  5.597E-10  5.424E-10  4.986E-10
  293.5000  3.809E-09  4.145E-09  4.259E-09  4.118E-09  3.762E-09
  294.5000  1.565E-08  1.715E-08  1.766E-08  1.702E-08  1.544E-08
  295.5000  9.178E-08  1.017E-07  1.052E-07  1.009E-07  9.042E-08
  296.5000  3.355E-07  3.770E-07  3.919E-07  3.736E-07  3.299E-07
  297.5000  1.280E-06  1.463E-06  1.528E-06  1.447E-06  1.256E-06
  298.5000  2.848E-06  3.305E-06  3.470E-06  3.267E-06  2.787E-06
  299.5000  1.201E-05  1.414E-05  1.490E-05  1.396E-05  1.173E-05
  300.5000  1.907E-05  2.262E-05  2.389E-05  2.233E-05  1.859E-05
  301.5000  7.003E-05  8.339E-05  8.810E-05  8.230E-05  6.821E-05
  302.5000  1.337E-04  1.591E-04  1.679E-04  1.570E-04  1.302E-04
  303.5000  3.884E-04  4.594E-04  4.838E-04  4.537E-04  3.785E-04
  304.5000  5.836E-04  6.866E-04  7.218E-04  6.784E-04  5.691E-04
  305.5000  1.260E-03  1.466E-03  1.536E-03  1.450E-03  1.231E-03
  306.5000  1.631E-03  1.887E-03  1.973E-03  1.867E-03  1.594E-03
  307.5000  3.594E-03  4.107E-03  4.276E-03  4.066E-03  3.520E-03
  308.5000  4.740E-03  5.387E-03  5.601E-03  5.336E-03  4.646E-03
  309.5000  5.568E-03  6.267E-03  6.495E-03  6.212E-03  5.466E-03
  310.5000  9.329E-03  1.042E-02  1.078E-02  1.034E-02  9.169E-03
  311.5000  1.377E-02  1.530E-02  1.580E-02  1.518E-02  1.354E-02
  312.5000  1.720E-02  1.894E-02  1.950E-02  1.880E-02  1.695E-02
  313.5000  2.069E-02  2.272E-02  2.338E-02  2.257E-02  2.038E-02
  314.5000  2.558E-02  2.786E-02  2.859E-02  2.769E-02  2.524E-02
  315.5000  2.737E-02  2.977E-02  3.054E-02  2.959E-02  2.701E-02
  316.5000  3.217E-02  3.475E-02  3.557E-02  3.455E-02  3.178E-02
  317.5000  4.556E-02  4.922E-02  5.039E-02  4.894E-02  4.501E-02
  318.5000  4.172E-02  4.479E-02  4.576E-02  4.455E-02  4.126E-02
  319.5000  5.242E-02  5.622E-02  5.742E-02  5.593E-02  5.186E-02
  320.5000  6.610E-02  7.078E-02  7.226E-02  7.042E-02  6.539E-02
  321.5000  6.445E-02  6.860E-02  6.992E-02  6.829E-02  6.382E-02
  322.5000  5.843E-02  6.248E-02  6.377E-02  6.218E-02  5.782E-02
  323.5000  7.116E-02  7.555E-02  7.693E-02  7.521E-02  7.049E-02
  324.5000  8.307E-02  8.822E-02  8.985E-02  8.783E-02  8.229E-02
  325.5000  9.121E-02  9.697E-02  9.879E-02  9.653E-02  9.034E-02
  326.5000  1.235E-01  1.307E-01  1.329E-01  1.301E-01  1.224E-01
  327.5000  1.111E-01  1.177E-01  1.198E-01  1.172E-01  1.101E-01
  328.5000  1.028E-01  1.089E-01  1.109E-01  1.085E-01  1.019E-01
  329.5000  1.448E-01  1.528E-01  1.554E-01  1.522E-01  1.435E-01
  330.5000  1.274E-01  1.347E-01  1.370E-01  1.341E-01  1.263E-01
  331.5000  1.251E-01  1.324E-01  1.346E-01  1.318E-01  1.240E-01
  332.5000  1.308E-01  1.380E-01  1.403E-01  1.374E-01  1.297E-01
  333.5000  1.200E-01  1.267E-01  1.289E-01  1.262E-01  1.190E-01
  334.5000  1.360E-01  1.435E-01  1.459E-01  1.429E-01  1.348E-01
  335.5000  1.419E-01  1.495E-01  1.520E-01  1.490E-01  1.407E-01
  336.5000  1.101E-01  1.161E-01  1.180E-01  1.157E-01  1.092E-01
  337.5000  1.187E-01  1.253E-01  1.274E-01  1.248E-01  1.177E-01
  338.5000  1.291E-01  1.361E-01  1.383E-01  1.356E-01  1.280E-01
  339.5000  1.410E-01  1.487E-01  1.511E-01  1.481E-01  1.399E-01
  340.5000  1.494E-01  1.575E-01  1.601E-01  1.569E-01  1.481E-01
  341.5000  1.348E-01  1.421E-01  1.443E-01  1.415E-01  1.337E-01
  342.5000  1.499E-01  1.579E-01  1.605E-01  1.573E-01  1.487E-01
  343.5000  1.551E-01  1.635E-01  1.661E-01  1.628E-01  1.538E-01
  344.5000  1.082E-01  1.141E-01  1.159E-01  1.136E-01  1.073E-01
  345.5000  1.505E-01  1.586E-01  1.612E-01  1.580E-01  1.493E-01
  346.5000  1.398E-01  1.473E-01  1.497E-01  1.468E-01  1.386E-01
  347.5000  1.369E-01  1.443E-01  1.466E-01  1.437E-01  1.357E-01
  348.5000  1.511E-01  1.592E-01  1.617E-01  1.586E-01  1.498E-01
  349.5000  1.267E-01  1.335E-01  1.356E-01  1.330E-01  1.256E-01
  350.5000  1.777E-01  1.872E-01  1.903E-01  1.865E-01  1.762E-01
  351.5000  1.531E-01  1.614E-01  1.640E-01  1.608E-01  1.519E-01
  352.5000  1.384E-01  1.458E-01  1.482E-01  1.453E-01  1.373E-01
  353.5000  1.670E-01  1.760E-01  1.788E-01  1.753E-01  1.657E-01
  354.5000  1.812E-01  1.909E-01  1.940E-01  1.902E-01  1.797E-01
  355.5000  1.695E-01  1.787E-01  1.815E-01  1.780E-01  1.682E-01
  356.5000  1.575E-01  1.660E-01  1.686E-01  1.653E-01  1.562E-01
  357.5000  1.340E-01  1.412E-01  1.435E-01  1.407E-01  1.329E-01
  358.5000  1.036E-01  1.092E-01  1.109E-01  1.088E-01  1.028E-01
  359.5000  1.746E-01  1.839E-01  1.869E-01  1.832E-01  1.731E-01
  360.5000  1.620E-01  1.707E-01  1.734E-01  1.700E-01  1.607E-01
  361.5000  1.463E-01  1.541E-01  1.566E-01  1.535E-01  1.451E-01
  362.5000  1.720E-01  1.812E-01  1.841E-01  1.805E-01  1.706E-01
  363.5000  1.532E-01  1.614E-01  1.640E-01  1.608E-01  1.519E-01
  364.5000  1.673E-01  1.763E-01  1.791E-01  1.756E-01  1.659E-01
  365.5000  2.040E-01  2.150E-01  2.184E-01  2.141E-01  2.023E-01
  366.5000  2.162E-01  2.278E-01  2.315E-01  2.269E-01  2.144E-01
  367.5000  2.055E-01  2.166E-01  2.200E-01  2.157E-01  2.039E-01
  368.5000  1.808E-01  1.905E-01  1.935E-01  1.897E-01  1.793E-01
  369.5000  2.171E-01  2.287E-01  2.324E-01  2.278E-01  2.153E-01
  370.5000  1.971E-01  2.077E-01  2.111E-01  2.069E-01  1.955E-01
  371.5000  2.258E-01  2.380E-01  2.418E-01  2.370E-01  2.240E-01
  372.5000  1.670E-01  1.760E-01  1.788E-01  1.753E-01  1.657E-01
  373.5000  1.511E-01  1.592E-01  1.618E-01  1.586E-01  1.499E-01
  374.5000  1.660E-01  1.750E-01  1.778E-01  1.743E-01  1.647E-01
  375.5000  1.876E-01  1.976E-01  2.008E-01  1.969E-01  1.860E-01
  376.5000  1.875E-01  1.976E-01  2.007E-01  1.968E-01  1.860E-01
  377.5000  2.235E-01  2.355E-01  2.393E-01  2.346E-01  2.217E-01
  378.5000  2.439E-01  2.570E-01  2.611E-01  2.560E-01  2.419E-01
  379.5000  1.807E-01  1.904E-01  1.934E-01  1.896E-01  1.792E-01
  380.5000  2.175E-01  2.292E-01  2.329E-01  2.283E-01  2.157E-01
  381.5000  2.046E-01  2.156E-01  2.191E-01  2.148E-01  2.030E-01
  382.5000  1.365E-01  1.438E-01  1.461E-01  1.433E-01  1.354E-01
  383.5000  1.200E-01  1.264E-01  1.285E-01  1.260E-01  1.190E-01
  384.5000  1.803E-01  1.900E-01  1.930E-01  1.892E-01  1.788E-01
  385.5000  1.786E-01  1.882E-01  1.912E-01  1.874E-01  1.771E-01
  386.5000  1.823E-01  1.920E-01  1.951E-01  1.913E-01  1.808E-01
  387.5000  1.696E-01  1.787E-01  1.815E-01  1.780E-01  1.682E-01
  388.5000  1.702E-01  1.793E-01  1.821E-01  1.786E-01  1.688E-01
  389.5000  2.148E-01  2.263E-01  2.300E-01  2.255E-01  2.131E-01
  390.5000  2.113E-01  2.226E-01  2.261E-01  2.217E-01  2.095E-01
  391.5000  2.509E-01  2.644E-01  2.686E-01  2.633E-01  2.489E-01
  392.5000  1.884E-01  1.985E-01  2.016E-01  1.977E-01  1.868E-01
  393.5000  8.199E-02  8.638E-02  8.776E-02  8.605E-02  8.133E-02
  394.5000  1.932E-01  2.035E-01  2.067E-01  2.027E-01  1.916E-01
  395.5000  2.488E-01  2.621E-01  2.663E-01  2.611E-01  2.468E-01
  396.5000  1.463E-01  1.541E-01  1.565E-01  1.535E-01  1.451E-01
  397.5000  1.690E-01  1.780E-01  1.809E-01  1.773E-01  1.676E-01
  398.5000  2.907E-01  3.063E-01  3.111E-01  3.051E-01  2.884E-01
  399.5000  3.028E-01  3.189E-01  3.240E-01  3.177E-01  3.003E-01
  400.5000  3.187E-01  3.357E-01  3.410E-01  3.344E-01  3.161E-01
  401.5000  3.282E-01  3.457E-01  3.512E-01  3.444E-01  3.256E-01
  402.5000  3.411E-01  3.593E-01  3.651E-01  3.580E-01  3.384E-01
  403.5000  3.126E-01  3.293E-01  3.345E-01  3.280E-01  3.101E-01
  404.5000  3.070E-01  3.233E-01  3.285E-01  3.221E-01  3.045E-01
  405.5000  3.193E-01  3.363E-01  3.416E-01  3.350E-01  3.167E-01
  406.5000  3.011E-01  3.171E-01  3.221E-01  3.159E-01  2.986E-01
  407.5000  3.039E-01  3.200E-01  3.251E-01  3.188E-01  3.014E-01
  408.5000  3.388E-01  3.568E-01  3.625E-01  3.555E-01  3.361E-01
  409.5000  3.325E-01  3.502E-01  3.557E-01  3.489E-01  3.298E-01
  410.5000  2.887E-01  3.040E-01  3.088E-01  3.029E-01  2.863E-01
  411.5000  3.474E-01  3.659E-01  3.716E-01  3.645E-01  3.446E-01
  412.5000  3.447E-01  3.630E-01  3.688E-01  3.616E-01  3.419E-01
  413.5000  3.347E-01  3.525E-01  3.581E-01  3.512E-01  3.320E-01
  414.5000  3.444E-01  3.627E-01  3.684E-01  3.613E-01  3.416E-01
  415.5000  3.298E-01  3.473E-01  3.528E-01  3.460E-01  3.271E-01
  416.5000  3.593E-01  3.784E-01  3.844E-01  3.769E-01  3.564E-01
  417.5000  3.288E-01  3.463E-01  3.517E-01  3.450E-01  3.262E-01
  418.5000  3.318E-01  3.494E-01  3.549E-01  3.481E-01  3.291E-01
  419.5000  3.432E-01  3.613E-01  3.670E-01  3.600E-01  3.404E-01
------------------------------------------------------------
Dose rates, W m-2
   1 = UV-B, 280-315 nm                                  
   2 = UV-A, 315-400 nm                                  
   3 = Gaussian, 320 nm, 10 nm FWHM                      
   4 = RB Meter, model 501                               
   5 = DNA damage, in vitro (Setlow, 1974)               
   6 = UV index (WMO, 1994; Webb et al., 2011)           
   7 = Previtamin-D3 (CIE 2006)                          
values at z =      0.000 km
Columns: time, sza, weighting spectra
time, hrs.  sza, deg.          1          2          3          4          5          6          7
   11.0000     72.322  1.046E-01  1.297E+01  5.681E-02  3.231E-02  1.455E-04  6.873E-01  1.825E-02
   11.5000     71.588  1.158E-01  1.368E+01  6.072E-02  3.534E-02  1.616E-04  7.440E-01  2.037E-02
   12.0000     71.359  1.194E-01  1.390E+01  6.196E-02  3.632E-02  1.669E-04  7.623E-01  2.107E-02
   12.5000     71.643  1.149E-01  1.362E+01  6.042E-02  3.511E-02  1.604E-04  7.396E-01  2.021E-02
   13.0000     72.433  1.029E-01  1.286E+01  5.622E-02  3.187E-02  1.432E-04  6.789E-01  1.794E-02
------------------------------------------------------------
