Spectral Irradiance, W m-2 nm-1
values at z =      0.000 km
Columns: wavelength (nm), times (hrs.) or sza (deg.)
    wc, nm     11.000     11.500     12.000     12.500     13.000
    sza =      40.755     38.585     37.731     38.278     40.168
  280.5000  2.362E-17  7.075E-17  1.058E-16  8.193E-17  3.214E-17
  281.5000  1.376E-15  3.739E-15  5.393E-15  4.274E-15  1.822E-15
  282.5000  3.092E-14  7.726E-14  1.081E-13  8.731E-14  3.998E-14
  283.5000  2.116E-13  5.006E-13  6.864E-13  5.616E-13  2.694E-13
  284.5000  4.241E-12  9.086E-12  1.201E-11  1.006E-11  5.251E-12
  285.5000  2.438E-11  4.853E-11  6.247E-11  5.321E-11  2.957E-11
  286.5000  4.217E-10  7.935E-10  1.001E-09  8.635E-10  5.035E-10
  287.5000  3.690E-09  6.524E-09  8.040E-09  7.040E-09  4.330E-09
  288.5000  2.928E-08  4.835E-08  5.813E-08  5.171E-08  3.370E-08
  289.5000  2.232E-07  3.512E-07  4.147E-07  3.731E-07  2.534E-07
  290.5000  1.177E-06  1.778E-06  2.069E-06  1.879E-06  1.322E-06
  291.5000  5.063E-06  7.301E-06  8.352E-06  7.668E-06  5.610E-06
  292.5000  1.561E-05  2.168E-05  2.446E-05  2.265E-05  1.712E-05
  293.5000  5.683E-05  7.616E-05  8.330E-05  7.920E-05  6.169E-05
  294.5000  1.294E-04  1.686E-04  1.859E-04  1.747E-04  1.394E-04
  295.5000  3.937E-04  4.982E-04  5.432E-04  5.141E-04  4.205E-04
  296.5000  8.051E-04  9.941E-04  1.074E-03  1.023E-03  8.541E-04
  297.5000  1.773E-03  2.143E-03  2.298E-03  2.198E-03  1.870E-03
  298.5000  2.377E-03  2.821E-03  3.005E-03  2.887E-03  2.493E-03
  299.5000  5.919E-03  6.908E-03  7.312E-03  7.053E-03  6.181E-03
  300.5000  6.039E-03  6.957E-03  7.329E-03  7.090E-03  6.283E-03
  301.5000  1.314E-02  1.493E-02  1.565E-02  1.519E-02  1.362E-02
  302.5000  1.740E-02  1.959E-02  2.046E-02  1.965E-02  1.799E-02
  303.5000  3.190E-02  3.551E-02  3.694E-02  3.602E-02  3.287E-02
  304.5000  3.639E-02  4.026E-02  4.178E-02  4.081E-02  3.743E-02
  305.5000  5.118E-02  5.608E-02  5.802E-02  5.678E-02  5.250E-02
  306.5000  5.493E-02  5.996E-02  6.193E-02  6.067E-02  5.629E-02
  307.5000  8.346E-02  9.040E-02  9.311E-02  9.138E-02  8.535E-02
  308.5000  9.537E-02  1.030E-01  1.060E-01  1.032E-01  9.744E-02
  309.5000  8.700E-02  9.347E-02  9.599E-02  9.438E-02  8.876E-02
  310.5000  1.214E-01  1.300E-01  1.333E-01  1.312E-01  1.238E-01
  311.5000  1.589E-01  1.697E-01  1.738E-01  1.712E-01  1.618E-01
  312.5000  1.595E-01  1.696E-01  1.735E-01  1.710E-01  1.623E-01
  313.5000  1.822E-01  1.936E-01  1.979E-01  1.951E-01  1.853E-01
  314.5000  1.865E-01  1.974E-01  2.016E-01  1.989E-01  1.895E-01
  315.5000  1.935E-01  2.047E-01  2.090E-01  2.062E-01  1.966E-01
  316.5000  1.963E-01  2.070E-01  2.112E-01  2.085E-01  1.992E-01
  317.5000  2.777E-01  2.929E-01  2.987E-01  2.950E-01  2.819E-01
  318.5000  2.221E-01  2.336E-01  2.380E-01  2.352E-01  2.252E-01
  319.5000  2.719E-01  2.859E-01  2.912E-01  2.878E-01  2.757E-01
  320.5000  3.322E-01  3.490E-01  3.554E-01  3.513E-01  3.363E-01
  321.5000  2.861E-01  2.999E-01  3.052E-01  3.018E-01  2.899E-01
  322.5000  2.851E-01  2.993E-01  3.048E-01  3.013E-01  2.890E-01
  323.5000  2.987E-01  3.127E-01  3.180E-01  3.146E-01  3.025E-01
  324.5000  3.504E-01  3.669E-01  3.732E-01  3.692E-01  3.549E-01
  325.5000  3.921E-01  4.106E-01  4.177E-01  4.132E-01  3.972E-01
  326.5000  4.795E-01  5.011E-01  5.094E-01  5.041E-01  4.854E-01
  327.5000  4.453E-01  4.656E-01  4.734E-01  4.685E-01  4.509E-01
  328.5000  4.113E-01  4.300E-01  4.372E-01  4.327E-01  4.165E-01
  329.5000  5.369E-01  5.605E-01  5.696E-01  5.638E-01  5.434E-01
  330.5000  4.870E-01  5.087E-01  5.170E-01  5.117E-01  4.929E-01
  331.5000  4.811E-01  5.025E-01  5.108E-01  5.055E-01  4.870E-01
  332.5000  4.760E-01  4.967E-01  5.046E-01  4.996E-01  4.817E-01
  333.5000  4.465E-01  4.661E-01  4.737E-01  4.689E-01  4.519E-01
  334.5000  4.995E-01  5.213E-01  5.296E-01  5.243E-01  5.055E-01
  335.5000  5.074E-01  5.292E-01  5.376E-01  5.323E-01  5.134E-01
  336.5000  3.965E-01  4.136E-01  4.202E-01  4.160E-01  4.012E-01
  337.5000  4.348E-01  4.536E-01  4.609E-01  4.563E-01  4.400E-01
  338.5000  4.599E-01  4.796E-01  4.871E-01  4.823E-01  4.653E-01
  339.5000  5.002E-01  5.215E-01  5.297E-01  5.245E-01  5.061E-01
  340.5000  5.345E-01  5.574E-01  5.661E-01  5.605E-01  5.408E-01
  341.5000  4.753E-01  4.954E-01  5.031E-01  4.982E-01  4.808E-01
  342.5000  5.267E-01  5.489E-01  5.575E-01  5.520E-01  5.328E-01
  343.5000  5.470E-01  5.701E-01  5.790E-01  5.733E-01  5.533E-01
  344.5000  3.833E-01  3.995E-01  4.057E-01  4.018E-01  3.878E-01
  345.5000  5.257E-01  5.478E-01  5.562E-01  5.508E-01  5.318E-01
  346.5000  4.916E-01  5.123E-01  5.202E-01  5.151E-01  4.972E-01
  347.5000  4.804E-01  5.006E-01  5.083E-01  5.034E-01  4.859E-01
  348.5000  5.281E-01  5.502E-01  5.587E-01  5.533E-01  5.342E-01
  349.5000  4.426E-01  4.611E-01  4.682E-01  4.637E-01  4.477E-01
  350.5000  6.198E-01  6.457E-01  6.556E-01  6.493E-01  6.269E-01
  351.5000  5.342E-01  5.565E-01  5.650E-01  5.596E-01  5.403E-01
  352.5000  4.819E-01  5.019E-01  5.096E-01  5.047E-01  4.874E-01
  353.5000  5.801E-01  6.042E-01  6.134E-01  6.076E-01  5.868E-01
  354.5000  6.280E-01  6.540E-01  6.639E-01  6.576E-01  6.351E-01
  355.5000  5.869E-01  6.112E-01  6.205E-01  6.145E-01  5.936E-01
  356.5000  5.447E-01  5.672E-01  5.758E-01  5.703E-01  5.509E-01
  357.5000  4.632E-01  4.823E-01  4.896E-01  4.850E-01  4.685E-01
  358.5000  3.575E-01  3.722E-01  3.778E-01  3.742E-01  3.615E-01
  359.5000  6.017E-01  6.264E-01  6.358E-01  6.298E-01  6.085E-01
  360.5000  5.577E-01  5.806E-01  5.893E-01  5.838E-01  5.640E-01
  361.5000  5.029E-01  5.234E-01  5.313E-01  5.263E-01  5.085E-01
  362.5000  5.906E-01  6.147E-01  6.239E-01  6.180E-01  5.972E-01
  363.5000  5.254E-01  5.468E-01  5.550E-01  5.498E-01  5.313E-01
  364.5000  5.731E-01  5.965E-01  6.054E-01  5.997E-01  5.796E-01
  365.5000  6.984E-01  7.268E-01  7.377E-01  7.308E-01  7.062E-01
  366.5000  7.392E-01  7.692E-01  7.807E-01  7.734E-01  7.474E-01
  367.5000  7.019E-01  7.303E-01  7.412E-01  7.343E-01  7.097E-01
  368.5000  6.166E-01  6.416E-01  6.511E-01  6.450E-01  6.235E-01
  369.5000  7.397E-01  7.696E-01  7.810E-01  7.737E-01  7.479E-01
  370.5000  6.711E-01  6.982E-01  7.085E-01  7.019E-01  6.786E-01
  371.5000  7.679E-01  7.989E-01  8.107E-01  8.032E-01  7.764E-01
  372.5000  5.673E-01  5.901E-01  5.988E-01  5.933E-01  5.735E-01
  373.5000  5.128E-01  5.334E-01  5.412E-01  5.362E-01  5.184E-01
  374.5000  5.628E-01  5.854E-01  5.940E-01  5.885E-01  5.690E-01
  375.5000  6.350E-01  6.605E-01  6.702E-01  6.640E-01  6.420E-01
  376.5000  6.342E-01  6.595E-01  6.692E-01  6.630E-01  6.411E-01
  377.5000  7.552E-01  7.854E-01  7.969E-01  7.895E-01  7.635E-01
  378.5000  8.231E-01  8.560E-01  8.685E-01  8.605E-01  8.322E-01
  379.5000  6.090E-01  6.333E-01  6.426E-01  6.366E-01  6.157E-01
  380.5000  7.325E-01  7.616E-01  7.727E-01  7.656E-01  7.405E-01
  381.5000  6.883E-01  7.157E-01  7.261E-01  7.194E-01  6.958E-01
  382.5000  4.587E-01  4.769E-01  4.838E-01  4.794E-01  4.637E-01
  383.5000  4.028E-01  4.187E-01  4.248E-01  4.210E-01  4.072E-01
  384.5000  6.045E-01  6.284E-01  6.376E-01  6.317E-01  6.111E-01
  385.5000  5.981E-01  6.217E-01  6.308E-01  6.250E-01  6.046E-01
  386.5000  6.097E-01  6.338E-01  6.430E-01  6.371E-01  6.163E-01
  387.5000  5.667E-01  5.890E-01  5.975E-01  5.921E-01  5.728E-01
  388.5000  5.680E-01  5.904E-01  5.989E-01  5.935E-01  5.742E-01
  389.5000  7.164E-01  7.445E-01  7.553E-01  7.484E-01  7.241E-01
  390.5000  7.037E-01  7.313E-01  7.419E-01  7.351E-01  7.113E-01
  391.5000  8.349E-01  8.676E-01  8.801E-01  8.721E-01  8.439E-01
  392.5000  6.261E-01  6.506E-01  6.600E-01  6.540E-01  6.329E-01
  393.5000  2.722E-01  2.829E-01  2.869E-01  2.843E-01  2.752E-01
  394.5000  6.406E-01  6.656E-01  6.752E-01  6.691E-01  6.475E-01
  395.5000  8.243E-01  8.564E-01  8.687E-01  8.609E-01  8.332E-01
  396.5000  4.841E-01  5.029E-01  5.101E-01  5.055E-01  4.893E-01
  397.5000  5.586E-01  5.804E-01  5.887E-01  5.834E-01  5.646E-01
  398.5000  9.600E-01  9.973E-01  1.012E+00  1.002E+00  9.703E-01
  399.5000  9.986E-01  1.037E+00  1.052E+00  1.043E+00  1.009E+00
  400.5000  1.050E+00  1.091E+00  1.106E+00  1.096E+00  1.061E+00
  401.5000  1.080E+00  1.122E+00  1.138E+00  1.128E+00  1.092E+00
  402.5000  1.122E+00  1.165E+00  1.182E+00  1.171E+00  1.134E+00
  403.5000  1.027E+00  1.066E+00  1.082E+00  1.072E+00  1.038E+00
  404.5000  1.007E+00  1.046E+00  1.061E+00  1.051E+00  1.018E+00
  405.5000  1.046E+00  1.087E+00  1.102E+00  1.092E+00  1.057E+00
  406.5000  9.856E-01  1.024E+00  1.038E+00  1.029E+00  9.960E-01
  407.5000  9.938E-01  1.032E+00  1.047E+00  1.037E+00  1.004E+00
  408.5000  1.107E+00  1.149E+00  1.166E+00  1.155E+00  1.119E+00
  409.5000  1.085E+00  1.127E+00  1.143E+00  1.133E+00  1.097E+00
  410.5000  9.412E-01  9.772E-01  9.909E-01  9.822E-01  9.511E-01
  411.5000  1.131E+00  1.175E+00  1.191E+00  1.181E+00  1.143E+00
  412.5000  1.121E+00  1.164E+00  1.181E+00  1.170E+00  1.133E+00
  413.5000  1.088E+00  1.129E+00  1.145E+00  1.135E+00  1.099E+00
  414.5000  1.118E+00  1.161E+00  1.177E+00  1.167E+00  1.130E+00
  415.5000  1.069E+00  1.110E+00  1.126E+00  1.116E+00  1.081E+00
  416.5000  1.164E+00  1.208E+00  1.225E+00  1.214E+00  1.176E+00
  417.5000  1.064E+00  1.105E+00  1.120E+00  1.110E+00  1.075E+00
  418.5000  1.073E+00  1.113E+00  1.129E+00  1.119E+00  1.084E+00
  419.5000  1.108E+00  1.150E+00  1.166E+00  1.156E+00  1.120E+00
------------------------------------------------------------
Dose rates, W m-2
   1 = UV-B, 280-315 nm                                  
   2 = UV-A, 315-400 nm                                  
   3 = Gaussian, 320 nm, 10 nm FWHM                      
   4 = RB Meter, model 501                               
   5 = DNA damage, in vitro (Setlow, 1974)               
   6 = UV index (WMO, 1994; Webb et al., 2011)           
   7 = Previtamin-D3 (CIE 2006)                          
values at z =      0.000 km
Columns: time, sza, weighting spectra
time, hrs.  sza, deg.          1          2          3          4          5          6          7
   11.0000     40.755  1.297E+00  4.563E+01  2.801E-01  3.738E-01  3.776E-03  7.023E+00  3.428E-01
   11.5000     38.585  1.394E+00  4.753E+01  2.943E-01  4.039E-01  4.211E-03  7.611E+00  3.738E-01
   12.0000     37.731  1.432E+00  4.826E+01  2.997E-01  4.157E-01  4.386E-03  7.844E+00  3.860E-01
   12.5000     38.278  1.407E+00  4.779E+01  2.963E-01  4.078E-01  4.268E-03  7.688E+00  3.777E-01
   13.0000     40.168  1.323E+00  4.616E+01  2.839E-01  3.819E-01  3.893E-03  7.182E+00  3.512E-01
------------------------------------------------------------
