Spectral Irradiance, W m-2 nm-1
values at z =      0.000 km
Columns: wavelength (nm), times (hrs.) or sza (deg.)
    wc, nm     11.000     11.500     12.000     12.500     13.000
    sza =      31.787     28.901     27.702     28.405     30.879
  280.5000  1.486E-11  2.881E-11  3.693E-11  3.198E-11  1.849E-11
  281.5000  2.565E-10  4.695E-10  5.891E-10  5.166E-10  3.131E-10
  282.5000  2.026E-09  3.530E-09  4.350E-09  3.855E-09  2.433E-09
  283.5000  7.031E-09  1.187E-08  1.444E-08  1.289E-08  8.356E-09
  284.5000  4.091E-08  6.514E-08  7.759E-08  7.012E-08  4.769E-08
  285.5000  9.421E-08  1.437E-07  1.684E-07  1.536E-07  1.083E-07
  286.5000  8.068E-07  1.190E-06  1.378E-06  1.266E-06  9.172E-07
  287.5000  3.237E-06  4.604E-06  5.256E-06  4.868E-06  3.636E-06
  288.5000  1.072E-05  1.504E-05  1.692E-05  1.581E-05  1.220E-05
  289.5000  4.576E-05  6.078E-05  6.764E-05  6.358E-05  5.025E-05
  290.5000  1.450E-04  1.880E-04  2.074E-04  1.959E-04  1.580E-04
  291.5000  3.500E-04  4.417E-04  4.821E-04  4.583E-04  3.779E-04
  292.5000  6.727E-04  8.303E-04  8.988E-04  8.584E-04  7.210E-04
  293.5000  1.569E-03  1.897E-03  2.037E-03  1.955E-03  1.671E-03
  294.5000  2.522E-03  2.999E-03  3.201E-03  3.082E-03  2.670E-03
  295.5000  5.301E-03  6.194E-03  6.568E-03  6.349E-03  5.580E-03
  296.5000  7.975E-03  9.184E-03  9.686E-03  9.392E-03  8.354E-03
  297.5000  1.342E-02  1.526E-02  1.601E-02  1.557E-02  1.400E-02
  298.5000  1.433E-02  1.612E-02  1.686E-02  1.643E-02  1.490E-02
  299.5000  2.882E-02  3.210E-02  3.343E-02  3.265E-02  2.986E-02
  300.5000  2.496E-02  2.758E-02  2.865E-02  2.803E-02  2.579E-02
  301.5000  4.548E-02  4.984E-02  5.160E-02  5.058E-02  4.687E-02
  302.5000  5.360E-02  5.842E-02  6.036E-02  5.923E-02  5.514E-02
  303.5000  8.564E-02  9.274E-02  9.558E-02  9.393E-02  8.791E-02
  304.5000  9.026E-02  9.738E-02  1.002E-01  9.856E-02  9.254E-02
  305.5000  1.129E-01  1.211E-01  1.244E-01  1.224E-01  1.155E-01
  306.5000  1.152E-01  1.232E-01  1.265E-01  1.246E-01  1.177E-01
  307.5000  1.588E-01  1.692E-01  1.733E-01  1.709E-01  1.622E-01
  308.5000  1.749E-01  1.859E-01  1.903E-01  1.878E-01  1.784E-01
  309.5000  1.497E-01  1.587E-01  1.622E-01  1.602E-01  1.526E-01
  310.5000  1.996E-01  2.112E-01  2.157E-01  2.131E-01  2.033E-01
  311.5000  2.534E-01  2.677E-01  2.733E-01  2.700E-01  2.580E-01
  312.5000  2.412E-01  2.541E-01  2.592E-01  2.562E-01  2.454E-01
  313.5000  2.720E-01  2.864E-01  2.920E-01  2.887E-01  2.766E-01
  314.5000  2.661E-01  2.795E-01  2.848E-01  2.817E-01  2.704E-01
  315.5000  2.738E-01  2.875E-01  2.929E-01  2.898E-01  2.782E-01
  316.5000  2.681E-01  2.811E-01  2.862E-01  2.832E-01  2.723E-01
  317.5000  3.791E-01  3.974E-01  4.046E-01  4.004E-01  3.850E-01
  318.5000  2.936E-01  3.072E-01  3.126E-01  3.095E-01  2.980E-01
  319.5000  3.571E-01  3.736E-01  3.800E-01  3.763E-01  3.624E-01
  320.5000  4.329E-01  4.527E-01  4.605E-01  4.559E-01  4.393E-01
  321.5000  3.621E-01  3.781E-01  3.844E-01  3.808E-01  3.673E-01
  322.5000  3.688E-01  3.855E-01  3.921E-01  3.882E-01  3.742E-01
  323.5000  3.729E-01  3.891E-01  3.954E-01  3.917E-01  3.781E-01
  324.5000  4.379E-01  4.569E-01  4.644E-01  4.601E-01  4.441E-01
  325.5000  4.921E-01  5.135E-01  5.220E-01  5.170E-01  4.990E-01
  326.5000  5.875E-01  6.124E-01  6.221E-01  6.164E-01  5.955E-01
  327.5000  5.496E-01  5.730E-01  5.822E-01  5.769E-01  5.571E-01
  328.5000  5.074E-01  5.290E-01  5.372E-01  5.325E-01  5.143E-01
  329.5000  6.506E-01  6.777E-01  6.883E-01  6.822E-01  6.594E-01
  330.5000  5.942E-01  6.192E-01  6.289E-01  6.232E-01  6.023E-01
  331.5000  5.878E-01  6.124E-01  6.221E-01  6.165E-01  5.957E-01
  332.5000  5.741E-01  5.978E-01  6.071E-01  6.017E-01  5.818E-01
  333.5000  5.414E-01  5.638E-01  5.726E-01  5.675E-01  5.486E-01
  334.5000  6.037E-01  6.287E-01  6.384E-01  6.328E-01  6.118E-01
  335.5000  6.095E-01  6.344E-01  6.442E-01  6.385E-01  6.176E-01
  336.5000  4.770E-01  4.966E-01  5.042E-01  4.998E-01  4.834E-01
  337.5000  5.251E-01  5.467E-01  5.551E-01  5.502E-01  5.321E-01
  338.5000  5.519E-01  5.744E-01  5.832E-01  5.780E-01  5.591E-01
  339.5000  5.996E-01  6.239E-01  6.335E-01  6.279E-01  6.075E-01
  340.5000  6.420E-01  6.681E-01  6.783E-01  6.724E-01  6.504E-01
  341.5000  5.689E-01  5.919E-01  6.009E-01  5.957E-01  5.763E-01
  342.5000  6.299E-01  6.554E-01  6.653E-01  6.595E-01  6.382E-01
  343.5000  6.548E-01  6.812E-01  6.915E-01  6.855E-01  6.633E-01
  344.5000  4.593E-01  4.778E-01  4.851E-01  4.808E-01  4.653E-01
  345.5000  6.279E-01  6.531E-01  6.629E-01  6.572E-01  6.360E-01
  346.5000  5.881E-01  6.117E-01  6.209E-01  6.155E-01  5.957E-01
  347.5000  5.744E-01  5.974E-01  6.065E-01  6.012E-01  5.819E-01
  348.5000  6.310E-01  6.562E-01  6.661E-01  6.603E-01  6.391E-01
  349.5000  5.288E-01  5.499E-01  5.581E-01  5.533E-01  5.356E-01
  350.5000  7.402E-01  7.696E-01  7.812E-01  7.745E-01  7.497E-01
  351.5000  6.380E-01  6.634E-01  6.733E-01  6.675E-01  6.462E-01
  352.5000  5.752E-01  5.981E-01  6.070E-01  6.018E-01  5.826E-01
  353.5000  6.922E-01  7.196E-01  7.304E-01  7.241E-01  7.010E-01
  354.5000  7.489E-01  7.785E-01  7.901E-01  7.834E-01  7.585E-01
  355.5000  6.998E-01  7.274E-01  7.382E-01  7.319E-01  7.087E-01
  356.5000  6.493E-01  6.749E-01  6.850E-01  6.791E-01  6.576E-01
  357.5000  5.521E-01  5.739E-01  5.824E-01  5.774E-01  5.591E-01
  358.5000  4.259E-01  4.427E-01  4.493E-01  4.454E-01  4.314E-01
  359.5000  7.168E-01  7.449E-01  7.559E-01  7.495E-01  7.259E-01
  360.5000  6.643E-01  6.903E-01  7.005E-01  6.946E-01  6.727E-01
  361.5000  5.988E-01  6.222E-01  6.314E-01  6.261E-01  6.064E-01
  362.5000  7.030E-01  7.305E-01  7.413E-01  7.350E-01  7.119E-01
  363.5000  6.253E-01  6.497E-01  6.593E-01  6.537E-01  6.332E-01
  364.5000  6.821E-01  7.087E-01  7.191E-01  7.130E-01  6.907E-01
  365.5000  8.310E-01  8.634E-01  8.760E-01  8.687E-01  8.415E-01
  366.5000  8.794E-01  9.135E-01  9.269E-01  9.191E-01  8.904E-01
  367.5000  8.348E-01  8.672E-01  8.799E-01  8.725E-01  8.453E-01
  368.5000  7.333E-01  7.617E-01  7.728E-01  7.663E-01  7.425E-01
  369.5000  8.794E-01  9.135E-01  9.268E-01  9.191E-01  8.905E-01
  370.5000  7.978E-01  8.286E-01  8.407E-01  8.337E-01  8.078E-01
  371.5000  9.127E-01  9.480E-01  9.618E-01  9.537E-01  9.241E-01
  372.5000  6.741E-01  7.001E-01  7.103E-01  7.044E-01  6.825E-01
  373.5000  6.093E-01  6.327E-01  6.419E-01  6.366E-01  6.169E-01
  374.5000  6.686E-01  6.943E-01  7.044E-01  6.985E-01  6.769E-01
  375.5000  7.543E-01  7.833E-01  7.946E-01  7.880E-01  7.637E-01
  376.5000  7.531E-01  7.820E-01  7.933E-01  7.868E-01  7.625E-01
  377.5000  8.967E-01  9.311E-01  9.445E-01  9.367E-01  9.079E-01
  378.5000  9.773E-01  1.015E+00  1.029E+00  1.021E+00  9.894E-01
  379.5000  7.230E-01  7.506E-01  7.614E-01  7.551E-01  7.319E-01
  380.5000  8.694E-01  9.025E-01  9.155E-01  9.080E-01  8.801E-01
  381.5000  8.169E-01  8.480E-01  8.602E-01  8.531E-01  8.269E-01
  382.5000  5.442E-01  5.650E-01  5.731E-01  5.684E-01  5.510E-01
  383.5000  4.779E-01  4.960E-01  5.031E-01  4.990E-01  4.837E-01
  384.5000  7.171E-01  7.443E-01  7.550E-01  7.488E-01  7.259E-01
  385.5000  7.094E-01  7.363E-01  7.468E-01  7.407E-01  7.181E-01
  386.5000  7.231E-01  7.504E-01  7.611E-01  7.549E-01  7.319E-01
  387.5000  6.719E-01  6.973E-01  7.073E-01  7.015E-01  6.802E-01
  388.5000  6.735E-01  6.989E-01  7.088E-01  7.031E-01  6.817E-01
  389.5000  8.492E-01  8.813E-01  8.938E-01  8.865E-01  8.596E-01
  390.5000  8.341E-01  8.655E-01  8.778E-01  8.706E-01  8.442E-01
  391.5000  9.894E-01  1.027E+00  1.041E+00  1.033E+00  1.001E+00
  392.5000  7.419E-01  7.698E-01  7.807E-01  7.744E-01  7.509E-01
  393.5000  3.225E-01  3.346E-01  3.394E-01  3.366E-01  3.265E-01
  394.5000  7.589E-01  7.874E-01  7.985E-01  7.920E-01  7.681E-01
  395.5000  9.764E-01  1.013E+00  1.027E+00  1.019E+00  9.882E-01
  396.5000  5.733E-01  5.948E-01  6.032E-01  5.983E-01  5.803E-01
  397.5000  6.615E-01  6.863E-01  6.959E-01  6.903E-01  6.695E-01
  398.5000  1.137E+00  1.179E+00  1.196E+00  1.186E+00  1.150E+00
  399.5000  1.182E+00  1.226E+00  1.244E+00  1.234E+00  1.197E+00
  400.5000  1.243E+00  1.289E+00  1.307E+00  1.297E+00  1.258E+00
  401.5000  1.279E+00  1.326E+00  1.345E+00  1.334E+00  1.294E+00
  402.5000  1.328E+00  1.377E+00  1.396E+00  1.385E+00  1.343E+00
  403.5000  1.215E+00  1.260E+00  1.278E+00  1.268E+00  1.230E+00
  404.5000  1.192E+00  1.236E+00  1.253E+00  1.243E+00  1.206E+00
  405.5000  1.238E+00  1.284E+00  1.302E+00  1.291E+00  1.253E+00
  406.5000  1.166E+00  1.209E+00  1.226E+00  1.216E+00  1.180E+00
  407.5000  1.175E+00  1.219E+00  1.236E+00  1.226E+00  1.190E+00
  408.5000  1.309E+00  1.357E+00  1.376E+00  1.365E+00  1.325E+00
  409.5000  1.283E+00  1.331E+00  1.349E+00  1.338E+00  1.299E+00
  410.5000  1.113E+00  1.154E+00  1.170E+00  1.161E+00  1.126E+00
  411.5000  1.338E+00  1.387E+00  1.406E+00  1.395E+00  1.354E+00
  412.5000  1.326E+00  1.375E+00  1.394E+00  1.382E+00  1.342E+00
  413.5000  1.286E+00  1.333E+00  1.351E+00  1.341E+00  1.301E+00
  414.5000  1.322E+00  1.370E+00  1.389E+00  1.378E+00  1.337E+00
  415.5000  1.264E+00  1.310E+00  1.328E+00  1.318E+00  1.279E+00
  416.5000  1.376E+00  1.426E+00  1.446E+00  1.434E+00  1.392E+00
  417.5000  1.258E+00  1.304E+00  1.322E+00  1.311E+00  1.273E+00
  418.5000  1.268E+00  1.314E+00  1.332E+00  1.321E+00  1.282E+00
  419.5000  1.309E+00  1.357E+00  1.376E+00  1.365E+00  1.325E+00
------------------------------------------------------------
Dose rates, W m-2
   1 = UV-B, 280-315 nm                                  
   2 = UV-A, 315-400 nm                                  
   3 = Gaussian, 320 nm, 10 nm FWHM                      
   4 = RB Meter, model 501                               
   5 = DNA damage, in vitro (Setlow, 1974)               
   6 = UV index (WMO, 1994; Webb et al., 2011)           
   7 = Previtamin-D3 (CIE 2006)                          
values at z =      0.000 km
Columns: time, sza, weighting spectra
time, hrs.  sza, deg.          1          2          3          4          5          6          7
   11.0000     31.787  2.319E+00  5.477E+01  3.660E-01  7.421E-01  1.244E-02  1.514E+01  7.554E-01
   11.5000     28.901  2.468E+00  5.694E+01  3.828E-01  7.959E-01  1.378E-02  1.635E+01  8.138E-01
   12.0000     27.702  2.528E+00  5.779E+01  3.894E-01  8.175E-01  1.433E-02  1.683E+01  8.373E-01
   12.5000     28.405  2.493E+00  5.729E+01  3.856E-01  8.049E-01  1.401E-02  1.655E+01  8.236E-01
   13.0000     30.879  2.367E+00  5.547E+01  3.715E-01  7.593E-01  1.287E-02  1.552E+01  7.741E-01
------------------------------------------------------------
