Spectral Irradiance, W m-2 nm-1
values at z =      0.000 km
Columns: wavelength (nm), times (hrs.) or sza (deg.)
    wc, nm     11.000     11.500     12.000     12.500     13.000
    sza =      22.429     18.248     16.343     17.477     21.165
  280.5000  6.236E-14  1.334E-13  1.776E-13  1.504E-13  8.006E-14
  281.5000  1.808E-12  3.617E-12  4.696E-12  4.037E-12  2.271E-12
  282.5000  2.230E-11  4.214E-11  5.354E-11  4.660E-11  2.749E-11
  283.5000  1.033E-10  1.881E-10  2.357E-10  2.068E-10  1.258E-10
  284.5000  1.019E-09  1.733E-09  2.117E-09  1.885E-09  1.213E-09
  285.5000  3.466E-09  5.608E-09  6.721E-09  6.051E-09  4.060E-09
  286.5000  4.006E-08  6.235E-08  7.366E-08  6.688E-08  4.633E-08
  287.5000  2.241E-07  3.342E-07  3.886E-07  3.561E-07  2.556E-07
  288.5000  1.094E-06  1.557E-06  1.779E-06  1.647E-06  1.228E-06
  289.5000  5.889E-06  8.109E-06  9.148E-06  8.531E-06  6.542E-06
  290.5000  2.319E-05  3.105E-05  3.466E-05  3.252E-05  2.552E-05
  291.5000  7.160E-05  9.288E-05  1.025E-04  9.679E-05  7.799E-05
  292.5000  1.684E-04  2.128E-04  2.325E-04  2.209E-04  1.818E-04
  293.5000  4.749E-04  5.857E-04  6.339E-04  6.055E-04  5.087E-04
  294.5000  8.855E-04  1.071E-03  1.151E-03  1.104E-03  9.427E-04
  295.5000  2.179E-03  2.584E-03  2.756E-03  2.655E-03  2.305E-03
  296.5000  3.738E-03  4.358E-03  4.618E-03  4.465E-03  3.931E-03
  297.5000  7.056E-03  8.104E-03  8.540E-03  8.284E-03  7.384E-03
  298.5000  8.306E-03  9.421E-03  9.881E-03  9.611E-03  8.656E-03
  299.5000  1.830E-02  2.052E-02  2.142E-02  2.089E-02  1.900E-02
  300.5000  1.700E-02  1.889E-02  1.965E-02  1.921E-02  1.760E-02
  301.5000  3.342E-02  3.677E-02  3.812E-02  3.733E-02  3.449E-02
  302.5000  4.140E-02  4.526E-02  4.681E-02  4.590E-02  4.263E-02
  303.5000  7.015E-02  7.610E-02  7.849E-02  7.709E-02  7.205E-02
  304.5000  7.545E-02  8.260E-02  8.505E-02  8.362E-02  7.843E-02
  305.5000  1.005E-01  1.079E-01  1.108E-01  1.091E-01  1.029E-01
  306.5000  1.048E-01  1.121E-01  1.151E-01  1.134E-01  1.072E-01
  307.5000  1.506E-01  1.603E-01  1.642E-01  1.619E-01  1.538E-01
  308.5000  1.685E-01  1.789E-01  1.830E-01  1.806E-01  1.718E-01
  309.5000  1.481E-01  1.568E-01  1.602E-01  1.582E-01  1.509E-01
  310.5000  2.014E-01  2.126E-01  2.170E-01  2.144E-01  2.050E-01
  311.5000  2.589E-01  2.728E-01  2.783E-01  2.751E-01  2.634E-01
  312.5000  2.520E-01  2.648E-01  2.698E-01  2.669E-01  2.561E-01
  313.5000  2.857E-01  2.999E-01  3.055E-01  3.023E-01  2.903E-01
  314.5000  2.849E-01  2.983E-01  3.036E-01  3.005E-01  2.892E-01
  315.5000  2.941E-01  3.078E-01  3.132E-01  3.101E-01  2.985E-01
  316.5000  2.923E-01  3.053E-01  3.105E-01  3.075E-01  2.965E-01
  317.5000  4.133E-01  4.317E-01  4.389E-01  4.347E-01  4.192E-01
  318.5000  3.244E-01  3.382E-01  3.436E-01  3.404E-01  3.288E-01
  319.5000  3.956E-01  4.122E-01  4.188E-01  4.150E-01  4.010E-01
  320.5000  4.810E-01  5.010E-01  5.088E-01  5.043E-01  4.875E-01
  321.5000  4.074E-01  4.236E-01  4.300E-01  4.262E-01  4.126E-01
  322.5000  4.109E-01  4.277E-01  4.343E-01  4.305E-01  4.163E-01
  323.5000  4.217E-01  4.381E-01  4.446E-01  4.408E-01  4.270E-01
  324.5000  4.949E-01  5.142E-01  5.217E-01  5.173E-01  5.011E-01
  325.5000  5.549E-01  5.766E-01  5.851E-01  5.802E-01  5.619E-01
  326.5000  6.692E-01  6.944E-01  7.043E-01  6.986E-01  6.773E-01
  327.5000  6.238E-01  6.476E-01  6.569E-01  6.514E-01  6.315E-01
  328.5000  5.758E-01  5.977E-01  6.063E-01  6.013E-01  5.829E-01
  329.5000  7.439E-01  7.714E-01  7.822E-01  7.759E-01  7.528E-01
  330.5000  6.771E-01  7.024E-01  7.123E-01  7.065E-01  6.853E-01
  331.5000  6.692E-01  6.942E-01  7.039E-01  6.982E-01  6.772E-01
  332.5000  6.571E-01  6.811E-01  6.905E-01  6.850E-01  6.649E-01
  333.5000  6.180E-01  6.408E-01  6.497E-01  6.445E-01  6.254E-01
  334.5000  6.899E-01  7.151E-01  7.250E-01  7.193E-01  6.981E-01
  335.5000  6.982E-01  7.234E-01  7.333E-01  7.275E-01  7.063E-01
  336.5000  5.459E-01  5.657E-01  5.734E-01  5.689E-01  5.523E-01
  337.5000  5.997E-01  6.215E-01  6.300E-01  6.251E-01  6.067E-01
  338.5000  6.318E-01  6.546E-01  6.634E-01  6.583E-01  6.392E-01
  339.5000  6.865E-01  7.111E-01  7.208E-01  7.152E-01  6.945E-01
  340.5000  7.342E-01  7.606E-01  7.709E-01  7.649E-01  7.427E-01
  341.5000  6.514E-01  6.746E-01  6.837E-01  6.784E-01  6.589E-01
  342.5000  7.213E-01  7.469E-01  7.570E-01  7.511E-01  7.296E-01
  343.5000  7.492E-01  7.758E-01  7.863E-01  7.802E-01  7.578E-01
  344.5000  5.251E-01  5.438E-01  5.511E-01  5.469E-01  5.312E-01
  345.5000  7.187E-01  7.441E-01  7.540E-01  7.482E-01  7.269E-01
  346.5000  6.724E-01  6.962E-01  7.055E-01  7.001E-01  6.801E-01
  347.5000  6.568E-01  6.799E-01  6.890E-01  6.837E-01  6.642E-01
  348.5000  7.214E-01  7.468E-01  7.567E-01  7.510E-01  7.296E-01
  349.5000  6.044E-01  6.257E-01  6.340E-01  6.291E-01  6.113E-01
  350.5000  8.460E-01  8.756E-01  8.872E-01  8.804E-01  8.555E-01
  351.5000  7.289E-01  7.544E-01  7.644E-01  7.586E-01  7.372E-01
  352.5000  6.571E-01  6.801E-01  6.891E-01  6.838E-01  6.645E-01
  353.5000  7.907E-01  8.182E-01  8.290E-01  8.227E-01  7.996E-01
  354.5000  8.554E-01  8.851E-01  8.968E-01  8.900E-01  8.650E-01
  355.5000  7.991E-01  8.269E-01  8.377E-01  8.314E-01  8.081E-01
  356.5000  7.414E-01  7.671E-01  7.771E-01  7.713E-01  7.496E-01
  357.5000  6.302E-01  6.520E-01  6.606E-01  6.556E-01  6.373E-01
  358.5000  4.861E-01  5.029E-01  5.095E-01  5.057E-01  4.916E-01
  359.5000  8.179E-01  8.461E-01  8.571E-01  8.507E-01  8.270E-01
  360.5000  7.578E-01  7.839E-01  7.941E-01  7.882E-01  7.663E-01
  361.5000  6.830E-01  7.065E-01  7.156E-01  7.103E-01  6.906E-01
  362.5000  8.018E-01  8.293E-01  8.400E-01  8.338E-01  8.106E-01
  363.5000  7.130E-01  7.374E-01  7.470E-01  7.414E-01  7.209E-01
  364.5000  7.775E-01  8.041E-01  8.145E-01  8.085E-01  7.861E-01
  365.5000  9.471E-01  9.795E-01  9.921E-01  9.848E-01  9.576E-01
  366.5000  1.002E+00  1.036E+00  1.050E+00  1.042E+00  1.013E+00
  367.5000  9.511E-01  9.835E-01  9.961E-01  9.888E-01  9.615E-01
  368.5000  8.352E-01  8.636E-01  8.747E-01  8.683E-01  8.444E-01
  369.5000  1.002E+00  1.036E+00  1.049E+00  1.041E+00  1.013E+00
  370.5000  9.084E-01  9.392E-01  9.512E-01  9.442E-01  9.183E-01
  371.5000  1.039E+00  1.074E+00  1.088E+00  1.080E+00  1.050E+00
  372.5000  7.673E-01  7.932E-01  8.034E-01  7.974E-01  7.756E-01
  373.5000  6.933E-01  7.167E-01  7.259E-01  7.205E-01  7.009E-01
  374.5000  7.607E-01  7.864E-01  7.964E-01  7.906E-01  7.690E-01
  375.5000  8.580E-01  8.869E-01  8.982E-01  8.916E-01  8.674E-01
  376.5000  8.566E-01  8.854E-01  8.966E-01  8.901E-01  8.659E-01
  377.5000  1.020E+00  1.054E+00  1.067E+00  1.060E+00  1.031E+00
  378.5000  1.111E+00  1.148E+00  1.163E+00  1.154E+00  1.123E+00
  379.5000  8.218E-01  8.493E-01  8.600E-01  8.538E-01  8.306E-01
  380.5000  9.880E-01  1.021E+00  1.034E+00  1.026E+00  9.987E-01
  381.5000  9.281E-01  9.591E-01  9.712E-01  9.642E-01  9.382E-01
  382.5000  6.183E-01  6.389E-01  6.470E-01  6.423E-01  6.249E-01
  383.5000  5.428E-01  5.609E-01  5.679E-01  5.638E-01  5.486E-01
  384.5000  8.143E-01  8.414E-01  8.520E-01  8.458E-01  8.231E-01
  385.5000  8.055E-01  8.322E-01  8.427E-01  8.366E-01  8.141E-01
  386.5000  8.208E-01  8.481E-01  8.587E-01  8.525E-01  8.296E-01
  387.5000  7.627E-01  7.879E-01  7.978E-01  7.921E-01  7.708E-01
  388.5000  7.643E-01  7.895E-01  7.994E-01  7.937E-01  7.724E-01
  389.5000  9.635E-01  9.954E-01  1.008E+00  1.001E+00  9.738E-01
  390.5000  9.462E-01  9.774E-01  9.896E-01  9.825E-01  9.563E-01
  391.5000  1.122E+00  1.159E+00  1.174E+00  1.165E+00  1.134E+00
  392.5000  8.414E-01  8.691E-01  8.799E-01  8.736E-01  8.503E-01
  393.5000  3.657E-01  3.777E-01  3.824E-01  3.797E-01  3.696E-01
  394.5000  8.603E-01  8.886E-01  8.996E-01  8.932E-01  8.695E-01
  395.5000  1.107E+00  1.143E+00  1.157E+00  1.149E+00  1.118E+00
  396.5000  6.497E-01  6.710E-01  6.793E-01  6.745E-01  6.566E-01
  397.5000  7.496E-01  7.741E-01  7.837E-01  7.781E-01  7.575E-01
  398.5000  1.288E+00  1.330E+00  1.346E+00  1.337E+00  1.301E+00
  399.5000  1.339E+00  1.383E+00  1.400E+00  1.390E+00  1.353E+00
  400.5000  1.408E+00  1.454E+00  1.471E+00  1.461E+00  1.422E+00
  401.5000  1.448E+00  1.495E+00  1.514E+00  1.503E+00  1.463E+00
  402.5000  1.503E+00  1.552E+00  1.571E+00  1.560E+00  1.519E+00
  403.5000  1.375E+00  1.420E+00  1.438E+00  1.427E+00  1.390E+00
  404.5000  1.349E+00  1.393E+00  1.410E+00  1.400E+00  1.363E+00
  405.5000  1.401E+00  1.446E+00  1.464E+00  1.454E+00  1.416E+00
  406.5000  1.319E+00  1.362E+00  1.379E+00  1.369E+00  1.333E+00
  407.5000  1.330E+00  1.373E+00  1.390E+00  1.380E+00  1.344E+00
  408.5000  1.481E+00  1.529E+00  1.547E+00  1.536E+00  1.496E+00
  409.5000  1.451E+00  1.498E+00  1.517E+00  1.506E+00  1.466E+00
  410.5000  1.258E+00  1.299E+00  1.315E+00  1.306E+00  1.272E+00
  411.5000  1.512E+00  1.561E+00  1.580E+00  1.569E+00  1.528E+00
  412.5000  1.499E+00  1.547E+00  1.566E+00  1.555E+00  1.514E+00
  413.5000  1.453E+00  1.500E+00  1.518E+00  1.508E+00  1.468E+00
  414.5000  1.493E+00  1.541E+00  1.560E+00  1.549E+00  1.509E+00
  415.5000  1.428E+00  1.474E+00  1.492E+00  1.482E+00  1.443E+00
  416.5000  1.554E+00  1.604E+00  1.623E+00  1.612E+00  1.570E+00
  417.5000  1.421E+00  1.466E+00  1.484E+00  1.473E+00  1.435E+00
  418.5000  1.432E+00  1.477E+00  1.495E+00  1.485E+00  1.446E+00
  419.5000  1.479E+00  1.526E+00  1.544E+00  1.533E+00  1.494E+00
------------------------------------------------------------
Dose rates, W m-2
   1 = UV-B, 280-315 nm                                  
   2 = UV-A, 315-400 nm                                  
   3 = Gaussian, 320 nm, 10 nm FWHM                      
   4 = RB Meter, model 501                               
   5 = DNA damage, in vitro (Setlow, 1974)               
   6 = UV index (WMO, 1994; Webb et al., 2011)           
   7 = Previtamin-D3 (CIE 2006)                          
values at z =      0.000 km
Columns: time, sza, weighting spectra
time, hrs.  sza, deg.          1          2          3          4          5          6          7
   11.0000     22.429  2.234E+00  6.227E+01  4.060E-01  6.756E-01  8.826E-03  1.313E+01  6.597E-01
   11.5000     18.248  2.371E+00  6.444E+01  4.230E-01  7.217E-01  9.707E-03  1.409E+01  7.089E-01
   12.0000     16.343  2.425E+00  6.529E+01  4.296E-01  7.398E-01  1.006E-02  1.447E+01  7.284E-01
   12.5000     17.477  2.394E+00  6.480E+01  4.257E-01  7.292E-01  9.855E-03  1.425E+01  7.170E-01
   13.0000     21.165  2.279E+00  6.297E+01  4.115E-01  6.907E-01  9.110E-03  1.344E+01  6.759E-01
------------------------------------------------------------
