Spectral Irradiance, W m-2 nm-1
values at z =      0.000 km
Columns: wavelength (nm), times (hrs.) or sza (deg.)
    wc, nm     11.000     11.500     12.000     12.500     13.000
    sza =      92.835     92.313     92.108     92.225     92.660
  280.5000  8.081E-27  1.172E-26  1.340E-26  1.262E-26  9.301E-27
  281.5000  1.560E-24  2.259E-24  2.583E-24  2.433E-24  1.794E-24
  282.5000  9.823E-23  1.422E-22  1.625E-22  1.531E-22  1.130E-22
  283.5000  1.307E-21  1.890E-21  2.160E-21  2.035E-21  1.503E-21
  284.5000  8.991E-20  1.299E-19  1.483E-19  1.398E-19  1.033E-19
  285.5000  1.289E-18  1.860E-18  2.123E-18  2.002E-18  1.481E-18
  286.5000  4.507E-17  6.494E-17  7.410E-17  6.987E-17  5.175E-17
  287.5000  8.665E-16  1.247E-15  1.422E-15  1.341E-15  9.944E-16
  288.5000  1.633E-14  2.345E-14  2.673E-14  2.522E-14  1.873E-14
  289.5000  2.318E-13  3.325E-13  3.787E-13  3.574E-13  2.657E-13
  290.5000  2.068E-12  2.961E-12  3.371E-12  3.183E-12  2.369E-12
  291.5000  1.625E-11  2.323E-11  2.642E-11  2.495E-11  1.860E-11
  292.5000  8.254E-11  1.178E-10  1.339E-10  1.265E-10  9.445E-11
  293.5000  4.834E-10  6.887E-10  7.822E-10  7.393E-10  5.528E-10
  294.5000  1.606E-09  2.285E-09  2.594E-09  2.452E-09  1.836E-09
  295.5000  7.353E-09  1.044E-08  1.185E-08  1.120E-08  8.398E-09
  296.5000  2.129E-08  3.017E-08  3.420E-08  3.235E-08  2.429E-08
  297.5000  6.394E-08  9.048E-08  1.026E-07  9.700E-08  7.293E-08
  298.5000  1.122E-07  1.585E-07  1.795E-07  1.698E-07  1.278E-07
  299.5000  3.619E-07  5.107E-07  5.782E-07  5.469E-07  4.123E-07
  300.5000  4.539E-07  6.399E-07  7.242E-07  6.854E-07  5.168E-07
  301.5000  1.246E-06  1.755E-06  1.986E-06  1.879E-06  1.418E-06
  302.5000  1.932E-06  2.719E-06  3.076E-06  2.911E-06  2.198E-06
  303.5000  4.315E-06  6.066E-06  6.866E-06  6.494E-06  4.906E-06
  304.5000  5.542E-06  7.791E-06  8.815E-06  8.336E-06  6.299E-06
  305.5000  9.410E-06  1.322E-05  1.498E-05  1.416E-05  1.069E-05
  306.5000  1.099E-05  1.544E-05  1.749E-05  1.653E-05  1.248E-05
  307.5000  1.988E-05  2.799E-05  3.171E-05  2.995E-05  2.259E-05
  308.5000  2.441E-05  3.438E-05  3.898E-05  3.680E-05  2.774E-05
  309.5000  2.545E-05  3.589E-05  4.075E-05  3.843E-05  2.892E-05
  310.5000  3.953E-05  5.588E-05  6.348E-05  5.984E-05  4.495E-05
  311.5000  5.562E-05  7.875E-05  8.955E-05  8.436E-05  6.326E-05
  312.5000  6.509E-05  9.259E-05  1.055E-04  9.925E-05  7.412E-05
  313.5000  7.745E-05  1.103E-04  1.258E-04  1.183E-04  8.822E-05
  314.5000  9.332E-05  1.338E-04  1.531E-04  1.436E-04  1.065E-04
  315.5000  1.002E-04  1.439E-04  1.647E-04  1.545E-04  1.144E-04
  316.5000  1.198E-04  1.735E-04  1.994E-04  1.865E-04  1.371E-04
  317.5000  1.699E-04  2.460E-04  2.826E-04  2.644E-04  1.944E-04
  318.5000  1.650E-04  2.415E-04  2.788E-04  2.602E-04  1.894E-04
  319.5000  2.118E-04  3.107E-04  3.590E-04  3.348E-04  2.434E-04
  320.5000  2.726E-04  4.013E-04  4.643E-04  4.327E-04  3.136E-04
  321.5000  3.134E-04  4.684E-04  5.452E-04  5.064E-04  3.623E-04
  322.5000  2.467E-04  3.642E-04  4.219E-04  3.929E-04  2.841E-04
  323.5000  3.837E-04  5.780E-04  6.747E-04  6.257E-04  4.448E-04
  324.5000  4.429E-04  6.663E-04  7.772E-04  7.210E-04  5.132E-04
  325.5000  4.626E-04  6.943E-04  8.093E-04  7.511E-04  5.357E-04
  326.5000  8.259E-04  1.255E-03  1.469E-03  1.361E-03  9.610E-04
  327.5000  6.685E-04  1.012E-03  1.183E-03  1.097E-03  7.766E-04
  328.5000  6.144E-04  9.312E-04  1.089E-03  1.009E-03  7.140E-04
  329.5000  1.140E-03  1.738E-03  2.035E-03  1.886E-03  1.329E-03
  330.5000  8.820E-04  1.342E-03  1.571E-03  1.456E-03  1.027E-03
  331.5000  8.413E-04  1.280E-03  1.499E-03  1.389E-03  9.793E-04
  332.5000  1.105E-03  1.686E-03  1.973E-03  1.830E-03  1.289E-03
  333.5000  9.098E-04  1.387E-03  1.625E-03  1.505E-03  1.060E-03
  334.5000  1.084E-03  1.654E-03  1.937E-03  1.795E-03  1.264E-03
  335.5000  1.283E-03  1.957E-03  2.290E-03  2.124E-03  1.496E-03
  336.5000  9.559E-04  1.459E-03  1.708E-03  1.584E-03  1.115E-03
  337.5000  9.400E-04  1.435E-03  1.681E-03  1.558E-03  1.096E-03
  338.5000  1.170E-03  1.785E-03  2.090E-03  1.938E-03  1.365E-03
  339.5000  1.301E-03  1.985E-03  2.323E-03  2.155E-03  1.518E-03
  340.5000  1.304E-03  1.992E-03  2.333E-03  2.163E-03  1.522E-03
  341.5000  1.267E-03  1.934E-03  2.263E-03  2.100E-03  1.479E-03
  342.5000  1.427E-03  2.178E-03  2.549E-03  2.365E-03  1.666E-03
  343.5000  1.435E-03  2.191E-03  2.565E-03  2.380E-03  1.675E-03
  344.5000  9.703E-04  1.483E-03  1.737E-03  1.611E-03  1.133E-03
  345.5000  1.457E-03  2.225E-03  2.602E-03  2.416E-03  1.701E-03
  346.5000  1.287E-03  1.967E-03  2.303E-03  2.136E-03  1.503E-03
  347.5000  1.265E-03  1.934E-03  2.264E-03  2.100E-03  1.477E-03
  348.5000  1.418E-03  2.168E-03  2.538E-03  2.355E-03  1.656E-03
  349.5000  1.184E-03  1.811E-03  2.120E-03  1.967E-03  1.383E-03
  350.5000  1.665E-03  2.547E-03  2.982E-03  2.766E-03  1.945E-03
  351.5000  1.423E-03  2.177E-03  2.550E-03  2.365E-03  1.662E-03
  352.5000  1.291E-03  1.976E-03  2.314E-03  2.147E-03  1.509E-03
  353.5000  1.570E-03  2.403E-03  2.814E-03  2.611E-03  1.835E-03
  354.5000  1.714E-03  2.623E-03  3.072E-03  2.850E-03  2.003E-03
  355.5000  1.602E-03  2.453E-03  2.873E-03  2.665E-03  1.872E-03
  356.5000  1.485E-03  2.274E-03  2.663E-03  2.471E-03  1.735E-03
  357.5000  1.260E-03  1.929E-03  2.260E-03  2.096E-03  1.472E-03
  358.5000  9.759E-04  1.495E-03  1.751E-03  1.625E-03  1.141E-03
  359.5000  1.641E-03  2.515E-03  2.947E-03  2.733E-03  1.919E-03
  360.5000  1.521E-03  2.332E-03  2.732E-03  2.534E-03  1.779E-03
  361.5000  1.375E-03  2.109E-03  2.470E-03  2.291E-03  1.608E-03
  362.5000  1.617E-03  2.480E-03  2.905E-03  2.694E-03  1.891E-03
  363.5000  1.439E-03  2.207E-03  2.586E-03  2.398E-03  1.682E-03
  364.5000  1.567E-03  2.404E-03  2.818E-03  2.613E-03  1.833E-03
  365.5000  1.905E-03  2.924E-03  3.427E-03  3.178E-03  2.229E-03
  366.5000  2.019E-03  3.099E-03  3.632E-03  3.368E-03  2.361E-03
  367.5000  1.919E-03  2.946E-03  3.453E-03  3.202E-03  2.245E-03
  368.5000  1.685E-03  2.587E-03  3.033E-03  2.812E-03  1.971E-03
  369.5000  2.020E-03  3.102E-03  3.637E-03  3.372E-03  2.363E-03
  370.5000  1.831E-03  2.813E-03  3.299E-03  3.058E-03  2.143E-03
  371.5000  2.095E-03  3.219E-03  3.775E-03  3.500E-03  2.451E-03
  372.5000  1.547E-03  2.378E-03  2.789E-03  2.585E-03  1.810E-03
  373.5000  1.397E-03  2.148E-03  2.519E-03  2.335E-03  1.635E-03
  374.5000  1.531E-03  2.356E-03  2.763E-03  2.561E-03  1.793E-03
  375.5000  1.728E-03  2.658E-03  3.118E-03  2.890E-03  2.023E-03
  376.5000  1.725E-03  2.655E-03  3.114E-03  2.886E-03  2.019E-03
  377.5000  2.053E-03  3.161E-03  3.708E-03  3.437E-03  2.403E-03
  378.5000  2.235E-03  3.443E-03  4.040E-03  3.744E-03  2.618E-03
  379.5000  1.653E-03  2.546E-03  2.987E-03  2.768E-03  1.935E-03
  380.5000  1.986E-03  3.061E-03  3.592E-03  3.329E-03  2.327E-03
  381.5000  1.865E-03  2.876E-03  3.375E-03  3.127E-03  2.185E-03
  382.5000  1.242E-03  1.916E-03  2.248E-03  2.083E-03  1.455E-03
  383.5000  1.090E-03  1.681E-03  1.974E-03  1.829E-03  1.277E-03
  384.5000  1.635E-03  2.522E-03  2.961E-03  2.744E-03  1.916E-03
  385.5000  1.617E-03  2.495E-03  2.929E-03  2.714E-03  1.895E-03
  386.5000  1.647E-03  2.543E-03  2.985E-03  2.766E-03  1.930E-03
  387.5000  1.530E-03  2.362E-03  2.774E-03  2.569E-03  1.793E-03
  388.5000  1.532E-03  2.366E-03  2.779E-03  2.574E-03  1.796E-03
  389.5000  1.931E-03  2.983E-03  3.504E-03  3.245E-03  2.264E-03
  390.5000  1.896E-03  2.929E-03  3.441E-03  3.187E-03  2.223E-03
  391.5000  2.248E-03  3.474E-03  4.082E-03  3.780E-03  2.636E-03
  392.5000  1.685E-03  2.605E-03  3.060E-03  2.834E-03  1.975E-03
  393.5000  7.319E-04  1.132E-03  1.330E-03  1.232E-03  8.583E-04
  394.5000  1.721E-03  2.662E-03  3.129E-03  2.897E-03  2.019E-03
  395.5000  2.213E-03  3.424E-03  4.024E-03  3.726E-03  2.596E-03
  396.5000  1.299E-03  2.010E-03  2.363E-03  2.187E-03  1.524E-03
  397.5000  1.498E-03  2.319E-03  2.726E-03  2.524E-03  1.758E-03
  398.5000  2.573E-03  3.984E-03  4.684E-03  4.336E-03  3.019E-03
  399.5000  2.674E-03  4.143E-03  4.872E-03  4.509E-03  3.139E-03
  400.5000  2.810E-03  4.354E-03  5.120E-03  4.739E-03  3.298E-03
  401.5000  2.889E-03  4.478E-03  5.266E-03  4.874E-03  3.391E-03
  402.5000  2.997E-03  4.647E-03  5.465E-03  5.058E-03  3.518E-03
  403.5000  2.742E-03  4.252E-03  5.002E-03  4.629E-03  3.219E-03
  404.5000  2.688E-03  4.170E-03  4.906E-03  4.540E-03  3.156E-03
  405.5000  2.791E-03  4.331E-03  5.096E-03  4.715E-03  3.278E-03
  406.5000  2.627E-03  4.078E-03  4.798E-03  4.439E-03  3.085E-03
  407.5000  2.646E-03  4.108E-03  4.835E-03  4.473E-03  3.108E-03
  408.5000  2.944E-03  4.572E-03  5.381E-03  4.978E-03  3.458E-03
  409.5000  2.883E-03  4.481E-03  5.274E-03  4.879E-03  3.387E-03
  410.5000  2.499E-03  3.885E-03  4.573E-03  4.230E-03  2.936E-03
  411.5000  3.003E-03  4.669E-03  5.497E-03  5.084E-03  3.528E-03
  412.5000  2.976E-03  4.628E-03  5.449E-03  5.039E-03  3.498E-03
  413.5000  2.886E-03  4.488E-03  5.285E-03  4.888E-03  3.391E-03
  414.5000  2.964E-03  4.612E-03  5.431E-03  5.022E-03  3.484E-03
  415.5000  2.832E-03  4.409E-03  5.192E-03  4.802E-03  3.329E-03
  416.5000  3.079E-03  4.795E-03  5.648E-03  5.222E-03  3.620E-03
  417.5000  2.813E-03  4.381E-03  5.161E-03  4.772E-03  3.307E-03
  418.5000  2.834E-03  4.415E-03  5.201E-03  4.809E-03  3.332E-03
  419.5000  2.926E-03  4.561E-03  5.374E-03  4.968E-03  3.441E-03
------------------------------------------------------------
Dose rates, W m-2
   1 = UV-B, 280-315 nm                                  
   2 = UV-A, 315-400 nm                                  
   3 = Gaussian, 320 nm, 10 nm FWHM                      
   4 = RB Meter, model 501                               
   5 = DNA damage, in vitro (Setlow, 1974)               
   6 = UV index (WMO, 1994; Webb et al., 2011)           
   7 = Previtamin-D3 (CIE 2006)                          
values at z =      0.000 km
Columns: time, sza, weighting spectra
time, hrs.  sza, deg.          1          2          3          4          5          6          7
   11.0000     92.835  4.352E-04  1.137E-01  2.726E-04  1.573E-04  8.966E-07  4.235E-03  8.968E-05
   11.5000     92.313  6.181E-04  1.745E-01  4.058E-04  2.287E-04  1.293E-06  6.297E-03  1.273E-04
   12.0000     92.108  7.038E-04  2.046E-01  4.714E-04  2.629E-04  1.481E-06  7.300E-03  1.449E-04
   12.5000     92.225  6.624E-04  1.897E-01  4.384E-04  2.461E-04  1.390E-06  6.805E-03  1.365E-04
   13.0000     92.660  4.955E-04  1.330E-01  3.148E-04  1.804E-04  1.027E-06  4.896E-03  1.021E-04
------------------------------------------------------------
