Spectral Irradiance, W m-2 nm-1
values at z =      0.000 km
Columns: wavelength (nm), times (hrs.) or sza (deg.)
    wc, nm     11.000     11.500     12.000     12.500     13.000
    sza =      45.372     44.573     44.259     44.445     45.123
  280.5000  2.872E-18  4.803E-18  5.844E-18  5.204E-18  3.379E-18
  281.5000  2.028E-16  3.196E-16  3.872E-16  3.483E-16  2.351E-16
  282.5000  5.371E-15  8.245E-15  9.711E-15  8.816E-15  6.150E-15
  283.5000  4.089E-14  6.118E-14  7.136E-14  6.515E-14  4.644E-14
  284.5000  9.958E-13  1.422E-12  1.629E-12  1.503E-12  1.115E-12
  285.5000  6.610E-12  9.118E-12  1.031E-11  9.588E-12  7.317E-12
  286.5000  1.277E-10  1.716E-10  1.920E-10  1.797E-10  1.402E-10
  287.5000  1.263E-09  1.648E-09  1.824E-09  1.718E-09  1.374E-09
  288.5000  1.145E-08  1.447E-08  1.582E-08  1.500E-08  1.233E-08
  289.5000  9.599E-08  1.185E-07  1.285E-07  1.225E-07  1.026E-07
  290.5000  5.485E-07  6.645E-07  7.150E-07  6.847E-07  5.827E-07
  291.5000  2.581E-06  3.060E-06  3.266E-06  3.143E-06  2.724E-06
  292.5000  8.571E-06  9.982E-06  1.058E-05  1.022E-05  8.993E-06
  293.5000  3.344E-05  3.830E-05  4.034E-05  3.912E-05  3.490E-05
  294.5000  8.037E-05  9.087E-05  9.523E-05  9.263E-05  8.355E-05
  295.5000  2.590E-04  2.888E-04  3.011E-04  2.938E-04  2.681E-04
  296.5000  5.555E-04  6.124E-04  6.357E-04  6.218E-04  5.729E-04
  297.5000  1.275E-03  1.392E-03  1.439E-03  1.411E-03  1.311E-03
  298.5000  1.770E-03  1.916E-03  1.975E-03  1.940E-03  1.815E-03
  299.5000  4.557E-03  4.893E-03  5.028E-03  4.948E-03  4.661E-03
  300.5000  4.768E-03  5.088E-03  5.217E-03  5.140E-03  4.867E-03
  301.5000  1.066E-02  1.131E-02  1.156E-02  1.141E-02  1.086E-02
  302.5000  1.437E-02  1.517E-02  1.549E-02  1.522E-02  1.462E-02
  303.5000  2.690E-02  2.826E-02  2.880E-02  2.848E-02  2.732E-02
  304.5000  3.107E-02  3.254E-02  3.312E-02  3.278E-02  3.153E-02
  305.5000  4.449E-02  4.639E-02  4.714E-02  4.670E-02  4.508E-02
  306.5000  4.813E-02  5.009E-02  5.087E-02  5.040E-02  4.874E-02
  307.5000  7.423E-02  7.697E-02  7.806E-02  7.741E-02  7.508E-02
  308.5000  8.530E-02  8.834E-02  8.953E-02  8.883E-02  8.625E-02
  309.5000  7.860E-02  8.120E-02  8.222E-02  8.162E-02  7.941E-02
  310.5000  1.105E-01  1.140E-01  1.153E-01  1.145E-01  1.116E-01
  311.5000  1.452E-01  1.496E-01  1.513E-01  1.499E-01  1.466E-01
  312.5000  1.470E-01  1.512E-01  1.528E-01  1.518E-01  1.483E-01
  313.5000  1.683E-01  1.730E-01  1.748E-01  1.737E-01  1.698E-01
  314.5000  1.735E-01  1.780E-01  1.798E-01  1.787E-01  1.749E-01
  315.5000  1.802E-01  1.849E-01  1.867E-01  1.856E-01  1.817E-01
  316.5000  1.838E-01  1.883E-01  1.900E-01  1.890E-01  1.852E-01
  317.5000  2.602E-01  2.665E-01  2.689E-01  2.675E-01  2.621E-01
  318.5000  2.091E-01  2.139E-01  2.158E-01  2.147E-01  2.106E-01
  319.5000  2.563E-01  2.621E-01  2.644E-01  2.630E-01  2.581E-01
  320.5000  3.135E-01  3.205E-01  3.233E-01  3.216E-01  3.157E-01
  321.5000  2.713E-01  2.770E-01  2.793E-01  2.780E-01  2.731E-01
  322.5000  2.695E-01  2.754E-01  2.777E-01  2.764E-01  2.713E-01
  323.5000  2.838E-01  2.897E-01  2.920E-01  2.906E-01  2.856E-01
  324.5000  3.330E-01  3.399E-01  3.426E-01  3.410E-01  3.351E-01
  325.5000  3.724E-01  3.802E-01  3.832E-01  3.814E-01  3.748E-01
  326.5000  4.570E-01  4.662E-01  4.697E-01  4.676E-01  4.599E-01
  327.5000  4.240E-01  4.326E-01  4.360E-01  4.340E-01  4.267E-01
  328.5000  3.918E-01  3.997E-01  4.028E-01  4.009E-01  3.942E-01
  329.5000  5.128E-01  5.228E-01  5.267E-01  5.244E-01  5.159E-01
  330.5000  4.647E-01  4.739E-01  4.774E-01  4.753E-01  4.676E-01
  331.5000  4.591E-01  4.681E-01  4.717E-01  4.696E-01  4.619E-01
  332.5000  4.551E-01  4.639E-01  4.673E-01  4.653E-01  4.579E-01
  333.5000  4.267E-01  4.350E-01  4.382E-01  4.363E-01  4.293E-01
  334.5000  4.776E-01  4.868E-01  4.904E-01  4.883E-01  4.805E-01
  335.5000  4.857E-01  4.949E-01  4.985E-01  4.964E-01  4.886E-01
  336.5000  3.795E-01  3.868E-01  3.896E-01  3.879E-01  3.818E-01
  337.5000  4.159E-01  4.239E-01  4.270E-01  4.252E-01  4.184E-01
  338.5000  4.405E-01  4.488E-01  4.520E-01  4.501E-01  4.431E-01
  339.5000  4.792E-01  4.882E-01  4.917E-01  4.897E-01  4.820E-01
  340.5000  5.120E-01  5.216E-01  5.254E-01  5.232E-01  5.150E-01
  341.5000  4.555E-01  4.640E-01  4.674E-01  4.654E-01  4.582E-01
  342.5000  5.049E-01  5.143E-01  5.180E-01  5.158E-01  5.079E-01
  343.5000  5.244E-01  5.342E-01  5.380E-01  5.357E-01  5.274E-01
  344.5000  3.674E-01  3.743E-01  3.770E-01  3.754E-01  3.696E-01
  345.5000  5.043E-01  5.136E-01  5.173E-01  5.151E-01  5.072E-01
  346.5000  4.715E-01  4.803E-01  4.837E-01  4.817E-01  4.742E-01
  347.5000  4.608E-01  4.694E-01  4.727E-01  4.708E-01  4.635E-01
  348.5000  5.068E-01  5.162E-01  5.198E-01  5.177E-01  5.097E-01
  349.5000  4.248E-01  4.327E-01  4.357E-01  4.339E-01  4.273E-01
  350.5000  5.950E-01  6.059E-01  6.102E-01  6.077E-01  5.984E-01
  351.5000  5.129E-01  5.223E-01  5.260E-01  5.238E-01  5.158E-01
  352.5000  4.627E-01  4.712E-01  4.745E-01  4.725E-01  4.653E-01
  353.5000  5.572E-01  5.674E-01  5.714E-01  5.690E-01  5.604E-01
  354.5000  6.032E-01  6.143E-01  6.186E-01  6.160E-01  6.067E-01
  355.5000  5.639E-01  5.742E-01  5.782E-01  5.758E-01  5.671E-01
  356.5000  5.234E-01  5.330E-01  5.367E-01  5.345E-01  5.264E-01
  357.5000  4.452E-01  4.533E-01  4.564E-01  4.546E-01  4.477E-01
  358.5000  3.436E-01  3.499E-01  3.523E-01  3.509E-01  3.456E-01
  359.5000  5.784E-01  5.889E-01  5.930E-01  5.906E-01  5.817E-01
  360.5000  5.362E-01  5.460E-01  5.498E-01  5.475E-01  5.393E-01
  361.5000  4.836E-01  4.923E-01  4.957E-01  4.937E-01  4.863E-01
  362.5000  5.680E-01  5.783E-01  5.823E-01  5.799E-01  5.712E-01
  363.5000  5.054E-01  5.145E-01  5.180E-01  5.159E-01  5.082E-01
  364.5000  5.514E-01  5.613E-01  5.652E-01  5.629E-01  5.545E-01
  365.5000  6.720E-01  6.841E-01  6.888E-01  6.860E-01  6.758E-01
  366.5000  7.113E-01  7.241E-01  7.291E-01  7.262E-01  7.154E-01
  367.5000  6.755E-01  6.877E-01  6.924E-01  6.896E-01  6.793E-01
  368.5000  5.936E-01  6.042E-01  6.083E-01  6.059E-01  5.969E-01
  369.5000  7.121E-01  7.249E-01  7.298E-01  7.269E-01  7.161E-01
  370.5000  6.462E-01  6.578E-01  6.622E-01  6.596E-01  6.498E-01
  371.5000  7.395E-01  7.527E-01  7.579E-01  7.548E-01  7.437E-01
  372.5000  5.464E-01  5.561E-01  5.599E-01  5.576E-01  5.494E-01
  373.5000  4.939E-01  5.027E-01  5.062E-01  5.041E-01  4.967E-01
  374.5000  5.422E-01  5.519E-01  5.556E-01  5.534E-01  5.452E-01
  375.5000  6.119E-01  6.227E-01  6.270E-01  6.245E-01  6.153E-01
  376.5000  6.111E-01  6.220E-01  6.262E-01  6.237E-01  6.145E-01
  377.5000  7.279E-01  7.407E-01  7.458E-01  7.428E-01  7.319E-01
  378.5000  7.935E-01  8.075E-01  8.129E-01  8.097E-01  7.978E-01
  379.5000  5.871E-01  5.975E-01  6.015E-01  5.991E-01  5.904E-01
  380.5000  7.062E-01  7.187E-01  7.235E-01  7.207E-01  7.101E-01
  381.5000  6.638E-01  6.754E-01  6.800E-01  6.773E-01  6.674E-01
  382.5000  4.424E-01  4.501E-01  4.532E-01  4.514E-01  4.448E-01
  383.5000  3.885E-01  3.953E-01  3.980E-01  3.964E-01  3.907E-01
  384.5000  5.832E-01  5.934E-01  5.974E-01  5.950E-01  5.864E-01
  385.5000  5.771E-01  5.872E-01  5.911E-01  5.888E-01  5.802E-01
  386.5000  5.883E-01  5.986E-01  6.026E-01  6.002E-01  5.916E-01
  387.5000  5.469E-01  5.564E-01  5.601E-01  5.579E-01  5.499E-01
  388.5000  5.483E-01  5.578E-01  5.615E-01  5.593E-01  5.513E-01
  389.5000  6.915E-01  7.036E-01  7.082E-01  7.055E-01  6.953E-01
  390.5000  6.794E-01  6.912E-01  6.958E-01  6.930E-01  6.831E-01
  391.5000  8.061E-01  8.201E-01  8.256E-01  8.223E-01  8.105E-01
  392.5000  6.046E-01  6.151E-01  6.192E-01  6.168E-01  6.079E-01
  393.5000  2.629E-01  2.675E-01  2.692E-01  2.682E-01  2.643E-01
  394.5000  6.188E-01  6.295E-01  6.336E-01  6.312E-01  6.221E-01
  395.5000  7.963E-01  8.100E-01  8.154E-01  8.122E-01  8.006E-01
  396.5000  4.677E-01  4.757E-01  4.789E-01  4.770E-01  4.702E-01
  397.5000  5.398E-01  5.491E-01  5.527E-01  5.505E-01  5.427E-01
  398.5000  9.277E-01  9.436E-01  9.498E-01  9.462E-01  9.327E-01
  399.5000  9.651E-01  9.817E-01  9.881E-01  9.843E-01  9.703E-01
  400.5000  1.015E+00  1.032E+00  1.039E+00  1.035E+00  1.020E+00
  401.5000  1.044E+00  1.062E+00  1.069E+00  1.065E+00  1.050E+00
  402.5000  1.084E+00  1.103E+00  1.110E+00  1.106E+00  1.090E+00
  403.5000  9.927E-01  1.010E+00  1.016E+00  1.012E+00  9.981E-01
  404.5000  9.739E-01  9.905E-01  9.970E-01  9.931E-01  9.791E-01
  405.5000  1.012E+00  1.029E+00  1.036E+00  1.032E+00  1.017E+00
  406.5000  9.533E-01  9.695E-01  9.758E-01  9.721E-01  9.583E-01
  407.5000  9.612E-01  9.776E-01  9.839E-01  9.802E-01  9.664E-01
  408.5000  1.071E+00  1.089E+00  1.096E+00  1.092E+00  1.076E+00
  409.5000  1.050E+00  1.068E+00  1.075E+00  1.071E+00  1.055E+00
  410.5000  9.106E-01  9.261E-01  9.321E-01  9.285E-01  9.155E-01
  411.5000  1.095E+00  1.113E+00  1.121E+00  1.116E+00  1.101E+00
  412.5000  1.085E+00  1.104E+00  1.111E+00  1.107E+00  1.091E+00
  413.5000  1.053E+00  1.071E+00  1.077E+00  1.073E+00  1.058E+00
  414.5000  1.082E+00  1.100E+00  1.108E+00  1.103E+00  1.088E+00
  415.5000  1.035E+00  1.053E+00  1.060E+00  1.056E+00  1.041E+00
  416.5000  1.127E+00  1.146E+00  1.153E+00  1.149E+00  1.133E+00
  417.5000  1.030E+00  1.048E+00  1.055E+00  1.051E+00  1.036E+00
  418.5000  1.039E+00  1.056E+00  1.063E+00  1.059E+00  1.044E+00
  419.5000  1.073E+00  1.091E+00  1.098E+00  1.094E+00  1.079E+00
------------------------------------------------------------
Dose rates, W m-2
   1 = UV-B, 280-315 nm                                  
   2 = UV-A, 315-400 nm                                  
   3 = Gaussian, 320 nm, 10 nm FWHM                      
   4 = RB Meter, model 501                               
   5 = DNA damage, in vitro (Setlow, 1974)               
   6 = UV index (WMO, 1994; Webb et al., 2011)           
   7 = Previtamin-D3 (CIE 2006)                          
values at z =      0.000 km
Columns: time, sza, weighting spectra
time, hrs.  sza, deg.          1          2          3          4          5          6          7
   11.0000     45.372  1.172E+00  4.383E+01  2.643E-01  3.347E-01  3.191E-03  6.261E+00  3.016E-01
   11.5000     44.573  1.210E+00  4.464E+01  2.702E-01  3.465E-01  3.348E-03  6.487E+00  3.135E-01
   12.0000     44.259  1.226E+00  4.495E+01  2.726E-01  3.511E-01  3.411E-03  6.576E+00  3.182E-01
   12.5000     44.445  1.216E+00  4.477E+01  2.712E-01  3.482E-01  3.372E-03  6.521E+00  3.153E-01
   13.0000     45.123  1.184E+00  4.409E+01  2.662E-01  3.384E-01  3.239E-03  6.331E+00  3.053E-01
------------------------------------------------------------
