Spectral Irradiance, W m-2 nm-1
values at z =      0.000 km
Columns: wavelength (nm), times (hrs.) or sza (deg.)
    wc, nm     11.000     11.500     12.000     12.500     13.000
    sza =      45.372     44.573     44.259     44.445     45.123
  280.5000  2.780E-23  5.438E-23  7.026E-23  6.039E-23  3.437E-23
  281.5000  5.700E-21  1.049E-20  1.324E-20  1.154E-20  6.912E-21
  282.5000  3.773E-19  6.593E-19  8.160E-19  7.194E-19  4.501E-19
  283.5000  5.206E-18  8.796E-18  1.074E-17  9.547E-18  6.144E-18
  284.5000  3.748E-16  5.954E-16  7.106E-16  6.401E-16  4.338E-16
  285.5000  5.546E-15  8.419E-15  9.874E-15  8.986E-15  6.327E-15
  286.5000  1.984E-13  2.909E-13  3.366E-13  3.088E-13  2.239E-13
  287.5000  3.888E-12  5.483E-12  6.252E-12  5.786E-12  4.334E-12
  288.5000  7.404E-11  1.001E-10  1.123E-10  1.049E-10  8.144E-11
  289.5000  1.056E-09  1.386E-09  1.537E-09  1.446E-09  1.151E-09
  290.5000  9.435E-09  1.207E-08  1.326E-08  1.255E-08  1.020E-08
  291.5000  7.367E-08  9.159E-08  9.955E-08  9.477E-08  7.892E-08
  292.5000  3.703E-07  4.498E-07  4.845E-07  4.637E-07  3.937E-07
  293.5000  2.134E-06  2.536E-06  2.709E-06  2.605E-06  2.254E-06
  294.5000  6.963E-06  8.133E-06  8.631E-06  8.333E-06  7.313E-06
  295.5000  3.105E-05  3.561E-05  3.753E-05  3.638E-05  3.242E-05
  296.5000  8.720E-05  9.852E-05  1.032E-04  1.004E-04  9.062E-05
  297.5000  2.536E-04  2.828E-04  2.948E-04  2.876E-04  2.625E-04
  298.5000  4.297E-04  4.738E-04  4.918E-04  4.811E-04  4.432E-04
  299.5000  1.335E-03  1.457E-03  1.506E-03  1.477E-03  1.372E-03
  300.5000  1.613E-03  1.746E-03  1.800E-03  1.768E-03  1.654E-03
  301.5000  4.217E-03  4.526E-03  4.650E-03  4.576E-03  4.312E-03
  302.5000  6.298E-03  6.721E-03  6.890E-03  6.789E-03  6.428E-03
  303.5000  1.330E-02  1.410E-02  1.442E-02  1.423E-02  1.355E-02
  304.5000  1.647E-02  1.739E-02  1.776E-02  1.754E-02  1.676E-02
  305.5000  2.615E-02  2.746E-02  2.798E-02  2.767E-02  2.656E-02
  306.5000  2.958E-02  3.098E-02  3.153E-02  3.121E-02  3.002E-02
  307.5000  4.966E-02  5.177E-02  5.260E-02  5.211E-02  5.032E-02
  308.5000  5.896E-02  6.136E-02  6.230E-02  6.174E-02  5.971E-02
  309.5000  5.744E-02  5.959E-02  6.043E-02  5.993E-02  5.811E-02
  310.5000  8.404E-02  8.699E-02  8.814E-02  8.745E-02  8.496E-02
  311.5000  1.134E-01  1.172E-01  1.187E-01  1.178E-01  1.146E-01
  312.5000  1.202E-01  1.240E-01  1.254E-01  1.245E-01  1.209E-01
  313.5000  1.392E-01  1.434E-01  1.450E-01  1.441E-01  1.405E-01
  314.5000  1.493E-01  1.535E-01  1.551E-01  1.541E-01  1.506E-01
  315.5000  1.561E-01  1.604E-01  1.621E-01  1.611E-01  1.575E-01
  316.5000  1.642E-01  1.684E-01  1.701E-01  1.691E-01  1.655E-01
  317.5000  2.325E-01  2.384E-01  2.408E-01  2.394E-01  2.343E-01
  318.5000  1.921E-01  1.968E-01  1.986E-01  1.975E-01  1.936E-01
  319.5000  2.368E-01  2.424E-01  2.446E-01  2.433E-01  2.386E-01
  320.5000  2.916E-01  2.984E-01  3.010E-01  2.995E-01  2.937E-01
  321.5000  2.588E-01  2.645E-01  2.667E-01  2.654E-01  2.606E-01
  322.5000  2.522E-01  2.580E-01  2.602E-01  2.589E-01  2.540E-01
  323.5000  2.739E-01  2.797E-01  2.820E-01  2.807E-01  2.758E-01
  324.5000  3.211E-01  3.277E-01  3.306E-01  3.290E-01  3.232E-01
  325.5000  3.577E-01  3.654E-01  3.684E-01  3.666E-01  3.601E-01
  326.5000  4.483E-01  4.574E-01  4.609E-01  4.588E-01  4.511E-01
  327.5000  4.132E-01  4.217E-01  4.250E-01  4.230E-01  4.158E-01
  328.5000  3.818E-01  3.897E-01  3.927E-01  3.909E-01  3.843E-01
  329.5000  5.076E-01  5.176E-01  5.215E-01  5.192E-01  5.108E-01
  330.5000  4.571E-01  4.662E-01  4.698E-01  4.677E-01  4.599E-01
  331.5000  4.510E-01  4.600E-01  4.635E-01  4.614E-01  4.538E-01
  332.5000  4.522E-01  4.609E-01  4.643E-01  4.623E-01  4.549E-01
  333.5000  4.219E-01  4.302E-01  4.334E-01  4.315E-01  4.245E-01
  334.5000  4.734E-01  4.826E-01  4.862E-01  4.840E-01  4.763E-01
  335.5000  4.840E-01  4.932E-01  4.968E-01  4.947E-01  4.869E-01
  336.5000  3.776E-01  3.849E-01  3.877E-01  3.860E-01  3.799E-01
  337.5000  4.124E-01  4.203E-01  4.234E-01  4.216E-01  4.148E-01
  338.5000  4.391E-01  4.474E-01  4.507E-01  4.488E-01  4.417E-01
  339.5000  4.781E-01  4.871E-01  4.906E-01  4.885E-01  4.809E-01
  340.5000  5.098E-01  5.194E-01  5.232E-01  5.210E-01  5.128E-01
  341.5000  4.548E-01  4.634E-01  4.667E-01  4.647E-01  4.575E-01
  342.5000  5.044E-01  5.139E-01  5.176E-01  5.154E-01  5.074E-01
  343.5000  5.234E-01  5.332E-01  5.370E-01  5.347E-01  5.264E-01
  344.5000  3.664E-01  3.733E-01  3.759E-01  3.743E-01  3.685E-01
  345.5000  5.041E-01  5.135E-01  5.172E-01  5.150E-01  5.071E-01
  346.5000  4.706E-01  4.794E-01  4.828E-01  4.808E-01  4.734E-01
  347.5000  4.601E-01  4.687E-01  4.720E-01  4.700E-01  4.628E-01
  348.5000  5.063E-01  5.157E-01  5.193E-01  5.171E-01  5.092E-01
  349.5000  4.243E-01  4.322E-01  4.353E-01  4.334E-01  4.268E-01
  350.5000  5.944E-01  6.054E-01  6.097E-01  6.071E-01  5.978E-01
  351.5000  5.123E-01  5.217E-01  5.254E-01  5.232E-01  5.152E-01
  352.5000  4.622E-01  4.708E-01  4.741E-01  4.721E-01  4.649E-01
  353.5000  5.568E-01  5.670E-01  5.710E-01  5.687E-01  5.600E-01
  354.5000  6.030E-01  6.140E-01  6.184E-01  6.158E-01  6.065E-01
  355.5000  5.637E-01  5.740E-01  5.780E-01  5.756E-01  5.669E-01
  356.5000  5.232E-01  5.328E-01  5.365E-01  5.343E-01  5.262E-01
  357.5000  4.450E-01  4.531E-01  4.563E-01  4.544E-01  4.475E-01
  358.5000  3.435E-01  3.498E-01  3.522E-01  3.508E-01  3.455E-01
  359.5000  5.782E-01  5.888E-01  5.928E-01  5.904E-01  5.815E-01
  360.5000  5.361E-01  5.458E-01  5.496E-01  5.474E-01  5.391E-01
  361.5000  4.835E-01  4.922E-01  4.957E-01  4.936E-01  4.862E-01
  362.5000  5.679E-01  5.782E-01  5.822E-01  5.798E-01  5.711E-01
  363.5000  5.053E-01  5.144E-01  5.180E-01  5.159E-01  5.082E-01
  364.5000  5.513E-01  5.613E-01  5.652E-01  5.629E-01  5.544E-01
  365.5000  6.719E-01  6.840E-01  6.887E-01  6.859E-01  6.757E-01
  366.5000  7.113E-01  7.241E-01  7.290E-01  7.261E-01  7.153E-01
  367.5000  6.755E-01  6.876E-01  6.924E-01  6.896E-01  6.793E-01
  368.5000  5.935E-01  6.042E-01  6.083E-01  6.059E-01  5.969E-01
  369.5000  7.121E-01  7.248E-01  7.298E-01  7.269E-01  7.161E-01
  370.5000  6.462E-01  6.577E-01  6.622E-01  6.596E-01  6.498E-01
  371.5000  7.395E-01  7.527E-01  7.578E-01  7.548E-01  7.436E-01
  372.5000  5.464E-01  5.561E-01  5.599E-01  5.576E-01  5.494E-01
  373.5000  4.939E-01  5.027E-01  5.061E-01  5.041E-01  4.967E-01
  374.5000  5.422E-01  5.518E-01  5.556E-01  5.534E-01  5.452E-01
  375.5000  6.119E-01  6.227E-01  6.269E-01  6.244E-01  6.153E-01
  376.5000  6.111E-01  6.219E-01  6.262E-01  6.237E-01  6.145E-01
  377.5000  7.279E-01  7.407E-01  7.457E-01  7.428E-01  7.319E-01
  378.5000  7.934E-01  8.075E-01  8.129E-01  8.097E-01  7.978E-01
  379.5000  5.871E-01  5.975E-01  6.015E-01  5.991E-01  5.904E-01
  380.5000  7.062E-01  7.187E-01  7.235E-01  7.206E-01  7.101E-01
  381.5000  6.638E-01  6.754E-01  6.800E-01  6.773E-01  6.674E-01
  382.5000  4.424E-01  4.501E-01  4.532E-01  4.514E-01  4.448E-01
  383.5000  3.885E-01  3.953E-01  3.980E-01  3.964E-01  3.906E-01
  384.5000  5.832E-01  5.934E-01  5.973E-01  5.950E-01  5.864E-01
  385.5000  5.771E-01  5.872E-01  5.911E-01  5.888E-01  5.802E-01
  386.5000  5.883E-01  5.986E-01  6.026E-01  6.002E-01  5.916E-01
  387.5000  5.469E-01  5.564E-01  5.601E-01  5.579E-01  5.499E-01
  388.5000  5.483E-01  5.578E-01  5.615E-01  5.593E-01  5.512E-01
  389.5000  6.915E-01  7.035E-01  7.082E-01  7.055E-01  6.953E-01
  390.5000  6.794E-01  6.912E-01  6.958E-01  6.930E-01  6.830E-01
  391.5000  8.061E-01  8.201E-01  8.255E-01  8.223E-01  8.105E-01
  392.5000  6.046E-01  6.151E-01  6.192E-01  6.167E-01  6.079E-01
  393.5000  2.629E-01  2.675E-01  2.692E-01  2.682E-01  2.643E-01
  394.5000  6.187E-01  6.294E-01  6.336E-01  6.311E-01  6.221E-01
  395.5000  7.962E-01  8.100E-01  8.153E-01  8.122E-01  8.006E-01
  396.5000  4.676E-01  4.757E-01  4.788E-01  4.770E-01  4.702E-01
  397.5000  5.397E-01  5.490E-01  5.527E-01  5.505E-01  5.427E-01
  398.5000  9.277E-01  9.436E-01  9.498E-01  9.461E-01  9.326E-01
  399.5000  9.651E-01  9.816E-01  9.881E-01  9.843E-01  9.703E-01
  400.5000  1.015E+00  1.032E+00  1.039E+00  1.035E+00  1.020E+00
  401.5000  1.044E+00  1.062E+00  1.069E+00  1.065E+00  1.050E+00
  402.5000  1.084E+00  1.103E+00  1.110E+00  1.106E+00  1.090E+00
  403.5000  9.927E-01  1.010E+00  1.016E+00  1.012E+00  9.980E-01
  404.5000  9.738E-01  9.904E-01  9.969E-01  9.931E-01  9.790E-01
  405.5000  1.012E+00  1.029E+00  1.036E+00  1.032E+00  1.017E+00
  406.5000  9.532E-01  9.694E-01  9.757E-01  9.720E-01  9.583E-01
  407.5000  9.612E-01  9.775E-01  9.839E-01  9.801E-01  9.663E-01
  408.5000  1.071E+00  1.089E+00  1.096E+00  1.092E+00  1.076E+00
  409.5000  1.050E+00  1.068E+00  1.075E+00  1.070E+00  1.055E+00
  410.5000  9.105E-01  9.260E-01  9.320E-01  9.284E-01  9.154E-01
  411.5000  1.095E+00  1.113E+00  1.120E+00  1.116E+00  1.100E+00
  412.5000  1.085E+00  1.104E+00  1.111E+00  1.106E+00  1.091E+00
  413.5000  1.053E+00  1.070E+00  1.077E+00  1.073E+00  1.058E+00
  414.5000  1.082E+00  1.100E+00  1.107E+00  1.103E+00  1.088E+00
  415.5000  1.035E+00  1.053E+00  1.059E+00  1.055E+00  1.041E+00
  416.5000  1.127E+00  1.146E+00  1.153E+00  1.149E+00  1.133E+00
  417.5000  1.030E+00  1.048E+00  1.054E+00  1.050E+00  1.036E+00
  418.5000  1.039E+00  1.056E+00  1.063E+00  1.059E+00  1.044E+00
  419.5000  1.073E+00  1.091E+00  1.098E+00  1.094E+00  1.079E+00
------------------------------------------------------------
Dose rates, W m-2
   1 = UV-B, 280-315 nm                                  
   2 = UV-A, 315-400 nm                                  
   3 = Gaussian, 320 nm, 10 nm FWHM                      
   4 = RB Meter, model 501                               
   5 = DNA damage, in vitro (Setlow, 1974)               
   6 = UV index (WMO, 1994; Webb et al., 2011)           
   7 = Previtamin-D3 (CIE 2006)                          
values at z =      0.000 km
Columns: time, sza, weighting spectra
time, hrs.  sza, deg.          1          2          3          4          5          6          7
   11.0000     45.372  8.720E-01  4.355E+01  2.459E-01  2.423E-01  1.764E-03  4.511E+00  1.971E-01
   11.5000     44.573  9.030E-01  4.436E+01  2.516E-01  2.511E-01  1.852E-03  4.670E+00  2.054E-01
   12.0000     44.259  9.152E-01  4.467E+01  2.539E-01  2.545E-01  1.886E-03  4.733E+00  2.086E-01
   12.5000     44.445  9.079E-01  4.448E+01  2.526E-01  2.525E-01  1.866E-03  4.696E+00  2.067E-01
   13.0000     45.123  8.812E-01  4.381E+01  2.477E-01  2.450E-01  1.791E-03  4.559E+00  1.996E-01
------------------------------------------------------------
