Spectral Irradiance, W m-2 nm-1
values at z =      0.000 km
Columns: wavelength (nm), times (hrs.) or sza (deg.)
    wc, nm     11.000     11.500     12.000     12.500     13.000
    sza =      98.328     97.939     97.787     97.873     98.196
  280.5000  0.000E+00  0.000E+00  0.000E+00  0.000E+00  0.000E+00
  281.5000  0.000E+00  0.000E+00  0.000E+00  0.000E+00  0.000E+00
  282.5000  0.000E+00  0.000E+00  0.000E+00  0.000E+00  0.000E+00
  283.5000  0.000E+00  0.000E+00  0.000E+00  0.000E+00  0.000E+00
  284.5000  0.000E+00  0.000E+00  0.000E+00  0.000E+00  0.000E+00
  285.5000  0.000E+00  0.000E+00  0.000E+00  0.000E+00  0.000E+00
  286.5000  0.000E+00  0.000E+00  0.000E+00  0.000E+00  0.000E+00
  287.5000  0.000E+00  0.000E+00  0.000E+00  0.000E+00  0.000E+00
  288.5000  0.000E+00  0.000E+00  0.000E+00  0.000E+00  0.000E+00
  289.5000  0.000E+00  0.000E+00  0.000E+00  0.000E+00  0.000E+00
  290.5000  0.000E+00  0.000E+00  0.000E+00  0.000E+00  0.000E+00
  291.5000  0.000E+00  0.000E+00  0.000E+00  0.000E+00  0.000E+00
  292.5000  0.000E+00  0.000E+00  0.000E+00  0.000E+00  0.000E+00
  293.5000  0.000E+00  0.000E+00  0.000E+00  0.000E+00  0.000E+00
  294.5000  0.000E+00  0.000E+00  0.000E+00  0.000E+00  0.000E+00
  295.5000  0.000E+00  0.000E+00  0.000E+00  0.000E+00  0.000E+00
  296.5000  0.000E+00  0.000E+00  0.000E+00  0.000E+00  0.000E+00
  297.5000  0.000E+00  0.000E+00  0.000E+00  0.000E+00  0.000E+00
  298.5000  0.000E+00  0.000E+00  0.000E+00  0.000E+00  0.000E+00
  299.5000  0.000E+00  0.000E+00  0.000E+00  0.000E+00  0.000E+00
  300.5000  0.000E+00  0.000E+00  0.000E+00  0.000E+00  0.000E+00
  301.5000  1.401E-45  6.166E-44  3.408E-41  4.330E-43  5.605E-45
  302.5000  1.044E-42  4.235E-40  1.465E-37  2.742E-39  2.170E-41
  303.5000  2.334E-38  1.993E-35  3.874E-33  1.143E-34  6.540E-37
  304.5000  6.283E-36  7.686E-33  1.075E-30  4.094E-32  2.019E-34
  305.5000  2.925E-32  6.637E-29  5.674E-27  3.172E-28  1.198E-30
  306.5000  1.110E-30  2.995E-27  2.053E-25  1.357E-26  4.834E-29
  307.5000  1.406E-27  6.142E-24  2.792E-22  2.533E-23  7.388E-26
  308.5000  2.283E-26  1.091E-22  4.210E-21  4.314E-22  1.232E-24
  309.5000  1.841E-24  1.149E-20  3.375E-19  4.257E-20  1.099E-22
  310.5000  6.447E-23  4.673E-19  1.129E-17  1.649E-18  4.053E-21
  311.5000  7.526E-22  5.733E-18  1.207E-16  1.950E-17  4.790E-20
  312.5000  3.173E-20  2.964E-16  4.998E-15  9.552E-16  2.176E-18
  313.5000  9.903E-20  8.728E-16  1.378E-14  2.755E-15  6.579E-18
  314.5000  2.496E-18  2.569E-14  3.345E-13  7.726E-14  1.753E-16
  315.5000  4.987E-18  4.710E-14  5.866E-13  1.394E-13  3.356E-16
  316.5000  6.090E-17  6.308E-13  6.771E-12  1.796E-12  4.223E-15
  317.5000  1.034E-16  9.425E-13  9.922E-12  2.656E-12  6.757E-15
  318.5000  8.039E-16  7.907E-12  7.267E-11  2.150E-11  5.381E-14
  319.5000  1.723E-15  1.555E-11  1.374E-10  4.168E-11  1.106E-13
  320.5000  4.056E-15  3.394E-11  2.861E-10  8.948E-11  2.507E-13
  321.5000  2.684E-14  2.388E-10  1.787E-09  6.099E-10  1.690E-12
  322.5000  7.538E-15  5.183E-11  4.102E-10  1.332E-10  4.247E-13
  323.5000  9.043E-14  6.896E-10  4.740E-09  1.709E-09  5.280E-12
  324.5000  1.140E-13  7.695E-10  5.219E-09  1.891E-09  6.296E-12
  325.5000  1.130E-13  6.629E-10  4.473E-09  1.618E-09  5.859E-12
  326.5000  7.346E-13  4.467E-09  2.733E-08  1.061E-08  3.841E-11
  327.5000  4.897E-13  2.548E-09  1.571E-08  6.033E-09  2.389E-11
  328.5000  5.464E-13  2.560E-09  1.542E-08  5.996E-09  2.541E-11
  329.5000  2.506E-12  1.177E-08  6.588E-08  2.700E-08  1.160E-10
  330.5000  1.674E-12  6.781E-09  3.814E-08  1.549E-08  7.252E-11
  331.5000  1.763E-12  6.395E-09  3.545E-08  1.449E-08  7.266E-11
  332.5000  4.472E-12  1.586E-08  8.299E-08  3.530E-08  1.816E-10
  333.5000  3.464E-12  1.077E-08  5.632E-08  2.385E-08  1.327E-10
  334.5000  5.359E-12  1.539E-08  7.834E-08  3.372E-08  1.977E-10
  335.5000  9.127E-12  2.472E-08  1.215E-07  5.349E-08  3.271E-10
  336.5000  7.371E-12  1.799E-08  8.731E-08  3.863E-08  2.519E-10
  337.5000  7.138E-12  1.548E-08  7.486E-08  3.306E-08  2.314E-10
  338.5000  1.286E-11  2.647E-08  1.234E-07  5.583E-08  4.062E-10
  339.5000  1.691E-11  3.199E-08  1.463E-07  6.688E-08  5.136E-10
  340.5000  1.786E-11  3.052E-08  1.384E-07  6.340E-08  5.181E-10
  341.5000  2.211E-11  3.533E-08  1.561E-07  7.267E-08  6.212E-10
  342.5000  2.893E-11  4.260E-08  1.850E-07  8.692E-08  7.827E-10
  343.5000  3.187E-11  4.288E-08  1.839E-07  8.687E-08  8.276E-10
  344.5000  2.343E-11  2.881E-08  1.222E-07  5.799E-08  5.840E-10
  345.5000  4.410E-11  5.095E-08  2.109E-07  1.016E-07  1.067E-09
  346.5000  4.139E-11  4.363E-08  1.789E-07  8.645E-08  9.606E-10
  347.5000  4.622E-11  4.508E-08  1.821E-07  8.869E-08  1.035E-09
  348.5000  5.960E-11  5.401E-08  2.146E-07  1.055E-07  1.290E-09
  349.5000  5.576E-11  4.679E-08  1.834E-07  9.073E-08  1.165E-09
  350.5000  8.835E-11  6.882E-08  2.659E-07  1.325E-07  1.783E-09
  351.5000  8.384E-11  6.055E-08  2.309E-07  1.158E-07  1.635E-09
  352.5000  8.560E-11  5.754E-08  2.163E-07  1.093E-07  1.615E-09
  353.5000  1.173E-10  7.354E-08  2.726E-07  1.388E-07  2.143E-09
  354.5000  1.438E-10  8.411E-08  3.075E-07  1.577E-07  2.543E-09
  355.5000  1.495E-10  8.157E-08  2.943E-07  1.520E-07  2.561E-09
  356.5000  1.536E-10  7.825E-08  2.788E-07  1.449E-07  2.550E-09
  357.5000  1.441E-10  6.856E-08  2.413E-07  1.261E-07  2.318E-09
  358.5000  1.240E-10  5.523E-08  1.919E-07  1.010E-07  1.935E-09
  359.5000  2.303E-10  9.603E-08  3.297E-07  1.746E-07  3.485E-09
  360.5000  2.354E-10  9.204E-08  3.123E-07  1.663E-07  3.459E-09
  361.5000  2.349E-10  8.621E-08  2.890E-07  1.549E-07  3.352E-09
  362.5000  3.041E-10  1.048E-07  3.473E-07  1.872E-07  4.216E-09
  363.5000  2.971E-10  9.627E-08  3.153E-07  1.710E-07  4.003E-09
  364.5000  3.545E-10  1.080E-07  3.500E-07  1.908E-07  4.643E-09
  365.5000  4.711E-10  1.352E-07  4.331E-07  2.375E-07  6.001E-09
  366.5000  5.462E-10  1.477E-07  4.681E-07  2.581E-07  6.771E-09
  367.5000  5.674E-10  1.448E-07  4.539E-07  2.517E-07  6.847E-09
  368.5000  5.429E-10  1.308E-07  4.057E-07  2.261E-07  6.380E-09
  369.5000  7.087E-10  1.613E-07  4.951E-07  2.774E-07  8.111E-09
  370.5000  6.985E-10  1.503E-07  4.567E-07  2.572E-07  7.791E-09
  371.5000  8.677E-10  1.767E-07  5.315E-07  3.009E-07  9.436E-09
  372.5000  6.952E-10  1.341E-07  3.993E-07  2.272E-07  7.372E-09
  373.5000  6.796E-10  1.242E-07  3.663E-07  2.095E-07  7.030E-09
  374.5000  8.060E-10  1.397E-07  4.081E-07  2.345E-07  8.136E-09
  375.5000  9.828E-10  1.617E-07  4.679E-07  2.702E-07  9.685E-09
  376.5000  1.059E-09  1.655E-07  4.745E-07  2.753E-07  1.019E-08
  377.5000  1.359E-09  2.019E-07  5.735E-07  3.343E-07  1.278E-08
  378.5000  1.594E-09  2.253E-07  6.340E-07  3.712E-07  1.464E-08
  379.5000  1.267E-09  1.705E-07  4.755E-07  2.797E-07  1.138E-08
  380.5000  1.637E-09  2.097E-07  5.799E-07  3.426E-07  1.437E-08
  381.5000  1.650E-09  2.016E-07  5.524E-07  3.278E-07  1.417E-08
  382.5000  1.178E-09  1.373E-07  3.730E-07  2.223E-07  9.898E-09
  383.5000  1.107E-09  1.231E-07  3.318E-07  1.986E-07  9.104E-09
  384.5000  1.777E-09  1.888E-07  5.044E-07  3.032E-07  1.430E-08
  385.5000  1.878E-09  1.907E-07  5.054E-07  3.051E-07  1.481E-08
  386.5000  2.044E-09  1.984E-07  5.216E-07  3.161E-07  1.578E-08
  387.5000  2.025E-09  1.881E-07  4.906E-07  2.985E-07  1.532E-08
  388.5000  2.162E-09  1.923E-07  4.975E-07  3.039E-07  1.603E-08
  389.5000  2.901E-09  2.472E-07  6.348E-07  3.893E-07  2.109E-08
  390.5000  3.030E-09  2.475E-07  6.307E-07  3.883E-07  2.160E-08
  391.5000  3.819E-09  2.992E-07  7.567E-07  4.677E-07  2.670E-08
  392.5000  3.040E-09  2.285E-07  5.737E-07  3.559E-07  2.085E-08
  393.5000  1.401E-09  1.012E-07  2.521E-07  1.570E-07  9.432E-09
  394.5000  3.493E-09  2.422E-07  5.993E-07  3.745E-07  2.308E-08
  395.5000  4.757E-09  3.171E-07  7.791E-07  4.886E-07  3.086E-08
  396.5000  2.955E-09  1.895E-07  4.622E-07  2.909E-07  1.883E-08
  397.5000  3.605E-09  2.225E-07  5.389E-07  3.403E-07  2.256E-08
  398.5000  6.544E-09  3.887E-07  9.353E-07  5.927E-07  4.024E-08
  399.5000  7.183E-09  4.110E-07  9.822E-07  6.246E-07  4.341E-08
  400.5000  7.962E-09  4.390E-07  1.042E-06  6.649E-07  4.730E-08
  401.5000  8.629E-09  4.587E-07  1.082E-06  6.926E-07  5.040E-08
  402.5000  9.430E-09  4.836E-07  1.133E-06  7.278E-07  5.417E-08
  403.5000  9.082E-09  4.495E-07  1.047E-06  6.743E-07  5.131E-08
  404.5000  9.367E-09  4.477E-07  1.036E-06  6.695E-07  5.207E-08
  405.5000  1.022E-08  4.720E-07  1.085E-06  7.037E-07  5.593E-08
  406.5000  1.011E-08  4.509E-07  1.031E-06  6.703E-07  5.442E-08
  407.5000  1.068E-08  4.609E-07  1.047E-06  6.830E-07  5.663E-08
  408.5000  1.247E-08  5.201E-07  1.175E-06  7.685E-07  6.506E-08
  409.5000  1.280E-08  5.167E-07  1.160E-06  7.613E-07  6.578E-08
  410.5000  1.162E-08  4.542E-07  1.014E-06  6.672E-07  5.884E-08
  411.5000  1.462E-08  5.535E-07  1.229E-06  8.108E-07  7.293E-08
  412.5000  1.516E-08  5.561E-07  1.228E-06  8.124E-07  7.453E-08
  413.5000  1.537E-08  5.466E-07  1.200E-06  7.963E-07  7.448E-08
  414.5000  1.650E-08  5.689E-07  1.242E-06  8.265E-07  7.880E-08
  415.5000  1.646E-08  5.506E-07  1.195E-06  7.977E-07  7.751E-08
  416.5000  1.867E-08  6.061E-07  1.309E-06  8.758E-07  8.671E-08
  417.5000  1.779E-08  5.605E-07  1.204E-06  8.079E-07  8.147E-08
  418.5000  1.868E-08  5.717E-07  1.222E-06  8.219E-07  8.441E-08
  419.5000  2.010E-08  5.977E-07  1.271E-06  8.571E-07  8.962E-08
------------------------------------------------------------
Dose rates, W m-2
   1 = UV-B, 280-315 nm                                  
   2 = UV-A, 315-400 nm                                  
   3 = Gaussian, 320 nm, 10 nm FWHM                      
   4 = RB Meter, model 501                               
   5 = DNA damage, in vitro (Setlow, 1974)               
   6 = UV index (WMO, 1994; Webb et al., 2011)           
   7 = Previtamin-D3 (CIE 2006)                          
values at z =      0.000 km
Columns: time, sza, weighting spectra
time, hrs.  sza, deg.          1          2          3          4          5          6          7
   11.0000     98.328  2.627E-18  7.423E-08  1.001E-13  1.537E-12  6.357E-15  6.190E-10  1.018E-15
   11.5000     97.939  2.687E-14  8.722E-06  5.284E-10  7.115E-10  4.972E-12  1.121E-07  6.131E-12
   12.0000     97.787  3.534E-13  2.553E-05  3.257E-09  2.921E-09  2.074E-11  3.737E-07  3.982E-11
   12.5000     97.873  8.099E-14  1.459E-05  1.252E-09  1.394E-09  9.883E-12  1.993E-07  1.481E-11
   13.0000     98.196  1.841E-16  5.887E-07  4.869E-12  2.157E-11  1.208E-13  5.723E-09  5.287E-14
------------------------------------------------------------
