Spectral Irradiance, W m-2 nm-1
values at z =      0.000 km
Columns: wavelength (nm), times (hrs.) or sza (deg.)
    wc, nm     11.000     11.500     12.000     12.500     13.000
    sza =      25.217     22.648     21.570     22.208     24.424
  280.5000  7.454E-18  1.556E-17  2.057E-17  1.748E-17  9.458E-18
  281.5000  4.949E-16  9.677E-16  1.248E-15  1.076E-15  6.148E-16
  282.5000  1.244E-14  2.299E-14  2.903E-14  2.533E-14  1.517E-14
  283.5000  9.153E-14  1.631E-13  2.031E-13  1.787E-13  1.103E-13
  284.5000  2.096E-12  3.495E-12  4.244E-12  3.789E-12  2.473E-12
  285.5000  1.330E-11  2.111E-11  2.516E-11  2.271E-11  1.544E-11
  286.5000  2.482E-10  3.794E-10  4.457E-10  4.056E-10  2.847E-10
  287.5000  2.363E-09  3.464E-09  4.005E-09  3.680E-09  2.674E-09
  288.5000  2.055E-08  2.878E-08  3.271E-08  3.035E-08  2.292E-08
  289.5000  1.674E-07  2.269E-07  2.547E-07  2.381E-07  1.847E-07
  290.5000  9.335E-07  1.215E-06  1.368E-06  1.286E-06  1.021E-06
  291.5000  4.275E-06  5.465E-06  6.000E-06  5.681E-06  4.628E-06
  292.5000  1.389E-05  1.731E-05  1.882E-05  1.792E-05  1.491E-05
  293.5000  5.309E-05  6.460E-05  6.960E-05  6.663E-05  5.656E-05
  294.5000  1.256E-04  1.500E-04  1.605E-04  1.543E-04  1.330E-04
  295.5000  3.983E-04  4.663E-04  4.951E-04  4.780E-04  4.191E-04
  296.5000  8.432E-04  9.709E-04  1.024E-03  9.928E-04  8.825E-04
  297.5000  1.914E-03  2.173E-03  2.280E-03  2.216E-03  1.994E-03
  298.5000  2.633E-03  2.952E-03  3.083E-03  3.006E-03  2.732E-03
  299.5000  6.722E-03  7.449E-03  7.746E-03  7.571E-03  6.948E-03
  300.5000  6.989E-03  7.677E-03  7.957E-03  7.792E-03  7.204E-03
  301.5000  1.553E-02  1.689E-02  1.745E-02  1.712E-02  1.596E-02
  302.5000  2.085E-02  2.254E-02  2.322E-02  2.282E-02  2.138E-02
  303.5000  3.883E-02  4.167E-02  4.281E-02  4.214E-02  3.972E-02
  304.5000  4.471E-02  4.778E-02  4.900E-02  4.828E-02  4.568E-02
  305.5000  6.376E-02  6.770E-02  6.927E-02  6.835E-02  6.500E-02
  306.5000  6.884E-02  7.289E-02  7.451E-02  7.356E-02  7.012E-02
  307.5000  1.058E-01  1.114E-01  1.137E-01  1.124E-01  1.076E-01
  308.5000  1.214E-01  1.276E-01  1.301E-01  1.286E-01  1.233E-01
  309.5000  1.115E-01  1.169E-01  1.189E-01  1.177E-01  1.132E-01
  310.5000  1.565E-01  1.635E-01  1.663E-01  1.647E-01  1.587E-01
  311.5000  2.054E-01  2.143E-01  2.178E-01  2.157E-01  2.082E-01
  312.5000  2.074E-01  2.158E-01  2.191E-01  2.172E-01  2.101E-01
  313.5000  2.373E-01  2.466E-01  2.503E-01  2.482E-01  2.403E-01
  314.5000  2.441E-01  2.531E-01  2.567E-01  2.546E-01  2.470E-01
  315.5000  2.534E-01  2.627E-01  2.663E-01  2.642E-01  2.563E-01
  316.5000  2.580E-01  2.669E-01  2.704E-01  2.684E-01  2.609E-01
  317.5000  3.650E-01  3.776E-01  3.825E-01  3.796E-01  3.690E-01
  318.5000  2.929E-01  3.025E-01  3.062E-01  3.040E-01  2.960E-01
  319.5000  3.588E-01  3.704E-01  3.749E-01  3.723E-01  3.625E-01
  320.5000  4.386E-01  4.525E-01  4.580E-01  4.548E-01  4.430E-01
  321.5000  3.791E-01  3.905E-01  3.950E-01  3.924E-01  3.827E-01
  322.5000  3.766E-01  3.876E-01  3.929E-01  3.902E-01  3.803E-01
  323.5000  3.961E-01  4.077E-01  4.122E-01  4.096E-01  3.998E-01
  324.5000  4.645E-01  4.781E-01  4.834E-01  4.803E-01  4.688E-01
  325.5000  5.192E-01  5.346E-01  5.406E-01  5.370E-01  5.241E-01
  326.5000  6.367E-01  6.547E-01  6.617E-01  6.576E-01  6.424E-01
  327.5000  5.905E-01  6.073E-01  6.139E-01  6.101E-01  5.959E-01
  328.5000  5.453E-01  5.607E-01  5.668E-01  5.633E-01  5.502E-01
  329.5000  7.132E-01  7.327E-01  7.404E-01  7.360E-01  7.194E-01
  330.5000  6.459E-01  6.639E-01  6.709E-01  6.668E-01  6.517E-01
  331.5000  6.378E-01  6.555E-01  6.625E-01  6.584E-01  6.434E-01
  332.5000  6.319E-01  6.490E-01  6.557E-01  6.518E-01  6.373E-01
  333.5000  5.921E-01  6.082E-01  6.146E-01  6.109E-01  5.973E-01
  334.5000  6.623E-01  6.803E-01  6.873E-01  6.832E-01  6.681E-01
  335.5000  6.732E-01  6.912E-01  6.982E-01  6.941E-01  6.789E-01
  336.5000  5.257E-01  5.398E-01  5.454E-01  5.421E-01  5.302E-01
  337.5000  5.759E-01  5.915E-01  5.975E-01  5.940E-01  5.809E-01
  338.5000  6.095E-01  6.257E-01  6.321E-01  6.283E-01  6.147E-01
  339.5000  6.627E-01  6.803E-01  6.871E-01  6.831E-01  6.683E-01
  340.5000  7.076E-01  7.265E-01  7.338E-01  7.295E-01  7.136E-01
  341.5000  6.293E-01  6.459E-01  6.523E-01  6.486E-01  6.346E-01
  342.5000  6.971E-01  7.155E-01  7.226E-01  7.184E-01  7.030E-01
  343.5000  7.236E-01  7.427E-01  7.501E-01  7.457E-01  7.297E-01
  344.5000  5.068E-01  5.202E-01  5.254E-01  5.223E-01  5.111E-01
  345.5000  6.951E-01  7.133E-01  7.204E-01  7.162E-01  7.009E-01
  346.5000  6.496E-01  6.666E-01  6.733E-01  6.694E-01  6.550E-01
  347.5000  6.346E-01  6.512E-01  6.577E-01  6.539E-01  6.399E-01
  348.5000  6.975E-01  7.157E-01  7.228E-01  7.186E-01  7.033E-01
  349.5000  5.844E-01  5.996E-01  6.055E-01  6.020E-01  5.892E-01
  350.5000  8.180E-01  8.393E-01  8.475E-01  8.427E-01  8.248E-01
  351.5000  7.048E-01  7.231E-01  7.302E-01  7.260E-01  7.106E-01
  352.5000  6.355E-01  6.519E-01  6.584E-01  6.546E-01  6.407E-01
  353.5000  7.649E-01  7.846E-01  7.923E-01  7.878E-01  7.712E-01
  354.5000  8.277E-01  8.490E-01  8.573E-01  8.525E-01  8.345E-01
  355.5000  7.733E-01  7.932E-01  8.010E-01  7.964E-01  7.797E-01
  356.5000  7.174E-01  7.359E-01  7.431E-01  7.388E-01  7.233E-01
  357.5000  6.099E-01  6.255E-01  6.316E-01  6.281E-01  6.149E-01
  358.5000  4.705E-01  4.826E-01  4.873E-01  4.845E-01  4.744E-01
  359.5000  7.917E-01  8.119E-01  8.198E-01  8.152E-01  7.981E-01
  360.5000  7.336E-01  7.523E-01  7.596E-01  7.553E-01  7.396E-01
  361.5000  6.612E-01  6.781E-01  6.847E-01  6.808E-01  6.666E-01
  362.5000  7.763E-01  7.960E-01  8.037E-01  7.992E-01  7.826E-01
  363.5000  6.904E-01  7.079E-01  7.148E-01  7.108E-01  6.960E-01
  364.5000  7.529E-01  7.720E-01  7.795E-01  7.751E-01  7.590E-01
  365.5000  9.172E-01  9.404E-01  9.495E-01  9.442E-01  9.246E-01
  366.5000  9.704E-01  9.950E-01  1.005E+00  9.989E-01  9.783E-01
  367.5000  9.212E-01  9.444E-01  9.535E-01  9.482E-01  9.286E-01
  368.5000  8.090E-01  8.294E-01  8.373E-01  8.327E-01  8.155E-01
  369.5000  9.702E-01  9.946E-01  1.004E+00  9.985E-01  9.779E-01
  370.5000  8.800E-01  9.021E-01  9.107E-01  9.056E-01  8.870E-01
  371.5000  1.007E+00  1.032E+00  1.042E+00  1.036E+00  1.015E+00
  372.5000  7.434E-01  7.620E-01  7.692E-01  7.650E-01  7.493E-01
  373.5000  6.717E-01  6.885E-01  6.951E-01  6.912E-01  6.771E-01
  374.5000  7.371E-01  7.555E-01  7.627E-01  7.585E-01  7.429E-01
  375.5000  8.314E-01  8.521E-01  8.602E-01  8.555E-01  8.380E-01
  376.5000  8.300E-01  8.507E-01  8.588E-01  8.540E-01  8.366E-01
  377.5000  9.881E-01  1.013E+00  1.022E+00  1.017E+00  9.960E-01
  378.5000  1.077E+00  1.103E+00  1.114E+00  1.108E+00  1.085E+00
  379.5000  7.964E-01  8.162E-01  8.239E-01  8.194E-01  8.027E-01
  380.5000  9.576E-01  9.813E-01  9.906E-01  9.851E-01  9.652E-01
  381.5000  8.996E-01  9.219E-01  9.306E-01  9.255E-01  9.067E-01
  382.5000  5.993E-01  6.141E-01  6.199E-01  6.165E-01  6.040E-01
  383.5000  5.261E-01  5.391E-01  5.442E-01  5.412E-01  5.303E-01
  384.5000  7.894E-01  8.089E-01  8.165E-01  8.120E-01  7.956E-01
  385.5000  7.808E-01  8.001E-01  8.076E-01  8.032E-01  7.870E-01
  386.5000  7.958E-01  8.153E-01  8.230E-01  8.185E-01  8.020E-01
  387.5000  7.394E-01  7.576E-01  7.646E-01  7.605E-01  7.452E-01
  388.5000  7.410E-01  7.592E-01  7.662E-01  7.621E-01  7.468E-01
  389.5000  9.343E-01  9.571E-01  9.661E-01  9.608E-01  9.416E-01
  390.5000  9.175E-01  9.399E-01  9.487E-01  9.435E-01  9.246E-01
  391.5000  1.088E+00  1.115E+00  1.125E+00  1.119E+00  1.097E+00
  392.5000  8.159E-01  8.358E-01  8.436E-01  8.390E-01  8.222E-01
  393.5000  3.546E-01  3.633E-01  3.667E-01  3.647E-01  3.574E-01
  394.5000  8.344E-01  8.547E-01  8.626E-01  8.580E-01  8.408E-01
  395.5000  1.073E+00  1.099E+00  1.110E+00  1.104E+00  1.082E+00
  396.5000  6.302E-01  6.455E-01  6.514E-01  6.479E-01  6.350E-01
  397.5000  7.270E-01  7.447E-01  7.515E-01  7.475E-01  7.327E-01
  398.5000  1.249E+00  1.279E+00  1.291E+00  1.284E+00  1.259E+00
  399.5000  1.299E+00  1.330E+00  1.343E+00  1.336E+00  1.309E+00
  400.5000  1.365E+00  1.398E+00  1.411E+00  1.404E+00  1.376E+00
  401.5000  1.405E+00  1.439E+00  1.452E+00  1.444E+00  1.415E+00
  402.5000  1.458E+00  1.493E+00  1.507E+00  1.499E+00  1.469E+00
  403.5000  1.334E+00  1.366E+00  1.379E+00  1.372E+00  1.345E+00
  404.5000  1.309E+00  1.340E+00  1.352E+00  1.345E+00  1.319E+00
  405.5000  1.359E+00  1.392E+00  1.405E+00  1.397E+00  1.370E+00
  406.5000  1.280E+00  1.311E+00  1.323E+00  1.316E+00  1.290E+00
  407.5000  1.290E+00  1.321E+00  1.333E+00  1.326E+00  1.300E+00
  408.5000  1.437E+00  1.471E+00  1.485E+00  1.477E+00  1.448E+00
  409.5000  1.408E+00  1.442E+00  1.455E+00  1.447E+00  1.419E+00
  410.5000  1.221E+00  1.250E+00  1.262E+00  1.255E+00  1.230E+00
  411.5000  1.468E+00  1.503E+00  1.516E+00  1.508E+00  1.479E+00
  412.5000  1.454E+00  1.489E+00  1.503E+00  1.495E+00  1.465E+00
  413.5000  1.410E+00  1.444E+00  1.457E+00  1.449E+00  1.421E+00
  414.5000  1.449E+00  1.484E+00  1.497E+00  1.489E+00  1.460E+00
  415.5000  1.386E+00  1.419E+00  1.432E+00  1.424E+00  1.397E+00
  416.5000  1.508E+00  1.544E+00  1.558E+00  1.550E+00  1.520E+00
  417.5000  1.379E+00  1.412E+00  1.424E+00  1.417E+00  1.389E+00
  418.5000  1.389E+00  1.422E+00  1.435E+00  1.428E+00  1.400E+00
  419.5000  1.435E+00  1.469E+00  1.482E+00  1.475E+00  1.446E+00
------------------------------------------------------------
Dose rates, W m-2
   1 = UV-B, 280-315 nm                                  
   2 = UV-A, 315-400 nm                                  
   3 = Gaussian, 320 nm, 10 nm FWHM                      
   4 = RB Meter, model 501                               
   5 = DNA damage, in vitro (Setlow, 1974)               
   6 = UV index (WMO, 1994; Webb et al., 2011)           
   7 = Previtamin-D3 (CIE 2006)                          
values at z =      0.000 km
Columns: time, sza, weighting spectra
time, hrs.  sza, deg.          1          2          3          4          5          6          7
   11.0000     25.217  1.662E+00  5.996E+01  3.697E-01  4.754E-01  4.598E-03  8.885E+00  4.306E-01
   11.5000     22.648  1.741E+00  6.151E+01  3.814E-01  4.995E-01  4.931E-03  9.352E+00  4.553E-01
   12.0000     21.570  1.772E+00  6.212E+01  3.861E-01  5.091E-01  5.065E-03  9.538E+00  4.651E-01
   12.5000     22.208  1.754E+00  6.177E+01  3.834E-01  5.035E-01  4.986E-03  9.429E+00  4.593E-01
   13.0000     24.424  1.687E+00  6.046E+01  3.735E-01  4.830E-01  4.703E-03  9.033E+00  4.384E-01
------------------------------------------------------------
