Spectral Irradiance, W m-2 nm-1
values at z =      0.000 km
Columns: wavelength (nm), times (hrs.) or sza (deg.)
    wc, nm     11.000     11.500     12.000     12.500     13.000
    sza =      25.379     21.723     20.128     21.070     24.254
  280.5000  5.667E-14  1.239E-13  1.663E-13  1.402E-13  7.331E-14
  281.5000  1.652E-12  3.373E-12  4.412E-12  3.777E-12  2.090E-12
  282.5000  2.048E-11  3.942E-11  5.043E-11  4.372E-11  2.541E-11
  283.5000  9.524E-11  1.764E-10  2.224E-10  1.945E-10  1.167E-10
  284.5000  8.941E-10  1.632E-09  2.004E-09  1.779E-09  1.131E-09
  285.5000  3.227E-09  5.293E-09  6.377E-09  5.725E-09  3.798E-09
  286.5000  3.742E-08  5.885E-08  7.002E-08  6.340E-08  4.347E-08
  287.5000  2.101E-07  3.170E-07  3.701E-07  3.383E-07  2.406E-07
  288.5000  1.030E-06  1.481E-06  1.698E-06  1.568E-06  1.160E-06
  289.5000  5.560E-06  7.727E-06  8.747E-06  8.140E-06  6.196E-06
  290.5000  2.195E-05  2.964E-05  3.319E-05  3.068E-05  2.423E-05
  291.5000  6.796E-05  8.881E-05  9.824E-05  9.266E-05  7.421E-05
  292.5000  1.602E-04  2.038E-04  2.232E-04  2.117E-04  1.734E-04
  293.5000  4.527E-04  5.617E-04  6.093E-04  5.813E-04  4.860E-04
  294.5000  8.456E-04  1.029E-03  1.108E-03  1.061E-03  9.019E-04
  295.5000  2.085E-03  2.484E-03  2.654E-03  2.554E-03  2.208E-03
  296.5000  3.581E-03  4.193E-03  4.451E-03  4.300E-03  3.772E-03
  297.5000  6.769E-03  7.806E-03  8.237E-03  7.984E-03  7.093E-03
  298.5000  7.976E-03  9.080E-03  9.536E-03  9.269E-03  8.323E-03
  299.5000  1.759E-02  1.979E-02  2.069E-02  2.016E-02  1.829E-02
  300.5000  1.636E-02  1.823E-02  1.899E-02  1.854E-02  1.685E-02
  301.5000  3.218E-02  3.551E-02  3.685E-02  3.606E-02  3.324E-02
  302.5000  3.989E-02  4.372E-02  4.526E-02  4.436E-02  4.111E-02
  303.5000  6.763E-02  7.355E-02  7.592E-02  7.453E-02  6.952E-02
  304.5000  7.376E-02  7.985E-02  8.228E-02  8.086E-02  7.570E-02
  305.5000  9.703E-02  1.043E-01  1.072E-01  1.055E-01  9.936E-02
  306.5000  1.012E-01  1.085E-01  1.114E-01  1.097E-01  1.035E-01
  307.5000  1.442E-01  1.551E-01  1.590E-01  1.567E-01  1.486E-01
  308.5000  1.627E-01  1.731E-01  1.773E-01  1.749E-01  1.661E-01
  309.5000  1.432E-01  1.518E-01  1.552E-01  1.532E-01  1.459E-01
  310.5000  1.947E-01  2.058E-01  2.102E-01  2.077E-01  1.983E-01
  311.5000  2.503E-01  2.642E-01  2.697E-01  2.665E-01  2.548E-01
  312.5000  2.438E-01  2.565E-01  2.615E-01  2.586E-01  2.478E-01
  313.5000  2.764E-01  2.905E-01  2.961E-01  2.929E-01  2.809E-01
  314.5000  2.756E-01  2.890E-01  2.943E-01  2.912E-01  2.800E-01
  315.5000  2.846E-01  2.983E-01  3.036E-01  3.005E-01  2.890E-01
  316.5000  2.829E-01  2.959E-01  3.010E-01  2.980E-01  2.871E-01
  317.5000  4.000E-01  4.184E-01  4.256E-01  4.214E-01  4.059E-01
  318.5000  3.140E-01  3.278E-01  3.332E-01  3.301E-01  3.185E-01
  319.5000  3.830E-01  3.996E-01  4.062E-01  4.023E-01  3.884E-01
  320.5000  4.657E-01  4.857E-01  4.936E-01  4.890E-01  4.722E-01
  321.5000  3.945E-01  4.107E-01  4.171E-01  4.134E-01  3.997E-01
  322.5000  3.979E-01  4.147E-01  4.213E-01  4.175E-01  4.033E-01
  323.5000  4.084E-01  4.249E-01  4.313E-01  4.276E-01  4.137E-01
  324.5000  4.793E-01  4.986E-01  5.062E-01  5.018E-01  4.856E-01
  325.5000  5.375E-01  5.592E-01  5.678E-01  5.628E-01  5.445E-01
  326.5000  6.483E-01  6.733E-01  6.835E-01  6.777E-01  6.564E-01
  327.5000  6.043E-01  6.281E-01  6.374E-01  6.320E-01  6.120E-01
  328.5000  5.579E-01  5.798E-01  5.884E-01  5.834E-01  5.650E-01
  329.5000  7.208E-01  7.484E-01  7.591E-01  7.529E-01  7.297E-01
  330.5000  6.562E-01  6.813E-01  6.914E-01  6.856E-01  6.643E-01
  331.5000  6.485E-01  6.735E-01  6.833E-01  6.774E-01  6.565E-01
  332.5000  6.368E-01  6.609E-01  6.703E-01  6.648E-01  6.446E-01
  333.5000  5.990E-01  6.218E-01  6.307E-01  6.255E-01  6.064E-01
  334.5000  6.687E-01  6.940E-01  7.039E-01  6.981E-01  6.769E-01
  335.5000  6.768E-01  7.021E-01  7.120E-01  7.062E-01  6.849E-01
  336.5000  5.292E-01  5.490E-01  5.567E-01  5.522E-01  5.356E-01
  337.5000  5.814E-01  6.032E-01  6.118E-01  6.068E-01  5.884E-01
  338.5000  6.126E-01  6.353E-01  6.442E-01  6.390E-01  6.199E-01
  339.5000  6.656E-01  6.903E-01  6.999E-01  6.943E-01  6.736E-01
  340.5000  7.119E-01  7.383E-01  7.486E-01  7.426E-01  7.204E-01
  341.5000  6.316E-01  6.549E-01  6.640E-01  6.587E-01  6.391E-01
  342.5000  6.995E-01  7.252E-01  7.352E-01  7.294E-01  7.078E-01
  343.5000  7.266E-01  7.533E-01  7.637E-01  7.576E-01  7.352E-01
  344.5000  5.093E-01  5.280E-01  5.353E-01  5.311E-01  5.153E-01
  345.5000  6.970E-01  7.225E-01  7.324E-01  7.266E-01  7.052E-01
  346.5000  6.522E-01  6.760E-01  6.854E-01  6.799E-01  6.599E-01
  347.5000  6.370E-01  6.603E-01  6.694E-01  6.641E-01  6.445E-01
  348.5000  6.998E-01  7.253E-01  7.352E-01  7.294E-01  7.080E-01
  349.5000  5.863E-01  6.076E-01  6.160E-01  6.111E-01  5.932E-01
  350.5000  8.207E-01  8.504E-01  8.621E-01  8.553E-01  8.303E-01
  351.5000  7.072E-01  7.328E-01  7.428E-01  7.370E-01  7.155E-01
  352.5000  6.376E-01  6.606E-01  6.696E-01  6.644E-01  6.450E-01
  353.5000  7.672E-01  7.948E-01  8.056E-01  7.994E-01  7.761E-01
  354.5000  8.300E-01  8.599E-01  8.715E-01  8.647E-01  8.396E-01
  355.5000  7.754E-01  8.033E-01  8.142E-01  8.078E-01  7.844E-01
  356.5000  7.194E-01  7.452E-01  7.553E-01  7.494E-01  7.278E-01
  357.5000  6.116E-01  6.335E-01  6.421E-01  6.371E-01  6.187E-01
  358.5000  4.718E-01  4.887E-01  4.952E-01  4.914E-01  4.772E-01
  359.5000  7.938E-01  8.221E-01  8.332E-01  8.267E-01  8.029E-01
  360.5000  7.356E-01  7.618E-01  7.720E-01  7.660E-01  7.440E-01
  361.5000  6.629E-01  6.865E-01  6.957E-01  6.904E-01  6.706E-01
  362.5000  7.783E-01  8.059E-01  8.167E-01  8.104E-01  7.872E-01
  363.5000  6.921E-01  7.167E-01  7.262E-01  7.207E-01  7.000E-01
  364.5000  7.548E-01  7.815E-01  7.920E-01  7.859E-01  7.634E-01
  365.5000  9.195E-01  9.520E-01  9.647E-01  9.573E-01  9.300E-01
  366.5000  9.729E-01  1.007E+00  1.021E+00  1.013E+00  9.839E-01
  367.5000  9.234E-01  9.560E-01  9.687E-01  9.613E-01  9.339E-01
  368.5000  8.110E-01  8.395E-01  8.506E-01  8.442E-01  8.202E-01
  369.5000  9.725E-01  1.007E+00  1.020E+00  1.012E+00  9.835E-01
  370.5000  8.821E-01  9.130E-01  9.251E-01  9.181E-01  8.921E-01
  371.5000  1.009E+00  1.044E+00  1.058E+00  1.050E+00  1.020E+00
  372.5000  7.451E-01  7.712E-01  7.814E-01  7.754E-01  7.535E-01
  373.5000  6.733E-01  6.968E-01  7.060E-01  7.007E-01  6.809E-01
  374.5000  7.388E-01  7.646E-01  7.746E-01  7.688E-01  7.471E-01
  375.5000  8.334E-01  8.624E-01  8.737E-01  8.671E-01  8.427E-01
  376.5000  8.320E-01  8.609E-01  8.722E-01  8.656E-01  8.413E-01
  377.5000  9.905E-01  1.025E+00  1.038E+00  1.030E+00  1.002E+00
  378.5000  1.079E+00  1.117E+00  1.131E+00  1.123E+00  1.091E+00
  379.5000  7.983E-01  8.259E-01  8.367E-01  8.304E-01  8.072E-01
  380.5000  9.598E-01  9.930E-01  1.006E+00  9.984E-01  9.705E-01
  381.5000  9.017E-01  9.328E-01  9.450E-01  9.379E-01  9.118E-01
  382.5000  6.007E-01  6.214E-01  6.295E-01  6.248E-01  6.074E-01
  383.5000  5.274E-01  5.455E-01  5.526E-01  5.485E-01  5.332E-01
  384.5000  7.912E-01  8.184E-01  8.291E-01  8.229E-01  8.000E-01
  385.5000  7.826E-01  8.095E-01  8.200E-01  8.139E-01  7.913E-01
  386.5000  7.976E-01  8.250E-01  8.356E-01  8.294E-01  8.064E-01
  387.5000  7.411E-01  7.665E-01  7.764E-01  7.706E-01  7.493E-01
  388.5000  7.427E-01  7.681E-01  7.780E-01  7.722E-01  7.509E-01
  389.5000  9.364E-01  9.684E-01  9.809E-01  9.736E-01  9.467E-01
  390.5000  9.195E-01  9.509E-01  9.632E-01  9.560E-01  9.297E-01
  391.5000  1.091E+00  1.128E+00  1.142E+00  1.134E+00  1.103E+00
  392.5000  8.177E-01  8.456E-01  8.564E-01  8.501E-01  8.267E-01
  393.5000  3.554E-01  3.675E-01  3.722E-01  3.695E-01  3.593E-01
  394.5000  8.362E-01  8.646E-01  8.757E-01  8.693E-01  8.454E-01
  395.5000  1.076E+00  1.112E+00  1.126E+00  1.118E+00  1.088E+00
  396.5000  6.316E-01  6.530E-01  6.613E-01  6.564E-01  6.385E-01
  397.5000  7.287E-01  7.533E-01  7.629E-01  7.573E-01  7.366E-01
  398.5000  1.252E+00  1.294E+00  1.311E+00  1.301E+00  1.266E+00
  399.5000  1.302E+00  1.346E+00  1.363E+00  1.353E+00  1.316E+00
  400.5000  1.368E+00  1.415E+00  1.433E+00  1.422E+00  1.383E+00
  401.5000  1.408E+00  1.455E+00  1.474E+00  1.463E+00  1.423E+00
  402.5000  1.461E+00  1.510E+00  1.530E+00  1.518E+00  1.477E+00
  403.5000  1.337E+00  1.382E+00  1.400E+00  1.390E+00  1.352E+00
  404.5000  1.311E+00  1.355E+00  1.373E+00  1.363E+00  1.326E+00
  405.5000  1.362E+00  1.408E+00  1.426E+00  1.415E+00  1.377E+00
  406.5000  1.283E+00  1.326E+00  1.342E+00  1.333E+00  1.297E+00
  407.5000  1.293E+00  1.336E+00  1.353E+00  1.343E+00  1.307E+00
  408.5000  1.440E+00  1.488E+00  1.507E+00  1.496E+00  1.455E+00
  409.5000  1.411E+00  1.459E+00  1.477E+00  1.466E+00  1.427E+00
  410.5000  1.224E+00  1.265E+00  1.281E+00  1.271E+00  1.237E+00
  411.5000  1.471E+00  1.520E+00  1.539E+00  1.528E+00  1.487E+00
  412.5000  1.458E+00  1.506E+00  1.525E+00  1.514E+00  1.473E+00
  413.5000  1.413E+00  1.460E+00  1.479E+00  1.468E+00  1.429E+00
  414.5000  1.453E+00  1.501E+00  1.520E+00  1.509E+00  1.468E+00
  415.5000  1.389E+00  1.435E+00  1.453E+00  1.443E+00  1.404E+00
  416.5000  1.512E+00  1.562E+00  1.581E+00  1.570E+00  1.528E+00
  417.5000  1.382E+00  1.428E+00  1.445E+00  1.435E+00  1.397E+00
  418.5000  1.392E+00  1.438E+00  1.456E+00  1.446E+00  1.407E+00
  419.5000  1.438E+00  1.486E+00  1.504E+00  1.493E+00  1.454E+00
------------------------------------------------------------
Dose rates, W m-2
   1 = UV-B, 280-315 nm                                  
   2 = UV-A, 315-400 nm                                  
   3 = Gaussian, 320 nm, 10 nm FWHM                      
   4 = RB Meter, model 501                               
   5 = DNA damage, in vitro (Setlow, 1974)               
   6 = UV index (WMO, 1994; Webb et al., 2011)           
   7 = Previtamin-D3 (CIE 2006)                          
values at z =      0.000 km
Columns: time, sza, weighting spectra
time, hrs.  sza, deg.          1          2          3          4          5          6          7
   11.0000     25.379  2.158E+00  6.044E+01  3.931E-01  6.526E-01  8.505E-03  1.268E+01  6.368E-01
   11.5000     21.723  2.295E+00  6.262E+01  4.101E-01  6.983E-01  9.375E-03  1.363E+01  6.856E-01
   12.0000     20.128  2.349E+00  6.347E+01  4.167E-01  7.164E-01  9.729E-03  1.401E+01  7.050E-01
   12.5000     21.070  2.317E+00  6.297E+01  4.128E-01  7.058E-01  9.521E-03  1.379E+01  6.937E-01
   13.0000     24.254  2.203E+00  6.114E+01  3.986E-01  6.674E-01  8.779E-03  1.298E+01  6.526E-01
------------------------------------------------------------
