Spectral Irradiance, W m-2 nm-1
values at z =      0.000 km
Columns: wavelength (nm), times (hrs.) or sza (deg.)
    wc, nm     11.000     11.500     12.000     12.500     13.000
    sza =      16.531     10.522      6.908      9.188     14.857
  280.5000  2.121E-13  4.196E-13  5.427E-13  4.674E-13  2.652E-13
  281.5000  5.517E-12  1.028E-11  1.300E-11  1.135E-11  6.765E-12
  282.5000  6.198E-11  1.097E-10  1.361E-10  1.201E-10  7.474E-11
  283.5000  2.703E-10  4.629E-10  5.671E-10  5.040E-10  3.224E-10
  284.5000  2.387E-09  3.847E-09  4.606E-09  4.149E-09  2.791E-09
  285.5000  7.483E-09  1.153E-08  1.357E-08  1.235E-08  8.621E-09
  286.5000  8.122E-08  1.209E-07  1.405E-07  1.287E-07  9.252E-08
  287.5000  4.238E-07  6.072E-07  6.954E-07  6.427E-07  4.768E-07
  288.5000  1.917E-06  2.635E-06  2.972E-06  2.771E-06  2.128E-06
  289.5000  9.780E-06  1.305E-05  1.454E-05  1.365E-05  1.075E-05
  290.5000  3.680E-05  4.787E-05  5.287E-05  4.990E-05  4.011E-05
  291.5000  1.079E-04  1.364E-04  1.491E-04  1.416E-04  1.165E-04
  292.5000  2.432E-04  3.005E-04  3.255E-04  3.107E-04  2.607E-04
  293.5000  6.593E-04  7.967E-04  8.560E-04  8.211E-04  7.015E-04
  294.5000  1.192E-03  1.416E-03  1.511E-03  1.455E-03  1.261E-03
  295.5000  2.838E-03  3.310E-03  3.509E-03  3.392E-03  2.984E-03
  296.5000  4.736E-03  5.441E-03  5.735E-03  5.562E-03  4.956E-03
  297.5000  8.726E-03  9.894E-03  1.038E-02  1.009E-02  9.092E-03
  298.5000  1.007E-02  1.128E-02  1.178E-02  1.149E-02  1.045E-02
  299.5000  2.176E-02  2.414E-02  2.511E-02  2.454E-02  2.251E-02
  300.5000  1.992E-02  2.192E-02  2.273E-02  2.225E-02  2.055E-02
  301.5000  3.854E-02  4.204E-02  4.345E-02  4.263E-02  3.965E-02
  302.5000  4.725E-02  5.109E-02  5.285E-02  5.191E-02  4.852E-02
  303.5000  7.908E-02  8.518E-02  8.762E-02  8.619E-02  8.102E-02
  304.5000  8.560E-02  9.184E-02  9.433E-02  9.287E-02  8.759E-02
  305.5000  1.113E-01  1.188E-01  1.217E-01  1.200E-01  1.137E-01
  306.5000  1.156E-01  1.229E-01  1.259E-01  1.242E-01  1.179E-01
  307.5000  1.646E-01  1.743E-01  1.782E-01  1.759E-01  1.677E-01
  308.5000  1.835E-01  1.939E-01  1.981E-01  1.956E-01  1.868E-01
  309.5000  1.604E-01  1.690E-01  1.724E-01  1.704E-01  1.632E-01
  310.5000  2.172E-01  2.283E-01  2.327E-01  2.301E-01  2.208E-01
  311.5000  2.784E-01  2.922E-01  2.976E-01  2.945E-01  2.829E-01
  312.5000  2.698E-01  2.823E-01  2.873E-01  2.844E-01  2.738E-01
  313.5000  3.055E-01  3.195E-01  3.250E-01  3.217E-01  3.099E-01
  314.5000  3.033E-01  3.165E-01  3.217E-01  3.187E-01  3.076E-01
  315.5000  3.129E-01  3.263E-01  3.316E-01  3.285E-01  3.172E-01
  316.5000  3.100E-01  3.227E-01  3.277E-01  3.248E-01  3.141E-01
  317.5000  4.383E-01  4.562E-01  4.633E-01  4.592E-01  4.440E-01
  318.5000  3.430E-01  3.565E-01  3.617E-01  3.587E-01  3.473E-01
  319.5000  4.180E-01  4.343E-01  4.406E-01  4.369E-01  4.232E-01
  320.5000  5.078E-01  5.274E-01  5.351E-01  5.306E-01  5.141E-01
  321.5000  4.289E-01  4.448E-01  4.510E-01  4.474E-01  4.340E-01
  322.5000  4.334E-01  4.499E-01  4.564E-01  4.526E-01  4.387E-01
  323.5000  4.434E-01  4.595E-01  4.658E-01  4.621E-01  4.486E-01
  324.5000  5.204E-01  5.392E-01  5.466E-01  5.423E-01  5.265E-01
  325.5000  5.837E-01  6.049E-01  6.132E-01  6.084E-01  5.905E-01
  326.5000  7.024E-01  7.270E-01  7.367E-01  7.310E-01  7.103E-01
  327.5000  6.551E-01  6.783E-01  6.874E-01  6.821E-01  6.626E-01
  328.5000  6.047E-01  6.260E-01  6.344E-01  6.295E-01  6.115E-01
  329.5000  7.799E-01  8.067E-01  8.172E-01  8.111E-01  7.886E-01
  330.5000  7.103E-01  7.349E-01  7.446E-01  7.390E-01  7.182E-01
  331.5000  7.020E-01  7.264E-01  7.359E-01  7.303E-01  7.099E-01
  332.5000  6.885E-01  7.119E-01  7.211E-01  7.157E-01  6.961E-01
  333.5000  6.479E-01  6.700E-01  6.786E-01  6.737E-01  6.550E-01
  334.5000  7.230E-01  7.475E-01  7.571E-01  7.515E-01  7.309E-01
  335.5000  7.312E-01  7.557E-01  7.654E-01  7.598E-01  7.391E-01
  336.5000  5.718E-01  5.910E-01  5.985E-01  5.941E-01  5.779E-01
  337.5000  6.283E-01  6.495E-01  6.578E-01  6.529E-01  6.351E-01
  338.5000  6.615E-01  6.836E-01  6.923E-01  6.872E-01  6.686E-01
  339.5000  7.187E-01  7.426E-01  7.520E-01  7.465E-01  7.264E-01
  340.5000  7.687E-01  7.943E-01  8.044E-01  7.985E-01  7.769E-01
  341.5000  6.817E-01  7.043E-01  7.131E-01  7.080E-01  6.890E-01
  342.5000  7.548E-01  7.797E-01  7.895E-01  7.838E-01  7.628E-01
  343.5000  7.840E-01  8.099E-01  8.201E-01  8.141E-01  7.924E-01
  344.5000  5.495E-01  5.677E-01  5.748E-01  5.707E-01  5.554E-01
  345.5000  7.518E-01  7.765E-01  7.862E-01  7.805E-01  7.598E-01
  346.5000  7.035E-01  7.266E-01  7.357E-01  7.304E-01  7.109E-01
  347.5000  6.870E-01  7.096E-01  7.184E-01  7.133E-01  6.943E-01
  348.5000  7.546E-01  7.793E-01  7.889E-01  7.833E-01  7.626E-01
  349.5000  6.322E-01  6.528E-01  6.609E-01  6.562E-01  6.388E-01
  350.5000  8.847E-01  9.136E-01  9.248E-01  9.183E-01  8.940E-01
  351.5000  7.623E-01  7.871E-01  7.968E-01  7.911E-01  7.703E-01
  352.5000  6.871E-01  7.095E-01  7.182E-01  7.131E-01  6.943E-01
  353.5000  8.267E-01  8.535E-01  8.640E-01  8.579E-01  8.353E-01
  354.5000  8.943E-01  9.232E-01  9.345E-01  9.279E-01  9.036E-01
  355.5000  8.354E-01  8.624E-01  8.729E-01  8.668E-01  8.441E-01
  356.5000  7.749E-01  7.999E-01  8.097E-01  8.040E-01  7.830E-01
  357.5000  6.587E-01  6.799E-01  6.882E-01  6.834E-01  6.656E-01
  358.5000  5.081E-01  5.244E-01  5.308E-01  5.271E-01  5.133E-01
  359.5000  8.548E-01  8.822E-01  8.929E-01  8.867E-01  8.636E-01
  360.5000  7.920E-01  8.173E-01  8.272E-01  8.215E-01  8.001E-01
  361.5000  7.137E-01  7.365E-01  7.454E-01  7.402E-01  7.210E-01
  362.5000  8.377E-01  8.645E-01  8.749E-01  8.689E-01  8.464E-01
  363.5000  7.449E-01  7.687E-01  7.780E-01  7.726E-01  7.526E-01
  364.5000  8.123E-01  8.382E-01  8.483E-01  8.424E-01  8.206E-01
  365.5000  9.894E-01  1.021E+00  1.033E+00  1.026E+00  9.996E-01
  366.5000  1.047E+00  1.080E+00  1.093E+00  1.085E+00  1.057E+00
  367.5000  9.934E-01  1.025E+00  1.037E+00  1.030E+00  1.004E+00
  368.5000  8.724E-01  9.000E-01  9.108E-01  9.045E-01  8.813E-01
  369.5000  1.046E+00  1.079E+00  1.092E+00  1.084E+00  1.057E+00
  370.5000  9.487E-01  9.786E-01  9.903E-01  9.835E-01  9.583E-01
  371.5000  1.085E+00  1.119E+00  1.133E+00  1.125E+00  1.096E+00
  372.5000  8.012E-01  8.264E-01  8.363E-01  8.305E-01  8.093E-01
  373.5000  7.239E-01  7.467E-01  7.556E-01  7.504E-01  7.313E-01
  374.5000  7.943E-01  8.192E-01  8.289E-01  8.232E-01  8.023E-01
  375.5000  8.958E-01  9.239E-01  9.348E-01  9.285E-01  9.049E-01
  376.5000  8.942E-01  9.222E-01  9.331E-01  9.268E-01  9.032E-01
  377.5000  1.064E+00  1.098E+00  1.111E+00  1.103E+00  1.075E+00
  378.5000  1.160E+00  1.196E+00  1.210E+00  1.202E+00  1.171E+00
  379.5000  8.578E-01  8.845E-01  8.949E-01  8.888E-01  8.664E-01
  380.5000  1.031E+00  1.063E+00  1.076E+00  1.069E+00  1.042E+00
  381.5000  9.687E-01  9.988E-01  1.011E+00  1.004E+00  9.784E-01
  382.5000  6.453E-01  6.653E-01  6.731E-01  6.686E-01  6.517E-01
  383.5000  5.664E-01  5.840E-01  5.908E-01  5.869E-01  5.721E-01
  384.5000  8.498E-01  8.761E-01  8.864E-01  8.804E-01  8.583E-01
  385.5000  8.405E-01  8.665E-01  8.766E-01  8.707E-01  8.488E-01
  386.5000  8.565E-01  8.829E-01  8.932E-01  8.872E-01  8.650E-01
  387.5000  7.957E-01  8.203E-01  8.298E-01  8.243E-01  8.036E-01
  388.5000  7.974E-01  8.219E-01  8.315E-01  8.259E-01  8.053E-01
  389.5000  1.005E+00  1.036E+00  1.048E+00  1.041E+00  1.015E+00
  390.5000  9.871E-01  1.017E+00  1.029E+00  1.022E+00  9.968E-01
  391.5000  1.171E+00  1.207E+00  1.221E+00  1.212E+00  1.182E+00
  392.5000  8.776E-01  9.045E-01  9.150E-01  9.089E-01  8.863E-01
  393.5000  3.814E-01  3.931E-01  3.977E-01  3.950E-01  3.852E-01
  394.5000  8.973E-01  9.248E-01  9.355E-01  9.292E-01  9.062E-01
  395.5000  1.154E+00  1.189E+00  1.203E+00  1.195E+00  1.166E+00
  396.5000  6.776E-01  6.983E-01  7.063E-01  7.016E-01  6.842E-01
  397.5000  7.817E-01  8.055E-01  8.148E-01  8.094E-01  7.894E-01
  398.5000  1.343E+00  1.384E+00  1.400E+00  1.390E+00  1.356E+00
  399.5000  1.396E+00  1.439E+00  1.455E+00  1.446E+00  1.410E+00
  400.5000  1.468E+00  1.512E+00  1.530E+00  1.520E+00  1.482E+00
  401.5000  1.510E+00  1.556E+00  1.573E+00  1.563E+00  1.525E+00
  402.5000  1.567E+00  1.614E+00  1.633E+00  1.622E+00  1.582E+00
  403.5000  1.434E+00  1.477E+00  1.494E+00  1.484E+00  1.448E+00
  404.5000  1.406E+00  1.449E+00  1.465E+00  1.455E+00  1.420E+00
  405.5000  1.460E+00  1.504E+00  1.522E+00  1.512E+00  1.475E+00
  406.5000  1.375E+00  1.417E+00  1.433E+00  1.423E+00  1.389E+00
  407.5000  1.386E+00  1.428E+00  1.444E+00  1.435E+00  1.400E+00
  408.5000  1.543E+00  1.590E+00  1.608E+00  1.597E+00  1.558E+00
  409.5000  1.513E+00  1.558E+00  1.576E+00  1.566E+00  1.527E+00
  410.5000  1.312E+00  1.351E+00  1.366E+00  1.357E+00  1.324E+00
  411.5000  1.576E+00  1.623E+00  1.642E+00  1.631E+00  1.591E+00
  412.5000  1.562E+00  1.609E+00  1.627E+00  1.616E+00  1.577E+00
  413.5000  1.514E+00  1.560E+00  1.578E+00  1.567E+00  1.529E+00
  414.5000  1.556E+00  1.603E+00  1.621E+00  1.610E+00  1.571E+00
  415.5000  1.488E+00  1.533E+00  1.550E+00  1.540E+00  1.503E+00
  416.5000  1.619E+00  1.668E+00  1.687E+00  1.676E+00  1.635E+00
  417.5000  1.480E+00  1.524E+00  1.542E+00  1.531E+00  1.494E+00
  418.5000  1.492E+00  1.536E+00  1.553E+00  1.543E+00  1.506E+00
  419.5000  1.540E+00  1.586E+00  1.604E+00  1.594E+00  1.555E+00
------------------------------------------------------------
Dose rates, W m-2
   1 = UV-B, 280-315 nm                                  
   2 = UV-A, 315-400 nm                                  
   3 = Gaussian, 320 nm, 10 nm FWHM                      
   4 = RB Meter, model 501                               
   5 = DNA damage, in vitro (Setlow, 1974)               
   6 = UV index (WMO, 1994; Webb et al., 2011)           
   7 = Previtamin-D3 (CIE 2006)                          
values at z =      0.000 km
Columns: time, sza, weighting spectra
time, hrs.  sza, deg.          1          2          3          4          5          6          7
   11.0000     16.531  2.430E+00  6.512E+01  4.288E-01  7.427E-01  1.018E-02  1.455E+01  7.321E-01
   11.5000     10.522  2.567E+00  6.723E+01  4.454E-01  7.889E-01  1.111E-02  1.553E+01  7.817E-01
   12.0000      6.908  2.621E+00  6.806E+01  4.518E-01  8.075E-01  1.149E-02  1.593E+01  8.016E-01
   12.5000      9.188  2.589E+00  6.758E+01  4.481E-01  7.967E-01  1.127E-02  1.570E+01  7.901E-01
   13.0000     14.857  2.474E+00  6.580E+01  4.341E-01  7.575E-01  1.047E-02  1.486E+01  7.479E-01
------------------------------------------------------------
