Spectral Irradiance, W m-2 nm-1
values at z =      0.000 km
Columns: wavelength (nm), times (hrs.) or sza (deg.)
    wc, nm     11.000     11.500     12.000     12.500     13.000
    sza =      82.673     82.053     81.743     81.750     82.069
  280.5000  3.287E-31  3.468E-31  3.559E-31  3.557E-31  3.463E-31
  281.5000  2.021E-28  2.132E-28  2.188E-28  2.187E-28  2.129E-28
  282.5000  3.441E-26  3.632E-26  3.728E-26  3.726E-26  3.627E-26
  283.5000  8.731E-25  9.217E-25  9.462E-25  9.457E-25  9.204E-25
  284.5000  1.946E-22  2.056E-22  2.111E-22  2.110E-22  2.053E-22
  285.5000  6.660E-21  7.038E-21  7.228E-21  7.225E-21  7.028E-21
  286.5000  4.541E-19  4.801E-19  4.932E-19  4.929E-19  4.794E-19
  287.5000  1.832E-17  1.939E-17  1.992E-17  1.991E-17  1.936E-17
  288.5000  7.734E-16  8.189E-16  8.419E-16  8.414E-16  8.176E-16
  289.5000  1.957E-14  2.074E-14  2.133E-14  2.132E-14  2.071E-14
  290.5000  2.841E-13  3.013E-13  3.100E-13  3.098E-13  3.008E-13
  291.5000  3.881E-12  4.122E-12  4.244E-12  4.242E-12  4.115E-12
  292.5000  3.110E-11  3.307E-11  3.407E-11  3.405E-11  3.301E-11
  293.5000  2.804E-10  2.986E-10  3.079E-10  3.077E-10  2.981E-10
  294.5000  1.310E-09  1.398E-09  1.442E-09  1.442E-09  1.395E-09
  295.5000  8.656E-09  9.251E-09  9.557E-09  9.551E-09  9.235E-09
  296.5000  3.415E-08  3.658E-08  3.784E-08  3.781E-08  3.652E-08
  297.5000  1.354E-07  1.454E-07  1.506E-07  1.505E-07  1.451E-07
  298.5000  3.019E-07  3.250E-07  3.370E-07  3.368E-07  3.244E-07
  299.5000  1.232E-06  1.330E-06  1.381E-06  1.380E-06  1.327E-06
  300.5000  1.863E-06  2.017E-06  2.098E-06  2.097E-06  2.013E-06
  301.5000  6.333E-06  6.888E-06  7.179E-06  7.173E-06  6.872E-06
  302.5000  1.139E-05  1.243E-05  1.298E-05  1.297E-05  1.240E-05
  303.5000  3.072E-05  3.372E-05  3.531E-05  3.528E-05  3.363E-05
  304.5000  4.437E-05  4.891E-05  5.136E-05  5.131E-05  4.879E-05
  305.5000  9.169E-05  1.021E-04  1.078E-04  1.077E-04  1.018E-04
  306.5000  1.175E-04  1.316E-04  1.393E-04  1.392E-04  1.311E-04
  307.5000  2.630E-04  2.990E-04  3.191E-04  3.187E-04  2.980E-04
  308.5000  3.542E-04  4.053E-04  4.340E-04  4.334E-04  4.038E-04
  309.5000  4.459E-04  5.166E-04  5.564E-04  5.555E-04  5.145E-04
  310.5000  8.091E-04  9.448E-04  1.021E-03  1.019E-03  9.409E-04
  311.5000  1.276E-03  1.497E-03  1.620E-03  1.617E-03  1.490E-03
  312.5000  1.876E-03  2.208E-03  2.391E-03  2.388E-03  2.199E-03
  313.5000  2.354E-03  2.771E-03  3.000E-03  2.995E-03  2.759E-03
  314.5000  3.520E-03  4.125E-03  4.454E-03  4.447E-03  4.108E-03
  315.5000  3.890E-03  4.553E-03  4.912E-03  4.905E-03  4.535E-03
  316.5000  5.460E-03  6.337E-03  6.805E-03  6.795E-03  6.312E-03
  317.5000  7.718E-03  8.959E-03  9.622E-03  9.608E-03  8.924E-03
  318.5000  8.477E-03  9.729E-03  1.039E-02  1.037E-02  9.694E-03
  319.5000  1.103E-02  1.263E-02  1.347E-02  1.345E-02  1.258E-02
  320.5000  1.452E-02  1.657E-02  1.765E-02  1.763E-02  1.652E-02
  321.5000  1.705E-02  1.918E-02  2.029E-02  2.027E-02  1.913E-02
  322.5000  1.334E-02  1.518E-02  1.614E-02  1.612E-02  1.513E-02
  323.5000  2.049E-02  2.288E-02  2.412E-02  2.410E-02  2.282E-02
  324.5000  2.367E-02  2.646E-02  2.790E-02  2.788E-02  2.639E-02
  325.5000  2.516E-02  2.821E-02  2.979E-02  2.975E-02  2.813E-02
  326.5000  4.014E-02  4.437E-02  4.654E-02  4.650E-02  4.426E-02
  327.5000  3.417E-02  3.796E-02  3.990E-02  3.986E-02  3.785E-02
  328.5000  3.166E-02  3.516E-02  3.696E-02  3.693E-02  3.507E-02
  329.5000  5.048E-02  5.545E-02  5.799E-02  5.794E-02  5.532E-02
  330.5000  4.211E-02  4.648E-02  4.872E-02  4.868E-02  4.636E-02
  331.5000  4.091E-02  4.520E-02  4.740E-02  4.736E-02  4.509E-02
  332.5000  4.684E-02  5.133E-02  5.362E-02  5.358E-02  5.121E-02
  333.5000  4.128E-02  4.540E-02  4.751E-02  4.747E-02  4.529E-02
  334.5000  4.772E-02  5.238E-02  5.477E-02  5.472E-02  5.226E-02
  335.5000  5.201E-02  5.687E-02  5.935E-02  5.930E-02  5.674E-02
  336.5000  3.984E-02  4.361E-02  4.554E-02  4.550E-02  4.351E-02
  337.5000  4.160E-02  4.567E-02  4.775E-02  4.771E-02  4.556E-02
  338.5000  4.740E-02  5.182E-02  5.408E-02  5.403E-02  5.170E-02
  339.5000  5.209E-02  5.692E-02  5.938E-02  5.933E-02  5.679E-02
  340.5000  5.420E-02  5.932E-02  6.194E-02  6.189E-02  5.918E-02
  341.5000  5.008E-02  5.469E-02  5.705E-02  5.700E-02  5.457E-02
  342.5000  5.591E-02  6.104E-02  6.365E-02  6.360E-02  6.090E-02
  343.5000  5.735E-02  6.266E-02  6.537E-02  6.531E-02  6.251E-02
  344.5000  3.963E-02  4.334E-02  4.523E-02  4.520E-02  4.324E-02
  345.5000  5.643E-02  6.158E-02  6.420E-02  6.415E-02  6.143E-02
  346.5000  5.163E-02  5.642E-02  5.886E-02  5.881E-02  5.629E-02
  347.5000  5.062E-02  5.531E-02  5.770E-02  5.765E-02  5.518E-02
  348.5000  5.613E-02  6.130E-02  6.394E-02  6.389E-02  6.116E-02
  349.5000  4.702E-02  5.136E-02  5.357E-02  5.353E-02  5.124E-02
  350.5000  6.600E-02  7.209E-02  7.520E-02  7.513E-02  7.192E-02
  351.5000  5.675E-02  6.200E-02  6.467E-02  6.462E-02  6.185E-02
  352.5000  5.135E-02  5.609E-02  5.851E-02  5.847E-02  5.596E-02
  353.5000  6.212E-02  6.784E-02  7.076E-02  7.070E-02  6.768E-02
  354.5000  6.751E-02  7.372E-02  7.689E-02  7.682E-02  7.355E-02
  355.5000  6.315E-02  6.896E-02  7.193E-02  7.187E-02  6.880E-02
  356.5000  5.863E-02  6.403E-02  6.679E-02  6.673E-02  6.388E-02
  357.5000  4.985E-02  5.445E-02  5.680E-02  5.675E-02  5.432E-02
  358.5000  3.856E-02  4.212E-02  4.393E-02  4.389E-02  4.202E-02
  359.5000  6.494E-02  7.093E-02  7.399E-02  7.393E-02  7.077E-02
  360.5000  6.025E-02  6.581E-02  6.865E-02  6.859E-02  6.565E-02
  361.5000  5.442E-02  5.944E-02  6.201E-02  6.196E-02  5.930E-02
  362.5000  6.399E-02  6.990E-02  7.292E-02  7.286E-02  6.974E-02
  363.5000  5.698E-02  6.224E-02  6.493E-02  6.488E-02  6.210E-02
  364.5000  6.218E-02  6.793E-02  7.087E-02  7.081E-02  6.777E-02
  365.5000  7.577E-02  8.279E-02  8.638E-02  8.631E-02  8.260E-02
  366.5000  8.030E-02  8.774E-02  9.154E-02  9.146E-02  8.753E-02
  367.5000  7.634E-02  8.341E-02  8.703E-02  8.696E-02  8.322E-02
  368.5000  6.711E-02  7.333E-02  7.652E-02  7.645E-02  7.316E-02
  369.5000  8.055E-02  8.804E-02  9.186E-02  9.178E-02  8.783E-02
  370.5000  7.314E-02  7.993E-02  8.341E-02  8.334E-02  7.975E-02
  371.5000  8.375E-02  9.154E-02  9.553E-02  9.545E-02  9.133E-02
  372.5000  6.192E-02  6.769E-02  7.063E-02  7.058E-02  6.753E-02
  373.5000  5.600E-02  6.122E-02  6.389E-02  6.384E-02  6.108E-02
  374.5000  6.150E-02  6.724E-02  7.018E-02  7.012E-02  6.708E-02
  375.5000  6.945E-02  7.594E-02  7.926E-02  7.919E-02  7.576E-02
  376.5000  6.941E-02  7.590E-02  7.922E-02  7.916E-02  7.572E-02
  377.5000  8.272E-02  9.047E-02  9.443E-02  9.435E-02  9.025E-02
  378.5000  9.023E-02  9.868E-02  1.030E-01  1.029E-01  9.845E-02
  379.5000  6.680E-02  7.307E-02  7.627E-02  7.621E-02  7.289E-02
  380.5000  8.040E-02  8.795E-02  9.181E-02  9.174E-02  8.774E-02
  381.5000  7.562E-02  8.272E-02  8.636E-02  8.629E-02  8.253E-02
  382.5000  5.043E-02  5.517E-02  5.760E-02  5.755E-02  5.504E-02
  383.5000  4.431E-02  4.849E-02  5.063E-02  5.058E-02  4.837E-02
  384.5000  6.656E-02  7.283E-02  7.605E-02  7.598E-02  7.266E-02
  385.5000  6.591E-02  7.213E-02  7.531E-02  7.525E-02  7.196E-02
  386.5000  6.724E-02  7.359E-02  7.685E-02  7.678E-02  7.342E-02
  387.5000  6.254E-02  6.846E-02  7.149E-02  7.143E-02  6.830E-02
  388.5000  6.274E-02  6.868E-02  7.172E-02  7.166E-02  6.852E-02
  389.5000  7.919E-02  8.669E-02  9.054E-02  9.046E-02  8.649E-02
  390.5000  7.785E-02  8.524E-02  8.902E-02  8.895E-02  8.504E-02
  391.5000  9.244E-02  1.012E-01  1.057E-01  1.056E-01  1.010E-01
  392.5000  6.938E-02  7.598E-02  7.936E-02  7.929E-02  7.580E-02
  393.5000  3.019E-02  3.307E-02  3.454E-02  3.451E-02  3.299E-02
  394.5000  7.110E-02  7.788E-02  8.135E-02  8.129E-02  7.770E-02
  395.5000  9.156E-02  1.003E-01  1.048E-01  1.047E-01  1.001E-01
  396.5000  5.382E-02  5.896E-02  6.160E-02  6.154E-02  5.882E-02
  397.5000  6.217E-02  6.811E-02  7.116E-02  7.110E-02  6.795E-02
  398.5000  1.069E-01  1.172E-01  1.224E-01  1.223E-01  1.169E-01
  399.5000  1.113E-01  1.220E-01  1.275E-01  1.274E-01  1.217E-01
  400.5000  1.171E-01  1.284E-01  1.342E-01  1.340E-01  1.281E-01
  401.5000  1.206E-01  1.322E-01  1.382E-01  1.381E-01  1.319E-01
  402.5000  1.254E-01  1.374E-01  1.436E-01  1.435E-01  1.371E-01
  403.5000  1.149E-01  1.259E-01  1.316E-01  1.315E-01  1.256E-01
  404.5000  1.128E-01  1.237E-01  1.292E-01  1.291E-01  1.234E-01
  405.5000  1.173E-01  1.286E-01  1.344E-01  1.343E-01  1.283E-01
  406.5000  1.106E-01  1.213E-01  1.267E-01  1.266E-01  1.210E-01
  407.5000  1.116E-01  1.224E-01  1.279E-01  1.278E-01  1.221E-01
  408.5000  1.244E-01  1.364E-01  1.426E-01  1.425E-01  1.361E-01
  409.5000  1.220E-01  1.339E-01  1.399E-01  1.398E-01  1.336E-01
  410.5000  1.059E-01  1.162E-01  1.215E-01  1.214E-01  1.160E-01
  411.5000  1.275E-01  1.399E-01  1.462E-01  1.461E-01  1.395E-01
  412.5000  1.265E-01  1.388E-01  1.451E-01  1.450E-01  1.385E-01
  413.5000  1.228E-01  1.348E-01  1.409E-01  1.408E-01  1.345E-01
  414.5000  1.264E-01  1.387E-01  1.450E-01  1.449E-01  1.384E-01
  415.5000  1.210E-01  1.328E-01  1.389E-01  1.387E-01  1.325E-01
  416.5000  1.318E-01  1.447E-01  1.513E-01  1.512E-01  1.444E-01
  417.5000  1.206E-01  1.324E-01  1.385E-01  1.384E-01  1.321E-01
  418.5000  1.217E-01  1.336E-01  1.397E-01  1.396E-01  1.333E-01
  419.5000  1.259E-01  1.382E-01  1.445E-01  1.444E-01  1.379E-01
------------------------------------------------------------
Dose rates, W m-2
   1 = UV-B, 280-315 nm                                  
   2 = UV-A, 315-400 nm                                  
   3 = Gaussian, 320 nm, 10 nm FWHM                      
   4 = RB Meter, model 501                               
   5 = DNA damage, in vitro (Setlow, 1974)               
   6 = UV index (WMO, 1994; Webb et al., 2011)           
   7 = Previtamin-D3 (CIE 2006)                          
values at z =      0.000 km
Columns: time, sza, weighting spectra
time, hrs.  sza, deg.          1          2          3          4          5          6          7
   11.0000     82.673  1.120E-02  4.671E+00  1.383E-02  5.437E-03  2.208E-05  1.564E-01  1.981E-03
   11.5000     82.053  1.311E-02  5.118E+00  1.561E-02  6.190E-03  2.491E-05  1.747E-01  2.287E-03
   12.0000     81.743  1.415E-02  5.346E+00  1.654E-02  6.591E-03  2.643E-05  1.843E-01  2.455E-03
   12.5000     81.750  1.413E-02  5.341E+00  1.652E-02  6.583E-03  2.640E-05  1.841E-01  2.452E-03
   13.0000     82.069  1.305E-02  5.105E+00  1.556E-02  6.168E-03  2.484E-05  1.742E-01  2.279E-03
------------------------------------------------------------
