Spectral Irradiance, W m-2 nm-1
values at z =      0.000 km
Columns: wavelength (nm), times (hrs.) or sza (deg.)
    wc, nm     11.000     11.500     12.000     12.500     13.000
    sza =      94.663     94.185     93.998     94.104     94.502
  280.5000  2.438E-28  7.593E-28  1.037E-27  8.732E-28  4.020E-28
  281.5000  5.573E-26  1.626E-25  2.194E-25  1.859E-25  8.895E-26
  282.5000  4.055E-24  1.118E-23  1.495E-23  1.273E-23  6.293E-24
  283.5000  5.921E-23  1.576E-22  2.093E-22  1.788E-22  9.025E-23
  284.5000  4.790E-21  1.201E-20  1.578E-20  1.355E-20  7.086E-21
  285.5000  7.746E-20  1.857E-19  2.422E-19  2.089E-19  1.120E-19
  286.5000  2.965E-18  6.876E-18  8.918E-18  7.713E-18  4.217E-18
  287.5000  6.292E-17  1.409E-16  1.816E-16  1.576E-16  8.791E-17
  288.5000  1.318E-15  2.844E-15  3.643E-15  3.171E-15  1.807E-15
  289.5000  2.017E-14  4.241E-14  5.410E-14  4.719E-14  2.729E-14
  290.5000  1.914E-13  3.943E-13  5.012E-13  4.379E-13  2.563E-13
  291.5000  1.612E-12  3.247E-12  4.111E-12  3.599E-12  2.133E-12
  292.5000  8.662E-12  1.714E-11  2.164E-11  1.898E-11  1.136E-11
  293.5000  5.346E-11  1.041E-10  1.311E-10  1.151E-10  6.955E-11
  294.5000  1.852E-10  3.564E-10  4.476E-10  3.936E-10  2.394E-10
  295.5000  8.854E-10  1.683E-09  2.109E-09  1.857E-09  1.137E-09
  296.5000  2.659E-09  5.004E-09  6.258E-09  5.514E-09  3.398E-09
  297.5000  8.252E-09  1.540E-08  1.922E-08  1.695E-08  1.050E-08
  298.5000  1.489E-08  2.758E-08  3.437E-08  3.034E-08  1.887E-08
  299.5000  4.934E-08  9.080E-08  1.130E-07  9.982E-08  6.234E-08
  300.5000  6.323E-08  1.158E-07  1.439E-07  1.272E-07  7.968E-08
  301.5000  1.778E-07  3.237E-07  4.016E-07  3.554E-07  2.234E-07
  302.5000  2.803E-07  5.083E-07  6.300E-07  5.578E-07  3.516E-07
  303.5000  6.388E-07  1.153E-06  1.427E-06  1.264E-06  7.992E-07
  304.5000  8.309E-07  1.495E-06  1.848E-06  1.638E-06  1.038E-06
  305.5000  1.438E-06  2.576E-06  3.179E-06  2.821E-06  1.793E-06
  306.5000  1.694E-06  3.028E-06  3.734E-06  3.314E-06  2.110E-06
  307.5000  3.120E-06  5.551E-06  6.833E-06  6.072E-06  3.877E-06
  308.5000  3.861E-06  6.854E-06  8.430E-06  7.494E-06  4.792E-06
  309.5000  4.075E-06  7.208E-06  8.852E-06  7.875E-06  5.049E-06
  310.5000  6.392E-06  1.127E-05  1.382E-05  1.231E-05  7.907E-06
  311.5000  9.052E-06  1.592E-05  1.951E-05  1.738E-05  1.119E-05
  312.5000  1.071E-05  1.875E-05  2.293E-05  2.045E-05  1.320E-05
  313.5000  1.279E-05  2.235E-05  2.732E-05  2.436E-05  1.575E-05
  314.5000  1.551E-05  2.698E-05  3.293E-05  2.940E-05  1.907E-05
  315.5000  1.670E-05  2.900E-05  3.537E-05  3.158E-05  2.051E-05
  316.5000  2.000E-05  3.458E-05  4.213E-05  3.764E-05  2.451E-05
  317.5000  2.840E-05  4.907E-05  5.977E-05  5.341E-05  3.479E-05
  318.5000  2.748E-05  4.727E-05  5.752E-05  5.142E-05  3.358E-05
  319.5000  3.526E-05  6.057E-05  7.369E-05  6.587E-05  4.305E-05
  320.5000  4.528E-05  7.769E-05  9.450E-05  8.449E-05  5.524E-05
  321.5000  5.113E-05  8.747E-05  1.064E-04  9.511E-05  6.223E-05
  322.5000  4.092E-05  7.011E-05  8.527E-05  7.623E-05  4.988E-05
  323.5000  6.174E-05  1.056E-04  1.286E-04  1.148E-04  7.508E-05
  324.5000  7.150E-05  1.222E-04  1.488E-04  1.329E-04  8.694E-05
  325.5000  7.504E-05  1.283E-04  1.561E-04  1.395E-04  9.126E-05
  326.5000  1.297E-04  2.223E-04  2.712E-04  2.419E-04  1.577E-04
  327.5000  1.063E-04  1.819E-04  2.217E-04  1.978E-04  1.292E-04
  328.5000  9.752E-05  1.668E-04  2.034E-04  1.815E-04  1.185E-04
  329.5000  1.762E-04  3.027E-04  3.702E-04  3.296E-04  2.142E-04
  330.5000  1.379E-04  2.363E-04  2.886E-04  2.572E-04  1.676E-04
  331.5000  1.316E-04  2.256E-04  2.754E-04  2.455E-04  1.600E-04
  332.5000  1.696E-04  2.919E-04  3.573E-04  3.180E-04  2.063E-04
  333.5000  1.406E-04  2.416E-04  2.954E-04  2.630E-04  1.710E-04
  334.5000  1.665E-04  2.864E-04  3.505E-04  3.120E-04  2.025E-04
  335.5000  1.954E-04  3.372E-04  4.131E-04  3.673E-04  2.379E-04
  336.5000  1.458E-04  2.513E-04  3.079E-04  2.738E-04  1.774E-04
  337.5000  1.441E-04  2.480E-04  3.035E-04  2.701E-04  1.753E-04
  338.5000  1.775E-04  3.066E-04  3.758E-04  3.340E-04  2.162E-04
  339.5000  1.969E-04  3.402E-04  4.172E-04  3.708E-04  2.398E-04
  340.5000  1.978E-04  3.416E-04  4.186E-04  3.722E-04  2.409E-04
  341.5000  1.913E-04  3.309E-04  4.059E-04  3.607E-04  2.330E-04
  342.5000  2.150E-04  3.721E-04  4.567E-04  4.056E-04  2.619E-04
  343.5000  2.161E-04  3.740E-04  4.589E-04  4.077E-04  2.633E-04
  344.5000  1.463E-04  2.530E-04  3.103E-04  2.757E-04  1.781E-04
  345.5000  2.186E-04  3.789E-04  4.652E-04  4.131E-04  2.664E-04
  346.5000  1.933E-04  3.348E-04  4.109E-04  3.650E-04  2.356E-04
  347.5000  1.897E-04  3.287E-04  4.035E-04  3.584E-04  2.312E-04
  348.5000  2.123E-04  3.681E-04  4.520E-04  4.013E-04  2.587E-04
  349.5000  1.771E-04  3.071E-04  3.772E-04  3.349E-04  2.158E-04
  350.5000  2.486E-04  4.313E-04  5.298E-04  4.703E-04  3.031E-04
  351.5000  2.122E-04  3.682E-04  4.524E-04  4.016E-04  2.587E-04
  352.5000  1.923E-04  3.338E-04  4.102E-04  3.641E-04  2.344E-04
  353.5000  2.334E-04  4.056E-04  4.984E-04  4.423E-04  2.847E-04
  354.5000  2.544E-04  4.422E-04  5.436E-04  4.823E-04  3.103E-04
  355.5000  2.375E-04  4.130E-04  5.078E-04  4.505E-04  2.897E-04
  356.5000  2.198E-04  3.824E-04  4.702E-04  4.172E-04  2.682E-04
  357.5000  1.862E-04  3.241E-04  3.985E-04  3.535E-04  2.272E-04
  358.5000  1.441E-04  2.508E-04  3.085E-04  2.737E-04  1.758E-04
  359.5000  2.420E-04  4.215E-04  5.185E-04  4.598E-04  2.954E-04
  360.5000  2.240E-04  3.903E-04  4.802E-04  4.259E-04  2.735E-04
  361.5000  2.022E-04  3.525E-04  4.338E-04  3.846E-04  2.469E-04
  362.5000  2.375E-04  4.141E-04  5.097E-04  4.519E-04  2.899E-04
  363.5000  2.110E-04  3.681E-04  4.531E-04  4.017E-04  2.576E-04
  364.5000  2.295E-04  4.006E-04  4.932E-04  4.372E-04  2.803E-04
  365.5000  2.788E-04  4.866E-04  5.992E-04  5.311E-04  3.405E-04
  366.5000  2.949E-04  5.151E-04  6.343E-04  5.622E-04  3.603E-04
  367.5000  2.800E-04  4.892E-04  6.025E-04  5.339E-04  3.420E-04
  368.5000  2.455E-04  4.291E-04  5.285E-04  4.683E-04  2.999E-04
  369.5000  2.939E-04  5.139E-04  6.332E-04  5.610E-04  3.592E-04
  370.5000  2.661E-04  4.656E-04  5.737E-04  5.082E-04  3.253E-04
  371.5000  3.041E-04  5.321E-04  6.557E-04  5.809E-04  3.716E-04
  372.5000  2.243E-04  3.926E-04  4.839E-04  4.286E-04  2.741E-04
  373.5000  2.022E-04  3.542E-04  4.366E-04  3.867E-04  2.472E-04
  374.5000  2.215E-04  3.880E-04  4.784E-04  4.237E-04  2.708E-04
  375.5000  2.495E-04  4.373E-04  5.393E-04  4.776E-04  3.051E-04
  376.5000  2.488E-04  4.362E-04  5.380E-04  4.763E-04  3.042E-04
  377.5000  2.957E-04  5.187E-04  6.398E-04  5.665E-04  3.617E-04
  378.5000  3.217E-04  5.644E-04  6.963E-04  6.165E-04  3.935E-04
  379.5000  2.375E-04  4.169E-04  5.144E-04  4.553E-04  2.905E-04
  380.5000  2.851E-04  5.007E-04  6.178E-04  5.469E-04  3.488E-04
  381.5000  2.674E-04  4.698E-04  5.798E-04  5.132E-04  3.272E-04
  382.5000  1.779E-04  3.126E-04  3.859E-04  3.415E-04  2.177E-04
  383.5000  1.559E-04  2.741E-04  3.383E-04  2.994E-04  1.908E-04
  384.5000  2.335E-04  4.107E-04  5.071E-04  4.487E-04  2.858E-04
  385.5000  2.306E-04  4.058E-04  5.011E-04  4.433E-04  2.823E-04
  386.5000  2.346E-04  4.130E-04  5.101E-04  4.513E-04  2.873E-04
  387.5000  2.176E-04  3.833E-04  4.734E-04  4.188E-04  2.665E-04
  388.5000  2.177E-04  3.836E-04  4.739E-04  4.191E-04  2.666E-04
  389.5000  2.740E-04  4.830E-04  5.968E-04  5.278E-04  3.357E-04
  390.5000  2.687E-04  4.737E-04  5.854E-04  5.177E-04  3.291E-04
  391.5000  3.182E-04  5.612E-04  6.937E-04  6.134E-04  3.898E-04
  392.5000  2.382E-04  4.202E-04  5.195E-04  4.593E-04  2.918E-04
  393.5000  1.033E-04  1.824E-04  2.255E-04  1.994E-04  1.266E-04
  394.5000  2.427E-04  4.286E-04  5.299E-04  4.685E-04  2.974E-04
  395.5000  3.116E-04  5.506E-04  6.809E-04  6.019E-04  3.820E-04
  396.5000  1.827E-04  3.229E-04  3.993E-04  3.530E-04  2.239E-04
  397.5000  2.104E-04  3.721E-04  4.603E-04  4.068E-04  2.580E-04
  398.5000  3.610E-04  6.385E-04  7.900E-04  6.981E-04  4.426E-04
  399.5000  3.748E-04  6.632E-04  8.206E-04  7.252E-04  4.596E-04
  400.5000  3.933E-04  6.962E-04  8.616E-04  7.613E-04  4.823E-04
  401.5000  4.038E-04  7.151E-04  8.851E-04  7.820E-04  4.953E-04
  402.5000  4.184E-04  7.413E-04  9.177E-04  8.107E-04  5.133E-04
  403.5000  3.823E-04  6.776E-04  8.389E-04  7.411E-04  4.690E-04
  404.5000  3.743E-04  6.638E-04  8.219E-04  7.259E-04  4.593E-04
  405.5000  3.882E-04  6.886E-04  8.528E-04  7.531E-04  4.764E-04
  406.5000  3.649E-04  6.476E-04  8.021E-04  7.083E-04  4.479E-04
  407.5000  3.671E-04  6.517E-04  8.073E-04  7.128E-04  4.506E-04
  408.5000  4.079E-04  7.244E-04  8.975E-04  7.925E-04  5.007E-04
  409.5000  3.990E-04  7.089E-04  8.784E-04  7.756E-04  4.899E-04
  410.5000  3.454E-04  6.139E-04  7.608E-04  6.716E-04  4.241E-04
  411.5000  4.145E-04  7.370E-04  9.135E-04  8.064E-04  5.090E-04
  412.5000  4.103E-04  7.298E-04  9.047E-04  7.986E-04  5.039E-04
  413.5000  3.973E-04  7.070E-04  8.766E-04  7.737E-04  4.880E-04
  414.5000  4.075E-04  7.256E-04  8.997E-04  7.940E-04  5.007E-04
  415.5000  3.889E-04  6.927E-04  8.591E-04  7.581E-04  4.779E-04
  416.5000  4.223E-04  7.525E-04  9.334E-04  8.236E-04  5.190E-04
  417.5000  3.853E-04  6.868E-04  8.520E-04  7.517E-04  4.735E-04
  418.5000  3.876E-04  6.913E-04  8.577E-04  7.566E-04  4.765E-04
  419.5000  3.998E-04  7.133E-04  8.851E-04  7.808E-04  4.915E-04
------------------------------------------------------------
Dose rates, W m-2
   1 = UV-B, 280-315 nm                                  
   2 = UV-A, 315-400 nm                                  
   3 = Gaussian, 320 nm, 10 nm FWHM                      
   4 = RB Meter, model 501                               
   5 = DNA damage, in vitro (Setlow, 1974)               
   6 = UV index (WMO, 1994; Webb et al., 2011)           
   7 = Previtamin-D3 (CIE 2006)                          
values at z =      0.000 km
Columns: time, sza, weighting spectra
time, hrs.  sza, deg.          1          2          3          4          5          6          7
   11.0000     94.663  7.071E-05  1.669E-02  4.435E-05  2.522E-05  1.392E-07  6.562E-04  1.428E-05
   11.5000     94.185  1.242E-04  2.913E-02  7.610E-05  4.397E-05  2.454E-07  1.143E-03  2.520E-05
   12.0000     93.998  1.522E-04  3.585E-02  9.268E-05  5.380E-05  3.016E-07  1.402E-03  3.094E-05
   12.5000     94.104  1.356E-04  3.179E-02  8.278E-05  4.794E-05  2.681E-07  1.247E-03  2.753E-05
   13.0000     94.502  8.732E-05  2.039E-02  5.405E-05  3.099E-05  1.720E-07  8.041E-04  1.767E-05
------------------------------------------------------------
