Spectral Irradiance, W m-2 nm-1
values at z =      0.000 km
Columns: wavelength (nm), times (hrs.) or sza (deg.)
    wc, nm     11.000     11.500     12.000     12.500     13.000
    sza =      59.222     58.832     58.650     58.681     58.924
  280.5000  5.701E-27  6.895E-27  7.640E-27  7.504E-27  6.569E-27
  281.5000  2.030E-24  2.503E-24  2.796E-24  2.743E-24  2.374E-24
  282.5000  2.218E-22  2.775E-22  3.118E-22  3.056E-22  2.624E-22
  283.5000  4.284E-21  5.407E-21  6.093E-21  5.970E-21  5.104E-21
  284.5000  5.995E-19  7.637E-19  8.619E-19  8.443E-19  7.198E-19
  285.5000  1.492E-17  1.901E-17  2.142E-17  2.099E-17  1.793E-17
  286.5000  8.086E-16  1.027E-15  1.153E-15  1.131E-15  9.697E-16
  287.5000  2.564E-14  3.230E-14  3.607E-14  3.540E-14  3.056E-14
  288.5000  8.414E-13  1.044E-12  1.157E-12  1.137E-12  9.920E-13
  289.5000  1.788E-11  2.188E-11  2.407E-11  2.369E-11  2.086E-11
  290.5000  2.246E-10  2.714E-10  2.965E-10  2.922E-10  2.595E-10
  291.5000  2.603E-09  3.092E-09  3.350E-09  3.305E-09  2.969E-09
  292.5000  1.813E-08  2.122E-08  2.283E-08  2.255E-08  2.045E-08
  293.5000  1.427E-07  1.644E-07  1.756E-07  1.736E-07  1.590E-07
  294.5000  5.942E-07  6.763E-07  7.180E-07  7.108E-07  6.560E-07
  295.5000  3.444E-06  3.865E-06  4.078E-06  4.041E-06  3.762E-06
  296.5000  1.203E-05  1.335E-05  1.400E-05  1.389E-05  1.302E-05
  297.5000  4.241E-05  4.655E-05  4.860E-05  4.825E-05  4.554E-05
  298.5000  8.449E-05  9.191E-05  9.555E-05  9.493E-05  9.011E-05
  299.5000  3.062E-04  3.302E-04  3.419E-04  3.399E-04  3.244E-04
  300.5000  4.161E-04  4.457E-04  4.600E-04  4.576E-04  4.386E-04
  301.5000  1.237E-03  1.315E-03  1.353E-03  1.346E-03  1.296E-03
  302.5000  2.008E-03  2.125E-03  2.181E-03  2.171E-03  2.097E-03
  303.5000  4.685E-03  4.929E-03  5.046E-03  5.026E-03  4.871E-03
  304.5000  6.143E-03  6.441E-03  6.583E-03  6.559E-03  6.370E-03
  305.5000  1.063E-02  1.109E-02  1.131E-02  1.127E-02  1.098E-02
  306.5000  1.247E-02  1.298E-02  1.323E-02  1.319E-02  1.286E-02
  307.5000  2.249E-02  2.331E-02  2.370E-02  2.363E-02  2.311E-02
  308.5000  2.744E-02  2.839E-02  2.885E-02  2.877E-02  2.817E-02
  309.5000  2.802E-02  2.892E-02  2.935E-02  2.927E-02  2.871E-02
  310.5000  4.241E-02  4.368E-02  4.428E-02  4.418E-02  4.338E-02
  311.5000  5.852E-02  6.019E-02  6.098E-02  6.085E-02  5.979E-02
  312.5000  6.458E-02  6.628E-02  6.708E-02  6.694E-02  6.588E-02
  313.5000  7.549E-02  7.743E-02  7.834E-02  7.818E-02  7.697E-02
  314.5000  8.379E-02  8.577E-02  8.670E-02  8.654E-02  8.530E-02
  315.5000  8.814E-02  9.019E-02  9.116E-02  9.100E-02  8.971E-02
  316.5000  9.519E-02  9.725E-02  9.822E-02  9.806E-02  9.676E-02
  317.5000  1.348E-01  1.378E-01  1.391E-01  1.389E-01  1.371E-01
  318.5000  1.142E-01  1.165E-01  1.176E-01  1.174E-01  1.160E-01
  319.5000  1.414E-01  1.443E-01  1.456E-01  1.454E-01  1.436E-01
  320.5000  1.752E-01  1.786E-01  1.802E-01  1.800E-01  1.778E-01
  321.5000  1.590E-01  1.619E-01  1.632E-01  1.630E-01  1.612E-01
  322.5000  1.524E-01  1.553E-01  1.567E-01  1.565E-01  1.547E-01
  323.5000  1.700E-01  1.730E-01  1.744E-01  1.742E-01  1.723E-01
  324.5000  1.992E-01  2.027E-01  2.044E-01  2.041E-01  2.019E-01
  325.5000  2.213E-01  2.252E-01  2.271E-01  2.268E-01  2.243E-01
  326.5000  2.824E-01  2.871E-01  2.894E-01  2.890E-01  2.860E-01
  327.5000  2.589E-01  2.634E-01  2.655E-01  2.651E-01  2.623E-01
  328.5000  2.395E-01  2.436E-01  2.455E-01  2.452E-01  2.426E-01
  329.5000  3.227E-01  3.279E-01  3.304E-01  3.300E-01  3.267E-01
  330.5000  2.892E-01  2.940E-01  2.962E-01  2.958E-01  2.928E-01
  331.5000  2.851E-01  2.899E-01  2.921E-01  2.917E-01  2.888E-01
  332.5000  2.887E-01  2.934E-01  2.955E-01  2.952E-01  2.923E-01
  333.5000  2.685E-01  2.729E-01  2.749E-01  2.746E-01  2.718E-01
  334.5000  3.020E-01  3.069E-01  3.092E-01  3.088E-01  3.058E-01
  335.5000  3.103E-01  3.153E-01  3.176E-01  3.172E-01  3.141E-01
  336.5000  2.420E-01  2.458E-01  2.476E-01  2.473E-01  2.449E-01
  337.5000  2.635E-01  2.678E-01  2.698E-01  2.694E-01  2.668E-01
  338.5000  2.821E-01  2.866E-01  2.887E-01  2.883E-01  2.855E-01
  339.5000  3.075E-01  3.124E-01  3.146E-01  3.142E-01  3.112E-01
  340.5000  3.275E-01  3.327E-01  3.351E-01  3.347E-01  3.315E-01
  341.5000  2.931E-01  2.977E-01  2.998E-01  2.995E-01  2.966E-01
  342.5000  3.254E-01  3.305E-01  3.328E-01  3.324E-01  3.293E-01
  343.5000  3.375E-01  3.428E-01  3.453E-01  3.449E-01  3.416E-01
  344.5000  2.362E-01  2.399E-01  2.416E-01  2.414E-01  2.390E-01
  345.5000  3.260E-01  3.310E-01  3.334E-01  3.330E-01  3.298E-01
  346.5000  3.040E-01  3.088E-01  3.110E-01  3.106E-01  3.077E-01
  347.5000  2.975E-01  3.021E-01  3.043E-01  3.039E-01  3.010E-01
  348.5000  3.277E-01  3.328E-01  3.351E-01  3.347E-01  3.316E-01
  349.5000  2.748E-01  2.791E-01  2.810E-01  2.807E-01  2.780E-01
  350.5000  3.852E-01  3.911E-01  3.939E-01  3.935E-01  3.897E-01
  351.5000  3.321E-01  3.372E-01  3.396E-01  3.392E-01  3.360E-01
  352.5000  2.999E-01  3.045E-01  3.067E-01  3.063E-01  3.034E-01
  353.5000  3.615E-01  3.671E-01  3.697E-01  3.693E-01  3.658E-01
  354.5000  3.918E-01  3.979E-01  4.007E-01  4.002E-01  3.964E-01
  355.5000  3.665E-01  3.721E-01  3.748E-01  3.743E-01  3.708E-01
  356.5000  3.404E-01  3.456E-01  3.480E-01  3.476E-01  3.444E-01
  357.5000  2.896E-01  2.941E-01  2.961E-01  2.958E-01  2.930E-01
  358.5000  2.237E-01  2.272E-01  2.288E-01  2.285E-01  2.264E-01
  359.5000  3.768E-01  3.826E-01  3.853E-01  3.848E-01  3.812E-01
  360.5000  3.496E-01  3.549E-01  3.574E-01  3.570E-01  3.537E-01
  361.5000  3.155E-01  3.203E-01  3.225E-01  3.222E-01  3.191E-01
  362.5000  3.708E-01  3.764E-01  3.791E-01  3.786E-01  3.751E-01
  363.5000  3.301E-01  3.351E-01  3.375E-01  3.371E-01  3.339E-01
  364.5000  3.604E-01  3.659E-01  3.684E-01  3.680E-01  3.646E-01
  365.5000  4.394E-01  4.461E-01  4.492E-01  4.487E-01  4.445E-01
  366.5000  4.654E-01  4.725E-01  4.758E-01  4.752E-01  4.708E-01
  367.5000  4.423E-01  4.490E-01  4.521E-01  4.516E-01  4.474E-01
  368.5000  3.888E-01  3.947E-01  3.975E-01  3.970E-01  3.933E-01
  369.5000  4.668E-01  4.738E-01  4.771E-01  4.766E-01  4.721E-01
  370.5000  4.238E-01  4.302E-01  4.332E-01  4.327E-01  4.287E-01
  371.5000  4.853E-01  4.926E-01  4.960E-01  4.954E-01  4.909E-01
  372.5000  3.587E-01  3.641E-01  3.667E-01  3.662E-01  3.629E-01
  373.5000  3.245E-01  3.294E-01  3.316E-01  3.313E-01  3.282E-01
  374.5000  3.564E-01  3.617E-01  3.642E-01  3.638E-01  3.605E-01
  375.5000  4.024E-01  4.084E-01  4.113E-01  4.108E-01  4.070E-01
  376.5000  4.021E-01  4.082E-01  4.110E-01  4.105E-01  4.067E-01
  377.5000  4.792E-01  4.864E-01  4.897E-01  4.892E-01  4.847E-01
  378.5000  5.227E-01  5.305E-01  5.341E-01  5.335E-01  5.286E-01
  379.5000  3.870E-01  3.927E-01  3.954E-01  3.950E-01  3.914E-01
  380.5000  4.657E-01  4.727E-01  4.759E-01  4.754E-01  4.710E-01
  381.5000  4.379E-01  4.445E-01  4.475E-01  4.470E-01  4.429E-01
  382.5000  2.920E-01  2.964E-01  2.984E-01  2.981E-01  2.953E-01
  383.5000  2.566E-01  2.604E-01  2.622E-01  2.619E-01  2.595E-01
  384.5000  3.854E-01  3.911E-01  3.938E-01  3.933E-01  3.897E-01
  385.5000  3.815E-01  3.872E-01  3.898E-01  3.894E-01  3.859E-01
  386.5000  3.892E-01  3.950E-01  3.976E-01  3.972E-01  3.936E-01
  387.5000  3.620E-01  3.673E-01  3.698E-01  3.694E-01  3.660E-01
  388.5000  3.631E-01  3.684E-01  3.709E-01  3.705E-01  3.672E-01
  389.5000  4.582E-01  4.649E-01  4.681E-01  4.675E-01  4.633E-01
  390.5000  4.503E-01  4.570E-01  4.601E-01  4.595E-01  4.554E-01
  391.5000  5.346E-01  5.425E-01  5.462E-01  5.456E-01  5.406E-01
  392.5000  4.012E-01  4.071E-01  4.098E-01  4.094E-01  4.057E-01
  393.5000  1.745E-01  1.771E-01  1.783E-01  1.781E-01  1.765E-01
  394.5000  4.110E-01  4.170E-01  4.198E-01  4.193E-01  4.156E-01
  395.5000  5.292E-01  5.369E-01  5.405E-01  5.399E-01  5.351E-01
  396.5000  3.109E-01  3.155E-01  3.176E-01  3.172E-01  3.144E-01
  397.5000  3.590E-01  3.643E-01  3.667E-01  3.663E-01  3.631E-01
  398.5000  6.174E-01  6.264E-01  6.306E-01  6.299E-01  6.243E-01
  399.5000  6.426E-01  6.520E-01  6.563E-01  6.556E-01  6.498E-01
  400.5000  6.760E-01  6.859E-01  6.905E-01  6.897E-01  6.836E-01
  401.5000  6.960E-01  7.061E-01  7.109E-01  7.101E-01  7.037E-01
  402.5000  7.231E-01  7.336E-01  7.385E-01  7.376E-01  7.311E-01
  403.5000  6.623E-01  6.719E-01  6.764E-01  6.756E-01  6.696E-01
  404.5000  6.500E-01  6.594E-01  6.638E-01  6.631E-01  6.572E-01
  405.5000  6.757E-01  6.854E-01  6.900E-01  6.892E-01  6.831E-01
  406.5000  6.368E-01  6.460E-01  6.503E-01  6.496E-01  6.438E-01
  407.5000  6.424E-01  6.517E-01  6.560E-01  6.553E-01  6.495E-01
  408.5000  7.159E-01  7.263E-01  7.311E-01  7.303E-01  7.238E-01
  409.5000  7.023E-01  7.124E-01  7.172E-01  7.164E-01  7.100E-01
  410.5000  6.094E-01  6.182E-01  6.223E-01  6.216E-01  6.161E-01
  411.5000  7.330E-01  7.435E-01  7.485E-01  7.476E-01  7.410E-01
  412.5000  7.270E-01  7.374E-01  7.423E-01  7.415E-01  7.349E-01
  413.5000  7.055E-01  7.157E-01  7.204E-01  7.196E-01  7.133E-01
  414.5000  7.256E-01  7.360E-01  7.409E-01  7.400E-01  7.335E-01
  415.5000  6.944E-01  7.044E-01  7.090E-01  7.082E-01  7.020E-01
  416.5000  7.563E-01  7.671E-01  7.721E-01  7.713E-01  7.645E-01
  417.5000  6.918E-01  7.017E-01  7.063E-01  7.055E-01  6.993E-01
  418.5000  6.976E-01  7.076E-01  7.122E-01  7.115E-01  7.052E-01
  419.5000  7.211E-01  7.314E-01  7.362E-01  7.354E-01  7.289E-01
------------------------------------------------------------
Dose rates, W m-2
   1 = UV-B, 280-315 nm                                  
   2 = UV-A, 315-400 nm                                  
   3 = Gaussian, 320 nm, 10 nm FWHM                      
   4 = RB Meter, model 501                               
   5 = DNA damage, in vitro (Setlow, 1974)               
   6 = UV index (WMO, 1994; Webb et al., 2011)           
   7 = Previtamin-D3 (CIE 2006)                          
values at z =      0.000 km
Columns: time, sza, weighting spectra
time, hrs.  sza, deg.          1          2          3          4          5          6          7
   11.0000     59.222  4.408E-01  2.830E+01  1.481E-01  1.228E-01  7.551E-04  2.334E+00  9.124E-02
   11.5000     58.832  4.538E-01  2.874E+01  1.510E-01  1.264E-01  7.838E-04  2.398E+00  9.438E-02
   12.0000     58.650  4.599E-01  2.895E+01  1.523E-01  1.280E-01  7.974E-04  2.428E+00  9.586E-02
   12.5000     58.681  4.589E-01  2.891E+01  1.521E-01  1.278E-01  7.951E-04  2.423E+00  9.561E-02
   13.0000     58.924  4.507E-01  2.864E+01  1.503E-01  1.255E-01  7.769E-04  2.382E+00  9.363E-02
------------------------------------------------------------
