Spectral Irradiance, W m-2 nm-1
values at z =      0.000 km
Columns: wavelength (nm), times (hrs.) or sza (deg.)
    wc, nm     11.000     11.500     12.000     12.500     13.000
    sza =      30.134     27.083     25.803     26.554     29.178
  280.5000  1.643E-14  3.835E-14  5.273E-14  4.385E-14  2.173E-14
  281.5000  5.340E-13  1.157E-12  1.546E-12  1.307E-12  6.891E-13
  282.5000  7.265E-12  1.476E-11  1.926E-11  1.651E-11  8.561E-12
  283.5000  3.589E-11  6.993E-11  8.986E-11  7.772E-11  4.472E-11
  284.5000  3.862E-10  7.182E-10  8.964E-10  7.882E-10  4.829E-10
  285.5000  1.472E-09  2.515E-09  3.076E-09  2.738E-09  1.757E-09
  286.5000  1.818E-08  2.974E-08  3.579E-08  3.215E-08  2.138E-08
  287.5000  1.094E-07  1.707E-07  2.017E-07  1.831E-07  1.267E-07
  288.5000  5.782E-07  8.562E-07  9.924E-07  9.111E-07  6.581E-07
  289.5000  3.296E-06  4.702E-06  5.375E-06  4.975E-06  3.705E-06
  290.5000  1.362E-05  1.883E-05  2.127E-05  1.982E-05  1.515E-05
  291.5000  4.439E-05  5.924E-05  6.604E-05  6.202E-05  4.882E-05
  292.5000  1.091E-04  1.415E-04  1.560E-04  1.474E-04  1.189E-04
  293.5000  3.210E-04  4.049E-04  4.420E-04  4.201E-04  3.465E-04
  294.5000  6.185E-04  7.638E-04  8.270E-04  7.898E-04  6.630E-04
  295.5000  1.576E-03  1.903E-03  2.043E-03  1.961E-03  1.677E-03
  296.5000  2.783E-03  3.297E-03  3.515E-03  3.387E-03  2.943E-03
  297.5000  5.388E-03  6.279E-03  6.652E-03  6.433E-03  5.666E-03
  298.5000  6.479E-03  7.446E-03  7.848E-03  7.613E-03  6.783E-03
  299.5000  1.457E-02  1.652E-02  1.733E-02  1.686E-02  1.518E-02
  300.5000  1.374E-02  1.543E-02  1.612E-02  1.572E-02  1.428E-02
  301.5000  2.748E-02  3.052E-02  3.176E-02  3.104E-02  2.844E-02
  302.5000  3.442E-02  3.796E-02  3.939E-02  3.855E-02  3.554E-02
  303.5000  5.908E-02  6.461E-02  6.683E-02  6.553E-02  6.084E-02
  304.5000  6.489E-02  7.062E-02  7.292E-02  7.158E-02  6.672E-02
  305.5000  8.627E-02  9.321E-02  9.598E-02  9.436E-02  8.849E-02
  306.5000  9.038E-02  9.734E-02  1.001E-01  9.850E-02  9.261E-02
  307.5000  1.311E-01  1.404E-01  1.440E-01  1.419E-01  1.341E-01
  308.5000  1.471E-01  1.572E-01  1.612E-01  1.588E-01  1.504E-01
  309.5000  1.302E-01  1.385E-01  1.418E-01  1.399E-01  1.329E-01
  310.5000  1.778E-01  1.886E-01  1.929E-01  1.904E-01  1.813E-01
  311.5000  2.293E-01  2.428E-01  2.481E-01  2.450E-01  2.336E-01
  312.5000  2.243E-01  2.368E-01  2.417E-01  2.388E-01  2.283E-01
  313.5000  2.547E-01  2.685E-01  2.740E-01  2.708E-01  2.591E-01
  314.5000  2.551E-01  2.682E-01  2.734E-01  2.704E-01  2.593E-01
  315.5000  2.636E-01  2.770E-01  2.823E-01  2.792E-01  2.679E-01
  316.5000  2.629E-01  2.756E-01  2.807E-01  2.777E-01  2.670E-01
  317.5000  3.718E-01  3.898E-01  3.969E-01  3.927E-01  3.776E-01
  318.5000  2.927E-01  3.063E-01  3.116E-01  3.085E-01  2.971E-01
  319.5000  3.572E-01  3.722E-01  3.800E-01  3.763E-01  3.625E-01
  320.5000  4.347E-01  4.545E-01  4.622E-01  4.577E-01  4.411E-01
  321.5000  3.692E-01  3.853E-01  3.915E-01  3.879E-01  3.744E-01
  322.5000  3.717E-01  3.883E-01  3.949E-01  3.911E-01  3.771E-01
  323.5000  3.828E-01  3.990E-01  4.054E-01  4.017E-01  3.880E-01
  324.5000  4.493E-01  4.683E-01  4.758E-01  4.715E-01  4.554E-01
  325.5000  5.036E-01  5.251E-01  5.333E-01  5.286E-01  5.106E-01
  326.5000  6.088E-01  6.337E-01  6.433E-01  6.379E-01  6.168E-01
  327.5000  5.672E-01  5.907E-01  6.000E-01  5.946E-01  5.748E-01
  328.5000  5.237E-01  5.454E-01  5.539E-01  5.489E-01  5.307E-01
  329.5000  6.777E-01  7.050E-01  7.157E-01  7.095E-01  6.865E-01
  330.5000  6.166E-01  6.416E-01  6.515E-01  6.458E-01  6.247E-01
  331.5000  6.094E-01  6.342E-01  6.439E-01  6.381E-01  6.174E-01
  332.5000  5.992E-01  6.230E-01  6.324E-01  6.269E-01  6.069E-01
  333.5000  5.634E-01  5.859E-01  5.948E-01  5.896E-01  5.707E-01
  334.5000  6.292E-01  6.542E-01  6.640E-01  6.583E-01  6.373E-01
  335.5000  6.371E-01  6.622E-01  6.721E-01  6.663E-01  6.452E-01
  336.5000  4.982E-01  5.178E-01  5.255E-01  5.210E-01  5.045E-01
  337.5000  5.472E-01  5.688E-01  5.773E-01  5.724E-01  5.542E-01
  338.5000  5.769E-01  5.995E-01  6.083E-01  6.032E-01  5.842E-01
  339.5000  6.270E-01  6.515E-01  6.611E-01  6.555E-01  6.349E-01
  340.5000  6.705E-01  6.967E-01  7.070E-01  7.010E-01  6.790E-01
  341.5000  5.951E-01  6.182E-01  6.273E-01  6.220E-01  6.026E-01
  342.5000  6.591E-01  6.847E-01  6.947E-01  6.888E-01  6.674E-01
  343.5000  6.847E-01  7.112E-01  7.216E-01  7.156E-01  6.933E-01
  344.5000  4.799E-01  4.985E-01  5.058E-01  5.016E-01  4.860E-01
  345.5000  6.571E-01  6.824E-01  6.923E-01  6.865E-01  6.653E-01
  346.5000  6.148E-01  6.385E-01  6.478E-01  6.424E-01  6.225E-01
  347.5000  6.006E-01  6.237E-01  6.327E-01  6.275E-01  6.081E-01
  348.5000  6.599E-01  6.852E-01  6.951E-01  6.893E-01  6.681E-01
  349.5000  5.529E-01  5.741E-01  5.824E-01  5.776E-01  5.598E-01
  350.5000  7.740E-01  8.036E-01  8.151E-01  8.084E-01  7.836E-01
  351.5000  6.670E-01  6.925E-01  7.024E-01  6.966E-01  6.752E-01
  352.5000  6.014E-01  6.243E-01  6.333E-01  6.281E-01  6.088E-01
  353.5000  7.238E-01  7.513E-01  7.620E-01  7.558E-01  7.327E-01
  354.5000  7.831E-01  8.128E-01  8.244E-01  8.177E-01  7.927E-01
  355.5000  7.317E-01  7.594E-01  7.703E-01  7.640E-01  7.407E-01
  356.5000  6.789E-01  7.046E-01  7.146E-01  7.088E-01  6.872E-01
  357.5000  5.772E-01  5.990E-01  6.075E-01  6.026E-01  5.843E-01
  358.5000  4.453E-01  4.621E-01  4.687E-01  4.648E-01  4.507E-01
  359.5000  7.493E-01  7.775E-01  7.885E-01  7.821E-01  7.584E-01
  360.5000  6.944E-01  7.205E-01  7.307E-01  7.248E-01  7.028E-01
  361.5000  6.259E-01  6.494E-01  6.586E-01  6.532E-01  6.335E-01
  362.5000  7.349E-01  7.624E-01  7.731E-01  7.669E-01  7.438E-01
  363.5000  6.536E-01  6.780E-01  6.876E-01  6.820E-01  6.615E-01
  364.5000  7.129E-01  7.395E-01  7.499E-01  7.438E-01  7.215E-01
  365.5000  8.685E-01  9.008E-01  9.135E-01  9.061E-01  8.789E-01
  366.5000  9.189E-01  9.531E-01  9.665E-01  9.587E-01  9.300E-01
  367.5000  8.723E-01  9.047E-01  9.174E-01  9.100E-01  8.828E-01
  368.5000  7.662E-01  7.946E-01  8.057E-01  7.992E-01  7.754E-01
  369.5000  9.188E-01  9.529E-01  9.662E-01  9.584E-01  9.299E-01
  370.5000  8.335E-01  8.643E-01  8.764E-01  8.693E-01  8.435E-01
  371.5000  9.535E-01  9.887E-01  1.002E+00  9.945E-01  9.649E-01
  372.5000  7.042E-01  7.301E-01  7.403E-01  7.344E-01  7.126E-01
  373.5000  6.364E-01  6.598E-01  6.690E-01  6.637E-01  6.440E-01
  374.5000  6.983E-01  7.240E-01  7.341E-01  7.282E-01  7.066E-01
  375.5000  7.878E-01  8.167E-01  8.280E-01  8.214E-01  7.971E-01
  376.5000  7.865E-01  8.153E-01  8.266E-01  8.201E-01  7.958E-01
  377.5000  9.364E-01  9.707E-01  9.841E-01  9.763E-01  9.475E-01
  378.5000  1.020E+00  1.058E+00  1.072E+00  1.064E+00  1.033E+00
  379.5000  7.548E-01  7.824E-01  7.932E-01  7.869E-01  7.638E-01
  380.5000  9.076E-01  9.407E-01  9.537E-01  9.462E-01  9.184E-01
  381.5000  8.528E-01  8.838E-01  8.959E-01  8.889E-01  8.628E-01
  382.5000  5.681E-01  5.888E-01  5.969E-01  5.922E-01  5.748E-01
  383.5000  4.988E-01  5.169E-01  5.240E-01  5.199E-01  5.047E-01
  384.5000  7.485E-01  7.756E-01  7.862E-01  7.800E-01  7.572E-01
  385.5000  7.404E-01  7.672E-01  7.777E-01  7.716E-01  7.491E-01
  386.5000  7.546E-01  7.819E-01  7.925E-01  7.863E-01  7.634E-01
  387.5000  7.012E-01  7.265E-01  7.364E-01  7.307E-01  7.094E-01
  388.5000  7.027E-01  7.281E-01  7.380E-01  7.322E-01  7.109E-01
  389.5000  8.861E-01  9.180E-01  9.305E-01  9.232E-01  8.964E-01
  390.5000  8.702E-01  9.015E-01  9.138E-01  9.067E-01  8.804E-01
  391.5000  1.032E+00  1.069E+00  1.084E+00  1.075E+00  1.044E+00
  392.5000  7.740E-01  8.017E-01  8.126E-01  8.063E-01  7.830E-01
  393.5000  3.364E-01  3.485E-01  3.532E-01  3.505E-01  3.403E-01
  394.5000  7.916E-01  8.199E-01  8.310E-01  8.246E-01  8.008E-01
  395.5000  1.018E+00  1.055E+00  1.069E+00  1.061E+00  1.030E+00
  396.5000  5.979E-01  6.193E-01  6.276E-01  6.228E-01  6.048E-01
  397.5000  6.899E-01  7.145E-01  7.241E-01  7.185E-01  6.979E-01
  398.5000  1.185E+00  1.228E+00  1.244E+00  1.234E+00  1.199E+00
  399.5000  1.233E+00  1.277E+00  1.294E+00  1.284E+00  1.247E+00
  400.5000  1.296E+00  1.342E+00  1.360E+00  1.350E+00  1.311E+00
  401.5000  1.333E+00  1.381E+00  1.399E+00  1.388E+00  1.349E+00
  402.5000  1.384E+00  1.433E+00  1.452E+00  1.441E+00  1.400E+00
  403.5000  1.267E+00  1.312E+00  1.329E+00  1.319E+00  1.281E+00
  404.5000  1.242E+00  1.286E+00  1.303E+00  1.293E+00  1.256E+00
  405.5000  1.290E+00  1.336E+00  1.354E+00  1.343E+00  1.305E+00
  406.5000  1.215E+00  1.258E+00  1.275E+00  1.265E+00  1.229E+00
  407.5000  1.225E+00  1.268E+00  1.285E+00  1.275E+00  1.239E+00
  408.5000  1.364E+00  1.412E+00  1.431E+00  1.420E+00  1.380E+00
  409.5000  1.337E+00  1.384E+00  1.403E+00  1.392E+00  1.353E+00
  410.5000  1.160E+00  1.200E+00  1.216E+00  1.207E+00  1.173E+00
  411.5000  1.394E+00  1.443E+00  1.462E+00  1.451E+00  1.410E+00
  412.5000  1.381E+00  1.430E+00  1.449E+00  1.438E+00  1.397E+00
  413.5000  1.340E+00  1.387E+00  1.405E+00  1.394E+00  1.355E+00
  414.5000  1.377E+00  1.425E+00  1.444E+00  1.433E+00  1.392E+00
  415.5000  1.317E+00  1.363E+00  1.381E+00  1.370E+00  1.332E+00
  416.5000  1.433E+00  1.483E+00  1.503E+00  1.491E+00  1.449E+00
  417.5000  1.310E+00  1.356E+00  1.373E+00  1.363E+00  1.325E+00
  418.5000  1.320E+00  1.366E+00  1.384E+00  1.374E+00  1.335E+00
  419.5000  1.364E+00  1.411E+00  1.430E+00  1.419E+00  1.379E+00
------------------------------------------------------------
Dose rates, W m-2
   1 = UV-B, 280-315 nm                                  
   2 = UV-A, 315-400 nm                                  
   3 = Gaussian, 320 nm, 10 nm FWHM                      
   4 = RB Meter, model 501                               
   5 = DNA damage, in vitro (Setlow, 1974)               
   6 = UV index (WMO, 1994; Webb et al., 2011)           
   7 = Previtamin-D3 (CIE 2006)                          
values at z =      0.000 km
Columns: time, sza, weighting spectra
time, hrs.  sza, deg.          1          2          3          4          5          6          7
   11.0000     30.134  1.958E+00  5.702E+01  3.669E-01  5.864E-01  7.302E-03  1.131E+01  5.669E-01
   11.5000     27.083  2.087E+00  5.918E+01  3.834E-01  6.292E-01  8.080E-03  1.219E+01  6.123E-01
   12.0000     25.803  2.139E+00  6.003E+01  3.901E-01  6.464E-01  8.399E-03  1.255E+01  6.305E-01
   12.5000     26.554  2.109E+00  5.954E+01  3.863E-01  6.364E-01  8.212E-03  1.234E+01  6.199E-01
   13.0000     29.178  1.999E+00  5.772E+01  3.723E-01  6.001E-01  7.548E-03  1.159E+01  5.814E-01
------------------------------------------------------------
