Spectral Irradiance, W m-2 nm-1
values at z =      0.000 km
Columns: wavelength (nm), times (hrs.) or sza (deg.)
    wc, nm     11.000     11.500     12.000     12.500     13.000
    sza =      17.345     12.605     10.192     11.663     15.975
  280.5000  9.607E-15  1.870E-14  2.406E-14  2.077E-14  1.193E-14
  281.5000  3.322E-13  6.098E-13  7.674E-13  6.712E-13  4.048E-13
  282.5000  4.768E-12  8.322E-12  1.027E-11  9.087E-12  5.715E-12
  283.5000  2.438E-11  4.118E-11  5.021E-11  4.473E-11  2.891E-11
  284.5000  2.876E-10  4.577E-10  5.457E-10  4.925E-10  3.345E-10
  285.5000  1.117E-09  1.701E-09  1.994E-09  1.818E-09  1.281E-09
  286.5000  1.429E-08  2.104E-08  2.436E-08  2.237E-08  1.621E-08
  287.5000  8.954E-08  1.269E-07  1.449E-07  1.341E-07  1.003E-07
  288.5000  4.941E-07  6.333E-07  7.557E-07  7.060E-07  5.462E-07
  289.5000  2.905E-06  3.840E-06  4.268E-06  4.013E-06  3.181E-06
  290.5000  1.232E-05  1.589E-05  1.749E-05  1.654E-05  1.338E-05
  291.5000  4.136E-05  5.188E-05  5.653E-05  5.377E-05  4.452E-05
  292.5000  1.042E-04  1.277E-04  1.380E-04  1.319E-04  1.113E-04
  293.5000  3.135E-04  3.761E-04  4.030E-04  3.871E-04  3.326E-04
  294.5000  6.150E-04  7.255E-04  7.724E-04  7.448E-04  6.489E-04
  295.5000  1.597E-03  1.851E-03  1.958E-03  1.895E-03  1.676E-03
  296.5000  2.865E-03  3.271E-03  3.440E-03  3.341E-03  2.992E-03
  297.5000  5.626E-03  6.339E-03  6.634E-03  6.461E-03  5.848E-03
  298.5000  6.845E-03  7.629E-03  7.950E-03  7.762E-03  7.091E-03
  299.5000  1.556E-02  1.717E-02  1.782E-02  1.744E-02  1.600E-02
  300.5000  1.481E-02  1.621E-02  1.677E-02  1.644E-02  1.525E-02
  301.5000  2.988E-02  3.242E-02  3.344E-02  3.284E-02  3.068E-02
  302.5000  3.766E-02  4.063E-02  4.181E-02  4.112E-02  3.860E-02
  303.5000  6.510E-02  6.977E-02  7.163E-02  7.054E-02  6.658E-02
  304.5000  7.180E-02  7.665E-02  7.858E-02  7.745E-02  7.334E-02
  305.5000  9.604E-02  1.019E-01  1.043E-01  1.029E-01  9.792E-02
  306.5000  1.009E-01  1.068E-01  1.091E-01  1.078E-01  1.028E-01
  307.5000  1.471E-01  1.550E-01  1.581E-01  1.563E-01  1.496E-01
  308.5000  1.653E-01  1.739E-01  1.773E-01  1.753E-01  1.681E-01
  309.5000  1.467E-01  1.539E-01  1.567E-01  1.550E-01  1.490E-01
  310.5000  2.008E-01  2.101E-01  2.138E-01  2.116E-01  2.038E-01
  311.5000  2.593E-01  2.709E-01  2.754E-01  2.728E-01  2.630E-01
  312.5000  2.544E-01  2.651E-01  2.692E-01  2.668E-01  2.578E-01
  313.5000  2.889E-01  3.008E-01  3.055E-01  3.027E-01  2.927E-01
  314.5000  2.900E-01  3.013E-01  3.057E-01  3.031E-01  2.936E-01
  315.5000  2.997E-01  3.112E-01  3.157E-01  3.131E-01  3.034E-01
  316.5000  2.994E-01  3.104E-01  3.146E-01  3.121E-01  3.029E-01
  317.5000  4.233E-01  4.388E-01  4.448E-01  4.413E-01  4.283E-01
  318.5000  3.338E-01  3.455E-01  3.500E-01  3.473E-01  3.376E-01
  319.5000  4.075E-01  4.215E-01  4.270E-01  4.238E-01  4.120E-01
  320.5000  4.959E-01  5.128E-01  5.194E-01  5.156E-01  5.014E-01
  321.5000  4.218E-01  4.356E-01  4.409E-01  4.378E-01  4.262E-01
  322.5000  4.240E-01  4.383E-01  4.438E-01  4.406E-01  4.286E-01
  323.5000  4.375E-01  4.514E-01  4.568E-01  4.536E-01  4.419E-01
  324.5000  5.133E-01  5.296E-01  5.360E-01  5.322E-01  5.185E-01
  325.5000  5.751E-01  5.934E-01  6.006E-01  5.964E-01  5.809E-01
  326.5000  6.960E-01  7.171E-01  7.257E-01  7.208E-01  7.028E-01
  327.5000  6.480E-01  6.681E-01  6.760E-01  6.714E-01  6.544E-01
  328.5000  5.981E-01  6.167E-01  6.239E-01  6.197E-01  6.041E-01
  329.5000  7.747E-01  7.980E-01  8.071E-01  8.017E-01  7.822E-01
  330.5000  7.044E-01  7.257E-01  7.341E-01  7.292E-01  7.112E-01
  331.5000  6.959E-01  7.170E-01  7.253E-01  7.205E-01  7.027E-01
  332.5000  6.846E-01  7.049E-01  7.129E-01  7.082E-01  6.911E-01
  333.5000  6.433E-01  6.626E-01  6.701E-01  6.657E-01  6.495E-01
  334.5000  7.184E-01  7.398E-01  7.481E-01  7.432E-01  7.252E-01
  335.5000  7.276E-01  7.490E-01  7.573E-01  7.525E-01  7.345E-01
  336.5000  5.687E-01  5.855E-01  5.920E-01  5.882E-01  5.741E-01
  337.5000  6.243E-01  6.428E-01  6.500E-01  6.458E-01  6.302E-01
  338.5000  6.584E-01  6.776E-01  6.851E-01  6.807E-01  6.645E-01
  339.5000  7.154E-01  7.362E-01  7.444E-01  7.396E-01  7.221E-01
  340.5000  7.648E-01  7.871E-01  7.958E-01  7.907E-01  7.719E-01
  341.5000  6.788E-01  6.984E-01  7.061E-01  7.016E-01  6.851E-01
  342.5000  7.516E-01  7.733E-01  7.818E-01  7.769E-01  7.586E-01
  343.5000  7.806E-01  8.031E-01  8.119E-01  8.068E-01  7.878E-01
  344.5000  5.470E-01  5.628E-01  5.689E-01  5.653E-01  5.520E-01
  345.5000  7.488E-01  7.703E-01  7.787E-01  7.738E-01  7.557E-01
  346.5000  7.004E-01  7.205E-01  7.284E-01  7.238E-01  7.069E-01
  347.5000  6.841E-01  7.037E-01  7.113E-01  7.069E-01  6.904E-01
  348.5000  7.515E-01  7.729E-01  7.813E-01  7.764E-01  7.584E-01
  349.5000  6.295E-01  6.475E-01  6.545E-01  6.504E-01  6.353E-01
  350.5000  8.811E-01  9.062E-01  9.159E-01  9.102E-01  8.891E-01
  351.5000  7.591E-01  7.807E-01  7.891E-01  7.842E-01  7.660E-01
  352.5000  6.843E-01  7.037E-01  7.113E-01  7.069E-01  6.905E-01
  353.5000  8.234E-01  8.467E-01  8.558E-01  8.505E-01  8.308E-01
  354.5000  8.907E-01  9.159E-01  9.257E-01  9.200E-01  8.988E-01
  355.5000  8.321E-01  8.556E-01  8.647E-01  8.594E-01  8.396E-01
  356.5000  7.719E-01  7.936E-01  8.021E-01  7.972E-01  7.789E-01
  357.5000  6.561E-01  6.746E-01  6.818E-01  6.776E-01  6.620E-01
  358.5000  5.061E-01  5.203E-01  5.259E-01  5.226E-01  5.107E-01
  359.5000  8.514E-01  8.753E-01  8.846E-01  8.791E-01  8.591E-01
  360.5000  7.889E-01  8.109E-01  8.196E-01  8.145E-01  7.959E-01
  361.5000  7.109E-01  7.308E-01  7.385E-01  7.340E-01  7.173E-01
  362.5000  8.345E-01  8.578E-01  8.669E-01  8.616E-01  8.420E-01
  363.5000  7.421E-01  7.627E-01  7.708E-01  7.661E-01  7.487E-01
  364.5000  8.092E-01  8.317E-01  8.405E-01  8.353E-01  8.164E-01
  365.5000  9.856E-01  1.013E+00  1.024E+00  1.017E+00  9.944E-01
  366.5000  1.043E+00  1.072E+00  1.083E+00  1.076E+00  1.052E+00
  367.5000  9.896E-01  1.017E+00  1.028E+00  1.021E+00  9.984E-01
  368.5000  8.690E-01  8.931E-01  9.024E-01  8.970E-01  8.767E-01
  369.5000  1.042E+00  1.071E+00  1.082E+00  1.075E+00  1.051E+00
  370.5000  9.450E-01  9.711E-01  9.813E-01  9.753E-01  9.534E-01
  371.5000  1.081E+00  1.111E+00  1.122E+00  1.115E+00  1.090E+00
  372.5000  7.982E-01  8.201E-01  8.286E-01  8.236E-01  8.052E-01
  373.5000  7.212E-01  7.410E-01  7.487E-01  7.442E-01  7.275E-01
  374.5000  7.912E-01  8.129E-01  8.214E-01  8.164E-01  7.982E-01
  375.5000  8.924E-01  9.168E-01  9.264E-01  9.208E-01  9.002E-01
  376.5000  8.908E-01  9.152E-01  9.247E-01  9.191E-01  8.986E-01
  377.5000  1.060E+00  1.089E+00  1.101E+00  1.094E+00  1.070E+00
  378.5000  1.155E+00  1.187E+00  1.199E+00  1.192E+00  1.165E+00
  379.5000  8.545E-01  8.778E-01  8.868E-01  8.815E-01  8.620E-01
  380.5000  1.027E+00  1.055E+00  1.066E+00  1.060E+00  1.036E+00
  381.5000  9.650E-01  9.912E-01  1.001E+00  9.955E-01  9.734E-01
  382.5000  6.428E-01  6.603E-01  6.670E-01  6.631E-01  6.484E-01
  383.5000  5.643E-01  5.796E-01  5.855E-01  5.820E-01  5.692E-01
  384.5000  8.466E-01  8.695E-01  8.784E-01  8.732E-01  8.539E-01
  385.5000  8.373E-01  8.599E-01  8.687E-01  8.636E-01  8.446E-01
  386.5000  8.532E-01  8.762E-01  8.852E-01  8.800E-01  8.606E-01
  387.5000  7.927E-01  8.141E-01  8.224E-01  8.175E-01  7.996E-01
  388.5000  7.944E-01  8.157E-01  8.240E-01  8.192E-01  8.012E-01
  389.5000  1.001E+00  1.028E+00  1.039E+00  1.033E+00  1.010E+00
  390.5000  9.834E-01  1.010E+00  1.020E+00  1.014E+00  9.918E-01
  391.5000  1.166E+00  1.198E+00  1.210E+00  1.203E+00  1.176E+00
  392.5000  8.743E-01  8.977E-01  9.069E-01  9.015E-01  8.818E-01
  393.5000  3.800E-01  3.902E-01  3.941E-01  3.918E-01  3.833E-01
  394.5000  8.940E-01  9.178E-01  9.271E-01  9.217E-01  9.016E-01
  395.5000  1.150E+00  1.181E+00  1.193E+00  1.186E+00  1.160E+00
  396.5000  6.751E-01  6.930E-01  7.000E-01  6.959E-01  6.808E-01
  397.5000  7.788E-01  7.995E-01  8.076E-01  8.028E-01  7.854E-01
  398.5000  1.338E+00  1.373E+00  1.387E+00  1.379E+00  1.349E+00
  399.5000  1.391E+00  1.428E+00  1.443E+00  1.434E+00  1.403E+00
  400.5000  1.462E+00  1.501E+00  1.516E+00  1.507E+00  1.475E+00
  401.5000  1.504E+00  1.544E+00  1.559E+00  1.550E+00  1.517E+00
  402.5000  1.561E+00  1.602E+00  1.619E+00  1.609E+00  1.574E+00
  403.5000  1.429E+00  1.466E+00  1.481E+00  1.472E+00  1.441E+00
  404.5000  1.401E+00  1.438E+00  1.452E+00  1.444E+00  1.413E+00
  405.5000  1.455E+00  1.493E+00  1.508E+00  1.499E+00  1.467E+00
  406.5000  1.370E+00  1.406E+00  1.420E+00  1.412E+00  1.382E+00
  407.5000  1.381E+00  1.417E+00  1.431E+00  1.423E+00  1.393E+00
  408.5000  1.538E+00  1.578E+00  1.594E+00  1.585E+00  1.551E+00
  409.5000  1.507E+00  1.547E+00  1.562E+00  1.553E+00  1.520E+00
  410.5000  1.307E+00  1.341E+00  1.354E+00  1.346E+00  1.318E+00
  411.5000  1.570E+00  1.611E+00  1.627E+00  1.618E+00  1.583E+00
  412.5000  1.556E+00  1.597E+00  1.613E+00  1.603E+00  1.569E+00
  413.5000  1.509E+00  1.548E+00  1.564E+00  1.555E+00  1.521E+00
  414.5000  1.550E+00  1.591E+00  1.607E+00  1.598E+00  1.563E+00
  415.5000  1.483E+00  1.521E+00  1.536E+00  1.528E+00  1.495E+00
  416.5000  1.613E+00  1.655E+00  1.672E+00  1.662E+00  1.627E+00
  417.5000  1.475E+00  1.513E+00  1.528E+00  1.519E+00  1.487E+00
  418.5000  1.486E+00  1.525E+00  1.540E+00  1.531E+00  1.498E+00
  419.5000  1.535E+00  1.575E+00  1.590E+00  1.581E+00  1.547E+00
------------------------------------------------------------
Dose rates, W m-2
   1 = UV-B, 280-315 nm                                  
   2 = UV-A, 315-400 nm                                  
   3 = Gaussian, 320 nm, 10 nm FWHM                      
   4 = RB Meter, model 501                               
   5 = DNA damage, in vitro (Setlow, 1974)               
   6 = UV index (WMO, 1994; Webb et al., 2011)           
   7 = Previtamin-D3 (CIE 2006)                          
values at z =      0.000 km
Columns: time, sza, weighting spectra
time, hrs.  sza, deg.          1          2          3          4          5          6          7
   11.0000     17.345  2.202E+00  6.474E+01  4.184E-01  6.563E-01  7.974E-03  1.260E+01  6.312E-01
   11.5000     12.605  2.313E+00  6.658E+01  4.327E-01  6.924E-01  8.614E-03  1.334E+01  6.696E-01
   12.0000     10.192  2.357E+00  6.730E+01  4.383E-01  7.068E-01  8.874E-03  1.364E+01  6.848E-01
   12.5000     11.663  2.331E+00  6.688E+01  4.351E-01  6.984E-01  8.722E-03  1.347E+01  6.759E-01
   13.0000     15.975  2.237E+00  6.533E+01  4.230E-01  6.677E-01  8.173E-03  1.283E+01  6.433E-01
------------------------------------------------------------
