Spectral Irradiance, W m-2 nm-1
values at z =      0.000 km
Columns: wavelength (nm), times (hrs.) or sza (deg.)
    wc, nm     11.000     11.500     12.000     12.500     13.000
    sza =      38.155     36.046     35.360     36.181     38.412
  280.5000  5.734E-16  1.401E-15  1.838E-15  1.326E-15  5.112E-16
  281.5000  2.504E-14  5.650E-14  7.236E-14  5.376E-14  2.255E-14
  282.5000  4.390E-13  9.255E-13  1.161E-12  8.843E-13  3.842E-13
  283.5000  2.557E-12  5.157E-12  6.385E-12  4.941E-12  2.336E-12
  284.5000  3.821E-11  7.113E-11  8.592E-11  6.848E-11  3.527E-11
  285.5000  1.768E-10  3.101E-10  3.679E-10  2.948E-10  1.644E-10
  286.5000  2.588E-09  4.337E-09  5.074E-09  4.202E-09  2.422E-09
  287.5000  1.882E-08  2.998E-08  3.455E-08  2.890E-08  1.773E-08
  288.5000  1.221E-07  1.841E-07  2.086E-07  1.795E-07  1.158E-07
  289.5000  8.062E-07  1.168E-06  1.308E-06  1.142E-06  7.686E-07
  290.5000  3.768E-06  5.285E-06  5.857E-06  5.176E-06  3.608E-06
  291.5000  1.413E-05  1.908E-05  2.091E-05  1.873E-05  1.359E-05
  292.5000  3.894E-05  5.101E-05  5.538E-05  5.017E-05  3.761E-05
  293.5000  1.275E-04  1.623E-04  1.747E-04  1.599E-04  1.236E-04
  294.5000  2.674E-04  3.326E-04  3.555E-04  3.282E-04  2.599E-04
  295.5000  7.451E-04  9.050E-04  9.603E-04  8.943E-04  7.266E-04
  296.5000  1.417E-03  1.687E-03  1.779E-03  1.669E-03  1.385E-03
  297.5000  2.927E-03  3.425E-03  3.593E-03  3.392E-03  2.868E-03
  298.5000  3.717E-03  4.287E-03  4.477E-03  4.249E-03  3.650E-03
  299.5000  8.799E-03  1.001E-02  1.041E-02  9.930E-03  8.655E-03
  300.5000  8.636E-03  9.719E-03  1.008E-02  9.526E-03  8.505E-03
  301.5000  1.802E-02  2.005E-02  2.071E-02  1.992E-02  1.777E-02
  302.5000  2.321E-02  2.563E-02  2.642E-02  2.547E-02  2.291E-02
  303.5000  4.117E-02  4.506E-02  4.633E-02  4.481E-02  4.070E-02
  304.5000  4.609E-02  5.020E-02  5.152E-02  4.993E-02  4.559E-02
  305.5000  6.304E-02  6.812E-02  6.976E-02  6.780E-02  6.241E-02
  306.5000  6.685E-02  7.201E-02  7.367E-02  7.168E-02  6.622E-02
  307.5000  9.927E-02  1.063E-01  1.085E-01  1.058E-01  9.840E-02
  308.5000  1.124E-01  1.200E-01  1.225E-01  1.196E-01  1.115E-01
  309.5000  1.010E-01  1.074E-01  1.095E-01  1.070E-01  1.002E-01
  310.5000  1.395E-01  1.479E-01  1.506E-01  1.474E-01  1.385E-01
  311.5000  1.812E-01  1.917E-01  1.951E-01  1.910E-01  1.799E-01
  312.5000  1.796E-01  1.894E-01  1.925E-01  1.888E-01  1.784E-01
  313.5000  2.045E-01  2.155E-01  2.190E-01  2.148E-01  2.032E-01
  314.5000  2.071E-01  2.176E-01  2.209E-01  2.169E-01  2.058E-01
  315.5000  2.145E-01  2.252E-01  2.285E-01  2.245E-01  2.131E-01
  316.5000  2.157E-01  2.260E-01  2.292E-01  2.253E-01  2.145E-01
  317.5000  3.052E-01  3.196E-01  3.242E-01  3.187E-01  3.034E-01
  318.5000  2.422E-01  2.531E-01  2.566E-01  2.524E-01  2.408E-01
  319.5000  2.961E-01  3.093E-01  3.134E-01  3.084E-01  2.944E-01
  320.5000  3.610E-01  3.769E-01  3.819E-01  3.759E-01  3.590E-01
  321.5000  3.088E-01  3.218E-01  3.259E-01  3.209E-01  3.072E-01
  322.5000  3.093E-01  3.227E-01  3.270E-01  3.219E-01  3.072E-01
  323.5000  3.213E-01  3.345E-01  3.385E-01  3.336E-01  3.196E-01
  324.5000  3.770E-01  3.925E-01  3.974E-01  3.915E-01  3.751E-01
  325.5000  4.223E-01  4.397E-01  4.452E-01  4.386E-01  4.201E-01
  326.5000  5.134E-01  5.338E-01  5.402E-01  5.325E-01  5.108E-01
  327.5000  4.776E-01  4.967E-01  5.028E-01  4.955E-01  4.752E-01
  328.5000  4.411E-01  4.587E-01  4.643E-01  4.576E-01  4.389E-01
  329.5000  5.733E-01  5.955E-01  6.026E-01  5.941E-01  5.705E-01
  330.5000  5.208E-01  5.412E-01  5.477E-01  5.400E-01  5.183E-01
  331.5000  5.147E-01  5.349E-01  5.412E-01  5.336E-01  5.121E-01
  332.5000  5.077E-01  5.271E-01  5.332E-01  5.259E-01  5.052E-01
  333.5000  4.768E-01  4.952E-01  5.010E-01  4.941E-01  4.745E-01
  334.5000  5.330E-01  5.534E-01  5.599E-01  5.521E-01  5.304E-01
  335.5000  5.406E-01  5.611E-01  5.675E-01  5.598E-01  5.380E-01
  336.5000  4.226E-01  4.386E-01  4.437E-01  4.376E-01  4.206E-01
  337.5000  4.638E-01  4.815E-01  4.871E-01  4.804E-01  4.616E-01
  338.5000  4.898E-01  5.083E-01  5.141E-01  5.071E-01  4.875E-01
  339.5000  5.326E-01  5.526E-01  5.589E-01  5.513E-01  5.301E-01
  340.5000  5.694E-01  5.908E-01  5.975E-01  5.894E-01  5.667E-01
  341.5000  5.058E-01  5.247E-01  5.307E-01  5.235E-01  5.035E-01
  342.5000  5.604E-01  5.813E-01  5.879E-01  5.800E-01  5.578E-01
  343.5000  5.821E-01  6.038E-01  6.106E-01  6.024E-01  5.794E-01
  344.5000  4.080E-01  4.232E-01  4.280E-01  4.223E-01  4.061E-01
  345.5000  5.591E-01  5.798E-01  5.863E-01  5.785E-01  5.565E-01
  346.5000  5.230E-01  5.424E-01  5.485E-01  5.412E-01  5.206E-01
  347.5000  5.111E-01  5.299E-01  5.359E-01  5.288E-01  5.087E-01
  348.5000  5.617E-01  5.824E-01  5.889E-01  5.811E-01  5.591E-01
  349.5000  4.707E-01  4.881E-01  4.935E-01  4.870E-01  4.686E-01
  350.5000  6.591E-01  6.833E-01  6.910E-01  6.818E-01  6.561E-01
  351.5000  5.681E-01  5.889E-01  5.955E-01  5.876E-01  5.654E-01
  352.5000  5.123E-01  5.311E-01  5.370E-01  5.299E-01  5.100E-01
  353.5000  6.167E-01  6.393E-01  6.464E-01  6.378E-01  6.139E-01
  354.5000  6.675E-01  6.918E-01  6.995E-01  6.903E-01  6.644E-01
  355.5000  6.238E-01  6.465E-01  6.536E-01  6.451E-01  6.209E-01
  356.5000  5.789E-01  5.999E-01  6.065E-01  5.986E-01  5.762E-01
  357.5000  4.922E-01  5.101E-01  5.157E-01  5.090E-01  4.900E-01
  358.5000  3.798E-01  3.936E-01  3.979E-01  3.927E-01  3.781E-01
  359.5000  6.393E-01  6.624E-01  6.697E-01  6.609E-01  6.363E-01
  360.5000  5.925E-01  6.139E-01  6.206E-01  6.126E-01  5.898E-01
  361.5000  5.342E-01  5.534E-01  5.595E-01  5.522E-01  5.318E-01
  362.5000  6.273E-01  6.499E-01  6.570E-01  6.484E-01  6.244E-01
  363.5000  5.580E-01  5.780E-01  5.844E-01  5.768E-01  5.555E-01
  364.5000  6.087E-01  6.305E-01  6.374E-01  6.291E-01  6.059E-01
  365.5000  7.417E-01  7.682E-01  7.766E-01  7.666E-01  7.383E-01
  366.5000  7.849E-01  8.130E-01  8.218E-01  8.112E-01  7.814E-01
  367.5000  7.453E-01  7.719E-01  7.802E-01  7.702E-01  7.419E-01
  368.5000  6.547E-01  6.780E-01  6.853E-01  6.765E-01  6.517E-01
  369.5000  7.853E-01  8.132E-01  8.220E-01  8.114E-01  7.817E-01
  370.5000  7.124E-01  7.377E-01  7.457E-01  7.361E-01  7.092E-01
  371.5000  8.152E-01  8.441E-01  8.532E-01  8.422E-01  8.115E-01
  372.5000  6.021E-01  6.234E-01  6.302E-01  6.221E-01  5.994E-01
  373.5000  5.442E-01  5.635E-01  5.695E-01  5.623E-01  5.418E-01
  374.5000  5.973E-01  6.184E-01  6.250E-01  6.171E-01  5.946E-01
  375.5000  6.739E-01  6.977E-01  7.051E-01  6.962E-01  6.709E-01
  376.5000  6.729E-01  6.966E-01  7.041E-01  6.951E-01  6.699E-01
  377.5000  8.013E-01  8.295E-01  8.384E-01  8.277E-01  7.978E-01
  378.5000  8.733E-01  9.040E-01  9.137E-01  9.021E-01  8.695E-01
  379.5000  6.461E-01  6.688E-01  6.759E-01  6.673E-01  6.433E-01
  380.5000  7.770E-01  8.042E-01  8.128E-01  8.025E-01  7.736E-01
  381.5000  7.302E-01  7.557E-01  7.637E-01  7.541E-01  7.269E-01
  382.5000  4.865E-01  5.035E-01  5.089E-01  5.024E-01  4.844E-01
  383.5000  4.272E-01  4.421E-01  4.468E-01  4.412E-01  4.253E-01
  384.5000  6.411E-01  6.635E-01  6.705E-01  6.620E-01  6.383E-01
  385.5000  6.343E-01  6.564E-01  6.633E-01  6.550E-01  6.315E-01
  386.5000  6.466E-01  6.690E-01  6.761E-01  6.676E-01  6.438E-01
  387.5000  6.009E-01  6.217E-01  6.283E-01  6.204E-01  5.983E-01
  388.5000  6.023E-01  6.232E-01  6.297E-01  6.219E-01  5.997E-01
  389.5000  7.596E-01  7.858E-01  7.941E-01  7.842E-01  7.563E-01
  390.5000  7.461E-01  7.718E-01  7.800E-01  7.702E-01  7.428E-01
  391.5000  8.851E-01  9.156E-01  9.253E-01  9.137E-01  8.813E-01
  392.5000  6.637E-01  6.866E-01  6.938E-01  6.852E-01  6.609E-01
  393.5000  2.886E-01  2.985E-01  3.016E-01  2.979E-01  2.873E-01
  394.5000  6.790E-01  7.024E-01  7.097E-01  7.009E-01  6.761E-01
  395.5000  8.737E-01  9.037E-01  9.131E-01  9.018E-01  8.699E-01
  396.5000  5.130E-01  5.306E-01  5.362E-01  5.295E-01  5.108E-01
  397.5000  5.920E-01  6.123E-01  6.187E-01  6.110E-01  5.895E-01
  398.5000  1.017E+00  1.052E+00  1.063E+00  1.050E+00  1.013E+00
  399.5000  1.058E+00  1.094E+00  1.106E+00  1.092E+00  1.054E+00
  400.5000  1.113E+00  1.150E+00  1.162E+00  1.148E+00  1.108E+00
  401.5000  1.145E+00  1.184E+00  1.196E+00  1.181E+00  1.140E+00
  402.5000  1.188E+00  1.229E+00  1.242E+00  1.226E+00  1.183E+00
  403.5000  1.088E+00  1.125E+00  1.136E+00  1.122E+00  1.083E+00
  404.5000  1.067E+00  1.103E+00  1.115E+00  1.101E+00  1.062E+00
  405.5000  1.108E+00  1.146E+00  1.158E+00  1.144E+00  1.104E+00
  406.5000  1.044E+00  1.079E+00  1.090E+00  1.077E+00  1.040E+00
  407.5000  1.053E+00  1.088E+00  1.099E+00  1.086E+00  1.048E+00
  408.5000  1.172E+00  1.212E+00  1.224E+00  1.209E+00  1.167E+00
  409.5000  1.149E+00  1.188E+00  1.200E+00  1.186E+00  1.144E+00
  410.5000  9.967E-01  1.030E+00  1.041E+00  1.028E+00  9.925E-01
  411.5000  1.198E+00  1.238E+00  1.251E+00  1.236E+00  1.193E+00
  412.5000  1.188E+00  1.227E+00  1.240E+00  1.225E+00  1.182E+00
  413.5000  1.152E+00  1.190E+00  1.203E+00  1.188E+00  1.147E+00
  414.5000  1.184E+00  1.224E+00  1.236E+00  1.221E+00  1.179E+00
  415.5000  1.132E+00  1.170E+00  1.182E+00  1.168E+00  1.128E+00
  416.5000  1.232E+00  1.274E+00  1.287E+00  1.271E+00  1.227E+00
  417.5000  1.127E+00  1.164E+00  1.176E+00  1.162E+00  1.122E+00
  418.5000  1.136E+00  1.174E+00  1.185E+00  1.171E+00  1.131E+00
  419.5000  1.173E+00  1.212E+00  1.225E+00  1.210E+00  1.168E+00
------------------------------------------------------------
Dose rates, W m-2
   1 = UV-B, 280-315 nm                                  
   2 = UV-A, 315-400 nm                                  
   3 = Gaussian, 320 nm, 10 nm FWHM                      
   4 = RB Meter, model 501                               
   5 = DNA damage, in vitro (Setlow, 1974)               
   6 = UV index (WMO, 1994; Webb et al., 2011)           
   7 = Previtamin-D3 (CIE 2006)                          
values at z =      0.000 km
Columns: time, sza, weighting spectra
time, hrs.  sza, deg.          1          2          3          4          5          6          7
   11.0000     38.155  1.510E+00  4.856E+01  3.045E-01  4.426E-01  4.930E-03  8.406E+00  4.168E-01
   11.5000     36.046  1.607E+00  5.034E+01  3.180E-01  4.738E-01  5.431E-03  9.030E+00  4.494E-01
   12.0000     35.360  1.639E+00  5.090E+01  3.222E-01  4.838E-01  5.595E-03  9.232E+00  4.599E-01
   12.5000     36.181  1.601E+00  5.023E+01  3.171E-01  4.717E-01  5.395E-03  8.987E+00  4.472E-01
   13.0000     38.412  1.498E+00  4.834E+01  3.028E-01  4.388E-01  4.870E-03  8.329E+00  4.128E-01
------------------------------------------------------------
