Spectral Irradiance, W m-2 nm-1
values at z =      0.000 km
Columns: wavelength (nm), times (hrs.) or sza (deg.)
    wc, nm     11.000     11.500     12.000     12.500     13.000
    sza =      14.421      8.044      5.815     10.736     17.579
  280.5000  2.994E-13  5.405E-13  6.123E-13  4.399E-13  1.949E-13
  281.5000  7.521E-12  1.290E-11  1.445E-11  1.068E-11  5.084E-12
  282.5000  8.203E-11  1.345E-10  1.494E-10  1.132E-10  5.726E-11
  283.5000  3.509E-10  5.591E-10  6.169E-10  4.752E-10  2.501E-10
  284.5000  2.991E-09  4.522E-09  4.935E-09  3.915E-09  2.215E-09
  285.5000  9.134E-09  1.328E-08  1.438E-08  1.166E-08  6.959E-09
  286.5000  9.717E-08  1.372E-07  1.475E-07  1.216E-07  7.565E-08
  287.5000  4.953E-07  6.772E-07  7.233E-07  6.074E-07  3.955E-07
  288.5000  2.190E-06  2.885E-06  3.058E-06  2.621E-06  1.793E-06
  289.5000  1.098E-05  1.410E-05  1.486E-05  1.292E-05  9.160E-06
  290.5000  4.072E-05  5.115E-05  5.368E-05  4.723E-05  3.451E-05
  291.5000  1.173E-04  1.440E-04  1.503E-04  1.341E-04  1.013E-04
  292.5000  2.612E-04  3.138E-04  3.262E-04  2.943E-04  2.287E-04
  293.5000  6.992E-04  8.241E-04  8.533E-04  7.781E-04  6.207E-04
  294.5000  1.251E-03  1.453E-03  1.500E-03  1.379E-03  1.123E-03
  295.5000  2.949E-03  3.371E-03  3.468E-03  3.217E-03  2.677E-03
  296.5000  4.878E-03  5.504E-03  5.646E-03  5.276E-03  4.470E-03
  297.5000  8.920E-03  9.949E-03  1.018E-02  9.577E-03  8.243E-03
  298.5000  1.022E-02  1.129E-02  1.153E-02  1.091E-02  9.514E-03
  299.5000  2.197E-02  2.404E-02  2.451E-02  2.330E-02  2.058E-02
  300.5000  2.002E-02  2.175E-02  2.214E-02  2.113E-02  1.885E-02
  301.5000  3.854E-02  4.157E-02  4.224E-02  4.048E-02  3.649E-02
  302.5000  4.709E-02  5.054E-02  5.130E-02  4.931E-02  4.475E-02
  303.5000  7.851E-02  8.376E-02  8.492E-02  8.189E-02  7.493E-02
  304.5000  8.479E-02  9.016E-02  9.134E-02  8.824E-02  8.112E-02
  305.5000  1.099E-01  1.163E-01  1.177E-01  1.140E-01  1.056E-01
  306.5000  1.139E-01  1.203E-01  1.216E-01  1.180E-01  1.096E-01
  307.5000  1.619E-01  1.702E-01  1.720E-01  1.672E-01  1.562E-01
  308.5000  1.802E-01  1.891E-01  1.911E-01  1.860E-01  1.741E-01
  309.5000  1.573E-01  1.646E-01  1.662E-01  1.620E-01  1.522E-01
  310.5000  2.127E-01  2.221E-01  2.242E-01  2.188E-01  2.062E-01
  311.5000  2.724E-01  2.842E-01  2.867E-01  2.800E-01  2.643E-01
  312.5000  2.635E-01  2.742E-01  2.766E-01  2.704E-01  2.561E-01
  313.5000  2.983E-01  3.102E-01  3.128E-01  3.060E-01  2.900E-01
  314.5000  2.958E-01  3.070E-01  3.095E-01  3.031E-01  2.880E-01
  315.5000  3.051E-01  3.165E-01  3.190E-01  3.125E-01  2.971E-01
  316.5000  3.020E-01  3.128E-01  3.152E-01  3.090E-01  2.944E-01
  317.5000  4.269E-01  4.422E-01  4.455E-01  4.368E-01  4.163E-01
  318.5000  3.338E-01  3.452E-01  3.477E-01  3.412E-01  3.258E-01
  319.5000  4.067E-01  4.205E-01  4.235E-01  4.156E-01  3.971E-01
  320.5000  4.940E-01  5.106E-01  5.143E-01  5.048E-01  4.824E-01
  321.5000  4.169E-01  4.304E-01  4.333E-01  4.256E-01  4.075E-01
  322.5000  4.215E-01  4.356E-01  4.386E-01  4.306E-01  4.118E-01
  323.5000  4.308E-01  4.445E-01  4.474E-01  4.397E-01  4.213E-01
  324.5000  5.056E-01  5.216E-01  5.251E-01  5.160E-01  4.945E-01
  325.5000  5.672E-01  5.852E-01  5.891E-01  5.789E-01  5.546E-01
  326.5000  6.821E-01  7.030E-01  7.076E-01  6.956E-01  6.675E-01
  327.5000  6.363E-01  6.560E-01  6.603E-01  6.486E-01  6.226E-01
  328.5000  5.873E-01  6.054E-01  6.094E-01  5.991E-01  5.746E-01
  329.5000  7.571E-01  7.799E-01  7.849E-01  7.718E-01  7.412E-01
  330.5000  6.897E-01  7.106E-01  7.151E-01  7.032E-01  6.752E-01
  331.5000  6.816E-01  7.023E-01  7.068E-01  6.950E-01  6.671E-01
  332.5000  6.683E-01  6.882E-01  6.925E-01  6.811E-01  6.544E-01
  333.5000  6.289E-01  6.477E-01  6.517E-01  6.410E-01  6.157E-01
  334.5000  7.017E-01  7.226E-01  7.271E-01  7.152E-01  6.872E-01
  335.5000  7.095E-01  7.304E-01  7.350E-01  7.231E-01  6.950E-01
  336.5000  5.549E-01  5.712E-01  5.748E-01  5.654E-01  5.435E-01
  337.5000  6.098E-01  6.278E-01  6.317E-01  6.214E-01  5.972E-01
  338.5000  6.419E-01  6.607E-01  6.648E-01  6.541E-01  6.288E-01
  339.5000  6.974E-01  7.177E-01  7.221E-01  7.105E-01  6.832E-01
  340.5000  7.459E-01  7.677E-01  7.725E-01  7.600E-01  7.307E-01
  341.5000  6.615E-01  6.807E-01  6.848E-01  6.739E-01  6.481E-01
  342.5000  7.323E-01  7.535E-01  7.582E-01  7.460E-01  7.175E-01
  343.5000  7.607E-01  7.827E-01  7.875E-01  7.749E-01  7.453E-01
  344.5000  5.332E-01  5.487E-01  5.520E-01  5.432E-01  5.224E-01
  345.5000  7.294E-01  7.504E-01  7.550E-01  7.430E-01  7.148E-01
  346.5000  6.825E-01  7.022E-01  7.065E-01  6.953E-01  6.688E-01
  347.5000  6.666E-01  6.857E-01  6.899E-01  6.790E-01  6.532E-01
  348.5000  7.321E-01  7.531E-01  7.576E-01  7.457E-01  7.174E-01
  349.5000  6.133E-01  6.309E-01  6.347E-01  6.247E-01  6.010E-01
  350.5000  8.583E-01  8.828E-01  8.881E-01  8.741E-01  8.412E-01
  351.5000  7.395E-01  7.606E-01  7.652E-01  7.532E-01  7.248E-01
  352.5000  6.666E-01  6.856E-01  6.897E-01  6.789E-01  6.533E-01
  353.5000  8.020E-01  8.248E-01  8.297E-01  8.167E-01  7.861E-01
  354.5000  8.675E-01  8.921E-01  8.974E-01  8.834E-01  8.503E-01
  355.5000  8.104E-01  8.333E-01  8.383E-01  8.252E-01  7.944E-01
  356.5000  7.517E-01  7.730E-01  7.776E-01  7.655E-01  7.369E-01
  357.5000  6.390E-01  6.570E-01  6.609E-01  6.506E-01  6.264E-01
  358.5000  4.928E-01  5.067E-01  5.097E-01  5.018E-01  4.832E-01
  359.5000  8.291E-01  8.524E-01  8.575E-01  8.442E-01  8.128E-01
  360.5000  7.682E-01  7.897E-01  7.944E-01  7.821E-01  7.531E-01
  361.5000  6.922E-01  7.117E-01  7.159E-01  7.048E-01  6.787E-01
  362.5000  8.125E-01  8.353E-01  8.402E-01  8.273E-01  7.967E-01
  363.5000  7.225E-01  7.427E-01  7.471E-01  7.356E-01  7.084E-01
  364.5000  7.879E-01  8.099E-01  8.146E-01  8.021E-01  7.725E-01
  365.5000  9.597E-01  9.864E-01  9.922E-01  9.770E-01  9.410E-01
  366.5000  1.015E+00  1.043E+00  1.050E+00  1.033E+00  9.955E-01
  367.5000  9.635E-01  9.903E-01  9.961E-01  9.808E-01  9.448E-01
  368.5000  8.461E-01  8.696E-01  8.747E-01  8.613E-01  8.297E-01
  369.5000  1.014E+00  1.043E+00  1.049E+00  1.033E+00  9.949E-01
  370.5000  9.201E-01  9.455E-01  9.510E-01  9.365E-01  9.023E-01
  371.5000  1.052E+00  1.081E+00  1.088E+00  1.071E+00  1.032E+00
  372.5000  7.770E-01  7.985E-01  8.031E-01  7.909E-01  7.621E-01
  373.5000  7.021E-01  7.214E-01  7.256E-01  7.146E-01  6.886E-01
  374.5000  7.703E-01  7.915E-01  7.961E-01  7.840E-01  7.555E-01
  375.5000  8.687E-01  8.926E-01  8.978E-01  8.842E-01  8.521E-01
  376.5000  8.672E-01  8.910E-01  8.961E-01  8.826E-01  8.506E-01
  377.5000  1.032E+00  1.061E+00  1.067E+00  1.051E+00  1.013E+00
  378.5000  1.125E+00  1.155E+00  1.162E+00  1.145E+00  1.103E+00
  379.5000  8.318E-01  8.545E-01  8.595E-01  8.465E-01  8.159E-01
  380.5000  1.000E+00  1.027E+00  1.033E+00  1.018E+00  9.809E-01
  381.5000  9.394E-01  9.650E-01  9.705E-01  9.559E-01  9.215E-01
  382.5000  6.257E-01  6.427E-01  6.464E-01  6.367E-01  6.138E-01
  383.5000  5.493E-01  5.642E-01  5.674E-01  5.589E-01  5.388E-01
  384.5000  8.240E-01  8.464E-01  8.512E-01  8.385E-01  8.084E-01
  385.5000  8.150E-01  8.371E-01  8.419E-01  8.293E-01  7.996E-01
  386.5000  8.305E-01  8.530E-01  8.579E-01  8.450E-01  8.148E-01
  387.5000  7.716E-01  7.924E-01  7.970E-01  7.851E-01  7.570E-01
  388.5000  7.731E-01  7.940E-01  7.986E-01  7.867E-01  7.586E-01
  389.5000  9.747E-01  1.001E+00  1.007E+00  9.917E-01  9.563E-01
  390.5000  9.571E-01  9.829E-01  9.885E-01  9.738E-01  9.391E-01
  391.5000  1.135E+00  1.166E+00  1.172E+00  1.155E+00  1.114E+00
  392.5000  8.509E-01  8.738E-01  8.788E-01  8.657E-01  8.350E-01
  393.5000  3.698E-01  3.798E-01  3.819E-01  3.763E-01  3.629E-01
  394.5000  8.700E-01  8.934E-01  8.984E-01  8.851E-01  8.537E-01
  395.5000  1.119E+00  1.149E+00  1.156E+00  1.139E+00  1.098E+00
  396.5000  6.570E-01  6.745E-01  6.784E-01  6.683E-01  6.447E-01
  397.5000  7.579E-01  7.781E-01  7.825E-01  7.710E-01  7.438E-01
  398.5000  1.302E+00  1.337E+00  1.344E+00  1.324E+00  1.278E+00
  399.5000  1.354E+00  1.390E+00  1.398E+00  1.377E+00  1.329E+00
  400.5000  1.423E+00  1.461E+00  1.469E+00  1.448E+00  1.397E+00
  401.5000  1.464E+00  1.503E+00  1.511E+00  1.489E+00  1.437E+00
  402.5000  1.519E+00  1.560E+00  1.568E+00  1.545E+00  1.491E+00
  403.5000  1.390E+00  1.427E+00  1.435E+00  1.414E+00  1.364E+00
  404.5000  1.363E+00  1.399E+00  1.407E+00  1.387E+00  1.338E+00
  405.5000  1.416E+00  1.453E+00  1.461E+00  1.440E+00  1.390E+00
  406.5000  1.333E+00  1.368E+00  1.376E+00  1.356E+00  1.309E+00
  407.5000  1.344E+00  1.379E+00  1.387E+00  1.367E+00  1.319E+00
  408.5000  1.496E+00  1.536E+00  1.544E+00  1.522E+00  1.469E+00
  409.5000  1.467E+00  1.505E+00  1.514E+00  1.492E+00  1.440E+00
  410.5000  1.271E+00  1.305E+00  1.312E+00  1.293E+00  1.248E+00
  411.5000  1.528E+00  1.568E+00  1.577E+00  1.554E+00  1.500E+00
  412.5000  1.514E+00  1.554E+00  1.563E+00  1.540E+00  1.486E+00
  413.5000  1.468E+00  1.507E+00  1.515E+00  1.493E+00  1.441E+00
  414.5000  1.509E+00  1.548E+00  1.557E+00  1.534E+00  1.481E+00
  415.5000  1.443E+00  1.481E+00  1.489E+00  1.467E+00  1.416E+00
  416.5000  1.570E+00  1.611E+00  1.620E+00  1.596E+00  1.541E+00
  417.5000  1.435E+00  1.472E+00  1.481E+00  1.459E+00  1.409E+00
  418.5000  1.446E+00  1.484E+00  1.492E+00  1.470E+00  1.419E+00
  419.5000  1.493E+00  1.532E+00  1.541E+00  1.518E+00  1.466E+00
------------------------------------------------------------
Dose rates, W m-2
   1 = UV-B, 280-315 nm                                  
   2 = UV-A, 315-400 nm                                  
   3 = Gaussian, 320 nm, 10 nm FWHM                      
   4 = RB Meter, model 501                               
   5 = DNA damage, in vitro (Setlow, 1974)               
   6 = UV index (WMO, 1994; Webb et al., 2011)           
   7 = Previtamin-D3 (CIE 2006)                          
values at z =      0.000 km
Columns: time, sza, weighting spectra
time, hrs.  sza, deg.          1          2          3          4          5          6          7
   11.0000     14.421  2.386E+00  6.318E+01  4.171E-01  7.316E-01  1.018E-02  1.437E+01  7.233E-01
   11.5000      8.044  2.503E+00  6.497E+01  4.312E-01  7.715E-01  1.100E-02  1.522E+01  7.661E-01
   12.0000      5.815  2.529E+00  6.536E+01  4.343E-01  7.803E-01  1.118E-02  1.541E+01  7.755E-01
   12.5000     10.736  2.462E+00  6.434E+01  4.262E-01  7.573E-01  1.070E-02  1.492E+01  7.508E-01
   13.0000     17.579  2.306E+00  6.192E+01  4.073E-01  7.044E-01  9.635E-03  1.380E+01  6.941E-01
------------------------------------------------------------
