Spectral Irradiance, W m-2 nm-1
values at z =      0.000 km
Columns: wavelength (nm), times (hrs.) or sza (deg.)
    wc, nm     11.000     11.500     12.000     12.500     13.000
    sza =      20.005     14.863     12.103     13.303     17.674
  280.5000  3.069E-14  6.905E-14  9.569E-14  8.378E-14  4.587E-14
  281.5000  9.447E-13  1.979E-12  2.666E-12  2.361E-12  1.363E-12
  282.5000  1.227E-11  2.418E-11  3.178E-11  2.843E-11  1.717E-11
  283.5000  5.879E-11  1.114E-10  1.440E-10  1.297E-10  8.068E-11
  284.5000  6.162E-10  1.086E-09  1.364E-09  1.243E-09  8.159E-10
  285.5000  2.193E-09  3.662E-09  4.503E-09  4.139E-09  2.827E-09
  286.5000  2.624E-08  4.206E-08  5.086E-08  4.707E-08  3.315E-08
  287.5000  1.526E-07  2.337E-07  2.774E-07  2.587E-07  1.885E-07
  288.5000  7.767E-07  1.132E-06  1.317E-06  1.238E-06  9.359E-07
  289.5000  4.310E-06  6.061E-06  6.954E-06  6.575E-06  5.103E-06
  290.5000  1.741E-05  2.376E-05  2.693E-05  2.559E-05  2.031E-05
  291.5000  5.533E-05  7.300E-05  8.163E-05  7.799E-05  6.347E-05
  292.5000  1.332E-04  1.710E-04  1.891E-04  1.815E-04  1.507E-04
  293.5000  3.842E-04  4.804E-04  5.257E-04  5.067E-04  4.291E-04
  294.5000  7.292E-04  8.931E-04  9.693E-04  9.375E-04  8.062E-04
  295.5000  1.829E-03  2.192E-03  2.358E-03  2.289E-03  2.000E-03
  296.5000  3.186E-03  3.750E-03  4.005E-03  3.899E-03  3.453E-03
  297.5000  6.096E-03  7.063E-03  7.496E-03  7.316E-03  6.557E-03
  298.5000  7.260E-03  8.299E-03  8.761E-03  8.570E-03  7.757E-03
  299.5000  1.617E-02  1.826E-02  1.918E-02  1.880E-02  1.717E-02
  300.5000  1.515E-02  1.694E-02  1.772E-02  1.740E-02  1.601E-02
  301.5000  3.006E-02  3.327E-02  3.466E-02  3.408E-02  3.161E-02
  302.5000  3.747E-02  4.117E-02  4.278E-02  4.192E-02  3.926E-02
  303.5000  6.394E-02  6.970E-02  7.218E-02  7.115E-02  6.672E-02
  304.5000  7.000E-02  7.594E-02  7.849E-02  7.744E-02  7.287E-02
  305.5000  9.259E-02  9.975E-02  1.028E-01  1.016E-01  9.606E-02
  306.5000  9.678E-02  1.040E-01  1.070E-01  1.058E-01  1.003E-01
  307.5000  1.398E-01  1.493E-01  1.534E-01  1.517E-01  1.444E-01
  308.5000  1.567E-01  1.669E-01  1.713E-01  1.695E-01  1.616E-01
  309.5000  1.382E-01  1.467E-01  1.503E-01  1.488E-01  1.424E-01
  310.5000  1.884E-01  1.994E-01  2.041E-01  2.022E-01  1.937E-01
  311.5000  2.425E-01  2.563E-01  2.621E-01  2.597E-01  2.489E-01
  312.5000  2.368E-01  2.494E-01  2.547E-01  2.525E-01  2.429E-01
  313.5000  2.686E-01  2.827E-01  2.886E-01  2.862E-01  2.754E-01
  314.5000  2.684E-01  2.818E-01  2.874E-01  2.851E-01  2.749E-01
  315.5000  2.773E-01  2.909E-01  2.966E-01  2.942E-01  2.839E-01
  316.5000  2.761E-01  2.890E-01  2.944E-01  2.922E-01  2.824E-01
  317.5000  3.904E-01  4.086E-01  4.163E-01  4.131E-01  3.993E-01
  318.5000  3.069E-01  3.206E-01  3.264E-01  3.240E-01  3.136E-01
  319.5000  3.744E-01  3.910E-01  3.979E-01  3.951E-01  3.825E-01
  320.5000  4.554E-01  4.753E-01  4.837E-01  4.802E-01  4.651E-01
  321.5000  3.863E-01  4.025E-01  4.093E-01  4.065E-01  3.942E-01
  322.5000  3.891E-01  4.059E-01  4.130E-01  4.101E-01  3.973E-01
  323.5000  3.992E-01  4.165E-01  4.234E-01  4.206E-01  4.081E-01
  324.5000  4.696E-01  4.888E-01  4.969E-01  4.936E-01  4.789E-01
  325.5000  5.264E-01  5.480E-01  5.571E-01  5.534E-01  5.369E-01
  326.5000  6.356E-01  6.608E-01  6.714E-01  6.670E-01  6.479E-01
  327.5000  5.922E-01  6.159E-01  6.259E-01  6.218E-01  6.038E-01
  328.5000  5.467E-01  5.685E-01  5.777E-01  5.739E-01  5.573E-01
  329.5000  7.070E-01  7.344E-01  7.459E-01  7.412E-01  7.204E-01
  330.5000  6.432E-01  6.684E-01  6.790E-01  6.747E-01  6.556E-01
  331.5000  6.356E-01  6.606E-01  6.710E-01  6.667E-01  6.478E-01
  332.5000  6.246E-01  6.485E-01  6.586E-01  6.545E-01  6.363E-01
  333.5000  5.873E-01  6.099E-01  6.195E-01  6.155E-01  5.983E-01
  334.5000  6.557E-01  6.808E-01  6.914E-01  6.871E-01  6.680E-01
  335.5000  6.637E-01  6.889E-01  6.995E-01  6.951E-01  6.760E-01
  336.5000  5.189E-01  5.386E-01  5.469E-01  5.435E-01  5.285E-01
  337.5000  5.699E-01  5.916E-01  6.008E-01  5.970E-01  5.805E-01
  338.5000  6.006E-01  6.233E-01  6.328E-01  6.289E-01  6.117E-01
  339.5000  6.527E-01  6.772E-01  6.875E-01  6.833E-01  6.647E-01
  340.5000  6.979E-01  7.242E-01  7.352E-01  7.307E-01  7.107E-01
  341.5000  6.192E-01  6.424E-01  6.521E-01  6.481E-01  6.306E-01
  342.5000  6.857E-01  7.113E-01  7.220E-01  7.176E-01  6.982E-01
  343.5000  7.122E-01  7.388E-01  7.499E-01  7.454E-01  7.252E-01
  344.5000  4.992E-01  5.178E-01  5.256E-01  5.224E-01  5.083E-01
  345.5000  6.832E-01  7.086E-01  7.192E-01  7.148E-01  6.956E-01
  346.5000  6.392E-01  6.629E-01  6.728E-01  6.688E-01  6.508E-01
  347.5000  6.243E-01  6.474E-01  6.571E-01  6.531E-01  6.356E-01
  348.5000  6.858E-01  7.111E-01  7.217E-01  7.174E-01  6.982E-01
  349.5000  5.745E-01  5.957E-01  6.046E-01  6.010E-01  5.849E-01
  350.5000  8.041E-01  8.337E-01  8.461E-01  8.410E-01  8.186E-01
  351.5000  6.928E-01  7.183E-01  7.290E-01  7.246E-01  7.053E-01
  352.5000  6.246E-01  6.475E-01  6.571E-01  6.532E-01  6.358E-01
  353.5000  7.516E-01  7.791E-01  7.906E-01  7.859E-01  7.650E-01
  354.5000  8.130E-01  8.428E-01  8.552E-01  8.501E-01  8.276E-01
  355.5000  7.596E-01  7.873E-01  7.989E-01  7.941E-01  7.731E-01
  356.5000  7.046E-01  7.303E-01  7.411E-01  7.367E-01  7.172E-01
  357.5000  5.990E-01  6.208E-01  6.299E-01  6.262E-01  6.096E-01
  358.5000  4.620E-01  4.788E-01  4.859E-01  4.830E-01  4.702E-01
  359.5000  7.773E-01  8.055E-01  8.173E-01  8.125E-01  7.911E-01
  360.5000  7.203E-01  7.463E-01  7.573E-01  7.528E-01  7.330E-01
  361.5000  6.491E-01  6.726E-01  6.824E-01  6.784E-01  6.606E-01
  362.5000  7.620E-01  7.895E-01  8.010E-01  7.963E-01  7.754E-01
  363.5000  6.776E-01  7.020E-01  7.122E-01  7.080E-01  6.895E-01
  364.5000  7.389E-01  7.655E-01  7.767E-01  7.721E-01  7.519E-01
  365.5000  9.001E-01  9.324E-01  9.460E-01  9.404E-01  9.159E-01
  366.5000  9.523E-01  9.864E-01  1.001E+00  9.949E-01  9.690E-01
  367.5000  9.038E-01  9.362E-01  9.498E-01  9.442E-01  9.197E-01
  368.5000  7.937E-01  8.221E-01  8.340E-01  8.291E-01  8.076E-01
  369.5000  9.518E-01  9.858E-01  1.000E+00  9.941E-01  9.684E-01
  370.5000  8.632E-01  8.940E-01  9.069E-01  9.016E-01  8.783E-01
  371.5000  9.874E-01  1.023E+00  1.037E+00  1.031E+00  1.005E+00
  372.5000  7.291E-01  7.550E-01  7.659E-01  7.614E-01  7.418E-01
  373.5000  6.588E-01  6.822E-01  6.920E-01  6.880E-01  6.703E-01
  374.5000  7.229E-01  7.485E-01  7.592E-01  7.548E-01  7.354E-01
  375.5000  8.153E-01  8.442E-01  8.563E-01  8.513E-01  8.294E-01
  376.5000  8.139E-01  8.427E-01  8.547E-01  8.498E-01  8.280E-01
  377.5000  9.689E-01  1.003E+00  1.017E+00  1.012E+00  9.856E-01
  378.5000  1.056E+00  1.093E+00  1.109E+00  1.102E+00  1.074E+00
  379.5000  7.808E-01  8.083E-01  8.198E-01  8.151E-01  7.943E-01
  380.5000  9.388E-01  9.718E-01  9.856E-01  9.799E-01  9.549E-01
  381.5000  8.819E-01  9.129E-01  9.258E-01  9.205E-01  8.970E-01
  382.5000  5.875E-01  6.081E-01  6.167E-01  6.132E-01  5.975E-01
  383.5000  5.157E-01  5.338E-01  5.413E-01  5.382E-01  5.245E-01
  384.5000  7.737E-01  8.008E-01  8.121E-01  8.075E-01  7.870E-01
  385.5000  7.653E-01  7.920E-01  8.032E-01  7.986E-01  7.784E-01
  386.5000  7.799E-01  8.071E-01  8.185E-01  8.138E-01  7.932E-01
  387.5000  7.246E-01  7.498E-01  7.604E-01  7.561E-01  7.369E-01
  388.5000  7.261E-01  7.514E-01  7.620E-01  7.576E-01  7.385E-01
  389.5000  9.154E-01  9.473E-01  9.606E-01  9.551E-01  9.310E-01
  390.5000  8.989E-01  9.301E-01  9.432E-01  9.379E-01  9.142E-01
  391.5000  1.066E+00  1.103E+00  1.119E+00  1.112E+00  1.084E+00
  392.5000  7.993E-01  8.270E-01  8.386E-01  8.338E-01  8.129E-01
  393.5000  3.474E-01  3.594E-01  3.645E-01  3.624E-01  3.533E-01
  394.5000  8.173E-01  8.456E-01  8.574E-01  8.526E-01  8.311E-01
  395.5000  1.051E+00  1.088E+00  1.103E+00  1.097E+00  1.069E+00
  396.5000  6.172E-01  6.385E-01  6.474E-01  6.438E-01  6.276E-01
  397.5000  7.121E-01  7.366E-01  7.469E-01  7.427E-01  7.241E-01
  398.5000  1.223E+00  1.265E+00  1.283E+00  1.276E+00  1.244E+00
  399.5000  1.272E+00  1.316E+00  1.334E+00  1.327E+00  1.294E+00
  400.5000  1.337E+00  1.383E+00  1.402E+00  1.394E+00  1.360E+00
  401.5000  1.376E+00  1.423E+00  1.442E+00  1.434E+00  1.399E+00
  402.5000  1.428E+00  1.477E+00  1.497E+00  1.489E+00  1.452E+00
  403.5000  1.307E+00  1.351E+00  1.370E+00  1.362E+00  1.328E+00
  404.5000  1.281E+00  1.325E+00  1.343E+00  1.336E+00  1.303E+00
  405.5000  1.331E+00  1.376E+00  1.395E+00  1.387E+00  1.353E+00
  406.5000  1.253E+00  1.296E+00  1.314E+00  1.306E+00  1.274E+00
  407.5000  1.263E+00  1.306E+00  1.324E+00  1.317E+00  1.284E+00
  408.5000  1.407E+00  1.454E+00  1.474E+00  1.466E+00  1.430E+00
  409.5000  1.379E+00  1.425E+00  1.445E+00  1.437E+00  1.402E+00
  410.5000  1.195E+00  1.236E+00  1.253E+00  1.246E+00  1.215E+00
  411.5000  1.437E+00  1.485E+00  1.506E+00  1.497E+00  1.460E+00
  412.5000  1.424E+00  1.472E+00  1.492E+00  1.484E+00  1.447E+00
  413.5000  1.380E+00  1.427E+00  1.447E+00  1.439E+00  1.403E+00
  414.5000  1.419E+00  1.466E+00  1.487E+00  1.478E+00  1.442E+00
  415.5000  1.357E+00  1.402E+00  1.422E+00  1.414E+00  1.379E+00
  416.5000  1.476E+00  1.526E+00  1.547E+00  1.538E+00  1.501E+00
  417.5000  1.349E+00  1.395E+00  1.414E+00  1.406E+00  1.372E+00
  418.5000  1.360E+00  1.405E+00  1.425E+00  1.417E+00  1.382E+00
  419.5000  1.404E+00  1.452E+00  1.471E+00  1.463E+00  1.427E+00
------------------------------------------------------------
Dose rates, W m-2
   1 = UV-B, 280-315 nm                                  
   2 = UV-A, 315-400 nm                                  
   3 = Gaussian, 320 nm, 10 nm FWHM                      
   4 = RB Meter, model 501                               
   5 = DNA damage, in vitro (Setlow, 1974)               
   6 = UV index (WMO, 1994; Webb et al., 2011)           
   7 = Previtamin-D3 (CIE 2006)                          
values at z =      0.000 km
Columns: time, sza, weighting spectra
time, hrs.  sza, deg.          1          2          3          4          5          6          7
   11.0000     20.005  2.081E+00  5.915E+01  3.843E-01  6.261E-01  7.966E-03  1.211E+01  6.081E-01
   11.5000     14.863  2.214E+00  6.133E+01  4.012E-01  6.703E-01  8.792E-03  1.303E+01  6.552E-01
   12.0000     12.103  2.271E+00  6.224E+01  4.083E-01  6.893E-01  9.154E-03  1.343E+01  6.754E-01
   12.5000     13.303  2.248E+00  6.186E+01  4.054E-01  6.814E-01  9.001E-03  1.326E+01  6.669E-01
   13.0000     17.674  2.146E+00  6.022E+01  3.926E-01  6.475E-01  8.362E-03  1.256E+01  6.309E-01
------------------------------------------------------------
