Spectral Irradiance, W m-2 nm-1
values at z =      0.000 km
Columns: wavelength (nm), times (hrs.) or sza (deg.)
    wc, nm     11.000     11.500     12.000     12.500     13.000
    sza =      81.507     81.012     80.859     81.053     81.592
  280.5000  3.233E-26  3.366E-26  3.407E-26  3.355E-26  3.211E-26
  281.5000  6.979E-24  7.268E-24  7.358E-24  7.243E-24  6.930E-24
  282.5000  4.841E-22  5.042E-22  5.105E-22  5.025E-22  4.806E-22
  283.5000  6.857E-21  7.145E-21  7.235E-21  7.121E-21  6.808E-21
  284.5000  5.283E-19  5.507E-19  5.577E-19  5.488E-19  5.244E-19
  285.5000  8.248E-18  8.603E-18  8.714E-18  8.573E-18  8.187E-18
  286.5000  3.078E-16  3.213E-16  3.255E-16  3.201E-16  3.055E-16
  287.5000  6.370E-15  6.652E-15  6.741E-15  6.628E-15  6.322E-15
  288.5000  1.303E-13  1.362E-13  1.380E-13  1.357E-13  1.292E-13
  289.5000  1.965E-12  2.056E-12  2.084E-12  2.048E-12  1.949E-12
  290.5000  1.847E-11  1.935E-11  1.962E-11  1.927E-11  1.833E-11
  291.5000  1.546E-10  1.621E-10  1.644E-10  1.614E-10  1.533E-10
  292.5000  8.299E-10  8.713E-10  8.843E-10  8.677E-10  8.228E-10
  293.5000  5.143E-09  5.408E-09  5.492E-09  5.386E-09  5.098E-09
  294.5000  1.795E-08  1.890E-08  1.920E-08  1.882E-08  1.779E-08
  295.5000  8.710E-08  9.191E-08  9.344E-08  9.150E-08  8.628E-08
  296.5000  2.666E-07  2.819E-07  2.868E-07  2.806E-07  2.640E-07
  297.5000  8.480E-07  8.989E-07  9.150E-07  8.945E-07  8.394E-07
  298.5000  1.574E-06  1.673E-06  1.704E-06  1.664E-06  1.557E-06
  299.5000  5.416E-06  5.773E-06  5.887E-06  5.742E-06  5.357E-06
  300.5000  7.210E-06  7.709E-06  7.870E-06  7.666E-06  7.127E-06
  301.5000  2.145E-05  2.305E-05  2.357E-05  2.291E-05  2.119E-05
  302.5000  3.550E-05  3.832E-05  3.924E-05  3.807E-05  3.504E-05
  303.5000  8.748E-05  9.519E-05  9.773E-05  9.450E-05  8.623E-05
  304.5000  1.206E-04  1.321E-04  1.359E-04  1.310E-04  1.188E-04
  305.5000  2.356E-04  2.609E-04  2.693E-04  2.586E-04  2.316E-04
  306.5000  2.959E-04  3.294E-04  3.406E-04  3.264E-04  2.905E-04
  307.5000  6.415E-04  7.213E-04  7.479E-04  7.141E-04  6.287E-04
  308.5000  8.523E-04  9.612E-04  9.975E-04  9.515E-04  8.348E-04
  309.5000  1.043E-03  1.180E-03  1.226E-03  1.168E-03  1.021E-03
  310.5000  1.835E-03  2.077E-03  2.157E-03  2.056E-03  1.796E-03
  311.5000  2.820E-03  3.190E-03  3.311E-03  3.157E-03  2.760E-03
  312.5000  3.880E-03  4.369E-03  4.528E-03  4.326E-03  3.800E-03
  313.5000  4.778E-03  5.372E-03  5.565E-03  5.320E-03  4.680E-03
  314.5000  6.569E-03  7.332E-03  7.578E-03  7.266E-03  6.442E-03
  315.5000  7.148E-03  7.968E-03  8.232E-03  7.897E-03  7.012E-03
  316.5000  9.236E-03  1.022E-02  1.053E-02  1.013E-02  9.072E-03
  317.5000  1.306E-02  1.445E-02  1.489E-02  1.433E-02  1.283E-02
  318.5000  1.315E-02  1.442E-02  1.483E-02  1.431E-02  1.293E-02
  319.5000  1.681E-02  1.841E-02  1.892E-02  1.828E-02  1.654E-02
  320.5000  2.166E-02  2.368E-02  2.432E-02  2.351E-02  2.132E-02
  321.5000  2.321E-02  2.515E-02  2.576E-02  2.498E-02  2.288E-02
  322.5000  1.951E-02  2.129E-02  2.186E-02  2.114E-02  1.921E-02
  323.5000  2.672E-02  2.883E-02  2.950E-02  2.865E-02  2.636E-02
  324.5000  3.102E-02  3.349E-02  3.427E-02  3.328E-02  3.060E-02
  325.5000  3.350E-02  3.623E-02  3.709E-02  3.600E-02  3.304E-02
  326.5000  4.924E-02  5.282E-02  5.394E-02  5.251E-02  4.863E-02
  327.5000  4.307E-02  4.633E-02  4.735E-02  4.605E-02  4.252E-02
  328.5000  3.988E-02  4.289E-02  4.384E-02  4.263E-02  3.936E-02
  329.5000  5.973E-02  6.385E-02  6.514E-02  6.350E-02  5.903E-02
  330.5000  5.117E-02  5.484E-02  5.599E-02  5.453E-02  5.054E-02
  331.5000  4.998E-02  5.360E-02  5.473E-02  5.329E-02  4.936E-02
  332.5000  5.466E-02  5.835E-02  5.951E-02  5.804E-02  5.403E-02
  333.5000  4.914E-02  5.257E-02  5.364E-02  5.228E-02  4.856E-02
  334.5000  5.623E-02  6.009E-02  6.130E-02  5.976E-02  5.557E-02
  335.5000  5.995E-02  6.392E-02  6.516E-02  6.358E-02  5.927E-02
  336.5000  4.622E-02  4.932E-02  5.029E-02  4.905E-02  4.569E-02
  337.5000  4.902E-02  5.239E-02  5.345E-02  5.211E-02  4.845E-02
  338.5000  5.457E-02  5.819E-02  5.932E-02  5.788E-02  5.395E-02
  339.5000  5.978E-02  6.373E-02  6.496E-02  6.339E-02  5.911E-02
  340.5000  6.275E-02  6.695E-02  6.827E-02  6.659E-02  6.203E-02
  341.5000  5.729E-02  6.105E-02  6.223E-02  6.073E-02  5.665E-02
  342.5000  6.382E-02  6.800E-02  6.931E-02  6.765E-02  6.311E-02
  343.5000  6.574E-02  7.008E-02  7.143E-02  6.971E-02  6.500E-02
  344.5000  4.564E-02  4.868E-02  4.963E-02  4.842E-02  4.513E-02
  345.5000  6.423E-02  6.843E-02  6.974E-02  6.807E-02  6.351E-02
  346.5000  5.919E-02  6.311E-02  6.433E-02  6.277E-02  5.852E-02
  347.5000  5.799E-02  6.182E-02  6.302E-02  6.149E-02  5.733E-02
  348.5000  6.414E-02  6.837E-02  6.969E-02  6.801E-02  6.342E-02
  349.5000  5.375E-02  5.730E-02  5.841E-02  5.700E-02  5.315E-02
  350.5000  7.542E-02  8.039E-02  8.195E-02  7.997E-02  7.457E-02
  351.5000  6.491E-02  6.920E-02  7.054E-02  6.884E-02  6.418E-02
  352.5000  5.869E-02  6.257E-02  6.379E-02  6.224E-02  5.803E-02
  353.5000  7.091E-02  7.559E-02  7.705E-02  7.519E-02  7.012E-02
  354.5000  7.699E-02  8.206E-02  8.365E-02  8.163E-02  7.613E-02
  355.5000  7.202E-02  7.677E-02  7.826E-02  7.637E-02  7.121E-02
  356.5000  6.688E-02  7.129E-02  7.267E-02  7.092E-02  6.612E-02
  357.5000  5.688E-02  6.064E-02  6.182E-02  6.032E-02  5.624E-02
  358.5000  4.398E-02  4.689E-02  4.780E-02  4.664E-02  4.349E-02
  359.5000  7.408E-02  7.898E-02  8.051E-02  7.856E-02  7.324E-02
  360.5000  6.873E-02  7.328E-02  7.470E-02  7.289E-02  6.795E-02
  361.5000  6.206E-02  6.617E-02  6.746E-02  6.582E-02  6.136E-02
  362.5000  7.297E-02  7.781E-02  7.932E-02  7.740E-02  7.215E-02
  363.5000  6.498E-02  6.929E-02  7.064E-02  6.892E-02  6.425E-02
  364.5000  7.093E-02  7.564E-02  7.711E-02  7.524E-02  7.013E-02
  365.5000  8.646E-02  9.221E-02  9.401E-02  9.172E-02  8.549E-02
  366.5000  9.162E-02  9.772E-02  9.963E-02  9.720E-02  9.058E-02
  367.5000  8.710E-02  9.290E-02  9.472E-02  9.241E-02  8.611E-02
  368.5000  7.658E-02  8.168E-02  8.328E-02  8.125E-02  7.571E-02
  369.5000  9.194E-02  9.807E-02  9.999E-02  9.755E-02  9.090E-02
  370.5000  8.349E-02  8.906E-02  9.081E-02  8.858E-02  8.254E-02
  371.5000  9.562E-02  1.020E-01  1.040E-01  1.015E-01  9.453E-02
  372.5000  7.070E-02  7.543E-02  7.691E-02  7.502E-02  6.989E-02
  373.5000  6.395E-02  6.824E-02  6.958E-02  6.787E-02  6.322E-02
  374.5000  7.025E-02  7.496E-02  7.643E-02  7.456E-02  6.945E-02
  375.5000  7.934E-02  8.467E-02  8.633E-02  8.421E-02  7.843E-02
  376.5000  7.931E-02  8.463E-02  8.630E-02  8.418E-02  7.840E-02
  377.5000  9.453E-02  1.009E-01  1.029E-01  1.003E-01  9.345E-02
  378.5000  1.031E-01  1.101E-01  1.122E-01  1.095E-01  1.019E-01
  379.5000  7.636E-02  8.151E-02  8.312E-02  8.107E-02  7.549E-02
  380.5000  9.193E-02  9.813E-02  1.001E-01  9.760E-02  9.087E-02
  381.5000  8.647E-02  9.231E-02  9.414E-02  9.181E-02  8.547E-02
  382.5000  5.767E-02  6.157E-02  6.279E-02  6.124E-02  5.701E-02
  383.5000  5.069E-02  5.412E-02  5.520E-02  5.383E-02  5.011E-02
  384.5000  7.615E-02  8.131E-02  8.293E-02  8.087E-02  7.528E-02
  385.5000  7.542E-02  8.054E-02  8.214E-02  8.010E-02  7.455E-02
  386.5000  7.696E-02  8.218E-02  8.382E-02  8.174E-02  7.607E-02
  387.5000  7.160E-02  7.646E-02  7.799E-02  7.605E-02  7.077E-02
  388.5000  7.184E-02  7.672E-02  7.826E-02  7.631E-02  7.101E-02
  389.5000  9.069E-02  9.686E-02  9.880E-02  9.634E-02  8.964E-02
  390.5000  8.917E-02  9.525E-02  9.716E-02  9.473E-02  8.814E-02
  391.5000  1.059E-01  1.131E-01  1.154E-01  1.125E-01  1.047E-01
  392.5000  7.950E-02  8.493E-02  8.663E-02  8.447E-02  7.858E-02
  393.5000  3.460E-02  3.697E-02  3.771E-02  3.677E-02  3.420E-02
  394.5000  8.151E-02  8.709E-02  8.883E-02  8.661E-02  8.056E-02
  395.5000  1.050E-01  1.122E-01  1.144E-01  1.116E-01  1.038E-01
  396.5000  6.172E-02  6.595E-02  6.728E-02  6.559E-02  6.100E-02
  397.5000  7.130E-02  7.620E-02  7.773E-02  7.578E-02  7.047E-02
  398.5000  1.227E-01  1.311E-01  1.337E-01  1.304E-01  1.212E-01
  399.5000  1.277E-01  1.365E-01  1.393E-01  1.358E-01  1.262E-01
  400.5000  1.345E-01  1.437E-01  1.466E-01  1.429E-01  1.329E-01
  401.5000  1.385E-01  1.480E-01  1.510E-01  1.472E-01  1.369E-01
  402.5000  1.439E-01  1.539E-01  1.570E-01  1.530E-01  1.422E-01
  403.5000  1.319E-01  1.410E-01  1.439E-01  1.402E-01  1.304E-01
  404.5000  1.295E-01  1.385E-01  1.413E-01  1.377E-01  1.280E-01
  405.5000  1.347E-01  1.440E-01  1.470E-01  1.432E-01  1.331E-01
  406.5000  1.270E-01  1.358E-01  1.386E-01  1.351E-01  1.256E-01
  407.5000  1.282E-01  1.371E-01  1.399E-01  1.364E-01  1.267E-01
  408.5000  1.430E-01  1.529E-01  1.560E-01  1.521E-01  1.413E-01
  409.5000  1.403E-01  1.501E-01  1.531E-01  1.492E-01  1.387E-01
  410.5000  1.218E-01  1.303E-01  1.330E-01  1.296E-01  1.204E-01
  411.5000  1.466E-01  1.568E-01  1.600E-01  1.560E-01  1.449E-01
  412.5000  1.455E-01  1.557E-01  1.588E-01  1.548E-01  1.438E-01
  413.5000  1.413E-01  1.512E-01  1.543E-01  1.503E-01  1.397E-01
  414.5000  1.455E-01  1.556E-01  1.588E-01  1.547E-01  1.437E-01
  415.5000  1.393E-01  1.490E-01  1.521E-01  1.482E-01  1.376E-01
  416.5000  1.518E-01  1.624E-01  1.657E-01  1.615E-01  1.500E-01
  417.5000  1.389E-01  1.486E-01  1.517E-01  1.478E-01  1.373E-01
  418.5000  1.402E-01  1.500E-01  1.531E-01  1.492E-01  1.385E-01
  419.5000  1.450E-01  1.552E-01  1.583E-01  1.543E-01  1.433E-01
------------------------------------------------------------
Dose rates, W m-2
   1 = UV-B, 280-315 nm                                  
   2 = UV-A, 315-400 nm                                  
   3 = Gaussian, 320 nm, 10 nm FWHM                      
   4 = RB Meter, model 501                               
   5 = DNA damage, in vitro (Setlow, 1974)               
   6 = UV index (WMO, 1994; Webb et al., 2011)           
   7 = Previtamin-D3 (CIE 2006)                          
values at z =      0.000 km
Columns: time, sza, weighting spectra
time, hrs.  sza, deg.          1          2          3          4          5          6          7
   11.0000     81.507  2.323E-02  5.412E+00  1.944E-02  8.880E-03  3.793E-05  2.195E-01  4.051E-03
   11.5000     81.012  2.610E-02  5.781E+00  2.114E-02  9.784E-03  4.173E-05  2.387E-01  4.526E-03
   12.0000     80.859  2.703E-02  5.897E+00  2.168E-02  1.008E-02  4.296E-05  2.448E-01  4.681E-03
   12.5000     81.053  2.585E-02  5.749E+00  2.100E-02  9.706E-03  4.140E-05  2.370E-01  4.484E-03
   13.0000     81.592  2.276E-02  5.349E+00  1.915E-02  8.730E-03  3.731E-05  2.162E-01  3.974E-03
------------------------------------------------------------
