Spectral Irradiance, W m-2 nm-1
values at z =      0.000 km
Columns: wavelength (nm), times (hrs.) or sza (deg.)
    wc, nm     11.000     11.500     12.000     12.500     13.000
    sza =      80.003     79.167     78.840     79.028     79.727
  280.5000  3.389E-29  3.606E-29  3.693E-29  3.643E-29  3.460E-29
  281.5000  1.392E-26  1.482E-26  1.518E-26  1.497E-26  1.421E-26
  282.5000  1.677E-24  1.787E-24  1.831E-24  1.805E-24  1.713E-24
  283.5000  3.401E-23  3.624E-23  3.714E-23  3.662E-23  3.474E-23
  284.5000  5.039E-21  5.375E-21  5.511E-21  5.432E-21  5.148E-21
  285.5000  1.276E-19  1.362E-19  1.397E-19  1.377E-19  1.304E-19
  286.5000  6.907E-18  7.381E-18  7.572E-18  7.462E-18  7.061E-18
  287.5000  2.159E-16  2.310E-16  2.371E-16  2.336E-16  2.208E-16
  288.5000  6.912E-15  7.408E-15  7.608E-15  7.492E-15  7.073E-15
  289.5000  1.437E-13  1.542E-13  1.585E-13  1.560E-13  1.471E-13
  290.5000  1.770E-12  1.903E-12  1.957E-12  1.925E-12  1.813E-12
  291.5000  2.011E-11  2.167E-11  2.230E-11  2.193E-11  2.062E-11
  292.5000  1.388E-10  1.498E-10  1.544E-10  1.517E-10  1.424E-10
  293.5000  1.090E-09  1.179E-09  1.216E-09  1.195E-09  1.119E-09
  294.5000  4.577E-09  4.967E-09  5.128E-09  5.035E-09  4.703E-09
  295.5000  2.706E-08  2.947E-08  3.046E-08  2.988E-08  2.783E-08
  296.5000  9.763E-08  1.067E-07  1.104E-07  1.083E-07  1.005E-07
  297.5000  3.589E-07  3.937E-07  4.082E-07  3.998E-07  3.701E-07
  298.5000  7.531E-07  8.296E-07  8.616E-07  8.430E-07  7.775E-07
  299.5000  2.912E-06  3.226E-06  3.358E-06  3.281E-06  3.012E-06
  300.5000  4.243E-06  4.728E-06  4.935E-06  4.814E-06  4.396E-06
  301.5000  1.395E-05  1.570E-05  1.646E-05  1.601E-05  1.450E-05
  302.5000  2.471E-05  2.806E-05  2.954E-05  2.868E-05  2.575E-05
  303.5000  6.622E-05  7.638E-05  8.096E-05  7.828E-05  6.935E-05
  304.5000  9.609E-05  1.121E-04  1.194E-04  1.151E-04  1.010E-04
  305.5000  2.035E-04  2.421E-04  2.597E-04  2.494E-04  2.153E-04
  306.5000  2.650E-04  3.180E-04  3.421E-04  3.280E-04  2.812E-04
  307.5000  6.172E-04  7.509E-04  8.111E-04  7.759E-04  6.582E-04
  308.5000  8.429E-04  1.029E-03  1.112E-03  1.064E-03  9.002E-04
  309.5000  1.080E-03  1.321E-03  1.428E-03  1.366E-03  1.155E-03
  310.5000  1.962E-03  2.394E-03  2.583E-03  2.473E-03  2.097E-03
  311.5000  3.077E-03  3.742E-03  4.031E-03  3.863E-03  3.285E-03
  312.5000  4.374E-03  5.266E-03  5.647E-03  5.425E-03  4.655E-03
  313.5000  5.426E-03  6.514E-03  6.978E-03  6.708E-03  5.770E-03
  314.5000  7.644E-03  9.052E-03  9.644E-03  9.301E-03  8.092E-03
  315.5000  8.351E-03  9.868E-03  1.050E-02  1.013E-02  8.834E-03
  316.5000  1.097E-02  1.279E-02  1.355E-02  1.311E-02  1.155E-02
  317.5000  1.552E-02  1.810E-02  1.917E-02  1.855E-02  1.635E-02
  318.5000  1.584E-02  1.822E-02  1.920E-02  1.863E-02  1.661E-02
  319.5000  2.031E-02  2.330E-02  2.453E-02  2.382E-02  2.127E-02
  320.5000  2.626E-02  3.003E-02  3.157E-02  3.067E-02  2.747E-02
  321.5000  2.844E-02  3.207E-02  3.353E-02  3.269E-02  2.962E-02
  322.5000  2.372E-02  2.705E-02  2.841E-02  2.762E-02  2.480E-02
  323.5000  3.291E-02  3.686E-02  3.846E-02  3.754E-02  3.419E-02
  324.5000  3.819E-02  4.282E-02  4.469E-02  4.361E-02  3.969E-02
  325.5000  4.119E-02  4.630E-02  4.836E-02  4.717E-02  4.285E-02
  326.5000  6.103E-02  6.774E-02  7.043E-02  6.888E-02  6.321E-02
  327.5000  5.326E-02  5.937E-02  6.183E-02  6.041E-02  5.525E-02
  328.5000  4.932E-02  5.497E-02  5.725E-02  5.594E-02  5.116E-02
  329.5000  7.431E-02  8.204E-02  8.514E-02  8.335E-02  7.683E-02
  330.5000  6.352E-02  7.041E-02  7.318E-02  7.159E-02  6.576E-02
  331.5000  6.202E-02  6.882E-02  7.155E-02  6.997E-02  6.423E-02
  332.5000  6.811E-02  7.504E-02  7.782E-02  7.622E-02  7.037E-02
  333.5000  6.114E-02  6.757E-02  7.016E-02  6.866E-02  6.323E-02
  334.5000  7.002E-02  7.727E-02  8.018E-02  7.850E-02  7.238E-02
  335.5000  7.479E-02  8.227E-02  8.526E-02  8.353E-02  7.723E-02
  336.5000  5.764E-02  6.347E-02  6.580E-02  6.446E-02  5.954E-02
  337.5000  6.107E-02  6.741E-02  6.995E-02  6.849E-02  6.313E-02
  338.5000  6.811E-02  7.492E-02  7.764E-02  7.607E-02  7.033E-02
  339.5000  7.465E-02  8.207E-02  8.505E-02  8.333E-02  7.707E-02
  340.5000  7.831E-02  8.622E-02  8.939E-02  8.756E-02  8.089E-02
  341.5000  7.157E-02  7.865E-02  8.149E-02  7.985E-02  7.388E-02
  342.5000  7.975E-02  8.762E-02  9.078E-02  8.896E-02  8.232E-02
  343.5000  8.213E-02  9.030E-02  9.357E-02  9.168E-02  8.479E-02
  344.5000  5.701E-02  6.273E-02  6.503E-02  6.370E-02  5.887E-02
  345.5000  8.030E-02  8.821E-02  9.137E-02  8.955E-02  8.288E-02
  346.5000  7.398E-02  8.135E-02  8.431E-02  8.260E-02  7.638E-02
  347.5000  7.248E-02  7.971E-02  8.260E-02  8.093E-02  7.484E-02
  348.5000  8.020E-02  8.816E-02  9.136E-02  8.952E-02  8.280E-02
  349.5000  6.722E-02  7.390E-02  7.658E-02  7.504E-02  6.940E-02
  350.5000  9.432E-02  1.037E-01  1.075E-01  1.053E-01  9.738E-02
  351.5000  8.119E-02  8.928E-02  9.252E-02  9.065E-02  8.382E-02
  352.5000  7.342E-02  8.074E-02  8.367E-02  8.198E-02  7.581E-02
  353.5000  8.873E-02  9.755E-02  1.011E-01  9.905E-02  9.160E-02
  354.5000  9.635E-02  1.059E-01  1.098E-01  1.075E-01  9.947E-02
  355.5000  9.014E-02  9.911E-02  1.027E-01  1.006E-01  9.306E-02
  356.5000  8.371E-02  9.205E-02  9.539E-02  9.346E-02  8.643E-02
  357.5000  7.121E-02  7.831E-02  8.116E-02  7.951E-02  7.352E-02
  358.5000  5.507E-02  6.056E-02  6.276E-02  6.149E-02  5.686E-02
  359.5000  9.276E-02  1.020E-01  1.057E-01  1.036E-01  9.578E-02
  360.5000  8.607E-02  9.467E-02  9.811E-02  9.613E-02  8.887E-02
  361.5000  7.774E-02  8.550E-02  8.862E-02  8.682E-02  8.027E-02
  362.5000  9.142E-02  1.006E-01  1.042E-01  1.021E-01  9.439E-02
  363.5000  8.141E-02  8.955E-02  9.282E-02  9.094E-02  8.407E-02
  364.5000  8.888E-02  9.777E-02  1.013E-01  9.928E-02  9.177E-02
  365.5000  1.084E-01  1.192E-01  1.236E-01  1.211E-01  1.119E-01
  366.5000  1.148E-01  1.264E-01  1.310E-01  1.283E-01  1.186E-01
  367.5000  1.092E-01  1.201E-01  1.245E-01  1.220E-01  1.128E-01
  368.5000  9.601E-02  1.057E-01  1.095E-01  1.073E-01  9.915E-02
  369.5000  1.153E-01  1.269E-01  1.315E-01  1.288E-01  1.191E-01
  370.5000  1.047E-01  1.152E-01  1.195E-01  1.170E-01  1.081E-01
  371.5000  1.199E-01  1.320E-01  1.368E-01  1.340E-01  1.239E-01
  372.5000  8.868E-02  9.762E-02  1.012E-01  9.913E-02  9.159E-02
  373.5000  8.023E-02  8.832E-02  9.157E-02  8.970E-02  8.286E-02
  374.5000  8.814E-02  9.704E-02  1.006E-01  9.855E-02  9.104E-02
  375.5000  9.955E-02  1.096E-01  1.137E-01  1.113E-01  1.028E-01
  376.5000  9.952E-02  1.096E-01  1.136E-01  1.113E-01  1.028E-01
  377.5000  1.186E-01  1.307E-01  1.355E-01  1.327E-01  1.226E-01
  378.5000  1.294E-01  1.426E-01  1.478E-01  1.448E-01  1.337E-01
  379.5000  9.587E-02  1.056E-01  1.095E-01  1.072E-01  9.903E-02
  380.5000  1.154E-01  1.271E-01  1.318E-01  1.291E-01  1.192E-01
  381.5000  1.086E-01  1.196E-01  1.240E-01  1.215E-01  1.122E-01
  382.5000  7.243E-02  7.980E-02  8.275E-02  8.105E-02  7.483E-02
  383.5000  6.367E-02  7.015E-02  7.275E-02  7.125E-02  6.578E-02
  384.5000  9.566E-02  1.054E-01  1.093E-01  1.071E-01  9.883E-02
  385.5000  9.475E-02  1.044E-01  1.083E-01  1.060E-01  9.790E-02
  386.5000  9.669E-02  1.066E-01  1.105E-01  1.082E-01  9.991E-02
  387.5000  8.996E-02  9.915E-02  1.028E-01  1.007E-01  9.296E-02
  388.5000  9.028E-02  9.950E-02  1.032E-01  1.011E-01  9.328E-02
  389.5000  1.140E-01  1.256E-01  1.303E-01  1.276E-01  1.178E-01
  390.5000  1.121E-01  1.236E-01  1.282E-01  1.255E-01  1.158E-01
  391.5000  1.331E-01  1.468E-01  1.522E-01  1.491E-01  1.376E-01
  392.5000  9.995E-02  1.102E-01  1.143E-01  1.119E-01  1.033E-01
  393.5000  4.351E-02  4.797E-02  4.976E-02  4.873E-02  4.496E-02
  394.5000  1.025E-01  1.130E-01  1.172E-01  1.148E-01  1.059E-01
  395.5000  1.320E-01  1.456E-01  1.510E-01  1.479E-01  1.365E-01
  396.5000  7.763E-02  8.561E-02  8.881E-02  8.696E-02  8.023E-02
  397.5000  8.969E-02  9.892E-02  1.026E-01  1.005E-01  9.270E-02
  398.5000  1.543E-01  1.702E-01  1.766E-01  1.729E-01  1.595E-01
  399.5000  1.607E-01  1.773E-01  1.839E-01  1.801E-01  1.661E-01
  400.5000  1.692E-01  1.866E-01  1.936E-01  1.896E-01  1.748E-01
  401.5000  1.743E-01  1.922E-01  1.994E-01  1.953E-01  1.801E-01
  402.5000  1.811E-01  1.998E-01  2.073E-01  2.030E-01  1.872E-01
  403.5000  1.660E-01  1.832E-01  1.900E-01  1.861E-01  1.716E-01
  404.5000  1.630E-01  1.799E-01  1.866E-01  1.827E-01  1.685E-01
  405.5000  1.696E-01  1.871E-01  1.941E-01  1.901E-01  1.753E-01
  406.5000  1.599E-01  1.765E-01  1.831E-01  1.793E-01  1.653E-01
  407.5000  1.614E-01  1.782E-01  1.848E-01  1.810E-01  1.669E-01
  408.5000  1.800E-01  1.987E-01  2.061E-01  2.018E-01  1.861E-01
  409.5000  1.767E-01  1.950E-01  2.023E-01  1.981E-01  1.827E-01
  410.5000  1.534E-01  1.693E-01  1.757E-01  1.720E-01  1.586E-01
  411.5000  1.847E-01  2.038E-01  2.115E-01  2.071E-01  1.909E-01
  412.5000  1.833E-01  2.023E-01  2.099E-01  2.055E-01  1.895E-01
  413.5000  1.780E-01  1.965E-01  2.039E-01  1.996E-01  1.840E-01
  414.5000  1.832E-01  2.022E-01  2.099E-01  2.055E-01  1.894E-01
  415.5000  1.754E-01  1.937E-01  2.010E-01  1.968E-01  1.814E-01
  416.5000  1.912E-01  2.111E-01  2.190E-01  2.144E-01  1.977E-01
  417.5000  1.750E-01  1.932E-01  2.005E-01  1.963E-01  1.809E-01
  418.5000  1.766E-01  1.950E-01  2.024E-01  1.981E-01  1.826E-01
  419.5000  1.827E-01  2.017E-01  2.093E-01  2.049E-01  1.889E-01
------------------------------------------------------------
Dose rates, W m-2
   1 = UV-B, 280-315 nm                                  
   2 = UV-A, 315-400 nm                                  
   3 = Gaussian, 320 nm, 10 nm FWHM                      
   4 = RB Meter, model 501                               
   5 = DNA damage, in vitro (Setlow, 1974)               
   6 = UV index (WMO, 1994; Webb et al., 2011)           
   7 = Previtamin-D3 (CIE 2006)                          
values at z =      0.000 km
Columns: time, sza, weighting spectra
time, hrs.  sza, deg.          1          2          3          4          5          6          7
   11.0000     80.003  2.570E-02  6.771E+00  2.368E-02  1.028E-02  4.156E-05  2.615E-01  4.347E-03
   11.5000     79.167  3.087E-02  7.468E+00  2.686E-02  1.193E-02  4.821E-05  2.969E-01  5.184E-03
   12.0000     78.840  3.309E-02  7.747E+00  2.816E-02  1.262E-02  5.104E-05  3.115E-01  5.545E-03
   12.5000     79.028  3.180E-02  7.586E+00  2.741E-02  1.222E-02  4.939E-05  3.030E-01  5.335E-03
   13.0000     79.727  2.733E-02  6.998E+00  2.471E-02  1.080E-02  4.366E-05  2.729E-01  4.610E-03
------------------------------------------------------------
