Spectral Irradiance, W m-2 nm-1
values at z =      0.000 km
Columns: wavelength (nm), times (hrs.) or sza (deg.)
    wc, nm     11.000     11.500     12.000     12.500     13.000
    sza =      43.085     42.233     41.925     42.177     42.975
  280.5000  9.911E-17  1.570E-16  1.845E-16  1.617E-16  1.053E-16
  281.5000  5.023E-15  7.638E-15  8.848E-15  7.847E-15  5.307E-15
  282.5000  1.001E-13  1.470E-13  1.682E-13  1.506E-13  1.053E-13
  283.5000  6.337E-13  9.093E-13  1.032E-12  9.307E-13  6.644E-13
  284.5000  1.102E-11  1.517E-11  1.697E-11  1.549E-11  1.149E-11
  285.5000  5.651E-11  7.615E-11  8.428E-11  7.758E-11  5.925E-11
  286.5000  9.106E-10  1.187E-09  1.303E-09  1.208E-09  9.428E-10
  287.5000  7.288E-09  9.255E-09  1.007E-08  9.398E-09  7.519E-09
  288.5000  5.247E-08  6.476E-08  6.973E-08  6.564E-08  5.393E-08
  289.5000  3.731E-07  4.513E-07  4.825E-07  4.569E-07  3.826E-07
  290.5000  1.857E-06  2.208E-06  2.346E-06  2.233E-06  1.900E-06
  291.5000  7.473E-06  8.716E-06  9.200E-06  8.802E-06  7.625E-06
  292.5000  2.183E-05  2.506E-05  2.631E-05  2.529E-05  2.223E-05
  293.5000  7.552E-05  8.541E-05  8.919E-05  8.610E-05  7.674E-05
  294.5000  1.652E-04  1.847E-04  1.921E-04  1.860E-04  1.676E-04
  295.5000  4.818E-04  5.320E-04  5.509E-04  5.354E-04  4.880E-04
  296.5000  9.511E-04  1.040E-03  1.073E-03  1.046E-03  9.622E-04
  297.5000  2.031E-03  2.200E-03  2.263E-03  2.211E-03  2.052E-03
  298.5000  2.652E-03  2.851E-03  2.925E-03  2.865E-03  2.677E-03
  299.5000  6.444E-03  6.880E-03  7.041E-03  6.909E-03  6.500E-03
  300.5000  6.452E-03  6.851E-03  6.998E-03  6.878E-03  6.503E-03
  301.5000  1.376E-02  1.452E-02  1.480E-02  1.457E-02  1.386E-02
  302.5000  1.797E-02  1.890E-02  1.924E-02  1.896E-02  1.809E-02
  303.5000  3.243E-02  3.395E-02  3.450E-02  3.405E-02  3.262E-02
  304.5000  3.666E-02  3.828E-02  3.887E-02  3.839E-02  3.687E-02
  305.5000  5.087E-02  5.291E-02  5.365E-02  5.305E-02  5.113E-02
  306.5000  5.429E-02  5.637E-02  5.713E-02  5.651E-02  5.456E-02
  307.5000  8.160E-02  8.445E-02  8.548E-02  8.464E-02  8.196E-02
  308.5000  9.285E-02  9.597E-02  9.710E-02  9.618E-02  9.325E-02
  309.5000  8.410E-02  8.675E-02  8.770E-02  8.692E-02  8.444E-02
  310.5000  1.168E-01  1.203E-01  1.216E-01  1.205E-01  1.173E-01
  311.5000  1.523E-01  1.567E-01  1.583E-01  1.570E-01  1.529E-01
  312.5000  1.520E-01  1.561E-01  1.576E-01  1.564E-01  1.525E-01
  313.5000  1.734E-01  1.780E-01  1.797E-01  1.783E-01  1.740E-01
  314.5000  1.766E-01  1.811E-01  1.826E-01  1.813E-01  1.772E-01
  315.5000  1.831E-01  1.876E-01  1.892E-01  1.874E-01  1.837E-01
  316.5000  1.850E-01  1.894E-01  1.909E-01  1.896E-01  1.856E-01
  317.5000  2.618E-01  2.679E-01  2.701E-01  2.683E-01  2.626E-01
  318.5000  2.086E-01  2.133E-01  2.149E-01  2.136E-01  2.092E-01
  319.5000  2.552E-01  2.609E-01  2.629E-01  2.613E-01  2.560E-01
  320.5000  3.116E-01  3.184E-01  3.208E-01  3.188E-01  3.124E-01
  321.5000  2.675E-01  2.731E-01  2.751E-01  2.734E-01  2.682E-01
  322.5000  2.673E-01  2.730E-01  2.751E-01  2.734E-01  2.680E-01
  323.5000  2.788E-01  2.845E-01  2.866E-01  2.849E-01  2.796E-01
  324.5000  3.272E-01  3.339E-01  3.363E-01  3.344E-01  3.281E-01
  325.5000  3.664E-01  3.739E-01  3.766E-01  3.743E-01  3.673E-01
  326.5000  4.468E-01  4.556E-01  4.588E-01  4.562E-01  4.480E-01
  327.5000  4.154E-01  4.236E-01  4.266E-01  4.242E-01  4.164E-01
  328.5000  3.837E-01  3.913E-01  3.940E-01  3.918E-01  3.847E-01
  329.5000  4.998E-01  5.095E-01  5.129E-01  5.101E-01  5.011E-01
  330.5000  4.538E-01  4.626E-01  4.658E-01  4.632E-01  4.549E-01
  331.5000  4.484E-01  4.572E-01  4.603E-01  4.577E-01  4.495E-01
  332.5000  4.430E-01  4.515E-01  4.545E-01  4.520E-01  4.441E-01
  333.5000  4.159E-01  4.239E-01  4.268E-01  4.244E-01  4.170E-01
  334.5000  4.652E-01  4.740E-01  4.772E-01  4.746E-01  4.663E-01
  335.5000  4.722E-01  4.811E-01  4.843E-01  4.817E-01  4.734E-01
  336.5000  3.692E-01  3.761E-01  3.786E-01  3.766E-01  3.701E-01
  337.5000  4.050E-01  4.127E-01  4.155E-01  4.132E-01  4.060E-01
  338.5000  4.281E-01  4.362E-01  4.390E-01  4.367E-01  4.292E-01
  339.5000  4.656E-01  4.743E-01  4.775E-01  4.749E-01  4.668E-01
  340.5000  4.977E-01  5.071E-01  5.104E-01  5.077E-01  4.989E-01
  341.5000  4.424E-01  4.507E-01  4.536E-01  4.512E-01  4.435E-01
  342.5000  4.903E-01  4.994E-01  5.027E-01  5.000E-01  4.915E-01
  343.5000  5.093E-01  5.188E-01  5.222E-01  5.194E-01  5.105E-01
  344.5000  3.570E-01  3.636E-01  3.660E-01  3.641E-01  3.578E-01
  345.5000  4.895E-01  4.985E-01  5.017E-01  4.991E-01  4.906E-01
  346.5000  4.578E-01  4.663E-01  4.693E-01  4.668E-01  4.589E-01
  347.5000  4.474E-01  4.557E-01  4.587E-01  4.562E-01  4.485E-01
  348.5000  4.919E-01  5.010E-01  5.042E-01  5.015E-01  4.931E-01
  349.5000  4.123E-01  4.199E-01  4.226E-01  4.204E-01  4.133E-01
  350.5000  5.774E-01  5.880E-01  5.918E-01  5.887E-01  5.788E-01
  351.5000  4.977E-01  5.068E-01  5.101E-01  5.074E-01  4.989E-01
  352.5000  4.490E-01  4.572E-01  4.601E-01  4.577E-01  4.500E-01
  353.5000  5.406E-01  5.504E-01  5.540E-01  5.511E-01  5.418E-01
  354.5000  5.852E-01  5.958E-01  5.996E-01  5.965E-01  5.865E-01
  355.5000  5.470E-01  5.569E-01  5.605E-01  5.575E-01  5.482E-01
  356.5000  5.077E-01  5.169E-01  5.202E-01  5.175E-01  5.088E-01
  357.5000  4.317E-01  4.396E-01  4.424E-01  4.401E-01  4.328E-01
  358.5000  3.332E-01  3.392E-01  3.414E-01  3.396E-01  3.340E-01
  359.5000  5.609E-01  5.710E-01  5.746E-01  5.717E-01  5.622E-01
  360.5000  5.200E-01  5.293E-01  5.327E-01  5.299E-01  5.212E-01
  361.5000  4.688E-01  4.773E-01  4.803E-01  4.778E-01  4.699E-01
  362.5000  5.506E-01  5.605E-01  5.641E-01  5.612E-01  5.519E-01
  363.5000  4.899E-01  4.987E-01  5.018E-01  4.993E-01  4.910E-01
  364.5000  5.345E-01  5.441E-01  5.475E-01  5.447E-01  5.357E-01
  365.5000  6.514E-01  6.630E-01  6.672E-01  6.638E-01  6.529E-01
  366.5000  6.895E-01  7.018E-01  7.062E-01  7.026E-01  6.911E-01
  367.5000  6.547E-01  6.664E-01  6.706E-01  6.672E-01  6.562E-01
  368.5000  5.752E-01  5.855E-01  5.891E-01  5.861E-01  5.765E-01
  369.5000  6.901E-01  7.024E-01  7.067E-01  7.032E-01  6.917E-01
  370.5000  6.262E-01  6.373E-01  6.413E-01  6.380E-01  6.276E-01
  371.5000  7.165E-01  7.293E-01  7.338E-01  7.301E-01  7.182E-01
  372.5000  5.294E-01  5.387E-01  5.421E-01  5.394E-01  5.306E-01
  373.5000  4.785E-01  4.870E-01  4.900E-01  4.876E-01  4.796E-01
  374.5000  5.253E-01  5.346E-01  5.379E-01  5.352E-01  5.265E-01
  375.5000  5.927E-01  6.032E-01  6.069E-01  6.039E-01  5.941E-01
  376.5000  5.920E-01  6.024E-01  6.061E-01  6.031E-01  5.933E-01
  377.5000  7.050E-01  7.174E-01  7.219E-01  7.182E-01  7.066E-01
  378.5000  7.685E-01  7.820E-01  7.868E-01  7.829E-01  7.702E-01
  379.5000  5.686E-01  5.786E-01  5.822E-01  5.793E-01  5.699E-01
  380.5000  6.839E-01  6.959E-01  7.002E-01  6.967E-01  6.855E-01
  381.5000  6.428E-01  6.540E-01  6.580E-01  6.548E-01  6.442E-01
  382.5000  4.284E-01  4.358E-01  4.385E-01  4.363E-01  4.293E-01
  383.5000  3.762E-01  3.828E-01  3.851E-01  3.832E-01  3.770E-01
  384.5000  5.646E-01  5.745E-01  5.780E-01  5.751E-01  5.659E-01
  385.5000  5.587E-01  5.684E-01  5.719E-01  5.691E-01  5.600E-01
  386.5000  5.696E-01  5.795E-01  5.830E-01  5.801E-01  5.709E-01
  387.5000  5.294E-01  5.386E-01  5.419E-01  5.392E-01  5.306E-01
  388.5000  5.307E-01  5.399E-01  5.432E-01  5.405E-01  5.319E-01
  389.5000  6.694E-01  6.810E-01  6.851E-01  6.817E-01  6.709E-01
  390.5000  6.576E-01  6.690E-01  6.730E-01  6.697E-01  6.591E-01
  391.5000  7.802E-01  7.937E-01  7.985E-01  7.946E-01  7.820E-01
  392.5000  5.852E-01  5.953E-01  5.989E-01  5.959E-01  5.865E-01
  393.5000  2.544E-01  2.588E-01  2.604E-01  2.591E-01  2.550E-01
  394.5000  5.988E-01  6.091E-01  6.128E-01  6.098E-01  6.001E-01
  395.5000  7.706E-01  7.838E-01  7.886E-01  7.847E-01  7.723E-01
  396.5000  4.525E-01  4.603E-01  4.631E-01  4.608E-01  4.535E-01
  397.5000  5.223E-01  5.312E-01  5.345E-01  5.318E-01  5.234E-01
  398.5000  8.976E-01  9.130E-01  9.185E-01  9.140E-01  8.996E-01
  399.5000  9.338E-01  9.498E-01  9.555E-01  9.508E-01  9.358E-01
  400.5000  9.818E-01  9.986E-01  1.005E+00  9.997E-01  9.840E-01
  401.5000  1.010E+00  1.028E+00  1.034E+00  1.029E+00  1.013E+00
  402.5000  1.049E+00  1.067E+00  1.073E+00  1.068E+00  1.051E+00
  403.5000  9.604E-01  9.767E-01  9.826E-01  9.778E-01  9.625E-01
  404.5000  9.421E-01  9.581E-01  9.638E-01  9.591E-01  9.441E-01
  405.5000  9.788E-01  9.954E-01  1.001E+00  9.965E-01  9.809E-01
  406.5000  9.220E-01  9.377E-01  9.433E-01  9.387E-01  9.241E-01
  407.5000  9.297E-01  9.455E-01  9.511E-01  9.465E-01  9.318E-01
  408.5000  1.036E+00  1.053E+00  1.059E+00  1.054E+00  1.038E+00
  409.5000  1.015E+00  1.033E+00  1.039E+00  1.034E+00  1.018E+00
  410.5000  8.807E-01  8.956E-01  9.009E-01  8.965E-01  8.826E-01
  411.5000  1.059E+00  1.077E+00  1.083E+00  1.078E+00  1.061E+00
  412.5000  1.050E+00  1.067E+00  1.074E+00  1.068E+00  1.052E+00
  413.5000  1.018E+00  1.035E+00  1.041E+00  1.036E+00  1.020E+00
  414.5000  1.047E+00  1.064E+00  1.070E+00  1.065E+00  1.049E+00
  415.5000  1.001E+00  1.018E+00  1.024E+00  1.019E+00  1.003E+00
  416.5000  1.090E+00  1.108E+00  1.115E+00  1.109E+00  1.092E+00
  417.5000  9.964E-01  1.013E+00  1.019E+00  1.014E+00  9.985E-01
  418.5000  1.004E+00  1.021E+00  1.027E+00  1.022E+00  1.007E+00
  419.5000  1.038E+00  1.055E+00  1.061E+00  1.056E+00  1.040E+00
------------------------------------------------------------
Dose rates, W m-2
   1 = UV-B, 280-315 nm                                  
   2 = UV-A, 315-400 nm                                  
   3 = Gaussian, 320 nm, 10 nm FWHM                      
   4 = RB Meter, model 501                               
   5 = DNA damage, in vitro (Setlow, 1974)               
   6 = UV index (WMO, 1994; Webb et al., 2011)           
   7 = Previtamin-D3 (CIE 2006)                          
values at z =      0.000 km
Columns: time, sza, weighting spectra
time, hrs.  sza, deg.          1          2          3          4          5          6          7
   11.0000     43.085  1.255E+00  4.258E+01  2.628E-01  3.646E-01  3.854E-03  6.884E+00  3.385E-01
   11.5000     42.233  1.295E+00  4.336E+01  2.685E-01  3.771E-01  4.041E-03  7.131E+00  3.514E-01
   12.0000     41.925  1.309E+00  4.364E+01  2.706E-01  3.816E-01  4.110E-03  7.221E+00  3.561E-01
   12.5000     42.177  1.298E+00  4.341E+01  2.689E-01  3.779E-01  4.053E-03  7.147E+00  3.523E-01
   13.0000     42.975  1.260E+00  4.269E+01  2.635E-01  3.662E-01  3.878E-03  6.916E+00  3.402E-01
------------------------------------------------------------
