Spectral Irradiance, W m-2 nm-1
values at z =      0.000 km
Columns: wavelength (nm), times (hrs.) or sza (deg.)
    wc, nm     11.000     11.500     12.000     12.500     13.000
    sza =      20.849     17.788     16.842     18.344     21.787
  280.5000  3.919E-16  7.292E-16  8.633E-16  6.571E-16  3.163E-16
  281.5000  1.801E-14  3.173E-14  3.701E-14  2.886E-14  1.482E-14
  282.5000  3.302E-13  5.549E-13  6.390E-13  5.086E-13  2.761E-13
  283.5000  1.980E-12  3.226E-12  3.684E-12  2.972E-12  1.673E-12
  284.5000  3.120E-11  4.808E-11  5.408E-11  4.472E-11  2.688E-11
  285.5000  1.501E-10  2.220E-10  2.470E-10  2.079E-10  1.312E-10
  286.5000  2.266E-09  3.246E-09  3.580E-09  3.056E-09  2.002E-09
  287.5000  1.705E-08  2.358E-08  2.575E-08  2.233E-08  1.525E-08
  288.5000  1.148E-07  1.528E-07  1.651E-07  1.456E-07  1.040E-07
  289.5000  7.783E-07  1.008E-06  1.081E-06  9.653E-07  7.120E-07
  290.5000  3.721E-06  4.565E-06  5.021E-06  4.527E-06  3.431E-06
  291.5000  1.431E-05  1.765E-05  1.868E-05  1.704E-05  1.332E-05
  292.5000  4.030E-05  4.864E-05  5.119E-05  4.713E-05  3.777E-05
  293.5000  1.347E-04  1.593E-04  1.668E-04  1.549E-04  1.271E-04
  294.5000  2.869E-04  3.340E-04  3.481E-04  3.256E-04  2.722E-04
  295.5000  8.133E-04  9.312E-04  9.662E-04  9.103E-04  7.763E-04
  296.5000  1.569E-03  1.772E-03  1.831E-03  1.736E-03  1.505E-03
  297.5000  3.284E-03  3.663E-03  3.773E-03  3.596E-03  3.162E-03
  298.5000  4.217E-03  4.656E-03  4.783E-03  4.579E-03  4.076E-03
  299.5000  1.009E-02  1.103E-02  1.130E-02  1.087E-02  9.784E-03
  300.5000  9.983E-03  1.083E-02  1.108E-02  1.069E-02  9.706E-03
  301.5000  2.102E-02  2.263E-02  2.309E-02  2.235E-02  2.049E-02
  302.5000  2.723E-02  2.917E-02  2.972E-02  2.883E-02  2.660E-02
  303.5000  4.866E-02  5.179E-02  5.268E-02  5.125E-02  4.763E-02
  304.5000  5.470E-02  5.801E-02  5.895E-02  5.744E-02  5.361E-02
  305.5000  7.527E-02  7.939E-02  8.056E-02  7.868E-02  7.390E-02
  306.5000  8.003E-02  8.422E-02  8.540E-02  8.349E-02  7.864E-02
  307.5000  1.194E-01  1.251E-01  1.267E-01  1.241E-01  1.175E-01
  308.5000  1.355E-01  1.417E-01  1.434E-01  1.406E-01  1.334E-01
  309.5000  1.221E-01  1.273E-01  1.288E-01  1.265E-01  1.204E-01
  310.5000  1.690E-01  1.759E-01  1.778E-01  1.747E-01  1.667E-01
  311.5000  2.198E-01  2.284E-01  2.308E-01  2.269E-01  2.169E-01
  312.5000  2.184E-01  2.264E-01  2.287E-01  2.251E-01  2.157E-01
  313.5000  2.489E-01  2.578E-01  2.603E-01  2.563E-01  2.458E-01
  314.5000  2.525E-01  2.611E-01  2.635E-01  2.596E-01  2.497E-01
  315.5000  2.615E-01  2.703E-01  2.727E-01  2.688E-01  2.586E-01
  316.5000  2.635E-01  2.719E-01  2.742E-01  2.704E-01  2.607E-01
  317.5000  3.726E-01  3.845E-01  3.878E-01  3.824E-01  3.687E-01
  318.5000  2.962E-01  3.051E-01  3.076E-01  3.036E-01  2.932E-01
  319.5000  3.621E-01  3.729E-01  3.759E-01  3.710E-01  3.584E-01
  320.5000  4.415E-01  4.546E-01  4.582E-01  4.523E-01  4.372E-01
  321.5000  3.783E-01  3.889E-01  3.918E-01  3.871E-01  3.747E-01
  322.5000  3.782E-01  3.892E-01  3.923E-01  3.873E-01  3.745E-01
  323.5000  3.936E-01  4.044E-01  4.074E-01  4.025E-01  3.900E-01
  324.5000  4.617E-01  4.744E-01  4.779E-01  4.722E-01  4.575E-01
  325.5000  5.168E-01  5.310E-01  5.350E-01  5.286E-01  5.120E-01
  326.5000  6.291E-01  6.457E-01  6.504E-01  6.429E-01  6.235E-01
  327.5000  5.848E-01  6.003E-01  6.047E-01  5.977E-01  5.795E-01
  328.5000  5.398E-01  5.542E-01  5.582E-01  5.518E-01  5.350E-01
  329.5000  7.023E-01  7.203E-01  7.255E-01  7.173E-01  6.962E-01
  330.5000  6.374E-01  6.541E-01  6.587E-01  6.512E-01  6.319E-01
  331.5000  6.296E-01  6.460E-01  6.506E-01  6.432E-01  6.241E-01
  332.5000  6.214E-01  6.372E-01  6.416E-01  6.345E-01  6.160E-01
  333.5000  5.832E-01  5.982E-01  6.023E-01  5.956E-01  5.781E-01
  334.5000  6.517E-01  6.684E-01  6.730E-01  6.655E-01  6.461E-01
  335.5000  6.611E-01  6.778E-01  6.824E-01  6.749E-01  6.555E-01
  336.5000  5.166E-01  5.296E-01  5.332E-01  5.274E-01  5.122E-01
  337.5000  5.666E-01  5.809E-01  5.849E-01  5.785E-01  5.617E-01
  338.5000  5.984E-01  6.134E-01  6.176E-01  6.108E-01  5.934E-01
  339.5000  6.504E-01  6.667E-01  6.712E-01  6.639E-01  6.450E-01
  340.5000  6.950E-01  7.124E-01  7.172E-01  7.094E-01  6.891E-01
  341.5000  6.174E-01  6.327E-01  6.370E-01  6.301E-01  6.122E-01
  342.5000  6.838E-01  7.007E-01  7.054E-01  6.978E-01  6.781E-01
  343.5000  7.100E-01  7.275E-01  7.324E-01  7.245E-01  7.040E-01
  344.5000  4.974E-01  5.097E-01  5.131E-01  5.076E-01  4.932E-01
  345.5000  6.815E-01  6.983E-01  7.030E-01  6.954E-01  6.759E-01
  346.5000  6.372E-01  6.529E-01  6.573E-01  6.502E-01  6.319E-01
  347.5000  6.224E-01  6.377E-01  6.420E-01  6.351E-01  6.173E-01
  348.5000  6.839E-01  7.007E-01  7.053E-01  6.978E-01  6.783E-01
  349.5000  5.730E-01  5.870E-01  5.909E-01  5.846E-01  5.682E-01
  350.5000  8.020E-01  8.216E-01  8.270E-01  8.182E-01  7.954E-01
  351.5000  6.910E-01  7.078E-01  7.125E-01  7.049E-01  6.853E-01
  352.5000  6.230E-01  6.381E-01  6.424E-01  6.355E-01  6.179E-01
  353.5000  7.497E-01  7.679E-01  7.730E-01  7.648E-01  7.435E-01
  354.5000  8.111E-01  8.308E-01  8.363E-01  8.274E-01  8.045E-01
  355.5000  7.578E-01  7.761E-01  7.812E-01  7.730E-01  7.516E-01
  356.5000  7.030E-01  7.200E-01  7.247E-01  7.171E-01  6.973E-01
  357.5000  5.976E-01  6.120E-01  6.160E-01  6.096E-01  5.927E-01
  358.5000  4.610E-01  4.721E-01  4.752E-01  4.702E-01  4.573E-01
  359.5000  7.756E-01  7.943E-01  7.994E-01  7.911E-01  7.693E-01
  360.5000  7.187E-01  7.359E-01  7.407E-01  7.330E-01  7.128E-01
  361.5000  6.477E-01  6.632E-01  6.676E-01  6.606E-01  6.425E-01
  362.5000  7.604E-01  7.786E-01  7.836E-01  7.755E-01  7.542E-01
  363.5000  6.762E-01  6.924E-01  6.968E-01  6.896E-01  6.707E-01
  364.5000  7.374E-01  7.550E-01  7.599E-01  7.520E-01  7.315E-01
  365.5000  8.982E-01  9.196E-01  9.256E-01  9.160E-01  8.910E-01
  366.5000  9.503E-01  9.729E-01  9.792E-01  9.691E-01  9.427E-01
  367.5000  9.020E-01  9.235E-01  9.294E-01  9.198E-01  8.948E-01
  368.5000  7.921E-01  8.109E-01  8.162E-01  8.077E-01  7.858E-01
  369.5000  9.499E-01  9.724E-01  9.787E-01  9.686E-01  9.423E-01
  370.5000  8.615E-01  8.819E-01  8.876E-01  8.784E-01  8.547E-01
  371.5000  9.855E-01  1.009E+00  1.015E+00  1.005E+00  9.776E-01
  372.5000  7.277E-01  7.449E-01  7.497E-01  7.419E-01  7.219E-01
  373.5000  6.576E-01  6.731E-01  6.774E-01  6.704E-01  6.523E-01
  374.5000  7.215E-01  7.385E-01  7.432E-01  7.356E-01  7.158E-01
  375.5000  8.138E-01  8.329E-01  8.382E-01  8.297E-01  8.073E-01
  376.5000  8.124E-01  8.315E-01  8.368E-01  8.282E-01  8.060E-01
  377.5000  9.671E-01  9.898E-01  9.961E-01  9.859E-01  9.595E-01
  378.5000  1.054E+00  1.078E+00  1.085E+00  1.074E+00  1.045E+00
  379.5000  7.794E-01  7.976E-01  8.027E-01  7.945E-01  7.733E-01
  380.5000  9.371E-01  9.590E-01  9.650E-01  9.552E-01  9.297E-01
  381.5000  8.803E-01  9.008E-01  9.065E-01  8.973E-01  8.734E-01
  382.5000  5.864E-01  6.001E-01  6.039E-01  5.977E-01  5.818E-01
  383.5000  5.148E-01  5.268E-01  5.301E-01  5.247E-01  5.108E-01
  384.5000  7.724E-01  7.903E-01  7.953E-01  7.873E-01  7.663E-01
  385.5000  7.640E-01  7.817E-01  7.866E-01  7.787E-01  7.580E-01
  386.5000  7.786E-01  7.966E-01  8.016E-01  7.935E-01  7.725E-01
  387.5000  7.234E-01  7.401E-01  7.448E-01  7.372E-01  7.177E-01
  388.5000  7.249E-01  7.416E-01  7.463E-01  7.388E-01  7.192E-01
  389.5000  9.139E-01  9.350E-01  9.409E-01  9.314E-01  9.068E-01
  390.5000  8.975E-01  9.181E-01  9.239E-01  9.146E-01  8.905E-01
  391.5000  1.064E+00  1.089E+00  1.096E+00  1.085E+00  1.056E+00
  392.5000  7.980E-01  8.164E-01  8.215E-01  8.133E-01  7.918E-01
  393.5000  3.469E-01  3.548E-01  3.570E-01  3.535E-01  3.442E-01
  394.5000  8.160E-01  8.348E-01  8.400E-01  8.316E-01  8.097E-01
  395.5000  1.050E+00  1.074E+00  1.080E+00  1.070E+00  1.042E+00
  396.5000  6.163E-01  6.304E-01  6.343E-01  6.280E-01  6.115E-01
  397.5000  7.110E-01  7.272E-01  7.318E-01  7.245E-01  7.055E-01
  398.5000  1.221E+00  1.249E+00  1.257E+00  1.245E+00  1.212E+00
  399.5000  1.270E+00  1.299E+00  1.307E+00  1.294E+00  1.260E+00
  400.5000  1.335E+00  1.366E+00  1.374E+00  1.360E+00  1.325E+00
  401.5000  1.373E+00  1.405E+00  1.413E+00  1.399E+00  1.363E+00
  402.5000  1.426E+00  1.458E+00  1.467E+00  1.452E+00  1.415E+00
  403.5000  1.305E+00  1.334E+00  1.342E+00  1.329E+00  1.295E+00
  404.5000  1.279E+00  1.308E+00  1.316E+00  1.303E+00  1.270E+00
  405.5000  1.329E+00  1.359E+00  1.367E+00  1.354E+00  1.319E+00
  406.5000  1.251E+00  1.280E+00  1.287E+00  1.275E+00  1.242E+00
  407.5000  1.261E+00  1.290E+00  1.298E+00  1.285E+00  1.252E+00
  408.5000  1.405E+00  1.436E+00  1.445E+00  1.431E+00  1.394E+00
  409.5000  1.377E+00  1.408E+00  1.416E+00  1.402E+00  1.366E+00
  410.5000  1.194E+00  1.221E+00  1.228E+00  1.216E+00  1.185E+00
  411.5000  1.434E+00  1.467E+00  1.476E+00  1.461E+00  1.424E+00
  412.5000  1.422E+00  1.453E+00  1.462E+00  1.448E+00  1.411E+00
  413.5000  1.379E+00  1.409E+00  1.418E+00  1.404E+00  1.368E+00
  414.5000  1.417E+00  1.448E+00  1.457E+00  1.443E+00  1.406E+00
  415.5000  1.355E+00  1.385E+00  1.394E+00  1.380E+00  1.344E+00
  416.5000  1.474E+00  1.507E+00  1.516E+00  1.502E+00  1.463E+00
  417.5000  1.347E+00  1.378E+00  1.386E+00  1.372E+00  1.337E+00
  418.5000  1.358E+00  1.388E+00  1.397E+00  1.383E+00  1.348E+00
  419.5000  1.402E+00  1.434E+00  1.442E+00  1.428E+00  1.392E+00
------------------------------------------------------------
Dose rates, W m-2
   1 = UV-B, 280-315 nm                                  
   2 = UV-A, 315-400 nm                                  
   3 = Gaussian, 320 nm, 10 nm FWHM                      
   4 = RB Meter, model 501                               
   5 = DNA damage, in vitro (Setlow, 1974)               
   6 = UV index (WMO, 1994; Webb et al., 2011)           
   7 = Previtamin-D3 (CIE 2006)                          
values at z =      0.000 km
Columns: time, sza, weighting spectra
time, hrs.  sza, deg.          1          2          3          4          5          6          7
   11.0000     20.849  1.823E+00  5.887E+01  3.724E-01  5.321E-01  5.803E-03  1.007E+01  4.986E-01
   11.5000     17.788  1.902E+00  6.031E+01  3.834E-01  5.573E-01  6.198E-03  1.057E+01  5.248E-01
   12.0000     16.842  1.925E+00  6.071E+01  3.864E-01  5.644E-01  6.311E-03  1.071E+01  5.323E-01
   12.5000     18.344  1.889E+00  6.006E+01  3.815E-01  5.530E-01  6.129E-03  1.048E+01  5.203E-01
   13.0000     21.787  1.797E+00  5.839E+01  3.687E-01  5.238E-01  5.675E-03  9.903E+00  4.899E-01
------------------------------------------------------------
