Spectral Irradiance, W m-2 nm-1
values at z =      0.000 km
Columns: wavelength (nm), times (hrs.) or sza (deg.)
    wc, nm     11.000     11.500     12.000     12.500     13.000
    sza =      39.562     38.515     38.135     38.446     39.428
  280.5000  4.412E-21  8.426E-21  1.057E-20  8.785E-21  4.803E-21
  281.5000  5.686E-19  1.025E-18  1.260E-18  1.064E-18  6.142E-19
  282.5000  2.526E-17  4.331E-17  5.232E-17  4.484E-17  2.713E-17
  283.5000  2.691E-16  4.460E-16  5.334E-16  4.615E-16  2.876E-16
  284.5000  1.209E-14  1.891E-14  2.213E-14  1.947E-14  1.282E-14
  285.5000  1.262E-13  1.890E-13  2.178E-13  1.940E-13  1.331E-13
  286.5000  3.454E-12  5.004E-12  5.698E-12  5.124E-12  3.626E-12
  287.5000  5.029E-11  7.019E-11  7.889E-11  7.171E-11  5.254E-11
  288.5000  6.936E-10  9.297E-10  1.030E-09  9.474E-10  7.102E-10
  289.5000  7.856E-09  1.023E-08  1.122E-08  1.041E-08  8.133E-09
  290.5000  5.782E-08  7.348E-08  7.993E-08  7.463E-08  5.966E-08
  291.5000  3.624E-07  4.482E-07  4.828E-07  4.543E-07  3.630E-07
  292.5000  1.522E-06  1.840E-06  1.967E-06  1.863E-06  1.561E-06
  293.5000  7.411E-06  8.771E-06  9.306E-06  8.867E-06  7.576E-06
  294.5000  2.119E-05  2.467E-05  2.602E-05  2.491E-05  2.161E-05
  295.5000  8.211E-05  9.393E-05  9.847E-05  9.474E-05  8.357E-05
  296.5000  2.053E-04  2.315E-04  2.414E-04  2.333E-04  2.086E-04
  297.5000  5.394E-04  6.004E-04  6.234E-04  6.045E-04  5.470E-04
  298.5000  8.388E-04  9.237E-04  9.555E-04  9.294E-04  8.495E-04
  299.5000  2.404E-03  2.621E-03  2.701E-03  2.635E-03  2.431E-03
  300.5000  2.731E-03  2.954E-03  3.037E-03  2.969E-03  2.759E-03
  301.5000  6.678E-03  7.164E-03  7.343E-03  7.196E-03  6.740E-03
  302.5000  9.546E-03  1.018E-02  1.042E-02  1.023E-02  9.627E-03
  303.5000  1.915E-02  2.030E-02  2.072E-02  2.037E-02  1.929E-02
  304.5000  2.301E-02  2.430E-02  2.477E-02  2.408E-02  2.318E-02
  305.5000  3.496E-02  3.672E-02  3.735E-02  3.683E-02  3.519E-02
  306.5000  3.880E-02  4.065E-02  4.132E-02  4.077E-02  3.904E-02
  307.5000  6.281E-02  6.550E-02  6.648E-02  6.568E-02  6.316E-02
  308.5000  7.354E-02  7.656E-02  7.765E-02  7.676E-02  7.393E-02
  309.5000  6.995E-02  7.260E-02  7.355E-02  7.277E-02  7.029E-02
  310.5000  1.006E-01  1.042E-01  1.055E-01  1.044E-01  1.011E-01
  311.5000  1.342E-01  1.388E-01  1.404E-01  1.391E-01  1.348E-01
  312.5000  1.395E-01  1.439E-01  1.455E-01  1.442E-01  1.400E-01
  313.5000  1.607E-01  1.656E-01  1.674E-01  1.660E-01  1.613E-01
  314.5000  1.694E-01  1.743E-01  1.760E-01  1.746E-01  1.700E-01
  315.5000  1.766E-01  1.816E-01  1.834E-01  1.820E-01  1.773E-01
  316.5000  1.833E-01  1.882E-01  1.899E-01  1.885E-01  1.839E-01
  317.5000  2.595E-01  2.663E-01  2.688E-01  2.668E-01  2.603E-01
  318.5000  2.119E-01  2.171E-01  2.190E-01  2.175E-01  2.125E-01
  319.5000  2.605E-01  2.669E-01  2.692E-01  2.673E-01  2.613E-01
  320.5000  3.197E-01  3.275E-01  3.303E-01  3.280E-01  3.207E-01
  321.5000  2.807E-01  2.871E-01  2.894E-01  2.876E-01  2.816E-01
  322.5000  2.757E-01  2.823E-01  2.846E-01  2.827E-01  2.766E-01
  323.5000  2.956E-01  3.021E-01  3.045E-01  3.025E-01  2.964E-01
  324.5000  3.465E-01  3.542E-01  3.570E-01  3.547E-01  3.475E-01
  325.5000  3.866E-01  3.952E-01  3.983E-01  3.958E-01  3.877E-01
  326.5000  4.802E-01  4.903E-01  4.939E-01  4.910E-01  4.815E-01
  327.5000  4.437E-01  4.532E-01  4.567E-01  4.539E-01  4.449E-01
  328.5000  4.099E-01  4.187E-01  4.218E-01  4.193E-01  4.110E-01
  329.5000  5.413E-01  5.525E-01  5.565E-01  5.532E-01  5.427E-01
  330.5000  4.886E-01  4.988E-01  5.025E-01  4.995E-01  4.899E-01
  331.5000  4.822E-01  4.923E-01  4.959E-01  4.930E-01  4.835E-01
  332.5000  4.811E-01  4.909E-01  4.944E-01  4.915E-01  4.824E-01
  333.5000  4.497E-01  4.590E-01  4.623E-01  4.596E-01  4.509E-01
  334.5000  5.040E-01  5.143E-01  5.179E-01  5.149E-01  5.053E-01
  335.5000  5.140E-01  5.243E-01  5.280E-01  5.250E-01  5.154E-01
  336.5000  4.012E-01  4.093E-01  4.122E-01  4.098E-01  4.023E-01
  337.5000  4.387E-01  4.476E-01  4.508E-01  4.482E-01  4.399E-01
  338.5000  4.660E-01  4.753E-01  4.786E-01  4.759E-01  4.672E-01
  339.5000  5.071E-01  5.171E-01  5.208E-01  5.178E-01  5.084E-01
  340.5000  5.410E-01  5.518E-01  5.557E-01  5.525E-01  5.424E-01
  341.5000  4.821E-01  4.916E-01  4.950E-01  4.922E-01  4.833E-01
  342.5000  5.344E-01  5.449E-01  5.487E-01  5.456E-01  5.358E-01
  343.5000  5.546E-01  5.655E-01  5.694E-01  5.662E-01  5.560E-01
  344.5000  3.883E-01  3.960E-01  3.987E-01  3.965E-01  3.893E-01
  345.5000  5.336E-01  5.440E-01  5.478E-01  5.447E-01  5.350E-01
  346.5000  4.984E-01  5.081E-01  5.116E-01  5.088E-01  4.996E-01
  347.5000  4.871E-01  4.966E-01  5.000E-01  4.972E-01  4.883E-01
  348.5000  5.357E-01  5.462E-01  5.499E-01  5.468E-01  5.371E-01
  349.5000  4.490E-01  4.577E-01  4.608E-01  4.583E-01  4.501E-01
  350.5000  6.287E-01  6.409E-01  6.453E-01  6.417E-01  6.303E-01
  351.5000  5.418E-01  5.523E-01  5.561E-01  5.530E-01  5.431E-01
  352.5000  4.887E-01  4.982E-01  5.016E-01  4.988E-01  4.900E-01
  353.5000  5.885E-01  5.999E-01  6.040E-01  6.006E-01  5.900E-01
  354.5000  6.372E-01  6.494E-01  6.538E-01  6.502E-01  6.387E-01
  355.5000  5.955E-01  6.069E-01  6.110E-01  6.077E-01  5.970E-01
  356.5000  5.526E-01  5.632E-01  5.670E-01  5.639E-01  5.540E-01
  357.5000  4.699E-01  4.789E-01  4.822E-01  4.795E-01  4.711E-01
  358.5000  3.627E-01  3.696E-01  3.721E-01  3.701E-01  3.636E-01
  359.5000  6.104E-01  6.221E-01  6.262E-01  6.228E-01  6.119E-01
  360.5000  5.658E-01  5.766E-01  5.805E-01  5.773E-01  5.672E-01
  361.5000  5.102E-01  5.199E-01  5.234E-01  5.205E-01  5.114E-01
  362.5000  5.991E-01  6.105E-01  6.146E-01  6.113E-01  6.006E-01
  363.5000  5.330E-01  5.431E-01  5.467E-01  5.438E-01  5.343E-01
  364.5000  5.814E-01  5.924E-01  5.964E-01  5.932E-01  5.828E-01
  365.5000  7.085E-01  7.219E-01  7.267E-01  7.227E-01  7.102E-01
  366.5000  7.498E-01  7.640E-01  7.691E-01  7.649E-01  7.516E-01
  367.5000  7.120E-01  7.254E-01  7.302E-01  7.263E-01  7.137E-01
  368.5000  6.255E-01  6.372E-01  6.414E-01  6.380E-01  6.270E-01
  369.5000  7.503E-01  7.644E-01  7.694E-01  7.653E-01  7.521E-01
  370.5000  6.807E-01  6.935E-01  6.980E-01  6.943E-01  6.823E-01
  371.5000  7.789E-01  7.935E-01  7.987E-01  7.944E-01  7.808E-01
  372.5000  5.753E-01  5.861E-01  5.900E-01  5.868E-01  5.767E-01
  373.5000  5.200E-01  5.298E-01  5.332E-01  5.304E-01  5.213E-01
  374.5000  5.708E-01  5.814E-01  5.852E-01  5.821E-01  5.721E-01
  375.5000  6.440E-01  6.560E-01  6.603E-01  6.568E-01  6.455E-01
  376.5000  6.431E-01  6.551E-01  6.593E-01  6.558E-01  6.446E-01
  377.5000  7.658E-01  7.801E-01  7.851E-01  7.810E-01  7.677E-01
  378.5000  8.347E-01  8.502E-01  8.557E-01  8.512E-01  8.367E-01
  379.5000  6.175E-01  6.290E-01  6.331E-01  6.297E-01  6.190E-01
  380.5000  7.427E-01  7.564E-01  7.614E-01  7.573E-01  7.445E-01
  381.5000  6.979E-01  7.108E-01  7.154E-01  7.117E-01  6.996E-01
  382.5000  4.651E-01  4.736E-01  4.767E-01  4.742E-01  4.662E-01
  383.5000  4.084E-01  4.159E-01  4.186E-01  4.164E-01  4.094E-01
  384.5000  6.129E-01  6.242E-01  6.282E-01  6.249E-01  6.143E-01
  385.5000  6.064E-01  6.175E-01  6.215E-01  6.182E-01  6.078E-01
  386.5000  6.181E-01  6.295E-01  6.335E-01  6.302E-01  6.196E-01
  387.5000  5.745E-01  5.850E-01  5.888E-01  5.857E-01  5.758E-01
  388.5000  5.758E-01  5.864E-01  5.901E-01  5.871E-01  5.772E-01
  389.5000  7.262E-01  7.395E-01  7.442E-01  7.403E-01  7.279E-01
  390.5000  7.133E-01  7.263E-01  7.310E-01  7.272E-01  7.150E-01
  391.5000  8.463E-01  8.617E-01  8.672E-01  8.627E-01  8.483E-01
  392.5000  6.346E-01  6.462E-01  6.503E-01  6.469E-01  6.361E-01
  393.5000  2.759E-01  2.809E-01  2.827E-01  2.813E-01  2.766E-01
  394.5000  6.493E-01  6.611E-01  6.653E-01  6.618E-01  6.508E-01
  395.5000  8.354E-01  8.506E-01  8.560E-01  8.516E-01  8.374E-01
  396.5000  4.906E-01  4.995E-01  5.027E-01  5.001E-01  4.917E-01
  397.5000  5.661E-01  5.764E-01  5.800E-01  5.771E-01  5.675E-01
  398.5000  9.729E-01  9.905E-01  9.967E-01  9.916E-01  9.752E-01
  399.5000  1.012E+00  1.030E+00  1.037E+00  1.031E+00  1.014E+00
  400.5000  1.064E+00  1.083E+00  1.090E+00  1.084E+00  1.066E+00
  401.5000  1.095E+00  1.114E+00  1.121E+00  1.116E+00  1.097E+00
  402.5000  1.137E+00  1.157E+00  1.164E+00  1.158E+00  1.139E+00
  403.5000  1.040E+00  1.059E+00  1.066E+00  1.060E+00  1.043E+00
  404.5000  1.020E+00  1.039E+00  1.045E+00  1.040E+00  1.023E+00
  405.5000  1.060E+00  1.079E+00  1.086E+00  1.080E+00  1.063E+00
  406.5000  9.986E-01  1.016E+00  1.023E+00  1.018E+00  1.001E+00
  407.5000  1.007E+00  1.025E+00  1.031E+00  1.026E+00  1.009E+00
  408.5000  1.121E+00  1.141E+00  1.149E+00  1.143E+00  1.124E+00
  409.5000  1.099E+00  1.119E+00  1.126E+00  1.120E+00  1.102E+00
  410.5000  9.534E-01  9.704E-01  9.765E-01  9.715E-01  9.556E-01
  411.5000  1.146E+00  1.166E+00  1.174E+00  1.168E+00  1.149E+00
  412.5000  1.136E+00  1.156E+00  1.163E+00  1.157E+00  1.139E+00
  413.5000  1.102E+00  1.121E+00  1.128E+00  1.123E+00  1.104E+00
  414.5000  1.133E+00  1.153E+00  1.160E+00  1.154E+00  1.135E+00
  415.5000  1.083E+00  1.102E+00  1.109E+00  1.104E+00  1.086E+00
  416.5000  1.179E+00  1.200E+00  1.207E+00  1.201E+00  1.182E+00
  417.5000  1.078E+00  1.097E+00  1.104E+00  1.098E+00  1.080E+00
  418.5000  1.086E+00  1.106E+00  1.112E+00  1.107E+00  1.089E+00
  419.5000  1.122E+00  1.142E+00  1.149E+00  1.143E+00  1.125E+00
------------------------------------------------------------
Dose rates, W m-2
   1 = UV-B, 280-315 nm                                  
   2 = UV-A, 315-400 nm                                  
   3 = Gaussian, 320 nm, 10 nm FWHM                      
   4 = RB Meter, model 501                               
   5 = DNA damage, in vitro (Setlow, 1974)               
   6 = UV index (WMO, 1994; Webb et al., 2011)           
   7 = Previtamin-D3 (CIE 2006)                          
values at z =      0.000 km
Columns: time, sza, weighting spectra
time, hrs.  sza, deg.          1          2          3          4          5          6          7
   11.0000     39.562  1.050E+00  4.608E+01  2.696E-01  2.937E-01  2.375E-03  5.452E+00  2.498E-01
   11.5000     38.515  1.088E+00  4.697E+01  2.761E-01  3.049E-01  2.501E-03  5.659E+00  2.608E-01
   12.0000     38.135  1.102E+00  4.729E+01  2.784E-01  3.090E-01  2.547E-03  5.735E+00  2.648E-01
   12.5000     38.446  1.090E+00  4.703E+01  2.765E-01  3.055E-01  2.507E-03  5.670E+00  2.613E-01
   13.0000     39.428  1.055E+00  4.619E+01  2.704E-01  2.952E-01  2.391E-03  5.478E+00  2.512E-01
------------------------------------------------------------
