Spectral Irradiance, W m-2 nm-1
values at z =      0.000 km
Columns: wavelength (nm), times (hrs.) or sza (deg.)
    wc, nm     11.000     11.500     12.000     12.500     13.000
    sza =      25.451     23.185     22.517     23.583     26.167
  280.5000  8.755E-18  1.690E-17  2.021E-17  1.514E-17  6.992E-18
  281.5000  5.691E-16  1.036E-15  1.220E-15  9.375E-16  4.637E-16
  282.5000  1.405E-14  2.432E-14  2.824E-14  2.219E-14  1.164E-14
  283.5000  1.022E-13  1.712E-13  1.970E-13  1.571E-13  8.563E-14
  284.5000  2.290E-12  3.616E-12  4.095E-12  3.350E-12  1.959E-12
  285.5000  1.430E-11  2.161E-11  2.418E-11  2.017E-11  1.242E-11
  286.5000  2.637E-10  3.852E-10  4.271E-10  3.495E-10  2.316E-10
  287.5000  2.477E-09  3.486E-09  3.826E-09  3.293E-09  2.204E-09
  288.5000  2.123E-08  2.868E-08  3.114E-08  2.728E-08  1.915E-08
  289.5000  1.685E-07  2.245E-07  2.418E-07  2.146E-07  1.559E-07
  290.5000  9.460E-07  1.211E-06  1.296E-06  1.162E-06  8.694E-07
  291.5000  4.290E-06  5.343E-06  5.672E-06  5.151E-06  3.980E-06
  292.5000  1.382E-05  1.683E-05  1.776E-05  1.628E-05  1.292E-05
  293.5000  5.244E-05  6.249E-05  6.556E-05  6.069E-05  4.939E-05
  294.5000  1.234E-04  1.446E-04  1.510E-04  1.408E-04  1.169E-04
  295.5000  3.887E-04  4.475E-04  4.651E-04  4.371E-04  3.704E-04
  296.5000  8.186E-04  9.287E-04  9.612E-04  9.093E-04  7.841E-04
  297.5000  1.850E-03  2.072E-03  2.137E-03  2.033E-03  1.780E-03
  298.5000  2.535E-03  2.808E-03  2.888E-03  2.761E-03  2.448E-03
  299.5000  6.449E-03  7.069E-03  7.249E-03  6.962E-03  6.249E-03
  300.5000  6.687E-03  7.273E-03  7.442E-03  7.172E-03  6.498E-03
  301.5000  1.481E-02  1.598E-02  1.631E-02  1.577E-02  1.444E-02
  302.5000  1.985E-02  2.128E-02  2.169E-02  2.104E-02  1.938E-02
  303.5000  3.689E-02  3.930E-02  3.998E-02  3.888E-02  3.610E-02
  304.5000  4.242E-02  4.502E-02  4.576E-02  4.457E-02  4.157E-02
  305.5000  6.037E-02  6.371E-02  6.465E-02  6.314E-02  5.928E-02
  306.5000  6.513E-02  6.856E-02  6.953E-02  6.798E-02  6.400E-02
  307.5000  9.993E-02  1.047E-01  1.061E-01  1.039E-01  9.836E-02
  308.5000  1.146E-01  1.199E-01  1.213E-01  1.190E-01  1.129E-01
  309.5000  1.052E-01  1.097E-01  1.109E-01  1.089E-01  1.037E-01
  310.5000  1.475E-01  1.535E-01  1.551E-01  1.524E-01  1.455E-01
  311.5000  1.935E-01  2.010E-01  2.031E-01  1.997E-01  1.910E-01
  312.5000  1.953E-01  2.023E-01  2.043E-01  2.011E-01  1.929E-01
  313.5000  2.233E-01  2.312E-01  2.334E-01  2.299E-01  2.207E-01
  314.5000  2.296E-01  2.372E-01  2.393E-01  2.359E-01  2.270E-01
  315.5000  2.383E-01  2.461E-01  2.483E-01  2.448E-01  2.357E-01
  316.5000  2.425E-01  2.500E-01  2.521E-01  2.488E-01  2.400E-01
  317.5000  3.431E-01  3.537E-01  3.566E-01  3.519E-01  3.395E-01
  318.5000  2.752E-01  2.832E-01  2.855E-01  2.819E-01  2.725E-01
  319.5000  3.370E-01  3.468E-01  3.495E-01  3.451E-01  3.337E-01
  320.5000  4.119E-01  4.237E-01  4.270E-01  4.215E-01  4.080E-01
  321.5000  3.559E-01  3.655E-01  3.682E-01  3.639E-01  3.527E-01
  322.5000  3.536E-01  3.636E-01  3.664E-01  3.619E-01  3.503E-01
  323.5000  3.718E-01  3.816E-01  3.843E-01  3.799E-01  3.685E-01
  324.5000  4.360E-01  4.475E-01  4.507E-01  4.456E-01  4.322E-01
  325.5000  4.874E-01  5.004E-01  5.040E-01  4.982E-01  4.831E-01
  326.5000  5.975E-01  6.125E-01  6.169E-01  6.101E-01  5.924E-01
  327.5000  5.542E-01  5.684E-01  5.724E-01  5.660E-01  5.494E-01
  328.5000  5.117E-01  5.248E-01  5.285E-01  5.226E-01  5.073E-01
  329.5000  6.691E-01  6.857E-01  6.903E-01  6.829E-01  6.636E-01
  330.5000  6.062E-01  6.213E-01  6.256E-01  6.187E-01  6.011E-01
  331.5000  5.985E-01  6.130E-01  6.177E-01  6.109E-01  5.935E-01
  332.5000  5.929E-01  6.073E-01  6.114E-01  6.049E-01  5.880E-01
  333.5000  5.556E-01  5.693E-01  5.731E-01  5.669E-01  5.510E-01
  334.5000  6.215E-01  6.367E-01  6.409E-01  6.341E-01  6.164E-01
  335.5000  6.316E-01  6.468E-01  6.511E-01  6.442E-01  6.265E-01
  336.5000  4.933E-01  5.052E-01  5.085E-01  5.032E-01  4.893E-01
  337.5000  5.404E-01  5.535E-01  5.572E-01  5.513E-01  5.360E-01
  338.5000  5.719E-01  5.856E-01  5.894E-01  5.832E-01  5.673E-01
  339.5000  6.218E-01  6.366E-01  6.408E-01  6.341E-01  6.168E-01
  340.5000  6.640E-01  6.799E-01  6.843E-01  6.772E-01  6.587E-01
  341.5000  5.904E-01  6.044E-01  6.084E-01  6.021E-01  5.857E-01
  342.5000  6.541E-01  6.696E-01  6.739E-01  6.670E-01  6.489E-01
  343.5000  6.790E-01  6.951E-01  6.995E-01  6.923E-01  6.736E-01
  344.5000  4.756E-01  4.868E-01  4.900E-01  4.849E-01  4.718E-01
  345.5000  6.522E-01  6.676E-01  6.719E-01  6.650E-01  6.471E-01
  346.5000  6.096E-01  6.239E-01  6.279E-01  6.215E-01  6.047E-01
  347.5000  5.955E-01  6.095E-01  6.134E-01  6.071E-01  5.908E-01
  348.5000  6.545E-01  6.698E-01  6.741E-01  6.672E-01  6.493E-01
  349.5000  5.483E-01  5.612E-01  5.648E-01  5.590E-01  5.440E-01
  350.5000  7.676E-01  7.855E-01  7.905E-01  7.825E-01  7.616E-01
  351.5000  6.613E-01  6.768E-01  6.811E-01  6.742E-01  6.562E-01
  352.5000  5.963E-01  6.102E-01  6.141E-01  6.079E-01  5.917E-01
  353.5000  7.178E-01  7.345E-01  7.391E-01  7.316E-01  7.122E-01
  354.5000  7.767E-01  7.947E-01  7.997E-01  7.917E-01  7.707E-01
  355.5000  7.257E-01  7.425E-01  7.472E-01  7.396E-01  7.201E-01
  356.5000  6.733E-01  6.888E-01  6.932E-01  6.862E-01  6.680E-01
  357.5000  5.723E-01  5.856E-01  5.892E-01  5.833E-01  5.679E-01
  358.5000  4.416E-01  4.517E-01  4.546E-01  4.500E-01  4.382E-01
  359.5000  7.429E-01  7.600E-01  7.648E-01  7.571E-01  7.372E-01
  360.5000  6.885E-01  7.043E-01  7.087E-01  7.016E-01  6.832E-01
  361.5000  6.206E-01  6.348E-01  6.388E-01  6.324E-01  6.158E-01
  362.5000  7.285E-01  7.452E-01  7.499E-01  7.424E-01  7.230E-01
  363.5000  6.479E-01  6.627E-01  6.669E-01  6.602E-01  6.430E-01
  364.5000  7.066E-01  7.228E-01  7.272E-01  7.200E-01  7.012E-01
  365.5000  8.608E-01  8.804E-01  8.859E-01  8.771E-01  8.542E-01
  366.5000  9.108E-01  9.315E-01  9.373E-01  9.280E-01  9.038E-01
  367.5000  8.645E-01  8.842E-01  8.897E-01  8.809E-01  8.580E-01
  368.5000  7.593E-01  7.765E-01  7.813E-01  7.736E-01  7.535E-01
  369.5000  9.105E-01  9.312E-01  9.369E-01  9.277E-01  9.036E-01
  370.5000  8.259E-01  8.446E-01  8.498E-01  8.414E-01  8.196E-01
  371.5000  9.448E-01  9.661E-01  9.721E-01  9.625E-01  9.376E-01
  372.5000  6.977E-01  7.134E-01  7.178E-01  7.108E-01  6.924E-01
  373.5000  6.305E-01  6.447E-01  6.486E-01  6.423E-01  6.257E-01
  374.5000  6.918E-01  7.074E-01  7.117E-01  7.047E-01  6.866E-01
  375.5000  7.804E-01  7.979E-01  8.028E-01  7.949E-01  7.745E-01
  376.5000  7.791E-01  7.965E-01  8.014E-01  7.936E-01  7.732E-01
  377.5000  9.275E-01  9.483E-01  9.541E-01  9.447E-01  9.205E-01
  378.5000  1.011E+00  1.033E+00  1.040E+00  1.029E+00  1.003E+00
  379.5000  7.476E-01  7.643E-01  7.689E-01  7.614E-01  7.419E-01
  380.5000  8.988E-01  9.189E-01  9.245E-01  9.155E-01  8.921E-01
  381.5000  8.444E-01  8.632E-01  8.685E-01  8.601E-01  8.381E-01
  382.5000  5.626E-01  5.751E-01  5.786E-01  5.729E-01  5.584E-01
  383.5000  4.939E-01  5.049E-01  5.079E-01  5.030E-01  4.902E-01
  384.5000  7.410E-01  7.575E-01  7.620E-01  7.547E-01  7.355E-01
  385.5000  7.330E-01  7.492E-01  7.538E-01  7.465E-01  7.275E-01
  386.5000  7.470E-01  7.635E-01  7.681E-01  7.607E-01  7.414E-01
  387.5000  6.941E-01  7.094E-01  7.137E-01  7.068E-01  6.889E-01
  388.5000  6.956E-01  7.109E-01  7.152E-01  7.083E-01  6.904E-01
  389.5000  8.770E-01  8.964E-01  9.018E-01  8.931E-01  8.705E-01
  390.5000  8.613E-01  8.802E-01  8.855E-01  8.770E-01  8.549E-01
  391.5000  1.022E+00  1.044E+00  1.050E+00  1.040E+00  1.014E+00
  392.5000  7.659E-01  7.828E-01  7.874E-01  7.799E-01  7.603E-01
  393.5000  3.329E-01  3.402E-01  3.423E-01  3.390E-01  3.305E-01
  394.5000  7.833E-01  8.005E-01  8.052E-01  7.975E-01  7.775E-01
  395.5000  1.008E+00  1.030E+00  1.036E+00  1.026E+00  1.000E+00
  396.5000  5.916E-01  6.045E-01  6.081E-01  6.023E-01  5.872E-01
  397.5000  6.825E-01  6.975E-01  7.016E-01  6.949E-01  6.775E-01
  398.5000  1.173E+00  1.198E+00  1.205E+00  1.194E+00  1.164E+00
  399.5000  1.220E+00  1.246E+00  1.254E+00  1.242E+00  1.211E+00
  400.5000  1.282E+00  1.310E+00  1.318E+00  1.305E+00  1.273E+00
  401.5000  1.319E+00  1.347E+00  1.355E+00  1.343E+00  1.309E+00
  402.5000  1.369E+00  1.399E+00  1.407E+00  1.394E+00  1.359E+00
  403.5000  1.253E+00  1.280E+00  1.288E+00  1.275E+00  1.244E+00
  404.5000  1.229E+00  1.255E+00  1.263E+00  1.251E+00  1.220E+00
  405.5000  1.276E+00  1.304E+00  1.311E+00  1.299E+00  1.267E+00
  406.5000  1.202E+00  1.228E+00  1.235E+00  1.223E+00  1.193E+00
  407.5000  1.211E+00  1.238E+00  1.245E+00  1.233E+00  1.203E+00
  408.5000  1.349E+00  1.378E+00  1.386E+00  1.373E+00  1.339E+00
  409.5000  1.322E+00  1.351E+00  1.359E+00  1.346E+00  1.313E+00
  410.5000  1.147E+00  1.171E+00  1.178E+00  1.167E+00  1.138E+00
  411.5000  1.378E+00  1.408E+00  1.416E+00  1.403E+00  1.368E+00
  412.5000  1.366E+00  1.395E+00  1.403E+00  1.390E+00  1.356E+00
  413.5000  1.324E+00  1.353E+00  1.361E+00  1.348E+00  1.315E+00
  414.5000  1.361E+00  1.390E+00  1.398E+00  1.385E+00  1.351E+00
  415.5000  1.302E+00  1.329E+00  1.337E+00  1.325E+00  1.292E+00
  416.5000  1.416E+00  1.447E+00  1.455E+00  1.441E+00  1.406E+00
  417.5000  1.295E+00  1.322E+00  1.330E+00  1.318E+00  1.285E+00
  418.5000  1.305E+00  1.333E+00  1.340E+00  1.328E+00  1.295E+00
  419.5000  1.348E+00  1.376E+00  1.384E+00  1.371E+00  1.338E+00
------------------------------------------------------------
Dose rates, W m-2
   1 = UV-B, 280-315 nm                                  
   2 = UV-A, 315-400 nm                                  
   3 = Gaussian, 320 nm, 10 nm FWHM                      
   4 = RB Meter, model 501                               
   5 = DNA damage, in vitro (Setlow, 1974)               
   6 = UV index (WMO, 1994; Webb et al., 2011)           
   7 = Previtamin-D3 (CIE 2006)                          
values at z =      0.000 km
Columns: time, sza, weighting spectra
time, hrs.  sza, deg.          1          2          3          4          5          6          7
   11.0000     25.451  1.567E+00  5.628E+01  3.473E-01  4.488E-01  4.367E-03  8.393E+00  4.072E-01
   11.5000     23.185  1.634E+00  5.759E+01  3.572E-01  4.693E-01  4.650E-03  8.789E+00  4.282E-01
   12.0000     22.517  1.653E+00  5.796E+01  3.600E-01  4.751E-01  4.731E-03  8.901E+00  4.341E-01
   12.5000     23.583  1.623E+00  5.737E+01  3.555E-01  4.658E-01  4.601E-03  8.721E+00  4.246E-01
   13.0000     26.167  1.545E+00  5.584E+01  3.440E-01  4.421E-01  4.275E-03  8.264E+00  4.004E-01
------------------------------------------------------------
